,Time,PPG_Wrist_G,PPG_Wrist_IR,PPG_Wrist_R,PPG_Finger_G_AC,PPG_Finger_IR_AC,PPG_Finger_R_AC,PPG_Wrist_G_AC,Pressure,ECG,BP_Sys,BP_Dia,SpO2
0,770.0153288030176,158559.2696692694,75543.96963169717,76147.32959605296,-962.4400526024401,-223.46961935311265,-140.95855132554425,1696.4068152793043,7.658022126905752,-0.1329366658211636,96,69,96.83663048842638
1,770.019339287535,158571.15633559215,75531.96596742637,76122.71447642392,-921.6806200798019,-211.07544068693824,-129.71514313769876,1688.1983946317341,7.537555987170831,-0.1245098540734301,96,69,96.83909940975104
2,770.0359263878311,158536.2534074274,75564.20614641803,76130.40358096662,-740.2447107470362,-155.1713947015669,-94.23403577541467,1635.8729530389246,7.435351740496191,-0.1166575249778144,96,69,96.84156298359233
3,770.0390245407335,158548.60510309105,75533.11581592404,76141.88345306682,-729.8293543775217,-154.55245871987427,-93.1499670499179,1631.1304756224854,7.350380991887927,-0.1095956083770088,96,69,96.84402117190275
4,770.0552874081068,158571.42623191612,75546.62936731949,76138.93611762184,-579.5326580156107,-111.14559528694372,-68.18304930362501,1581.9706960151962,7.277517026386797,-0.1013275294072347,96,69,96.84647393674769
5,770.0593197350406,158520.9246022775,75549.49154909512,76142.84301186503,-578.3496135636233,-115.89572660856356,-72.2012737285113,1574.972603821865,7.211462971120135,-0.1082267876180271,96,69,96.84892124030571
6,770.0758391798037,158529.08784836665,75564.07199761538,76143.80176435428,-444.3680498255999,-79.22103156756202,-51.33109456000966,1526.2730073086568,7.145309684939938,-0.1266094136769977,96,69,96.85136304486836
7,770.0789150432555,158511.71171801627,75547.37144150748,76151.00722946745,-458.86841553711565,-89.11728664359543,-56.79976475701551,1521.6091658240475,7.072760210909651,-0.1072302087836209,96,69,96.85379931284156
8,770.0952531612288,158503.51838190993,75539.11347666087,76141.08272041281,-327.9988272927585,-52.01032174252032,-33.06426576155354,1472.9562831082148,6.990354510024783,-0.0806249051539744,96,69,96.85623000674494
9,770.0992957842332,158530.37511468754,75570.27526492241,76129.19890027816,-320.4380355926696,-52.074003901929245,-30.106689196632942,1463.4993485980958,6.895575245437159,-0.0765382187632727,96,69,96.85865508921212
10,770.115745971942,158525.21482486225,75523.15658871815,76169.72978855239,-176.39139069541125,-7.020708217096399,-0.0,1414.6550882651063,6.790169510279108,-0.0647424486599269,96,69,96.8610745229918
11,770.1188094930379,158493.95119200138,75558.26989553928,76129.52634879113,-158.79606009786949,-0.0,7.301714177388931,1408.6487599965476,6.677063055746221,-0.0437338075428636,96,69,96.86348827094731
12,770.135225617871,158514.69045723972,75547.62253842836,76109.86024574113,-0.0,52.88228615357366,40.7094957481022,1362.6947224119795,6.5601460139553085,-0.030624138906052,96,69,96.86589629605712
13,770.1392662685556,158502.5035622758,75523.0418582005,76110.54785261092,44.69054591760505,70.11051964474609,51.86834998498671,1356.3779485895357,6.444075488756841,-0.0243411026536012,96,69,96.868298561415
14,770.1556477188672,158478.66547914018,75541.0269777216,76121.92780346956,210.82368137594312,124.95132541195198,84.42237106928951,1314.3498164825141,6.330463905824358,-0.0057743291482514,96,69,96.87069503023044
15,770.1587085043327,158492.200891221,75538.41157963427,76153.58444818028,252.55215056531597,138.83573827893997,92.68472862127237,1312.8343768656487,6.220465083051352,-0.0168191944031571,96,69,96.873085665829
16,770.1752043262502,158491.1915867394,75530.51559956187,76140.10991201863,413.3408293253742,188.03070953243878,122.48316299106227,1271.7588506047905,6.112384142635479,-0.0311052328113496,96,69,96.87547043165208
17,770.1792299768449,158472.18631473093,75549.90778743378,76139.69947168155,453.4388912207214,196.8702384570206,129.46250117220916,1265.8863331806788,6.003268104881381,-0.009438495334565,96,69,96.8778492912578
18,770.1955456925102,158451.2711252913,75514.79032987638,76150.16891868883,588.6135581521085,234.09339016958256,153.94230204613996,1223.2740869019472,5.891243414667663,-0.0138090618742797,96,69,96.88022220832084
19,770.1986123456936,158469.49496071297,75569.8933560015,76155.2041827913,593.7518883911544,229.71855052866158,153.6161971318361,1216.3338826723048,5.773963881186301,-0.0531853340710139,96,69,96.8825891466328
20,770.2151889839257,158460.6595844047,75537.09880352038,76153.6781775073,694.56344986771,256.1352461144852,170.04789947450627,1170.6167677099293,5.652530634056064,-0.0886453626867753,96,69,96.88495007010236
21,770.2191854986945,158457.77041881968,75538.88351322096,76136.33454270934,673.302628044039,245.42304045528,162.11643776413985,1159.1336308424943,5.529073439598058,-0.1262291493640108,96,69,96.88730494275558
22,770.2354416821764,158500.20789582384,75530.96151290457,76110.81664509133,734.0617686150363,262.21889967055176,167.80109007877763,1115.0131939261046,5.406846636121922,-0.1528150817396185,96,69,96.88965372873643
23,770.2385206429273,158485.21171114777,75560.71139232,76117.43402527967,677.6851665079594,243.25553316537116,150.4099646609102,1107.0250023200351,5.290331948004223,-0.1608182713485345,96,69,96.8919963923063
24,770.2551798189472,158452.17678902572,75531.85912624963,76136.50582245555,716.5508597139269,254.74939826808986,150.59358447254635,1064.1790688089677,5.181344751960569,-0.1691102163008908,96,69,96.89433289784492
25,770.2591307684305,158452.45887674805,75555.21348751457,76134.9829189164,654.4962138962583,233.84127871968667,132.9848450467107,1054.5121842509252,5.081461701967422,-0.1778531233086617,96,69,96.89666320985036
26,770.2753386000778,158489.78235189905,75566.82747127672,76150.09400318695,680.8744779964909,239.56667898304295,133.98997849336592,1012.7687845454784,4.9895390443879775,-0.166531707873233,96,69,96.89898729293914
27,770.2784315170894,158455.10488535234,75570.04388684583,76124.649935987,614.1135684604524,214.2787673636485,120.19870757311583,1002.5507926773571,4.903116081101917,-0.152156049823402,96,69,96.90130511184648
28,770.2951787811928,158482.01368141375,75543.28833285854,76157.22726258598,645.0724650109187,218.39213792759983,127.01461679473869,956.6859199232131,4.820978787739591,-0.1475168663468793,96,69,96.9036166314265
29,770.2990614282973,158483.21111020862,75553.21083985758,76148.98344043712,589.9551269292715,194.46677062581875,119.27037288062274,941.0298059757042,4.741902079301466,-0.1391733016140976,96,69,96.9059218166527
30,770.3152428515754,158472.44415474645,75566.82432165265,76132.60114622182,618.1614423218416,196.84441803801747,127.4707088546711,895.387181912869,4.669108568626389,-0.1316936966002712,96,69,96.90822063261764
31,770.3183379798595,158524.67547882546,75540.60359120455,76146.65885883379,561.8995521618635,173.47284305848007,119.21990368195111,881.7386637919117,4.608514749054086,-0.1263872701657683,96,69,96.91051304453362
32,770.3351951957881,158495.10094947077,75550.46035585938,76150.7973040009,592.9116243756143,179.37049500153807,125.9229231866484,837.8501519293059,4.569064816459779,-0.1174880801363456,96,69,96.91279901773272
33,770.3389615172975,158499.76834208312,75565.78812554588,76159.35667424495,542.8633871192578,161.8711182094412,115.94099622537033,826.6519615635916,4.562741742790994,-0.1065420314195242,96,69,96.91507851766696
34,770.3551809789069,158520.9597021409,75528.91159532318,76123.57727884185,567.9925911293831,170.40696853690315,118.72964523744304,789.3712895448261,4.599618769229759,-0.105389454629655,96,69,96.91735150990849
35,770.3581943766211,158512.05173636685,75531.76978386063,76149.44034497073,516.8137858096161,156.79866137274075,106.48748247884214,782.893849899905,4.68844293594087,-0.0976604539688252,96,69,96.91961796014972
36,770.3753297768122,158487.52551910197,75528.10953575495,76138.91146998064,547.7087084903615,170.3547105925827,109.37907377636293,745.2662266389234,4.831830979468457,-0.0898302039721787,96,69,96.92187783420368
37,770.3783938446816,158502.18368430113,75538.45581814344,76143.37378787377,502.49063870328246,160.17125792609295,98.28457716430421,736.8333676206821,5.025137610361181,-0.0868939755159066,96,69,96.92413109800415
38,770.3945687307158,158512.75028422978,75536.06241415172,76149.86486105621,529.8075454967329,172.3261135037028,101.35683054407127,698.1667833939428,5.257404376476564,-0.0844744522096624,96,69,96.92637771760558
39,770.3983280820481,158525.47486439103,75540.79039177764,76120.86579359409,492.98613670887426,163.0746295525896,93.33561648224713,683.2523217927373,5.509686618044925,-0.0867435723428304,96,69,96.9286176591838
40,770.4151920366913,158529.54035756705,75541.26904840601,76113.72309739192,522.6358341434388,173.59443408137304,98.95192091187346,639.2138112359098,5.76088149041557,-0.0822738802205144,96,69,96.93085088903553
41,770.4183300196635,158531.5360906235,75539.83756877095,76138.44250010581,483.50177647778764,161.53611438653024,93.11947261358728,621.9453412560688,5.989127130935422,-0.0745458669020999,96,69,96.93307737357924
42,770.4344668429994,158573.8399504382,75538.11604066988,76119.56376342518,505.467648512451,168.65660052775638,100.16602997120935,578.238233603508,6.176265582423737,-0.0751530718529845,96,69,96.93529707935456
43,770.4383430878071,158574.07399017908,75527.39667053291,76153.63360191918,469.64165762159973,158.13033992052078,97.48602054445655,559.1630231898162,6.312532487883248,-0.0771244537582787,96,69,96.9375099730234
44,770.4551036842797,158564.1495922977,75538.89462020496,76135.9228368924,491.99961269670166,167.13056739675812,106.06287011504173,515.8725940293225,6.395501071468477,-0.0877985976968454,96,69,96.939716021369
45,770.4582325833995,158571.40154688837,75519.84949829186,76110.32042081642,456.36325524712447,159.01296261153766,103.16321466088993,499.6194055460801,6.433138261742924,-0.0875207189440579,96,69,96.94191519129704
46,770.4743947991437,158580.37804962037,75516.94888033142,76159.15418882665,477.6974232978537,169.77440133604978,109.45968385378364,459.84185821269057,6.439585394866936,-0.0824683382381398,96,69,96.94410744983522
47,770.4783418945499,158627.93152154182,75542.10861974652,76128.34783492658,450.6082405598718,165.41088397873682,104.75749022295349,443.6999260095763,6.432278193008765,-0.0800996391229541,96,69,96.9462927641338
48,770.4950190535857,158616.90533541774,75535.94982766213,76129.2928665091,473.60383401374565,176.34560533119657,107.70987409059308,405.3048687010305,6.429479052903698,-0.0773126242669721,96,69,96.94847110146526
49,770.4981277726238,158623.22731677623,75527.03160481788,76123.8391390589,443.02758223423734,169.23781756017706,99.60076401827973,391.87815363696427,6.443729138530539,-0.0807994037092928,96,69,96.95064242922498
50,770.514337042305,158625.5216933482,75545.22376040315,76130.28565850182,456.66349799354794,174.88084703062486,99.78710224432871,355.691664157348,6.482373686865432,-0.078593333784378,96,69,96.9528067149312
51,770.5183335326526,158648.0168713486,75523.48991146388,76122.49179935151,421.87263883883134,164.2194573496672,91.7946773985168,340.53083772119135,6.544267747701113,-0.0709825881254614,96,69,96.95496392622478
52,770.5349313047598,158636.55863946807,75521.26801040367,76142.17293031196,424.72349132818636,165.09602372570953,92.33387778024189,303.3408254937676,6.620774389762508,-0.0778328645222156,96,69,96.95711403087
53,770.5380218236032,158646.70684660264,75534.17531064531,76129.35610351642,379.33034856489394,150.97657275221718,85.29624549634173,287.88601765874773,6.69933158188311,-0.0726856783175285,96,69,96.95925699675416
54,770.5542894564451,158684.6287917146,75543.5868476973,76132.46766500975,373.25436185346916,150.06816581627936,86.70572085361346,249.94678863085574,6.763533263115362,-0.0603256043784199,96,69,96.96139279188812
55,770.5583197899148,158667.62324035098,75536.51706473791,76126.99610713252,329.44409827212803,137.90793940950243,81.28777914255625,231.3417893004953,6.799560409391115,-0.0662873976724166,96,69,96.96352138440598
56,770.5748385888614,158702.11415893442,75528.6581735791,76129.01762921618,321.48851284355624,137.14250514353625,81.96462924321531,192.89327092343592,6.796969326092365,-0.0912153528498593,96,69,96.96564274256578
57,770.577917592818,158717.01534335132,75543.85575781882,76146.54324693391,274.700198326027,122.8268642500916,73.76748238349683,175.80023307004012,6.751115549697482,-0.0918034024201387,96,69,96.96775683474908
58,770.5942501293752,158723.5681642986,75534.0890111142,76140.04574672888,258.5257474196842,115.60226521566801,69.13260435836855,139.02502341428772,6.66556607614889,-0.0871402090189038,96,69,96.96986362946129
59,770.5983007893436,158731.08367060265,75538.76906210897,76117.81110632027,202.9340863424586,92.32969879164011,54.668673642969225,121.49299810812226,6.548641721607708,-0.0836353067841091,96,69,96.971963095332
60,770.6147405101391,158733.11301602324,75552.89297399034,76143.21083546874,166.90314605023013,72.10307010520773,42.07714133916306,86.36346086263075,6.41479891112859,-0.0732833889770857,96,69,96.97405520111468
61,770.6178168735374,158747.4546213118,75541.62187693076,76120.10652891903,91.95153854310047,38.435448912132415,21.80998659488978,71.52235042190296,6.279938503350419,-0.070523244076217,96,69,96.97613991568733
62,770.6342177564777,158761.05086476236,75528.34605747591,76122.51617643211,46.44308513647411,16.912764864377095,9.237388983747223,39.075505210028496,6.158855060716585,-0.053860170517159,96,69,96.97821720805209
63,770.6382761477211,158783.75980069465,75524.40509541155,76129.8981737881,-8.33038994850358,-0.0,-0.0,26.258142917242367,6.064344071492791,-0.0383388593443722,96,69,96.98028704733564
64,770.6546372926035,158759.90526555767,75544.79433128751,76132.556564672,-0.0,15.186415236603352,10.550942541944096,-0.0,6.002556473116758,-0.0623748518806486,96,69,96.98234940278928
65,770.6577209787483,158764.91612668076,75534.76118006442,76110.60906000952,48.40787751256721,57.63926795189036,38.005408176075434,-3.7112054774770513,5.975563533346411,-0.0617341214459726,96,69,96.9844042437888
66,770.6741912003222,158802.9439404256,75522.03257943974,76127.7411052681,207.42342267429922,149.31965575108188,95.2034761167306,-19.615655950154178,5.979932403953063,-0.0612017392114336,96,69,96.98645153983512
67,770.6782453441352,158752.27058396558,75516.58605285667,76125.42782893444,446.5772131726262,276.4656368835422,173.4360104346124,-13.412159450468607,6.00858192409276,-0.0912516121034805,96,69,96.98849126055376
68,770.6945294955385,158739.24107730662,75532.38523884618,76116.14385754138,803.8432395660784,444.4841870336095,275.25268308244995,-17.040973923780257,6.054592031564696,-0.0899091141164691,96,69,96.99052337569545
69,770.6976309311094,158694.97464334872,75515.61492989771,76112.43309344938,1224.400589211611,627.877011463599,384.88642909782357,0.9431718606501818,6.110300355482584,-0.084787910052997,96,69,96.99254785513592
70,770.7141693415798,158703.7851256015,75526.29403052726,76104.89536748288,1713.4860660562408,821.2463926838536,498.96314273570897,6.680720781499986,6.171904464983729,-0.0934401443160747,96,69,96.99456466887608
71,770.7182078725702,158669.23402426907,75517.82246906795,76105.63368092729,2198.3008733426686,996.5962574047007,601.1830629070464,30.779517450428102,6.238067231330381,-0.092496600762911,96,69,96.99657378704244
72,770.7344178863376,158624.53365636102,75501.32019664743,76122.03033688605,2668.184675994271,1149.400176433337,689.7236900226562,42.84854063738021,6.309833128973923,-0.083778124396102,96,69,96.99857517988625
73,770.7375475338246,158604.86997825417,75510.51911206455,76105.4443697055,3063.4599977179896,1262.5858398667333,755.401595409814,71.46482442392153,6.391428374795102,-0.0976701848151866,96,69,97.00056881778497
74,770.7541510263399,158575.4906468799,75503.42435604615,76102.00710575789,3390.085947512591,1342.6695524483366,802.8623763260548,85.253707191383,6.486054654486133,-0.0960992473359996,96,69,97.00255467124131
75,770.758163318864,158557.44032093132,75497.52298018837,76095.44590787818,3618.630814431992,1385.4599079268228,829.7206127320242,112.52292081346968,6.597890382308359,-0.0148449332443929,96,69,97.00453271088364
76,770.7743033675494,158494.3863857916,75504.51693459363,76102.72135574925,3775.1514610289596,1404.3713198426121,843.39285228675,125.00779123374377,6.729458761115584,0.2155345114057044,96,69,97.00650290746644
77,770.7774713999929,158466.45579069294,75501.39453934347,76096.08046019086,3856.4020345299505,1401.7586978629988,844.0546043687209,148.98998944475898,6.881629204246483,0.4301422866706165,96,69,97.00846523186938
78,770.7941350510039,158466.950736161,75505.30261050732,76089.48459802373,3896.191943460959,1390.585897735902,838.0613328630279,156.0904884765623,7.055688692757668,0.0426025361990746,96,69,97.0104196550987
79,770.7981114064344,158438.17059383116,75478.62823393676,76100.97410441455,3896.758528012957,1371.8269409196655,824.8811569036625,173.60375673827366,7.250768007834883,-0.4322287359138155,96,69,97.01236614828652
80,770.8141869240455,158396.67986392084,75475.1912139627,76092.19709704124,3881.6480783086736,1352.7437447650009,808.582508613792,176.95062754800892,7.467225540511004,-0.1991594812900955,96,69,97.01430468269074
81,770.8174029679934,158410.8618615215,75478.15356214043,76082.49268325436,3849.9892700901255,1331.8166504338733,788.9208120454277,191.90841991384514,7.704747536229687,-0.0921800240805021,96,69,97.01623522969597
82,770.8341201626366,158399.28019646482,75507.85340919648,76104.23216529097,3813.7881917721243,1312.075839892801,769.2913616516744,193.80551239979104,7.962170260236839,-0.1512947584368928,96,69,97.01815776081268
83,770.8380520278249,158365.14125953236,75478.1641884632,76114.7147858803,3771.0000935145654,1291.5506844224437,750.4302378553839,208.48719789853203,8.238935403847638,-0.0965956665996796,96,69,97.02007224767772
84,770.8540695764725,158326.6095029781,75491.22061498006,76105.60234079772,3728.001099276298,1271.713107205287,735.0130709155637,213.00851892624632,8.531755696515003,-0.1114739959367847,96,69,97.02197866205458
85,770.8573425151282,158325.55517381444,75499.91224175318,76098.62623801231,3687.837595403078,1252.491576053726,723.9627364467015,229.99559405096807,8.837613018319036,-0.1080843343192624,96,69,97.0238769758334
86,770.8741050639017,158306.7495087025,75470.67728887072,76097.22256978638,3653.492824359273,1234.6557355807017,717.7257540216378,235.57323701970745,9.152164403566864,-0.0906284605071386,96,69,97.02576716103044
87,770.8779852710235,158283.9421790898,75504.41061977462,76080.16657404393,3630.3233786729397,1219.2620908311364,715.7685841108905,252.29691068953252,9.470360212107916,-0.0887624291163622,96,69,97.02764918978878
88,770.8939523333868,158267.60336881768,75496.67757873744,76074.99765545104,3613.6869709033635,1205.2995671814715,715.7078870668483,258.09858006986906,9.789120216649607,-0.0780953232614787,96,69,97.0295230343784
89,770.8972901773966,158246.06315376528,75481.42526519625,76103.75809492507,3606.496364111721,1193.8329822226515,716.1432443422964,273.1664201809326,10.105068843340495,-0.07308968675655,96,69,97.03138866719593
90,770.9140884145593,158224.56099752372,75474.29973269098,76110.85263560369,3594.43283175712,1181.585263891291,713.602588494221,275.5917109117727,10.418128061255665,-0.0777277808241778,96,69,97.03324606076488
91,770.9179114479471,158235.7025050798,75507.1816861919,76097.92404726433,3581.222152688657,1170.3106451190833,708.3193539214262,286.2020171195909,10.7298537799874,-0.0707829449427447,96,69,97.03509518773568
92,770.9338361346238,158203.63136821208,75492.69220552912,76105.4697185257,3550.4846304382663,1156.0930590909556,698.1597878429166,284.93516151429503,11.04308144094061,-0.0586611849770089,96,69,97.03693602088582
93,770.937245984194,158196.6137824983,75483.94960616488,76096.66990841413,3513.2809114980046,1142.4537946295604,686.0454363964091,290.6058586529107,11.363076016754668,-0.0628086368288335,96,69,97.03876853311984
94,770.9540688190043,158206.22531317902,75513.42911543863,76073.68409854909,3456.6144316912396,1125.5400432335446,670.9865362877608,283.9067385989765,11.693334144523702,-0.0739443824404135,96,69,97.04059269746948
95,770.9578311365091,158189.3529356104,75481.95441280006,76111.32301986443,3403.0631705264095,1111.2149184993905,657.6958623849496,284.90276732167695,12.037334326105174,-0.052355210173599,96,69,97.04240848709335
96,770.973721773072,158172.44253849468,75513.21832498937,76101.15391017048,3342.344482019136,1095.485725605322,644.8774074691173,276.5237413227733,12.395662059899868,-0.045952977404046,96,69,97.04421587527786
97,770.9772099241751,158178.22591289238,75521.57280308408,76087.64037814645,3300.30694860575,1084.8784514578,637.0293826284469,277.49989530679886,12.765284045409052,-0.0497512309177223,96,69,97.04601483543638
98,770.9940447794905,158182.41299962226,75514.93571400022,76107.04476089997,3261.099857545574,1074.0652104140463,631.2856340949656,271.7022252957686,13.14155256342866,-0.0407747467540016,96,69,97.04780534110954
99,770.997745260883,158181.2765705862,75478.61648458063,76102.63707176482,3250.142105522682,1070.374694846294,631.8042991658149,278.1364515690948,13.515802039129792,-0.0338207515644902,96,69,97.049587365966
100,771.0136097644979,158167.8431102092,75477.65596414429,76093.95926872615,3243.431772819662,1067.1348450590158,634.0837968570995,280.5989710491558,13.879478944759027,-0.0150447271268597,96,69,97.05136088380144
101,771.0171820814822,158162.03375699883,75478.95320469447,76103.53526971172,3261.6793930532876,1071.1639865517209,641.1629756925977,294.23728867800673,14.2237074636698,0.0052482066527504,96,69,97.05312586853906
102,771.0340145636591,158110.51318667445,75511.28393861452,76088.05200824917,3273.9681809379254,1073.9785790867463,646.7974118847633,301.49900274391985,14.540280180146842,0.0153219004776264,96,69,97.0548822942299
103,771.0376552764187,158108.30206288872,75504.99239887901,76102.18759410449,3303.4745317223715,1082.7366237359238,653.9819071106904,316.54171697827405,14.824441103269807,0.0169540931472045,96,69,97.0566301350529
104,771.0535000784031,158085.68182954547,75480.19090734591,76090.02847209429,3316.8518413297134,1087.3207756189222,655.9288517416862,322.16250572449644,15.072041773395608,0.0211012231479966,96,69,97.0583693653143
105,771.0571629596486,158057.1917021448,75460.07040477406,76117.87718223412,3338.1367850383394,1094.164639936207,656.3928215919586,331.400603781658,15.28226970750062,0.0143109790912672,96,69,97.0600999594483
106,771.0739758260643,158108.09197176096,75471.97523928425,76100.04352398064,3333.1630203005043,1092.1716071384726,649.6962565804424,329.4901316014584,15.45536402795017,-0.0255736886977556,96,69,97.0618218920171
107,771.0775636803388,158064.82879633977,75494.41681596592,76092.12669579311,3332.034543643589,1089.4113411741127,642.2311509241117,331.86466959599056,15.591636417287129,-0.0722143913012232,96,69,97.0635351377108
108,771.0933914190853,158066.34602450786,75490.37632042686,76109.01238032588,3299.9061823156662,1074.957854121967,629.4186984471453,325.89975544277695,15.692809964866386,-0.0912074507736481,96,69,97.06523967134709
109,771.097154441012,158088.17073560116,75492.01772921061,76081.62440752663,3267.7160080047324,1057.8913302821456,618.1641007299768,326.0518016324786,15.758361777426842,-0.1244457893578255,96,69,97.0669354678724
110,771.1139243220465,158054.5697831225,75444.89396044647,76109.16683658243,3201.16317462438,1028.278836285128,603.2404867088771,320.33383299660636,15.788194859989526,-0.1424568041114316,96,69,97.06862250236038
111,771.1174758523443,158063.62167272388,75457.96403222214,76071.54440867776,3138.1498572248966,998.0107830659836,591.2105386687617,322.5919247449492,15.781054727060166,-0.1421303939087245,96,69,97.07030075001356
112,771.133278480162,158038.55153824366,75481.66738328768,76089.98850743487,3044.956623265869,957.8805754543573,575.1354343720595,319.92848855105694,15.73463639779401,-0.1543216185043701,96,69,97.07197018616236
113,771.1371639672948,158068.7891376997,75475.98630907161,76097.12629483148,2960.5140666688676,920.4577444655733,560.4840060946881,323.47830416230136,15.648346180132712,-0.1497996726557296,96,69,97.07363078626511
114,771.1538472370049,158055.3523840648,75503.20780054967,76082.38717663419,2851.9199727722444,876.9231324020075,540.2503556412994,320.5683764589776,15.520948029440856,-0.1321390916759019,96,69,97.07528252590916
115,771.1574115644747,158035.39029257413,75491.84115823478,76095.18947226065,2762.0540735165123,840.8694765982655,521.546833960223,322.4965767892718,15.35416342683454,-0.1320224401774996,96,69,97.07692538080948
116,771.1731298669495,158039.09270756494,75477.47655966986,76092.29802835279,2654.426242387679,801.8986309557513,498.3274416195927,317.3973643157515,15.15147325984307,-0.1161288728835429,96,69,97.07855932681012
117,771.1772551828698,158017.8711230629,75477.98688097442,76079.61669463229,2567.682790298946,771.4866690537747,478.4024627224135,316.1208346383355,14.91775296868831,-0.115592718476126,96,69,97.08018433988283
118,771.1935396798689,158061.59386372715,75486.65477621116,76091.7992185272,2464.464345694869,737.9806205496716,456.1573504394619,309.0103104908194,14.660971722696525,-0.1293589205917613,96,69,97.08180039612866
119,771.1966115644695,158032.7565040308,75483.73504186443,76083.44303876141,2385.6094282089616,712.702863093742,439.3092006579391,307.8019741389435,14.388291233278007,-0.1115438818882971,96,69,97.08340747177655
120,771.2131953917615,158057.0491640209,75490.51814747525,76082.70488677059,2286.969629117637,681.7315842162061,419.8471178468026,302.1380082296673,14.108088467271056,-0.1041171832812958,96,69,97.08500554318438
121,771.2171786816532,158056.6548860186,75473.53028003399,76078.11250040047,2211.09771526017,657.2470487825922,404.58188768304535,302.9058303356578,13.82768127354364,-0.1035998590722909,96,69,97.0865945868388
122,771.2334505560049,158010.30194787806,75467.34283858768,76071.31806205203,2115.983963279228,626.794210925058,385.3324111427064,299.71142392457114,13.552517612348122,-0.0941566333159286,96,69,97.0881745793549
123,771.2365135464507,158055.26625794105,75481.16865856732,76107.69201323642,2044.3002357624937,603.5112726162915,369.34469656666624,301.5489873593615,13.288335524441775,-0.0817076038890947,96,69,97.08974549747651
124,771.2531873371448,158000.5303366906,75487.87433191441,76100.49857320632,1950.576394779957,574.6327144063544,349.0152532038337,297.02219192578923,13.03826059430548,-0.0799422881196982,96,69,97.0913073180767
125,771.2571265136143,158041.65637746357,75479.2102071044,76080.13157418395,1880.2037539518205,554.3034547227289,333.4439532580436,295.0770140817913,12.80598270027905,-0.073643242342976,96,69,97.09286001815695
126,771.2733419486887,158028.2858632324,75459.78903188628,76094.59041886176,1790.820697258343,530.376823967672,316.4728508857952,286.077269355068,12.594421047974864,-0.0792351345748313,96,69,97.09440357484787
127,771.2764326324816,158064.9313681755,75476.03297917353,76096.40271661771,1726.9064944222337,515.9332469544024,306.977551674383,279.37901365966536,12.405129855410584,-0.1005886241936348,96,69,97.09593796540906
128,771.2931753796545,158038.9933097888,75453.55664959773,76091.06706413103,1642.498573882447,496.7691938820499,297.1022267556982,266.23379371338524,12.24011213867514,-0.0901938030427016,96,69,97.09746316722908
129,771.2970711040094,158039.9218451771,75482.88363306443,76073.37711694239,1583.9367066433188,485.54038294889324,294.3246285688656,256.76886387213017,12.09810297260033,-0.0795345206943271,96,69,97.0989791578257
130,771.3132286448554,158085.91945777918,75471.34129149931,76081.32346775757,1507.604488676181,468.247028228041,289.466852101119,243.26805715975934,11.97694136125054,-0.0859036269936264,96,69,97.10048591484556
131,771.3163612958999,158075.38648278225,75492.84861879547,76072.87725115784,1457.51364426472,456.9919998006808,288.4483044175431,234.75209140928928,11.872000304629212,-0.0849322545996897,96,69,97.10198341606464
132,771.3331632566523,158093.74559088558,75486.78980536063,76103.08249848956,1386.7724258300732,437.6480697921361,281.37041121243965,222.567424725421,11.776036213427236,-0.0730205802605913,96,69,97.10347163938826
133,771.3370090310707,158065.29840657202,75469.20894316853,76099.85681919356,1341.0173438870115,423.87976449672715,275.27055202351767,215.062053003232,11.682339795444705,-0.0700689506091273,96,69,97.10495056285092
134,771.3531139686434,158091.9923218475,75457.26862507184,76095.86208925059,1275.1795881213038,403.1175923080591,262.1099206850631,203.72421524251695,11.582800705720686,-0.0613617838606154,96,69,97.10642016461654
135,771.3562981509175,158102.1740486066,75485.6249294365,76086.77384969055,1231.3112879676046,388.4320875240519,250.02292303697322,196.07143116302905,11.472024424554997,-0.0632987301761787,96,69,97.10788042297835
136,771.3731509131238,158111.70599518847,75475.49770159174,76086.6002768699,1161.8793464861228,366.44543015849194,232.03797448292607,183.72345385907101,11.34702046517982,-0.0743897619881672,96,69,97.109331316359
137,771.3769394241652,158117.65494251132,75463.99648559275,76092.46998961772,1111.7191521393834,350.3946140668995,217.64531896382687,174.94868686713744,11.20722176298304,-0.0614127707525043,96,69,97.1107728233109
138,771.3929996927517,158123.71273708777,75474.27964696065,76103.81132094911,1037.2801691305358,327.39403181245143,200.67210655435338,162.4197483402968,11.056779682490118,-0.0546110644872463,96,69,97.11220492251572
139,771.3962427038173,158109.40486336593,75504.88484128981,76104.28626285,981.9283526240615,309.7562312548689,189.60044834695873,153.9987788941944,10.900757691646088,-0.0588031688017512,96,69,97.11362759278508
140,771.4131375458518,158171.54799866094,75482.70236428926,76106.71208915272,902.5945819086046,284.77567114341946,176.96349704364548,142.13099761732155,10.746792620812649,-0.0528344389016672,96,69,97.11504081305976
141,771.4168621206964,158142.89834652995,75497.77726844694,76108.14562807344,845.5488793113618,265.8500370019756,170.00672010105336,134.5620443795924,10.602383263187583,-0.049807353665641,96,69,97.11644456241092
142,771.432887191711,158151.98413840288,75453.59436137242,76098.11306317094,769.0452034244663,241.00237641746935,159.9321061539522,123.53512067330303,10.472909221482986,-0.0570569833856224,96,69,97.11783882003918
143,771.4361945715484,158128.71345599336,75484.57748254655,76095.32055190114,712.3881634403369,221.5529434777418,151.80932859363384,115.61438542569522,10.362944314438415,-0.0564352795431925,96,69,97.11922356527496
144,771.4531221636024,158178.72584855955,75493.43282857737,76106.34372278488,629.2822933863499,193.9249830909248,136.13400003765128,102.6400026930205,10.272553327744353,-0.0466190250340751,96,69,97.1205987775787
145,771.4567772900208,158204.5295952094,75463.86225235618,76106.26024099154,557.5457123350934,168.51861806995294,118.83583839473431,91.66757739582681,10.20013194598889,-0.0526107613243752,96,69,97.12196443654086
146,771.4727776824743,158180.40357382325,75483.44100975743,76119.0645984884,452.5782906866516,132.3295226162445,92.70770340936724,75.3144250609621,10.1417980776915,-0.0406327416492574,96,69,97.12332052188177
147,771.4761532923118,158197.32131640564,75463.14802260944,76098.07358247128,352.27116681530606,96.64577004511375,65.98607552255271,60.921641143911984,10.091815324304928,-0.03543604585723,96,69,97.12466701345204
148,771.4931037564742,158207.2417311096,75480.02325142013,76080.25800932813,222.64946807263186,53.54834000275878,35.41338515168172,42.102751347236335,10.04630931566169,-0.042007768295162,96,69,97.12600389123229
149,771.4966853190797,158236.57208302058,75473.88647529372,76096.2093948051,118.08211958903121,21.483195012653596,13.367896175914211,27.789730694465106,10.001340088534109,-0.0383767671199037,96,69,97.1273311353334
150,771.5126722811914,158228.1469841043,75500.40290106517,76085.55425786953,22.96793619991513,-0.0,-0.0,12.602855085599003,9.956546495429157,-0.0321858578937461,96,69,97.12864872599664
151,771.5161182706414,158270.45573180597,75456.00448344395,76103.87127268959,-0.0,10.459838418915751,7.992336180002894,5.285291475796839,9.914315761186062,-0.0160959658645552,96,69,97.12995664359352
152,771.5330813702187,158262.13787399064,75469.07289355696,76100.5176884262,39.08565092837671,52.3433492223412,36.10128232394345,-0.0,9.87882778748036,-0.0037641830221619,96,69,97.13125486862604
153,771.5365867625947,158234.2227588446,75494.58551244743,76084.18766871035,195.897918873874,140.77931031883054,92.44015514530474,5.003759747633012,9.85771686780908,-0.0234047523360115,96,69,97.1325433817264
154,771.5525720111846,158225.8764178994,75482.28320806619,76078.39874208493,441.29328023456037,264.2415845334035,168.92544613173231,13.065377777733374,9.85770751920077,-0.0291644432770249,96,69,97.1338221636579
155,771.5560887633885,158198.49101475716,75471.39345999593,76096.64229095652,796.6005922507611,422.3827883195627,264.79685897173476,30.608049022383057,9.885950309244343,-0.0373225847206143,96,69,97.13509119531378
156,771.5730541511681,158210.6963949282,75470.40906979472,76095.55692835312,1202.6045214763144,591.3125834236707,365.4059228452388,49.322005749621894,9.94758480813944,-0.0492622412481227,96,69,97.13635045771852
157,771.5764823103405,158164.98544226633,75475.89717374193,76096.26022261418,1655.7008418975165,762.6490206100716,466.2309708126704,75.73302048695041,10.044016967361362,-0.0628613447853441,96,69,97.13759993202702
158,771.5924777975924,158134.85231795473,75479.17646170374,76100.73464767536,2084.7746454117587,911.7917443384649,553.010625319439,101.35237454951857,10.174998416442271,-0.0737589499011551,96,69,97.13883959952518
159,771.5960638802471,158066.61288291233,75472.78125395073,76078.61559232413,2483.9930982276564,1034.9593353928212,624.3330286124547,132.5711768239853,10.33564941859566,-0.0674089121797708,96,69,97.14006944162976
160,771.6130213809796,158080.6308026552,75497.59772792496,76105.4376728513,2799.5714367969777,1118.9332328674209,672.5397671469254,161.22353560230113,10.519876474234874,-0.065766164312441,96,69,97.14128943988824
161,771.616372756598,158041.10107723295,75489.85362024406,76074.92358209295,3049.6005672832835,1172.3035355314787,703.0319409442309,194.60182714898838,10.72039804344209,-0.0585731723606381,96,69,97.14249957597958
162,771.6323904612082,158013.36280859698,75456.11079680348,76113.57497493362,3206.1841056530247,1192.891650057485,713.9743368252239,224.1582399184117,10.92918152889474,-0.045673519908359,96,69,97.14369983171343
163,771.6360425887922,157964.84578088715,75473.97212725901,76094.05282649845,3304.547636948875,1195.0068785347394,713.5912644950149,256.45208132179687,11.141137605607906,-0.0505904882744489,96,69,97.14489018903092
164,771.6529825088122,157931.04852086646,75457.66885862565,76093.62235556068,3332.759629887005,1179.455627782736,701.6491956888931,282.5199855279061,11.351768577769004,0.0795100651339656,96,69,97.14607063000436
165,771.6562589651771,157904.54603960054,75447.97893408657,76093.73395415707,3332.3672848438728,1159.0359531706054,685.8166192026401,309.6247396301478,11.560107972386158,0.372450173947505,96,69,97.14724113683717
166,771.6723107182991,157875.98182050514,75430.33493869318,76066.58753515071,3292.137483324448,1131.3375163284509,664.6029617998865,328.9148356632213,11.767384476312284,0.4013631198293586,96,69,97.14840169186458
167,771.6760237175787,157856.1159848949,75457.20859123679,76061.8514725945,3246.7414249013527,1104.4788203720818,643.644048095477,348.49166213392164,11.975316408342918,-0.1845183911134974,96,69,97.14955227755316
168,771.692937186584,157831.03065045024,75441.71520199621,76112.42848832539,3182.560741165653,1074.1540055656951,620.875369911053,360.93582588716527,12.187525609905869,-0.4055401471598957,96,69,97.15069287650086
169,771.6961418241108,157854.4883383101,75469.0462666809,76088.58701992132,3129.6695863253553,1047.2671479077253,601.3943727970473,376.38954226020724,12.405122332180612,-0.0840598333238084,96,69,97.15182347143772
170,771.7122391936168,157805.02527247948,75458.86649916219,76082.40633970985,3071.0810059552314,1019.8717482014908,583.0513436764886,387.39505335121066,12.628220469462212,-0.1120909546753018,96,69,97.15294404522508
171,771.7160059490278,157807.2392795302,75467.04367797627,76100.76694556148,3030.6095312146354,998.5300236801559,570.10587795233,403.5341682472208,12.854211416466685,-0.1104595899416923,96,69,97.15405458085638
172,771.7328853158895,157769.5494916799,75443.52575099164,76063.70769663255,2990.4798745319713,980.0568604413129,560.0755988528836,416.31200627755607,13.076586452215109,-0.0841514935562799,96,69,97.15515506145704
173,771.7360221799136,157766.45496825883,75459.00306373225,76109.12686213896,2970.8183698959765,969.8874910307641,555.853798566357,434.763092932757,13.28789691191746,-0.1020053673535815,96,69,97.1562454702841
174,771.7521764598837,157721.5881837387,75427.64848557282,76080.06309343159,2950.8204934624955,963.2004415090196,553.5607451251126,448.3848039009026,13.477528316427396,-0.0725005057860882,96,69,97.15732579072716
175,771.7559877857307,157712.36862279256,75461.59779773037,76102.18565517518,2945.059163220576,962.339363022038,554.3345269148413,465.40532889100723,13.635688978598411,-0.0800570805052293,96,69,97.15839600630788
176,771.7728271263192,157706.69986869654,75455.79394052917,76075.40596507434,2932.9678942567552,960.9783406955976,553.9992657240073,475.5090487812413,13.754143563503286,-0.0692392796322901,96,69,97.15945610067988
177,771.7759007266318,157696.10736222225,75447.56760082586,76068.9719624903,2927.591447862331,959.849943882582,553.6180580831715,488.5576376763638,13.826832758045237,-0.0622662259877372,96,69,97.16050605762948
178,771.7921231364448,157674.55803700045,75456.31054048674,76095.5327241846,2909.1697590755066,952.8972982893465,549.9156489710149,494.3094908190833,13.853755191128808,-0.0689777753571022,96,69,97.1615458610755
179,771.7959674471371,157673.69976745872,75472.42861292207,76060.60705433872,2890.53028071922,941.7793355453614,544.8158370963356,503.5380479051382,13.838370421557494,-0.0518385382496958,96,69,97.16257549506908
180,771.8127633409416,157643.29874914046,75462.98219291553,76095.84067126754,2857.4121314289514,923.8186256411136,536.7751524037449,506.7933814722346,13.789833944173123,-0.0415368923494012,96,69,97.16359494379422
181,771.8157777751534,157643.74437276466,75456.39551604695,76101.7808059058,2825.6807264265954,903.5632937884366,528.6435419174377,515.9712143558136,13.720923813623273,-0.0394191999943195,96,69,97.16460419156748
182,771.8320801497515,157649.07493954385,75477.32210202813,76096.57716143069,2785.005629847292,881.3972093913762,519.6626305874088,520.1808841886523,13.645091201532155,-0.0448111030937438,96,69,97.16560322283844
183,771.835942553472,157620.3428059791,75479.0115617521,76098.7763074853,2751.7896088113775,862.8866858788242,512.4868091356184,530.7112430171401,13.57691237002487,-0.0475779705301417,96,69,97.16659202218958
184,771.8526956317858,157618.06944294844,75443.70822629171,76076.6588993144,2718.3937582350336,848.7865606113191,506.36022990805213,536.0603640823392,13.526825993091103,-0.0498783812301579,96,69,97.16757057433652
185,771.8556526071266,157582.81938622208,75446.8131567228,76062.68030787175,2698.900361413893,842.4156566310849,503.0531823578349,547.7784725508245,13.5020379002869,-0.0412885280574837,96,69,97.1685388641278
186,771.8720496018736,157599.41184668444,75428.42608507501,76083.52481312984,2683.4132338079507,841.942749684793,501.20277612362406,552.6879545700212,13.504838752023938,-0.0366392485693539,96,69,97.16949687654557
187,771.8759088981755,157563.51935769423,75450.46600513005,76055.7823757474,2681.264672773017,847.2825610405562,501.6640317084093,562.6910711366218,13.53143340069195,-0.0487962115153965,96,69,97.17044459670512
188,771.8926285122202,157544.67302436454,75422.06812824844,76078.70724915722,2681.5144896084676,854.8898767088831,502.92664742984925,565.4153654512775,13.575310815172966,-0.0238989788798185,96,69,97.17138200985512
189,771.8955204023175,157566.95870117153,75442.83054528158,76051.92013760204,2690.026553154108,863.240252436226,505.2743563243712,574.4223940540978,13.625323150903544,0.0101687806646131,96,69,97.17230910137827
190,771.912040127635,157539.2528845369,75418.65098961098,76053.5710617518,2694.900235742447,869.3090388769779,507.10456113281543,576.3208567573456,13.669766658277702,0.01475448887148,96,69,97.17322585679052
191,771.9158495420926,157541.78435867795,75453.54386892314,76039.90997782351,2700.1997159993043,872.2825588249107,508.2934154915274,585.2188413556432,13.697412341720977,0.015225130221202,96,69,97.17413226174192
192,771.9326008352679,157539.26526888573,75459.36037456128,76078.25747555748,2696.245496431482,871.072581084285,507.50933015855844,587.6450207113812,13.698114075170306,0.008527029711388,96,69,97.17502830201636
193,771.9361676965133,157483.765057697,75450.59572828547,76063.76646195553,2687.0995349772274,865.8423545403057,504.6239081318199,597.6283353938197,13.667060909112788,0.0131295968328293,96,69,97.1759139635318
194,771.952000793542,157489.1640430436,75441.67942377871,76090.08851186703,2666.1183154910104,856.8279950700962,499.07238734082785,600.5098638455092,13.602611965654615,0.0102877863414076,96,69,97.17678923234024
195,771.9557962138105,157492.08037050665,75436.30168927296,76084.58253067579,2637.747725151363,844.2526850746362,491.2244544259738,609.5639949995384,13.508898842228463,-0.0157475881237884,96,69,97.17765409462812
196,771.9725872805291,157465.79247548518,75440.02719773308,76055.47183732473,2598.0523522637086,828.7172307160072,481.4300771767448,609.6014341741684,13.394293396064606,-0.0623133327362966,96,69,97.17850853671632
197,771.9760365111069,157482.40260073353,75432.61818664284,76078.67028529668,2551.515455132525,809.8378969623591,470.23960516863735,615.9566870740964,13.268404096359308,-0.0879460563606746,96,69,97.17935254506024
198,771.9919340593615,157475.230521299,75434.86500490455,76063.83158973698,2495.3873582318774,788.3648416581709,458.1963872355118,612.7087765937904,13.142419995032755,-0.1039651681075303,96,69,97.18018610624972
199,771.9957633607944,157435.40376560987,75425.81322792078,76057.31770069778,2433.03071913257,763.5803081627964,445.37039653622196,615.2164637270325,13.023473400343484,-0.1284234608696934,96,69,97.18100920700977
200,772.0125556514977,157453.81307708647,75437.17500892404,76061.53259912247,2363.418897253985,736.7259370178363,432.20205053919926,607.632907007006,12.915117142090825,-0.1361522598948019,96,69,97.18182183419982
201,772.0159103201969,157439.6743288893,75434.9923372573,76048.09904243959,2289.993857787631,706.9981069559144,418.3921632366546,607.5747998578881,12.81587556168281,-0.1270125067580424,96,69,97.18262397481476
202,772.0318685912071,157474.0714070336,75424.63696423959,76045.56104059124,2213.7213402608177,676.461394037382,404.664291920315,598.0617631000641,12.718538713007945,-0.1258822483535861,96,69,97.18341561598452
203,772.0357375517556,157447.76421139413,75464.94570823989,76072.99588372718,2137.520640458388,644.5725345739338,390.7222869632824,596.4404676675331,12.61475456223456,-0.1185458219852897,96,69,97.18419674497426
204,772.0525128906631,157428.16772983334,75430.92276647808,76050.36872804048,2063.006149737397,614.0815326940792,377.5361699393543,585.4993936867686,12.4944235065993,-0.107338797191222,96,69,97.1849673491848
205,772.0557852764279,157462.23967707212,75449.36902779802,76069.87008171322,1990.608678028395,584.2016552089481,364.40904035870335,584.3287498983846,12.350591469278104,-0.1154406509070823,96,69,97.1857274161522
206,772.0718082998429,157452.30699699483,75413.33616540769,76055.0282305262,1920.8049334961688,557.9433056891867,352.16982129839016,573.7012640371104,12.180685038658511,-0.1034468548500598,96,69,97.1864769335485
207,772.0757149200704,157418.23941669788,75415.64707764502,76083.19263475796,1851.179544359853,533.8121209878736,339.55453457016847,572.0663032851298,11.985822241986646,-0.0920768704098626,96,69,97.18721588918142
208,772.0924609222915,157467.36856102812,75408.18776720487,76034.05282038383,1782.0655935605755,514.1598987119942,327.2251924291195,559.9741121779953,11.772989899716311,-0.11795605401246,96,69,97.18794427099488
209,772.0956607862552,157456.37218488872,75410.34277105304,76041.7826579663,1710.2068553573918,496.0160414668935,313.65053895366145,557.7552729326708,11.550289814200228,-0.1177459837185355,96,69,97.1886620670688
210,772.1117547606552,157406.40421391942,75420.10948587011,76058.41812440217,1638.433342551638,481.19546550369705,300.07682589502656,543.9563339511224,11.327196233183669,-0.103320737301007,96,69,97.18936926561932
211,772.115693125564,157470.28985776225,75439.69145873812,76053.7074260816,1564.890078589553,465.86969235101424,285.45457277522655,538.8565227877116,11.11213215718457,-0.1063435708120631,96,69,97.19006585499912
212,772.1324006513506,157453.9258003341,75419.0642476274,76041.50991971426,1495.0490649684216,451.670506261682,271.7341839874862,521.494151615625,10.909829631678043,-0.0962845143706026,96,69,97.19075182369754
213,772.1355372681923,157428.11730276485,75430.69441820124,76078.53716078677,1426.7437340092729,434.52342864932143,257.96351630819845,514.4427101747715,10.723754227900615,-0.0904557742774022,96,69,97.19142716034035
214,772.151708433542,157490.30809300384,75404.75448976445,76056.85456964753,1365.8745082452078,417.27154832246015,246.29060033004498,494.6254362662439,10.553340081719396,-0.1013835469517663,96,69,97.19209185369048
215,772.1556708709428,157464.82822214213,75410.76974476685,76050.27906125956,1307.815387832874,396.89465170349285,235.1826407884655,484.7232563204889,10.397131420603865,-0.0965064114501729,96,69,97.1927458926478
216,772.1723317606984,157469.39066616082,75408.17921253495,76095.97264146525,1256.8339308445575,377.6009343730111,226.12260791496374,462.19853637879714,10.253336784837458,-0.100430350440945,96,69,97.1933892662495
217,772.1754173569218,157472.24008882634,75442.93301565753,76065.00373714666,1205.558162255038,356.96423376402527,216.66685238142963,451.7718801621231,10.119274883305376,-0.1134820320581802,96,69,97.19402196366968
218,772.1916654383491,157490.29461222346,75424.21796495395,76060.70114667321,1158.872219844372,340.00023339971085,208.25777944971924,428.3520155228616,9.994767272145769,-0.1021636892164778,96,69,97.19464397422053
219,772.195656208526,157500.12806082793,75443.55737070064,76072.84903306485,1109.3932367882226,323.5733735457179,198.4951037922001,416.95004484054516,9.879122965352892,-0.1097936968673457,96,69,97.19525528735136
220,772.2122253391371,157507.2300388072,75421.39839164718,76052.49911821878,1063.575132264581,311.3420051833673,189.31898776075104,393.2600240741158,9.773087477530945,-0.1201227060629135,96,69,97.19585589264976
221,772.2160487872784,157508.16345991087,75416.98243369225,76074.05377403682,1014.53770999884,298.3518727250921,178.7490089139319,383.18050049367594,9.677897252384712,-0.1113263171553477,96,69,97.19644577984111
222,772.2317242274694,157523.0717756298,75448.03849168203,76072.9398552938,970.1234092077357,287.20845783616824,169.2218930433155,361.3549835126032,9.59321366468225,-0.1132007966102434,96,69,97.19702493878884
223,772.2355536705168,157532.93242365282,75431.12592016677,76056.75147659633,923.1108757653274,272.6150262883748,158.81153485321556,352.70748359899153,9.519585614760237,-0.1168917599463835,96,69,97.19759335949487
224,772.2522454845968,157500.8212150333,75434.2721910937,76042.83290215307,881.1896144769271,258.0929033973807,149.93013222599984,330.34463754770695,9.455230300414264,-0.1157656324713066,96,69,97.1981510320997
225,772.2559062001552,157543.28142442324,75403.31970226845,76055.48229212897,834.450708985969,239.28390784135263,140.10612956201658,322.4265868884977,9.398484496187391,-0.1104952777045226,96,69,97.19869794688216
226,772.2716607268896,157507.14651706853,75430.6495440169,76067.84989312799,790.4135160401929,221.83276719065907,131.87570330494782,300.56447009395924,9.34801742101434,-0.1191205820139266,96,69,97.19923409426004
227,772.2755069609025,157546.47283587616,75409.1222509648,76053.20883949404,739.3089244159637,202.98970367542643,122.96511070246925,292.0059613393969,9.30198068566188,-0.1157353534367411,96,69,97.19975946479038
228,772.2922299446346,157566.56326072573,75414.17262613375,76041.4897655671,690.7515608951799,189.0467761415639,116.2069585059071,267.5566705498495,9.26144875599393,-0.1228850276348454,96,69,97.20027404916914
229,772.2957789560536,157556.5916130294,75433.61553401154,76043.1146034538,635.9479478955618,175.9146992222959,108.99585581853171,257.843344953988,9.227429604758386,-0.1297334574611917,96,69,97.2007778382318
230,772.3115895855855,157543.91804126653,75414.36888870243,76070.77107877635,587.2465520690894,168.300433851633,103.98990072478773,231.63443075175746,9.202549703441884,-0.119357673614074,96,69,97.2012708229532
231,772.315474909749,157549.821872427,75417.09856886714,76044.52351207685,535.8741615804611,159.7383937689592,97.88173166976776,218.49232118952204,9.189789605514507,-0.117629988341859,96,69,97.2017529944482
232,772.3321989149382,157553.33844233697,75424.81580007367,76036.91787684726,491.648871334095,152.5098731117323,92.35368961232598,187.0658575296693,9.18970485148914,-0.1296136271948523,96,69,97.20222434397132
233,772.3356555066299,157611.66551176747,75421.6736953428,76057.78596569908,439.4491579910391,138.03413788946636,82.87640708248364,171.13626154101803,9.202348193211664,-0.1319199262831723,96,69,97.20268486291704
234,772.351519582306,157594.10121782764,75427.73174425935,76040.42314917658,385.24196080403635,119.16398836034932,71.1586805122206,137.6944456177298,9.223746594967414,-0.1276485738745477,96,69,97.20313454282064
235,772.3554507814465,157624.4949666663,75411.80745213931,76081.43226345014,312.5749482207466,90.05576872245001,53.79985515581211,119.94826836735592,9.248365671677217,-0.132419314912567,96,69,97.2035733753576
236,772.3721559554784,157608.70438691217,75420.1948225156,76068.39892139654,231.91450627247104,58.416369402286364,35.03081954724621,85.03754264427698,9.27001500425582,-0.1338987268265525,96,69,97.20400135234372
237,772.3755341015207,157639.39381996862,75437.842216916,76053.5905891712,136.81542353646364,24.44444021752861,14.897070275794249,69.80209478124743,9.28186454598175,-0.1348303528881046,96,69,97.20441846573608
238,772.3914530255065,157646.41178691812,75426.70885167178,76053.6370969758,55.58820840186672,3.1147901370277395,2.0664972816884983,38.46737042433233,9.28110292626688,-0.1495679764625609,96,69,97.20482470763268
239,772.3954322853946,157641.95219565628,75419.71982750767,76059.84579728915,-0.0,-0.0,-0.0,26.92236442604917,9.267116797529734,-0.1324313838856194,96,69,97.20522007027282
240,772.4121012339912,157642.0887717868,75405.89665729318,76054.28769450025,11.22760229225969,31.352782557994942,18.37806972191902,-0.0,9.24394464639839,-0.1163305329222347,96,69,97.20560454603708
241,772.4154161925186,157637.49989892624,75409.0913115215,76068.72924239842,101.96537116827676,98.50286959063669,58.24458071828121,-2.4620225610560738,9.219461763243665,-0.1339836148628669,96,69,97.20597812744778
242,772.4313888646068,157649.6103784063,75406.69387288137,76060.656240709,302.6528641504701,209.16936234696186,124.20445420363103,-18.802383487171028,9.202115707418985,-0.1634834152403371,96,69,97.20634080716914
243,772.4354208090765,157632.75502012944,75429.0202587622,76063.60165907667,601.2145030187676,352.22336690689554,209.7928239207249,-10.388574529672042,9.201688024806378,-0.1595973386808002,96,69,97.20669257800716
244,772.4520301326789,157617.01818854734,75431.3810773782,76062.97555441505,994.6873592655174,521.7075024998921,311.41233035741607,-15.362908927083481,9.22384376507134,-0.1890601938817825,96,69,97.20703343291063
245,772.4553107631073,157578.60804186316,75413.11475858615,76049.19134794781,1437.163708646025,695.3577831090661,415.8731825191644,6.713966957031516,9.27007213588134,-0.2078650731212316,96,69,97.20736336497
246,772.4713129637922,157521.66834878002,75417.28801800609,76052.65779296141,1902.9644535404514,862.592383365074,516.7268515253672,12.9742601927137,9.336283836065917,-0.1887262705686146,96,69,97.20768236741908
247,772.4754437762165,157505.7372507603,75423.9373295333,76040.26386514303,2337.359511414892,1003.1892310421536,601.839019885083,41.28772873588605,9.410931789728892,-0.2007159825215086,96,69,97.20799043363412
248,772.4918682276594,157485.69260921347,75407.9760798948,76044.97397999259,2720.8969985186122,1114.1138249339128,669.1186448863009,50.443521254725056,9.47913438463128,-0.1912517846840795,96,69,97.2082875571348
249,772.4958940507373,157443.8680143232,75392.99839252302,76063.88956747166,3018.4548689103103,1186.589031914118,713.1061902421061,78.83624487841735,9.521914710468984,-0.1771636531344874,96,69,97.20857373158348
250,772.5114833336826,157420.63301681384,75403.50103751308,76048.93095381896,3237.4227569379145,1229.4598782988323,738.7600388137798,85.70559015171602,9.52120607607464,-0.1754915554576068,96,69,97.20884895078676
251,772.5152954876581,157360.69697318404,75408.67877975358,76050.37365915302,3369.392890716146,1243.4774212177726,746.3457352471451,108.2955655058031,9.46298030720401,-0.1717449726961806,96,69,97.2091132086945
252,772.5319157896045,157370.62062942254,75422.1655222667,76032.84120168314,3442.279133141623,1242.5782504335657,744.0237426444946,105.96833669519401,9.338093777115391,-0.1526097983459079,96,69,97.2093664994006
253,772.5357457954656,157302.1546653852,75390.81325849605,76024.51964151376,3456.9481876738137,1227.2940817414637,732.1424638002936,120.77421292706276,9.146696160508563,0.0094800622464059,96,69,97.20960881714312
254,772.5514209663589,157318.1930338612,75399.91958661376,76060.02116051613,3443.675806179992,1208.6896465932077,717.4378720506793,113.3774209660478,8.894933136933465,0.2963344308694844,96,69,97.20984015630452
255,772.5552358274392,157322.5287359202,75408.32770851217,76065.7650510713,3400.547990590392,1183.4912474892917,698.2954198297521,123.12208535106038,8.59488076727762,0.1665180082801504,96,69,97.2100605114116
256,772.5719132411766,157291.36536735768,75399.44973356872,76058.64606296338,3352.069138530642,1159.0734499826067,679.5996925072104,111.21373177377973,8.261266740433824,-0.4492769499763208,96,69,97.21026987713644
257,772.5756207584773,157266.61954563213,75419.61967730969,76063.46887902207,3289.5134838422528,1129.607782606894,658.4736532603565,119.19647359690862,7.905892489591764,-0.4257331687892366,96,69,97.2104682482958
258,772.5913441568588,157269.63843401565,75418.78581037723,76064.2604117574,3234.110111298738,1102.396242573319,639.8718745808583,107.84788449594635,7.537438008518899,-0.1821326132867342,96,69,97.2106556198519
259,772.5951960984289,157229.3225022597,75434.01058234205,76070.76322276132,3176.1925042936346,1073.1672970041545,621.6835247296549,113.99955993465846,7.156656346838503,-0.2664806301635984,96,69,97.21083198691232
260,772.6118932196358,157248.69817842587,75419.3785944034,76065.31481809918,3135.231778537738,1050.2735778434435,609.083850416966,99.67656558961608,6.758423267910944,-0.224825696082713,96,69,97.2109973447304
261,772.6155002074503,157205.3706987268,75427.20857735546,76071.05515565303,3097.7370062806294,1029.2096236195503,599.1779874642089,103.69700035930146,6.333970045775147,-0.2138071707494094,96,69,97.2111516887054
262,772.6312663148914,157219.96091702458,75399.02681253759,76054.13280451426,3079.6355654940708,1017.3224303767784,595.8319617909438,89.20228913181927,5.872645996909248,-0.2160651282618296,96,69,97.21129501438298
263,772.6351666289587,157231.87168662946,75406.99745477232,76054.56745327056,3063.6362023572437,1008.3613051881257,594.4764716126083,91.32557045429712,5.369074920404831,-0.1928440004511862,96,69,97.21142731745486
264,772.6518613685366,157213.89582817737,75394.81570604224,76064.22664134487,3060.4008709850023,1006.7379089372844,596.9200348435261,76.1315462438215,4.823583759892746,-0.1862584810589923,96,69,97.21154859375972
265,772.6553804196809,157191.17892233818,75417.36611330703,76095.6686568962,3048.0152682344196,1003.4959332490835,597.1117004793196,79.42285270185675,4.245764437687554,-0.1836686923759535,96,69,97.21165883928307
266,772.6711916355506,157192.8605339223,75423.8947126819,76078.93823872706,3036.7016550453845,1002.0711342913855,596.923587126279,67.60141934454441,3.654147498194214,-0.1863614954969719,96,69,97.2117580501574
267,772.6751435609613,157174.16970765067,75401.65498374969,76064.65178431642,3007.7723460975685,994.4215366488934,591.8023274430016,71.43732315558009,3.071793470978588,-0.1750568561393198,96,69,97.2118462226627
268,772.691819441181,157157.67083845407,75423.65398389136,76076.29205297308,2975.285457971273,985.3667288200813,585.4095447969448,60.36320394091308,2.5254986267532824,-0.1680941019987351,96,69,97.2119233532267
269,772.6952606266615,157193.90796473413,75422.45412676931,76067.0745935318,2925.177972089383,968.9457164165506,574.9932084828324,64.64050157545717,2.038585658039983,-0.1617313370646088,96,69,97.21198943842462
270,772.7111220533359,157132.19103288717,75430.43025258741,76076.42569105815,2877.279455209209,952.562741716305,565.7205630411918,54.9822577231098,1.6290500319784862,-0.1458793153155782,96,69,97.21204447498012
271,772.715124544221,157143.44258872568,75430.96832004139,76064.43657259175,2822.2995840536896,932.6219713336177,555.5868246572209,57.33281428460032,1.307465565507527,-0.1477757919829441,96,69,97.21208845976491
272,772.7317681444655,157182.52326090704,75433.73295224662,76093.38956146194,2780.53594281181,917.0903250422416,549.0924015698547,46.71123479772359,1.0744622290422776,-0.1517088013510494,96,69,97.2121213897997
273,772.7351410613755,157134.63213457877,75428.25650700979,76101.18339635426,2740.983117704105,902.1594622464036,543.1133647169336,47.577475664409576,0.924861217914384,-0.1412943545817228,96,69,97.21214326225356
274,772.751058588258,157132.7588275799,75430.27611796297,76078.50210648733,2721.847850523889,895.2150506618782,541.2217538931291,36.778720348112984,0.8469380760649933,-0.1479188514957288,96,69,97.21215407444502
275,772.7551077825586,157144.06281637165,75437.33343521305,76042.55943692486,2709.631567893375,891.634666899452,539.7843752795889,34.457997862336924,0.8268579379349398,-0.1367898116848896,96,69,97.2121538238417
276,772.7717078691159,157142.72463594328,75413.21714263388,76073.37528048786,2717.6884222198278,896.6961236352217,541.6462049532565,22.507851749076508,0.8514567142313499,-0.1043697461306662,96,69,97.21214250806088
277,772.7750223893497,157121.43292909802,75428.7017099617,76068.20597173044,2728.472042192181,903.8595375456644,542.8576295510284,18.908991386764683,0.908116744043826,-0.0921604490216451,96,69,97.21212012486993
278,772.7910017555919,157140.1553580467,75413.01457284809,76081.22731453681,2752.883087788534,916.8664743092231,546.188157824683,8.743102242588066,0.9888011737122976,-0.0793752893386601,96,69,97.21208667218572
279,772.7950917372531,157162.2433900495,75443.01144338168,76069.2719283888,2771.9757048878237,928.2841883521032,547.6790872205456,5.842953522369498,1.0870955008205616,-0.0619659545866244,96,69,97.212042148076
280,772.8116389471185,157156.38858025518,75417.99523766905,76088.98353375898,2793.944976188068,940.6019399916113,549.4834273514571,-0.0,1.199065168117733,-0.0509365404841301,96,69,97.211986550759
281,772.8149054808677,157166.0135474048,75424.92269950271,76079.87465277119,2799.527373011748,946.3818836583814,547.5061868833727,0.3826933814852964,1.3222881751859854,-0.0537722750541709,96,69,97.2119198786036
282,772.8309517257636,157134.39101662108,75428.34137982214,76080.57478129289,2799.1859559334116,948.9539398755587,544.3449206159567,-0.6204519190941937,1.4525177571841952,-0.0547274121330444,96,69,97.21184213013008
283,772.8350750222288,157106.95532318196,75415.85854845178,76093.22401036028,2777.8116499937023,942.4389674356644,537.020155798411,1.0223831974726636,1.585834397437215,-0.0775365552601424,96,69,97.21175330400992
284,772.8515617589325,157151.4353745699,75440.46882157437,76072.90186123052,2748.423737264762,930.937418499394,528.9699132170936,2.146491596708074,1.715343659581412,-0.1178844509203745,96,69,97.21165339906636
285,772.8547912962957,157134.86643084456,75417.59058436406,76076.56119838293,2699.3805499814916,909.9883233207074,518.2816391323577,2.8825760544277728,1.833013020700523,-0.1445091841497167,96,69,97.21154241427442
286,772.8709083995792,157144.17821099356,75424.18344328119,76074.17543795746,2646.3329839690705,885.0275697928591,508.88625920566847,4.77629247578443,1.9307476449052228,-0.1832819883958427,96,69,97.21142034876124
287,772.8750563692395,157154.83231816636,75428.335165827,76080.57983163741,2578.9596318856347,853.0314394240704,498.65340918433503,5.052206767635653,1.9993387832116707,-0.2182152709716918,96,69,97.21128720180658
288,772.8914767807328,157135.1988743114,75404.81139562992,76099.13533961355,2510.7040036189137,819.6693059068493,489.9850606993132,9.005336963717127,2.032678600039848,-0.2225324814877087,96,69,97.21114297284278
289,772.89468081696,157151.06568217487,75409.49145933635,76085.65624707124,2430.3109138057334,782.5870620397036,479.38174210779835,9.614798367081676,2.025773587584431,-0.2329416613267651,96,69,97.21098766145516
290,772.9108714507017,157151.56594345946,75418.61118816078,76083.33937142046,2350.8575301132514,747.5456788458541,468.1267774248554,15.61952586992993,1.9768260619080649,-0.241579249216458,96,69,97.21082126738212
291,772.9150346223025,157132.41332641337,75403.81208839746,76059.09661393352,2261.97902130516,712.0848800782551,452.58834009309066,16.51672371526365,1.887711105881131,-0.2341248006190656,96,69,97.21064379051585
292,772.93138460298,157138.003301687,75421.13361320648,76070.77927261365,2176.2754508287762,680.4878685886797,434.4147256097349,23.205893099162495,1.7615581501555806,-0.2242086699769249,96,69,97.21045523090196
293,772.9345749976578,157152.58492111508,75403.56149147413,76087.28697080299,2085.2751279190416,649.4607105247123,411.74538170342566,21.9879448635038,1.605405136618496,-0.2191920115035831,96,69,97.21025558874034
294,772.9508403547255,157146.52954157782,75424.87442841781,76069.93976805147,2002.923529879481,622.2285041049618,388.21304748326656,28.327365085016936,1.426837089584714,-0.1998561277105282,96,69,97.21004486438508
295,772.9550087453329,157169.23613290812,75417.4022934356,76056.7754640751,1921.558785808389,595.1767438405805,363.8183158515603,26.576777572365245,1.2350743343635444,-0.1992231511007408,96,69,97.20982305834472
296,772.9712859330131,157173.16993359246,75420.23369801648,76082.76306103084,1852.3447347042384,570.864092608288,342.60209776237025,33.74829218609375,1.0410943984926766,-0.1947287083296603,96,69,97.2095901712829
297,772.9744747312903,157172.81568764703,75424.705035315,76084.39149535552,1785.5964773301384,546.4615616215306,324.34025274333544,31.271963771578157,0.8551391564691984,-0.1876162331911766,96,69,97.2093462040181
298,772.9908144127663,157165.95758476283,75418.15426912546,76080.91789002746,1728.9621953924652,525.0800752553769,311.5301079188648,39.505998054752126,0.6894319605259736,-0.2094536551719929,96,69,97.2090911575246
299,772.9949778357169,157193.25007984287,75425.70067636583,76061.96127333901,1670.1374132856145,504.74918663974677,302.0847751624242,37.02792316977866,0.5546767677952161,-0.1995360560984308,96,69,97.20882503293154
300,773.0111815873444,157181.22821876375,75429.34477392372,76062.44915674716,1613.6083046210115,488.13327643579396,296.213147016475,44.167206725280266,0.4605404675808925,-0.1749827457513796,96,69,97.20854783152492
301,773.0143808216633,157198.6532783725,75413.52220756625,76059.7290530651,1548.5638902480714,473.25948929095466,290.7938782925776,37.747932233760366,0.4149521231193528,-0.1807317289468817,96,69,97.2082595547464
302,773.0307927729798,157200.6973786972,75404.09687263977,76092.07519903162,1482.1566256534425,461.7267738434166,285.5903886342712,42.408618836750975,0.420665613313246,-0.1783218252360431,96,69,97.20796020419432
303,773.0349411403785,157216.856653776,75432.70890346567,76073.80046490832,1408.4005818875157,450.89445891600917,278.24297240245505,33.8993269734201,0.4775068407462788,-0.1685258962074456,96,69,97.2076497816234
304,773.0510724764396,157261.43691608455,75432.13932689304,76086.80199816273,1337.2095497729606,441.0240048844862,269.3508560626942,37.317160011210945,0.5792743892099059,-0.1705374554114949,96,69,97.20732828894606
305,773.0542939629901,157234.5818956953,75421.86225339095,76099.88294917368,1266.3530873329728,429.5910351167695,258.1390972638037,28.00732374715153,0.7156306956012359,-0.1648900765404989,96,69,97.20699572823156
306,773.0707744511031,157274.043532361,75392.32855014096,76086.03476666952,1205.7614197194343,416.7751532771217,246.08633564974298,34.32311394793214,0.8739279356969586,-0.1555111513688669,96,69,97.20665210170677
307,773.0748980726411,157281.51388303618,75415.91193552615,76077.58814280368,1152.0164459637017,401.1970827259938,233.19863243409782,29.15805292094592,1.0388070051376852,-0.1652003447730537,96,69,97.20629741175644
308,773.090959583287,157244.5569532152,75395.83720300488,76064.41774996097,1110.278613170667,383.67701179244614,220.71656592198997,38.87858966074418,1.1975112137864323,-0.1621944333693467,96,69,97.20593166092384
309,773.0942147259065,157317.48482577995,75414.88493382439,76070.46938879412,1074.2146276539424,364.5194655403029,208.63462314006756,35.509961130796,1.3391787241369788,-0.1748839470982336,96,69,97.2055548519102
310,773.1107583499952,157287.03811679408,75430.19221077881,76054.40121592698,1044.6703296683263,345.0796375145874,197.48061884494382,47.55415971588809,1.4578014968313575,-0.1858372978459118,96,69,97.20516698757554
311,773.114848229426,157297.4263732773,75405.7132908092,76074.8282315858,1013.6559833253268,326.56608639503247,187.02906229632208,45.09670521193766,1.553695722079683,-0.1731465795028582,96,69,97.20476807093904
312,773.1308439360595,157291.77516556936,75409.31404182562,76051.42245134027,980.1063281690585,309.7538232556835,177.19243960204767,55.23948013628251,1.6311323418587824,-0.1661319680472278,96,69,97.20435810517895
313,773.1341435507654,157334.0914092739,75407.77760667627,76052.05302751058,938.3494650018984,295.6155982971395,167.89792755711824,49.479880936356494,1.7005039182008643,-0.1634602448923093,96,69,97.20393709363354
314,773.1507432769927,157340.88149659729,75432.1011900006,76090.64516374518,889.0507344198995,283.2658406959672,158.82366125992849,57.521691133471904,1.7737602827703,-0.1683794043836109,96,69,97.20350503980004
315,773.1547914093798,157336.54985704692,75397.36980389807,76073.15156199412,831.0292896739556,272.9764492412214,150.42157455414417,49.77262129064184,1.8633053935707629,-0.1695702637103454,96,69,97.20306194733637
316,773.1707265742327,157357.59233999593,75394.87792987056,76078.5020946382,767.5730126050184,262.5615354034526,142.38277766195824,54.29147564826417,1.9800456913008548,-0.1787268411929931,96,69,97.20260782006092
317,773.1740807499181,157379.65152441242,75422.5808461303,76091.06144301347,701.7726730558206,252.4647259490448,135.56643008301035,43.501234555005794,2.128664673041823,-0.1691083286851204,96,69,97.20214266195252
318,773.1907279567348,157385.77035687835,75446.01373057165,76073.588712218,637.3694531874498,240.15913312691555,129.11449632173753,46.902069846517406,2.309168097447757,-0.158519044430683,96,69,97.20166647715098
319,773.1947276338901,157383.7913276289,75433.59284658308,76093.4656817555,578.1193870539428,227.2353989802068,123.7070827872376,35.873713997687446,2.513728063006065,-0.1566614861178992,96,69,97.20117926995724
320,773.2106085060599,157407.94628752692,75432.9875236131,76092.47512998535,524.105033983069,211.13844383577816,117.509193910053,37.89212266114191,2.72888947140669,-0.1478868028437706,96,69,97.20068104483416
321,773.2140265223545,157449.4099119939,75431.53583140756,76097.27475117659,475.9480178981903,193.760531219712,110.75719672744162,26.875641897204332,2.938570304394186,-0.1296059076777806,96,69,97.20017180640582
322,773.230711035271,157468.3040993128,75449.72746522022,76055.18936705659,427.44845699780853,171.27444189616654,100.7458289200149,30.313158433447825,3.1248416135880457,-0.1160100896077775,96,69,97.19965155945889
323,773.2346571749288,157454.3851206918,75420.84773977369,76074.29986975642,376.4657211350859,145.7692838094663,88.11278337542899,20.67953150521498,3.27448909382676,-0.1322320626607327,96,69,97.19912030894191
324,773.2504906535214,157482.3628677623,75443.31891244376,76068.45420664118,314.24079530651215,113.4247186758439,70.57987643312663,22.508716303564142,3.3791646283853662,-0.1290501760255532,96,69,97.19857805996656
325,773.2539809855442,157487.7132880528,75439.99709594638,76090.02855282587,242.45075939915841,78.89520933263702,50.6564064247068,11.26270101260161,3.4381883689676305,-0.1353395312983715,96,69,97.198024817807
326,773.2706910700379,157488.16499870215,75423.51358903969,76068.61462647162,158.8816525155562,41.94534925010521,28.379603778506862,11.415591493539978,3.4593347946425657,-0.1577702775193986,96,69,97.19746058790102
327,773.2745805939144,157508.44279039963,75447.72972682102,76071.60239432589,79.64394987095147,13.935641007090453,10.361241825739853,-0.5589233812061138,3.4548183838348816,-0.138162926421005,96,69,97.19688537584932
328,773.2903737827822,157545.09520499723,75433.77689387699,76105.46212669059,16.569156927173026,-0.0,-0.0,-1.009617488103686,3.4416802223275478,-0.136417215921956,96,69,97.19629918741693
329,773.2939442229435,157548.12955836565,75425.40092364904,76094.26823522772,-0.0,15.360201853996841,6.453057579870801,-8.396384636871517,3.435778832218149,-0.1383281233068466,96,69,97.19570202853262
330,773.3106665152565,157566.3993839666,75417.40465832182,76101.04809227612,46.99521700368496,63.72286790717044,32.4767162737553,-0.0,3.449692833923016,-0.1176451595417984,96,69,97.19509390528964
331,773.314498764223,157555.2232023167,75431.51330781067,76077.24706651652,186.21749860048294,155.33395466356887,84.34370092360768,5.662816488737008,3.491030177390082,-0.1188155599742473,96,69,97.19447482394555
332,773.330258482822,157528.96931231965,75428.15415282725,76068.13789703077,418.0657725255587,282.7329377926799,158.10611240917933,27.182359573751455,3.558525156686623,-0.118062336368094,96,69,97.19384479092314
333,773.3339162146432,157517.24205173727,75415.1762978845,76084.20903286505,746.3223158726469,443.0792051724711,252.1273674730328,47.833015620853985,3.645019228937916,-0.1125877522871531,96,69,97.19320381281024
334,773.3506359836948,157500.55909255543,75419.735080315,76098.33069658339,1139.9775953030912,615.8576610268356,354.5297807716124,82.03104009252274,3.735834616975201,-0.0351067303545212,96,69,97.19255189635996
335,773.35441226056,157444.44681476156,75426.22183671128,76088.92744416457,1577.8775166544947,791.0804282767785,459.23513912357157,112.65146694012219,3.811828476538673,0.2331738417521968,96,69,97.19188904849138
336,773.3701466417524,157467.22756049712,75442.33828200526,76082.28949605182,2010.7503972853883,945.981575494181,552.7772883385769,151.2795424599608,3.852921008353109,0.3899073737658602,96,69,97.19121527628928
337,773.3738927572773,157388.78710899164,75447.98049637575,76085.23142806879,2414.1508587644203,1075.3477778593951,631.6055377773591,184.5131558801222,3.8385286008549815,-0.1027625732617066,96,69,97.19053058700516
338,773.3906130493659,157363.0286997179,75427.72759288113,76087.36912055203,2747.643629903905,1165.596337839219,687.3751652038482,222.56233145156875,3.75358719438534,-0.4540161465212767,96,69,97.18983498805645
339,773.393561936015,157357.29746240648,75431.12342214683,76113.08631281578,3009.197045108769,1224.4547300980194,724.0277924352558,253.97113352789893,3.588343756557501,-0.1616823115770931,96,69,97.18912848702792
340,773.409979343244,157300.76165938814,75428.63020356873,76092.66228251149,3179.960794197221,1247.5605939817615,738.8137547161314,288.6344925771118,3.3409563527502355,-0.1380009494676258,96,69,97.18841109167134
341,773.4139364861854,157301.64283434604,75428.02314386224,76097.35723702733,3280.730261705583,1249.7369912579306,740.3419019093562,317.82084272260545,3.018968604852447,-0.1451209401246052,96,69,97.1876828099056
342,773.4304762288964,157280.40794132365,75436.24914930068,76093.64422143424,3309.498322896601,1229.6074343997898,728.264057738299,348.323403189861,2.636173077612079,-0.1013362712335106,96,69,97.18694364981742
343,773.4334901441918,157229.76559012188,75413.24073957936,76097.85036839817,3297.560407236975,1201.853519283628,711.6725807498151,373.14041685464326,2.2141574541526188,-0.132487893692606,96,69,97.18619361966152
344,773.4499207621645,157206.23624784677,75411.26934300303,76091.12073233181,3243.2615265072673,1161.6015017529426,688.342743528221,397.1723746081989,1.777340633375642,-0.1071281579795857,96,69,97.1854327278607
345,773.4539336270108,157196.4695909623,75420.01742205382,76102.40714659114,3176.097880096815,1121.223886791733,665.6930663023377,415.4685017846641,1.3510933691618283,-0.0977335207494475,96,69,97.18466098300615
346,773.4703577950127,157181.61752020923,75414.12118353893,76087.71125315152,3089.76998014719,1074.480836351373,639.9630262131395,431.2339043271204,0.959821020754872,-0.0996337481900671,96,69,97.18387839385814
347,773.4734071578408,157147.2479345102,75433.40936627194,76092.56964472316,3008.902823694574,1033.3463550325687,617.525668939139,442.6697559884633,0.6217782405824815,-0.1126948009355516,96,69,97.18308496934527
348,773.4898794996186,157189.92405130414,75418.728345454,76090.6948034066,2919.9303810811252,990.1569510314876,593.2251388360746,452.3293806319707,0.3502791798810943,-0.0882064695170141,96,69,97.1822807185661
349,773.493916461301,157156.955060992,75430.17313180087,76110.62756876765,2844.1850896381657,956.5162224101659,573.1966130802466,460.63363957451656,0.1501436051643316,-0.0835534400283368,96,69,97.18146565078848
350,773.510240995907,157173.76640229332,75412.69010969685,76100.16590223413,2765.580955571495,923.739321537214,552.2248217762972,467.9412489583192,0.0186614046482976,-0.0888900629072056,96,69,97.18063977544976
351,773.5133246234818,157122.22072520765,75447.69027842395,76085.44682745746,2703.0399252482457,901.4003723110072,536.177792084025,475.6261728981917,-0.0522432128517812,-0.0652719781962066,96,69,97.17980310215798
352,773.5298473977793,157141.06903093267,75418.90369879291,76085.98033509687,2635.5499976043357,877.4297887221182,518.745116975304,481.083785298164,-0.0766670125586781,-0.0696976157489378,96,69,97.17895564069109
353,773.533889454351,157121.2443828387,75418.94989662516,76099.90740345584,2580.4267081446014,860.0703095858044,505.5156902351009,486.50631094613345,-0.0691451043506809,-0.0632382802790574,96,69,97.17809740099734
354,773.5501228537556,157109.91183330066,75430.46158022193,76069.53280017203,2516.001525926229,837.2903283158375,490.0983058656857,487.77075215935474,-0.0447201595851779,-0.0423374659987724,96,69,97.17722839319676
355,773.5532462288369,157119.58703784266,75407.20771448624,76094.81864963604,2459.5670299733174,818.1372836066002,477.9493828394625,489.4481554264785,-0.0160980453317199,-0.0509267475295634,96,69,97.17634862757964
356,773.5698211058325,157119.87670657152,75425.69106929183,76096.77546543385,2389.0853826200473,791.4786666028522,462.3538750669686,486.65717180012143,0.0087081013770128,-0.0369316630101958,96,69,97.17545811460802
357,773.5738539326444,157131.64154129117,75402.16141407967,76118.05425507261,2326.058510916948,769.1439100604766,449.68827680440154,486.5914393932326,0.0241276376664813,-0.0295812121303608,96,69,97.17455686491554
358,773.5900027744054,157112.5334190577,75436.96892403977,76090.54748220404,2253.581606448628,742.6800034405023,434.4945343307336,483.7168582723534,0.0298029671762275,-0.0227082196358367,96,69,97.17364488930764
359,773.5931738680738,157139.55546866008,75432.50786881334,76091.9074587642,2196.621014680015,724.9020939208858,423.9168161865673,486.17826138215605,0.027184916605874,0.0003873777573939,96,69,97.17272219876205
360,773.6097983970234,157094.4514563194,75419.44799971646,76077.53741124053,2138.7734280547593,706.5431860331737,412.53769857721636,485.4134839762701,0.0191142162421079,-0.013338653286907,96,69,97.17178880442872
361,773.6138104730466,157103.31011979695,75444.38270826667,76079.3264580709,2106.2009291570284,699.9519776231027,407.8214264693961,489.8986813556694,0.0097882855152652,-0.0081641628933744,96,69,97.17084471763056
362,773.6298809220091,157111.0413733955,75421.99904325117,76072.65411305736,2081.272368994076,694.8103229024855,404.12609397180495,489.36276552983327,0.0011503501106299,-0.0005260937574541,96,69,97.16988994986292
363,773.6331087563424,157089.5343627622,75420.20595415878,76093.19983665617,2085.0678604182904,701.1066499953013,407.6288803438656,493.0659233117185,-0.0044972461147179,-0.011999670992285,96,69,97.16892451279466
364,773.6497773713958,157075.48293023265,75420.45316359392,76091.70207470312,2093.0940670295386,706.0218013532431,411.0213999503176,489.42233996494906,-0.0070250886545375,-0.035161161916259,96,69,97.1679484182682
365,773.6537595320705,157059.50345312667,75440.07621480586,76097.69201137095,2122.8151744409115,718.9178236354201,419.74143939992064,490.5730993683683,-0.0074839324194134,-0.0678085690386429,96,69,97.16696167829882
366,773.6697577118941,157096.36092402446,75425.35483194426,76115.52967593289,2147.6175942590344,727.1240498183761,426.1090969693323,485.63045378073,-0.0064043739631184,-0.1047473559044235,96,69,97.16596430507671
367,773.6730518108966,157113.01121779604,75440.45125070187,76098.94298212844,2182.5870276581263,739.5603611593251,434.88926468318095,487.944750446768,-0.0059361128152291,-0.1542509445492713,96,69,97.1649563109654
368,773.6897561538979,157081.9618880395,75436.43442436188,76109.06036413152,2200.3611819628277,743.5286392089765,438.1167194423324,484.41758490595385,-0.0062078017393273,-0.1690197068017093,96,69,97.16393770850324
369,773.6937017397049,157076.86008473873,75434.76467546527,76086.27040501226,2219.079848227673,749.2425658814609,441.33803851302946,488.9686166346655,-0.0074128753455069,-0.1661984474558242,96,69,97.16290851040284
370,773.7096335197883,157033.72040855297,75419.96441946823,76100.22379873844,2214.829122248979,745.1502086884575,437.61308527499205,486.6545723078889,-0.0090994496527129,-0.1867505232359336,96,69,97.16186872955198
371,773.7130039043786,157058.16613135333,75402.49451677743,76102.28900651791,2206.6158240091754,740.976678646286,432.84049156861147,490.48577320648474,-0.0091582451541725,-0.1879605854428209,96,69,97.16081837901352
372,773.7297326552921,157048.04988258352,75429.67664705534,76110.00422754446,2171.60800581862,724.8947546296549,420.6062741858477,483.6460154428787,-0.0070329112202752,-0.1651038871875886,96,69,97.1597574720252
373,773.733638190067,157057.5673172188,75408.27628583847,76093.47904994329,2131.7814619161654,707.5771179247677,407.8280019373633,481.8632245295448,-0.0011590614815266,-0.1622720018631932,96,69,97.15868602200084
374,773.749508326365,157041.7691516487,75442.16762785331,76120.33359472115,2066.712599743856,678.5300244265527,388.864618439693,469.62325022081495,0.0081626494265216,-0.1637226897386999,96,69,97.15760404252974
375,773.7529662577888,157071.22590010017,75451.17736613215,76108.26444319104,1997.7914606978884,648.7222611888283,370.35028475752915,464.0379896898521,0.0190773203852641,-0.1472306735603497,96,69,97.15651154737716
376,773.7697041078974,157064.22739949002,75436.6279105019,76102.03722113541,1905.2715763925808,608.7842519848346,346.6305770986073,449.17936360504245,0.0295316010695022,-0.1452884487771797,96,69,97.15540855048472
377,773.773571075398,157057.60644839608,75417.70638412234,76099.74324037209,1813.40300132212,571.3853961240384,324.820379231096,444.2436995191674,0.0349809107087498,-0.143199957313882,96,69,97.15429506597047
378,773.7893808375379,157076.33299868632,75429.32219274489,76112.15740519308,1705.3778951067943,528.1600543264212,299.7058807463909,432.3421833148459,0.0324102846856911,-0.1251916686676545,96,69,97.15317110812906
379,773.7929416344256,157073.14430265993,75426.04178971937,76094.5746774634,1605.3356152663473,490.4773073799588,277.8826747694984,430.6502983891696,0.0192002184512295,-0.1126574252139331,96,69,97.15203669143207
380,773.809665359156,157042.87031265497,75432.64053142429,76090.73278023265,1497.332653360092,449.03273136563075,254.0026625886676,419.54641679133056,-0.0051024842804082,-0.1151492989388036,96,69,97.15089183052824
381,773.813506332671,157070.84001545762,75450.76145050013,76109.47192033169,1406.1272103706724,414.60618230672844,234.6520743345609,416.9993566372432,-0.0365094832626879,-0.1227779889707997,96,69,97.14973654024338
382,773.8292441227828,157064.18073832634,75435.95970887934,76105.04496314428,1314.390803421964,377.4721300301462,214.27816195136984,402.86338658540626,-0.0691107469235897,-0.1026422397327179,96,69,97.14857083558108
383,773.8329421426089,157075.09530809254,75423.57758087567,76099.93318076621,1241.0662081782357,346.9145781327243,198.3438285163138,394.6961320125265,-0.0925709477073425,-0.0966394364227872,96,69,97.14739473172256
384,773.849592471197,157054.41998608704,75434.64793365174,76093.35754812017,1165.0683303361875,313.511123548873,181.06526372631197,372.8791802255728,-0.0959918029314597,-0.0955016294543888,96,69,97.1462082440269
385,773.8535033282427,157100.37665653997,75448.53413734627,76117.9913038758,1102.87816943886,287.353449693881,168.0092078782327,358.3973333139729,-0.0698141831346046,-0.0893193931017892,96,69,97.14501138803146
386,773.8698885158298,157120.98665690847,75457.39152508818,76117.900479139,1032.2626781806466,259.6674703929166,153.55646442217403,332.386119009112,-0.0071849405181099,-0.0930902587945049,96,69,97.14380417945192
387,773.8728825663636,157102.7714856845,75446.39827684616,76120.90299420764,969.9743677215301,240.4263488385768,143.23994971287902,317.2443286807975,0.0907358386386513,-0.0865088119871561,96,69,97.14258663418232
388,773.8895498914607,157141.49419191774,75440.04711002602,76112.06553017833,895.909462547279,220.26656676207494,131.344421140122,292.1989488490799,0.2164707530264726,-0.0869860794533921,96,69,97.14135876829556
389,773.8934821069627,157144.57536382697,75407.04174230367,76103.1702078073,830.5264690011973,208.27954306609172,123.303537242522,279.71778272173833,0.3543191352918789,-0.1012796491630369,96,69,97.14012059804348
390,773.9097596177044,157130.21946362205,75452.14838525582,76112.44431872871,759.4980491937604,195.15224202054378,113.88455732891452,259.1321894947614,0.4831922690713742,-0.1001054979822435,96,69,97.1388721398568
391,773.9128159753783,157157.8109955853,75423.95678256125,76105.25284053557,703.753709534416,188.23534697703144,107.89115966449026,251.44739255617606,0.5823438028514268,-0.0915936866281232,96,69,97.13761341034612
392,773.9295194568501,157144.42081262398,75443.03909725009,76111.50972852584,647.791822396277,177.36245674508973,99.83339929505019,233.47312677296577,0.6338962593639824,-0.0945671305893476,96,69,97.1363444263009
393,773.9334470434837,157150.97870885054,75422.960150694,76110.48323108866,609.0698656362947,169.66687128625927,94.453698673693,226.87261640970246,0.631192769290608,-0.0854741608208283,96,69,97.13506520469058
394,773.9496332942492,157178.00330693496,75425.53026099881,76115.82794209893,569.5407074810937,156.6168463844806,87.0201798742637,209.95362583440146,0.5803153007856199,-0.0890738212198836,96,69,97.13377576266424
395,773.9527527044079,157164.02536315745,75419.9928920072,76097.09524069927,540.8931648847065,145.69655102705292,81.97737431124551,204.1488630696258,0.501396541409596,-0.0977211981936893,96,69,97.1324761175512
396,773.9694942687883,157187.33798631487,75411.70009987052,76095.10856981801,503.1436936672544,129.84750138418167,74.70369506065617,186.84697258958477,0.4276137713551656,-0.076064231752041,96,69,97.1311662868608
397,773.9734018580416,157138.57528809362,75426.19709142159,76086.44543979666,468.95321561954916,117.7318279290921,69.56856919810525,181.02798928291304,0.3965166649310023,-0.0803611802740349,96,69,97.12984628828276
398,773.9895075973063,157164.4549408401,75409.02612781124,76090.76965112097,424.13023668632377,104.03126906810212,62.47189781037741,165.6949229463935,0.4450827020848558,-0.0966007579429788,96,69,97.1285161396876
399,773.9926954479852,157180.17206708866,75423.23673880345,76082.49484591103,384.3786833488266,96.40388965744933,57.2383692698495,162.66916560966638,0.5990277179719752,-0.0795465381891307,96,69,97.12717585912584
400,774.0094711829329,157180.61417239142,75407.7083364653,76091.08755199194,339.799393071793,88.75685747359239,49.99486390280072,149.2003441345878,0.8660827811720384,-0.0928282078439364,96,69,97.12582546482967
401,774.0133480730337,157183.98630960129,75406.50583019578,76071.87938775634,307.1227186981705,86.9066927707172,44.673587907484034,147.224621753674,1.2338002851610823,-0.0901075424203889,96,69,97.12446497521178
402,774.029382205795,157182.81207104938,75399.8401928492,76075.30742313016,276.28239255561493,83.78204530004587,38.10268549749162,134.11729811519035,1.6673382260108267,-0.073983788484548,96,69,97.12309440886592
403,774.0326456118338,157164.00824555152,75408.82193405883,76101.17867921808,257.055638423597,82.56701479562616,33.55168334027985,129.52717467601178,2.117829573744041,-0.0909232255957586,96,69,97.12171378456765
404,774.0494478320936,157156.50442035164,75420.33468246843,76090.61481459353,233.827945606492,75.6656123372959,27.647351395804435,109.90486009986489,2.529287677564576,-0.0780311390374944,96,69,97.12032312127349
405,774.0532868092927,157200.8798316592,75413.7477995564,76110.31788650426,210.8462021322921,66.2624364245712,22.9148434092931,97.06460895136115,2.8497781627344625,-0.0437851449967787,96,69,97.11892243812169
406,774.0692572299678,157188.7576048993,75409.37189522154,76087.16729479644,173.15573824744206,49.45663543361297,16.174874350632308,70.71079984444077,3.04347689976071,-0.0517578447790968,96,69,97.11751175443236
407,774.0726040937672,157215.36192216657,75415.48436380718,76094.5598074817,127.65646267740522,30.885367648588726,9.863427026488353,53.4186279871501,3.095394780720512,-0.0800236048343811,96,69,97.11609108970735
408,774.0894221651565,157217.26605649362,75413.52335362819,76097.64206242969,71.11625963699771,10.947330401089857,2.8120398191385902,26.507505283050705,3.0175019742421108,-0.0808340902979601,96,69,97.11466046363051
409,774.0932189656128,157273.41905088822,75401.27905836861,76083.3218191836,24.242368655162863,-0.0,-0.0,14.671764726983383,2.844363342543179,-0.111823840972999,96,69,97.11321989606792
410,774.1091334718694,157246.09773376753,75419.9165708457,76107.9723878321,-0.0,3.3976265347009758,3.874881111056311,-0.0,2.6260885841568657,-0.1386690992125426,96,69,97.11176940706784
411,774.1125700284064,157229.88987582634,75417.71150752444,76105.28702622214,26.62668245722307,32.02921364476788,21.082709834794514,3.654635375685757,2.419322797578248,-0.1375012975742483,96,69,97.11030901686064
412,774.1293963698869,157228.1307613203,75408.34974647997,76089.29748922502,118.90490425168537,89.56823206366971,54.51029190115514,5.314190114528174,2.2725695412907805,-0.1323938092192854,96,69,97.10883874585966
413,774.1331306059817,157180.2441215548,75407.49912941329,76068.80745008458,293.5720459490549,179.87756377157348,107.57127363909967,24.916095099411905,2.219048600177876,-0.146648729334613,96,69,97.10735861466048
414,774.1497717209309,157157.49395594344,75402.34398054845,76075.11027820082,547.105610640021,297.71451707952656,177.86441875173477,40.951487482641824,2.2683057034958964,-0.1455337537468773,96,69,97.10586864404164
415,774.1526028877074,157127.4259357934,75425.45386415956,76081.50381937347,870.0439900691854,435.67090195154015,261.27588730619755,72.3926629202615,2.4051871048662083,-0.1281630091436295,96,69,97.10436885496422
416,774.1693058930869,157123.24044187658,75418.32597616827,76070.06888150281,1236.6558551366325,580.360611515629,349.3159117459436,97.0133448021661,2.595749512102086,-0.1236940729526706,96,69,97.1028592685725
417,774.1731429173674,157057.1206772058,75412.93237341807,76073.14792503751,1619.2930863761576,719.029463337225,433.69723677181173,133.73307377914898,2.7928287570744432,-0.0776810702044156,96,69,97.10133990619347
418,774.1896313771034,157028.3173155465,75389.56431512271,76095.21846150952,1987.043475642451,839.5437469878816,506.35626623555436,162.57995374506572,2.949923494438908,0.1377433843003225,96,69,97.0998107893375
419,774.1925388560852,156967.9594075955,75387.64395174793,76087.75839126353,2314.5151379653253,933.8713272276655,562.2242682164651,201.6164537720615,3.0299263455199115,0.3951040364615827,96,69,97.09827193969808
420,774.2092625276728,156933.86267156995,75409.18625885797,76072.85047489093,2584.144190268824,999.1504529708327,599.559029802942,229.71077932033222,3.0134160653438378,0.1166674691767036,96,69,97.09672337915174
421,774.2131236590308,156923.0581881613,75420.28025451899,76071.10962562988,2785.9340082139242,1036.1436160343292,619.3295846225228,264.6662693840335,2.904423631052475,-0.4309954915074315,96,69,97.0951651297589
422,774.2295040534267,156849.96423379026,75412.0388882781,76068.00976551254,2920.886350770248,1050.3172579912934,625.2193713647139,287.2516681521083,2.726602926623681,-0.2706256010475907,96,69,97.09359721376296
423,774.2324691675467,156838.51527964932,75423.9364669062,76083.67770096571,2992.8409516680404,1046.4778157259716,620.661156864342,314.9404895337357,2.520975351391397,-0.0886182586438508,96,69,97.0920196535909
424,774.2492321875053,156793.71721982348,75442.00416299938,76071.27443394507,3015.2345297960564,1031.976322667164,610.2072760027368,328.6705465740524,2.33567221205391,-0.1664195022262312,96,69,97.09043247185352
425,774.2530897214947,156821.31463646688,75401.12453899291,76074.98952048278,2997.2599176485674,1009.6391697753716,595.7559615593927,347.4067489087465,2.216480062712784,-0.1174757501673567,96,69,97.08883569134504
426,774.2693800988777,156758.49183056568,75405.35443792774,76078.67826236856,2955.589623300708,984.5958865698485,580.1772316443967,354.9235422454367,2.2000082099086065,-0.1142843134334985,96,69,97.08722933504342
427,774.2724014143328,156747.87044561465,75402.88398745186,76105.19602162251,2897.4801797309774,956.6957984676264,563.2670095597568,370.02487130308873,2.3045984231969388,-0.1085270319520007,96,69,97.08561342611038
428,774.2892088292438,156748.40782283945,75413.21429043438,76101.94250744357,2837.725475905754,930.184256516528,547.0904342385184,375.91908476196113,2.5308295469125213,-0.1009937016485786,96,69,97.0839879878916
429,774.2930442661911,156730.95905570817,75417.08359575244,76098.67288667405,2777.6907290995587,903.7405359929835,530.6054959469184,391.35718608350726,2.8609872786126664,-0.0918447304519185,96,69,97.08235304391653
430,774.3092580543527,156701.42348802552,75416.43968412792,76089.06863131856,2727.2123212981387,881.7017934583127,515.9977800449415,399.95039747309056,3.2636577598017342,-0.0823451542536709,96,69,97.08070861789838
431,774.3123377153615,156678.27336469264,75419.76534815402,76089.74159726265,2681.1445045023574,861.8382219297637,501.9886370236636,418.1183298971155,3.7022573069530185,-0.0881519527409495,96,69,97.07905473373448
432,774.3291901624062,156655.2072575869,75416.95104650743,76087.75103324284,2645.3484094410087,847.7574144713872,490.8243554383225,427.6399327075924,4.139216585321623,-0.0964407982256158,96,69,97.07739141550618
433,774.3329876167742,156642.74461520484,75410.38927584201,76072.6097218728,2609.4151587819215,834.5114950627176,480.1339382485312,444.77476272630156,4.545158616030314,-0.0781114022432459,96,69,97.0757186874786
434,774.3491391590202,156629.97064281328,75383.13238642787,76085.85926115887,2577.2837585921516,823.7184637538303,471.29128752622637,452.2948500185739,4.90108797037733,-0.0710051486328902,96,69,97.07403657410109
435,774.352277339059,156618.04226173492,75394.98601792792,76079.93452672799,2537.7990686355624,808.8912296445196,460.92870464446605,465.6522744955146,5.199547432769768,-0.0577685917413423,96,69,97.07234510000691
436,774.3691769824715,156591.23592075746,75396.8844925025,76083.98875191728,2497.728509557608,792.5388455935754,450.52900076276273,467.76540269353427,5.4450479067634605,-0.0551940487769393,96,69,97.07064429001356
437,774.3729161082672,156580.02931599008,75389.88450101667,76072.52199870546,2447.7325641444186,769.564658368472,437.01427489341586,475.76017650574795,5.647560366911008,-0.0527578032744577,96,69,97.06893416912229
438,774.3890310043486,156578.8186539428,75382.417650535,76061.3709810699,2398.4513924301136,745.8235756048525,423.46118093052064,474.414379697846,5.821086636959661,-0.0494644721965024,96,69,97.06721476251862
439,774.3922083836411,156574.43137786468,75397.53643869187,76070.64576674836,2343.6603298242553,719.4857597729424,408.5984150323202,480.34465984391863,5.97775336782884,-0.050407358356009,96,69,97.06548609557224
440,774.4091925488206,156576.2993778531,75407.52487389842,76073.1744173934,2297.371412217384,699.3337520857312,397.3575771955657,478.0635204029386,6.124753230344518,-0.0281169498890293,96,69,97.06374819383672
441,774.4127645847126,156558.87580770682,75395.9640993569,76050.06776572144,2253.092728486634,683.4399371915933,388.6181060842064,484.9630050845153,6.26505945908632,-0.0057458456644253,96,69,97.06200108304976
442,774.4296305518031,156533.5331946422,75409.86539707544,76051.27175922995,2225.2773437472642,679.5450282097008,386.8445297241851,485.20531228382606,6.394826177382112,0.0121446221907732,96,69,97.06024478913312
443,774.4323484716149,156514.38533143318,75415.42669091224,76070.70380054614,2205.700573387614,682.553742737,389.0690975826874,495.42837021447485,6.508023638419209,0.0278141564649916,96,69,97.0584793381925
444,774.4490565768077,156538.9483314382,75401.24506010872,76061.82584893762,2208.0643916371628,697.4062838417158,398.0744306714623,498.393669672776,6.597003263447379,0.034734197805124,96,69,97.0567047565176
445,774.4528044372677,156501.82007358843,75378.30953066514,76061.47923900578,2221.207544145058,715.7749550175067,408.9915504103701,509.72953808205784,6.654550199907878,0.0408711043097727,96,69,97.0549210705823
446,774.4694848255548,156512.92953961474,75384.0605419257,76077.68707539677,2254.8694749342976,740.2731380021869,423.3831392384891,513.2174663904007,6.67758848718577,0.0423850182251786,96,69,97.05312830704396
447,774.4722841889374,156474.43133606133,75393.4974143084,76058.10324962325,2293.5067377567757,761.5434312376019,435.9942308330792,524.1365864711406,6.665076854079461,0.0332423405826519,96,69,97.05132649274404
448,774.4890020615359,156461.53882330825,75377.20957052601,76060.59724192091,2344.1740309378947,783.2852702381497,449.22820343621424,525.4464583090157,6.621120684462573,-0.0048218556079707,96,69,97.04951565470805
449,774.4927967561889,156452.02859360687,75399.19897470738,76053.82888150621,2388.052085133968,797.2507911204157,458.4802239065466,532.8608052663039,6.552851245755587,-0.0388301546242826,96,69,97.04769582014508
450,774.5093613232297,156441.80099598042,75397.52561569371,76073.15315918117,2430.3495472118375,808.5629294439568,466.73350761958864,531.3332880434755,6.469271045264732,-0.0874172530637155,96,69,97.04586701644786
451,774.5122061747078,156471.7154049199,75380.50115168748,76078.61441979014,2453.0308240837185,810.520727148396,469.7887170133472,536.9841582533554,6.382076405802976,-0.1327537799091266,96,69,97.044029271193
452,774.5289672440282,156443.55210327907,75356.82140073586,76076.82535716935,2465.315858110145,810.0878757418541,471.21223370806547,534.0999135182647,6.301218481571286,-0.146585806077464,96,69,97.04218261214044
453,774.532770918056,156424.84141623517,75371.27601448249,76076.0764101773,2452.9556460540625,800.8987990829919,466.7302654363448,538.9234467204951,6.236455149218284,-0.152828161241096,96,69,97.04032706723366
454,774.5492433910065,156419.71200640406,75396.96551803788,76063.72710497382,2428.7915435852483,789.558820473103,459.8781820097356,536.4787170409109,6.194604634641308,-0.1556688165279627,96,69,97.03846266460008
455,774.55212627551,156426.8101093159,75374.55296610473,76056.62586410399,2382.3019365658984,769.4586644587253,446.83066852149204,542.0244229789241,6.178565755784322,-0.1597269962994056,96,69,97.03658943254976
456,774.5689437264102,156390.50835737473,75392.10340967646,76069.56350789282,2329.414993156446,747.613846238557,432.2383265091921,538.9617220594664,6.189324129762853,-0.141550123036551,96,69,97.03470739957643
457,774.5727313440381,156430.87650214712,75400.37695390292,76067.21396128894,2259.7430334199453,717.354354774332,413.01656334497966,542.603325429809,6.223426644819813,-0.1418215304529238,96,69,97.03281659435692
458,774.5891286925686,156382.27309397643,75355.68984336696,76041.56262494515,2187.7682065035333,685.9256582352245,394.3187252864009,537.3198687997065,6.276901505750404,-0.1395908630381379,96,69,97.03091704575114
459,774.5920470859858,156415.74791286356,75365.07642392018,76043.09031574996,2102.5206896431628,647.6841166731028,373.3621735717461,538.092700048117,6.344909122417034,-0.1242667249904744,96,69,97.02900878280174
460,774.6089294862047,156390.28205346354,75370.0752873445,76074.2647146981,2018.461482895189,611.1120013462642,355.17674050989444,528.52504536169,6.422426329499851,-0.1237584404165118,96,69,97.02709183473472
461,774.6126775107728,156393.07414832854,75372.28004271536,76025.81791137409,1923.8263825742179,570.5420741811831,335.8148994706571,524.5699017906736,6.506943142448495,-0.1342497000311536,96,69,97.0251662309581
462,774.6290195017658,156415.10164937648,75364.82244563937,76049.42406173683,1832.1578350239433,533.7418330518412,318.90442304333556,511.0841802379582,6.595380439361706,-0.1420942112209256,96,69,97.02323200106306
463,774.6319664356193,156417.46400432606,75365.75621145661,76062.07034993,1732.4913250495447,494.65753640777257,299.7717676210159,503.7057646846806,6.686536399504677,-0.1454504505892957,96,69,97.02128917482312
464,774.6489277893581,156400.55431714503,75361.42478378085,76038.51226176045,1639.005469964759,460.718235878041,282.0801391658315,486.37471859517973,6.779047651896915,-0.1499617936892283,96,69,97.01933778219394
465,774.6526019937592,156439.49165326072,75346.28917770396,76047.4222972885,1540.2173091548611,424.9826398935111,261.45130521137617,475.59321752449614,6.870681981663043,-0.1295763532412232,96,69,97.0173778533134
466,774.6689286505974,156440.6248898013,75378.43716639913,76058.35636989631,1449.191565838526,394.19758678865037,242.26577093746164,456.03254853066755,6.960644020211467,-0.1363593900850985,96,69,97.01540941850187
467,774.6718643589664,156458.55456175772,75386.71086902858,76056.48317877133,1355.1210025190958,361.8464936513192,221.30297548309318,443.6093108888308,7.047030976021941,-0.1410156862001485,96,69,97.0134325082609
468,774.688976257729,156418.0655132928,75389.03611149783,76049.88064153059,1271.3217358298134,335.24769777389884,203.7055488860642,422.02996301607345,7.130407660028558,-0.131928027455774,96,69,97.01144715327425
469,774.69241011034,156492.6487987961,75383.68896442908,76040.13315681668,1186.435442219663,307.8059893838363,185.9997270112217,408.58173354217433,7.212904313411851,-0.1389117836206453,96,69,97.00945338440704
470,774.7094624919534,156492.52539537655,75371.86141954707,76048.36171143432,1113.211470276874,286.913781079973,172.790617531311,387.15658366298885,7.297785298632479,-0.1280276940196568,96,69,97.00745123270572
471,774.7121163585526,156496.4552339894,75395.68260040268,76056.12309655102,1040.6474091589334,266.16218245899654,159.9916381094663,375.36453695833916,7.3909879003435295,-0.1114495986208603,96,69,97.00544072939836
472,774.7288065233425,156477.796638599,75379.01892094844,76068.92191044912,981.2920720204711,252.92212172948348,151.71109572044224,356.08539126775577,7.49671718896322,-0.1142778324146217,96,69,97.00342190589348
473,774.7324645364051,156520.89076176466,75385.07000997782,76053.94986838107,924.3877060405212,240.64421509484237,143.6368578270194,346.158319510374,7.618678368221807,-0.1191802229951495,96,69,97.0013947937806
474,774.7493229793442,156515.2064056649,75373.65647646818,76056.92941730247,879.8440281641087,235.11058841946942,139.21697628026595,329.0390454905573,7.757304459067798,-0.1118702946229846,96,69,96.99935942483008
475,774.7520437390957,156527.5904861741,75352.30282463977,76034.23209050599,835.7555772115011,228.79330408891838,134.029855538829,321.3656183410785,7.908557219217551,-0.1115175723212936,96,69,96.99731583099262
476,774.768748659818,156537.30550849155,75347.3831005446,76040.3468532305,800.5579412734951,226.69026602225495,131.53951564250747,304.742346385523,8.066465898281589,-0.106289051104178,96,69,96.99526404439898
477,774.7724576328206,156532.571735837,75386.45530366791,76029.37872114826,762.1893364475691,220.9623207100085,127.29995279703871,295.5663609719777,8.221260361803221,-0.0952679776601403,96,69,96.99320409736008
478,774.7892148367023,156528.86374541043,75352.26213110729,76026.3460174547,727.8314622210455,216.04383789251733,124.28932443223312,276.605726843467,8.364092518711711,-0.1115159534679912,96,69,96.99113602236636
479,774.7919479695422,156555.29787760225,75364.02888265596,76043.45486534297,687.2710451243911,205.285197414516,118.35773592436453,265.0951447370753,8.487848308363796,-0.102058078329656,96,69,96.98905985208812
480,774.8087191689798,156564.48962656723,75358.97134749155,76027.46700558429,649.2349989668,194.86856288048148,113.17257171936217,243.02125801780494,8.588447905199125,-0.0883861389652146,96,69,96.98697561937492
481,774.8124273448262,156588.2888952615,75381.50314659403,76029.36455277326,605.8252498681541,180.10222707934736,105.50709878565976,228.5929853572161,8.668270256328553,-0.0933906016887371,96,69,96.98488335725509
482,774.828344743765,156582.4321369787,75369.96742201192,76057.17806431794,565.2478829862666,167.57155098879593,99.22970333145349,205.66748570927302,8.733135219594926,-0.0922822893259646,96,69,96.98278309893612
483,774.8318229698062,156604.85623286685,75364.16483938963,76039.75029862045,521.4147598649724,153.67254027001036,91.7800998025923,191.08991472548223,8.794083325884207,-0.0897908413959044,96,69,96.98067487780366
484,774.8487388415049,156613.9397650352,75358.54611693675,76040.41374146432,481.0776418321184,143.86183222997352,86.42004415488918,167.5054614476685,8.864189508764891,-0.082642016245338,96,69,96.97855872742244
485,774.8523055881766,156656.66603972216,75381.39094934308,76054.79261043617,436.6855996316299,132.45468169407104,79.37897204305045,152.74334654089762,8.955484211622059,-0.0790890971138049,96,69,96.97643468153422
486,774.8682602683023,156607.2091203083,75377.18395657404,76045.24430685474,391.55793936690316,122.17786581828841,72.49336815156857,128.67365544929635,9.078720737053098,-0.0756425852868074,96,69,96.97430277405908
487,774.8717787888841,156665.37366872496,75365.57970010828,76042.68355753452,337.2116893543862,106.25737129592744,61.65763262938708,112.05208192567807,9.2380385183992,-0.0873898652666556,96,69,96.97216303909448
488,774.8887231313056,156658.03172157443,75390.30309828726,76030.56706768213,275.43484699889086,86.97943174098327,48.892214906954905,84.82433374898392,9.4322763046091,-0.0858433417035466,96,69,96.9700155109151
489,774.8921954085748,156698.81238720837,75346.19773314375,76056.61273036092,201.35815692518372,60.05992537559359,31.893760819919407,66.54884170833975,9.653436770533546,-0.0527920979929494,96,69,96.9678602239724
490,774.9081698764957,156685.10194527125,75388.8994654211,76056.78946320467,123.32876172050601,32.58691169494705,15.68997917388333,40.03413670597365,9.886985653857286,-0.0511865552388552,96,69,96.9656972128944
491,774.9117478647728,156733.07295198107,75356.70938804439,76039.30514187801,49.65505678433692,8.011235407975619,2.296839929796988,24.95269054977689,10.116382576651583,-0.0784021623626522,96,69,96.96352651248556
492,774.9286958430448,156719.00500398816,75356.30448234155,76036.57400021738,1.4092751888674684,-0.0,-0.0,4.4655743964831345,10.322921847606224,-0.0701597335750307,96,69,96.96134815772616
493,774.9320847294562,156732.34743507567,75377.98198057704,76044.3083833272,-0.0,16.7214218510926,12.681561721983599,-0.0,10.49164942448892,-0.078787581075877,96,69,96.95916218377212
494,774.9480821809668,156710.17914049886,75364.93681453344,76044.18461358482,71.05393139179796,71.15069582556316,47.52937881840626,-6.675997900485527,10.612969760778476,-0.0838333000983887,96,69,96.95696862595462
495,774.9517241264285,156707.0921389238,75379.76020292101,76028.23145031657,232.5891355832573,165.725273032338,104.84248828102136,3.6996581951971166,10.683663179839163,-0.0682640391879517,96,69,96.95476751978003
496,774.9686598802747,156686.7674034179,75360.52905855044,76039.78564397247,492.5625796673703,301.0913426651532,185.046783597616,11.545106115110684,10.709575710285232,-0.076135900784386,96,69,96.9525589009292
497,774.9719718794831,156668.62866369492,75349.84053477555,76059.1417106369,844.1868298325571,465.44398571421334,281.00542913220124,36.77082585031167,10.701148373664196,-0.072452050947444,96,69,96.95034280525716
498,774.9879997801459,156623.27621775944,75337.22318897885,76035.24813522947,1264.303672863578,645.829331527144,386.24987843443523,58.04776716558263,10.67335517851558,-0.058314769370927,96,69,96.9481192687928
499,774.9917050682118,156575.1039951183,75367.10014804499,76056.04720501829,1720.6631629395997,822.765533677346,489.7644566751842,93.76855857495684,10.640996231018882,-0.0604459378150848,96,69,96.94588832773886
500,775.0086158639158,156545.67321917808,75344.93126008479,76052.19300275377,2173.0249391748803,981.7610745528655,584.0670399151859,122.78072005260037,10.614271502178651,-0.0600497430014275,96,69,96.9436500184711
501,775.01185695902,156499.02972302178,75356.98550653203,76046.27166618708,2588.7261029891088,1109.6332671044802,660.978097811807,165.38914323656354,10.598360366032184,-0.039391860134437,96,69,96.941404377538
502,775.0279239151015,156462.61397498948,75376.30647301157,76040.66617558626,2938.6033994863974,1202.4050197008328,718.1001286426617,199.59946920821676,10.588859242185675,0.1009041091592051,96,69,96.93915144166051
503,775.0316889907818,156394.8145067219,75345.78431415092,76048.29165950215,3212.2869282616884,1259.6358426152,753.7893105367548,244.71000668464694,10.574804898211632,0.3839325242569332,96,69,96.9368912477317
504,775.0485639098752,156362.2676475036,75354.38539243308,76029.44043308403,3404.2110757773044,1287.4181080610433,771.1452838560508,279.1063221814984,10.539746556043156,0.3679652250131746,96,69,96.93462383281604
505,775.0517406432423,156328.2756450993,75332.71465308317,76041.42942398382,3526.517693619826,1292.2443546964932,772.801052579176,323.3603274758789,10.4643515381139,-0.2265485445899525,96,69,96.93234923414929
506,775.0678552673961,156252.5508021797,75349.92143757784,76048.19184050188,3586.7805538594257,1282.1228996100108,763.8486784734705,354.3467780284991,10.332850044162248,-0.3468189434352218,96,69,96.93006748913832
507,775.0716744515187,156208.61409976523,75326.50870881719,76037.78779528406,3603.9734708872857,1262.5616712244519,747.4798905788775,391.58074589062016,10.133438156422256,-0.0318346948850148,96,69,96.92777863536
508,775.0885040555875,156213.1150022194,75343.90026483526,76031.73951711517,3584.965972751088,1237.9302638148802,727.6948009897751,413.16287502870546,9.8631986673283,-0.0873735570333822,96,69,96.92548271056128
509,775.0916238470729,156144.60347108953,75322.83575656702,76021.36275151548,3546.2225559827057,1210.5603854693763,706.3955350954202,440.8590359770751,9.527704353938166,-0.0756436140336628,96,69,96.9231797526584
510,775.1077941861544,156152.34902122454,75327.09200357177,76040.23629959817,3489.004218300921,1182.0211103850743,685.9562814786332,452.55137980915606,9.139062294578196,-0.0361531576029973,96,69,96.92086979973708
511,775.1116601103108,156107.57844904886,75325.27622851105,76034.87247504541,3426.781661172223,1153.799766879194,667.1522489563213,470.2955883577233,8.71613587703825,-0.0561949930389961,96,69,96.91855289005156
512,775.1284364053522,156100.0530392022,75315.6929914345,76034.50089228236,3358.79807381297,1127.1013018205558,651.1281480008038,474.12701387458947,8.278565088408268,-0.0693275758250061,96,69,96.91622906202396
513,775.1315075885595,156063.17401115593,75354.7537631708,76043.09725796398,3298.9478772631264,1103.9571254051698,637.9628770254785,487.94831667575636,7.846673643955376,-0.0699666945882577,96,69,96.91389835424415
514,775.1477407730989,156060.82683499804,75325.4637081417,76046.4595692995,3244.356787640194,1085.1097428197681,627.945183278498,490.39410002355,7.4385206659498495,-0.0539564338144233,96,69,96.91156080546966
515,775.1516446844902,156081.9773997151,75327.17377064725,76034.41308606841,3206.726123225526,1071.8290772882465,620.5766595435562,503.9912511794246,7.067824296576478,-0.0625199353017694,96,69,96.90921645462426
516,775.168361189981,156029.63930367722,75337.1470728942,76002.30839329121,3178.7122894430067,1062.928564188318,615.2990566532826,507.5821226144617,6.746098551471693,-0.0476821419366435,96,69,96.90686534079798
517,775.1713929142323,155996.46736553774,75338.15665797681,76031.22441799587,3167.126112281636,1057.935124292897,611.1811221908429,523.2405580983323,6.479456976938304,-0.034875573591667,96,69,96.9045075032472
518,775.1876949236106,156000.18241243847,75327.1772469562,76036.72511549659,3157.539035233087,1053.6535452461103,607.2884539788065,527.0258917809115,6.271114067124534,-0.0379347808366812,96,69,96.90214298139291
519,775.1916269409646,155977.57123683012,75345.32796905887,76024.21036630339,3152.6792087580543,1048.9077722016227,602.9538319060812,539.723509727366,6.120290590648253,-0.0268119476140607,96,69,96.8997718148211
520,775.2082787935409,155962.3064466959,75318.57016914675,76043.46109530918,3137.0409167770995,1040.6625702985475,597.6468662114057,539.0825434160652,6.020951295913517,-0.0402909127286976,96,69,96.89739404328196
521,775.2112808472774,155957.45544829138,75322.04744779195,76031.56658925595,3116.305382227176,1029.393050173705,591.4968838237983,547.4626116297732,5.964337482414902,-0.031107365913713,96,69,96.8950097066895
522,775.2276563541488,155941.00940250236,75345.15585965183,76028.91350771135,3078.7828614432365,1013.898329857635,584.4878903619538,542.4029578989721,5.93632198980288,-0.0103964172102911,96,69,96.89261884512068
523,775.231605701468,155948.38340943737,75351.89321007732,76019.94648507026,3036.598991386476,996.9433548986854,577.2693872945965,547.2172684040561,5.921230274220486,-0.0055571138097464,96,69,96.89022149881536
524,775.2481897656837,155920.39321838086,75356.7774129589,76038.46789666568,2984.2482464480563,978.7990705662669,569.9527722998755,542.1022357847542,5.90320113151101,-0.0007888152782863,96,69,96.88781770817518
525,775.2511723443841,155914.0083223794,75323.82962671216,76034.76837368516,2938.119557778293,962.9213877824222,563.281695233396,550.9192398989107,5.868015986862964,0.0210706989222142,96,69,96.88540751376354
526,775.2676246279697,155915.72248377715,75333.87887294502,76030.05586139696,2892.426264122012,948.8145043468539,557.1373523714428,551.5555775135581,5.80874902004456,0.0219817123122692,96,69,96.88299095630484
527,775.2715798502112,155875.53535635976,75340.92485284958,76028.43677327046,2861.7984610496205,938.9375306421862,552.1709591447434,566.1058139011147,5.725055562096103,0.0106419067784579,96,69,96.88056807668376
528,775.2880948285073,155902.22876507623,75341.14935215143,76013.69678031534,2837.2028621613863,931.5874467004178,548.071622334799,572.3297661555989,5.626694021669749,0.0449274713938483,96,69,96.87813891594482
529,775.2910682540293,155844.5288958377,75335.85161674052,76020.61817059036,2829.0362617319333,928.365263361251,545.3955512406246,590.6233958727389,5.531870440885897,0.0497759997324683,96,69,96.87570351529187
530,775.3075991861672,155799.9695511959,75336.65516592769,76020.2865839007,2823.233686011692,926.6490403403586,543.524894456612,596.2390631382586,5.463223888753506,0.0473826637483267,96,69,96.87326191608724
531,775.3115483364469,155795.02652180629,75319.1352157406,76021.27743156503,2827.8205634587794,927.6864519944647,542.7951934201119,609.6886008107394,5.445893376831005,0.0578419572108017,96,69,96.8708141598514
532,775.3279948851392,155806.08832275204,75322.03219663123,75997.56096392288,2828.5072986604646,928.5622702166147,542.2431671435188,609.337519732886,5.498935795123432,0.034237497621724,96,69,96.8683602882623
533,775.3309692693955,155784.52310410634,75344.24204493579,76004.75733780905,2833.449378457095,930.2305824534706,541.8653793838457,617.3273654340301,5.632567402108434,0.0003155179620573,96,69,96.86590034315476
534,775.3475793918336,155787.87954795183,75301.8392360727,76016.2147655194,2827.8002713536844,929.2265326331835,540.274270051741,612.3779296441353,5.843693837165872,-0.0390569835367919,96,69,96.86343436651964
535,775.3515101622763,155767.8732610661,75320.52152975857,76004.95305766929,2820.10871317744,926.3724931432225,537.3284586380469,617.7700117843051,6.113462845249567,-0.0660390587753164,96,69,96.86096240050333
536,775.3678910409977,155760.86408053702,75304.7870747059,76002.68837863202,2796.3542041803594,918.3209513430775,531.7369976126938,613.9338283846737,6.411620488979044,-0.1043083463303603,96,69,96.8584844874075
537,775.3708758636883,155780.04158946735,75310.91297999401,76007.1131333525,2765.0478410426294,906.1560906534723,523.6986269965419,622.4300191814255,6.697889993404267,-0.1451004430812688,96,69,96.85600066968765
538,775.387564602435,155712.9127338257,75329.34342987002,76029.79248771699,2712.3738439637236,886.8969465212722,512.3518250697525,620.7150416508666,6.930951210747812,-0.1553877290815227,96,69,96.85351098995322
539,775.3914643360321,155729.15181478212,75305.1067435984,75995.52554240123,2649.230649577861,862.5000980585901,498.4644794416672,629.0892285672599,7.075196327000095,-0.1563816715152493,96,69,96.85101549096667
540,775.407784662323,155703.66887263168,75309.32583603392,76005.35034309489,2565.75968028442,831.1475076099741,481.705602140486,625.8768009009073,7.106352451056052,-0.1430374119285082,96,69,96.8485142156424
541,775.4107881774449,155710.8455404139,75317.99428393035,76002.94181529808,2475.5040085635846,795.8549779630994,463.2105012378015,630.4785244745726,7.019037932220426,-0.1290899932902454,96,69,96.8460072070468
542,775.4275543099806,155698.56238227466,75316.793639752,76015.08732325716,2370.4248897790094,755.8165279174427,442.8905080604309,620.8076483890472,6.825433194891236,-0.1371145036969237,96,69,96.84349450839694
543,775.4314097385181,155738.88334331856,75321.87642558447,76008.92332957097,2265.6881780749536,715.0777976865211,422.1012316546112,617.7760053899256,6.555892245809185,-0.1281679204211971,96,69,96.84097616306038
544,775.447677541845,155694.93573703617,75328.68229286408,76006.50762117028,2154.5998311665608,673.589335988625,400.954519505176,601.9659347343841,6.253253052520551,-0.1206859289351072,96,69,96.83845221455384
545,775.4507057648805,155717.14976808062,75300.16994124284,76009.3278077503,2051.24038576131,635.2250841241766,380.8302529985958,593.7723318965291,5.964081839061112,-0.1161796021252358,96,69,96.83592270654356
546,775.4675484757039,155728.72660913612,75318.37107128868,76043.47136319026,1947.6242467446718,599.1756292068021,361.7982949241996,573.0262808391999,5.7329066518205645,-0.1065668157694779,96,69,96.83338768284314
547,775.4713447253737,155737.4745196519,75325.06994393411,76015.31392023478,1856.7585338642239,568.1824881378125,345.0597148343222,560.5123718624527,5.5912158839101975,-0.1087923687356765,96,69,96.83084718741412
548,775.4875724208498,155735.96282452726,75321.94715929023,76002.63515456594,1769.8760959085776,540.3091881130094,330.3729791013466,537.3247480674763,5.55407153583906,-0.1078649374371914,96,69,96.82830126436426
549,775.4906268415237,155770.64917488917,75321.88880186708,76004.23272650472,1696.8435221074615,516.9175608663936,318.2692700056068,522.6764024481236,5.617191831500938,-0.0925942456858484,96,69,96.82574995794764
550,775.5075485858833,155767.62387107115,75352.87210322528,76020.11290714423,1626.2768492240575,495.22637911075435,307.7923189952562,496.9202550839982,5.757146885234253,-0.0945221213295982,96,69,96.8231933125633
551,775.5112656687533,155778.932977337,75325.03768381469,76015.89637630948,1566.095157120435,476.2150158766017,298.74761894569383,480.0285864418547,5.939200906113925,-0.0973594786999488,96,69,96.82063137275505
552,775.5274751098895,155796.22053359624,75324.59741898498,76006.18368231255,1504.6238851181115,457.396981954269,289.76700768925366,453.98621097108116,6.121751863135654,-0.0922940247113145,96,69,96.8180641832098
553,775.5305450241418,155836.96316485517,75331.53937067869,76018.98778290051,1448.596209254465,439.9745659305336,280.4393506468623,437.4860126932326,6.2670066722057625,-0.0877788219616518,96,69,96.81549178875774
554,775.5475628349624,155825.86366251833,75334.34829878736,75998.27632727563,1387.323777915386,422.1790712661168,269.78103593565174,412.14067276145215,6.347946120501454,-0.0872716332438448,96,69,96.81291423437092
555,775.5511583001846,155850.7087702571,75346.84444524536,76009.00200759253,1329.2412940067006,405.7827429960744,258.09337188411155,397.2191763720766,6.35198428041521,-0.085025020344752,96,69,96.81033156516324
556,775.5674102381561,155837.4200348114,75333.75484754448,76053.04440462127,1266.4053310489398,389.5707767267886,245.46984810222057,375.2476943526999,6.285396940551458,-0.0883564035740461,96,69,96.80774382638856
557,775.5704167267276,155859.21525013386,75330.93647541809,76008.58944443637,1207.6378855575458,374.98999788162473,233.01070374119445,363.6193775976426,6.1682662446795264,-0.0916791106858958,96,69,96.80515106344076
558,775.5876919221912,155874.97010924286,75317.02411762209,76018.40914221651,1146.0955771962763,360.5660982957197,221.40711914241547,344.1285376562737,6.031753257796751,-0.0815327146302811,96,69,96.80255332185256
559,775.5904701143597,155903.8506254658,75313.97027662612,76030.44454637606,1090.8265213170089,347.22317619381647,211.6190245928301,334.98618016700493,5.910879112096207,-0.0784520063775331,96,69,96.79995064729496
560,775.6069288219826,155858.35744181924,75343.69371874872,76019.19694905018,1034.8661140336771,333.40820663519844,203.78155691042775,317.6951363522967,5.83605402220971,-0.0880616371477944,96,69,96.79734308557592
561,775.6105393194323,155915.99996280417,75328.22696055274,76026.43961265362,984.8422206150135,319.83761024242267,197.72103470755974,308.0625106690568,5.83001809132574,-0.1013778798519998,96,69,96.79473068264016
562,775.6275488276675,155906.31974193014,75347.37431568236,76015.61652446569,934.0504833827727,305.6711620256683,192.67733561145724,289.16555326702655,5.9011100534972885,-0.1347896223067999,96,69,96.79211348456788
563,775.6304024153337,155902.27434997968,75331.7162144075,76040.20960896826,887.7944230720168,291.8930168184597,187.648517409747,276.84620378672844,6.044553668375229,-0.1369717922390028,96,69,96.78949153757397
564,775.6468419884261,155944.28165525442,75336.82345714104,76038.82512776037,839.730378152919,278.218419341385,181.81530960087548,254.51637207361637,6.243784295750477,-0.1164993683100555,96,69,96.78686488800749
565,775.650547513113,155925.87244696444,75348.67041627149,76039.1839395697,794.5083538008039,265.41102648028755,174.4064915422059,237.6289898545656,6.472715438730001,-0.1165642091594649,96,69,96.7842335823503
566,775.6674569720526,155939.3931619234,75329.98330698561,76033.25204222077,747.8051164427889,253.22320906296954,165.45598840978346,212.40023368198308,6.703382910150971,-0.1152152039334891,96,69,96.78159766721656
567,775.6702990215346,155984.8348757339,75341.54041723328,76019.53507368712,703.8864893817226,241.5562404923985,154.83942195842974,194.91911479333066,6.90766718368204,-0.1103564624025184,96,69,96.77895718935169
568,775.6867892482952,156009.99562519317,75307.87682325137,76000.62055855886,658.5714016269194,229.61071100633126,143.30648512966582,171.41044538028655,7.063337892280679,-0.0997751975213781,96,69,96.7763121956314
569,775.6905328438608,156000.48673653282,75348.66714682733,76023.21959328788,613.2171759649063,215.977220413959,130.64182782714488,156.23849058456835,7.156135392237132,-0.0990101429538655,96,69,96.7736627330612
570,775.7073750313443,156025.29377722432,75318.9714832905,76019.29399695423,562.1368141055573,199.1140409798827,117.202208957111,136.06515070356545,7.179046104244483,-0.0964428399789166,96,69,96.771008848775
571,775.710183013588,156035.35181455445,75287.24232260404,75993.50915756478,503.04341302625835,176.56365830810682,101.74396140067256,123.3425297262147,7.13453627197526,-0.105669745779545,96,69,96.7683505900345
572,775.7267582924702,156026.09737591623,75331.1654404114,75978.98821606321,430.36745419004,147.4614315660001,84.2104075908428,103.57350781446439,7.029811374111307,-0.1037787368965939,96,69,96.76568800422817
573,775.7304998467179,156045.10775786737,75317.42530313987,75992.81980023441,343.2506085797795,111.07557815176551,63.46314370149048,88.17583776955144,6.876668080828964,-0.0830398022211037,96,69,96.76302113886996
574,775.7473028213617,156049.3208281732,75325.0052179235,76002.5087536907,244.14405501971487,71.02866556803929,41.23281874699751,65.38966076099314,6.688794634684167,-0.0880911391698833,96,69,96.76035004159976
575,775.750050899207,156097.23878784644,75324.99017641411,76015.16092369537,141.83410814864328,32.19937033121823,19.31626954866806,47.833102066622814,6.477948852934189,-0.0750191628180942,96,69,96.75767476018034
576,775.7667605188317,156108.204334633,75316.22652257672,76016.61407332959,53.524060958006885,5.296359682266484,3.781295586610213,25.740494013560237,6.254979389914551,-0.0751608449030263,96,69,96.754995342498
577,775.7704207092265,156132.23568134545,75312.92382231595,76031.53370477005,-0.0,-0.0,-0.0,12.362919647828676,6.025406537047172,-0.0933072659317177,96,69,96.75231183656128
578,775.7873189196913,156115.4868250931,75327.4184060044,76009.78456102134,8.443377936084289,28.771421154830023,16.017330718808807,-0.0,5.790719073221074,-0.0961666975488347,96,69,96.74962429049955
579,775.7906964027701,156115.16605738975,75320.10027606736,76036.32108953649,98.55783269321546,96.99391642064438,55.57935024553444,0.3541409488825593,5.5480869807598046,-0.1192977740530818,96,69,96.7469327525624
580,775.8066763902689,156105.75952855058,75341.55427073785,76023.82593153484,287.8933803871623,208.11993183034065,121.76796548211132,5.377105877851136,5.289494386662431,-0.1310165004958448,96,69,96.74423727111868
581,775.8103938189839,156081.62393002372,75319.07052389489,76028.57068896286,573.5848654895672,354.1402088258328,210.21548844201607,23.67502003267873,5.006267059149175,-0.1406308472672439,96,69,96.74153789465544
582,775.8272851352754,156060.30558531577,75318.6388882208,76024.20791019453,945.7000410406035,525.0507165696617,315.2311757579737,46.72613110669772,4.688414826496049,-0.1426800832364981,96,69,96.73883467177669
583,775.8305744408385,156040.11704802394,75320.83748993718,76026.73274218832,1370.9172739356873,701.6784870720148,424.84336151351454,81.4909596471989,4.329540041748847,-0.1307976136687007,96,69,96.73612765120278
584,775.8466057740494,155994.28493942705,75324.07220525587,76023.13938292877,1818.3958943908801,869.8771798758389,529.9459168358007,119.0133690595685,3.9296540892063274,-0.133188674204777,96,69,96.7334168817694
585,775.8503695991965,155923.68147594217,75301.9901149044,76015.492611336,2244.3893513688818,1012.908145402529,619.4426232782134,164.3790334004443,3.496075424607636,-0.1305417430799054,96,69,96.73070241242615
586,775.8672429557064,155872.21093687814,75335.97235572276,76001.87926333146,2623.2795382553013,1125.322597452323,689.180001744593,209.42288474718225,3.047956948315289,-0.1471931763589229,96,69,96.72798429223587
587,775.8704514971182,155842.4020973021,75290.48167820128,76006.7581282143,2926.2260783118545,1201.4371410672902,734.9125994317728,258.8071366514778,2.6133644139357703,-0.1063342897920007,96,69,96.72526257037354
588,775.8865415816114,155803.84172013422,75292.86368436574,75992.36961891621,3151.9559758167597,1247.510312446815,760.0334746349545,304.9820988702995,2.2294985541443118,0.1255299629455255,96,69,96.72253729612495
589,775.8903478303121,155767.19988684767,75285.96989002051,75984.31269736339,3295.045624545135,1266.1105262431665,766.1072070383525,351.7572839882632,1.938879355393072,0.3524543111180667,96,69,96.7198085188863
590,775.9071926053715,155700.31458599344,75287.0875031125,75996.06867466678,3374.197993054462,1267.6279810289125,759.9291799741623,392.85950397569104,1.7822301514752572,0.0463504982359582,96,69,96.71707628816252
591,775.910327805741,155629.83195494258,75286.00848429798,75998.54863286325,3394.951235298242,1254.1859040619456,743.7217492030177,432.1424128826766,1.794984521005585,-0.4702806591097698,96,69,96.71434065356654
592,775.9264850203149,155604.1016703018,75296.31159596122,75998.62262323021,3382.127173945424,1234.0441190905112,723.5676513834915,464.64189953604364,1.997788059039734,-0.2895941997544239,96,69,96.71160166481792
593,775.9303263411865,155613.1039055131,75332.85832945585,75991.85349563461,3340.101231503533,1206.0245447729103,699.8495917901746,494.4762677172548,2.3931551866534555,-0.1382799622777086,96,69,96.70885937174224
594,775.9471349802069,155579.97461131445,75291.48790857413,76010.93764632907,3289.5412188638,1175.870149750277,676.6827779878513,518.6513318438956,2.962665365929328,-0.2101279327086324,96,69,96.70611382426958
595,775.9502035184452,155544.83039463894,75296.56608689747,75980.9687791353,3228.103913108236,1141.0187278103986,652.8210834566562,541.4596201316745,3.665998778875472,-0.1448668286765019,96,69,96.70336507243364
596,775.9664371427633,155523.35597644915,75297.19483808531,76005.50986157372,3172.5388296458987,1108.029603223913,631.9066006704234,560.4103799606673,4.448657567325483,-0.1596503732773669,96,69,96.70061316637056
597,775.9703029053888,155514.39236293524,75301.4023451025,76009.83471478875,3116.1870908104465,1075.246193085317,612.5768476904777,578.6016502507846,5.247189178327708,-0.1521096929110723,96,69,96.69785815631812
598,775.9870712692025,155491.5457300954,75291.93220899256,76007.09831535397,3072.2811719359015,1049.4312992867344,598.3308665980294,593.5297090959502,6.00136380841226,-0.1490132292153523,96,69,96.69510009261384
599,775.9900785655699,155460.07212160193,75268.57393552775,76009.82964858555,3030.0930312135606,1027.6536780553142,587.2303701151977,607.1236094865308,6.664503447631252,-0.155302868708465,96,69,96.69233902569492
600,776.0063991701348,155481.0428082157,75271.86717713159,76009.54831997368,3001.0500839722226,1014.8555810354446,581.9714672504342,617.0987032738631,7.209756787144744,-0.1297302537720269,96,69,96.68957500609604
601,776.0102748173219,155446.06548915393,75281.30786987414,75983.60740769342,2971.4191327288863,1005.1591989212757,579.1125466539816,625.1226353998645,7.636986171210355,-0.1301852705263061,96,69,96.68680808444932
602,776.0270035139541,155445.09149204305,75291.30588765572,76005.7048473799,2949.79458091408,1000.5016788489738,579.5444600986084,630.2049022349529,7.968383598678649,-0.1281852553429484,96,69,96.68403831148213
603,776.029951948954,155460.18783679386,75284.85342824507,76028.7847763275,2920.4265427110367,993.0893898294889,578.5117363858735,634.265133535926,8.243659047305528,-0.1192374261236616,96,69,96.6812657380166
604,776.0463732927442,155447.24385881238,75306.66341848492,76001.64000083234,2893.5299911286565,985.2812553378026,576.8633111816598,637.2739162438666,8.50955223393178,-0.1171217038733205,96,69,96.67849041496854
605,776.0502381509208,155444.66594114978,75289.91067740506,76021.4969306578,2855.31844233023,970.9672274970653,570.7637584020558,640.74225512665,8.80585405372259,-0.1157866185981064,96,69,96.6757123933456
606,776.0669340900866,155444.5420689278,75300.77135248846,75984.98806683859,2818.2348387109814,954.9126359942311,562.6709610375983,644.6560679659597,9.15748819755082,-0.1081412516308763,96,69,96.67293172424657
607,776.0705953983573,155413.21019323188,75307.33558655983,76019.08274599534,2771.270270148001,933.8970231603744,550.9528903886385,649.2705269110447,9.564351659185258,-0.1035539188548873,96,69,96.67014845886044
608,776.0863808008421,155438.17580023094,75285.89935314785,76005.80059775179,2729.2117476588464,914.9089869710006,539.9093726792489,654.1089191903302,10.001292773618022,-0.1017915979456085,96,69,96.6673626484648
609,776.0901601646264,155441.62546340397,75273.90454517481,76007.9401629849,2683.145312541863,896.1028199408174,529.0583040062338,658.4510767771862,10.422259577951356,-0.0891534263319182,96,69,96.66457434442444
610,776.1069379898042,155414.602157022,75298.56260209656,76022.28900856455,2648.4043681370094,884.2151547963003,522.4324547683063,662.0159349399328,10.767394316469236,-0.0807386455474446,96,69,96.66178359819096
611,776.1104578004605,155412.3207646277,75290.65927433253,76012.68683716247,2614.896996749798,875.7909373699949,518.1557363584288,663.9872203869745,10.978042678542744,-0.0773964845100431,96,69,96.65899046130092
612,776.126316020098,155415.2807878906,75303.76221905238,76018.22797340834,2597.6081176377484,875.811054693957,518.606886010617,665.207612225815,11.00617829352874,-0.0812829168871753,96,69,96.65619498537464
613,776.1301202187125,155412.6782901697,75278.98282654713,76013.07098589667,2586.069842890778,879.1988541664468,520.6165146286367,665.5918454735947,10.826230175951377,-0.0890670980812589,96,69,96.65339722211516
614,776.1469148596076,155431.0847912008,75277.60959030353,76027.9476742689,2592.7450275769224,888.9476302634721,525.5033904229349,667.0336512669746,10.44100575846836,-0.0688696705312441,96,69,96.65059722330716
615,776.1503305123545,155419.98182432598,75288.12549061002,76021.8161995329,2603.2443740883027,898.3102101279947,529.6968141295656,669.2483024476678,9.880085268155884,-0.0515458312230537,96,69,96.64779504081544
616,776.1662479289026,155418.16891058188,75275.94373029497,76024.74216223272,2626.7643791234586,909.5920915394381,534.75382789594,673.9398381565406,9.197900124189466,-0.0604422888226619,96,69,96.6449907265838
617,776.170091291972,155416.0384156789,75268.21703387998,75996.32955767875,2646.7777136735385,916.424421925025,537.7896302526351,679.5893119969696,8.461737061347531,-0.0600174595284865,96,69,96.64218433263363
618,776.1868782299189,155402.95164105378,75299.73440362031,76011.48979110573,2669.884576895449,921.5010709445341,540.6187501065724,686.7268405592185,7.742166766411612,-0.0723767033312458,96,69,96.63937591106294
619,776.1902058339342,155389.08112898676,75270.2881854736,76013.73038130005,2678.6847682017833,919.3962509450648,540.5656603183015,692.3404004673648,7.10210607420612,-0.1102450098069958,96,69,96.63656551404496
620,776.2061828858481,155377.63311106016,75285.75321177772,76012.20100924897,2681.348155510437,914.1420957568334,539.56743678567,696.7611862189078,6.585862726383606,-0.1525934336702628,96,69,96.63375319382692
621,776.2100680712374,155414.4819745602,75292.28139198717,75991.69790698127,2664.067986631242,901.8345348171715,535.2205935473321,697.2449130130408,6.2169630333225046,-0.1781894550289463,96,69,96.6309390027286
622,776.2268308392116,155393.35207169573,75278.59757066601,76031.15717628766,2637.1541531205876,886.860848820812,529.2709136102349,695.1584551968554,5.994464685170668,-0.2074982203628361,96,69,96.62812299314108
623,776.2300826112205,155396.85756687942,75286.06457678971,76020.19215130227,2589.4638235453167,865.5245032552339,519.4077024789294,688.7471941154217,5.898012976165026,-0.2165919515805441,96,69,96.6253052175258
624,776.2461228110039,155438.05625257894,75284.17069941702,76005.93777346813,2533.972442725033,842.2501224741573,507.60505321086384,680.8982815820491,5.89475759751579,-0.211024013203468,96,69,96.62248572841293
625,776.2500482694156,155406.7572627444,75304.09929036406,76017.47476008967,2462.558789606672,813.7130259935075,492.2142254236096,670.7901316248171,5.945621607139816,-0.2157154275041874,96,69,96.61966457839996
626,776.2667731759047,155436.24261098803,75296.65983201009,76023.26736912596,2388.385767920001,784.0190452729003,475.49903295663535,661.6198296958464,6.016587270119694,-0.2279073897341866,96,69,96.61684182015094
627,776.2699618495461,155447.57382162556,75316.19814005688,76024.66904975427,2304.00265280396,750.2387406953203,456.3970066510956,652.087957071868,6.082342114420211,-0.2188182160675096,96,69,96.61401750639428
628,776.2860673224561,155465.7241710976,75280.636427925,76001.96930063124,2222.615153400169,717.0091790700098,437.48680949781556,644.8721817556943,6.131527800805428,-0.2172970064584868,96,69,96.61119168992248
629,776.2900320440809,155456.9295933271,75307.95438589409,76019.74532788394,2137.2990706310957,682.3109585421917,418.02475846742163,637.7005738654116,6.16745391759269,-0.2037154114163822,96,69,96.60836442359002
630,776.3067026045624,155464.03041997817,75298.73971831915,76005.0553476756,2058.8914967365563,650.4604949868663,400.07001644416596,631.9928197206464,6.203432658172531,-0.2048137170163454,96,69,96.60553576031212
631,776.3098496204371,155485.82801434837,75295.35669589437,76030.81907327192,1979.257275949174,619.2299754226988,382.4909900976345,624.4504781118594,6.261257117612887,-0.1996712808967328,96,69,96.602705753064
632,776.3260069752035,155498.9339177789,75313.4841603079,76029.77376910113,1907.1564313793788,592.010739803809,366.63764442520915,616.2563690358074,6.363009009652717,-0.1806384193570354,96,69,96.5998744548787
633,776.3300380249641,155478.23261674205,75300.60919467069,76029.58958509115,1833.5436856917222,565.9138913044299,351.1081368671439,604.4243805010046,6.527739539998289,-0.1735045531426116,96,69,96.59704191884612
634,776.3465646555007,155520.99998347738,75311.44075246902,76013.61548805662,1764.1173514874536,542.8770461585518,336.74231625703396,590.6231079467107,6.768434966746842,-0.1614316578139143,96,69,96.59420819811209
635,776.3504618676163,155532.67520214518,75306.32987443943,76015.38489521887,1690.015176461602,519.8960407570848,322.4709214637696,573.00725405509,7.088336365247567,-0.1741277223343743,96,69,96.59137334587606
636,776.3661190324646,155545.69730954827,75313.09544947128,76006.50751512714,1616.6347350751166,498.69321028055856,309.2385908687429,554.2670068107254,7.484276395016245,-0.1699619005182141,96,69,96.58853741539056
637,776.3699130508377,155588.04406030633,75306.25023889581,76022.68136904141,1538.29583190626,477.31175454596814,296.4926055437827,533.6007608411019,7.945446832003317,-0.1509746054725183,96,69,96.58570045995948
638,776.3865981510726,155602.46410630728,75326.35328461509,76009.9898292419,1462.1434536327724,457.85559286840726,284.91649623934063,513.8856764990778,8.457146925149907,-0.1748488012252869,96,69,96.58286253293632
639,776.3903171122962,155617.67537444053,75322.35535073506,76027.63118002353,1385.438110670133,439.10939886451524,273.7597345445247,493.9044207355182,9.003548764230022,-0.1612611056920536,96,69,96.5800236877239
640,776.4060547386912,155620.69999986555,75303.70698718283,76042.94220112679,1315.6794869860169,422.93148527882295,262.9914126168005,475.71991278251517,9.56745443856688,-0.1452198433533781,96,69,96.57718397777175
641,776.4098616295299,155674.9710729944,75343.71227447288,76015.93571784568,1251.1349626912852,408.1996716692229,251.87435680348426,457.6610122072161,10.13470182467741,-0.1413905870740879,96,69,96.57434345657522
642,776.4265873317663,155674.75671945486,75339.81457975111,76012.28983316943,1196.2052829041495,395.520583993537,240.33836420232547,441.02583286969457,10.692021630585684,-0.131375243362113,96,69,96.57150217767432
643,776.4301930602038,155660.94360336015,75313.16644717938,76035.87251368782,1147.217470412259,383.1718373437034,228.56306309025967,423.95755174342776,11.228535145149422,-0.1223597904367267,96,69,96.56866019465204
644,776.4459778748025,155699.96337736002,75319.3886153123,76023.13499420256,1104.5979894466,370.63368682215514,216.9660537301388,407.7416905942955,11.735899661770455,-0.1148762282139535,96,69,96.56581756113256
645,776.4498292667989,155753.60085432412,75297.52601890262,76028.0599686278,1063.747514740273,356.44713474137825,206.3765388643369,391.17982154275523,12.205542156355165,-0.1087065003599163,96,69,96.56297433078072
646,776.4665579975892,155733.74232733037,75338.51978005856,76009.98642287911,1022.4701302082976,340.00616041557805,196.73417514219182,375.42848904736456,12.631266153779446,-0.1037229729284931,96,69,96.56013055729971
647,776.4700754713118,155773.14233042175,75320.83731725377,76035.41589621521,977.3226258365903,321.3174318462552,188.55832851250307,359.2769717480405,13.00627851760982,-0.1076340831754248,96,69,96.55728629443036
648,776.4858983082818,155762.22979060182,75322.84428771862,76024.23451212856,925.9715690131998,300.66650060728716,180.74826999221114,343.25911739992443,13.324786672429935,-0.0884750141528557,96,69,96.554441595949
649,776.4898094009994,155789.7726687411,75331.40857855459,76037.09627682855,868.5950102764182,279.912841268233,173.55994812966674,326.1074892996694,13.583188303284851,-0.083016517602522,96,69,96.55159651566647
650,776.5065125471165,155813.98263764617,75315.12561800452,76031.76630374821,804.6672786461422,259.83061670591997,165.4511400317715,307.7596383301716,13.778698269019833,-0.09497722286923,96,69,96.54875110742672
651,776.5099645844227,155820.3188277541,75332.23121316422,76040.30139793317,739.5311989456532,243.1264558723342,157.2299592263298,287.34829916228773,13.913295794314667,-0.0874689489030253,96,69,96.545905425105
652,776.5258152074607,155864.85310244493,75334.26542064811,76023.64151065651,674.008639723761,229.25157172698528,147.27979003547807,265.01897416249267,13.991450017366232,-0.0764235890243496,96,69,96.5430595226066
653,776.5298047312241,155867.77676664712,75329.99027906607,76032.53625742115,615.7761144168326,219.60125196256558,136.91535743852728,240.97648886291427,14.021271504517394,-0.0749776307526215,96,69,96.5402134538655
654,776.5464434465945,155895.8605356971,75318.13537101627,76044.68299922386,562.6975698319147,210.71836519334465,124.41492536620353,215.52444485592423,14.014209620236848,-0.0771673773018429,96,69,96.53736727284274
655,776.5498739001312,155948.8588044209,75343.57606207099,76044.43461555356,520.0572170675732,202.27455519203795,111.582309816411,189.5324187936203,13.98122664400503,-0.063862554095517,96,69,96.53452103352473
656,776.5657070405732,155958.5354199023,75307.51788616017,76034.47857768879,477.55310122767696,188.38820578090963,96.15010543813696,162.8532577874139,13.93408642732088,-0.0529926013313285,96,69,96.53167478992228
657,776.5698561962702,155993.38406565596,75330.28501993344,76055.30288145047,435.2010210073786,168.776929077183,80.00211670846329,136.48710701908567,13.880960403700955,-0.0268432002104652,96,69,96.5288285960688
658,776.5862498968037,156004.32410714257,75359.81664210162,76048.77729985824,377.7020456305472,138.74969207089453,60.82658462412655,109.64331857519574,13.82657762766374,-0.0492894580464465,96,69,96.52598250601864
659,776.5903561331443,156011.64358261853,75345.57343102079,76048.62481422599,308.43125029368093,102.54280877990823,41.77974137009005,83.94116911792662,13.772597672022783,-0.067576265546746,96,69,96.52313657384605
660,776.6060251041451,156055.30538826156,75338.01926906126,76064.9029943836,218.65171783964615,60.636951402702834,21.99133909092052,58.749436329642776,13.715855056303187,-0.06801795197481,96,69,96.52029085364327
661,776.6096639608701,156077.93076480593,75323.53353972376,76041.47420584458,127.5712045111577,24.517519650180475,7.551239632535726,37.01617086926126,13.65273319161474,-0.0947208474220058,96,69,96.51744539951916
662,776.6263187816519,156114.02756675705,75323.91763726417,76029.51715822834,41.871864807384554,-0.0,-0.0,18.2955661562155,13.578056781433125,-0.0903596439726776,96,69,96.51460026559764
663,776.6302102874479,156114.7405076257,75335.83154892398,76028.9544002996,-0.0,3.403942541743163,8.339895976532716,6.4162154550722335,13.487804787328669,-0.1131908035821351,96,69,96.51175550601629
664,776.6459606135332,156125.01376582112,75311.87945256992,76028.09828449223,16.435763259709347,39.641117936509545,34.139416198129766,-0.0,13.3809266872012,-0.1229588141401451,96,69,96.50891117492483
665,776.6495904935027,156109.73213020954,75343.43607216688,76035.01996092318,128.55297831870848,119.93506111770694,84.15452482187538,2.299102264136309,13.257512131635092,-0.1047693150164514,96,69,96.50606732648347
666,776.6663270549695,156095.65001520538,75325.27493736162,76022.31715301063,333.4240654979949,238.18144823993498,154.18852286436595,10.078923334920546,13.12191257383049,-0.0930728637314586,96,69,96.50322401486144
667,776.6700928035959,156058.65924692104,75316.90334680215,76028.97832165445,645.730135606369,393.6380859152123,244.53914982359856,26.338216159143485,12.979671622797923,-0.0818096538897204,96,69,96.50038129423524
668,776.6858764862104,156074.82946942045,75306.24363969096,76032.13384046947,1029.912076604378,566.6309935505706,343.36509765606024,46.6347501341661,12.838018542008932,-0.0929429688311792,96,69,96.49753921878764
669,776.6895405718319,156040.34106609397,75327.94390237468,76025.81560115257,1472.2410464396817,746.9669119550235,445.59476098636515,73.89671219524462,12.70585840211405,-0.0266027804290479,96,69,96.4946978427055
670,776.7063177216766,156015.10137166752,75323.313999328,76037.06599825757,1915.3949882908491,910.6599259753712,537.0320562355337,102.78791108453879,12.590563275194745,0.2107223329857036,96,69,96.49185722017864
671,776.7099794393461,155978.70314770515,75331.50562486394,76041.14670830285,2342.508805363963,1051.847899264787,615.3157158148824,136.72435245136148,12.500351509535315,0.4208018156391874,96,69,96.4890174053982
672,776.7257893366624,155907.7530754364,75309.84829664265,76035.20933987922,2702.090743306733,1154.6772628536273,671.0102869192197,169.4862354180368,12.441037070696169,0.0754374935188712,96,69,96.4861784525548
673,776.7295028878456,155916.16991556148,75321.94803414121,76000.81583580759,2995.2797656098846,1224.7252912648837,708.2954294677766,204.3804788949492,12.416700181625831,-0.4222761218313064,96,69,96.4833404158375
674,776.7462973925573,155850.91273916225,75303.53847563654,76023.60830377495,3192.3248997824267,1256.7381029008975,723.8230412177509,234.7186400499486,12.430343081163956,-0.2054883405961841,96,69,96.48050334943196
675,776.7498654951628,155842.53047738588,75312.84124489837,76015.00223982148,3320.358047404443,1265.7579291242728,727.3287478096026,265.07065860621515,12.481588701258458,-0.0516034284404802,96,69,96.47766730751847
676,776.7657041335751,155798.27979785515,75318.19109857304,76023.44497032669,3365.67992811196,1250.2038539607747,717.6355039048358,289.00820010423195,12.570251272412754,-0.1193015743815512,96,69,96.47483234427092
677,776.7694733741528,155773.1606673158,75324.4787708301,76045.3124757599,3365.803277882398,1225.4200821738923,704.5447620292543,312.068706648628,12.694368647145158,-0.0713089840328815,96,69,96.47199851385555
678,776.7862678406332,155787.43266300156,75314.69654943529,76023.24489258045,3310.549950687913,1187.494174743304,685.2121224767761,328.39035955053987,12.85184154637797,-0.0744311100298201,96,69,96.46916587042794
679,776.7897498702599,155738.8392305609,75292.17627789383,76039.0693777086,3240.7512505970662,1150.0209253227804,667.858590035903,345.0941190762969,13.041614045869002,-0.0640891820592016,96,69,96.46633446813328
680,776.8056231896085,155725.8634563305,75296.66471695894,76022.38544815092,3142.0541712005506,1105.8733771171683,647.007117204892,356.27411271916935,13.261028823914682,-0.0611798846582296,96,69,96.4635043611031
681,776.8094497340259,155707.77288486328,75300.52707734631,76007.962090723,3051.152334060578,1066.7278350605775,629.0763983771903,369.1708215136314,13.508325430618925,-0.0580537574121201,96,69,96.4606756034549
682,776.82622954715,155702.96929146303,75317.40050508175,76010.28149468209,2949.6007617690484,1024.6639586675738,607.8435971924337,377.66071683727205,13.77918963102018,-0.0490681311044447,96,69,96.45784824928994
683,776.8296326799122,155698.60378365152,75292.87998588865,76044.41398044323,2873.03485762293,992.1941276543948,590.3663415468764,389.60261280767736,14.066952376344751,-0.0490369141166317,96,69,96.45502235269164
684,776.8455477764843,155681.33795569825,75266.15078021778,76020.10123498368,2795.929824740044,960.1122375343839,570.1441518444626,397.9675026056648,14.363204194703767,-0.0404933830485046,96,69,96.45219796772425
685,776.8494303109126,155654.25704969943,75292.9943823149,76020.93776694276,2746.8909676109906,939.2350873652758,553.9542688725633,409.95011165514006,14.655703966361482,-0.0441801189993375,96,69,96.44937514843107
686,776.8661825434091,155645.67071491058,75289.41609006126,76031.3060555867,2694.4599040129106,918.5483632575197,535.1719187559211,417.94139840462594,14.93270919996891,-0.0541383976821669,96,69,96.4465539488329
687,776.8695146324594,155659.87625539658,75294.47422263586,75987.85742802823,2665.0503030818654,907.8896266065567,520.9437018662575,429.43102714949055,15.18219200937013,-0.0451056161643215,96,69,96.44373442292618
688,776.8854785466559,155628.08823718276,75289.96092646859,75994.1525355426,2622.1647462577675,893.9514832813875,504.0762013354688,435.9696776205965,15.394608981912851,-0.0283869863896305,96,69,96.44091662468183
689,776.8894138049448,155614.75047420652,75278.4746009408,75991.11941292822,2591.1124381901463,885.5066324666841,491.5840861105826,444.84385909029515,15.56528766190623,-0.0285510252571992,96,69,96.43810060804334
690,776.9061266272753,155594.42196712573,75284.64413331193,76003.11543070352,2539.152934207581,869.9891867129481,476.90085378169897,448.06977865161025,15.692443936056632,-0.0327736189848662,96,69,96.43528642692488
691,776.9093968851499,155590.02681908643,75293.29869861084,76005.00775952452,2498.908561027725,858.3694532183436,468.0140255758015,454.1755859373661,15.779890753428829,-0.0380746873715746,96,69,96.43247413521028
692,776.9254155636197,155617.41249162544,75290.93713601859,75980.43077517749,2440.1815624359297,838.9873780186317,458.01783244049875,455.1508326578769,15.833278756197974,-0.0417132316107498,96,69,96.42966378675112
693,776.9293993421761,155598.44484216435,75278.61719830852,76003.08903328821,2397.931053605862,824.068870838717,454.31623656264856,459.59554983722046,15.859219360920164,-0.0092371480820147,96,69,96.42685543536476
694,776.9460612324642,155598.3692211626,75268.1516821834,75989.47594281945,2344.9885209659114,803.8641575246293,449.6911598367151,459.72855945906485,15.864522115274436,0.0122350376766612,96,69,96.42404913483313
695,776.9492812706509,155564.59518474006,75258.64257391337,76005.45812376087,2318.2933648303733,792.2341291486082,451.16971572092734,464.3398519671755,15.852184796269343,0.0093690790484174,96,69,96.42124493890108
696,776.9653578920402,155563.34696955048,75272.40825698781,75979.16695425114,2286.7717399210087,778.8284363828134,450.32348522826214,464.5666546682478,15.823741972904257,0.0226308584556253,96,69,96.4184429012744
697,776.9693871220031,155581.26642023382,75267.9976606856,75957.78863611403,2284.0315746012493,776.6588613969507,453.6150495625625,468.637466784392,15.776774029522398,0.0296935105595963,96,69,96.41564307561865
698,776.9859844887029,155570.94899635544,75276.38850989455,75991.3565152647,2278.6402736261953,775.0900238641625,453.3970082142623,468.14441216905834,15.706359621922864,0.0232312986869603,96,69,96.41284551555702
699,776.9891717145039,155542.8364496803,75297.59462159385,75995.05570928603,2303.5804346350487,786.2383903177251,457.26294111201423,472.0617126878933,15.607264100314572,0.0282321596220565,96,69,96.41005027466882
700,777.0053013302572,155565.5753713739,75293.12136215657,76006.8956855017,2322.60327646567,796.8217615538742,457.97722873458406,471.8216412141919,15.472682151473023,-0.0115126491265621,96,69,96.40725740648834
701,777.0093821430589,155555.91557413602,75285.79056349554,75996.18836539386,2365.1117983703734,816.6637649823097,463.4804778705002,476.5141173857555,15.298785769589111,-0.0494323772550742,96,69,96.4044669645024
702,777.0258868350079,155524.03163923896,75259.9617756123,76000.23372431184,2395.0164160091663,831.7638686681166,467.10246759900474,478.2580146530818,15.083624039797128,-0.0728245406497377,96,69,96.40167900214897
703,777.0290861788259,155554.82831949944,75274.2749992929,75985.56909909294,2441.070260995766,851.3539005170314,476.240663549921,486.14304688267293,14.82891863818424,-0.1032105031294357,96,69,96.39889357281598
704,777.0452127739085,155499.99052527524,75261.43405703007,75990.33799587094,2464.145237877092,860.6574354168115,482.4859323402925,491.09023069919203,14.541731965975814,-0.1303428933449827,96,69,96.39611072983897
705,777.0494660003602,155527.73449226815,75273.23299196325,76004.08282222052,2492.0044089711737,869.4353190176626,491.55252300712164,500.9815903752169,14.231674898099543,-0.1358188889565826,96,69,96.39333052649988
706,777.0651151070668,155508.78413133076,75275.25252970317,75990.27193828432,2490.783870472107,866.0542454252427,494.9335763955314,506.7695475317305,13.913135778003296,-0.1369043335261737,96,69,96.39055301602494
707,777.0687284853759,155487.42200929363,75261.58970747498,76007.65774369928,2488.303581182321,861.4463913539075,497.54465273109963,515.1434204078687,13.601347726715408,-0.1460654009122106,96,69,96.38777825158368
708,777.0853190417594,155497.3812760856,75271.10466025368,75996.450336047,2451.2201404689695,844.8257923677011,490.93207786843413,516.355339927075,13.311129364213546,-0.1417176738707444,96,69,96.38500628628664
709,777.089313179535,155450.1762225372,75286.01038718881,75986.23039135273,2412.771235750173,828.8878230409609,481.73314378096256,518.1416600885859,13.056038983075666,-0.1651275802449233,96,69,96.38223717318388
710,777.1050547301378,155491.12646567472,75295.3329257225,76005.43755549238,2343.746318977617,803.4771989737201,463.4813213624584,512.0839946605847,12.84400094886824,-0.1690336355215493,96,69,96.37947096526344
711,777.1086439426862,155481.57738740538,75288.47889488784,75987.86122464144,2277.551778224064,780.0863456941734,444.075223607535,506.59286930356757,12.679430287057915,-0.1394219560282928,96,69,96.37670771544974
712,777.1253334545073,155497.61884649744,75308.26787512036,76028.28438831148,2186.391001378477,747.9106426962389,418.5107599387993,494.2280362465244,12.560828505491813,-0.140194179105267,96,69,96.37394747660127
713,777.1292008328027,155524.76304698066,75312.49666070148,76016.40190550906,2107.0369598135585,718.9242925043654,396.02177126088645,484.43396147477324,12.482303664583457,-0.144881974482038,96,69,96.37119030150976
714,777.1449673655708,155506.25375354209,75335.2454774745,76017.23741438868,2013.0557969112997,682.8828796583402,371.898695271404,469.9048221553094,12.436362274393222,-0.1601109981758449,96,69,96.36843624289804
715,777.1485871801627,155540.54644718597,75295.59938070574,76045.44997524093,1937.2785226053093,651.1403675917973,353.8361974010768,458.6336302521231,12.413044731105748,-0.1585610831727554,96,69,96.3656853534182
716,777.1653289376247,155527.218199001,75318.43889808778,76031.34351485776,1851.1218178008567,613.9902799008123,335.7271093891759,442.55190868119826,12.404751574397425,-0.141722403202797,96,69,96.36293768565046
717,777.1690934970372,155534.84843753118,75314.86079033445,76023.20015753068,1786.2878375041182,583.6833390751272,324.0495274409768,429.64356287400005,12.405209134875369,-0.1288855702327826,96,69,96.36019329210092
718,777.1848749506065,155547.67391397126,75306.12390546896,76023.46540062188,1712.0367040180718,550.7247278351133,311.6321102887159,412.3628998922941,12.410718925990372,-0.120401274859908,96,69,96.3574522252
719,777.1885441898346,155561.21082253024,75325.08981230437,76017.09474140234,1654.289205012028,525.5895670945029,303.40698409292963,398.6505435788713,12.421468177681836,-0.1294731971245782,96,69,96.35471453730148
720,777.2053136966758,155602.68058792656,75289.72603511024,76026.73787271212,1581.638512586127,498.14160396876105,292.14907379233046,382.0079637368035,12.438297447858874,-0.1238334279895302,96,69,96.3519802806794
721,777.208985248169,155599.25265270742,75311.73258739116,76017.61711811282,1521.9952914752066,478.5479122366669,283.4278439642221,371.06869246115093,12.464980780940005,-0.1197793123259368,96,69,96.34924950752752
722,777.2247833046889,155624.76050066948,75300.53185311562,75978.63515851536,1446.9653871440678,456.5749168924376,271.0750105033803,359.2088337718742,12.505010008041074,-0.1192858699049352,96,69,96.34652226995728
723,777.2285105116764,155592.66456127446,75290.00766321749,76000.14785835755,1384.2374121732428,441.22778328279674,260.95504947108566,353.0923460103222,12.561195811137406,-0.1161884309907558,96,69,96.34379861999628
724,777.2452897630437,155607.48157842158,75284.97759541724,76016.15151679369,1309.4819760254468,423.0000378598925,248.07642324917833,344.97420595004223,12.636162732564332,-0.1103027097474637,96,69,96.341078609586
725,777.2488745736994,155610.65134692797,75286.31557237232,76020.62213787058,1253.1608812854975,411.46373473973654,238.8804026861617,340.4383378032362,12.728903628826208,-0.1014983837997237,96,69,96.33836229058063
726,777.2646951082731,155627.84148237586,75357.91428034565,76012.97160143327,1191.623637222976,397.3125835102546,228.36233718213043,331.4205267637153,12.8374591588642,-0.0955004815572146,96,69,96.33564971474566
727,777.2684837623266,155609.3183882057,75303.02308644415,76007.7212137646,1150.1694332962506,388.4573033381748,221.48510513847577,322.936396146717,12.956676762401353,-0.0921701993714275,96,69,96.33294093375504
728,777.2852576457265,155652.1334099201,75311.80705372403,76022.21098538942,1103.6366987794754,375.5282479368034,212.68620870169252,308.3762614817533,13.07916230854428,-0.0969434161759705,96,69,96.33023599919107
729,777.2887613362276,155641.94803198412,75303.62749093695,76023.45122928437,1074.2795592078473,366.0651035330666,206.20107193736476,294.0945710829401,13.19760484803702,-0.0851914631957457,96,69,96.32753496254128
730,777.3046119318369,155700.22642705715,75317.59536403706,76023.13944421425,1034.7189686726779,350.96400229157007,196.39586241784855,275.0022680374386,13.30324031272089,-0.0799163191495385,96,69,96.32483787519732
731,777.3084622201443,155667.0526726526,75325.28842686389,76005.84143016352,1002.8229543205234,337.26384715030144,187.16126366629032,257.53123098402284,13.390262048834872,-0.0827461332782212,96,69,96.3221447884539
732,777.3252173803362,155701.92165850344,75296.49672470725,76020.42964049743,954.390447954298,317.7934532868676,174.23221976304194,237.58826113451505,13.45473710732255,-0.0838004009037603,96,69,96.31945575350564
733,777.3286459935053,155714.06187299613,75311.91622416987,76013.16088081028,910.2912972898339,300.8127697253949,162.47229848825373,221.37028699708753,13.495614386898923,-0.0747252503201361,96,69,96.31677082144672
734,777.3445347896567,155726.27279155073,75283.45066288403,76018.00701395092,850.8654595447588,280.2980218454759,148.65305131327477,204.5510139563703,13.516035659357229,-0.0835644035599279,96,69,96.31409004326844
735,777.3484444131681,155755.68730075497,75297.86879906173,76033.78690726543,797.0567047859658,263.3863430818601,137.23839451823733,191.67599170308677,13.519676599905678,-0.0829876859693491,96,69,96.31141346985794
736,777.3651688786707,155758.0805355185,75329.20505741425,76010.05418483062,732.7468953398638,243.8568940688565,125.14660468630609,178.0320902801759,13.512489016368228,-0.0713904709398697,96,69,96.30874115199614
737,777.3685293123802,155773.8926769161,75320.34855485059,76034.42627067292,676.5985795864835,226.67693751407205,115.57699765879079,166.7801497639157,13.499130653556902,-0.0865029080245562,96,69,96.30607314035623
738,777.3844643361934,155773.43274520806,75322.8411647768,76029.30740350288,609.2491746724118,203.92878810309048,104.29945541798952,152.73134879907593,13.482214715745412,-0.0839031621871272,96,69,96.30340948550204
739,777.3884289760696,155781.5397612884,75312.13390914942,76007.72467566893,541.6814133495791,178.33468233638268,92.6569087166572,137.99402790571912,13.463267381524805,-0.0728492197436368,96,69,96.30075023788612
740,777.4051120739559,155815.2734238072,75283.12703313175,76018.26347056316,454.4529870626284,143.5491760885634,76.65280064762919,118.55153623991646,13.440023745422604,-0.0787107424797861,96,69,96.29809544784864
741,777.4084122341105,155849.7216586035,75321.67167116076,76025.67887596175,359.32382972486084,104.81883838016074,58.30724450777052,97.24889944039751,13.410186412262306,-0.0687705203231754,96,69,96.29544516561464
742,777.4244009479714,155854.19845871124,75309.99624589433,76026.3753956325,246.19766712089768,61.50877978063363,36.52938980871113,72.32630017999327,13.370340823473551,-0.0600734347306453,96,69,96.2927994412934
743,777.4284146007883,155852.0398953139,75315.48599975649,76027.55040603963,138.06835417781258,24.42264913638064,16.507611303619342,47.98086198611418,13.317289437069224,-0.0445932319650681,96,69,96.29015832487622
744,777.4450469895152,155902.0112585207,75302.21054893667,75995.9051189425,44.22640726354439,-0.0,1.78065473222523,25.10874619986862,13.250331847581744,-0.0577372258692434,96,69,96.28752186623451
745,777.4482957965739,155938.77707284887,75322.16361872276,76029.31090937473,-0.0,1.8830765999591677,-0.0,8.542958877253113,13.168690156161494,-0.0713449583986748,96,69,96.28489011511884
746,777.4643447627348,155937.2141207896,75302.2451559578,76037.40455037665,22.24677793448791,36.26632241754851,15.728806912346045,-0.0,13.07439202772342,-0.0758402673396162,96,69,96.28226312115667
747,777.4684000257525,155916.29766744465,75306.03233994693,76022.88140009709,138.045399345865,109.90730074337625,53.63755142732407,2.6701982890663203,12.969733345196977,-0.0885185385843219,96,69,96.27964093385071
748,777.484973772735,155894.6408022469,75314.38195924363,76031.53226739468,348.9962948554894,219.54762073954043,113.59020920234616,17.018670418707188,12.85692688152575,-0.0886878343659743,96,69,96.27702360257732
749,777.4881810811977,155907.54557068576,75304.03675374144,76005.7435541154,653.1021904226509,358.525025637573,192.57412605173886,42.87049065079191,12.739113865325542,-0.1076701295768996,96,69,96.27441117658508
750,777.504295701587,155855.47616590682,75316.25040306775,76011.19389532093,1023.9995249261847,512.5843218140799,283.58580012759194,78.72006556770066,12.617025551811125,-0.1036390782667386,96,69,96.27180370499256
751,777.5083840427875,155783.97864257818,75300.30617917047,76027.03270104024,1432.5912568932981,666.7573080258298,377.4145456913393,121.53374659983092,12.491735124313749,-0.0941991508637939,96,69,96.26920123678724
752,777.5248927104078,155765.0504188043,75300.98184418553,76032.60002609063,1840.5905699171708,806.1576110993046,464.8636849532486,169.0343818012043,12.362550734107243,-0.1011718543619896,96,69,96.26660382082332
753,777.5280691723378,155702.28732578206,75291.0436458069,76026.9434031401,2215.8085331916227,919.7812203097274,537.1513446648314,217.0318834510981,12.227307113422231,-0.0816940041534454,96,69,96.26401150582038
754,777.5442534846402,155695.47181632146,75292.01576550037,76005.87093503684,2532.895684039977,1002.644507337216,589.8812609017332,264.56940583285177,12.084271962837152,-0.077992595289853,96,69,96.26142434036151
755,777.5483655126399,155600.09841546955,75271.13915559332,75995.66400852258,2776.8893074917723,1053.8472920301137,620.3772918360919,308.12630812526913,11.929684520889548,0.0133866609520166,96,69,96.25884237289176
756,777.5648042324135,155606.16128081756,75291.66487526556,76009.42676750143,2946.060178282205,1078.516781850034,631.7627341964399,348.8214609225979,11.761403344303009,0.2746091584472259,96,69,96.2562656517164
757,777.5679611239655,155529.8318750061,75275.47258762221,75987.56945285233,3042.983457844821,1081.2365712870378,626.9625072035415,384.08714618114755,11.577722196053273,0.3990610821068515,96,69,96.25369422499932
758,777.5842176447238,155536.668906828,75276.7818018102,75999.07710080888,3082.245291687257,1070.3092658315436,613.44105795832,417.389844104473,11.378340957581267,-0.0992708737049566,96,69,96.25112814076118
759,777.5883433846758,155463.2148235541,75293.0370611204,75986.23674471112,3072.8533088837867,1048.9157761752722,594.7116677982413,446.7156725547975,11.166723795538166,-0.4394724386971531,96,69,96.24856744687804
760,777.6047089070565,155484.99834069944,75305.60317545514,76034.40615509193,3033.403465671523,1023.154404929257,576.8928036658617,476.3153368034109,10.947469725296031,-0.1395529159337832,96,69,96.24601219107944
761,777.6078579316434,155433.3696528907,75273.61132199701,76030.708402037,2969.8536461001495,992.511658962103,559.7671828272869,503.2645898828632,10.72909493914005,-0.1150022556897712,96,69,96.24346242094671
762,777.6241875411864,155404.03879180568,75278.53478819403,76005.88686199501,2899.8012247199076,961.7163338217797,546.2612882804242,531.8143187827955,10.521360696363482,-0.1418426526029864,96,69,96.24091818391167
763,777.6283167183743,155409.03526997406,75273.98501074962,76009.35594377361,2823.8135831459076,928.7880543935025,532.6831756233005,557.1620673892612,10.334205339123985,-0.0853449108679397,96,69,96.23837952725448
764,777.644607429701,155369.0593233339,75259.63186736051,76011.95407592379,2756.3754361477913,898.8555344694614,520.417386836838,582.310103959433,10.178132890055146,-0.1204251561515016,96,69,96.23584649810245
765,777.6477605091669,155331.28185426185,75275.30108606102,75966.98641030818,2692.1842786573106,869.7262256707181,505.3907429493265,600.8473032197508,10.05999340611139,-0.1286417604400931,96,69,96.23331914342802
766,777.664162374443,155321.89112690042,75262.67933391333,75986.63444210941,2643.569450133131,847.2447580509179,490.96874185765046,616.4477423232456,9.985024116594186,-0.1222591661812529,96,69,96.23079751004713
767,777.6682847054022,155336.35797432295,75283.40565284445,75994.81982665243,2599.2895547369844,827.5436931681761,474.7451016014966,622.7518777782971,9.954542133519295,-0.1121259059453873,96,69,96.22828164461826
768,777.6845006055468,155346.78275414289,75295.12069339771,75980.51309186169,2568.04429179366,814.5875071098708,461.8536324342422,624.8252973825438,9.966120016001192,-0.0964899638630038,96,69,96.22577159363958
769,777.6876696699585,155334.26310206667,75283.46997461516,76009.443524137,2533.8952951232204,801.7165636613936,450.2426073659444,617.6120188745845,10.01600994460266,-0.0878631010760972,96,69,96.22326740344836
770,777.704141201291,155359.38488493257,75329.30122967745,76044.85902231849,2506.0011895250645,792.0067459502025,444.9236139919085,608.9203771220346,10.097153823532098,-0.0899532031860793,96,69,96.2207691202188
771,777.708246691506,155365.43666187755,75322.30830604272,76053.51652746345,2467.1895292968256,777.7689594974654,441.64603493071627,594.5001501281222,10.203267637066316,-0.0782481250870379,96,69,96.21827678996053
772,777.7243893271033,155380.73470443068,75303.91532914824,76045.56074075986,2429.2955918449443,763.2204363803176,443.14132923356374,582.907088499458,10.328092759522482,-0.0642226262018399,96,69,96.21579045851682
773,777.7275861135938,155383.7881437244,75316.32474288218,76058.25031954116,2378.234798171674,742.7670952188055,443.13551436699345,569.6705728735833,10.46625538869599,-0.072164245137716,96,69,96.21331017156362
774,777.7441229506203,155428.04187957008,75310.44475903729,76053.33584349138,2332.623090528883,724.4263024475949,444.21257248005713,563.6783967080119,10.615629080432916,-0.0751598041429483,96,69,96.21083597460668
775,777.7482021977273,155427.31430444642,75321.17000517462,76059.70016908433,2280.505883399339,704.4633687246678,440.3500876109174,558.4935774652404,10.774419554824458,-0.0546113595636866,96,69,96.20836791298136
776,777.7642745469608,155440.83052908667,75288.77069774315,76024.44007211908,2242.433466751303,691.9613265209773,435.86795895773685,561.2033249969827,10.943671954285708,-0.0494316528981203,96,69,96.20590603184998
777,777.7675104173406,155400.29507032063,75332.4975198754,76025.47361808062,2205.817418741004,682.5109848515131,427.07211457323865,563.6459644535207,11.124600206353612,-0.0378045304044823,96,69,96.20345037620052
778,777.78410644005,155387.68186071873,75274.64655767639,76013.78417876943,2191.4301933413954,684.1048302971903,421.02361738085165,572.8209691212105,11.317331995625048,-0.0196669393385725,96,69,96.20100099084516
779,777.788150938856,155410.63338735566,75269.02810048348,76003.71566783015,2181.802467254398,689.0512850597152,414.8198764039844,579.5093212755746,11.52155377670166,-0.0153341732640171,96,69,96.19855792041858
780,777.804157249225,155406.30337812047,75276.17312021846,76008.38156502674,2193.929282991914,702.6495702583634,415.2162886140577,590.8440407175513,11.732506273985866,0.010821977310284,96,69,96.19612120937616
781,777.8074430284678,155413.5321528688,75273.340547557,76023.08038901878,2207.246552669909,715.4434460844495,417.8503784495697,598.2352705803642,11.943415605062238,0.0238103829819955,96,69,96.1936909019928
782,777.8240904002994,155397.66684127823,75279.456454248,76012.61067418498,2238.7843452962115,732.8432228211459,427.68269391800277,610.2157421399606,12.14399476790247,0.0264036746022623,96,69,96.19126704236088
783,777.8280928271811,155389.0101130441,75251.4658701261,76025.46902283373,2265.1142286033137,745.1269568721473,437.54732012812747,617.491658092913,12.32136035081192,0.0208532445510128,96,69,96.18884967438898
784,777.8440384387324,155363.54638615085,75277.00958836258,76020.20020329223,2302.32190632727,758.6600236845406,450.5804606298625,628.1950746146613,12.463704575405435,0.0040987823821914,96,69,96.18643884180004
785,777.8473842279009,155391.7757783701,75286.87036106875,76012.18705395433,2326.8625035109,765.2883531063853,459.2213852928544,632.9923994411074,12.559424910472485,0.0048811669921402,96,69,96.18403458813005
786,777.86407355453,155361.59666349416,75291.15417216855,76016.66678048731,2356.2360022550565,773.230237405849,467.6422623580438,640.8476103908615,12.602136532103406,-0.0129672680114486,96,69,96.18163695672636
787,777.8680278833069,155386.1482948647,75289.95077808035,76011.26003966898,2365.062911675079,774.2299308782967,469.1597521287622,641.8624440695567,12.590595639393367,-0.0563690540144874,96,69,96.17924599074595
788,777.8839192783262,155381.14385471126,75279.65481720096,75995.77023583991,2371.4206491007935,776.2369933689479,469.3368250107451,645.4195694596856,12.52923183453938,-0.094959135510929,96,69,96.1768617331542
789,777.8873338438995,155371.56777512495,75275.65477156399,76041.40202041533,2352.835743679432,770.7346750664001,462.9988662728865,642.7053553702717,12.429713214492605,-0.1213147913375745,96,69,96.17448422672292
790,777.9040551429717,155390.33701719157,75285.87806866528,76012.30934728358,2331.779647627438,765.4884456756845,456.76176052496885,644.4140135381895,12.30638573585259,-0.1451612793678143,96,69,96.17211351402914
791,777.907955332363,155402.32697712912,75295.73838111463,76013.8994593118,2286.6555261383182,750.7824801675742,445.1021130651643,640.9632834474323,12.176753013360488,-0.1578144531613542,96,69,96.16974963745336
792,777.9238027913253,155408.356315838,75267.42115357328,75994.56535210145,2241.516549022461,734.3380201623222,434.284694962902,642.6044831766048,12.057051419377238,-0.1698965041813644,96,69,96.16739263917805
793,777.9272876741555,155402.40797336274,75304.81585384185,76016.98600640062,2176.6168387904763,707.7211543829326,418.85166002536425,639.6062746279058,11.959435611178296,-0.1800933784216431,96,69,96.16504256118618
794,777.9440434599311,155404.92626055973,75298.14922417796,76001.79675897134,2116.679582746292,680.3440474352392,405.16009679660783,642.0446516970114,11.892190795001486,-0.1682416694958285,96,69,96.16269944525943
795,777.9478461741827,155414.3858082329,75300.2972599223,76014.99754559451,2038.7649006521096,644.3304525339772,387.22639927858836,638.5200802437321,11.856025298435334,-0.161659388426531,96,69,96.16036333297708
796,777.964437156317,155420.3896093466,75264.77709946322,76011.58362561924,1967.032680285105,610.2572768577811,371.574141256453,639.1504915021651,11.847497087492297,-0.1476099911389824,96,69,96.15803426571404
797,777.9673434107475,155415.69605783085,75285.03498599782,76000.58097494367,1877.820410501503,570.5866823572142,352.2231294575904,632.4202754983853,11.85905556671215,-0.1499194796956061,96,69,96.1557122846396
798,777.9839436538742,155443.7021984665,75250.41334538223,75991.13940979213,1797.7759370522108,536.5280829882104,336.1335696488095,629.884724595322,11.881053905719648,-0.1451070251776205,96,69,96.15339743071596
799,777.9878637628005,155435.35678819768,75284.83698914746,76013.56914858182,1704.4377838929067,500.09923915422405,317.24167621848756,620.3863219216,11.906292285392771,-0.1298921949880065,96,69,96.15108974469638
800,778.0042969416451,155500.9838826904,75291.49019832535,76006.33561117362,1623.7493357248022,471.1037576578092,301.8387269919622,614.8912197756872,11.929103886683292,-0.1269278412869371,96,69,96.1487892671239
801,778.0072776608564,155466.69842630945,75269.14504111548,75979.41630430326,1533.8140839779517,440.8793761610432,283.85128544823965,602.0497553757159,11.94955153304447,-0.1250203685632393,96,69,96.14649603833
802,778.0238991375784,155496.18066472627,75287.93838948301,76006.98490666282,1461.6537921558484,419.065722327563,270.01106687576976,593.370100607397,11.972211717149426,-0.1296145562529488,96,69,96.1442100984328
803,778.0278461139463,155498.09325947126,75268.40432079007,75981.31302497975,1383.4350546806818,396.0448949838319,254.29442345988355,576.712976237759,12.005051920027697,-0.1400691772651975,96,69,96.14193148733588
804,778.0441716718809,155541.9998704847,75292.52245816999,76023.59195208599,1322.4795783434529,379.980798392382,243.02095374692,562.6015143798431,12.059823173430145,-0.1309169572401435,96,69,96.13966024472616
805,778.0472046399356,155538.38885586322,75266.05712956017,76015.73413672953,1254.1397846510517,361.031747945206,230.31822543690214,539.3569438247359,12.14668067414702,-0.1260552327896232,96,69,96.13739641007336
806,778.0638689373474,155602.11035250602,75289.39508308325,76005.93550516966,1202.6146418576245,347.8537839500641,222.56389026693068,519.2124744017492,12.274541491867463,-0.1376144236617176,96,69,96.13514002262797
807,778.067813285469,155626.3070564994,75284.82540139198,76003.56447737463,1142.6830742807942,330.72322027396876,213.22616861612187,490.98418711550767,12.44754249802986,-0.1289871442036647,96,69,96.13289112141956
808,778.0840499116792,155645.35102540275,75307.42117282783,76007.05056368673,1097.042807113845,318.1363111933897,207.57128189742798,466.9229465673561,12.663466793791272,-0.1351462566355251,96,69,96.13064974525584
809,778.0871330282762,155659.71203392372,75286.68228459494,76002.8534424606,1042.0818482211907,301.4409681932302,199.03540797327878,436.6964385199826,12.915920483605085,-0.149633385231806,96,69,96.1284159327212
810,778.1038464051604,155718.23322241675,75294.2453905517,75995.60468119972,1002.2236783368862,290.1022336798633,193.28848126821686,413.5493806845334,13.192511710112631,-0.1376803319738566,96,69,96.12618972217452
811,778.1077687571535,155759.5505237088,75292.39391433001,76022.29504189022,953.167003206443,275.3793609229033,184.14145170387928,386.2604370689078,13.479815704262707,-0.1392590136589155,96,69,96.12397115174856
812,778.1239299866279,155758.84613367153,75296.31660240407,76028.03310921584,916.8764154339442,265.76258411075105,177.41155001652078,366.55954717681743,13.764516283683156,-0.1381985400731827,96,69,96.12176025934856
813,778.1270650619591,155791.21663342335,75306.71589110699,76035.72751879726,869.6026426277822,252.5822440720076,167.82177480385872,342.82397989401943,14.035300745592076,-0.1356623373405643,96,69,96.11955708264988
814,778.1438293186746,155814.04846582655,75308.8044181632,76019.35988468697,833.5078738241573,244.16418514901306,161.56554550025612,326.7366328097123,14.286644345703904,-0.1353949910932759,96,69,96.11736165909724
815,778.1477126315009,155835.15096575455,75296.3189933998,76052.87350437487,783.8410777156241,231.25635534449248,153.03435123478994,305.4854985869606,14.51624553418601,-0.1595325291157765,96,69,96.11517402590378
816,778.1638134127186,155886.6751389083,75305.9248911154,76027.89836375917,741.4840718928026,221.49470715163625,147.55376454940415,289.84509812356555,14.72718459814065,-0.1686867738352857,96,69,96.11299422004858
817,778.1669996272673,155869.57001216782,75312.35260852658,76030.77174241377,685.0277774831629,206.75670420299866,139.68051871465286,267.89941655661096,14.925058174369935,-0.1547183059649351,96,69,96.11082227827602
818,778.1838191259039,155913.14569532365,75306.42358573976,76044.34209302407,638.4295492026722,195.70493435185927,134.76262166912784,251.61612374644028,15.115515815761889,-0.1554665965715301,96,69,96.10865823709425
819,778.1876402331211,155910.3616203466,75298.84381071462,76023.92547035585,582.1632491754135,180.8776807859249,127.30549814586993,228.96759426617064,15.304535401354094,-0.1511443427626636,96,69,96.10650213277349
820,778.2037092279827,155981.00559887756,75297.90268339402,76036.46274681693,540.0391961549176,170.8572657972545,122.24590600439114,211.66704628561274,15.493762674808584,-0.1532012819302546,96,69,96.10435400134492
821,778.2069225411745,155998.13725226928,75317.6302999586,76031.54627452584,493.9100543874083,158.755419193345,114.41910322019248,188.49068363313563,15.68230474302343,-0.1655590900261681,96,69,96.10221387859951
822,778.2238432776732,156017.95902991886,75298.73098081887,76012.45536575874,464.5676331988652,152.0217700052017,108.27366519457428,171.34586061927257,15.865209256552504,-0.1547851008365627,96,69,96.10008180008612
823,778.2274771685453,156025.95681914885,75307.89376523068,76011.37518295027,427.64710878563346,141.40590570677887,97.8394861377601,147.6103730421164,16.033453388888656,-0.1491645669206546,96,69,96.09795780111054
824,778.2442940558495,156068.1803313244,75318.21574693873,76032.60590216694,397.17071816907264,131.7217504993605,86.84399283249513,128.67847788822837,16.177415735398842,-0.1565845563663797,96,69,96.09584191673429
825,778.2470911642616,156064.57051030343,75328.86893724038,76031.39409755959,345.9001377945533,112.76729364982748,69.79122449908755,102.06824363709893,16.28542731651035,-0.1524764615302759,96,69,96.09373418177248
826,778.2636965201325,156133.67102944985,75303.47278572038,76016.35053544531,288.90430376143195,90.31541065625788,51.65683376166271,80.5116682088701,16.34828896858938,-0.1369341386747203,96,69,96.09163463079356
827,778.2675232161524,156147.28402273593,75313.12297083244,76042.23512928541,207.28105414804304,58.57318230168312,29.744148484722245,53.236169783747755,16.359667082894415,-0.1243007941888334,96,69,96.08954329811723
828,778.284147304064,156181.87928496423,75314.12171494811,76024.20551766784,126.08816363837104,28.826825615149573,11.62517031020252,33.24080156718264,16.316715573579064,-0.1105926328122644,96,69,96.08746021781332
829,778.2870272268523,156202.14015660065,75300.08158440437,76042.79545804112,43.46069979452295,3.3782124520948855,-1.6621442016330548,11.054542258119909,16.222971316397167,-0.132518132951865,96,69,96.08538542370044
830,778.3036385643462,156214.93360674626,75301.23272401627,76032.72306635446,-0.0,-0.0,-0.0,0.8974229485611431,16.085047009647035,-0.1403232274986219,96,69,96.08331894934511
831,778.3075188545158,156215.362872697,75303.6584930157,76020.3186505457,5.2452778944862075,24.161953354559955,18.660662081820192,-6.809758175397292,15.91430853085054,-0.133832391239638,96,69,96.08126082805973
832,778.3240241648012,156253.52626260582,75298.21639514569,76022.48689498586,98.43857264064718,89.9169498058327,61.86522911902284,-0.0,15.724029807994356,-0.1526736741762652,96,69,96.07921109290172
833,778.3269483615226,156211.3305790476,75272.0138998608,76006.4276479506,280.10172994603636,194.66193309983646,127.31432078871876,10.523694135568803,15.526788246315412,-0.1675474675236466,96,69,96.07716977667242
834,778.3436011366376,156199.2286272957,75302.02575881092,76006.3577877317,568.1185191264376,339.49680839407665,215.61489601514768,35.796976768324384,15.334962785312603,-0.1571951013911687,96,69,96.07513691191537
835,778.3474962849928,156164.52354940528,75289.84900883901,76037.1419094586,935.6997972793179,508.09271112579154,317.2314408305392,63.51418410619954,15.15620727113533,-0.1494754208648645,96,69,96.0731125309153
836,778.3639064033969,156151.88379043635,75267.82329627349,76017.75783383961,1369.713948199642,689.1293488461961,425.89199963849387,102.48234858250362,14.995337207606532,-0.1489581863890404,96,69,96.07109666569696
837,778.3668673893604,156102.29936961163,75306.08657347935,76025.13981916053,1822.230212263763,860.792613425976,528.9360114666051,140.23470916203223,14.85315558627084,-0.1437279928907723,96,69,96.06908934802368
838,778.3835752748854,156074.64133556446,75295.56733050846,76016.07645698934,2268.682768824394,1012.54122218251,620.1189081231423,186.12797834473895,14.726426182197873,-0.1331253333892114,96,69,96.06709060939606
839,778.3874602811006,156025.6090635635,75258.49360225744,76004.61414234398,2663.7781277713366,1129.9667117276404,690.629527169629,227.87935035617556,14.6114968307941,-0.1414801060268258,96,69,96.06510048105136
840,778.4037913803992,155971.91551513155,75287.56892682615,76007.71165089837,2994.4966598178726,1212.8128822682193,739.7750807966368,274.26884264228283,14.502693170767394,-0.0030695719368583,96,69,96.06311899396133
841,778.4067871386947,155958.9142910932,75297.58582744378,76026.83955919562,3237.7111360155395,1258.9883085164183,765.9803301301727,313.94443960208446,14.396388131137604,0.2846846334364003,96,69,96.06114617883172
842,778.4235588712506,155915.39756073494,75288.31807976948,76035.86845243006,3402.947880754771,1277.80095280378,774.565446976907,356.5323830891575,14.291011844942844,0.2771894400225724,96,69,96.05918206610087
843,778.4274103133004,155897.80130029406,75282.00773215719,76019.2304886837,3487.946695957915,1273.2835516152263,768.4778361511271,390.5827753286576,14.186868274034758,-0.2892899749033187,96,69,96.05722668593847
844,778.4436813688307,155851.09878223753,75284.41722455769,76024.58172557205,3515.338243845268,1255.8556762480875,754.6180936258461,424.92659161321353,14.088532706805188,-0.4392155947163419,96,69,96.05528006824451
845,778.4467053909128,155821.19249365618,75264.27926040158,76013.68590532888,3492.2824892396457,1228.5125880079722,735.9868656627077,449.05555053643184,14.00108663381268,-0.1475214768922093,96,69,96.05334224264772
846,778.4635554218363,155821.93328929134,75285.34151469824,76031.40300388969,3443.0429236700875,1198.2464381125028,717.3312283434207,473.0996190116275,13.931516456903914,-0.1767520395831107,96,69,96.05141323850488
847,778.467338526945,155785.26367495715,75288.34557423888,76018.83377573284,3372.9132643943303,1164.9163137787837,699.0343071265379,487.4487294573919,13.886157567567803,-0.1593787225040052,96,69,96.04949308489958
848,778.4835898199509,155782.94096899775,75271.72104221012,76031.91377747766,3300.0680020641885,1132.6453349553485,682.8378483608831,502.89876597200055,13.868379641140594,-0.1443203409686188,96,69,96.0475818106408
849,778.4866011583593,155780.02982481508,75295.77488678077,76016.81909460263,3225.517643536092,1100.6970769517648,667.538704601553,511.6687530230847,13.879937563561157,-0.1505696338584292,96,69,96.04567944426212
850,778.5036044781863,155785.00298220923,75269.10132231405,76012.40135887664,3161.63358131476,1072.8642714614834,653.8199329708586,525.4765749796643,13.917396030784465,-0.1269764429328831,96,69,96.04378601402009
851,778.5071466311514,155790.0286879462,75261.63076501121,76019.89758792835,3104.919331681798,1048.6539820721227,640.5901554543816,535.3777607612137,13.974971157148028,-0.1406385121069816,96,69,96.04190154789374
852,778.5240968542971,155766.9808440663,75277.3936885732,76046.85076698815,3062.27778696554,1030.9923138751037,628.621461356699,551.1947941014078,14.044491990375,-0.1330371083294207,96,69,96.04002607358328
853,778.5268882382036,155761.6968394079,75253.96686893688,76023.48077714271,3026.686478571326,1018.2041681227856,617.3504419001692,562.1027305847092,14.11592268770246,-0.1256726428410891,96,69,96.03815961850852
854,778.5434205690259,155704.24729562365,75290.1203966238,76029.96232081843,3000.339309252682,1010.5439408102538,607.3372874218912,576.5192402930115,14.18137395347787,-0.1220656405539799,96,69,96.0363022098085
855,778.54721149812,155722.12098216603,75284.53487131576,76015.20468212737,2973.8748769427766,1004.0677714190097,597.9296123011154,583.5748129798158,14.233255263877307,-0.1099281711476401,96,69,96.03445387433976
856,778.563950657502,155744.1260255796,75300.6697987414,76026.31576308685,2946.6992847920046,996.7903195065446,588.9936808119528,591.3730995063088,14.267527007775689,-0.0899254602331797,96,69,96.03261463867577
857,778.566823508552,155732.00393518532,75264.78415275745,76054.40097294924,2910.85769454838,984.9320267439325,579.7566840812797,590.6893354305066,14.282853305733404,-0.0993945879509386,96,69,96.03078452910586
858,778.5833505944331,155739.38181021358,75287.63600810603,76027.31261357093,2868.427537824202,968.1829901157034,569.9086914572981,592.0148119436344,14.27923942783648,-0.1183880585031495,96,69,96.0289635716336
859,778.5872171674405,155756.03468464382,75288.25733993576,76039.9977103653,2817.025872072554,946.43921557875,559.3007319839962,587.8042031341465,14.259856637056936,-0.0975042485916818,96,69,96.02715179197652
860,778.6038321569735,155762.04468027464,75287.58435707902,76045.35861515388,2763.05038872594,922.8279342379101,548.2419242199103,588.0586764138425,14.227207936843316,-0.0953844438417998,96,69,96.02534921556452
861,778.606739965765,155759.07900327703,75287.11407977769,76026.3499008724,2708.893901267613,900.322360959588,537.6941221626766,584.7838788049994,14.185058529379168,-0.0815834871300129,96,69,96.023555867539
862,778.6233036196426,155759.61649692935,75298.72667767745,76051.78201661557,2662.349118294369,882.7485308528994,528.5099687549518,587.4133820226416,14.13723559477319,-0.0659409831674284,96,69,96.02177177275206
863,778.6272051397078,155738.86123833572,75289.67200997216,76057.9844887373,2625.6211507945554,872.1433012182097,522.093919507839,586.9464495821157,14.086556832741614,-0.0806900082722679,96,69,96.01999695576532
864,778.6437178712628,155754.20464937133,75297.04338346315,76040.24938488167,2602.8232554986607,869.3979537571868,518.9149825115746,591.1876754159748,14.037435203318909,-0.0676801976891656,96,69,96.01823144084884
865,778.6466538105088,155773.08484611782,75296.66884518675,76042.05360905726,2592.627659807098,873.5657999758405,519.7813386080088,591.1524944401463,13.99277865550178,-0.0440177652060589,96,69,96.0164752519806
866,778.6632685067041,155767.29247747926,75306.29009887895,76029.72544311827,2594.4911412989604,882.4888809149852,523.8408565114078,595.5226913498773,13.956278128076873,-0.0671788826795462,96,69,96.01472841284468
867,778.6671819388092,155779.97975897926,75296.7331999898,76056.92293395344,2604.2551351857837,893.6093786702695,530.7345302266767,595.8489225303347,13.931192132194177,-0.0433590528239361,96,69,96.01299094683117
868,778.6836032171174,155757.48449131017,75285.17666829331,76059.06379682853,2618.8533731240896,904.0203205011785,538.3324506204226,600.3763001225598,13.918790775566816,-0.0274450023277803,96,69,96.01126287703484
869,778.6865699272485,155749.81466907664,75289.01760054081,76053.4774234708,2634.0179362290073,911.9280773530918,545.6105093252554,601.0516096492938,13.920460346906829,-0.0373802697758515,96,69,96.00954422625438
870,778.7032411682106,155785.0768440103,75288.36416940218,76027.80850915282,2646.511017344892,915.499824811297,550.060154389852,606.5248450843792,13.93427675711774,-0.0384819958979874,96,69,96.00783501699098
871,778.7071493821128,155771.77421632106,75305.92035850413,76059.70588692145,2653.1886318625184,914.6467764261179,551.2210318051511,608.3273889845295,13.95736012969325,-0.063609069792274,96,69,96.00613527144807
872,778.7234871163633,155757.36629093284,75284.97391505436,76053.54119897108,2651.1543579612626,908.6973828801856,547.4982964182564,613.892243487091,13.985328528668072,-0.1093946087396789,96,69,96.00444501152998
873,778.726490605054,155751.5594532171,75298.41834362874,76025.46000121087,2638.395558753051,898.4672871539224,539.7848774273007,614.6685790457996,14.01173627138492,-0.1344661276251938,96,69,96.00276425884148
874,778.7432192391753,155788.89034334218,75299.76351555072,76044.55640070203,2612.4153248544317,883.1996613822121,527.6104645060841,618.3100947790372,14.031492746803517,-0.1637264095483229,96,69,96.00109303468606
875,778.7471080509696,155775.48123660518,75289.50183829175,76047.02842012793,2572.8701014209655,863.5936140124395,513.0295807446819,616.0308607247425,14.038706370833566,-0.2023740537219737,96,69,95.99943136006632
876,778.7633696488542,155779.74702775886,75275.90703997592,76048.77387347228,2518.9384852346266,838.5286385022046,496.1092718994478,614.9931323481724,14.029997810558578,-0.2016949070076682,96,69,95.99777925568198
877,778.7664171413779,155774.45659038966,75300.37727231646,76017.6964076203,2453.0486403449904,808.9478930503537,478.9052112517238,607.3212250944052,14.00451091580755,-0.2038101527484732,96,69,95.99613674192952
878,778.783200942541,155776.78780426556,75297.81448889707,76036.22560925981,2376.395667264762,774.282483623334,460.77117598598124,601.3412589038198,13.963141744891129,-0.2042938683984196,96,69,95.9945038389013
879,778.7870581501985,155836.1391449198,75304.10312118528,76052.90964365877,2293.418658428127,736.8575036297116,443.0606965001498,589.6543629073421,13.911091405008346,-0.1944618049980041,96,69,95.992880566385
880,778.8032513968645,155830.3973801858,75291.18438344954,76034.5683266572,2205.56328161509,697.3321124913637,424.3896039868123,580.5097887722077,13.854125406997342,-0.190343267770767,96,69,95.99126694386204
881,778.8063503109814,155835.62550224192,75278.1392693412,76057.65328132088,2116.6098344158963,658.8824069738039,405.71841613345896,567.1767507488257,13.799777950233551,-0.1869408135066337,96,69,95.98966299050792
882,778.8231847437482,155861.91264019776,75270.8856714838,76033.49327197358,2026.0416408333112,621.961174450611,385.6343739416916,558.0986996014835,13.755250306868689,-0.1878332919434085,96,69,95.98806872519012
883,778.8269998061014,155861.86275027206,75272.47909226346,76048.21783845309,1936.3212195790256,589.0393784440239,365.75855004187906,545.7152920042863,13.724828874821505,-0.1830808709011518,96,69,95.98648416646864
884,778.8431331914423,155862.3633259883,75281.3476969077,76039.16661341103,1845.8620130454656,559.2161591496406,345.45292187761515,537.3639312555897,13.711617906629494,-0.1704328512333086,96,69,95.9849093325942
885,778.8462905415064,155916.8955852106,75280.60786052063,76035.13723647257,1757.1402281440096,533.6073242135171,326.89731757482514,525.553347914305,13.714193423750515,-0.170051113394309,96,69,95.98334424150794
886,778.8631692287919,155903.5977441767,75292.76699866411,76062.43353599617,1669.0754829917569,510.17134203870955,309.528554304532,517.6541408761987,13.729403623124778,-0.1612927287707293,96,69,95.98178891084046
887,778.8669331920786,155901.50171904496,75272.45065441194,76026.87007605855,1585.5541922617122,489.6950868818094,295.2962832778867,505.58303312867065,13.752833491421235,-0.1561600812212241,96,69,95.9802433579118
888,778.8830159872932,155945.18681656462,75275.5496780276,76042.28409516033,1506.2888036890072,470.16156864594086,282.92818333301693,496.14316945680184,13.778889137283205,-0.1416243499401553,96,69,95.97870759972972
889,778.8862379923783,155956.75570448185,75271.50680756076,76018.65938415629,1434.9927821136662,452.6324111326976,273.3584240411583,481.76589727940154,13.804717417127,-0.1369888884526338,96,69,95.97718165298944
890,778.9031530617823,155982.5975539684,75263.00754284317,76006.0466553267,1369.9844744240982,435.3996787822398,264.412020292395,469.5505012763315,13.827859796945308,-0.142382276846413,96,69,95.97566553407312
891,778.9068585879185,155985.84744453066,75267.7554477872,76034.72321722396,1313.2464545436087,419.97529906471027,256.6407868187234,451.6678134636895,13.84860849021466,-0.1241014659563353,96,69,95.97415925904896
892,778.9229007870447,155975.11242698322,75268.453242346,76054.09248782025,1261.0535381212248,404.7908485798689,247.9326467316132,435.33555239078123,13.868946825849976,-0.117961624281479,96,69,95.9726628436707
893,778.9261925978481,156024.972714505,75292.70229894033,76033.70927582595,1213.627334249206,391.1506914545316,239.20015087351203,414.0768089937628,13.890419907757783,-0.1262574636763545,96,69,95.97117630337644
894,778.9431349746379,156060.55863407825,75286.33674751518,76035.15677803334,1166.4501259504468,377.17571748844057,229.06444423057837,396.11671705919434,13.916073309905965,-0.1207945811755676,96,69,95.96969965328896
895,778.946776409162,156095.18329179028,75300.44498715314,76049.82978681353,1120.203086408961,364.067446914647,219.30920937427436,375.0134158934816,13.946868889355803,-0.1133543548362899,96,69,95.96823290821416
896,778.9627885867352,156098.6568954056,75280.680561459,76045.80995694338,1071.5226547969505,349.9624745289766,209.14908422756707,358.7254493662622,13.983783533090175,-0.1160588730424668,96,69,95.9667760826409
897,778.9661540970274,156113.21925240313,75309.886898672,76048.23147833948,1022.2585159500013,336.1499664714647,200.3061802276643,340.8410964461509,14.02747122153898,-0.1082595145559503,96,69,95.9653291907402
898,778.9831137698833,156114.4792624004,75302.81290790965,76032.86567892501,970.427409294236,321.12927803020284,191.60077889461536,328.4611819294223,14.077172053004483,-0.103020373519221,96,69,95.96389224636484
899,778.9866872216812,156158.70913674953,75296.32909276416,76045.74142153528,918.9970403718762,306.63025963440305,184.1082823482575,313.6246926067688,14.13363168781577,-0.110858766631829,96,69,95.96246526304876
900,779.0026803306881,156160.2219079484,75280.68371863199,76040.95179600897,866.6616185905295,291.35606037256366,176.02117962858756,302.5391285419464,14.195933337913534,-0.099155023735174,96,69,95.96104825400616
901,779.0061220613152,156182.5909695789,75312.55139584387,76054.3479855098,816.1192536342423,276.7791794464574,167.902121986961,287.59439749392914,14.263316736569148,-0.0921796931936797,96,69,95.95964123213147
902,779.023088326878,156194.28910395884,75281.87615818076,76033.355485357,765.8805150214466,261.4242550237832,158.19008092046715,275.1967716247018,14.334248293165968,-0.0891718372056445,96,69,95.9582442099982
903,779.0265917496422,156219.89681620203,75302.46441740048,76029.64480938032,718.1997338730143,246.71126437713974,148.21713836395065,257.64374214890995,14.404670766032773,-0.0899117601753084,96,69,95.95685719985906
904,779.0425768689518,156230.86619384293,75311.14860720697,76033.37914018607,671.3813255708665,231.3420256683894,137.4981301848602,241.86172182869632,14.47081820317274,-0.0911486450108386,96,69,95.95548021364488
905,779.0460959260087,156256.44151272596,75297.82849376435,76041.04627125779,627.0011199599248,216.76396816056513,127.98135374410776,221.29662681289483,14.526632045086316,-0.0847828146436168,96,69,95.95411326296431
906,779.0630576041503,156282.0264591324,75309.45874700806,76051.75550717165,583.1468733460642,201.73591786209727,119.35337304280256,203.15440210001543,14.566721778016785,-0.0837107367787317,96,69,95.95275635910356
907,779.0664908839695,156307.53714756496,75299.34652966548,76037.28451875738,540.3109984307084,187.14363690921164,112.68490931828273,180.37431495130295,14.58691085341625,-0.1015828554281235,96,69,95.95140951302544
908,779.0824789106927,156343.03004639683,75287.37719471093,76043.54756172499,495.0359409797238,170.6577425046853,106.07537629458238,160.05175453270203,14.583606031630358,-0.1083243986518323,96,69,95.9500727353692
909,779.0860750336187,156345.5292137647,75300.65535866079,76042.02534986056,445.05943210126134,151.6339295096259,98.54662875106442,135.55909989390057,14.55715545601404,-0.0921707483276127,96,69,95.94874603645016
910,779.1030206283932,156381.40295728488,75277.48110887136,76046.9478547044,385.3659558413783,127.2044083038345,87.12895683158422,113.87967841594946,14.508974644503695,-0.0725671783069192,96,69,95.94742942625903
911,779.1063857020187,156404.6003466305,75304.72405718095,76042.37358741688,313.76077009853907,97.67352069207118,71.15632041814388,88.16568323533284,14.443439696702296,-0.0561687663348397,96,69,95.94612291446148
912,779.1223869615146,156435.11972789175,75307.05012676664,76033.04281387053,229.78844542457955,63.5488402502815,50.16075795787037,66.20846011154936,14.367022772528976,-0.0657848498249384,96,69,95.94482651039806
913,779.1260587038652,156449.18350167538,75292.0310613892,76051.03683789542,139.9369077141164,30.403169226905447,27.56707715021912,42.5895479634346,14.28604086106869,-0.0749123579059304,96,69,95.94354022308325
914,779.1429764507393,156484.55559726697,75306.27270478405,76013.73541242085,57.29791301017394,5.480663315174752,8.230873551976401,25.635756741045043,14.20863315153234,-0.0729904381097722,96,69,95.94226406120552
915,779.1462775226877,156504.0917595754,75297.11571527034,76037.3600449408,2.3745347699150443,-0.0,-0.0,9.70321933334344,14.140816088240614,-0.0859642802526181,96,69,95.94099803312696
916,779.1623012147738,156532.496391395,75297.12710816869,76028.63846050973,-0.0,23.92762636153202,9.999803103739396,3.0989966489723884,14.087630602158596,-0.1125490657913843,96,69,95.93974214688232
917,779.1660463691579,156503.4943676215,75273.17996654383,76053.37265550789,74.02364246419165,85.9281671406934,44.43950092018349,-0.0,14.052037441308434,-0.1329939609854621,96,69,95.93849641017948
918,779.1829240183965,156507.33259218896,75300.72579561037,76029.43964964092,242.69201065640664,188.3128005945182,105.24737483359058,7.515863241249463,14.03277791969494,-0.1176653292962956,96,69,95.93726083039851
919,779.1861680658176,156487.00018465688,75299.34351189643,76032.85269330844,510.98100882960716,327.58360899379477,190.21866202619276,18.475783740374027,14.027070648977466,-0.1057256435306541,96,69,95.93603541459186
920,779.2022213051061,156488.56706170976,75297.06995549402,76021.09518286139,870.726205919229,492.75832058291417,292.1705546757439,39.729424969729735,14.027965377416912,-0.1204978601814729,96,69,95.93482016948316
921,779.2060379010792,156459.91674025918,75298.73030180679,76026.67975867346,1296.9904793779715,668.9780531209981,401.0686993318959,64.27812570339302,14.027262623054872,-0.1194612203229928,96,69,95.93361510146804
922,779.2228617864333,156428.6477431193,75304.25781998769,76045.78876648229,1756.6968476634938,839.3923722678592,505.76538785538287,98.30955480926787,14.01657645695472,-0.1171339996732443,96,69,95.93242021661304
923,779.2260599634303,156401.5380251044,75266.8813484322,76049.62801417412,2209.5161519823596,989.6128266649612,596.5643911211228,133.85719802803942,13.987147845997194,-0.0654773161190281,96,69,95.93123552065562
924,779.2421455685834,156382.13357479786,75302.84827857441,76014.4523962659,2621.37727072736,1109.4042166548024,666.9768243543804,176.65925043579773,13.933971063930212,0.1620671437829394,96,69,95.930061019004
925,779.2460346517366,156320.9623873366,75283.93763382561,76047.07817107331,2963.409854149155,1194.4848407907411,714.333059492812,218.28458878828678,13.853572395763251,0.398197053176171,96,69,95.92889671673674
926,779.2627862762354,156256.86361908383,75272.93326371336,76032.63621471099,3222.7467794626136,1245.6779322631337,739.9346796810569,263.3188746882661,13.746126132867504,0.0788999446953523,96,69,95.92774261860237
927,779.2659588608681,156236.40341899867,75256.00659149054,76037.51135862456,3394.838599631097,1267.751515594442,747.4790029991709,302.82016064072377,13.614786167067862,-0.4443704327170234,96,69,95.92659872901952
928,779.2820678055664,156199.40928164168,75279.86271007096,76036.77051869211,3489.98502674012,1267.4350538924627,742.4467417961132,342.34747517306823,13.46306507502672,-0.2351160539318401,96,69,95.9254650520766
929,779.2860446097955,156177.34658341322,75285.53244788779,76025.2246058958,3520.4513754112413,1251.7570578338782,729.8343687463639,374.5630770874268,13.296578610869156,-0.0796962521103416,96,69,95.9243415915316
930,779.3026834507211,156159.55763132745,75276.47767258018,76019.72114590579,3505.951228812919,1227.0539332716144,714.2044875195861,405.9065507045889,13.11897445084624,-0.1472630517612164,96,69,95.92322835081168
931,779.3058891268423,156120.98437314492,75294.23403356034,76038.73433722045,3460.700510080089,1198.1888458179747,698.003342217271,429.99821034402703,12.933040334337122,-0.1000063021810057,96,69,95.9221253330133
932,779.3219447255227,156099.95021272867,75265.52943581634,76049.01358263596,3401.554237391043,1168.80875911341,682.9121729532781,454.36424766722484,12.74013093431778,-0.1332958663339514,96,69,95.92103254090198
933,779.32616813727,156091.97607859407,75287.30860671317,76057.88700402952,3336.3938911752193,1141.0532918334648,668.7530416150403,473.184993808507,12.538400223506605,-0.11449092905377,96,69,95.91994997691214
934,779.3420009198603,156059.9473307928,75299.8998174207,76042.64022846876,3274.3888584264205,1116.2480468657159,655.5296777593321,492.782238986023,12.326040980268802,-0.0895151366007856,96,69,95.91887764314696
935,779.3454016946408,156073.15817303778,75276.95168040149,76023.08661899617,3216.291254060983,1094.609569323744,642.3773750542605,507.000619362836,12.098956409904371,-0.0963017868587286,96,69,95.9178155413783
936,779.3620740493218,156061.73585074063,75300.03505304453,76049.982850402,3165.8835132566164,1075.983155459733,629.540961731429,522.2471999500121,11.853515763838308,-0.087203755550602,96,69,95.91676367304672
937,779.3660177516381,156015.26656070814,75289.58363121434,76023.30796982266,3119.820015430276,1059.4204151337908,616.652996993158,531.7197932537238,11.58747214124386,-0.0767759449397791,96,69,95.91572203926104
938,779.3819410697436,156034.07644782346,75290.21133678171,76052.94796251602,3079.543454247352,1043.9992218342668,604.4945807976474,541.7865397373971,11.2991445590986,-0.0755690200547265,96,69,95.91469064079868
939,779.3853063946723,156015.03655380924,75277.4019397163,76022.96091064658,3040.7605348110083,1028.4777366505587,592.9137311019877,546.8002869796765,10.991079273747312,-0.0661274418254966,96,69,95.91366947810523
940,779.4020914529774,156035.84784657488,75261.3631936804,76026.87997627415,3004.6428416123963,1012.1128780634317,582.5722245320503,554.1793418698653,10.667428569575558,-0.0594719460575147,96,69,95.91265855129517
941,779.4059158316437,156032.29404006634,75310.46189161678,76026.6240793533,2966.915011000063,994.3366097864491,572.8735439675802,558.3380618769152,10.335599051897798,-0.063620741902557,96,69,95.91165786015044
942,779.4218486772154,156020.55884827804,75288.4923614892,76036.8117081533,2929.1682068633963,975.3773245547636,564.0724698881095,566.2867170409882,10.005516913425453,-0.050318689545623,96,69,95.91066740412192
943,779.4252415722083,156016.61632505406,75298.86800955067,76023.69784624978,2888.361754272133,955.8243076455256,555.450448929565,572.2945161279058,9.68668176698456,-0.0481240618511405,96,69,95.90968718232853
944,779.4420901889185,156024.0586667087,75285.01733922922,76026.7759770358,2847.33422702417,936.7850727891491,547.4825210247946,582.4593402747414,9.389797241551634,-0.0546318908532473,96,69,95.90871719355756
945,779.445818886192,155991.25130293926,75297.97270966857,76043.7400169936,2804.604609868373,919.4065449226619,539.9280275845958,589.6109527078515,9.122590956983222,-0.0445552024506537,96,69,95.90775743626456
946,779.461749583119,155981.4362691105,75272.0650009075,76040.61587356312,2764.6615824082983,904.7772175679856,533.7984038129216,599.0228440953069,8.890651000137279,-0.0271574748379125,96,69,95.9068079085734
947,779.4651913250314,155988.11749493127,75262.93758390353,76032.20252244856,2728.3457335321,893.8047022222745,529.2545364219113,604.2235448726569,8.696941548578414,-0.017295026297021,96,69,95.9058686082766
948,779.4820796103608,155999.65183810244,75289.78099173807,76018.88426462056,2701.494266208785,887.0186442051199,527.2333284193592,611.1907014565659,8.539894170509333,-0.014231034573395,96,69,95.9049395328352
949,779.4857200046328,155984.9393403954,75300.99800977661,76048.23478003834,2685.32622973877,884.8740568424982,527.4284897291509,613.9028572710231,8.41678498396764,0.0085588582863183,96,69,95.90402067937828
950,779.5016502329165,156009.08664023058,75299.29134271525,76024.19903439503,2683.7552026094054,887.1786536566069,529.9999522283324,618.8170779284555,8.321621413233395,0.0040692322215288,96,69,95.90311204470429
951,779.5051510532141,155984.3705375193,75283.6709436653,76053.38896473225,2694.6830195206567,893.648184908132,533.9311159441713,620.7985486552061,8.247956341221744,0.0045784440096191,96,69,95.90221362528004
952,779.5220618396838,155976.25731542648,75287.96297487523,76049.25129160879,2716.505599808763,902.9312023519306,538.6984171862423,626.0887040790112,8.190153423984858,0.0182494516431979,96,69,95.90132541724148
953,779.5256173349867,155979.52777046702,75321.36617551751,76057.80813293354,2741.9802091225865,913.7495391174743,542.9583799732791,628.7259484865644,8.14253231054507,-0.0012698174942975,96,69,95.9004474163935
954,779.5415535627699,155983.69695687745,75314.50216968046,76049.79062239158,2765.2162324265228,923.6719347118924,546.0817946470052,634.3135060862987,8.103057547075158,-0.0304018922997532,96,69,95.89957961821032
955,779.5451184725978,155981.4598435975,75303.15044383664,76036.3887577051,2778.214411521796,930.9760556398251,547.0225256429403,637.1112896287814,8.070616696633689,-0.062025359670226,96,69,95.89872201783542
956,779.5620372765552,155979.31687674945,75286.87126429779,76065.24725514602,2776.620847089216,933.1143262680853,545.439274266857,642.3074822410126,8.04624942638213,-0.108322267520199,96,69,95.89787461008191
957,779.5655105403404,155979.3802125963,75302.21535546424,76052.70817333563,2757.362282706541,929.1684815236076,540.7821965799376,643.6462680972763,8.032231788663713,-0.1418565304414829,96,69,95.89703738943264
958,779.5814613456077,155983.88809112587,75288.816731567,76041.65448222778,2721.322967226559,917.5434607545903,533.0851199447934,646.1530877735058,8.028656696854437,-0.1591773752114725,96,69,95.8962103500404
959,779.5850919879366,155978.39700392523,75305.95625626524,76062.24580936038,2670.968712738133,898.8474980987521,522.3522871188179,644.2100860942737,8.034902832762512,-0.1943510307295203,96,69,95.89539348572816
960,779.6020057895263,155997.56615654283,75309.04988946034,76044.367737169,2609.7613412277424,872.8447165823163,508.95395733680925,642.7706893885625,8.045575715252674,-0.2067549237873487,96,69,95.89458678998967
961,779.6053999274488,155986.5766453038,75278.3217715484,76043.21137795555,2541.4159949024906,841.8049078108743,493.379038033745,636.2318951829511,8.051643166855255,-0.1950439759535786,96,69,95.8937902559888
962,779.6213748074587,155991.83467757053,75323.2235094812,76039.18655216944,2467.6352899015183,806.4018941606919,476.17847208614694,629.9646143593127,8.040970796601098,-0.2106471713664071,96,69,95.89300387656064
963,779.6250702299991,156022.668571172,75313.65770916421,76059.30087257882,2390.562764062546,769.640193321291,458.08510137849953,619.4549364214763,7.997444362263998,-0.2086811776822279,96,69,95.89222764421176
964,779.6419671043944,156036.2723036054,75323.43913351116,76055.10317224014,2309.4865020457655,732.0508432786592,439.49640142565477,610.1669182449987,7.905653519951956,-0.1964252865682896,96,69,95.89146155111986
965,779.6452861380276,156055.94955495547,75296.57981066004,76058.70669995359,2226.3758201490855,696.3968297095416,421.08671928560943,597.5268022146192,7.749936889792214,-0.1991428602883702,96,69,95.8907055891348
966,779.6612948389688,156034.84100718205,75281.12781529088,76054.45853187624,2139.9332852669177,661.9773228968697,402.81319040528615,586.937860432663,7.517752762568726,-0.1938512519044398,96,69,95.88995974977824
967,779.6650518945178,156085.5681748338,75303.18099194254,76043.3799374844,2053.3712749987026,630.5238127782068,385.1456389913801,574.1522727039992,7.201329804134181,-0.2124728073497759,96,69,95.8892240242448
968,779.6819209663944,156068.81734442292,75291.04506814617,76059.7241407445,1965.6349347885698,600.1739570411155,367.6770843307895,563.9300991446944,6.796509000300809,-0.2191931039443977,96,69,95.88849840340164
969,779.6851700061616,156102.6536770622,75293.89762256554,76057.65240191453,1881.4083178763976,572.4622413288016,350.92997345901676,551.6355663290306,6.306167413536096,-0.2011731774689383,96,69,95.88778287778923
970,779.701222081408,156109.02648922565,75297.31553311572,76060.9168167472,1798.797281581501,545.124077491244,334.26408542960417,541.9098698595772,5.737440928202084,-0.1982058899273024,96,69,95.88707743762158
971,779.7050356826949,156121.07508401552,75294.6466838589,76052.6359918325,1722.4958101178636,520.0304220458347,318.3070803853625,530.4838362421724,5.103098169619433,-0.1888586957855293,96,69,95.88638207278692
972,779.7218672215887,156117.38284013566,75267.03547638224,76054.53818432357,1649.1462263361318,495.00970795597823,302.3718076158257,521.3392688247259,4.421502090166936,-0.1795223619486556,96,69,95.88569677284748
973,779.7250524744559,156166.18367101182,75309.05376907939,76057.81597392158,1583.5144811265636,472.49332755219075,287.5342911010375,509.74683381288196,3.71391491515403,-0.1875734142661835,96,69,95.88502152704076
974,779.7411569685706,156162.2948765322,75297.45662157454,76061.39374592096,1520.0396088710404,449.93479213463434,273.1908575115667,499.29123749476275,3.0065084909307696,-0.2060914463852756,96,69,95.88435632427912
975,779.7450202808898,156184.42816294174,75284.15131848329,76074.29245794247,1462.8710760588874,429.9099987291411,260.748110537359,485.34947310216376,2.325985357866914,-0.2008019539459258,96,69,95.88370115315108
976,779.7618058649393,156173.708713877,75300.99493835564,76052.89411330747,1404.9619551901706,409.86181719531305,249.41488901842968,470.987495712121,1.6989076308218136,-0.1847359905045937,96,69,95.8830560019208
977,779.7649345320574,156199.66759890455,75301.72346682708,76057.39332771787,1351.3511374756345,393.09110303425405,240.46031854176545,452.00016929238336,1.1494505418285463,-0.1895726442383088,96,69,95.8824208585298
978,779.7810997545707,156240.62951849535,75302.62369335403,76054.74210552988,1293.9439336686628,376.7315981700667,232.16475602868013,432.43524744015303,0.6945692736275993,-0.1865300777400195,96,69,95.8817957105959
979,779.7850043548464,156249.88381840626,75306.6193402754,76050.99020243151,1239.1202577711665,364.0396345346817,225.25148906063987,409.7148202729295,0.3447759627611724,-0.177901556720174,96,69,95.88118054541516
980,779.8017370747785,156277.2641739169,75295.17218559705,76042.4841215749,1179.2954064228106,351.36336045875214,217.47613534261473,388.47577791125514,0.1001044048688508,-0.1720910463726476,96,69,95.88057534996182
981,779.8048171582934,156320.36185265362,75311.38398891997,76038.11207550997,1123.2149999735993,341.5194334107073,209.89143583978876,366.7409628122987,-0.048290660278509,-0.1812159973697996,96,69,95.87998011088864
982,779.8210505422518,156320.92950404904,75306.24817854362,76051.7504980874,1062.3408877616166,329.4485082451283,200.3419831749925,348.9446565138642,-0.116076816401434,-0.1810256303848273,96,69,95.8793948145276
983,779.8249865447522,156325.77271399891,75295.41052322835,76054.52577513464,1006.3022707022028,317.8298780131736,190.64253617162467,332.4958142294781,-0.1251139803874253,-0.1748989166747121,96,69,95.87881944689076
984,779.8416612458312,156345.552016675,75281.63048041244,76038.0005214812,946.207592213992,301.9486763314926,179.17022179061314,319.8520762916305,-0.0970358640200969,-0.172386341129366,96,69,95.87825399367031
985,779.8447012606998,156401.780226162,75308.70206454769,76050.69896074159,893.325659731403,286.14016616241133,168.61945497471606,306.99303129772306,-0.052764729591081,-0.154332986552199,96,69,95.8776984402396
986,779.8610093242694,156367.1128800219,75297.78490994746,76064.55371183949,837.0943831992336,266.48355125098897,157.37939700766583,295.1630209752184,-0.0086226834838305,-0.156679941324452,96,69,95.8771527716536
987,779.8649654479101,156389.39558310734,75290.31050010651,76051.9595903964,789.5885071887751,248.8395834803523,148.48051691541332,280.15522437842446,0.0255050571913585,-0.1586321086568469,96,69,95.8766169726494
988,779.8815790345608,156404.06365013166,75309.61266478492,76055.69780772907,739.4787301623728,229.8648285660165,140.02584667349583,263.0667707704706,0.044081674124246,-0.1525842491480548,96,69,95.8760910276469
989,779.8845875923527,156447.01549193903,75320.12742771233,76054.04300296056,699.0985228766222,215.56174841558095,134.70856345855282,241.02104071492795,0.0480485919431966,-0.1480936864905238,96,69,95.87557492074993
990,779.900976055086,156453.20245865113,75312.5289465168,76049.23901572058,652.6208485643729,200.3082843171287,129.020598302508,216.65487591005513,0.0405125935227251,-0.1357175441312935,96,69,95.87506863574568
991,779.9049395664548,156497.7022315035,75302.85327053245,76047.53550461486,610.3024480129243,188.11441844087676,124.45333489924087,188.94756023667287,0.0263070520568688,-0.1288601214202243,96,69,95.874572156107
992,779.9214914438784,156536.00143924565,75297.09903592423,76056.66243461943,553.2959538547439,171.00930117428652,116.17514083883725,161.14895295735914,0.0109513167260687,-0.1047637587986708,96,69,95.87408546499202
993,779.9244766155549,156536.8783842704,75311.50856883754,76074.73153428738,492.04748165863566,152.1385034128325,105.43414915716858,132.87050994992023,-0.0026986978915847,-0.106857996558162,96,69,95.87360854524476
994,779.9409507962017,156582.6926245369,75281.76641889452,76016.31638426616,406.64310754131293,123.17890915776661,87.46003970995662,106.94041862129234,-0.0118957774095507,-0.125818736533173,96,69,95.87314137939664
995,779.9449071650786,156590.9159165711,75312.13044031024,76071.3898822568,314.05151272640796,90.71896049224597,65.87297277819016,82.46954221426859,-0.0166447725207908,-0.1167285412389572,96,69,95.8726839496664
996,779.9614000182955,156640.9864411153,75304.33283012234,76065.50683902578,203.85983509669313,51.936119831123506,39.44908834071248,60.98275899348664,-0.017929905646664,-0.1364348117707962,96,69,95.87223623796152
997,779.9643682188115,156642.23382733448,75304.68273628464,76099.80459192503,107.35935930529376,20.796188671447453,16.6478665645991,41.340214465832105,-0.0164410129860996,-0.135207453190773,96,69,95.87179822587863
998,779.9809340599401,156664.99724593217,75326.54418779489,76058.0827871859,24.9004654136952,-0.0,-0.0,24.904117142548785,-0.0142141791428494,-0.1257916758776299,96,69,95.87136989470385
999,779.9848658671754,156656.19873493564,75309.3729471828,76064.79882853372,-0.0,8.002030434668995,1.1301098363182973,11.396675657888409,-0.0111382684576188,-0.1316451497310356,96,69,95.87095122541476
1000,780.001307386689,156676.48249161206,75305.33377317371,76060.05709615441,36.922841105260886,47.073961760121165,22.502006608003285,2.7544185001170263,-0.007518586686675,-0.1150368695960726,96,69,95.87054219868016
1001,780.0042609530926,156681.44626001688,75329.14668371562,76054.15470044098,174.443244737864,130.08068092660687,72.27748902447638,-0.0,-0.0030381850009615,-0.1190957766907189,96,69,95.87014279486095
1002,780.0209278339476,156702.77881627047,75311.82304345966,76049.57853307227,396.8686269017053,247.24684271025762,145.01237353429315,5.2574175222544,0.0034592468614098,-0.1124205829722491,96,69,95.86975299401172
1003,780.0248112757423,156678.00822813474,75308.60517284092,76065.20582911058,719.4519934463897,398.4162460972002,240.005200366606,19.29723704463686,0.0111284209270353,-0.0989891463963072,96,69,95.86937277588076
1004,780.0412192383922,156653.64720272954,75300.89101419046,76060.64634267382,1098.4737771634827,561.2703743454913,343.02911704132566,42.36931979935616,0.0197750768528197,-0.0628442651949866,96,69,95.86900211991122
1005,780.0441490777182,156618.6887278054,75311.45737930818,76061.38588140545,1525.3345713788876,727.5807225161116,447.6727228189411,73.48332829168066,0.0270704457857442,0.1216866679143032,96,69,95.86864100524238
1006,780.0609400987342,156552.51082974544,75300.40427501607,76050.61895703206,1938.1559955021949,872.2586535771843,537.7810798494611,110.52390649210429,0.0300085675377584,0.3591828039918155,96,69,95.8682894107096
1007,780.0647297314393,156531.56608219558,75311.43870012162,76069.4271510291,2328.1113649278996,992.8341403303202,610.9817089476273,151.2827722983784,0.0263145254873702,0.1046090048135411,96,69,95.86794731484618
1008,780.0811568786373,156491.60671225685,75285.95321805289,76057.26797480024,2644.3157678531716,1074.580317426342,658.4386560495477,192.74458676128415,0.0131274024862139,-0.4198109244483028,96,69,95.8676146958838
1009,780.0839983190366,156471.59838149126,75286.6378617269,76067.0819561147,2897.596735064755,1127.1236406585667,686.3713797391247,233.30231426816317,-0.0087445658172231,-0.268647394989199,96,69,95.86729153175344
1010,780.1010410465827,156415.26730731892,75285.99460388873,76063.77702408814,3056.431251228263,1145.2422801297362,692.5873051359231,270.46918882775935,-0.0364013402370461,-0.0870461353811172,96,69,95.86697780008636
1011,780.1043882095063,156406.48224726433,75288.25069129413,76043.60098798631,3154.7919169586385,1146.3349488203676,688.3512247319159,304.00947119892226,-0.0631164403473077,-0.1360518443257404,96,69,95.86667347821518
1012,780.1203751027393,156341.52998431146,75288.14681844634,76057.51303875058,3177.085509798606,1127.9046058182284,672.792921113185,332.26309806641075,-0.0776751548073279,-0.081121573513575,96,69,95.8663785431745
1013,780.1240782222877,156314.78368573237,75314.23227442875,76066.88404198826,3163.7075006021187,1105.2216023998626,655.2939788076328,356.2683640445175,-0.0676988345702044,-0.0946190934743734,96,69,95.8660929717024
1014,780.1409547449679,156306.21318549765,75278.48386500395,76048.67360321454,3102.25806004036,1072.569249019405,632.3994441372633,375.04344204146764,-0.0182673877048158,-0.0916360785076636,96,69,95.86581674024104
1015,780.1443029535518,156312.65089592818,75284.38284217354,76062.25445874153,3034.658951027319,1042.5202950421808,611.5952955106623,390.7461603775737,0.0832892341503351,-0.0763875951145768,96,69,95.86554982493772
1016,780.1602759019501,156291.60131806604,75290.24774803054,76056.52649170253,2943.991267654579,1006.3984022254153,587.664053458313,402.60627588635543,0.2461911485144956,-0.074289311846636,96,69,95.86529220164608
1017,780.164073831267,156270.12748517212,75298.81265179883,76043.76620878988,2866.4029546322417,975.1525787494029,567.3751598103554,413.09983740205644,0.4751456111630328,-0.0827760460479127,96,69,95.86504384592658
1018,780.180897959327,156262.97166407865,75280.90683708774,76068.55138589429,2780.888275253761,940.4077953117376,545.8247975923587,421.03269464932964,0.7668564037315476,-0.1029255504459442,96,69,95.86480473304856
1019,780.1841952835953,156249.34458399896,75301.88913540666,76076.81057039276,2720.8213055577944,914.2465306519007,530.4227598272264,428.88948224516935,1.1131014417986125,-0.1007220196788276,96,69,95.86457483799036
1020,780.2001961874502,156255.21564915864,75290.45028630653,76059.89449803803,2658.212484713469,887.5416619908792,515.4671545474557,434.84062624015496,1.4992395262488316,-0.0840633728293787,96,69,95.86435413544064
1021,780.2040635160945,156235.13767165822,75328.0315871394,76080.04827531657,2619.208207206335,870.4808695021056,506.86180887013325,441.3140097836149,1.9071353565454785,-0.0764021806360044,96,69,95.86414259979982
1022,780.2208390818738,156237.7140328828,75295.67065732898,76050.14975394454,2572.0922691526357,852.1701496310561,497.5586155889905,446.21474184974795,2.318352110952321,-0.0633825046214708,96,69,95.8639402051806
1023,780.2240823241117,156233.83675634267,75299.16854909051,76050.774477992,2541.678304996749,841.0227325203305,492.4457530907239,452.29710884793894,2.7139564735945805,-0.0477586125370891,96,69,95.86374692540956
1024,780.2401269097861,156212.264424499,75294.89367046593,76055.55893409243,2493.6150714866817,823.7823858263,483.31009136294597,457.0134079239797,3.0793775249037,-0.039877064108164,96,69,95.86356273402816
1025,780.2440519917834,156238.143887739,75306.45382236635,76069.18542398022,2452.286871602002,807.8069688013202,474.84783640597016,462.98741688297014,3.402871599632048,-0.0473378837091451,96,69,95.86338760429356
1026,780.2607740473593,156205.37515976193,75296.35116071701,76042.67442396123,2388.257440902991,781.7563615161343,460.29148188396357,467.2088370969286,3.6765884629644736,-0.0361728389659189,96,69,95.86322150918028
1027,780.2639679235504,156215.42584302934,75303.64734717537,76065.6117006921,2331.8800365013303,756.3520039051946,446.39969250097056,472.3754710905778,3.896792934785127,-0.0151188400160511,96,69,95.86306442138074
1028,780.2800662338232,156177.3507425237,75323.61146724464,76077.83613042135,2256.8578388455207,723.2643178798753,427.8642572464305,474.9903479204222,4.06016380031352,-0.0135845638258243,96,69,95.8629163133072
1029,780.2840395006873,156210.58645923142,75291.06412287726,76072.54009246784,2195.7852109443047,695.6854940802878,412.5428936187236,478.00568443344673,4.165585601452306,0.0027118222054499,96,69,95.8627771570924
1030,780.3007018083322,156187.4856692842,75273.5664135509,76072.02721900173,2126.7685994593194,667.574814088468,396.2833013376512,478.2678863382025,4.2107199249427865,0.0086545882051349,96,69,95.86264692459078
1031,780.3038540422492,156208.27698094948,75287.69664929135,76081.52826209353,2083.5387197472155,651.9663283882837,387.0179735222773,479.6140332110517,4.192659151694759,-0.0097956516740516,96,69,95.86252558737982
1032,780.3200134543133,156200.80629334817,75300.74103761469,76108.25988724642,2040.684788591403,640.0098262342508,379.2501991119061,478.92702437069966,4.1094107517332015,0.0020790024110804,96,69,95.86241311676132
1033,780.3240253684153,156157.43775752673,75312.3686817554,76064.87197125934,2026.4793014910538,640.8636160914903,379.01588137992076,480.3540165189188,3.95849031938646,0.0055921019762554,96,69,95.86230948376256
1034,780.3406221603199,156227.65715839964,75314.144223372,76068.17345054729,2013.099184129329,643.2531848084909,379.59782373410417,480.7233076663688,3.741371063203122,-0.0065886344443172,96,69,95.86221465913748
1035,780.3437421281408,156171.32956113573,75311.4807569652,76088.86131712164,2024.4295041898731,654.0850147308083,385.71388071673573,484.2385774012364,3.462191115999345,-0.0196049765327938,96,69,95.86212861336824
1036,780.3599680611084,156176.6893097599,75287.90013545967,76069.23767724473,2027.8063694633893,660.6489327257441,389.5689868275076,486.8533930965932,3.129188192133701,-0.0481205002307093,96,69,95.86205131666593
1037,780.3640086745114,156162.6321336875,75301.30414950554,76075.37567772785,2044.0591405774467,669.741005088712,395.622706864815,492.3904118024511,2.7555142631782625,-0.0903319202966182,96,69,95.86198273897251
1038,780.3805352835617,156198.83743164796,75287.56849846579,76089.20418798586,2043.6480746475863,670.9825019490236,397.30771141304285,496.42764010932297,2.3557384140133464,-0.1261732940193072,96,69,95.86192284996147
1039,780.3836334177154,156139.77687729266,75319.59195504691,76072.76084273747,2049.0056064493256,672.826066185633,399.9553203659307,502.7605488913832,1.9475489401685495,-0.1330472810518532,96,69,95.86187161903976
1040,780.3999295055728,156143.61929471407,75306.89046554531,76071.64127725322,2032.1319014745532,666.0901572565344,397.484063620097,506.2805299340398,1.5479015788423995,-0.1439873315639701,96,69,95.86182901534885
1041,780.4039884562956,156162.9768648907,75298.56367881419,76071.2213145687,2016.8559548563207,659.8137798802345,395.3904374865233,510.81224588750047,1.1726884517384664,-0.1532190084828128,96,69,95.86179500776566
1042,780.4204416004189,156164.87078896823,75299.08000062012,76063.11540639655,1980.437890433881,646.2449906744878,388.31453343946487,511.4034735947789,0.8371674233082772,-0.1552541807387269,96,69,95.86176956490456
1043,780.4235290142057,156134.04035317624,75312.24167016931,76075.02706213857,1947.3508530293475,633.9651536635938,381.53297550498974,512.3257216541388,0.5532180682534428,-0.161227373224407,96,69,95.86175265511852
1044,780.4398971305453,156142.64328647382,75311.69970986557,76080.54397809813,1894.5796284651733,614.4758226312115,369.43967643752694,508.4863303723687,0.3326140996311246,-0.1602370160601759,96,69,95.86174424650036
1045,780.4439637955346,156131.01504892443,75286.85513908486,76052.51169331706,1844.9681003920268,595.4908096032595,357.2209263340337,504.828723771323,0.1849330172307849,-0.1524945926827283,96,69,95.8617443068839
1046,780.4603417142695,156173.46711655252,75318.84513601754,76081.00578388775,1777.8046606954886,569.4865890680958,340.24849229789106,497.0164631237567,0.1184249679271601,-0.1482533666002636,96,69,95.861752803846
1047,780.463429903963,156148.0520425923,75317.99383427128,76066.90163008496,1714.0395923536853,544.0570396013209,323.83678964793216,490.66587223846,0.1408668794119848,-0.152177697344436,96,69,95.8617697047075
1048,780.4798701515502,156178.03956253032,75275.81827893681,76104.71643615082,1632.8358461784082,512.1849376959144,303.5678598268423,481.078763412399,0.2561997747584547,-0.1327896222657635,96,69,95.8617949765348
1049,780.4839338670467,156182.53211267726,75263.17286942412,76063.17482681872,1554.9517270768993,481.6415471572982,284.7649076557136,473.80867245426634,0.466526148847522,-0.12270108781613,96,69,95.861828586141
1050,780.5002363726367,156171.21285946033,75298.54491102506,76078.90690259384,1464.1972519222763,446.7927905714896,263.7883831484651,463.78119838869316,0.7686623264256877,-0.1207730814803761,96,69,95.86187050008785
1051,780.5033369537105,156187.29920377946,75280.73228425524,76070.09808067848,1381.0138417017297,414.7784653728013,245.5804215473181,455.99876543105347,1.154107510221016,-0.1143630864232867,96,69,95.86192068468694
1052,780.5198476576618,156188.08277782498,75316.16976286045,76088.30073755175,1290.2371300553204,379.8587380712852,226.29256735820672,444.346367284772,1.6102238106496594,-0.1137159909061536,96,69,95.86197910600082
1053,780.5238979723079,156217.95384528887,75303.56150357967,76066.15419040987,1210.7313442566665,348.64435862147366,210.286846268893,433.9140138620569,2.118492215456234,-0.1056232460411524,96,69,95.86204572984514
1054,780.5401264368809,156213.86779655906,75303.33068292984,76070.11870196255,1128.9006451668101,316.53191394546593,193.91865229571704,419.07790377835045,2.6593330407122604,-0.0977961830611666,96,69,95.86212052178986
1055,780.5432509030938,156215.06142621976,75292.03335165726,76061.74828359763,1059.3153491499252,289.61603049968835,180.70210219488945,405.5429681336391,3.212067202012489,-0.1144076913370744,96,69,95.86220344716052
1056,780.5598286207625,156254.29526204235,75301.42072845112,76054.41065756943,987.2607479302096,263.71613863461243,166.8698308954481,387.8145561676647,3.757828093407104,-0.1211451129166476,96,69,95.86229447103992
1057,780.5638555662503,156257.55809322908,75304.8398657561,76067.2528258972,924.8122107567615,244.23104562528897,155.68432769816718,372.4028124406468,4.282514558262987,-0.1083370209240442,96,69,95.8623935582699
1058,780.5800128519277,156285.26039566958,75300.11212942838,76074.87423331125,860.0522248644265,227.1482826359861,144.1259899312572,354.25834776996635,4.774890115547498,-0.1025800190646749,96,69,95.8625006734522
1059,780.5831723586292,156282.97109147804,75307.96747016342,76058.53615864423,803.1893538555596,215.6697911543015,135.05171134098782,339.6882201367116,5.2293958287855045,-0.0942882734712558,96,69,95.86261578095102
1060,780.5998119078719,156295.20579547453,75291.74898042239,76063.95212894665,744.6395828638924,204.84514339314774,125.67882967097103,322.66969632098335,5.6428321506874015,-0.0919070392434741,96,69,95.8627388448935
1061,780.6038062811024,156317.74795282647,75291.90642303172,76068.90162345681,693.7027920874534,196.4210454240092,118.49038120819023,309.2949892736797,6.013534658349593,-0.0983279444292927,96,69,95.86286982917188
1062,780.6198966126709,156325.14060745717,75321.18860673104,76084.41856776751,643.7217395154294,186.35302167919872,111.16636346039013,293.3374751791125,6.341364029789182,-0.0789827252542911,96,69,95.86300869744532
1063,780.6231017930006,156341.02058488893,75309.99819914422,76064.0387073148,600.8268274859292,176.30777639315056,105.50818243515096,280.5711552889552,6.624199530488483,-0.0657265245988594,96,69,95.86315541314045
1064,780.6397962926516,156346.29240774992,75330.66753983517,76056.44164763801,559.5242184258532,164.34377755402238,99.49605313397478,264.35972948759445,6.860884686059173,-0.0751696810321302,96,69,95.86330993945452
1065,780.643749950376,156365.14198617396,75282.56155502897,76050.75697480496,523.1950069834711,153.00061533831467,94.62839888947201,251.16890954153496,7.049557109069204,-0.0693435361257687,96,69,95.86347223935532
1066,780.6597787240016,156368.16685728502,75297.07403008829,76044.68853227253,488.7724308881443,142.3868923017726,89.61084208454122,234.9674653550901,7.189186667032137,-0.0568068244803641,96,69,95.86364227558444
1067,780.663039553801,156381.12857549932,75287.31107836895,76063.12848482754,457.4229559734231,134.51344780241197,85.59718993512797,222.28102608129848,7.2820017091314515,-0.0680303872803211,96,69,95.86382001065743
1068,780.6797804612669,156412.9511901933,75290.3905507804,76050.78657927852,429.7457127626403,129.94389630241494,82.01372050575446,206.599967128539,7.331533339072813,-0.0908202563684699,96,69,95.8640054068664
1069,780.683686637615,156417.12028460955,75293.240535601,76038.09938010399,405.3790767848259,128.7329225843132,79.6875054112461,194.50751993668382,7.345813106687085,-0.0626673105949893,96,69,95.8641984262813
1070,780.6996601494832,156411.91141901695,75302.79188938673,76082.74491120937,387.45803670445457,130.68428760074312,78.41105665941723,179.05141026186175,7.334563284128364,-0.0680584513964786,96,69,95.86439903075176
1071,780.7029858884564,156439.59626155064,75286.73175743753,76062.20675176993,371.37521093629766,133.0807203692966,77.85469296792871,165.87066223143484,7.3083417533354,-0.0698349796480035,96,69,95.86460718190844
1072,780.7197630042454,156449.27547909805,75298.32125577523,76085.63032305693,360.32157574867597,135.04624581705139,77.47434794873698,147.24255892666406,7.278134726437009,-0.0116034894915971,96,69,95.86482284116518
1073,780.7236166791122,156457.14660649834,75305.86422098729,76080.65151235365,342.83310730184894,131.65437221038155,75.34996930969646,129.47403408421087,7.250735233316133,0.0021249198638535,96,69,95.86504596972028
1074,780.7395417377543,156500.39625860454,75289.7032213934,76058.45648019269,321.50099046347896,122.70478267020371,70.72579713643063,105.85177373833722,7.230302198474711,0.016636023947272,96,69,95.86527652855844
1075,780.7429409994967,156486.71133295292,75323.1572107941,76058.51111283514,281.4984772853786,103.67492127795413,61.14976887861849,83.72235513135092,7.215516804113512,0.0216347080288705,96,69,95.86551447845234
1076,780.7597423763307,156529.57009819793,75322.31262992114,76075.1666667871,231.8069072368089,78.59069107090181,47.76368949259631,57.658595010550926,7.200316751759918,0.0217838847908039,96,69,95.86575977996452
1077,780.7635407623504,156551.35248052736,75310.86353120842,76095.97732152774,161.12255199754145,46.44930281021516,30.004734545364045,36.938207965140464,7.176629814834358,0.0535298396800071,96,69,95.86601239344893
1078,780.7794240998965,156566.7293612916,75299.8659319679,76095.07387419551,92.3868909997982,18.05185895257455,13.211758447345346,17.030068287771428,7.133606942949362,0.056821011963382,96,69,95.8662722790525
1079,780.7829051651144,156573.49624632776,75328.60210624381,76070.24520712388,25.598188775707968,-2.6915382431907346,0.20801806484814733,6.666409552737605,7.0629571026784745,0.0510374074728743,96,69,95.86653939671773
1080,780.7997167787728,156579.05367276247,75323.04712617594,76105.07759526957,-0.0,-0.0,-0.0,-0.0,6.958958424975012,0.0305414250815569,96,69,95.86681370618348
1081,780.8034600985342,156583.71223196035,75299.9505800431,76065.22028875488,18.49304467329057,28.54232151385804,15.295104326185538,4.600277413876029,6.8203245122609735,-0.0031882980352874,96,69,95.86709516698689
1082,780.8193073615554,156561.53725714333,75319.33913010027,76067.2928710875,122.03335414611502,95.11801883592852,53.4280532253033,12.828258623863803,6.652289329486188,-0.0061495506611676,96,69,95.86738373846605
1083,780.8228790270178,156529.00125161628,75301.71457839267,76067.16430243806,300.4279995780671,192.82917699871177,111.49375523492927,30.343777897156542,6.463422155330466,-0.0226550914725536,96,69,95.8676793797605
1084,780.839683825947,156501.01723056065,75315.80937194444,76082.20051922352,577.6606767628109,323.94911748880986,190.36589459178504,48.6618540425261,6.267434060742262,-0.0413579816110238,96,69,95.86798204981396
1085,780.8433768775659,156478.77169211727,75289.0235490007,76069.209605926,912.8990869897534,469.0800943785289,278.81914632525877,74.21100582240615,6.079386261358714,-0.0646653719102554,96,69,95.86829170737592
1086,780.8591905287135,156472.58515386528,75293.83244175877,76051.92135430433,1307.486741761386,623.3723849906382,372.5342493535718,99.2379527312878,5.914128667423097,-0.0889595814740601,96,69,95.86860831100309
1087,780.8628644163509,156451.1132953542,75294.36934918756,76077.50809327004,1701.9789201903623,764.168037235635,457.6898126527958,130.55393557075877,5.786147557762104,-0.0633844229114908,96,69,95.86893181906164
1088,780.879639458457,156385.92625051196,75296.28335998335,76048.40826677182,2093.067961460445,889.6949131049478,531.8461474605429,160.76427907531615,5.705461602056886,-0.0507499607752643,96,69,95.86926218972908
1089,780.8832958032222,156371.78499981167,75290.27051375667,76088.75036022767,2421.671439799771,982.3778026295331,584.9404105543072,197.25000964244828,5.6798863148059615,0.0687908172541976,96,69,95.8695993809956
1090,780.8990692482499,156298.01164463343,75288.24369163702,76069.35360399641,2700.9346794696175,1050.0270434573613,621.3156673682824,232.01315783750033,5.712844794232597,0.3416217114085234,96,69,95.86994335066647
1091,780.9028676484879,156285.08927213767,75319.07914124287,76087.5059674204,2892.4035409057396,1084.316121438038,637.377464069461,271.3655085461505,5.803985401303789,0.3806045073420608,96,69,95.87029405636346
1092,780.919572908235,156213.9400023874,75287.17373925495,76058.93334356777,3030.548182439932,1100.6278637703217,642.596125582786,306.7797612627037,5.951551775677361,-0.121283791686902,96,69,95.87065145552737
1093,780.9232322955592,156200.2619438603,75305.05358418544,76064.69288016709,3089.5070567443036,1093.600056326919,635.1450285462633,344.99624595956993,6.150581164194214,-0.3521664394796808,96,69,95.8710155054187
1094,780.9389214211318,156205.24040501972,75301.22769387464,76069.45312463364,3115.8033127727685,1080.354120393502,624.930731734712,377.27417436239193,6.397011403953681,-0.0774705493336062,96,69,95.87138616312129
1095,780.9429275589574,156096.5317728032,75298.52385970092,76058.56322562195,3090.279594292806,1055.1241753409122,608.8737328015704,409.9878232626361,6.686675563989551,-0.0690271525513961,96,69,95.87176338554224
1096,780.9594003497438,156090.9893780318,75312.79696163566,76053.3399122846,3059.039128776465,1032.5968545883807,594.5503099954367,434.69858544829185,7.016117075952336,-0.0730183091258555,96,69,95.8721471294155
1097,780.9634772234364,156089.20796855757,75301.52442962784,76071.62880913772,2997.9579791578,1003.7305180313124,576.39338556031,458.6298117021506,7.3843111401737,-0.0344652874075725,96,69,95.87253735130264
1098,780.979458874835,156049.61417329247,75273.76809795212,76089.30933005009,2949.937112230691,981.3561493555753,560.9771491948923,473.6720380820043,7.789291354373322,-0.0520793624590751,96,69,95.8729340075954
1099,780.9827434179952,156042.12657713666,75293.11346954742,76068.71064511938,2887.059865016956,955.0707460351405,542.6187960533425,487.92180100112455,8.230125321766508,-0.0209908714883679,96,69,95.87333705451752
1100,780.9994416377674,156022.62556645414,75290.62864733321,76055.69977155318,2850.890488607809,937.7090477022866,528.9422519183427,493.41138537047664,8.703736465274895,-0.0019466743596895,96,69,95.8737464481262
1101,781.0033823599392,155988.32075466783,75298.05117307625,76053.6222902434,2807.2552431023796,917.4828547655488,514.3687099091476,499.76779904513387,9.203900832543066,0.0044105843573371,96,69,95.87416214431477
1102,781.019362656113,156033.25216492993,75314.26192585014,76065.00335861369,2790.7734623597935,905.6666899474512,506.0052701223176,499.8105242768652,9.722208009467986,0.0081460092618878,96,69,95.8745840988141
1103,781.0226714845496,156026.9331872418,75292.75645570728,76046.52726705922,2764.7842888042796,890.2306016818038,497.7133058227482,503.05003857577685,10.245106843598254,0.0004584376772038,96,69,95.87501226719476
1104,781.0394358479,156003.6792033313,75304.74816254876,76066.16826922722,2760.309432816517,881.6865212170815,495.25727377535077,501.19557802268537,10.757531758931124,-0.0041780964843459,96,69,95.87544660486908
1105,781.0433066613249,156021.62066015467,75309.20654257595,76083.0135953828,2736.3021118891193,866.8188848209829,490.71695516392356,503.6693411572778,11.24232265766315,-0.0140175001850961,96,69,95.87588706709268
1106,781.0592497665383,155979.37520346255,75330.98888606414,76074.24564427127,2720.5872692125267,855.293424976262,488.5131215940346,501.4423702544009,11.682034771415696,-0.006627391004187,96,69,95.87633360896729
1107,781.0626196985077,155980.79618750597,75321.12247576793,76061.28181639843,2678.1830189288594,836.0174378623196,481.44299274135847,503.10898903687485,12.062488410363615,-0.0178840352917255,96,69,95.87678618544167
1108,781.0794190483731,155988.75352456575,75308.85773384021,76057.82428268375,2641.5716215344146,820.196994001788,474.89556289525353,499.04676680098055,12.371469149456043,-0.0152431232310661,96,69,95.87724475131448
1109,781.0832311682348,156001.5131296237,75301.70968590926,76069.612200155,2581.4559068279923,798.4192998664221,463.15047768634395,499.1984136601095,12.60282669750914,0.0070368388416037,96,69,95.87770926123603
1110,781.0991323010436,156011.36680045968,75298.25558037973,76048.21838608854,2533.1260802926845,782.516004911522,452.82360316137783,494.60220816984656,12.755201085643575,0.0188764008749596,96,69,95.87817966970988
1111,781.1025812213164,155986.1248788431,75305.63931614066,76052.70738679076,2475.563189965673,765.4778898914228,440.44391039636685,495.2106367094093,12.831997533132544,-0.0085132749825303,96,69,95.87865593109532
1112,781.1193940617019,155982.1897763329,75307.6760774793,76066.47608749167,2443.420316716365,758.6505985903641,433.1457775612653,491.46863591566216,12.842495209165447,0.0024803418029992,96,69,95.87913799960938
1113,781.1231540300067,155983.8028283277,75290.70173273947,76049.77826929648,2414.0291192393634,754.2111036738206,427.4540586434596,493.9358034157776,12.797716262915168,0.0364902022860325,96,69,95.8796258293284
1114,781.1390122705704,155990.50317453287,75289.8780898263,76065.34255340371,2414.1685427214834,760.6317119589221,428.99471259774873,492.4994769596087,12.711737988360149,0.0560905781547855,96,69,95.88011937419095
1115,781.1425557638183,155953.65914976815,75297.01900685283,76066.02545605962,2420.283482212166,769.4839811303682,433.6272494707955,496.8591477374721,12.598079576490502,0.0825468831457888,96,69,95.88061858799882
1116,781.1593587008573,155976.5425609683,75302.53298468221,76033.89099687795,2450.6154277576716,786.1398182412231,444.59656200086465,496.19703239941737,12.467930801398351,0.1031971330242657,96,69,95.88112342441973
1117,781.163077915292,155968.99775106652,75288.0157005839,76060.82061041542,2478.975720333867,801.1640687564941,456.2923169575806,501.30770766412024,12.330588986007625,0.1240218344546821,96,69,95.88163383698924
1118,781.1788873172043,155928.57149596768,75265.33462433713,76064.48287161948,2517.7331008109613,818.1563119224302,470.0629400089092,501.3495470992639,12.189771188201382,0.12074194176723,96,69,95.88214977911268
1119,781.1825477251047,155955.44000661324,75268.85366025873,76062.94406569342,2545.8631460590404,829.8644292910176,480.8226173961011,506.7271381166065,12.04660278326948,0.1093769751527745,96,69,95.88267120406744
1120,781.1993047069565,155970.7706941481,75267.69051590543,76057.51300503545,2573.283602181764,839.7402506270009,489.6034305487119,506.16964086395456,11.898812534161864,0.0963540696023873,96,69,95.88319806500486
1121,781.2030143267368,155925.93050142124,75295.84537151574,76071.45205525547,2584.4122443517554,842.9520183341228,492.9325203845219,511.04059767583385,11.742297065057064,0.0525171054040136,96,69,95.88373031495244
1122,781.218741425428,155913.27211023046,75265.98362092502,76027.06676585735,2587.4833877805504,842.7758888717508,492.4599795669201,509.55576194563764,11.574954229870611,0.0315448160947661,96,69,95.88426790681557
1123,781.2225852573442,155928.0565258567,75270.3368319728,76045.62810902252,2574.179395701096,836.743652246354,486.98372660102905,512.3541172234691,11.395516507404878,0.0092632222805287,96,69,95.88481079338024
1124,781.2391732259777,155922.3107926775,75292.45944647276,76045.26195345595,2549.0883767766645,826.4476674204197,478.19605180539656,507.5564237739891,11.20756705377127,-0.0244354071355738,96,69,95.88535892731456
1125,781.2431421845047,155912.86559141538,75310.80830684735,76050.218418003,2509.25232558907,810.484560136756,466.25718404664076,507.1555524012074,11.01798053917008,-0.0382099752656544,96,69,95.88591226117126
1126,781.2593467213306,155925.87237592318,75303.14954835438,76053.4436464001,2455.3070207417477,788.5863851073227,452.1889355521125,499.1901454355393,10.835894416061704,-0.0482483254785852,96,69,95.88647074738957
1127,781.2624395016458,155928.26504613875,75287.76133622378,76051.89345227022,2391.17591918353,761.5413670339767,437.1511849896633,496.39310183608904,10.67291705742701,-0.0670589434569027,96,69,95.88703433829724
1128,781.2791847580227,155924.4135715972,75278.07075952971,76037.92959825622,2313.4401472289464,728.2988398148736,420.9006939532701,485.6322139846743,10.538100579287905,-0.073541700414304,96,69,95.88760298611292
1129,781.2830767979049,155943.55676681982,75263.47823476573,76027.22404713511,2233.851688245486,693.2825096017914,405.36250487639336,480.6220006851654,10.438955913143904,-0.0934507377115494,96,69,95.88817664294815
1130,781.2992370527743,155933.52799439392,75270.28916634197,76054.0782589773,2145.398108562804,655.4657173096202,389.01858095565694,468.6028718659072,10.378643599941228,-0.111986662745418,96,69,95.88875526080926
1131,781.3023680322509,155890.15609815138,75275.20280393367,76066.62778813022,2066.711132890836,622.505051705215,374.74084601085633,463.23805589822587,10.355616927799147,-0.1077441968983328,96,69,95.8893387916003
1132,781.3191707002984,155935.52567482396,75253.60881418269,76054.98927484613,1983.0296842377284,591.137446807872,359.6383742818143,450.63095921315835,10.366389477422318,-0.0937714434361131,96,69,95.8899271871241
1133,781.3230180519258,155963.96773415987,75277.30275728951,76044.46658623536,1919.0057237982983,570.5462890436611,348.0606553440739,445.56538214866305,10.404057042413283,-0.074007991856738,96,69,95.89052039908496
1134,781.3391179181123,155973.6509492887,75299.26705030668,76050.98465811058,1852.6099793023313,553.9458771787904,336.27090628951555,434.13506483568926,10.462888325497415,-0.0710289406641663,96,69,95.8911183790909
1135,781.342310262759,155943.7985085225,75297.4515354575,76027.58649584706,1812.276459307759,550.311299819281,329.7279831825872,430.1487388512178,10.53822032055034,-0.0893272664250761,96,69,95.89172107865564
1136,781.3591522982426,155951.37107675904,75295.83385221909,76035.84463419262,1764.8566708173603,547.6815857587499,322.7446323853219,417.6745018159272,10.627108825729795,-0.061782795556874,96,69,95.89232844920076
1137,781.3629551243565,155940.8551475889,75289.94249177838,76053.57262159575,1745.8212300442392,556.0944540138153,321.8139894111955,411.3913778338756,10.730448356358457,-0.0522190525680766,96,69,95.89294044205768
1138,781.3789962368492,155937.43293845124,75289.63084451233,76052.82293544154,1714.6633077745792,560.3483536813437,319.341872975725,395.86981529931654,10.849376447865067,-0.0460503012502996,96,69,95.89355700847022
1139,781.382262984345,155966.6143793509,75297.91597775284,76060.18481988601,1710.769087428751,571.5805285238021,321.94953342035296,386.3495734704193,10.987017690769468,-0.0523834487026163,96,69,95.89417809959652
1140,781.3991300656202,155989.51294292868,75283.6349563528,76069.54342559441,1681.8195801741676,571.0668916473223,319.39497569279047,367.53800507381675,11.145698532834704,-0.0625925088150377,96,69,95.89480366651097
1141,781.4028874347891,155989.97613981337,75271.84705984492,76063.5546724067,1676.6760109684546,573.9085524757975,319.89925688982476,357.20679419566295,11.325597701551876,-0.0312336623281505,96,69,95.89543366020705
1142,781.4188731520676,156006.4881321511,75283.35198066155,76056.51768406823,1635.7207874075393,560.0222359115432,312.0601404835761,340.4430458068382,11.526141383368511,-0.0130359098064389,96,69,95.89606803159909
1143,781.4222265827301,156006.95342419273,75258.37339472299,76034.40247499973,1612.1530232960358,547.0297031894297,305.39568365275045,333.84509583891486,11.742843624889831,-0.021951213354547,96,69,95.89670673152384
1144,781.4391017275302,155987.18702091972,75277.69120074839,76053.96857978386,1535.9245931115584,512.3402715751145,287.171555742505,320.24810151266865,11.970427693915369,-0.0119857266652936,96,69,95.89734971074404
1145,781.4428169961215,155973.30062354702,75284.67106760229,76032.16824529841,1475.5132102289936,479.4208413886954,270.31685540956096,316.68763163668336,12.202012081182447,-0.0101542614484485,96,69,95.89799691994938
1146,781.4587473621061,156000.88282067195,75279.62291346579,76034.59302984425,1357.2152169758338,425.1461770312744,241.83869624961517,305.09580758184893,12.429691084555412,-0.0125574560480445,96,69,95.89864830975928
1147,781.4622040060004,156025.92973795527,75256.25648866185,76037.11189889307,1257.1747791802045,376.11366922437446,216.30075619585114,301.5076461623248,12.647643891062652,0.005604901212261,96,69,95.89930383072516
1148,781.4790615931895,156008.5909100128,75271.505606914,76011.62048264721,1094.2825278976816,307.15277294034604,179.2879764448444,287.1717951448518,12.85007209001723,0.0131047472924511,96,69,95.89996343333188
1149,781.4827508215221,156004.4430248533,75245.54693279373,76013.66378054638,964.2672851531534,251.4772428762808,148.85397834869218,280.53196535186726,13.034707708943415,-0.0029873068817165,96,69,95.900627068001
1150,781.4986101164997,156007.1838479938,75240.77890731323,76000.76597951974,781.6360173973953,182.2537199435319,109.71961012517568,263.32551919849357,13.201721040343012,0.0026467301310428,96,69,95.90129468509228
1151,781.5022106164757,156030.9208109684,75259.51474772546,76037.29977589636,646.8902218001313,133.73175455752062,81.03274086286547,253.72695928323083,13.353208278408054,0.002471780173163,96,69,95.90196623490606
1152,781.5189787541416,156003.62924118186,75247.32330918782,76008.34417029914,464.64938756101765,74.92977970678476,45.96580560144503,233.19965776687604,13.494701329518303,0.0077204653134617,96,69,95.90264166768551
1153,781.5227701282577,156054.2948141505,75267.3894099232,75998.16819813274,352.4149328333442,44.63230989711883,26.900018237764016,221.8171655088372,13.631063221322846,0.00359919366879,96,69,95.90332093361866
1154,781.5392532974427,156069.27377110536,75270.10880376027,76006.4772645217,201.29874506691704,6.176714345026994,3.9796440856007393,199.90509711884079,13.767877106977984,-0.0063521189708496,96,69,95.904003982841
1155,781.5421279147324,156059.04205167107,75269.2724312578,76012.68483067812,137.40675228729378,-0.0,-0.0,187.64525448717177,13.908679855505593,-0.0018548024856077,96,69,95.90469076543734
1156,781.5589508587859,156044.4288215408,75262.3631281809,76015.81085875821,25.671229457075242,-20.21449053332617,-11.301318517595064,162.53539420530433,14.05349175395026,0.0214199826414442,96,69,95.90538123144404
1157,781.5627368836189,156098.40496285958,75290.17022162303,76020.93045910094,-0.0,-12.187879803488613,-7.000104520149762,145.5308491840551,14.200633266914206,0.0348798236415453,96,69,95.90607533085137
1158,781.5791312023598,156125.18989106934,75273.88444460498,76013.34918325621,-82.75918067555176,-24.734353897336405,-15.092508651112439,115.27309607368079,14.344156360554598,0.034860170070044,96,69,95.90677301360591
1159,781.5820570073014,156092.13747336817,75257.19935982295,76010.55339944367,-84.86064937658375,-14.246826116301236,-11.385812645894475,93.8492099858122,14.477808459757703,0.0218047100410325,96,69,95.90747422961194
1160,781.5989274122375,156130.72750567307,75288.64425024143,76021.20033058904,-170.7725963933044,-34.527357417944586,-25.59448117564898,59.55189362476813,14.595426767704412,0.0361005463648414,96,69,95.90817892873504
1161,781.6026934720899,156157.281157486,75290.7891558729,76039.0155249063,-182.20370413403725,-33.78304635119275,-27.743382161774207,37.898104415420676,14.692270985885946,0.0266308523587329,96,69,95.90888706080308
1162,781.619009882891,156161.27484151328,75291.8435524007,76031.08580058692,-273.18906875210814,-59.659924737527035,-43.454440665547736,9.472989309404511,14.768711606671443,0.0141853918838324,96,69,95.90959857560873
1163,781.6219907811807,156215.2890260145,75288.76001954377,76052.28335004156,-271.4742634295835,-54.618604333212716,-39.62242344414699,-0.0,14.8279031588937,0.0214570146445135,96,69,95.9103134229123
1164,781.6389081600206,156185.15202385854,75279.85381058451,76024.49308823755,-338.7688139672973,-67.55893378252222,-43.44707145425491,-12.991838225454558,14.878231730115711,0.0168640223100681,96,69,95.91103155244346
1165,781.6426401202632,156172.38368433918,75273.28767733951,76012.11077289809,-282.43861066398676,-35.70928375812946,-19.981088426196948,-4.114490755688166,14.930845615095617,0.0181016837261288,96,69,95.91175291390316
1166,781.65888962609,156124.47433133598,75266.14776381181,76014.90716817758,-261.7114726980217,-9.010545954544796,1.9853045147610828,2.259598253236618,14.997299459488929,0.0323540219827576,96,69,95.9124774569666
1167,781.6619303273759,156123.35951492004,75244.31519886848,76021.88988014818,-97.56201549060643,67.40551141352626,52.524896217364585,28.69472716600285,15.089823869202135,0.0247586995045514,96,69,95.91320513128508
1168,781.678891115426,156078.38939941814,75285.0665467765,76010.25725025203,20.987032202247065,131.4570761003706,95.99082115787314,47.57307799055707,15.216532600233036,0.0351414702122272,96,69,95.91393588648802
1169,781.6825774646951,156022.85500647328,75255.67244497659,75998.99880637751,268.97091293684207,234.08167982990562,160.627351550007,83.39192018509493,15.382896823970375,0.0162919512988501,96,69,95.91466967218582
1170,781.6987709279185,155987.0389847157,75258.69801480489,76018.13744321596,449.58788642595755,310.42929967070813,209.51012641223497,110.11899071597145,15.589986548867806,0.1273464210969402,96,69,95.9154064379712
1171,781.7018762584947,155952.1782625531,75236.84940509449,76016.74295976813,720.3630458575208,406.64053299324587,268.4088074652245,152.51770920871058,15.83401057390604,0.4148574855809964,96,69,95.91614613342236
1172,781.7188746008073,155950.52659619553,75234.76524506859,75998.03269953377,874.8713131672121,457.69192891093553,300.22123303549597,183.57708778762026,16.109291470107756,0.4373876093139648,96,69,95.91688870810458
1173,781.7225060176671,155854.99950792186,75251.5591825679,75995.71088651611,1088.792306926276,518.0493467662891,335.4822513734689,230.0760385650501,16.406217340843277,-0.0810174515267695,96,69,95.91763411157262
1174,781.7386545501292,155815.25156725163,75256.21827340608,75992.73303238179,1175.2404897242086,531.9773278591601,342.44324126552965,264.70236477733124,16.715005904646322,-0.2607317403415648,96,69,95.91838229337324
1175,781.7418287763335,155718.5588834075,75226.86971037585,75978.3670997804,1307.8506442751386,555.0706815956655,352.83491486987623,311.8232499076985,17.025594521144786,0.0087376619152248,96,69,95.91913320304693
1176,781.7588571596955,155710.74400461846,75241.77039213032,75996.23254921775,1306.3272171246354,534.9986342364718,337.4287350590894,341.9639780316502,17.327938263714646,-0.0085958714942548,96,69,95.91988679013056
1177,781.7624262867297,155674.8816551125,75259.32910671014,75982.22254488523,1360.2109282516176,531.7408798543329,331.20263877679827,381.85791668953607,17.615143330354524,-0.0092399237186662,96,69,95.9206430041594
1178,781.7785413809751,155614.3574404599,75237.98463149529,75991.51228010372,1302.5129837354762,496.4034659444296,307.097087602946,403.5017317466845,17.88098959766389,0.0160874956836467,96,69,95.92140179466938
1179,781.781787775548,155582.33634097333,75239.20419750984,75999.76203348192,1305.5714443004108,481.92152852720756,295.9561594658153,433.6529582827643,18.122809850934047,0.0007169639298799,96,69,95.92216311119954
1180,781.79883749588,155575.65187767326,75245.1040144302,75972.89826155521,1204.1957970023504,438.77491567448305,269.4684506094927,444.8485454680631,18.34020756347376,0.0253889999727776,96,69,95.9229269032939
1181,781.8023388439461,155543.9271627944,75253.39404837896,76006.28463728151,1175.6428341690334,419.62704318102624,257.4336370566889,467.2790872982878,18.53374912845207,0.0194286048775337,96,69,95.92369312050398
1182,781.8184323460009,155523.30672875966,75247.69757798455,76014.63938548473,1065.1594236029196,377.600976029149,232.0590650929953,474.0995965753682,18.706349165690987,0.0241044806152073,96,69,95.9244617123908
1183,781.8217529050062,155491.43396793274,75248.3456404752,76008.10697166069,1027.8365058834897,358.07351520084194,218.81508779359865,493.3442018504138,18.85898065960454,0.0440835390228049,96,69,95.9252326285274
1184,781.8388144524964,155445.68035622913,75243.65723103649,76007.05252902281,914.8735144970124,316.7023885179515,191.6457571867213,496.74524142223527,18.992019784934595,0.0420473448220705,96,69,95.92600581850076
1185,781.8422443558809,155461.08553739844,75240.61019954197,75992.46055026741,879.2776936584269,298.36967087342055,176.9712073469418,513.8862412874296,19.103202546090092,0.0421860785572993,96,69,95.92678123191438
1186,781.8583283503042,155417.7092415502,75231.81536568223,76017.3138741993,780.8690660603461,262.25436153289047,151.8003333165252,516.0179103305563,19.18645418537349,0.045364087932587,96,69,95.92755881839
1187,781.8617236071594,155419.68457625553,75226.82861551452,75997.15262246305,746.0417263511335,245.14070436713519,138.90757395204855,530.57217175595,19.234615523986253,0.044552671977612,96,69,95.92833852757046
1188,781.8787870114301,155387.84394378212,75240.91792877368,76010.44223407973,645.8842347619939,209.91478503719554,117.34100622378173,528.6996749584214,19.237391560551465,0.0412792127691197,96,69,95.92912030912144
1189,781.8821435914409,155388.56862795513,75251.39967033331,76008.82878865568,601.7724766501342,191.014592137406,108.04567966918694,540.4301334110787,19.185384699344628,0.0545968224571583,96,69,95.9299041127336
1190,781.8982302383797,155377.0205759325,75258.97374023694,75991.41537618956,499.8325526973931,156.08504536059627,91.26095868981793,537.0834041642665,19.07068142823657,0.0522728304080226,96,69,95.93068988812551
1191,781.9016991473906,155343.0829024089,75239.30837673944,76002.47453049361,439.30018848378677,132.73903237379272,82.69566281448351,546.926749395614,18.88744988844149,0.0483463626606743,96,69,95.93147758504524
1192,781.9187543022998,155322.58743467546,75255.06911909877,75995.06518882466,327.919312372338,95.9209908736666,65.51679404091556,541.7703311185178,18.635339865069174,0.0616109452141156,96,69,95.93226715327258
1193,781.9220374162655,155315.32645925018,75253.84282751416,75996.88062193329,257.8882046666113,70.97890928570996,54.20423072742415,552.239689485199,18.31676062187024,0.0623839646187791,96,69,95.9330585426214
1194,781.9381387651401,155313.82285310462,75229.15041344489,76013.31279143758,157.06285706115887,39.76440185290994,36.25799520986038,549.6537881462718,17.93910351489285,0.068390204342321,96,69,95.9338517029422
1195,781.9416786386657,155318.4265776827,75216.87987626725,76006.93410805777,95.7130315946415,20.92665572350961,23.658167685294757,562.0376344374963,17.512948365486768,0.0749965516465418,96,69,95.9346465841236
1196,781.9587156159055,155279.4384015263,75250.83097449095,75995.39445566642,25.887737501296215,3.7039228765206644,9.284304484172026,560.5320838097541,17.050090536926486,0.0650662753162405,96,69,95.93544313609512
1197,781.9619267778453,155264.0748031994,75245.67542633465,75981.56121047832,-0.0,-0.0,2.7444933895603754,574.248860647087,16.56490644804403,0.06033195759478,96,69,95.9362413088294
1198,781.9780545754792,155226.55732254504,75236.69178064167,76002.2345297913,-12.749358762463089,3.8652191999426577,-0.0,573.0575633985281,16.07037108320233,0.0611476301915659,96,69,95.9370410523439
1199,781.9816610635588,155221.7487348781,75220.71266857546,75999.2397811671,10.578063698660117,17.32579644935322,4.998998935567215,583.9426968078769,15.57990624312859,0.0271972370281723,96,69,95.93784231670354
1200,781.9986704198132,155211.1855961753,75240.03604851189,76015.16076557232,56.70204954344081,39.443697643015184,15.90155586291803,578.5655180299364,15.106077386975656,-0.0165056752807853,96,69,95.93864505202282
1201,782.0018126831473,155198.33823122334,75246.12345277892,75992.03951085583,120.25442541268421,62.8624085085321,30.220105108688585,586.9264850042819,14.659458362137835,-0.0431166587407374,96,69,95.9394492084681
1202,782.0179781918856,155217.25592371458,75280.36797648843,76027.58271133385,202.78302757476922,92.0506571471924,48.19839034965844,581.0859493663011,14.250982167225532,-0.0976436803456779,96,69,95.94025473625936
1203,782.0216452936676,155166.18656704566,75236.52269714483,76003.64165302482,275.92938565980876,113.53009269385075,62.823620584531454,589.6624365144817,13.888644784142867,-0.1490950477432528,96,69,95.94106158567295
1204,782.0386183756268,155185.83628743602,75255.74550499044,76024.35125837929,359.84480079676723,138.6211019562761,78.32567132284748,585.9647926304315,13.579583932545011,-0.1718274710936679,96,69,95.9418697070432
1205,782.041696168962,155146.80225905142,75250.5386997536,76022.20553608616,405.6782858230872,147.96250265138224,84.63793299673125,599.1330247813021,13.328742584385594,-0.2007741041856783,96,69,95.94267905076552
1206,782.0579100111571,155120.08380255962,75258.51242000141,75991.44833668687,456.9679996415507,160.94852423180419,91.4483129324799,600.1064048031694,13.13750093142866,-0.2255522658195647,96,69,95.94348956729726
1207,782.061630104699,155128.614804055,75226.01651602094,76025.79111463777,455.6901119221002,155.26929209320224,87.54402106866473,614.7580114592274,13.0061182834943,-0.2237262436195422,96,69,95.94430120716127
1208,782.0785593593756,155101.92338188612,75246.68107863722,76026.59588209039,465.9772628287901,155.6963768672431,86.41497898756643,614.9381433404633,12.930985086055784,-0.225804780427655,96,69,95.94511392094672
1209,782.0815782632008,155060.16381870286,75240.56423091285,76015.07727242644,413.91625422774814,133.48828564702126,73.12953735498013,627.5642002871318,12.907734904320838,-0.2367794709988687,96,69,95.94592765931267
1210,782.0978503133631,155056.8203182971,75239.49488078961,76006.51256612757,386.9319457144593,120.25818086600339,64.84950980902067,624.0156270102016,12.931329530922286,-0.2292056536399812,96,69,95.94674237298914
1211,782.1016141830278,155061.05363254834,75239.4873666296,75980.8454439202,302.9997786639724,84.93416507700749,44.65149125343305,630.4608882067259,12.995898993354654,-0.2198473077102506,96,69,95.94755801277958
1212,782.1184934893523,155084.63850227458,75219.9970572021,75984.80654358737,260.26960477553075,63.10437335804454,31.869336743780877,621.3025769788073,13.097935647096511,-0.2281822465320714,96,69,95.9483745295633
1213,782.1214599320502,155042.41205351116,75226.4361357101,75981.14001528648,157.78844555444084,18.993108463007957,6.793170461955015,624.1107567537983,13.233449118232006,-0.2408703588906744,96,69,95.94919187429724
1214,782.137799290344,155027.42785647223,75205.6257222,75977.97669142751,113.2127435033326,-3.877775394517812,-6.338355716550723,612.3096125639859,13.400110086859392,-0.241461677340984,96,69,95.95000999801849
1215,782.1415961142925,155034.7289051024,75212.39729871492,75992.04160907,18.47777892270824,-42.4335354197392,-27.721585042076185,611.6608949874935,13.59589280549261,-0.2481008980128994,96,69,95.95082885184613
1216,782.1584211723679,155042.61637097714,75220.7282873678,75971.85836381976,-4.172239837876987,-52.252590682095615,-32.30152571000508,597.4341621776694,13.817254347008731,-0.2451479635414887,96,69,95.95164838698336
1217,782.161341999736,155036.9286240886,75178.10749327503,75952.8037697918,-80.1057543400675,-77.06893591323751,-44.50755209987983,595.4355664451141,14.061115804220185,-0.2547658472412916,96,69,95.95246855472028
1218,782.1777571111642,155044.09964900135,75167.72056106628,75939.88273312953,-69.88341203605523,-68.54219165617542,-37.45883418491576,579.670967106038,14.321487249636704,-0.266169183484838,96,69,95.9532893064346
1219,782.181574331412,155015.7927096715,75184.3214052258,75964.05043659781,-106.93055541528156,-74.35993002772739,-38.52966038431623,574.5683641005016,14.591861187708592,-0.2820954469471547,96,69,95.95411059359547
1220,782.1983431964247,155048.2523220245,75192.17675123039,75967.11841894113,-55.471381916780956,-48.64651702235278,-22.455450473556994,556.5436870002304,14.864878524814962,-0.3020046971891078,96,69,95.95493236776431
1221,782.2012250053891,155065.90705548238,75197.67167861681,75947.76928674441,-65.12280241795816,-44.21152581446222,-19.661542673915392,549.9739307769923,15.13179056732819,-0.2883895978280261,96,69,95.95575458059768
1222,782.217724071384,155044.8495700967,75198.67544039487,75990.69569683397,16.187050532666035,-9.09281855809968,-0.9342917772009969,530.1368925762363,15.38578708453159,-0.2767546100910096,96,69,95.95657718384888
1223,782.2215469601455,155052.76566054462,75221.93324068122,75960.51634416611,34.226087594695855,3.5285199444624595,3.6675986646150704,520.0638541943335,15.619597419016095,-0.2867923255060492,96,69,95.95740012937031
1224,782.2382609508079,155065.50656859274,75209.90446809692,76006.21421789551,136.41583577782148,44.30006428208435,23.544832988467533,497.3230332089297,15.828280753405988,-0.2776306048531786,96,69,95.95822336911569
1225,782.2411088900179,155089.2058783888,75225.37146287438,75999.14681782741,159.6178348849644,57.385383288623416,27.71384961370495,484.51306513737654,16.008820559188234,-0.2622916088230111,96,69,95.9590468551418
1226,782.2577009697959,155079.22528951406,75235.85574891382,75979.21972831535,267.9910348551348,98.61253495789424,48.97644251905149,458.55420657998184,16.15897123871178,-0.2604872406989776,96,69,95.95987053961088
1227,782.2615113701609,155099.28497331194,75232.65385725794,75972.97722122565,294.21336229512235,110.62109614354267,55.21025371886208,441.51364650717005,16.279820204317872,-0.276055552976965,96,69,95.96069437479274
1228,782.2781770220155,155131.54647337002,75217.8556605056,75999.22210911766,392.5267763203592,145.4918156163767,76.44351195218042,413.28620016455534,16.372587042423262,-0.2887804424729839,96,69,95.96151831306628
1229,782.2809922239668,155135.32115657578,75211.99807826876,75994.95708639342,390.32669695530785,144.5762077232066,78.61408990292693,395.5770802938787,16.440715927658317,-0.2733486001650028,96,69,95.9623423069223
1230,782.2976898900296,155145.17967325004,75203.1474753148,75999.68277836971,458.35301871120464,165.83476701837208,94.07443864879315,367.80259772102,16.489079645035552,-0.2717909817300868,96,69,95.963166308965
1231,782.3014645514662,155166.62685074346,75226.81010764664,76008.56679189362,424.7408606502577,151.60752596922975,88.51562221726635,350.72766257482,16.522514424125493,-0.2632297739239302,96,69,95.9639902719146
1232,782.3173212523626,155176.1257302444,75219.64267259999,76011.11386739687,448.8073998973123,156.06266327212506,92.14793445484247,326.20574325541384,16.548237984057106,-0.2671843288757451,96,69,95.96481414860872
1233,782.3208547464062,155201.3959785955,75222.49572002333,76016.36684076082,378.8631215831265,128.49960105441278,75.27167162997648,311.5472915827413,16.572465014181194,-0.2700789139075545,96,69,95.96563789200484
1234,782.3377211517719,155201.7206354559,75208.54810512323,75998.67361650852,382.7941890596412,125.44067765251384,70.68652384591405,288.2874717253144,16.60218186771673,-0.256067526873485,96,69,95.96646145518244
1235,782.3413320629707,155219.92385514127,75227.87706593894,76014.53027201962,298.67661206942284,92.57895589838154,47.78500760041061,273.4470468783111,16.644037883228656,-0.2577766996280995,96,69,95.96728479134453
1236,782.3572466842058,155226.2777041952,75236.78211717251,76027.35334546116,292.2029093221063,85.37026700565184,39.7585121570155,249.1696653489489,16.702441545344442,-0.2570255292321606,96,69,95.9681078538201
1237,782.3608014362896,155234.13890331011,75227.4626711639,76014.50126480225,212.79748953477247,53.67351446065004,18.721108122117585,230.26338308292907,16.781707029067427,-0.2513384441159157,96,69,95.96893059606636
1238,782.3777139489835,155287.69798408338,75247.93136484957,75998.58343314276,219.31398448476102,50.86334491035086,16.43840841363999,200.49852596837445,16.882585044943532,-0.2526232576788622,96,69,95.96975297166962
1239,782.3812138585305,155277.07633464105,75220.89820854264,76004.05803927823,146.65229995147092,22.56982651889848,1.6016793128219433,175.82769957912387,17.004201401692317,-0.2449516484099833,96,69,95.97057493434902
1240,782.3971638402421,155312.61318943783,75236.44663582486,76008.14597794398,147.2012617837172,20.143042858078843,3.5622563057986554,142.20135491655674,17.143549126777515,-0.2283234053839405,96,69,95.97139643795704
1241,782.4007634498352,155342.89950767517,75217.6712287791,75992.2376225224,72.55469104176154,-4.852758559893118,-6.926993842702359,114.43828128260793,17.29441489331909,-0.2252959864491392,96,69,95.97221743648196
1242,782.4176933435707,155378.15003836842,75238.8877283487,76003.4277706085,72.6398661971325,-1.8683111602294957,-1.8007317020674236,80.63177257814095,17.45069637808827,-0.2073645034175002,96,69,95.97303788405024
1243,782.4210967623837,155394.74026354132,75235.80015928428,75995.70333994883,1.7752781636663713,-17.898214692933834,-9.61383422059589,55.85135387023911,17.604212888528476,-0.2169920524232502,96,69,95.97385773492796
1244,782.4370822831961,155413.45479392508,75229.59619863868,76025.00951786718,16.579098413698375,-0.0,-0.0,29.28725607212982,17.74779856150304,-0.2325181919625135,96,69,95.97467694352324
1245,782.440733891807,155411.80818003326,75232.70638793189,76023.16856244447,-0.0,14.496419518836774,5.572265602037078,13.810778019629652,17.875733496407776,-0.2193631522333847,96,69,95.97549546438742
1246,782.4576629572161,155424.2681648986,75226.94488392948,76015.50014785776,104.45504747569794,76.14312335914292,37.74399522552267,-0.0,17.982979071843868,-0.2526074428572251,96,69,95.97631325221823
1247,782.4609784746152,155423.99487312746,75241.25295664885,76038.0538783325,211.44728951907018,145.327145655785,74.65948921858217,-0.09438098515965976,18.068224997040872,-0.2519870979816391,96,69,95.97713026186048
1248,782.4770051667123,155428.1179191939,75222.78065664861,76014.22479628502,459.8453678438673,265.035739942643,142.62501933347085,4.565250033978373,18.13076876279881,-0.2286866122665116,96,69,95.977946448309
1249,782.4807097606065,155404.9675113494,75243.6502793834,76005.62918104425,731.446379214467,392.57923796592513,217.02812163962517,23.07750468348968,18.1721399267574,-0.2363437963827001,96,69,95.97876176670952
1250,782.4976238567443,155388.87964937725,75241.5027111744,75988.55277198122,1129.7647126088268,556.6999438144121,314.6073345854529,46.66385870898375,18.194954658922164,-0.2326711634913016,96,69,95.97957617236202
1251,782.500858692955,155341.73076624435,75229.09397404686,76009.1965087083,1513.862867870601,706.6426128700987,404.887715963705,81.89399605570361,18.200609902653603,-0.2378339557303468,96,69,95.98038962072104
1252,782.516934099292,155279.52849295837,75215.71629269044,76021.20180177221,1965.616282063129,865.5392261831003,500.9469652175612,119.36564788396936,18.19132780508608,-0.2421970968404238,96,69,95.98120206739875
1253,782.5206890167483,155240.1497650246,75230.09613283807,76009.0039804622,2350.9372797067044,988.6847733200266,575.9422086973791,162.97871751952334,18.16671495178889,-0.2408056693823651,96,69,95.98201346816646
1254,782.5375764754203,155206.68539977202,75235.42233665571,76010.57055519697,2741.7052118182764,1100.6938378205523,644.2557301873167,204.75026122829877,18.125785105471124,-0.1626320236642314,96,69,95.9828237789562
1255,782.5407377953153,155184.7389051648,75199.64554054147,75998.03111508943,3018.134685312456,1166.3416217460472,684.7771036182094,248.38045289431466,18.066975679044,0.080192590928177,96,69,95.98363295586326
1256,782.5568700443636,155091.73424754522,75225.79942266959,76007.11342667113,3267.7714895372046,1218.4607513179071,716.7840143914509,288.11922854412114,17.987293638957762,0.248554837170465,96,69,95.98444095514736
1257,782.5606699455382,155085.2525475053,75244.13111567018,76018.06997089788,3403.8026481465786,1233.7167418371973,725.9964542367234,327.6684764706006,17.885894065996386,-0.1955553904908738,96,69,95.98524773323504
1258,782.5775211159116,155052.71029229727,75240.48066651502,76031.82190351574,3518.2755771069205,1245.1366492727248,731.9106485162338,363.73397705034586,17.76177272457751,-0.5853335510365436,96,69,95.98605324672106
1259,782.5806164369496,155026.64448145858,75219.68369979197,75994.47373064377,3538.7074596185703,1231.4346156482206,721.7456964841404,399.47772276584874,17.616170972108957,-0.3211157364899257,96,69,95.9868574523708
1260,782.596813608618,154950.3633514409,75222.64335102563,76013.6713319919,3559.8445330705727,1223.0421928053402,714.187547900714,432.45722397364443,17.45225927607344,-0.2548353241988989,96,69,95.98766030712142
1261,782.6006509462553,154943.49626769562,75206.16575157677,76012.071887775,3520.358476026915,1199.48636973268,697.525377323851,464.1583919314726,17.273156127050044,-0.2800384222447643,96,69,95.98846176808426
1262,782.6174581492113,154915.34984982692,75205.39273580875,75999.03962762926,3500.069791521353,1184.5337213254243,686.857954515217,492.68115892866626,17.084092744988475,-0.2336209688793482,96,69,95.9892617925463
1263,782.6204953617404,154872.9468262023,75192.7947088375,75989.32801063337,3437.0687206534785,1157.355103872571,669.9363942376949,517.9376106206328,16.88876427353657,-0.24317932610481,96,69,95.99006033797208
1264,782.6367651791091,154884.59719220354,75196.75496686112,76018.32497640583,3404.236941751442,1140.1798762896942,660.3014187071531,538.8897879758733,16.69081239308372,-0.2243981878701872,96,69,95.99085736200551
1265,782.6406304336948,154859.41044696904,75211.2479040015,76008.71416860931,3345.0969035927556,1115.4278677129478,646.6641590650834,554.7566396811744,16.493370924583644,-0.2311953525299151,96,69,95.99165282247164
1266,782.657388130562,154840.66934966086,75203.89223296124,75997.12947088842,3318.7554931219784,1102.0443106066086,639.9607015657821,566.1198554269504,16.297488886710852,-0.2181201165165185,96,69,95.99244667737842
1267,782.6603752666609,154802.5598016928,75213.48450046031,75994.02525314767,3271.0228646841715,1083.8663279842294,629.4876731933327,572.046646553441,16.105153006894124,-0.2037071309517915,96,69,95.99323888491854
1268,782.6767250317222,154853.14322509122,75210.90996300124,75999.35767296203,3256.011933193193,1077.712274592457,625.4316572472453,575.2355759797501,15.91651339789728,-0.2029004212235636,96,69,95.99402940347088
1269,782.6806067540958,154814.84471620162,75205.95220675391,76028.50344723486,3224.277988388203,1067.9992722992029,618.2160822740116,574.818726657948,15.731899980844537,-0.2080807345994729,96,69,95.99481819160265
1270,782.6973119139973,154872.1146643364,75210.41795476632,76034.4912466345,3217.0720133002033,1066.177727649032,615.7413397285563,574.6565821784025,15.551590494648046,-0.2226811383754548,96,69,95.99560520807104
1271,782.7002566469647,154836.1202786833,75228.72128353821,75992.60361081971,3187.537043564371,1056.9230030871258,609.0632053978625,572.6418918282434,15.374034088806155,-0.2134165380674759,96,69,95.99639041182448
1272,782.7166934813143,154842.79894251452,75208.45622492074,76022.19851372448,3173.064414653869,1050.3956420085742,605.4193731057749,573.045417186222,15.198673388868214,-0.1945537699124266,96,69,95.99717376200545
1273,782.7205780420779,154833.0779260677,75221.04797791314,76019.63660419873,3134.328426660737,1034.6883566798497,597.3138085623796,572.0665643563843,15.023176139749676,-0.1956327781999642,96,69,95.99795521795056
1274,782.7372308463856,154845.01526928224,75223.4513075682,76003.94010686954,3103.8178054598975,1019.6763370581903,590.9654796297255,573.6360721054953,14.845775263795534,-0.1820446164396067,96,69,95.99873473919386
1275,782.7401395273454,154848.4386386667,75206.04948150531,76030.38922971416,3052.814378855983,998.1635973312223,580.7909592766373,572.5335510451405,14.665796138081076,-0.1654281806145949,96,69,95.99951228546745
1276,782.7566711915754,154841.14703881968,75208.69332851919,76005.74933545142,3015.899243805383,981.1334270768712,573.3139318604663,573.8750348709873,14.482622415871084,-0.1523194397621911,96,69,96.00028781670356
1277,782.7605418656561,154859.70803858194,75236.58153865594,75997.19363046259,2972.9891596179805,964.1478829568077,564.6076005398354,572.0620987818984,14.299041062033362,-0.1520002885714026,96,69,96.0010612930363
1278,782.7771472440306,154870.09450408927,75214.66404697202,76018.87624239745,2951.618038242392,955.3059598071704,559.963620380935,572.9046616139822,14.11836737478079,-0.1427158906878254,96,69,96.0018326748028
1279,782.7800228018879,154850.09412951925,75226.65130872786,76002.8953108582,2933.9181451814948,950.1892119118274,556.0742025260406,570.3020128756762,13.945827526552938,-0.122904417142209,96,69,96.0026019225457
1280,782.7966600345036,154866.6550960188,75213.62670872013,75995.28681042924,2938.5839475269313,953.2259711547376,556.7071261896344,571.4866762096935,13.787546344560235,-0.1171422623065205,96,69,96.00336899701382
1281,782.8004940963195,154866.17748471707,75233.0146888277,76012.45180129384,2946.443471295992,959.2918059607618,558.3713723533147,569.7099983593798,13.647565159940818,-0.1027217207105434,96,69,96.00413385916454
1282,782.8170659855765,154839.63490965607,75236.220392204,76010.32962106523,2965.724391596217,969.3480157106533,562.7800057134591,572.2424625666463,13.529537588367482,-0.0934739712701751,96,69,96.00489647016518
1283,782.8199019090243,154911.5962864725,75230.39403596976,76022.33895034241,2980.1877636407735,979.2434040158405,566.9009157891851,571.5364097749698,13.432977607959604,-0.1076569671705386,96,69,96.00565679139406
1284,782.8366665199658,154866.74135839278,75216.83136806599,76033.49121587897,2994.588519496552,988.5289149194869,571.6759344175807,575.9557408549299,13.354836670929211,-0.1146974473383275,96,69,96.00641478444297
1285,782.840423654346,154862.6145794295,75238.84624768369,76015.53230873267,2998.645141617162,994.8309955180157,575.1040378488833,576.979434230132,13.289981303860593,-0.1289104125125646,96,69,96.00717041111814
1286,782.8570030972169,154860.68098738996,75222.35175755256,76018.88124028694,2994.9026031413814,996.8020451986813,577.5423038452573,582.6551651858026,13.230523362994555,-0.1666190678142928,96,69,96.00792363344208
1287,782.8597537098569,154871.10695023218,75231.24377245115,76007.42743741248,2980.051262664201,994.3140546403738,578.0887376858154,583.6711345746298,13.17028012435331,-0.2095363432029489,96,69,96.00867441365482
1288,782.8767314477633,154883.09185516826,75235.88123240703,76028.90210111826,2954.4613649918465,985.4145262780803,576.4001478670689,589.1404000886541,13.103516790921338,-0.2388477928887467,96,69,96.0094227142159
1289,782.8802415819766,154884.52275952575,75205.61627039885,76011.05872742171,2919.847851831699,972.3059111428593,572.2894814953615,588.611018285068,13.02806336990075,-0.2522262784635457,96,69,96.0101684978054
1290,782.89727892458,154886.63116620935,75215.2796065898,76031.34150684508,2873.4753370018443,952.8246015876794,564.7095067217306,591.1390028166061,12.946114971279425,-0.2584939194502281,96,69,96.01091172732566
1291,782.9002688467663,154879.0797622273,75234.85040933712,76018.66895304559,2821.637905919808,931.3665171704197,554.459228456748,585.8698701243266,12.862333390008882,-0.2502535789550936,96,69,96.01165236590316
1292,782.9165428250323,154879.90823307348,75212.35838662327,76018.45507955442,2758.25519482675,904.9463971839286,540.2065049397352,582.9108688491979,12.785889981132929,-0.2515745633679871,96,69,96.0123903768892
1293,782.9202872234719,154898.52011321735,75226.11115932855,76008.1338133853,2692.663573748432,878.7274835187709,523.9023058937164,572.5594448286574,12.726044188173606,-0.2523820904876728,96,69,96.01312572386236
1294,782.9371786623475,154926.2639890198,75222.10055570444,76016.02696609372,2615.928098657343,848.3589774410357,504.3314441405528,565.7128398845962,12.691976167800094,-0.2375655482413805,96,69,96.01385837062872
1295,782.9401746867036,154945.7787317385,75228.89596675945,76015.3687390775,2541.191311652132,819.6929813405732,484.74175313769956,552.6043434284511,12.691086701000964,-0.2286593547170662,96,69,96.0145882812246
1296,782.9564721894257,154956.77739664624,75212.6590416784,76008.69081036244,2455.905491895799,786.5601586226403,463.49607037508395,545.4093423430168,12.725783728243025,-0.2408814696922813,96,69,96.0153154199173
1297,782.9602819105511,154941.06166324473,75210.57825668267,76019.72699363288,2375.6390726622776,755.3118077770778,444.160432461591,534.1146493846609,12.795869403333072,-0.2444053227596561,96,69,96.0160397512066
1298,782.9770999063502,155006.26242837848,75219.68662655658,76020.2591878566,2286.2713696791325,719.5336125811154,424.27484278401244,529.3982910326158,12.895999608716926,-0.238540493656797,96,69,96.016761239826
1299,782.9800626044167,154970.37403723065,75217.4000081343,76018.2398486495,2206.979502121161,687.3949318622763,407.3801921001577,519.1352151880274,13.01841411540004,-0.2407242194600642,96,69,96.01747985074478
1300,782.9964228621287,155017.965942336,75221.9027006111,76015.90460713209,2119.5182322790497,651.8018836223782,389.568767554214,513.9798122405482,13.15460262140449,-0.2235186765720999,96,69,96.01819554916864
1301,783.0002642436581,154991.72825276086,75210.87467645651,76011.7817541901,2043.7170182401314,621.7482110463898,374.1313055069768,501.5739544609678,13.29493299109266,-0.2328485678120507,96,69,96.01890830054168
1302,783.0170222355097,155016.07503153442,75226.15343505185,76023.47936716604,1959.1382719976245,589.7514229419612,356.77563415974146,492.3881547705387,13.432869528295363,-0.2428858811979875,96,69,96.01961807054695
1303,783.0199456640822,155049.22524514986,75225.89772630885,75993.53439894634,1887.6288687907509,565.1220050192205,341.58087526541203,474.5538390754664,13.562881444873655,-0.2204888280707127,96,69,96.02032482510884
1304,783.0363872856808,155086.01115270588,75203.38307732911,76011.09448457866,1804.67147082038,538.066597321551,324.0470735122217,460.9847384915338,13.682230370362774,-0.2131672855802258,96,69,96.0210285303939
1305,783.0402375168491,155114.76411793602,75209.90375308534,76011.12932637612,1733.6249772534356,517.3533502816281,309.0153545693902,441.0769712436013,13.790865943037057,-0.2155097930959311,96,69,96.02172915281164
1306,783.0569435455243,155091.20656697193,75225.43599377215,76015.13395875394,1650.5627288821852,492.7861786262656,292.28600190524594,427.4924560202635,13.888816648384198,-0.2166050439316333,96,69,96.02242665901689
1307,783.059826054056,155129.95782695626,75216.50306038902,76024.05809103399,1582.0059918150655,473.9736184766807,279.18171264452394,408.9934337087325,13.978405019174344,-0.2154077127049677,96,69,96.0231210159104
1308,783.0763650111834,155157.82890189986,75232.36921088406,76015.90147219418,1501.0374610408326,449.92604067057255,264.630471670971,398.49543874390656,14.06072515810605,-0.2025450559404664,96,69,96.02381219064031
1309,783.0801995871795,155172.71147044245,75203.99103632971,76014.19466122382,1435.41406151728,431.20998831394536,253.87857530481415,383.7245970462682,14.136651797647426,-0.1989298425692696,96,69,96.02450015060349
1310,783.0968666299738,155195.9498440923,75225.74433483109,76005.58559272246,1358.6328090731986,407.72834752906056,241.72865624603583,375.6370855906571,14.206739426703717,-0.2079941820017606,96,69,96.0251848634466
1311,783.0997012048239,155182.67514306685,75207.5588059912,76021.03828347693,1299.4612099965452,390.8119037047727,233.54249361832626,360.9961263205623,14.269028201118818,-0.2310213805938677,96,69,96.02586629706738
1312,783.1163607173401,155222.43420524566,75228.46787466608,75992.80061879878,1227.1857597229537,369.0519161998236,223.33605286906823,351.5290595884435,14.322031820393162,-0.211091265144127,96,69,96.02654441961644
1313,783.1201416811267,155245.9649298964,75205.91282985441,76023.95154070009,1170.7382882991806,353.70528895544703,216.54247211615439,334.298215355142,14.362122048969724,-0.2012812132368975,96,69,96.0272191994972
1314,783.1368039426302,155249.9504779486,75236.06364093607,76013.82775310715,1100.1393047625315,333.4658313536638,207.32401145997574,320.8753299852833,14.38536599316673,-0.2050323350608115,96,69,96.02789060536874
1315,783.1395535108666,155277.24926015627,75233.79076653547,76004.16685369344,1045.1158038235153,319.49699319014326,201.18699721933808,299.3391716707847,14.38826049739496,-0.1982711678736936,96,69,96.02855860614548
1316,783.1564054424051,155308.34452193268,75222.68791361248,76013.84620754063,972.9821201256709,299.27412619482493,191.62432855577208,283.1759540514613,14.366115296028443,-0.197593172649278,96,69,96.02922317099966
1317,783.1599982781297,155332.4513852199,75235.35414485093,76001.84192766152,915.6178580624983,284.5752220466529,184.37315499357646,260.79404976789374,14.316464564594597,-0.1875958202691613,96,69,96.0298842693612
1318,783.1769613692014,155361.8395381478,75191.53382663683,76026.03646647479,842.8810907878214,263.9064426851983,173.3194999336265,244.84389649052173,14.236664568380288,-0.1788323708803861,96,69,96.03054187091992
1319,783.1801437658762,155380.02196158597,75208.1504266358,76040.35907745901,787.6356774467858,249.46037464124674,164.46360983757768,223.37331856990932,14.125670273433869,-0.1569490495269269,96,69,96.03119594562632
1320,783.1962483049728,155395.7922249955,75249.15686927871,76023.80522858484,719.5997985433205,229.79491649164993,151.92639397579478,207.97632718578097,13.984671943829168,-0.1691719461078931,96,69,96.03184646369236
1321,783.2000177110696,155419.33802011426,75238.0714529627,76020.81922579353,668.0588992075063,215.62031978652522,141.3578229585255,186.83800735528348,13.815214034559558,-0.2075462896438923,96,69,96.03249339559316
1322,783.2168888216077,155446.76882599213,75238.45295647021,76035.44056102251,601.6724202454207,194.88136673928238,126.93223086799844,170.19950369893922,13.622363865251335,-0.1824299424564707,96,69,96.03313671206772
1323,783.2200368500517,155469.05050997023,75245.87100167779,76038.95333507379,547.8985751023865,177.32704444852425,114.01483962021302,145.76868321927032,13.41202829457381,-0.1901342042248537,96,69,96.03377638411992
1324,783.2361772616288,155507.66575423264,75225.90138928096,76029.12193056135,471.575616201153,149.60478618305933,95.98291977334884,124.75592246829183,13.192233918720085,-0.2068629774105415,96,69,96.03441238301995
1325,783.2400052991876,155533.5905275939,75236.61110565567,76044.98642441133,397.66093452693895,121.17495516857889,77.69380960508715,96.90028468245873,12.973122230744671,-0.1968776706066558,96,69,96.03504468030496
1326,783.2568264875601,155543.3814392154,75234.705313798,76024.57895753167,297.0597160416073,82.30722750199493,53.95687920678756,73.82665725212428,12.764031600839411,-0.1910559187015028,96,69,96.03567324778072
1327,783.2599183754405,155606.97230401429,75234.56501026971,76049.745878715,204.08642129780492,47.707551334708114,32.16657393940841,46.26616118187667,12.575458500725134,-0.1893173519490429,96,69,96.03629805752166
1328,783.2761217595188,155627.64457026133,75252.08041796878,76019.1255621995,101.23740484297741,13.692094805970555,10.559125339263119,27.184403539198684,12.415201133733463,-0.1807090272936488,96,69,96.03691908187275
1329,783.2799867269263,155600.98460738602,75230.00389476196,76005.86756496588,34.30491272738436,-0.0,-0.0,8.675992412201595,12.288753720707328,-0.1882854422356221,96,69,96.03753629345006
1330,783.2967611511458,155659.27977314976,75237.14067162407,76021.81577540253,-0.0,7.303882504143985,2.1261230630916543,2.5309031268407125,12.199220510016564,-0.1676467595945597,96,69,96.03814966514211
1331,783.2997967644275,155662.7511973568,75238.80222917299,76025.08418538152,48.738755880855024,54.089251554905786,28.075454560195794,-0.0,12.145113251029125,-0.155521591121247,96,69,96.03875917011048
1332,783.3160775545763,155662.08428715056,75232.08730507469,76025.89723829886,171.52157355367672,134.3794073357276,76.14201487781247,11.876097447762731,12.123909469272313,-0.0348859995405921,96,69,96.03936478179052
1333,783.3199631639262,155618.7425927265,75219.4107131853,76022.15126047097,400.37071674037725,255.06247620287468,150.44921399795567,28.598385653400328,12.130324297860115,0.2583101398282715,96,69,96.03996647389285
1334,783.3366918600049,155598.18806404583,75249.50007775029,76029.42202910052,704.8973999750451,398.6255520868144,241.34438953289646,58.229841761960415,12.158764034385383,0.2980548136523337,96,69,96.04056422040456
1335,783.3396734180111,155588.79870289465,75210.229759637,76036.53510360808,1088.6428008121438,560.5746088168089,344.741806621867,89.98841852418263,12.204880145981376,-0.2581129991909253,96,69,96.04115799558888
1336,783.3560448397055,155530.85250584403,75215.5566991459,76035.15518208688,1496.4109400112065,716.4021288764925,445.4697152709414,131.41594129730947,12.264000595436816,-0.4605426079117271,96,69,96.04174777398715
1337,783.3599323642514,155508.73705781842,75213.48764234362,76047.7971532247,1914.772580816818,860.2153977629205,537.8708530056174,172.06610269320663,12.334335310936632,-0.1630723427858864,96,69,96.04233353041954
1338,783.3766207922234,155456.3521334759,75234.6136457827,76014.57874353377,2289.183887360501,973.6676199946669,610.3480774986965,218.47503937748843,12.414064505275372,-0.1767331517002488,96,69,96.04291523998523
1339,783.3795467639245,155417.49103346746,75233.15462267668,76035.47018467679,2615.1887571971747,1059.6689932351146,663.19925099799,260.6412201586354,12.502089167343309,-0.1635228008427714,96,69,96.04349287806436
1340,783.3960269468852,155404.14497081644,75209.77517087264,76027.72590101129,2856.2555506555364,1109.9565703977423,691.9403666695434,305.73777948357747,12.5980395531241,-0.120749988888817,96,69,96.04406642031776
1341,783.3998879523854,155351.07678491643,75193.11040010054,76023.25029203396,3027.9773055336555,1135.796120563522,703.0852607456181,344.62127508677077,12.699535008282888,-0.1426823786075844,96,69,96.04463584268863
1342,783.4165561450396,155291.1170349127,75227.23728336974,76014.14598954229,3116.48572902655,1135.7107926196477,697.1460684301419,383.9337137690163,12.804942614426247,-0.122867355853309,96,69,96.04520112140266
1343,783.419406152919,155256.5375071572,75210.61673589225,76010.035549388,3151.2937951122876,1122.9499713374971,682.532540092041,415.41108089353656,12.910698929938349,-0.1174770433713483,96,69,96.04576223296944
1344,783.4360425472091,155252.61566011806,75217.72213756168,76026.84144399813,3127.1623922355357,1095.3587744930555,659.5707618775632,446.76802255021175,13.012662735191654,-0.1188228324377133,96,69,96.04631915418288
1345,783.4397919617409,155253.96894355517,75228.2753376771,76029.38775521202,3076.0403536951053,1063.8019855464954,635.0151635720831,470.76303717837436,13.106994778029836,-0.1024934614208564,96,69,96.04687186212166
1346,783.4566020221624,155219.50549544985,75211.92784350557,76012.69930688145,2994.825041991484,1024.7735336978221,607.7184873442457,494.68199283175636,13.18811991447314,-0.0894923414265262,96,69,96.04742033415086
1347,783.4600423507712,155183.55411598267,75209.5587152215,76040.01072277402,2911.546507842024,987.1362733664719,582.6096810812014,511.7393227068824,13.252032423470409,-0.0952520040204308,96,69,96.04796454792194
1348,783.4759422535352,155188.0172624362,75233.70200021994,76039.89578149738,2820.5993085012306,947.1626593429392,557.8441684606078,528.5825006753148,13.29399807773206,-0.0918724517405353,96,69,96.04850448137326
1349,783.4797742451525,155152.70565293866,75197.13678497612,76050.08353871728,2743.288762504759,912.8112735680916,537.552176955709,538.9096246214758,13.310092217785138,-0.0694582630657254,96,69,96.04904011273196
1350,783.4965609995834,155167.33306590893,75209.68662879353,76029.95449392713,2670.522990788566,880.7556578077201,519.8751149745367,548.6342592207657,13.298317936253328,-0.0739007423000416,96,69,96.04957142051327
1351,783.499922858353,155174.86141779443,75214.67186463623,76028.15031378876,2617.8992086372455,858.159812328784,508.2885919046821,551.3478615432978,13.256647639133032,-0.0821666112872959,96,69,96.05009838352208
1352,783.5158715092796,155195.34738638462,75219.03974218792,76028.46181941239,2570.959879267786,840.0429521039041,499.7732577055285,553.275579453737,13.186279631001232,-0.0700225854259334,96,69,96.050620980853
1353,783.5197530131056,155133.16889580432,75240.74355514685,76029.45661481205,2537.9415922052576,830.236403153016,495.8689017704746,549.2184338076622,13.089021722280757,-0.0588575848929413,96,69,96.05113919189152
1354,783.5365140657826,155180.47990683102,75236.53812437695,76031.23118910346,2501.89011422731,821.4242786546965,492.3737654465367,545.3802725778951,12.968066965358826,-0.0387587557129476,96,69,96.05165299631422
1355,783.5398016491046,155197.660893065,75239.33484650307,76031.28067365591,2469.129707232234,815.1287062914926,489.9361930608866,536.8843017007457,12.828164887800863,-0.0158384209044298,96,69,96.05216237408958
1356,783.555807570627,155205.79661948045,75230.8170445115,76054.42007934823,2424.509757285472,803.3900865334144,484.44551708718063,530.2318958972755,12.672560954170583,-0.0108406245098865,96,69,96.05266730547866
1357,783.5597340651163,155210.61931836468,75236.43334334649,76023.74851273086,2377.0618817602517,788.4152718550031,477.28746509272605,521.1261682958575,12.50543837640755,0.0105941899234414,96,69,96.05316777103532
1358,783.5764583250299,155226.78076385736,75212.11487086487,76040.83215173225,2319.1572534660227,765.8519647336216,466.4311404633045,515.2109864203376,12.329047268969443,0.0239318263105159,96,69,96.05366375160702
1359,783.5796809312537,155223.88225130198,75243.6209499377,76027.0179625124,2265.1872283997363,741.6660873323272,455.23890638453304,507.6828939822735,12.144800232375497,0.0244187926167835,96,69,96.05415522833552
1360,783.5957502248933,155219.0575876892,75212.52782259451,76026.02323476234,2211.4679138280917,714.9674589906499,443.31231546457275,503.9112885756185,11.954425629979568,0.0282051247563628,96,69,96.05464218265708
1361,783.5997162663285,155237.92277976545,75221.86026303166,76024.78199322187,2171.500376582204,693.1051602691878,434.4182216908375,499.40326480183285,11.758056517446889,0.0078972848781899,96,69,96.05512459630296
1362,783.6163938568283,155269.4081986803,75234.27804821874,76056.37325578241,2140.426856458944,675.6355500358768,427.9502478822251,498.93515289612697,11.557729099694022,-0.0229281978258875,96,69,96.05560245130032
1363,783.6195616579429,155226.10382839642,75234.94037583013,76023.5222256206,2126.730092171929,667.8871724179189,426.1891917148314,497.9724296553177,11.355150935966629,-0.0502692273824978,96,69,96.05607572997228
1364,783.6356996816087,155244.6760598119,75247.6410979772,76051.99449171014,2120.9932492265943,666.5097171118832,426.7593085114495,501.3089136154449,11.152770555484135,-0.0926546293228536,96,69,96.0565444149386
1365,783.6396982067102,155244.60807257314,75212.02260698687,76028.18394267515,2126.8635106278234,673.299231648416,430.23917313161655,504.5011992347718,10.954517132772883,-0.1288965189959332,96,69,96.05700848911582
1366,783.6563210247423,155257.4017870006,75225.24179738101,76034.69272376744,2134.372626620694,682.9756621428678,433.78457541696844,511.30262499980745,10.76314391049354,-0.1547152240359897,96,69,96.05746793571852
1367,783.659444747855,155222.71208719295,75238.42460407368,76030.64591803713,2146.5608684266917,695.8812150868616,437.9512566229387,516.6976036270498,10.58306272674641,-0.1741620541805328,96,69,96.05792273825855
1368,783.6756559542873,155229.57605115385,75223.0827196679,76050.65320680408,2154.770536618482,706.7090999908105,440.4320547855459,524.1528454547224,10.417737041099066,-0.1901723127139427,96,69,96.05837288054629
1369,783.679678544966,155236.03878130458,75221.5528263721,76039.62974142174,2162.3196168587892,716.2631171492103,442.15478107437957,528.829192190984,10.270597863639598,-0.1803242812498169,96,69,96.05881834669074
1370,783.6962403103346,155198.38704250954,75237.41143860333,76034.96362457803,2162.3821210491587,720.9086254927242,441.3910523277882,533.9518496601086,10.145930708562672,-0.1838671446393248,96,69,96.05925912109988
1371,783.6993311401924,155238.8583626685,75233.27873933717,76041.87329412326,2157.7998402770027,722.3918533074611,439.1528841314139,535.3216743731464,10.046272238224423,-0.2089161180637331,96,69,96.05969518848096
1372,783.7156188289565,155220.5218225576,75217.08658328727,76026.74097212034,2142.0073717655614,717.8973501284781,433.97167755145347,537.0823204420158,9.975141750550724,-0.1844457727904336,96,69,96.0601265338414
1373,783.719656045616,155207.24390432675,75227.61103689048,76028.25814533998,2117.500897702819,709.2112953541073,427.16352070332505,535.8386234949576,9.934122378778858,-0.1678638036364352,96,69,96.06055314248816
1374,783.7361523088867,155260.51523761405,75218.55208504031,76045.01119889763,2079.8200280103483,694.0224541099742,418.05087057541823,535.4606099213706,9.923259029421184,-0.1696426423550062,96,69,96.06097500002844
1375,783.7392217597647,155235.57769870755,75211.81137776049,76017.02578618658,2032.6659695592243,674.1080005182739,408.26884043900645,532.382397278474,9.941677536538691,-0.1685045103136164,96,69,96.0613920923705
1376,783.7555878858755,155227.969395131,75204.72236367955,76021.92210370033,1973.977605854394,647.7881788791274,397.13428176686284,530.1687057119852,9.985065521167192,-0.1717914361320067,96,69,96.06180440572332
1377,783.7596295889965,155239.63570143335,75218.49106840159,76033.32304928826,1908.7221556736622,617.5375929215224,385.5960797073494,524.9056848546606,10.049134291161238,-0.1699162457991999,96,69,96.0622119265968
1378,783.7760577339328,155249.01186108345,75227.87595322555,76025.55540800303,1836.7642832808779,583.113351328866,372.2916541121376,519.542196479917,10.12803561899871,-0.1622550777037364,96,69,96.06261464180236
1379,783.7791174786164,155257.20380174505,75224.05985006852,76024.41424153352,1762.580437564815,547.7018868977466,357.3848230119038,510.51562111036037,10.21628423987868,-0.1672631191643956,96,69,96.06301253845322
1380,783.7955625254593,155272.98261548052,75216.48420163215,76027.18265714298,1685.4368562930613,511.63387072358455,339.507054392132,501.62680803841795,10.310825021121474,-0.1793813934953782,96,69,96.06340560396411
1381,783.7995981814487,155286.64548084408,75202.69912818396,76038.80164468348,1607.8375509464531,477.80373782655806,319.49327472559526,490.1050816545903,10.409226979949514,-0.1633091432552871,96,69,96.06379382605203
1382,783.8159574150778,155291.93040964898,75205.88588697359,76027.41858391861,1528.2823373453575,446.1811295240477,297.46022236638237,479.8486036794784,10.512928325769334,-0.1562827551462562,96,69,96.06417719273578
1383,783.8190190834075,155318.67638816693,75241.78167409408,76028.75417232071,1448.077479449741,418.47112032969017,275.5164023055113,468.201421172329,10.62448489158559,-0.1584075248455624,96,69,96.06455569233692
1384,783.8355419935663,155314.00769135606,75219.76107892122,76019.51930543547,1366.4203302853857,393.7490054589871,254.69982578692725,458.7824882482237,10.747514146875558,-0.1506276864581016,96,69,96.06492931347924
1385,783.8395609672227,155357.6134682867,75214.30009308665,76042.69949480706,1285.516630360682,372.7900218827417,237.0946722503577,448.04030248112394,10.886651201519726,-0.1515726817455933,96,69,96.06529804508916
1386,783.8558522888679,155314.24326835948,75213.48482807935,76006.64299164138,1206.6926826355048,354.3879229994782,223.0592321108561,438.2802926010627,11.043859966434772,-0.1475384507581349,96,69,96.06566187639584
1387,783.858927248718,155363.90791560363,75205.02502384626,76037.11876262719,1132.9553459866438,338.738017329626,213.1848841336323,425.3747075915744,11.220587218952009,-0.1411506239207663,96,69,96.0660207969313
1388,783.8755254066767,155388.51790069448,75218.57342630348,76049.68441271588,1066.1425888864323,324.37358049230534,206.33472390144016,411.734532904753,11.414961200628676,-0.1379957482567228,96,69,96.06637479653044
1389,783.8795172405694,155367.29090900323,75208.86021367589,76015.7324172821,1007.8175420233747,311.02878771777614,201.80149572505616,393.6514764672902,11.622569495549,-0.1446502059198542,96,69,96.066723865331
1390,783.8957433842095,155436.5547464422,75198.30610373408,76034.29209904111,957.9134909887216,297.2808854522882,197.88686577731278,374.2332610701269,11.838064574402251,-0.1372211989186661,96,69,96.06706799377386
1391,783.8988425156564,155421.5614615934,75235.35940210102,76029.00396894469,914.873894625809,282.9080365911941,193.7609188288625,351.10791089438135,12.053346571597311,-0.1320027446536138,96,69,96.06740717260288
1392,783.9155117775156,155463.15006799396,75221.32441439158,76024.7020014128,876.4558301585494,267.25040947433445,188.24350388531457,328.7045607883774,12.261486882728423,-0.1311295539371768,96,69,96.06774139286502
1393,783.9194664566403,155475.19108019842,75226.37289711545,76039.26920306265,839.4386881681858,250.9779378031235,181.24998341631726,305.0845926889451,12.455266058602511,-0.1275569096397905,96,69,96.06807064591008
1394,783.9356318037227,155538.74706364833,75196.39632897894,76030.03597750675,801.8522362561198,234.66691124143836,172.60993143430096,284.29281657972024,12.62854378963968,-0.1266942659782071,96,69,96.06839492339115
1395,783.9387652752318,155536.49909234198,75238.421451764,76049.86526865285,761.5978382290341,219.6461769964808,163.0822152477631,263.6964678033546,12.777897885577548,-0.1227595057132795,96,69,96.06871421726424
1396,783.9555000414583,155533.2379321456,75217.0995570237,76056.41561310855,719.0587456516805,206.73735195914924,153.28612308439915,246.34659266026574,12.9002315023995,-0.1106283278450607,96,69,96.06902851978812
1397,783.9594082401809,155570.98303526768,75187.81599737803,76034.01544644477,673.9566241263528,196.4381566671218,144.29030894162133,228.14007785948343,12.995821662245238,-0.0940770293579822,96,69,96.0693378235248
1398,783.9755187021223,155591.29102537868,75214.43213532692,76049.21260219299,627.9253292134963,188.1392178818205,136.4523993707553,211.0867014331161,13.065898746000949,-0.0849039433537499,96,69,96.06964212133866
1399,783.9786957563107,155609.73065364352,75243.48320802425,76041.6949696672,580.1969157898566,180.24762732200907,129.6524856427568,191.07353986549424,13.112969965612557,-0.1026013025497881,96,69,96.069941406397
1400,783.9954890836476,155613.47855158304,75237.56209811883,76018.45731537008,530.6811584154493,170.39551604847657,122.56004695911543,170.92603955080267,13.141573311950136,-0.117107155122339,96,69,96.07023567217009
1401,783.9993423912703,155670.9833901253,75215.02821911649,76042.62640326734,475.60500622342806,155.8278155035223,113.32450949357008,147.2629909622483,13.154991805713236,-0.1289721058134972,96,69,96.07052491242968
1402,784.0154052625993,155679.45114168836,75226.1937455896,76049.11614612794,412.46355641336413,134.5702214527555,99.83730283382465,123.86957749602152,13.15754173022653,-0.1318189232675277,96,69,96.070809121251
1403,784.0186340180039,155710.7163380282,75224.59969097105,76054.82102301881,337.20806873834226,105.93626816490723,80.99913964912412,98.39931645861361,13.151661888437786,-0.1325224905891701,96,69,96.07108829301038
1404,784.0354777665832,155738.30706266488,75221.1513736763,76035.3724737776,251.12080045009498,72.06144666355976,57.42216513256426,75.39535630476894,13.138060083612157,-0.128652492084636,96,69,96.07136242238678
1405,784.0392688877138,155759.90645062766,75224.56870472712,76040.28494962123,158.45465167524526,37.61296766722808,32.20430441922508,52.273460953409085,13.116975982027723,-0.1152883443789643,96,69,96.07163150436068
1406,784.0552926720042,155776.13323010015,75232.88516755994,76046.94061785132,72.7517608187045,10.529329509852687,10.744460801332025,33.402267476252746,13.08596870948992,-0.1055254777269246,96,69,96.07189553421436
1407,784.0585799463611,155811.48690068797,75220.43462378294,76037.06454248544,11.84917534753913,-0.0,-0.0,16.35115807148395,13.043795831807566,-0.1169131714628688,96,69,96.07215450753132
1408,784.0754649578085,155787.05948937935,75264.84455780272,76063.75854668477,-0.0,15.785938643864938,6.957149620371638,6.008370547438972,12.989271857583947,-0.1065530666629986,96,69,96.07240842019596
1409,784.0791878837517,155806.59118289748,75223.98228796353,76033.78574737112,58.510351426841225,64.74297586169268,36.7984779724211,-0.0,12.92271764446457,-0.0941268527136285,96,69,96.0726572683937
1410,784.0951820956404,155809.7600693635,75242.4276338,76057.56904247639,204.68887873238418,150.01968202649732,91.33161217332236,3.610786633711541,12.847779653250436,0.0161813497935575,96,69,96.07290104861076
1411,784.0985332553197,155821.9357066559,75222.87261443847,76034.75435742475,442.338947066979,268.3345819679089,168.06757932089386,14.639609850331908,12.768582490595964,0.2948618577702576,96,69,96.07313975763316
1412,784.1154495572067,155811.66831616397,75244.56461181027,76034.84904646984,763.2861439607805,411.39100935282477,260.57450010665343,37.847035332088126,12.691956221224553,0.38663978996532,96,69,96.0733733925473
1413,784.1190997050162,155724.72864721232,75230.24530440933,76060.58445498411,1143.9599515514565,565.7940234230773,359.6548893476429,68.92879674152937,12.624094665219106,-0.1354380384678018,96,69,96.07360195073905
1414,784.1350746523003,155718.3687017937,75229.27897179626,76031.13710088277,1553.5164440834778,717.2821026021265,455.47357404985814,110.37516555338516,12.569780539375376,-0.4192148212597879,96,69,96.07382542989367
1415,784.138493491708,155680.6511638459,75220.64883405477,76037.2102878463,1956.2791649374994,852.052692437981,539.3923592282808,155.76146482795593,12.532830050309434,-0.1160447060417624,96,69,96.07404382799544
1416,784.1554305234224,155626.16501503077,75228.95723942919,76016.77435345738,2321.8274454997154,960.9367795810249,605.6500599668361,205.9255141360627,12.512991442729398,-0.1149924575921099,96,69,96.07425714332705
1417,784.159004839704,155568.80242705686,75213.38141289813,76022.90496318991,2626.6068948318716,1038.9488880916033,651.7476331829967,253.14970249173348,12.509201073350528,-0.135451194098676,96,69,96.07446537446968
1418,784.1749713902973,155538.04969882555,75211.74322355904,76036.43250246377,2859.6523390273796,1087.0907431111846,678.4184794202156,298.6808458981104,12.518262798726496,-0.0854096417830366,96,69,96.07466852030204
1419,784.1784600441501,155490.26849481452,75206.42177984412,76049.11435264678,3019.1734913425753,1109.2542198684969,688.4915753108799,336.6256450136425,12.536337559940788,-0.1079625091777589,96,69,96.0748665800004
1420,784.1954068988719,155453.56126244634,75228.64196932835,76054.72362316438,3112.8624778146623,1112.2300471280469,686.0281080012355,370.62456573027885,12.561415236573543,-0.0890012527431805,96,69,96.07505955303826
1421,784.1989039261637,155439.09691786458,75223.23245607204,76044.09023501206,3151.794728679699,1101.9127235050837,675.0224329656485,396.78440802320256,12.591283651627032,-0.1109148266467986,96,69,96.0752474391852
1422,784.2148732649911,155450.12083470964,75215.20021576111,76048.28017013796,3149.625244049588,1084.003247419576,658.984598775176,420.7600854484481,12.626734609518158,-0.1621352640261674,96,69,96.07543023850712
1423,784.2184321556416,155401.66780664332,75213.96954059412,76073.58054450576,3118.131562760449,1061.4608229357837,640.3547071982466,440.0299285919755,12.66920497558461,-0.1329310689594448,96,69,96.0756079513654
1424,784.2353778327439,155376.2025809435,75227.1169703151,76039.97512469083,3068.1943182087853,1036.67584129257,620.8561792439141,460.2610392475035,12.720476707267323,-0.1165015852384703,96,69,96.07578057841644
1425,784.2387977371402,155358.2796795937,75208.5757237484,76042.80792295723,3008.042402955063,1010.0782133563189,601.4975833555218,477.6815567835001,12.783346195932928,-0.1267839559338856,96,69,96.07594812061164
1426,784.2547811182963,155357.06684888116,75229.53074979177,76050.71114798618,2945.1813157629804,982.9841652856994,583.1987027504074,496.8043470236589,12.858123347463094,-0.1049000729876115,96,69,96.07611057919608
1427,784.2584089395846,155342.42256031738,75236.13036891984,76035.66874352044,2885.346224962268,956.0149916335504,566.7026077951014,513.0153508191288,12.945135210723071,-0.0922074305490111,96,69,96.07626795570845
1428,784.2753426013745,155310.65033449553,75239.65034610419,76055.69042991569,2833.318194557447,931.1912127139803,552.8340440497268,529.9027600214176,13.042568363901404,-0.0869807038685216,96,69,96.07642025198048
1429,784.2786871613138,155319.4867543609,75211.87650566584,76050.48053996234,2791.5021890111966,909.5078892470483,542.0260414585646,542.1219794178614,13.146962784999786,-0.071160223770112,96,69,96.07656747013628
1430,784.2946956603737,155297.32897221128,75217.69988428091,76054.56101021032,2759.7677595869754,892.4689211762015,534.3419759105309,553.5436086752743,13.255134086549605,-0.0598368464323628,96,69,96.07670961259164
1431,784.2983893993347,155305.15389847683,75230.6667773349,76061.54345520443,2735.001179183775,879.5058418481058,529.1026770779572,559.7882182337053,13.361836577898783,-0.0578496158465234,96,69,96.07684668205374
1432,784.3153006249989,155280.6977376551,75244.78459826781,76047.8750983944,2711.852615069307,869.8405692787055,525.2159118762647,565.3975504510454,13.46313686244858,-0.0330167190269774,96,69,96.07697868152049
1433,784.3185731831437,155309.0640678516,75227.7695349911,76058.6381899045,2684.5891310772276,860.7877390460781,521.2548677936429,566.5061556209985,13.554760875762332,-0.0060191569239495,96,69,96.07710561427932
1434,784.3346174530058,155281.3490770719,75236.52872902834,76052.75314987019,2648.463063856587,850.503848556793,516.0461759214813,568.446157080587,13.632628730284791,0.0016729475728454,96,69,96.0772274839076
1435,784.3383724519288,155289.33343137777,75222.50497970764,76050.02142538094,2602.13133327628,836.7914222988766,508.8341077057703,568.0254320404201,13.694709702431323,0.0157868274968544,96,69,96.07734429427062
1436,784.3552514789694,155325.10045576436,75238.70552141877,76047.94840983042,2547.2009049546905,819.6497174425895,499.6200260898331,570.2047194621409,13.738489923328546,0.0328562707553712,96,69,96.07745604952233
1437,784.3584568635528,155286.54130035685,75213.08633047155,76057.03456535257,2489.099549617269,799.5869944664591,489.0159217976616,571.0048513746297,13.764160345889373,0.0334116200935362,96,69,96.07756275410352
1438,784.3745468924038,155306.0215203504,75222.92391549045,76035.9525245623,2433.8980436743586,779.2732080770511,478.1533370685356,574.8198145157658,13.772779057064,0.0367217757393273,96,69,96.07766441274188
1439,784.378356959017,155279.76322269888,75217.1243405523,76035.49153285546,2388.587690250599,761.0361530433293,468.34887070569675,577.354831695091,13.766335471792884,0.0385524213769496,96,69,96.07776103045092
1440,784.3951948945094,155279.31530187803,75238.53794575053,76064.89076814658,2357.2470402337494,747.8471235871548,460.8878698462504,582.2591911192576,13.748938287166446,0.0035576335761974,96,69,96.077852612529
1441,784.398339328122,155300.60679012229,75240.7550807156,76073.53100227963,2342.676964675891,740.9355659219873,456.80535172185046,584.9209667633695,13.723258131676262,-0.0272285259880556,96,69,96.07793916455918
1442,784.4144841833282,155291.69264868158,75223.32685012843,76047.19734674461,2343.1531468612375,741.1303322099266,456.6453905637609,589.272856698517,13.692582308242024,-0.0549640794930462,96,69,96.07802069240796
1443,784.4183417758247,155303.61858205698,75208.96772331277,76045.51169754424,2356.2444151849486,747.1954797648359,460.3519874229387,591.2573639668699,13.658102268749069,-0.0978137571582102,96,69,96.07809720222488
1444,784.4351307331522,155283.20042896044,75231.48800617675,76045.98583101107,2376.15054528194,757.6416067725804,467.04171271363157,594.6149956068839,13.618549735125548,-0.1228046772255962,96,69,96.0781687004412
1445,784.438221785019,155260.71837187387,75231.48074845369,76053.95997935653,2398.5628036913113,769.6843059285748,475.22117636867915,595.2887654488732,13.571840586080864,-0.1456912038157705,96,69,96.07823519376969
1446,784.4544292744781,155304.0662085763,75242.30203384759,76051.982917014,2417.0587971287896,781.1179810188332,482.87162050037296,597.2655032769835,13.512703587724015,-0.1648797917121399,96,69,96.07829668920331
1447,784.4583258604556,155284.66547756,75232.70101104946,76047.1606350678,2428.3651167477947,789.3323682452028,488.20287567347987,596.8778519110929,13.43647891754275,-0.1439220269339765,96,69,96.07835319401477
1448,784.4750588730157,155293.0829555772,75215.01336904963,76054.19141013185,2427.7361896875664,792.8230075743631,489.850013664196,597.7189796066086,13.338331836125295,-0.1352885151582131,96,69,96.0784047157554
1449,784.4781056634813,155309.32732520578,75246.09633188599,76061.00485425344,2414.4111768740113,790.1921558887407,487.48944715279504,596.047156353161,13.214360642663832,-0.1530221991006856,96,69,96.07845126225428
1450,784.494381620611,155290.02867842163,75235.4379100982,76044.89171856621,2385.9000916003133,781.24527914192,481.30203278918634,595.5174975245609,13.064095157229728,-0.1546058921224509,96,69,96.07849284161765
1451,784.498308648236,155277.4920594673,75217.71154812431,76056.72515249066,2344.2117325557047,765.9031296956382,472.04652934963815,592.6258653458499,12.88805791207975,-0.1328480169125147,96,69,96.07852946222766
1452,784.5149786855112,155303.0710795917,75211.39775196732,76070.29503849593,2289.2516678480897,744.9179584785161,460.07382785348454,590.5806250286696,12.690743386801785,-0.1314578235857887,96,69,96.07856113274184
1453,784.5179933923928,155324.98647369508,75226.6812536148,76035.67706319228,2225.134490910801,718.9502834850864,445.6642898210266,585.9691004180349,12.478594219131825,-0.1210422211820505,96,69,96.07858786209144
1454,784.5343389007642,155324.01609770942,75222.84896274016,76066.0067209463,2152.308929622115,689.0738156073057,428.43683214669,582.1014937826258,12.25960989260388,-0.115132644578923,96,69,96.07860965948156
1455,784.5382922237534,155317.39589152383,75230.79016108878,76039.04606460694,2074.871185965836,656.0943774167245,408.4189595024509,575.7292063104396,12.044528610317064,-0.1257177754692404,96,69,96.07862653438931
1456,784.5548852239915,155320.21237658823,75222.99048359702,76028.70209396274,1992.283932156337,620.9017486774974,385.6301073493669,569.517447880964,11.843201992571206,-0.1068350225385106,96,69,96.07863849656322
1457,784.5578957371392,155335.2031203558,75205.91392294853,76042.00092907512,1907.5855900697643,584.1679734984064,361.1402346881223,560.2217667425284,11.66657953496602,-0.0936924574486348,96,69,96.0786455560223
1458,784.5742806305691,155366.06748605878,75243.09694440283,76054.96958848578,1818.6985035971738,546.5850129568571,336.0545275180193,550.5544036343053,11.52391028402642,-0.1049858889889476,96,69,96.0786477230548
1459,784.5783302129861,155359.11210288192,75225.7779923777,76038.98080554031,1728.291388343554,508.9325174441328,312.23103162963525,537.6865337885101,11.421654283125292,-0.1019251277759401,96,69,96.07864500821744
1460,784.5940637209362,155390.67965142446,75215.3409721842,76063.59915991916,1634.776859186939,472.0776722686278,290.78124493852374,524.0380085242214,11.364369724323266,-0.0867125725490667,96,69,96.07863742233424
1461,784.5976370695829,155395.84689613126,75231.58757946873,76040.83105250845,1542.0251498456928,437.1770477282407,272.79539039952215,507.6245719700237,11.351241472338971,-0.1018102030169456,96,69,96.07862497649568
1462,784.6143576087226,155397.58145911584,75223.89629086402,76056.5530125798,1449.599340544606,405.18748027057154,258.0018519057776,491.21206256956793,11.378931060619331,-0.1128963475595371,96,69,96.07860768205715
1463,784.618183861849,155448.7978585887,75228.78668451292,76055.99704845059,1362.9781723124906,377.19255271977454,246.11063768382883,473.1519035535457,11.440504718885396,-0.1136599746533284,96,69,96.07858555063866
1464,784.6339980400868,155429.46485524444,75211.9803302837,76051.75059370212,1281.7896585824783,353.5511247422546,235.64511101529934,456.09620842608274,11.526627592164724,-0.1294848715497469,96,69,96.07855859412297
1465,784.6375652250381,155497.20901486772,75217.33109214262,76069.14269132045,1210.5389011662337,334.592820670121,225.7332304821466,438.6811349308118,11.629098109727742,-0.1225569340514931,96,69,96.07852682465514
1466,784.6543642671431,155494.3434018425,75221.94512597947,76054.1643884288,1146.5211615351727,319.640087835156,214.9516955637082,422.85861334213405,11.739645022266892,-0.1150185112292694,96,69,96.07849025464104
1467,784.658067830992,155516.53001813075,75228.92180585003,76045.05372178243,1092.1034200860886,308.2185652430344,203.2913706235995,406.6369880946004,11.854099921339872,-0.1179357586187834,96,69,96.07844889674628
1468,784.6739125681468,155493.4443154001,75219.58020484466,76038.46357023719,1041.7825953118154,298.8299150893872,190.5222573588544,391.07030762181967,11.971309673406656,-0.1176284074673792,96,69,96.0784027638953
1469,784.6775165977461,155528.05018488318,75231.57275802763,76056.17491950782,995.9627373551484,290.5681420996989,177.9583920913865,374.32965653258725,12.092684702435218,-0.1158430140764896,96,69,96.07835186926984
1470,784.6943537537193,155560.0286163838,75229.82107070994,76040.56595491551,948.2193640809273,281.6650194058893,166.25848744309042,357.35002359820646,12.22295445728046,-0.1146912401028513,96,69,96.0782962263081
1471,784.697955481073,155592.23285036074,75220.44933799708,76052.31806745786,900.4240777752711,271.5514495523821,157.05078040066292,338.9170718919777,12.365562179095496,-0.1071971929351764,96,69,96.0782358487036
1472,784.7138244920443,155599.41236303595,75236.32457307032,76059.51580248977,848.2206339072436,258.99398435946205,150.32431185318273,320.1944497663353,12.523719815185366,-0.1211723623086754,96,69,96.07817075040386
1473,784.717479827526,155593.14537956606,75229.79341896782,76052.60890593336,796.3681905162521,244.47174395843467,146.4590076028253,300.6969548444904,12.697356708443534,-0.1524628318987197,96,69,96.0781009456088
1474,784.7343325810525,155654.08719343127,75232.59584547102,76070.62546220282,742.8055102844955,227.82108863488247,143.9325913846842,281.2352188244695,12.882190516530477,-0.146282024947749,96,69,96.07802644877052
1475,784.7378422427315,155645.92963168782,75215.67374566279,76071.25118336902,693.8798678575549,210.66185804561246,142.0388695333677,261.25381647699396,13.071765198491487,-0.1419534644866875,96,69,96.07794727459093
1476,784.7537386597284,155678.1834422041,75234.34724727542,76059.83144757932,646.0041394450236,193.09516436439299,138.56178723744233,240.82884941619704,13.255381999556503,-0.1312462512673374,96,69,96.0778634380217
1477,784.7574509444438,155690.4127439069,75254.46561465543,76062.87120515529,602.0510973169585,176.23846728159697,132.77814884288819,219.4053613685537,13.42234669727437,-0.1141047612249405,96,69,96.07777495426176
1478,784.7743024490721,155727.96859707535,75217.79733097921,76036.6328515704,553.6549570830539,158.66827165258292,122.86817539067124,196.4674817053019,13.562102434598843,-0.1048669156499949,96,69,96.07768183875706
1479,784.7777270662481,155736.2608840418,75244.0267970671,76069.2385036961,500.12010997143807,139.88948358109337,108.95698836480733,171.83853124183952,13.66566022660777,-0.1373051996489144,96,69,96.07758410719876
1480,784.7936573547247,155784.464121458,75226.51187453014,76054.66748448672,430.8533592771855,117.10444758451195,90.10482551914174,145.0686593936407,13.728949207316749,-0.1297055283891845,96,69,96.07748177552222
1481,784.797427658442,155805.5874304299,75246.0565684968,76066.73705126708,347.421270183695,90.20120903295174,67.77863677576534,117.09005282146973,13.750699136640907,-0.1264264274681063,96,69,96.07737485990532
1482,784.8142638530225,155807.5212722835,75232.9231559595,76037.50990294956,246.89782929606736,58.982056268141605,42.995274759683525,88.07537912088446,13.735394855750268,-0.1555628637871506,96,69,96.07726337676756
1483,784.8176100338795,155858.6120953568,75252.75999481624,76057.84921084711,144.4271597331972,28.61543573992094,20.141971109173028,60.51256423632731,13.691199762811587,-0.129575403104453,96,69,96.07714734276853
1484,784.8335819028075,155875.38781317582,75238.74098804829,76056.35968700085,52.333203695714474,5.234883504323079,3.4054117035120726,35.25972742913291,13.62845738403266,-0.1205410430972829,96,69,96.07702677480674
1485,784.8374082340754,155916.42265935813,75255.04169048714,76083.58400009143,-0.0,-0.0,-0.0,15.867720753303729,13.560047909914465,-0.1352362581602491,96,69,96.07690169001783
1486,784.8542169300034,155903.3537618826,75238.00072156415,76066.73270423761,7.808524242835119,21.985384807674563,15.151281075173756,2.944204000843456,13.496565094518784,-0.1237564984473438,96,69,96.07677210577371
1487,784.8574917190329,155924.89000307323,75231.60892992106,76058.23202153035,103.6418435566593,80.64876759817707,54.33445327382651,-0.0,13.447384311153757,-0.1109069921874776,96,69,96.07663803968128
1488,784.8735131270594,155914.87844144166,75234.93766975174,76066.31626598924,293.26241231465247,177.32220730374684,117.43853545896127,6.0863800340739544,13.41798816324893,-0.1044557256227647,96,69,96.0764995095802
1489,784.8773911553299,155868.49847788792,75259.84481451685,76048.39167557842,580.2651875703014,309.4647887474712,202.1839462708449,23.58208012106479,13.409158169923206,-0.0956236267197389,96,69,96.0763565335425
1490,784.8941617493905,155871.58869489847,75214.29090706311,76070.85285382287,941.3759325895226,464.79654835618567,300.1118321495305,49.65463547446416,13.41939189111614,0.0102766384325403,96,69,96.07620912987056
1491,784.8973729400949,155818.1768118295,75227.83707392827,76056.12569515883,1353.7540057966253,629.60615334475,402.50752213574015,85.77707123738946,13.44294689930379,0.2669826832720284,96,69,96.07605731709587
1492,784.9134515166722,155764.4296012663,75214.54343699089,76060.8368970906,1775.1503197862767,785.4614248545113,497.86300514044706,127.37455655445228,13.4739873976097,0.3870418568701428,96,69,96.0759011139777
1493,784.9173750075356,155774.32347335687,75227.71512750373,76078.61332335122,2176.9543748986907,919.6592241788167,578.7990017131378,175.11018068288104,13.506600058340885,-0.1018647646393518,96,69,96.07574053950134
1494,784.9340984366537,155692.27078340796,75212.01013676268,76075.52778925339,2524.6970040000742,1021.1274718089408,638.7471639588912,223.39020858044387,13.535554835568256,-0.4302016883318199,96,69,96.07557561287712
1495,784.9372546376483,155630.36786120513,75210.22994149209,76058.97481982416,2807.8071517663775,1088.60402915765,677.2942667533207,273.0442298652779,13.55908916471563,-0.1293366868449182,96,69,96.07540635353844
1496,784.9533973033396,155572.67318072572,75228.51797007282,76069.2958588032,3013.073644581891,1122.6549432122556,694.6639850580978,318.2871297757083,13.576027057184362,-0.1028472317361056,96,69,96.07523278114084
1497,784.957358435213,155513.98401246726,75235.70832615123,76068.67810382377,3150.27813453041,1131.4228216441115,695.9188169900153,361.18875622859923,13.58809009050167,-0.1315087252800313,96,69,96.07505491555987
1498,784.9740272342293,155528.51918380838,75223.91918238097,76050.63433312767,3221.742746427364,1120.7738329480053,684.6019365291577,397.4838027913356,13.597778939719324,-0.0937169731560856,96,69,96.07487277689012
1499,784.9771377978252,155477.60926931456,75224.72435812883,76056.38198420852,3246.181779021048,1099.9496888574358,666.8231836892373,431.4911955144489,13.607066988194331,-0.1229812291342677,96,69,96.07468638544364
1500,784.9933505046198,155438.36267010326,75218.52391448483,76059.03338683238,3227.9766555438982,1072.4165757790324,645.0710825993738,459.8292693418334,13.618811109621596,-0.1070336453867174,96,69,96.0744957617482
1501,784.997340129536,155426.5613683959,75214.58711066563,76050.16603865985,3184.7761405741912,1043.8306462278997,623.3901104353426,487.6082968931878,13.633273043988536,-0.1063321066111148,96,69,96.07430092654565
1502,785.0139485351848,155386.84395959222,75200.44128458011,76064.21764435954,3119.275279584632,1014.4218988456269,602.0151853207499,511.3061167752894,13.65063461209926,-0.0919209848262123,96,69,96.07410190079096
1503,785.0170233939045,155365.70702252907,75215.32448752482,76054.11153154934,3047.6240889286855,987.7909500566457,583.157589347742,535.782699864707,13.669785729917429,-0.0816569433080906,96,69,96.07389870564997
1504,785.033310957218,155305.20622828032,75203.1097572069,76057.56513303198,2970.6177546254476,962.9942042740149,565.8137909110519,556.2127257375687,13.688142433486965,-0.0889930114553154,96,69,96.07369136249856
1505,785.0373188258909,155318.57552061253,75206.70796629478,76054.40379732026,2902.7513566124253,943.2594587420754,551.8404138570768,576.9746306256275,13.70427288095556,-0.0731540956253397,96,69,96.0734798929204
1506,785.053862905599,155310.8795320726,75217.19525873757,76050.52540649792,2842.5550019198563,927.2727626198757,540.3984791708062,593.0272054696397,13.715318645942256,-0.069044085115294,96,69,96.0732643187058
1507,785.056912333095,155300.8566314705,75217.74461112748,76061.79467664931,2800.137920686393,917.2156248794781,533.37719820044,608.9791585496278,13.719963242071632,-0.0701689024590044,96,69,96.07304466184964
1508,785.0732783523684,155250.90992582,75223.01907928426,76070.5228352649,2767.481226370146,909.8437346224091,529.3322739920404,619.2970038656495,13.71729453782694,-0.0525616669346525,96,69,96.07282094455051
1509,785.0772932996852,155259.67291946846,75217.20209584161,76050.04902159209,2748.451730922621,905.4361320394964,529.1118906167976,628.8096473484475,13.706225070408212,-0.0509520675408682,96,69,96.07259318920876
1510,785.093771106611,155249.56647860378,75166.75054851787,76047.24979417087,2730.7425050027086,899.5147698585934,530.0357369839039,632.397757091996,13.687614036691375,-0.053351323185381,96,69,96.07236141842414
1511,785.0968053981785,155256.50948126178,75237.77174550263,76058.9825201728,2715.7799962811987,892.04085298258,531.7479914654105,635.5072294910497,13.66113655053656,-0.0313023358032783,96,69,96.07212565499547
1512,785.1132522844302,155237.84765484685,75224.20076205427,76053.41598633517,2691.068156855472,879.2495071105513,530.8068552856857,633.0648597216059,13.627836119043709,-0.0250917411485685,96,69,96.07188592191828
1513,785.1172623475442,155244.8708229257,75213.37868915992,76058.98875775406,2660.8895323434845,863.030860521234,527.0948083895491,631.2334624377836,13.5888872714637,-0.0072572997566641,96,69,96.07164224238284
1514,785.1336741301441,155245.58978692532,75213.21659428203,76050.09926929069,2617.937234292971,842.2463738971564,518.4761645852996,625.6639923565381,13.545028782153976,0.0121296136632627,96,69,96.07139463977344
1515,785.1367031685976,155262.71128318718,75210.71695938567,76063.93951050691,2571.354928974004,821.0491368475923,506.7255484153284,622.7715716400999,13.498902266446644,0.0122620254068655,96,69,96.07114313766566
1516,785.1532323315585,155254.7703884813,75246.1944751132,76062.4762424963,2517.5531228126492,799.6179867979081,491.74396143018384,617.4600666616461,13.45206549463472,0.0299536171954517,96,69,96.0708877598256
1517,785.1572247300801,155272.215061233,75211.22304234879,76053.6382691597,2468.2923258119263,782.4004166508967,477.0730133578181,615.6642813472718,13.40751652358782,0.0480672173140211,96,69,96.07062853020771
1518,785.1735732775813,155257.12921030735,75213.74723996813,76043.36830028161,2421.346197513514,768.8672562633437,463.57754676102195,611.8858485903766,13.368313734184026,0.037191726390293,96,69,96.070365472953
1519,785.1766058848802,155245.58588262837,75200.22166782709,76049.92806786147,2387.0950011521345,761.6630242181418,454.41064539251965,611.5291901128658,13.336615384048429,0.0381555213143666,96,69,96.07009861238788
1520,785.1932182150529,155234.51734857142,75212.06065509749,76038.0333311483,2360.4100807534996,758.1123570472555,448.95475471086684,608.5652675665333,13.315688125674225,0.0220941545672584,96,69,96.06982797302146
1521,785.1971790147909,155271.0279606485,75218.43984084859,76067.20836097845,2348.522024698381,759.1463999226253,448.3991306606622,608.8830307292228,13.30666218899009,-0.0239157353458763,96,69,96.0695535795452
1522,785.2134703619568,155241.27859102687,75200.4809768774,76074.36613785036,2343.7651741834707,761.2446378729655,450.30613316447125,607.3346541081264,13.310984382887922,-0.0591532588242896,96,69,96.0692754568299
1523,785.2165131496913,155257.32678025632,75220.12739327607,76055.34202560548,2350.179191805655,764.9603790474503,454.41503485498833,609.9985396359116,13.32927967179326,-0.1312188385910961,96,69,96.0689936299248
1524,785.2332101822071,155251.32013444748,75207.74525037865,76045.07280385766,2357.6104252608493,767.0092061290925,457.7360219673719,611.1347766707186,13.360694174795428,-0.1805143698493302,96,69,96.06870812405523
1525,785.2371231185184,155260.08424934107,75205.68987084323,76057.60495436433,2368.747551099339,768.5819679923297,460.4572394659335,616.184893597936,13.40534738112036,-0.1671126871543739,96,69,96.06841896462124
1526,785.2533683147763,155235.78038395877,75173.86034910889,76059.99000189823,2373.552621005336,767.2102171813603,460.76425787073094,618.6908931148937,13.461429048568489,-0.184741417241211,96,69,96.06812617719598
1527,785.2564230647512,155207.1749453534,75208.35389498675,76061.97855382792,2374.4939229472075,764.3383738560515,459.8952395427623,622.9296162510291,13.527838470520075,-0.1926931799373944,96,69,96.06782978752322
1528,785.2732101986606,155211.52349673212,75210.77589776766,76057.28349086431,2362.315898666973,757.5597811645566,456.73496685232385,621.8058387955534,13.603188760987951,-0.1777225868854447,96,69,96.06752982151642
1529,785.2770526697841,155237.0079258156,75198.22865771604,76052.47707882986,2341.101308250567,748.2486166047893,452.65394405298866,620.2048728098453,13.685114838191604,-0.1686328655373408,96,69,96.06722630525633
1530,785.2932735568734,155232.32297945657,75206.91607622016,76054.68594715482,2304.205547439109,734.0995572053071,446.27443459653296,612.4905573818542,13.772767789080897,-0.1619427926960737,96,69,96.06691926498942
1531,785.2963286256477,155257.04717525718,75208.13889231058,76085.17722082765,2257.2755274131778,716.3933004635182,438.33838860792457,604.5257063801982,13.8639331107559,-0.1481154233539511,96,69,96.06660872712628
1532,785.3132276026248,155250.11870869074,75221.92239681879,76041.0218002072,2195.6083791086567,693.1969223557826,427.1961975436716,591.5431215503195,13.957653054380549,-0.1418950683576539,96,69,96.06629471823918
1533,785.3169516958876,155254.74835113686,75195.85846719849,76037.50169436219,2126.5293772537843,666.5084597914829,413.83654188289074,580.1619128363964,14.053226905056208,-0.1477294521715677,96,69,96.06597726506084
1534,785.3332126469667,155256.3513932422,75210.66451466396,76025.95767566364,2046.9523711646325,635.5301055675664,397.38766412460245,566.0127459773212,14.149285324761836,-0.1365974969510943,96,69,96.0656563944827
1535,785.33618414877,155283.9274776755,75206.5681828666,76042.83516961211,1963.8964204195072,603.0361658081238,379.5394361119834,554.8895752071403,14.24601039077178,-0.1222556099176723,96,69,96.06533213355247
1536,785.353363192405,155306.71099892014,75199.29962462184,76052.9660732702,1873.9962170385988,568.9429974120576,360.05553885005065,541.4786422480829,14.341881847391038,-0.1213878534696246,96,69,96.0650045094726
1537,785.356381935871,155319.29384654862,75204.3984577197,76063.60500102355,1783.9240319296368,536.2140616638208,340.8693877343321,530.9428784823976,14.43594907034397,-0.1263152559440462,96,69,96.06467354959854
1538,785.3726024345211,155305.28240593057,75201.38687916205,76077.0127150737,1690.430109103676,504.4315689572977,321.5439786261413,517.3976971543452,14.526735595355726,-0.1184076478267568,96,69,96.06433928143694
1539,785.3763169276606,155302.02293924015,75210.24306622386,76062.74825789244,1599.4384545777575,475.32719356291636,303.25714051682735,504.99689409229904,14.611352411524631,-0.1304492378235395,96,69,96.06400173264332
1540,785.3932262789505,155355.17354522113,75212.15318870095,76062.46370876799,1508.8202531271381,447.60205323527043,285.1687097719696,488.5676382513484,14.688076529200432,-0.1306976687797045,96,69,96.06366093102076
1541,785.3963171775141,155352.96961608718,75199.3986246204,76033.87428065151,1424.6337446362013,422.0697627259942,268.2051112585468,473.00450079111033,14.753580770869696,-0.1134728618055467,96,69,96.06331690451763
1542,785.4125015790522,155353.02726838557,75201.46090431046,76063.16934195996,1344.8811476285919,397.2728555908543,251.76326729156426,454.1860836739361,14.80570666590025,-0.1362612861312544,96,69,96.06296968122608
1543,785.4163309786287,155392.84444168495,75215.06823130256,76057.44105556872,1274.221591917798,374.1978055304935,237.04955785395578,437.39759437780594,14.842906219798625,-0.1311357449997702,96,69,96.06261928937948
1544,785.433138801594,155416.99684254217,75207.84124125268,76039.08483767687,1209.9730943135219,352.36329430197657,223.87716491604806,419.3465089223464,14.86367070494448,-0.1291606097928806,96,69,96.0622657573516
1545,785.4362187689896,155431.6413100307,75200.47623221947,76035.05025678145,1154.7433846094063,333.29759835253935,213.25211755075725,404.83766231514164,14.86935295951157,-0.1500963954936641,96,69,96.06190911365344
1546,785.4524306212539,155409.7753496751,75207.0311452019,76046.09958529999,1104.421159260557,316.7626422596659,204.4394219981623,389.655535611324,14.861417364950666,-0.1416577834390455,96,69,96.06154938693238
1547,785.4563287596596,155438.6810605256,75196.45648927498,76066.76892932285,1059.691495016159,303.4823707729811,197.49879277314176,376.92372314230306,14.843959256903808,-0.1414916954002066,96,69,96.06118660596972
1548,785.4730551086587,155470.53276671405,75189.93978091373,76045.39837738613,1016.3559205640922,292.26025186311745,191.14882468408905,361.9184147924534,14.822691479530524,-0.1431310857556726,96,69,96.06082079967868
1549,785.4761129336858,155465.28491523376,75191.05095831364,76062.40302108042,974.3603947062511,282.3490335930401,185.08785902892123,347.0823163513269,14.8035080241343,-0.1358874269597468,96,69,96.060451997103
1550,785.4923740196521,155481.36322382282,75183.7042006657,76041.72002160085,929.9594819676131,271.8183805566805,178.2900479302043,328.06484620060655,14.79427821594446,-0.1337748207125461,96,69,96.06008022741456
1551,785.4963192795695,155497.05604722,75195.06812170414,76056.44084854235,883.0554531904054,259.6686635185615,170.83302492977236,307.7651250375784,14.800945129036212,-0.1362701472300688,96,69,96.05970551991145
1552,785.5129683885654,155532.17882537143,75199.83594405925,76027.15015053195,831.7623567316332,245.06282364945218,162.4129854128405,283.5994932093017,14.82899132543083,-0.1313342017254027,96,69,96.05932790401609
1553,785.5160058768945,155554.4721139827,75203.21360529502,76058.55411192587,777.3307185147423,228.35457001402392,153.48469047585968,259.29440516320756,14.881840225716122,-0.1181583308377785,96,69,96.05894740927374
1554,785.5323276909816,155598.93664470388,75204.74921180765,76034.52884628049,720.6534249371034,210.60046874941327,144.11151589956717,233.1642785021977,14.95930096905772,-0.1230392104683514,96,69,96.0585640653498
1555,785.53630428751,155591.53701773187,75203.95593178166,76061.4823495354,664.2945209637983,193.1091134934686,134.60392830288038,208.56673699698877,15.05997055458373,-0.1198081408246375,96,69,96.05817790202804
1556,785.5528768384762,155631.6289928223,75216.9671541676,76053.58369601896,610.2571270052576,177.17577867922955,124.77890503176604,183.85344691737555,15.178484612967903,-0.1151819156810411,96,69,96.05778894920932
1557,785.5559004048299,155645.2995318265,75217.50919697685,76053.0257929045,558.748464585864,162.57552689420118,114.15072785655502,161.1764788022847,15.308469862969591,-0.1083858324896029,96,69,96.05739723690868
1558,785.5722897765938,155685.17500782892,75211.94297571374,76056.84055051648,508.5505158250453,148.5747878238908,101.95249038358452,138.47550774770207,15.442619673412745,-0.1085082878149153,96,69,96.05700279525357
1559,785.576283845267,155670.2400120845,75222.20939782646,76079.08528065264,454.43200024112593,132.36704780934087,87.20959932979895,117.09484648364014,15.57252583447988,-0.1068849355548177,96,69,96.05660565448284
1560,785.5927801342976,155706.70938129444,75219.7984870448,76047.06524803257,392.0801756758592,112.14715886619524,69.62618031207239,95.57471997564426,15.692135546844588,-0.1032810779160972,96,69,96.05620584494334
1561,785.5957982310208,155743.00612788423,75211.5682050873,76063.72306614797,315.5876165278023,85.80162846932944,49.38705926548573,75.1803303133056,15.79546912179372,-0.0931435396102015,96,69,96.05580339708864
1562,785.6122590590127,155765.01647315334,75228.9544779979,76065.8958678701,227.2139115080936,55.5322273120546,28.632939390692627,55.425796547177015,15.879378713003703,-0.067678270874993,96,69,96.05539834147748
1563,785.6162574700198,155777.8727799586,75219.25823451093,76057.52148960519,132.3278074686532,25.016914356907364,10.40005122529692,37.59188839365379,15.942926876466617,-0.0718870483552367,96,69,96.05499070877067
1564,785.6326786164921,155785.73476336003,75208.03587585155,76076.47187792281,49.770181040337775,3.517184904543683,-0.0,22.040494037704775,15.985933541137758,-0.0937689474253893,96,69,96.05458052973016
1565,785.6357005357908,155785.0620788337,75226.5778831345,76063.8461104854,-0.0,-0.0,2.5173099721432664,9.787467486952664,16.010936051531342,-0.0847074889547236,96,69,96.0541678352164
1566,785.652234550241,155822.38410599146,75210.26483736136,76041.56131077981,12.875394520058762,26.050753155257553,23.76695642832783,2.114461864141049,16.019355082880043,-0.1035495408087827,96,69,96.05375265618632
1567,785.6562244677938,155801.2832304326,75194.41870258423,76069.50875174171,107.55527259322116,87.18981907048146,66.35483145038597,-0.0,16.01292765292376,-0.1090522230177706,96,69,96.0533350236921
1568,785.6725730486648,155815.93564010985,75190.33479853626,76056.56446569794,300.971260064689,186.74024263225147,131.12117557617603,5.675393983954564,15.992394841602248,-0.1039861582695224,96,69,96.0529149688779
1569,785.6756081029347,155764.29823661095,75177.85693435035,76057.70803505993,587.2724412292009,317.99792551730934,213.5648094828066,19.77437600644771,15.955976711564604,-0.1159917440988705,96,69,96.05249252297904
1570,785.692215409098,155777.09652168467,75189.02896223002,76041.06720266359,954.6483911646064,472.1080259572336,307.5256431319576,44.8846300431469,15.902082405050106,-0.1125650888927779,96,69,96.0520677173192
1571,785.6961840026773,155754.18070499293,75217.45695987222,76057.54260435158,1368.6210587499081,632.2716885401605,402.8902305063384,79.96782501402777,15.826786555897783,-0.1049113046380711,96,69,96.0516405833088
1572,785.7124645958867,155681.03563865973,75191.85371367774,76049.11015023587,1798.3936001851107,785.2168396508205,491.4203824342985,126.0378965465643,15.726804160270744,-0.1147796563966702,96,69,96.0512111524426
1573,785.7155212555826,155650.92933451102,75218.04507840102,76051.37373867763,2202.4339309565257,915.7082250135572,564.660817709897,179.02400169568136,15.599714718958102,-0.1270929133672149,96,69,96.05077945629816
1574,785.7322010632934,155566.2960994569,75218.65588044042,76068.14491180192,2557.7782612037263,1017.9374297624308,619.6276409811398,238.084796900308,15.443437343425122,-0.1476274346204507,96,69,96.0503455265335
1575,785.7361349448047,155515.76882297662,75211.16230530005,76045.77945188779,2839.330039891356,1086.4142929249501,654.4296091912111,296.58571787408437,15.259374688996076,-0.011213071825518,96,69,96.04990939488488
1576,785.7523550560003,155471.58441721578,75199.72212520376,76061.12044806812,3046.7880997343455,1125.5596797672333,672.5580104861438,353.1143857956922,15.049611964304962,0.2742495215995322,96,69,96.04947109316532
1577,785.7554394747808,155425.69611060127,75212.15636272856,76057.61169998617,3176.9207921708585,1137.8048635588639,676.6182452489593,401.21633785188897,14.818985949488816,0.2886716939132595,96,69,96.0490306532621
1578,785.7721917591666,155372.6644764042,75189.05369820117,76044.09966473795,3247.9840493337833,1132.6444356279098,672.3050968826865,442.1820082181075,14.574128739580352,-0.2760596035138544,96,69,96.04858810713488
1579,785.776075123031,155365.49981155063,75197.87971189713,76052.05942551926,3266.4074792622123,1113.507020461213,661.7257920594275,471.90752632607473,14.32155326602914,-0.448989511006465,96,69,96.04814348681364
1580,785.7922479477323,155319.8569348861,75224.69967903645,76078.79950067273,3253.877935163968,1088.7106993586058,648.8445049680158,495.26371709653176,14.069630461103914,-0.134277652378154,96,69,96.04769682439655
1581,785.7953597244253,155287.08465521794,75197.52664766756,76068.41089372813,3214.5917579177767,1059.229936260177,633.6432445253595,510.93985444819555,13.82494904941532,-0.1805745829561262,96,69,96.0472481520482
1582,785.8121911580602,155323.9891467448,75215.64220277988,76059.63923508495,3166.276512477896,1031.2414759050152,618.6659099701064,526.6133370408206,13.593960525063796,-0.1701811362993282,96,69,96.046797501997
1583,785.8159971856805,155316.74363059027,75199.0403418729,76076.15194761267,3106.7500630562427,1003.373535615654,602.8543892689777,540.8043299692508,13.382169074295296,-0.137172539187225,96,69,96.04634490653386
1584,785.8321555765431,155261.38407494075,75198.97950578132,76066.16254209218,3049.3247477774275,980.3903663848178,588.5198805775435,560.1529927155061,13.192644096878944,-0.1623853721481929,96,69,96.04589039800962
1585,785.835263272128,155271.23530174975,75192.0734261975,76071.90842354238,2989.05316176411,959.8845708198205,574.620630698133,580.4707914811443,13.028704695845985,-0.1332784319709468,96,69,96.045434008833
1586,785.8522342845527,155210.76335781024,75177.83704208929,76070.34580180125,2938.860659637372,945.9201879292086,563.6189086524828,606.0379528501653,12.890959899597776,-0.1226818448993839,96,69,96.0449757714687
1587,785.8558117577651,155237.48450160713,75189.23056554358,76068.57591240831,2891.93453478883,934.3712964312581,553.9649805338413,629.12831730771,12.779393672243154,-0.1297674750828488,96,69,96.04451571843582
1588,785.8727098270999,155178.025107834,75158.52773987621,76064.48101072013,2860.216879682499,927.8708069106069,547.6312657161907,652.8132585150015,12.692822140928229,-0.1249812783326814,96,69,96.0440538823044
1589,785.8754857635979,155157.71712896865,75190.83499255503,76065.29301682969,2833.9406547759427,920.6641402653186,542.2475056504773,668.9087661855447,12.627369020561346,-0.1115087704463771,96,69,96.04359029569504
1590,785.8920720858044,155160.42275483924,75179.7981804657,76050.04028197618,2822.2169709425652,914.8061194622423,539.2328888664779,682.6522373883927,12.579171343988982,-0.1111315981476245,96,69,96.0431249912758
1591,785.8958640057381,155174.4954746501,75190.79376449289,76057.20795483708,2811.055909685325,904.6403796681116,535.6375240069174,688.0780289623654,12.541638917580029,-0.1073705030972757,96,69,96.0426580017601
1592,785.9125668656229,155169.4835363325,75191.82483944559,76049.61277866388,2805.417424865125,893.2135170923866,532.5066190404177,692.6652317259577,12.50808350092424,-0.1004813022230274,96,69,96.04218935990568
1593,785.9154173442582,155161.59272144083,75191.46675417414,76054.38139063884,2789.0208241768414,876.7597803082172,526.9124366049655,691.758436720731,12.472199622760064,-0.1198182083876231,96,69,96.04171909851097
1594,785.932012395326,155166.02392638844,75182.97455347044,76060.15020353766,2768.652538763068,860.9559644658875,520.6388441688323,694.2664614672249,12.427663812333083,-0.109602975071544,96,69,96.0412472504145
1595,785.9358605902634,155178.78758199478,75215.1239472086,76067.48274170562,2731.5911458850605,843.6878005845501,511.60893634869717,694.6958355273528,12.371904963365347,-0.0862972502330897,96,69,96.04077384849198
1596,785.9524502294571,155159.23881936373,75193.88557942951,76040.07766434964,2690.0122945538023,831.0129477679875,502.5958934922237,700.2820319949533,12.303896572516134,-0.0841602987053692,96,69,96.0402989256546
1597,785.9553314230635,155167.11088806597,75196.62067058026,76056.95023756665,2637.626746102993,820.1266514381277,492.53279219169053,703.5541375157482,12.226437603784158,-0.0831002417292009,96,69,96.03982251484643
1598,785.9719751798433,155146.82687357158,75213.21319079888,76066.48286897018,2593.050260133925,815.937536514044,485.1265635112941,711.310622008692,12.14544349455487,-0.0817838851580312,96,69,96.03934464904336
1599,785.9758384352215,155163.23607544485,75186.79366327613,76080.6129113888,2552.105451248877,813.6509116391535,479.3399309129745,715.1571212906565,12.067476382709492,-0.0555414521516338,96,69,96.0388653612501
1600,785.9923392245435,155166.2247961112,75181.7696738084,76065.40940498831,2531.1857202093233,816.2715359843132,478.08740769769065,721.7385919035878,12.00115540368816,-0.0392348357040861,96,69,96.03838468449844
1601,785.995242185326,155138.86562312464,75210.69329766619,76069.88564465716,2520.991484328988,818.0878622979944,479.06042280301335,723.2511137076654,11.95278240892134,-0.0260207973997125,96,69,96.03790265184534
1602,786.0119508593737,155156.1300980907,75194.65283407221,76058.02156273149,2531.897884726175,822.4434538587084,483.9372133369907,728.2505741562054,11.927160338737966,-0.0251703908100106,96,69,96.03741929637076
1603,786.0158025638434,155151.83655507956,75196.80986578058,76031.93624592853,2547.4056384423748,824.1253030424268,489.151834263379,729.3550212576229,11.926649973288283,-0.02403936466574,96,69,96.03693465117549
1604,786.0322310339151,155187.7950635198,75185.08554944825,76056.53931616135,2572.312909142347,827.0451870763063,495.62931256223237,734.9745941332949,11.949574161322593,-0.0122267022919266,96,69,96.03644874937908
1605,786.0351524975603,155138.67421528083,75200.95122955211,76054.18076558696,2588.4292535693385,826.7342050094594,499.84366858482827,737.2328383369895,11.993545644074954,-0.0388366244275179,96,69,96.0359616241183
1606,786.051937584778,155168.16539836035,75185.03560697193,76061.43739444978,2602.584505337698,827.7044727031753,503.40040589342243,744.4745126653288,12.05350340354352,-0.0751473541176931,96,69,96.03547330854408
1607,786.0557520142278,155134.60275065445,75192.48812464307,76055.87011922477,2599.258446422755,825.1164502521424,503.3545772082289,747.2739200626675,12.124822364889564,-0.1083779088329199,96,69,96.03498383582053
1608,786.0721283485694,155158.14228555257,75183.66061604087,76059.68608673778,2588.334641742229,822.6568563371402,501.78809946399997,752.7537440005108,12.204191286662114,-0.142710874535802,96,69,96.03449323912216
1609,786.0750596135236,155167.17216750156,75196.12219611919,76076.94457885913,2558.098100837611,815.064187807875,496.27465618314454,751.3372785531683,12.288839415270662,-0.1630353959872958,96,69,96.0340015516323
1610,786.0919397387411,155122.0531391524,75199.84282016152,76059.70647427149,2521.867286539171,806.0490612422436,489.38058562373044,751.409666843072,12.379746632672678,-0.1758493229333703,96,69,96.03350880654035
1611,786.0956776909587,155182.643732932,75165.89334645029,76050.32483479487,2469.0450016243267,790.3257587229164,478.7715524219384,743.7004239427624,12.47863703649877,-0.1942750904711764,96,69,96.0330150370406
1612,786.112046141819,155205.5729731363,75211.07730033208,76059.6144275329,2413.046661559725,771.9543652084685,467.01900002808543,737.1695939768397,12.589307458796194,-0.1939059692044655,96,69,96.0325202763296
1613,786.1149404321557,155197.82437666145,75217.66188429117,76070.50095123379,2344.0431848547887,746.8198801852996,451.9959559366398,723.502479635441,12.716471118147249,-0.1870347063750532,96,69,96.03202455760449
1614,786.132000216608,155207.08895074113,75214.84509362114,76056.6004414684,2276.1929326258833,720.3706982524891,436.5616246026766,712.8955246383848,12.862877577867652,-0.1805279455200133,96,69,96.03152791406048
1615,786.1354765545587,155228.957679697,75176.85074460972,76059.2252140588,2198.720058374922,689.193634549476,418.58132609789027,696.3282370103698,13.030903014751804,-0.1729981380372323,96,69,96.0310303788892
1616,786.1525104408149,155231.99447403138,75184.17848767788,76056.76324105465,2125.0148226851015,659.2144282784284,401.0348982899741,683.7687249261362,13.218694502428937,-0.1714843585393541,96,69,96.03053198527668
1617,786.1552808759608,155295.75109625902,75222.27372503973,76072.64529462616,2043.8475907459506,627.2075137175416,381.9836441569496,665.7655003012915,13.421613677470097,-0.1685545208353685,96,69,96.03003276640086
1618,786.1718083934974,155291.54138459676,75181.08630088766,76068.53696326177,1968.4444564611767,598.8967241526261,364.6184076789941,652.4779809586471,13.63238062631612,-0.1545619257534302,96,69,96.02953275543028
1619,786.1755410288072,155305.23939935738,75200.60407961239,76067.34323506043,1888.0369300206657,570.6453145786218,347.1306772812095,634.601219412114,13.840301917961094,-0.144441210940504,96,69,96.02903198552134
1620,786.192373076623,155317.15421045866,75201.52346416913,76060.3740603003,1814.8089303688612,546.8518702532892,332.2831818975392,621.4189240498818,14.03552354992312,-0.1471135313803167,96,69,96.02853048981665
1621,786.1952086386422,155328.63901231298,75179.91123269881,76069.30502413314,1738.0668018427095,522.9197053693206,317.821797204233,603.189848849026,14.207741300978178,-0.1583233421407735,96,69,96.02802830144292
1622,786.2117396423732,155396.3320807753,75202.43642960906,76068.89400091929,1670.5670295887394,502.71253436662664,306.13275320408866,589.8370567873353,14.349448478541555,-0.1613207727039436,96,69,96.02752545350906
1623,786.2155433977485,155404.1114458519,75205.69097848418,76075.58409550469,1601.6849547995953,481.4456112959306,294.6180465547659,571.6567107656447,14.456818330373968,-0.161427360358429,96,69,96.02702197910376
1624,786.2322652009624,155385.47354198105,75198.49200705436,76062.19499423829,1542.2073316119495,462.6405630934314,285.2195274250116,557.6925127224822,14.528227408423078,-0.1747824166653813,96,69,96.0265179112941
1625,786.2351152171517,155432.1750673632,75200.86049398479,76066.03350293389,1480.3816057402291,442.002249512283,275.3139164142194,537.9893092440325,14.566692343220248,-0.1912570449008599,96,69,96.02601328312292
1626,786.2516959452768,155445.26143989348,75208.38190429502,76082.35569765515,1426.4134595738724,423.8914137792308,267.0328931178374,522.5572724122903,14.576060101685655,-0.1835010226176478,96,69,96.02550812760734
1627,786.255527003035,155459.4659485014,75184.61347931426,76041.16690305194,1368.3724055761122,404.74762582111,257.84775989159243,501.94669046098716,14.56160788401458,-0.1854996225388346,96,69,96.0250024777363
1628,786.2721629095903,155515.57470751528,75187.25231376872,76064.73129159363,1315.6475906651467,388.82514203333994,249.6303252489597,485.9255742962414,14.528929296405927,-0.1783352372318309,96,69,96.02449636646882
1629,786.2750164965298,155507.84432129716,75179.82336561354,76055.39070934308,1257.5787268088898,372.604255706392,239.8663260350586,465.3752140343713,14.4813393441218,-0.1880709133315153,96,69,96.02398982673182
1630,786.2916670792393,155523.18866540783,75184.16869794666,76079.28027150813,1205.2309958184487,360.0670754326129,230.64416999250534,450.86657294954057,14.422362062163652,-0.2015969108538429,96,69,96.02348289141857
1631,786.2954971100407,155571.90323540312,75190.73839931459,76044.27799919862,1149.0806993509177,347.12941487212083,219.76830219113617,432.81580895051593,14.352909191872492,-0.1797289112553533,96,69,96.02297559338588
1632,786.3120630767369,155596.00530641706,75227.52522362315,76073.79970543618,1099.1222103627515,336.5950342462165,209.44703415222466,420.16255013723276,14.273354385597903,-0.1723829532675813,96,69,96.0224679654532
1633,786.3149154864947,155584.6267105713,75202.98317503554,76060.08107344157,1045.5281574372784,323.930205463912,197.82539685996016,402.4850318664976,14.184081547865803,-0.1693521433052495,96,69,96.02196004039956
1634,786.3316515140353,155616.09343691447,75231.10952875242,76069.70441369315,997.4893839730066,311.76659307938826,187.29582858915091,388.8319453539443,14.084147118830714,-0.1693237663296729,96,69,96.02145185096222
1635,786.3354522782503,155608.30414639463,75188.76815500943,76079.07924025548,944.4883830227191,295.89688839884184,175.99225741974078,368.62998133461224,13.974552043264694,-0.1731059965795534,96,69,96.02094342983462
1636,786.3519686722744,155669.3439315543,75193.63349274815,76054.59705159468,894.3645972793456,279.3606973372225,166.00763470985112,350.7509141304181,13.85564070797952,-0.1607036645531517,96,69,96.02043480966428
1637,786.3548090937404,155694.67841209416,75194.66131081854,76038.23652949852,837.8107683876297,259.47468847062555,155.54733804624993,325.9210838835279,13.728880146090804,-0.1474469760232711,96,69,96.01992602305096
1638,786.3716544429341,155706.01155341818,75212.6447370094,76058.84757413082,784.1958785080933,240.71850249072304,146.74780867761,304.7940691472613,13.59695113948914,-0.1537413619491104,96,69,96.01941710254474
1639,786.3753823449198,155749.5652368934,75188.1071706538,76070.93969337754,726.0682153148227,221.42375141583034,137.72487866695155,278.538521588227,13.461767503659347,-0.1521965722880371,96,69,96.01890808064351
1640,786.3918956128454,155773.06062734322,75203.00438921413,76073.75986768311,673.0117939416086,205.66547673632158,130.08283240531455,257.00149858000805,13.327190344621831,-0.1410380107754319,96,69,96.01839898979216
1641,786.394673261756,155800.2198019317,75224.2326739515,76074.46472977848,618.3214190804283,190.85988491030002,121.4980436010519,230.99474064982496,13.195949444973657,-0.1422727979750266,96,69,96.01788986237943
1642,786.4117196309812,155812.66115746976,75231.09855084858,76081.45315740346,569.7854949383764,178.86336500183097,112.88888561588828,210.00461681213346,13.070966061863668,-0.1266362160921086,96,69,96.01738073073672
1643,786.4151875938259,155862.2439919595,75186.94951612619,76085.55999562354,517.1491450591129,164.49549725287943,101.30851959294523,183.52894372225273,12.955194159888816,-0.1028025676196633,96,69,96.01687162713588
1644,786.4322531813685,155883.36816422467,75219.30313622557,76091.5519442672,462.9620633358136,147.25869457660883,87.36607373179868,160.20958597151912,12.849442694412485,-0.1036240313997239,96,69,96.01636258378753
1645,786.4351224394165,155903.25374924458,75233.14706385262,76067.67728886491,394.60620316915447,122.01919953963079,68.9331466552976,130.10390370580717,12.755162475921408,-0.1266743526993324,96,69,96.01585363283873
1646,786.4515181213494,155924.31942048643,75232.02998311762,76061.32797691107,315.1520341555006,90.6838163332286,48.350093780463794,103.08643400465371,12.67170054263295,-0.1193550680413173,96,69,96.01534480637116
1647,786.4552496256854,156011.48366572626,75200.07852373365,76083.9082720915,219.91393579542637,54.017350104579236,26.537053886218928,71.65635324607138,12.59811723217499,-0.1398644283054182,96,69,96.01483613639974
1648,786.4721310130433,155974.07683959926,75210.21497208063,76066.83303641429,124.03213691478595,21.000458151625935,9.044068511080695,46.59402340516681,12.533747378777283,-0.1694027104967282,96,69,96.01432765487
1649,786.4750418173853,156060.6193804763,75235.72784333913,76085.69024911638,40.35895322513534,-0.0,-0.0,21.552224711718736,12.47660877518219,-0.1444393653672683,96,69,96.01381939365668
1650,786.4914442119351,156049.1388071844,75227.1051111694,76097.92922958244,-0.0,4.678100626988453,6.682632205513073,8.145958818699,12.42663668133029,-0.1552747905599761,96,69,96.01331138456165
1651,786.4952522789818,156062.05641742414,75226.03788247997,76089.6028302945,26.287741976964753,43.70300388414762,32.821738343220204,-0.0,12.383111294271064,-0.1685556086610539,96,69,96.0128036593119
1652,786.5120357985825,156081.51444657997,75229.17017219921,76068.3655459608,147.2194423515466,124.42274495065794,82.18912129753153,6.4300383796799,12.346304644796104,-0.1326051648185034,96,69,96.012296249558
1653,786.5149405274326,156041.94166867773,75219.70841480214,76074.12282920748,370.84204335859977,244.49433848427725,152.95487245521508,19.081717251159716,12.317794271407358,-0.1506943162210166,96,69,96.01178918687178
1654,786.531394269613,156009.81137915264,75202.59347329347,76059.04394110561,697.2282448056503,396.98799374305236,242.00340920864255,45.700773912103614,12.298473684499074,-0.1403833427872645,96,69,96.01128250274506
1655,786.53523912739,155994.69153082135,75211.23937264721,76076.8981413627,1102.2702245148248,566.4294115560333,341.181585089711,76.69655785543728,12.291480852280376,-0.1153570936391528,96,69,96.01077622858736
1656,786.5519439438181,155987.81280768776,75225.2926793254,76094.6310430248,1555.1952662553522,736.6125555104081,442.6447292736848,117.8292464822589,12.299390656061115,-0.014479806948619,96,69,96.01027039572384
1657,786.5548339492893,155939.4033181825,75217.93601304629,76086.86559275482,2013.1121948600048,890.2607239104254,536.707575928187,158.9802666537871,12.325571902904173,0.261131167951651,96,69,96.00976503539404
1658,786.5713588170834,155850.30297500116,75213.7178029504,76095.63686787426,2440.2264050948434,1016.1743812678469,616.9958128244325,206.2680954770767,12.374265055843182,0.3404030764059804,96,69,96.00926017874968
1659,786.575214875321,155839.20779500055,75228.47357884762,76068.95972908175,2804.4182522857445,1107.7148761585413,678.0560347683495,250.1813213992864,12.448185154262545,-0.204903641599723,96,69,96.00875585685309
1660,786.5918524526903,155811.81437063694,75232.43578693016,76074.05289103782,3089.936557818728,1165.7162382454117,718.9735139637196,296.6054669346486,12.5510625450663,-0.4376467875537856,96,69,96.00825210067482
1661,786.5947250236065,155750.71620405657,75197.4192586281,76096.37631507122,3290.4068627461093,1194.5346751459438,740.1691519225715,336.8770366104436,12.684535032908546,-0.1301967950521059,96,69,96.0077489410926
1662,786.6113366002088,155726.94970135423,75212.00828507233,76076.8638201903,3412.761164054915,1201.69645007106,745.3938154134667,378.04456957493676,12.849325991914965,-0.1486911336537054,96,69,96.00724640888902
1663,786.6151779579131,155688.0662706847,75207.79904064152,76101.68729267368,3468.047139333212,1194.0360121699196,738.083425562043,412.22694782700273,13.045508512990812,-0.1462107809154632,96,69,96.00674453474969
1664,786.6317639498499,155672.88674582806,75211.43854298365,76067.40273428537,3471.726081634115,1177.3995756414079,722.8619979953801,446.17895847695763,13.270440514713997,-0.0986596202684303,96,69,96.006243349262
1665,786.6346111870748,155624.41108090273,75214.81968018251,76066.45558729825,3437.878532507166,1155.3809023507638,702.7851217861462,472.623792168044,13.521819266228302,-0.1219520736901629,96,69,96.0057428829124
1666,786.651332340211,155604.81282073166,75217.40451736463,76081.02959281616,3379.621303160093,1129.985973544317,681.1318600511295,499.1760673763638,13.795086072474708,-0.1048747137408257,96,69,96.0052431660858
1667,786.6551190768863,155595.42026927733,75216.87592125767,76073.41577485058,3307.874286992068,1102.4188164391671,659.5866849269223,519.0442830260727,14.08490943665961,-0.1057231838525381,96,69,96.0047442290628
1668,786.6716924509136,155568.39500238583,75229.38999895776,76084.41300673372,3231.446243493934,1073.4918572070892,640.0741187304811,539.5115923141129,14.385691049055628,-0.1036911132115887,96,69,96.0042461020184
1669,786.6744717335959,155601.031937198,75200.67877908802,76079.30828378258,3158.361602828256,1044.8926123389538,623.402243325123,554.2351889656857,14.689550304389993,-0.0864429649284421,96,69,96.00374881502024
1670,786.691383442811,155535.96035707343,75199.97491734683,76070.6343395591,3093.677666272153,1018.0836391812772,610.5647127719421,570.9384535065037,14.989510531180049,-0.0822863435507561,96,69,96.00325239802643
1671,786.6949559022241,155528.35155575426,75202.32457242026,76079.41383499495,3042.4017726602033,995.4838738213148,601.4780581190716,582.9194110501558,15.27721245002061,-0.0899295393736555,96,69,96.00275688088482
1672,786.7119274728485,155533.1538226469,75202.80711355094,76082.73883566186,3004.9962256844738,977.9743467537919,595.8980951046105,597.0318457207759,15.544836740572713,-0.0882114578837867,96,69,96.00226229332992
1673,786.7150202385365,155520.9172917647,75207.07784237892,76082.64376067783,2982.039740483917,966.5308821363869,592.5876347684825,606.3711955357285,15.786280058701754,-0.0747212958343581,96,69,96.00176866498248
1674,786.7311865965655,155535.61589006192,75226.20415921959,76067.81115346085,2968.450397258799,959.4055637729471,590.1291148581076,617.3727774378785,15.995655044793244,-0.0749282147110041,96,69,96.00127602534668
1675,786.7350115370984,155523.77049544267,75211.4951300163,76070.8996124549,2960.606285274902,955.1551484652009,586.7309447585139,623.5813359254098,16.17074456359456,-0.0878880360875804,96,69,96.00078440380932
1676,786.7518161108876,155484.04064861254,75205.24729445885,76072.6838198596,2950.3203657781705,950.2419152317743,581.016009395913,630.9237643752422,16.310525154246292,-0.0797356590774032,96,69,96.0002938296376
1677,786.7549433119362,155495.66604047889,75208.16929579219,76059.57692487969,2933.9871342696133,943.1964461761963,572.2562183848931,633.0967484068824,16.416293459587447,-0.064670691386605,96,69,95.99980433197771
1678,786.771091529607,155512.65265798027,75224.85210044943,76078.98962179307,2905.015055248863,931.641521285972,560.7053037332371,636.8356781335315,16.491726967257563,-0.0511758182916482,96,69,95.99931593985276
1679,786.7750344495571,155514.00096274514,75196.832564649,76098.43808795082,2864.2118937324267,916.6306047011167,547.6251158578671,636.8969010983128,16.53999167152053,-0.0251289340056109,96,69,95.99882868216156
1680,786.7917032866117,155500.9656023164,75215.67422514505,76075.1698633102,2810.3122962688212,898.4427283503028,534.7175027616031,639.7608951371221,16.565957123563273,-0.0204919833924546,96,69,95.99834258767676
1681,786.7948813842254,155546.30610509528,75205.87787875383,76052.70304817338,2750.123360038502,880.431277094016,523.8333732592873,639.931017204537,16.572871697029232,-0.0043261606730512,96,69,95.99785768504351
1682,786.8109623002738,155494.4089761643,75201.34898616174,76089.81947188119,2686.4033176450175,863.6367644470447,515.9375225574768,643.6455058675492,16.563099975272188,0.0175524792919624,96,69,95.99737400277728
1683,786.8151629317314,155501.61774578152,75219.85877510838,76065.74305082184,2628.6515720440657,851.1094834819232,511.36150424956577,645.2132737804204,16.5384818575422,0.0221959255700842,96,69,95.9968915692625
1684,786.8310161671301,155511.1947009213,75214.22450636898,76065.79448850005,2580.05349276762,842.6165553577448,509.26029464189196,649.5905773725826,16.498172756120844,0.0247730384242234,96,69,95.9964104127511
1685,786.8343979135894,155506.21819310298,75215.79694395378,76070.10646452989,2548.366923254798,839.583268643386,508.7614880335168,651.2528626987769,16.442026529424304,0.0090153907144381,96,69,95.9959305613607
1686,786.8510887656543,155502.15042133653,75220.41122097717,76060.2522780688,2532.4081503354246,839.9739505781181,508.64963623849326,655.8908396563784,16.368669401699357,-0.0094388798254489,96,69,95.99545204307312
1687,786.8550148226651,155505.72407524547,75179.69468094948,76065.53090763626,2535.324739482836,844.2402910345991,508.7034369847388,658.0150101076579,16.277538893233725,-0.041220480255711,96,69,95.99497488573286
1688,786.8709544138043,155513.31193831033,75187.00024905527,76079.27207084489,2550.2379852994927,849.57125000823,508.63732417605934,663.2746396188159,16.170366271271373,-0.0977499276275831,96,69,95.99449911704524
1689,786.8743042317853,155516.45451779614,75225.98597226595,76073.5657919671,2575.0538692370756,856.0080723830761,508.9942991049029,666.5336938041146,16.049492505174523,-0.1362041052265784,96,69,95.9940247645752
1690,786.8911048665645,155499.13525730278,75200.67212138981,76075.91147472404,2598.566531986522,860.3713531337708,509.54693158800364,673.1825979021087,15.920985754999784,-0.1624932683988953,96,69,95.99355185574548
1691,786.8949139153877,155482.3218240306,75201.17490764921,76072.14716137365,2617.2335289970506,862.8747759883408,510.4116729092202,677.0179023848032,15.79160577417496,-0.1777745597749342,96,69,95.9930804178352
1692,786.9108611775772,155499.62799041733,75181.6837712945,76079.66789811224,2620.2606002183165,860.5007467337709,510.52849469688954,682.5011974064982,15.668919927367286,-0.1843993892777829,96,69,95.99261047797827
1693,786.9142401382054,155496.23155000142,75228.01085858152,76061.48865097624,2606.7016462977626,853.8446900425333,509.3087623845786,683.5701659172773,15.560618098895752,-0.1771975689546629,96,69,95.99214206316196
1694,786.9311030483619,155507.81928992856,75194.07461193354,76065.08317258427,2570.0803668000153,840.4303227256605,505.32733889188967,684.9331773014856,15.47079700351593,-0.1681089579962613,96,69,95.99167520022512
1695,786.9348173372953,155485.95282425333,75186.60608165902,76072.64678036884,2515.714315832942,821.958231091252,498.2945208448218,680.6358356022392,15.401922112226732,-0.1748347655615179,96,69,95.99120991585728
1696,786.9507618053233,155516.31286898837,75195.64699965819,76074.190001461,2443.0697775991284,797.0010008035606,487.4750881912769,675.9056751774333,15.351947215133302,-0.1708008378355735,96,69,95.99074623659638
1697,786.9541901314807,155519.81415090777,75196.60985089006,76062.65046271787,2362.061877291708,768.2509216241597,473.5511022929277,666.0154378723819,15.31589507023472,-0.1682715678824526,96,69,95.99028418882808
1698,786.9710923338682,155525.78782197993,75221.69141312687,76061.81347976752,2274.5056510979193,735.0548720275401,456.7044089449337,656.8163535014319,15.28781830922681,-0.1660637503167571,96,69,95.98982379878323
1699,786.974718453252,155584.391304199,75204.77557316354,76072.13757180213,2190.3956151638995,700.8004079933453,438.3836637685308,643.376088481833,15.260051217653212,-0.1595274227520385,96,69,95.98936509253784
1700,786.9906625126268,155562.84694444222,75211.526936949,76087.94164960226,2108.4619795895997,664.8764033965272,419.05862451856956,631.3009455494466,15.227762402093816,-0.1485722805905869,96,69,95.98890809601032
1701,786.9941498035613,155562.12380664342,75211.4716779219,76076.6155408322,2033.5904649344156,630.2504984448024,400.0848816521466,615.8610500926152,15.18756036466356,-0.1420651099424665,96,69,95.98845283496092
1702,787.011074683208,155581.5636679379,75192.31118439627,76064.6711790913,1959.454539958504,595.7432220473274,381.5668768864416,602.4313293659361,15.138962744873686,-0.1377273488701737,96,69,95.98799933498982
1703,787.0146155501116,155625.11383241625,75185.27108711295,76074.37648157665,1887.7637960255379,563.9839418096963,364.46645659720525,585.7186147334869,15.084904913441504,-0.1352839130800166,96,69,95.98754762153594
1704,787.0305661178026,155642.5245729449,75190.69428268833,76076.1288810492,1811.014901059505,533.3347762621997,348.3617722906347,570.9865879443532,15.02849164960232,-0.164171422909975,96,69,95.9870977198754
1705,787.0341169693685,155659.97073398833,75194.58035072919,76078.10302488806,1731.929620451876,505.9531177595927,333.64346285691136,553.3001414751052,14.974853230621926,-0.1757681998617427,96,69,95.9866496551202
1706,787.0510504114258,155671.5367592256,75224.50667537234,76062.64685444484,1646.2635383401066,479.89151547099755,319.3536893656128,537.6526904068887,14.927585819298413,-0.1626676355282736,96,69,95.98620345221718
1707,787.0545083645526,155698.85367468785,75217.01080778673,76067.90976250354,1560.8886835463927,457.1764413420751,305.5845231116982,518.3691485195304,14.888990222728436,-0.1810654851229967,96,69,95.98575913594593
1708,787.0704743309443,155691.6888748423,75203.61129215216,76097.60612589517,1474.5322412212263,435.4853491855465,291.3319864414807,500.28867050653207,14.86063925829817,-0.1855253885670961,96,69,95.98531673091806
1709,787.0740900858334,155739.7274750625,75193.27327717024,76068.69277913687,1394.839340250648,416.33978385028604,277.014025424578,478.28766488752444,14.841096196821203,-0.1716152568406156,96,69,95.98487626157552
1710,787.0910193429128,155773.34152289107,75216.149351094,76069.0243000153,1319.859973060782,397.18695149885025,262.2696504679043,457.5443549226329,14.829325684677492,-0.1729139341745176,96,69,95.9844377521894
1711,787.0943972419429,155780.4741953058,75217.25888763399,76057.51394034801,1255.209224419843,379.6763466620323,248.2325187624956,433.1197829343728,14.822761132816549,-0.1698607574342864,96,69,95.98400122685884
1712,787.1103883455088,155810.56148070082,75206.51816177643,76069.49934266103,1196.022597378993,361.48855095976614,234.92886346302112,410.92321669353987,14.818711558563132,-0.1618121923661818,96,69,95.98356670950936
1713,787.1140678093838,155834.06037194765,75217.95234708671,76056.9950588184,1144.8607147764415,344.61196666302567,223.4134001036873,386.8424697656301,14.815621474983669,-0.1664940081966732,96,69,95.98313422389135
1714,787.1309811829638,155850.50351231158,75209.93728581489,76080.26712319258,1095.3764187587076,327.34581411832187,213.23810516914818,366.68390111101326,14.810836516680196,-0.1695234625715179,96,69,95.98270379357972
1715,787.1342828414564,155914.66047128808,75195.6306626852,76073.73776167733,1049.6477619725629,312.18046671460615,204.70685102517018,345.5086108483374,14.803708411955794,-0.1554902774810763,96,69,95.9822754419718
1716,787.1503090384218,155890.6159557407,75207.98399731841,76073.80288016082,1001.5304884663201,297.40000073426927,196.5560109646758,328.58960113784997,14.793222202419816,-0.1551342326315039,96,69,95.98184919228628
1717,787.1540488442869,155932.46615389484,75195.81350543542,76082.5452489125,953.4623185365926,284.98892367607914,188.5963057386689,310.5351064885326,14.778865882433264,-0.1574564604426086,96,69,95.98142506756189
1718,787.1709356723004,155911.64328762653,75202.57606303034,76070.72561945462,900.8731633060961,272.79937855117896,179.75226999999722,295.733246313408,14.76149406337082,-0.152306199152075,96,69,95.9810030906568
1719,787.1741659996405,155959.57692551482,75208.26390588515,76075.17236945836,847.7992494743085,262.4219640340161,170.57461946451804,277.99387196914176,14.740612710464903,-0.1537988095209161,96,69,95.98058328424634
1720,787.1902370512425,155992.83235283635,75211.26587290462,76103.01153314227,791.224061022047,251.3903358677344,160.85115108513855,261.97119879958336,14.716983673826329,-0.1461255471976417,96,69,95.9801656708228
1721,787.1940318868893,156013.77941699643,75216.61044854947,76051.64864814212,735.9118959270418,241.04683151732024,151.60788554072496,242.1028894390911,14.689757990516764,-0.1425445381848143,96,69,95.97975027269372
1722,787.210882665748,156006.11959272405,75203.36790570809,76051.49348817384,679.6328763160855,229.00310722991708,142.48915072137606,223.23496641716338,14.656867040973143,-0.1438252058443751,96,69,95.97933711198048
1723,787.2140476482882,156047.70086113672,75201.43387583754,76083.41901776509,626.2381628543371,216.40455774593283,133.641164133267,199.85276114355656,14.615828299544484,-0.148096150624266,96,69,95.97892621061791
1724,787.2301728312688,156070.68455168413,75188.03139375619,76073.65217503042,571.1916716019041,200.2850943953963,123.45976704882924,177.5891187818488,14.561412993827334,-0.1487739842951889,96,69,95.97851759035235
1725,787.2340156052335,156087.6809338745,75215.20837940747,76086.45513651031,514.4675452141091,180.97937007785367,111.0434518752154,151.6441253501689,14.489268670582272,-0.1623436745274718,96,69,95.97811127274112
1726,787.2508221812684,156143.73220609376,75227.39891324246,76063.7477910026,448.7943381831865,155.4139177572506,94.66339749109466,127.73392355354736,14.394582813742993,-0.1891585409602216,96,69,95.97770727915064
1727,787.2539287505166,156152.87013092378,75207.35588304167,76078.12906370623,373.02090964093804,124.70573194921599,74.44237917632563,100.93553457575035,14.274027807931498,-0.1744405766520754,96,69,95.97730563075642
1728,787.2701166622887,156187.84538798552,75222.19706653681,76108.69694345958,283.27352300134953,88.14728100807406,50.94100904153311,77.5638845723297,14.12782298558762,-0.1711302278612294,96,69,95.9769063485408
1729,787.2739986292245,156201.10316151843,75211.815377655,76060.57549101394,186.58931333606597,50.90870664511749,27.51216422006837,53.14500621607294,13.957682110520242,-0.1675076686001236,96,69,95.97650945329272
1730,787.2907544397611,156229.98639160066,75206.77399788232,76073.05893075622,92.7679806779488,17.981829572076094,8.404702055850066,34.01326620130567,13.769572067896457,-0.1515462230575352,96,69,95.9761149656062
1731,787.2938102376044,156233.56168210416,75202.9336858504,76082.67820694741,23.30835609009955,-0.0,-0.0,15.80145724862814,13.570471333377537,-0.1540061715881532,96,69,95.97572290587948
1732,787.3100687015587,156264.43177005803,75194.23666793204,76064.77997949638,-0.0,5.501126807939727,7.970518004643964,5.781622094858903,13.367716008818782,-0.1474627219801902,96,69,95.97533329431384
1733,787.3139795351049,156283.3188401716,75220.4501334785,76072.11903211674,48.1988456370309,44.706387577796704,37.58910939953057,-0.0,13.168690191771397,-0.1357105875155008,96,69,95.97494615091246
1734,787.3306799110937,156259.9507491704,75197.89293314697,76083.62134818462,183.90114276995882,121.16959519450029,90.69356795301428,5.169803310884163,12.97717981290142,-0.0890611324390443,96,69,95.9745614954799
1735,787.3336929309218,156275.75188310808,75209.36571387202,76075.25221275221,414.82381711539347,235.30687184353883,166.1748784649826,16.229710509680444,12.79589701507974,0.1471907293796602,96,69,95.9741793476205
1736,787.350029040776,156219.23118212505,75208.24146246232,76078.49554369423,731.9086209779489,378.30951943247055,258.2694440664782,39.11174248554744,12.624422538346789,0.3812852380768206,96,69,95.97379972673794
1737,787.353956803509,156216.00971479475,75200.24496553118,76094.01964470133,1114.735483989236,538.5924776057218,358.7976384642534,67.27894412787282,12.460619990897092,0.0094740151069618,96,69,95.97342265203343
1738,787.3705993901,156184.31965050683,75168.61913489556,76084.61628491372,1531.1587570767733,699.3208887945075,457.51525781018427,104.75610397462151,12.30277950184984,-0.4701732385238054,96,69,95.973048142506
1739,787.3735774208793,156145.14151494307,75225.92288448536,76075.33700921612,1946.492710686056,846.4319759076025,545.4550177767815,143.58829359945958,12.147903045774171,-0.2330980904769393,96,69,95.97267621695028
1740,787.3899978264899,156083.40247514533,75209.7793062941,76098.00719937845,2327.3231980015407,966.8415371651645,615.5369153532811,187.7501163186098,11.995238229907896,-0.1181609435552232,96,69,95.9723068939564
1741,787.3939287056496,156064.44407833487,75197.9458160096,76072.32886984455,2648.718102192739,1054.8741780433484,664.7590363308263,229.34444536836236,11.844197669748793,-0.1660648695565559,96,69,95.97194019190862
1742,787.4105141602099,156025.1335888513,75201.21613950121,76076.64925144285,2895.877675258962,1108.2824765794358,693.0946684727678,272.51884882937884,11.694822286456146,-0.1053577445738084,96,69,95.97157612898488
1743,787.4134638282034,155989.3099290805,75185.39838434881,76062.73474162116,3064.8959132588934,1131.4099838954717,703.644833354454,310.1747615648492,11.548706472433793,-0.1245057199343395,96,69,95.97121472315531
1744,787.4299755398749,155943.43896160516,75213.5850723424,76056.17310348667,3161.014253122965,1129.4527196345734,700.3968327768089,348.14511909830617,11.40610429268233,-0.1080523381335999,96,69,95.9708559921818
1745,787.4338929819202,155903.9778718814,75213.71582502061,76069.58072755775,3194.772968830599,1110.5081546503498,687.9516098662425,380.2569353914878,11.26874756791328,-0.1120303411045148,96,69,95.97049995361702
1746,787.4504264307537,155895.4274780176,75175.69877081741,76078.49854299267,3180.2092429734766,1080.3953115585755,669.8297261786211,412.51970555388834,11.137607275565705,-0.1283433414151571,96,69,95.97014662480348
1747,787.4533511876493,155883.63130700574,75187.64403805301,76069.49362982818,3130.3414546461427,1045.2944674601604,648.9362729840068,438.81627078854945,11.013462611676022,-0.106325561469056,96,69,95.96979602287291
1748,787.4699638085225,155845.27657055197,75172.18362698509,76067.01939929412,3058.37951704429,1008.2344423984032,626.911710712724,465.4804455865524,10.898123869368977,-0.0989411497946385,96,69,95.96944816474505
1749,787.4738457652921,155813.73300563786,75188.35268856575,76075.05831209011,2973.921478012111,972.6518677241547,605.1889016673958,485.77402531082043,10.791624806589054,-0.0978889858380432,96,69,95.96910306712728
1750,787.4903408740174,155819.6336146862,75198.67941839054,76092.25503598848,2886.8272523142514,939.7148230659805,584.6447131030436,505.191915103409,10.694941859036645,-0.0948614184972586,96,69,95.96876074651344
1751,787.4932351649153,155775.71152243792,75212.34176790842,76059.73497750793,2803.077356023423,911.4395828606503,566.3072178297443,517.0092879451404,10.607607948060847,-0.0838459036697776,96,69,95.96842121918355
1752,787.5099688501773,155816.88084310252,75202.88783552035,76079.25266031151,2729.6408071904443,887.930412707181,550.6743220656062,527.9433412097278,10.528161254217173,-0.0717840100133655,96,69,95.96808450120236
1753,787.5137761416403,155762.4324314743,75184.58849812337,76087.34103915025,2668.4141827496933,869.8499216751516,538.0148260410351,532.1277996035351,10.455663382018942,-0.0694477913444918,96,69,95.9677506084193
1754,787.5302739191739,155779.0166978041,75189.84506091123,76078.47899386994,2621.612199271156,855.7030569318304,527.7344602157536,537.0335183653224,10.387477782624536,-0.0506121213454147,96,69,95.96741955646716
1755,787.533090464397,155785.55451951496,75175.09759564632,76067.96836676818,2584.9833332131384,844.1603538321215,518.8676423036086,537.6546648775111,10.32282212308616,-0.0509713890584041,96,69,95.96709136076186
1756,787.5500409609633,155819.59328646946,75165.3759660023,76055.94930360184,2555.229442730022,832.2111895824346,509.99522138465545,542.1954640514159,10.261209395716165,-0.036495127782308,96,69,95.96676603650128
1757,787.5535309077337,155796.27172290577,75191.30123551228,76074.57832069375,2523.54852126271,817.9590609735023,500.0595740345889,544.4834392438643,10.203255177540251,-0.0093045047612834,96,69,95.96644359866504
1758,787.569446637545,155778.11232342897,75184.18404281812,76050.86075282883,2485.703248880105,799.394781794268,488.44707761198515,550.8684547715529,10.15205102803388,-0.0009949812282894,96,69,95.96612406201336
1759,787.5731217991763,155764.2125535487,75203.6902873653,76070.33510011357,2435.8572845450253,776.7686397851794,475.4617541368352,554.457476872165,10.11007446183298,0.0108558297590831,96,69,95.96580744108677
1760,787.5899863703597,155776.07239136196,75171.0144849891,76036.2863068213,2376.391618386784,751.1678283196961,462.0181452979741,560.5999665436684,10.08140887037136,0.0294975124254687,96,69,95.96549375020535
1761,787.5934323149339,155781.8404098338,75181.76365584401,76054.08654620458,2309.128580597753,725.6841407195461,449.51140790226054,561.7544478452473,10.068765356053673,0.0226337350523372,96,69,95.96518300346796
1762,787.609352985192,155785.50788966127,75169.57815064152,76066.94532196582,2243.6754675656557,703.2900448204018,439.22807035403093,564.218354223005,10.073058194788269,0.0098743169911786,96,69,95.9648752147516
1763,787.6131047222705,155773.98180788528,75180.67770743227,76082.85153041844,2185.6402825005935,687.2564875923708,432.14090942181065,562.1722109545371,10.094304276887582,0.0269161330761131,96,69,95.96457039771144
1764,787.6299443333265,155800.4390911205,75195.63617141149,76070.9876467398,2144.3554193322198,679.288013959711,428.6582091067976,562.9754452905036,10.128861082860334,0.0004983461852106,96,69,95.96426856577914
1765,787.6333210951442,155795.84688977295,75167.25625675436,76052.24532708876,2120.995915145322,680.1424787968426,428.7463818914839,560.92840681292,10.172851324448752,-0.0354694114532863,96,69,95.9639697321632
1766,787.6492708036741,155794.72533773817,75166.23011414341,76046.76359541802,2118.9256214920315,688.6512143745204,432.0223226104572,563.6498879086867,10.221046020923252,-0.0756356784897031,96,69,95.96367390984808
1767,787.6530885959522,155787.1004156074,75181.7941228956,76055.50249607215,2132.930073461903,702.844371898449,437.91242771517136,565.2440885510878,10.268354940302828,-0.1283646114124148,96,69,95.96338111159362
1768,787.6698958174801,155794.23123887522,75182.4946871523,76059.83836181462,2161.221549937327,719.7201777332812,445.6975682123448,572.0527091050462,10.312350726327622,-0.1563903469638823,96,69,95.9630913499344
1769,787.673207598193,155794.13176244704,75174.7280209225,76070.11246173854,2194.9128645502497,736.4081785039452,454.4857114441402,576.5122939414287,10.351199514670434,-0.1747924001806687,96,69,95.96280463717945
1770,787.6891949512632,155768.59441409996,75156.83427674737,76085.38194683146,2230.880998769426,750.1235785378813,463.25066152686486,584.458721003437,10.38668671439078,-0.183298322184093,96,69,95.96252098541174
1771,787.6930762320299,155786.3443958474,75168.03225088643,76053.54524877956,2260.084484807332,758.9406437878206,470.83967302084784,588.4012887583813,10.421734088828789,-0.186276570804591,96,69,95.96224040648772
1772,787.7098372391574,155793.79221855945,75163.49932396064,76059.98673394101,2280.147104234202,761.5964879158419,476.15944556181785,594.0335631170892,10.459807874021129,-0.1724961548810031,96,69,95.96196291203644
1773,787.7130961277733,155751.05017336967,75196.60503775606,76043.60228671784,2283.3760368871153,757.709198445431,478.21035615046276,593.9175507424807,10.505435670374808,-0.1716727628544273,96,69,95.96168851345968
1774,787.7291220594236,155802.65624599042,75169.5118364359,76056.59931588717,2270.2160012213863,747.4757555299875,476.29148115348653,594.889290620602,10.560624891781778,-0.1693536091115387,96,69,95.96141722193131
1775,787.7330711497867,155799.10190620334,75163.05628989074,76055.19367951615,2236.5566428855527,731.5538867865253,469.9581331500085,590.5965146724775,10.627339011309523,-0.1742905699242641,96,69,95.96114904839676
1776,787.7497618402281,155784.27923989118,75150.11139710987,76067.02589795912,2186.833098423376,710.8395766141912,459.2008020321373,587.9462862399523,10.7055366078058,-0.1854814238381386,96,69,95.96088400357256
1777,787.7529979564322,155821.91666123283,75162.50037528649,76081.00311995344,2120.7069391564582,686.1870374436694,444.34230965271126,580.3033409911732,10.793759940051146,-0.1693356480022614,96,69,95.9606220979462
1778,787.7690351510784,155809.00641148613,75175.08858917105,76045.77389160355,2046.0166167648276,658.4338059245638,426.19090289546875,574.9226888851554,10.891217512283736,-0.161847346847409,96,69,95.96036334177565
1779,787.7731051148351,155823.94207919584,75205.06708273866,76056.05698168009,1964.2080626756651,628.11757361122,405.8375784684904,565.3293411289342,10.99548653842788,-0.15197105524453,96,69,95.96010774508866
1780,787.7895869050803,155837.92199305212,75184.59352822936,76056.28661998085,1882.8146791359177,595.8002196939196,384.67796612897655,558.0626634015352,11.105714527306692,-0.1467080990108115,96,69,95.95985531768318
1781,787.7935685803049,155852.79814244926,75195.44658952561,76050.15065371,1801.4101035861531,561.8150312950893,364.0143122621521,546.4528070536035,11.220765024419569,-0.1379253190710888,96,69,95.95960606912644
1782,787.8092302014533,155878.03779055475,75182.69644871687,76064.46767670066,1724.5676110647619,526.8166781247273,344.92240110450075,536.9810031622183,11.339272453478385,-0.134051193539009,96,69,95.95936000875447
1783,787.8129504122414,155866.42419550137,75176.30002144046,76043.387555562,1648.7124020028277,491.4329555359873,327.82464993276517,523.3382524306653,11.461030842901966,-0.1499202403869993,96,69,95.9591171456726
1784,787.8296363170135,155898.95677044478,75169.0246775485,76038.8531061089,1575.920444610063,456.8438556590845,312.5505835773365,512.2515327440051,11.583980946012318,-0.1486438112858442,96,69,95.95887748875428
1785,787.8334234830019,155911.85076812594,75185.22834180944,76060.6286010629,1501.128946691053,424.1349249428167,298.29625847178977,496.68118640355533,11.706964728270002,-0.1533377333216874,96,69,95.95864104664147
1786,787.8491641224672,155938.42232860904,75187.66274215683,76064.73816455086,1426.8672858593054,394.7987370196206,284.1179635633889,483.2646073421929,11.82781901706467,-0.1535514570394254,96,69,95.958407827744
1787,787.8528915737207,155958.46920024144,75171.78250337759,76059.31403495143,1350.0011668676743,369.7748098391021,269.194336196786,465.38170949023333,11.943559956838248,-0.1489084085209683,96,69,95.9581778402396
1788,787.8696324952947,155979.3391777473,75161.58659443096,76063.6538064068,1275.1735619425308,349.88635672055534,253.33380094225868,449.70843117439654,12.052150720948328,-0.1458131379635969,96,69,95.95795109207344
1789,787.8733035164088,155957.891306529,75174.40314614249,76050.98154692708,1200.623124744452,334.8012200621888,236.97814307792578,429.1016541076824,12.1498222233493,-0.146270852057853,96,69,95.95772759095792
1790,787.8890816852776,156029.29918828997,75180.02413601552,76048.66236495985,1131.5701610854594,323.8341725904902,221.21399690653197,410.6217193414923,12.234106759626384,-0.1349085451451327,96,69,95.95750734437296
1791,787.8928543885943,156045.8649651165,75156.97221681653,76052.5706847397,1065.972361144144,315.2394032631273,207.273750645807,388.1007587459171,12.302196086954536,-0.1324942080176489,96,69,95.95729035956522
1792,787.9096100405466,156057.07961366058,75175.93163485694,76087.29098457849,1007.647597259027,307.4909166167199,196.1736078777467,368.87849045626353,12.35123437810689,-0.1418771161101184,96,69,95.9570766435482
1793,787.9131892033656,156084.10191705942,75181.13027848245,76065.48974025062,952.7513748554629,298.7577955211018,188.2127380875172,346.17349127767375,12.38024280382452,-0.1222390646200687,96,69,95.95686620310202
1794,787.9289963918843,156134.2254070919,75189.22922558182,76057.1060415232,903.7137564140721,288.2540887588402,182.91590678776265,327.10548606002703,12.387451649834894,-0.121880754399414,96,69,95.95665904477367
1795,787.9328295963587,156122.7044217257,75202.00566741872,76062.60295958244,856.0654033866012,275.34856134461006,179.12990600449848,304.82058489180054,12.37320525535205,-0.1400451586009717,96,69,95.956455174876
1796,787.949573831118,156162.47346841794,75187.74012315988,76062.48079865224,811.815022859606,260.5470097075013,175.50508044057642,285.64572308096103,12.338061011822685,-0.1380032079706283,96,69,95.9562545994888
1797,787.9530778431565,156185.75274915746,75202.28493031643,76060.78399086668,766.7787716471939,244.25346090371022,170.94631016164203,261.762869413069,12.28254029397109,-0.1302318971764972,96,69,95.95605732445782
1798,787.9689110585758,156211.30700627048,75186.86856902819,76055.60021098658,724.0768912007334,227.6754164252634,164.9683642766322,239.86499106447445,12.208516189724929,-0.1231778584634075,96,69,95.95586335539495
1799,787.9728152534942,156226.0763010332,75212.582308011,76063.36399625182,681.1594856507727,211.4479090924724,157.72115290429792,213.3669104151486,12.116012678590264,-0.0912710740055122,96,69,95.95567269767848
1800,787.9895230787897,156248.1860199881,75190.7086939084,76085.54113139168,641.6900883238413,196.47004296674277,149.66291182598798,189.71718866517767,12.00582106859008,-0.0769210052510955,96,69,95.95548535645236
1801,787.9929719689434,156307.1976434057,75180.8579083925,76059.52165013409,602.3210904873558,182.4760807956627,141.11973283355474,162.68118877595407,11.87774713192476,-0.1111541537222637,96,69,95.9553013366273
1802,788.008823144362,156344.1598852171,75180.40031505555,76063.42914350862,564.225871052302,169.00681172357872,131.7931948270707,140.39619091220084,11.730805075958692,-0.0984834609412891,96,69,95.95512064287958
1803,788.0128153683618,156347.05516595067,75213.91746565788,76048.93612993605,520.6582202456193,154.2226446592249,120.75341997036594,116.83306428685319,11.56542735780078,-0.0963815758347238,96,69,95.95494327965152
1804,788.0294492203216,156364.32545993288,75182.69601392635,76085.88407174833,469.14930097706383,136.39345348798088,106.62563687248621,98.85474345815601,11.381082458460977,-0.122591212971823,96,69,95.954769251152
1805,788.0328859117103,156399.16830181825,75200.48846590068,76072.09318568624,401.91512067470467,113.46020066775964,88.3995750588656,78.82945194546483,11.17950051668086,-0.1111689410322422,96,69,95.95459856135568
1806,788.0487104357875,156402.1948395623,75199.25034951713,76068.84367499984,319.67127957270714,85.25566658604657,66.0326390468108,63.18813567981124,10.963173392906372,-0.1143866643707034,96,69,95.95443121400372
1807,788.0528714426551,156424.51919322528,75193.98377363566,76076.05059793123,223.22270879830467,53.38000270166958,41.34864764279337,44.825105394091224,10.735195598002807,-0.1091712191423331,96,69,95.95426721260338
1808,788.0692509863893,156430.61329133372,75196.24105103959,76093.4603147399,125.64843134366674,23.045838720863685,18.12252738222014,30.499877439404372,10.500785332923725,-0.0928364187038987,96,69,95.95410656042824
1809,788.0733736153165,156491.5177863076,75185.0754990323,76078.56276712817,42.60888057720149,1.8917205582401948,2.135969477472827,14.382829770882381,10.263925467344611,-0.0928258968075195,96,69,95.95394926051854
1810,788.0890227873563,156478.79098723736,75173.50945694096,76052.87403594941,-0.0,-0.0,-0.0,4.691131776897237,10.029646105381724,-0.0910213395392752,96,69,95.95379531568103
1811,788.0926844130684,156494.62253902003,75212.0581652982,76050.8581438633,20.512258458475117,26.748813038153457,18.02489728035289,-3.061696499615209,9.801932138529594,-0.0878271669904718,96,69,95.95364472848942
1812,788.1093146329151,156495.43766010343,75189.34306896654,76063.53318799874,126.80078305111965,89.31518679200963,60.08146465677419,-0.0,9.583315390456145,0.0116886397100351,96,69,95.9534975012839
1813,788.1132330671995,156487.97358285502,75187.30521591539,76063.71439959016,327.02878665341996,189.2297915390518,126.54133890158846,8.238603861740557,9.376723890558534,0.2891303779625545,96,69,95.9533536361721
1814,788.1289527744722,156450.89419864505,75181.8598311597,76089.86254216814,619.5839373980998,322.17238088899467,213.1558850177389,29.262256814196007,9.182785537073746,0.4108398178518648,96,69,95.95321313502856
1815,788.1326167948591,156462.38939236934,75200.90676788331,76044.32005144689,984.3952932676184,477.1938632646634,312.1394788927282,56.50282436510315,9.00297470441274,-0.1254172889988681,96,69,95.95307599949544
1816,788.1493168077853,156405.22210770813,75207.84554734598,76066.73766450249,1393.4836758261663,639.6538660471124,413.287070944265,96.18905428511789,8.838425087438448,-0.4528754190498769,96,69,95.9529422309826
1817,788.1531219013136,156353.35547426503,75183.1364968146,76071.65193290071,1809.3475223733694,793.2264629742131,506.77836558932904,139.73934107922832,8.690075179980164,-0.1341046572219504,96,69,95.9528118306676
1818,788.1688619496388,156323.72094370707,75204.76813056976,76042.43090551671,2199.0039607441868,924.204962806456,584.5289452030556,192.17230374924839,8.560757008708276,-0.112634286409205,96,69,95.95268479949624
1819,788.1725740874494,156275.54508028945,75197.05197547475,76068.4252393873,2533.3564550839947,1023.0855228671717,642.0967770115094,244.71594139293302,8.452226175458938,-0.1506357630483007,96,69,95.95256113818238
1820,788.1892997832641,156208.2777046712,75171.52134283155,76048.14675693473,2797.1526495713624,1086.6952313156653,678.1955114759039,301.96795979101444,8.367652667826954,-0.1161371446446748,96,69,95.95244084720905
1821,788.1930166937773,156165.8788799929,75189.96585557054,76053.60886485584,2983.7834726970177,1116.8815780755976,694.8261173067294,354.4064288161462,8.309665528219666,-0.1236023550668506,96,69,95.95232392682776
1822,788.2087659860151,156108.39137248183,75178.36861991449,76052.37533159342,3099.205713038391,1119.857859215539,695.3724017744389,406.77053241050453,8.279692189641224,-0.1124166437320115,96,69,95.95221037705932
1823,788.2125460851624,156077.44965005363,75183.24763609974,76040.34619444695,3153.156973037112,1103.188817713657,684.3555871110439,450.65236752235796,8.279615895088908,-0.0992418944517981,96,69,95.95210019769426
1824,788.2292688555904,156056.09736392403,75187.2604930826,76049.52350340762,3160.2757706029806,1074.6912362596922,665.7664971503254,491.53899655130226,8.308716596072086,-0.0979836947592686,96,69,95.95199338829283
1825,788.2329143380131,155984.90291134053,75158.79913538022,76040.45473889528,3132.4212869175826,1040.3462834374368,643.5341109686269,521.5794901155168,8.366443515379258,-0.1102655309324487,96,69,95.95188994818542
1826,788.2486678955682,155993.782587092,75175.23551491348,76048.86316628409,3081.3672787177493,1004.6810223762877,620.342470162941,547.6907059599762,8.451060757481875,-0.1169916290629679,96,69,95.95178987647336
1827,788.2525311618457,155960.4699697447,75184.12836720646,76068.49722992162,3014.437262338237,970.1983746537153,598.5614067798015,564.1533040191571,8.559543202879299,-0.1010201658167323,96,69,95.9516931720284
1828,788.2692226923057,155984.6494078974,75201.1045970571,76053.05329965902,2938.749942136288,938.6101465914107,579.2099291086197,579.0976793111186,8.68976159242347,-0.0945477355195251,96,69,95.95159983349404
1829,788.2728177702924,155932.6229924222,75179.58547724577,76045.4877683441,2858.7661399747594,910.614447227068,563.0654814616428,587.281896171422,8.837662983214306,-0.088785214022473,96,69,95.95150985928548
1830,788.2885646138462,155936.81411294304,75192.37572791055,76050.63596774807,2779.9593630778254,886.8430828739074,549.6458095804264,597.3079260036175,9.000018624427515,-0.0759949344763232,96,69,95.9514232475898
1831,788.2925344008377,155960.41425435504,75200.88141385243,76039.4296203143,2706.0092760878615,867.2430617773207,538.5783540442062,604.1330551816209,9.172933027709744,-0.0638812413778882,96,69,95.95133999636732
1832,788.3091512463246,155959.00818595348,75163.12017532451,76047.4591784706,2640.6718410205794,851.5779531240842,528.6798410341144,614.8995055824926,9.35143691748749,-0.0488763226062932,96,69,95.95126010335083
1833,788.3127429080994,155917.41550058816,75172.19983821406,76066.96120371441,2584.950155482453,838.7987783479912,519.3845573085418,622.4876340924238,9.531523140648098,-0.0406926211615504,96,69,95.95118356604672
1834,788.3284319449657,155929.00392782697,75182.2713507072,76047.35886498237,2538.532277965569,827.6373201852693,509.6195880828018,632.5920612288755,9.707280427773792,-0.0313934130170755,96,69,95.95111038173567
1835,788.3326000253907,155899.44060112975,75192.85427126382,76046.21154260718,2498.401938965544,816.3315492956754,499.2325025477039,637.6933589787805,9.873778122474508,-0.0043053992948346,96,69,95.95104054747272
1836,788.348952534081,155949.39988616682,75193.1404079443,76071.39303776406,2460.9631215319387,803.4504886193608,487.7957148042915,642.8864565524564,10.025973231034056,0.0105660068990189,96,69,95.95097406008796
1837,788.3531289126947,155899.61273318154,75186.08216333804,76026.85347217339,2422.3294744889135,787.9637783409562,475.9656190976675,641.3302083910385,10.15872768324106,0.023519243649607,96,69,95.95091091618704
1838,788.3688546138989,155909.7780949882,75175.52229646654,76042.50849737473,2380.3247961069574,770.0029314078129,464.0681457075407,639.5517922037398,10.269384491152325,0.0331759128884018,96,69,95.9508511121516
1839,788.3723994269974,155958.18176138002,75173.52899505584,76065.25891173928,2334.863515608711,750.6845334030659,453.3515455131128,632.5665764428559,10.355274155341816,0.0416471972652977,96,69,95.95079464413996
1840,788.3890159475745,155957.4809786648,75189.68062602749,76077.20169989365,2288.2536883675493,732.1694692266174,444.343600117747,628.4244528881391,10.416687239414651,0.0459431736782424,96,69,95.95074150808765
1841,788.3930027773939,155951.98315073203,75170.61934695668,76045.16575900797,2244.71407856897,716.8535994690319,438.1959138950042,621.9929838421522,10.455558676396713,0.0419014543171897,96,69,95.950691699708
1842,788.4087757021949,155972.68159408268,75168.8113187129,76065.73138277927,2208.8549952911562,706.8738825014007,434.9424993759312,620.4800206187356,10.474744511120386,0.0168467959041643,96,69,95.95064521449282
1843,788.4123273205684,155955.65558632076,75178.90231098198,76055.71595375345,2184.962461145944,703.3332664251357,435.01011223735986,618.1886883335246,10.479623756061205,-0.0243379237524674,96,69,95.9506020477129
1844,788.429018083322,155952.5548577162,75174.60019187629,76072.54537542045,2175.001418046304,706.1032884942542,437.59405059347046,621.2624403678346,10.474462210855553,-0.0776178689269579,96,69,95.95056219441808
1845,788.4329050917931,155944.58387827297,75172.2449027326,76062.00485542415,2179.134842092113,713.8203308839002,442.41311887608026,622.586726119509,10.464376251661486,-0.115447407385074,96,69,95.9505256494396
1846,788.4486752678304,155980.07860014975,75176.95186588563,76073.2714153024,2194.2574083418585,724.3135739750142,448.0678572135221,627.5149965305754,10.453492848746846,-0.1504064042417792,96,69,95.95049240738888
1847,788.4522801425338,155977.84565764814,75180.97194369107,76066.79472350249,2216.1832787392195,735.1941979712865,453.96778688023915,629.4068302123924,10.44416474395785,-0.1722318395335644,96,69,95.95046246265872
1848,788.4690030304881,155957.67736971486,75202.86499074212,76084.86338309753,2238.796138827631,744.3158092568628,458.7594702288625,633.7769474661909,10.43916653997773,-0.1652208799721118,96,69,95.95043580942476
1849,788.4728119160096,155964.7632685518,75164.41718387447,76074.59033734215,2257.3341602635337,750.2210758013098,462.30925943746115,633.7539481567219,10.439008954385455,-0.1623264029183418,96,69,95.9504124416454
1850,788.4885689343049,155962.24362860536,75186.54967562012,76056.74275930694,2266.9428278225823,752.0206247463648,463.80665851882077,634.9325202181935,10.444963094035929,-0.1522646758744055,96,69,95.9503923530626
1851,788.4922482077887,155966.6675812974,75181.84601637367,76074.01435245087,2265.82060437795,749.4563720375736,463.5765288779803,631.4548801030905,10.458191700731954,-0.1486409380213995,96,69,95.95037553720282
1852,788.5089755831826,155956.44589852897,75176.40413493878,76050.01960791495,2252.4835467441007,742.3950150386227,461.02568098224583,629.3283793681476,10.47943484425662,-0.1494987989507528,96,69,95.95036198737772
1853,788.5127203233457,156025.08161751655,75182.17035606389,76077.1594691149,2228.2898751731846,730.9770662759547,456.4978645402007,622.702962023177,10.511260061351948,-0.1339975042015381,96,69,95.95035169668483
1854,788.5284595174651,155984.1370314676,75180.85083493848,76081.27224581115,2193.2545349113643,715.1553252630401,449.14339940834907,617.706786589697,10.55490821182501,-0.1323945637220001,96,69,95.95034465800828
1855,788.5322303811738,155996.35024748804,75182.72616672609,76098.07815070034,2148.7532603332074,695.1669451826747,438.9998045790999,609.1621525176452,10.61249290142394,-0.1242565580788103,96,69,95.95034086401972
1856,788.5489339652663,156020.95706239028,75177.3226600093,76088.69045754964,2093.6194190256647,671.1359506374574,425.084106143011,602.8822254147381,10.68526451303262,-0.1175758234025512,96,69,95.95034030717902
1857,788.5526333215295,155999.48528799514,75172.74260103801,76097.58059644063,2028.2896769762738,643.7033033682092,407.73289519755053,593.010719668353,10.772442377495292,-0.1173122734632674,96,69,95.95034297973515
1858,788.5683439663156,156060.3091114165,75195.30773970652,76064.07615489833,1951.3290783386328,613.4130147871183,386.65065052718273,584.9259253686469,10.873035516306782,-0.1085723923713611,96,69,95.95034887372692
1859,788.5722319366187,156051.1984452655,75198.30105773405,76084.59522017642,1864.4980951012112,581.298433992546,363.274374372093,573.0666474338796,10.982714159204498,-0.0964029628123607,96,69,95.95035798098375
1860,788.588868118062,156047.89122933283,75161.98896467077,76092.36993535564,1768.8688539194409,548.037644661701,338.59097144016414,562.2903121657146,11.096583392889498,-0.0939991987773066,96,69,95.95037029312688
1861,788.5925660876103,156095.08804631513,75168.31227044437,76057.94710858911,1669.3019377720775,514.6232462764456,315.1116123101092,546.5871310530347,11.208626844984806,-0.1098097296112047,96,69,95.9503858015695
1862,788.6081998514967,156114.803927288,75168.54332809694,76080.83381225342,1568.8485746491351,481.4771833646664,294.1016996600083,530.8971064739453,11.311951443729606,-0.0999086529484745,96,69,95.95040449751878
1863,788.6122930843629,156118.60078868477,75192.09492817406,76071.77144813578,1472.792705185886,449.42361511559284,277.411626580084,510.34316382641555,11.40211765093168,-0.1044888422361954,96,69,95.95042637197558
1864,788.6286895437712,156103.5889666994,75194.76048154799,76082.30052807627,1382.8507748179254,418.84620487607026,264.88430418787175,490.28876174785546,11.475079769912012,-0.1181354286644683,96,69,95.95045141573566
1865,788.6328389172265,156171.85680350737,75194.20150138621,76069.81760117669,1301.8284592790878,390.7064694675355,256.5801418549672,466.65778863208834,11.53022616779279,-0.1231757493572769,96,69,95.95047961939146
1866,788.6487179042346,156206.76039910762,75182.34337616267,76085.77746928702,1228.2097265949124,365.35599426034605,250.60054881108226,445.36715802468825,11.569187830543624,-0.1397421498381794,96,69,95.95051097333196
1867,788.6521013556352,156240.19790451913,75192.53323517837,76095.33503119806,1162.0526657061419,343.4804873091489,245.8483327383001,422.5912535646057,11.594439069904872,-0.128818737648422,96,69,95.95054546774382
1868,788.6687381338381,156240.69305678026,75176.81070220916,76077.40653721475,1099.7871411075466,324.7024515393132,240.00861718592932,403.75022234526114,11.610547759230196,-0.1244577561162076,96,69,95.95058309261285
1869,788.6727358386711,156276.1433109009,75176.0454741279,76078.89990552202,1041.0597490349319,308.8578626610688,232.54506069782656,383.53100155384163,11.620068471547862,-0.1368329014859386,96,69,95.9506238377246
1870,788.688626377696,156271.46910326058,75199.25134668636,76082.49164685326,982.8357738032355,294.68215371953556,222.33475024049403,365.6949948001711,11.625201517180754,-0.1436656337682376,96,69,95.9506676926653
1871,788.6920282626694,156278.61149625565,75193.23269868911,76081.70778558264,925.9326154458686,281.4627936096949,210.31912390695652,344.76606047395035,11.62642904537834,-0.1282643802706204,96,69,95.95071464682296
1872,788.7087351795766,156310.24193464254,75179.34402226783,76080.93532944452,868.4480324676842,267.8110464326164,196.7126925777411,324.8554346053279,11.622052782472483,-0.1211183316574701,96,69,95.95076468938844
1873,788.7126548028699,156373.6875506108,75197.87738117321,76073.45409054893,812.3772186242859,253.56323063437594,183.39909692341462,301.29055376318865,11.611375844518506,-0.1208344612270505,96,69,95.95081780935648
1874,788.7285164375163,156390.96695872833,75185.64017612075,76092.62043337137,756.383402205247,238.25988626394246,170.73778755945386,279.04370181728154,11.592795815709646,-0.1112522937369815,96,69,95.95087399552628
1875,788.7319769405634,156407.21645668033,75179.36647899685,76063.38494999774,702.7050380214932,222.89819937371067,159.98379098632722,254.85801032051677,11.56723630222675,-0.1248555990152293,96,69,95.95093323650336
1876,788.7487194311246,156422.0074550203,75178.89603843696,76069.41856744888,650.1479415972717,207.93395218114892,150.39508632486104,233.90978465828812,11.53766662253492,-0.1489355459539098,96,69,95.95099552069992
1877,788.7525752636816,156433.29868161437,75196.72423868386,76072.81698899309,601.3769294525264,194.78924800899404,142.16171386823407,212.24976918185712,11.508189035710464,-0.126328647597479,96,69,95.95106083633615
1878,788.7684012565347,156482.05369486,75173.55075969046,76074.14868340346,554.9170915012946,183.29132713122817,133.64820124872494,193.77601653753663,11.485756182664495,-0.1187642822394283,96,69,95.95112917144148
1879,788.7719397354823,156487.3918435075,75203.86878975613,76083.81269089553,511.978453752934,173.23976412306365,124.4700872907124,174.04980483822874,11.476132425742575,-0.1275455948453337,96,69,95.9512005138552
1880,788.7886942675068,156520.46895444355,75202.94918400685,76084.59224102058,468.3290907983901,162.1654290434817,112.79033647617325,156.13108140908298,11.485174236552911,-0.0986106600405026,96,69,95.95127485122798
1881,788.7924950421354,156515.16841844056,75205.5686816569,76064.91916915729,422.03760077490006,147.95019757830596,98.50213028112194,135.15592127598939,11.516909199650597,-0.114262499473177,96,69,95.95135217102322
1882,788.8082830900987,156575.39045895924,75174.32269605307,76068.0526585386,366.2270442288718,127.43469807221845,80.42921696053236,114.25394568842603,11.572109001961534,-0.1165739953121009,96,69,95.95143246051748
1883,788.8119161377832,156570.45316590255,75173.50188717399,76096.93229865214,298.9152346343035,100.07491981479689,59.698470270319376,90.03350827714894,11.650694381410329,-0.1082661950142713,96,69,95.95151570680216
1884,788.8286575994961,156597.2676247143,75206.63445629142,76072.69577027638,217.77816587430425,66.79942522721831,37.137740354577545,66.83122670647572,11.749239872551897,-0.1339810741212662,96,69,95.95160189678413
1885,788.8324168853788,156639.23901602533,75183.0896746644,76077.41655661652,131.04426516080275,33.31935596076073,16.672936683462467,42.63088752934709,11.864205957020136,-0.126107885028558,96,69,95.95169101718774
1886,788.848159409351,156670.58161322612,75206.71574665418,76083.06655721138,50.64701728342334,7.335506912902929,2.149354480119655,22.85249615253997,11.991978822230529,-0.1084766982571041,96,69,95.95178305455508
1887,788.8519107906096,156655.99994134394,75192.56844015112,76078.14123768189,-0.0,-0.0,-0.0,6.85177334988839,12.128788713024164,-0.1102121960617854,96,69,95.95187799524774
1888,788.8686006821417,156674.07912682445,75201.67212157616,76080.78258552893,2.497844553028699,20.989913311917917,15.118545070959954,-0.0,12.273778698810688,-0.1106227159365438,96,69,95.95197582544812
1889,788.8723532280553,156678.10822766885,75190.71516142147,76073.85044665844,84.32467337377602,78.64613974682288,52.611061212344794,1.0032702388707548,12.42633668498634,-0.103874050164206,96,69,95.95207653115976
1890,788.8880126160243,156680.5567102004,75184.14233858425,76071.76841719684,259.10879237321205,174.53800184496504,113.03481220683898,13.765456642780919,12.588451906629464,-0.0959151732967281,96,69,95.95218009820978
1891,788.8919547453748,156654.49749406366,75190.24887506725,76079.84274150753,531.0892654329655,305.12721368460916,194.65359943363,35.75198772820295,12.763537790834429,-0.0857986007260936,96,69,95.952286512249
1892,788.9084579277836,156608.731363672,75191.88939490415,76076.62863669799,884.4777242265409,459.09294465955463,290.2230634710868,68.61162409078679,12.954870178047072,0.0133730184279265,96,69,95.9523957587541
1893,788.9125103092687,156582.91614899962,75196.52613763174,76072.46838201069,1294.001305391721,622.4556356235844,391.27721318538534,108.04173476266442,13.167334666904528,0.2746677630767231,96,69,95.95250782302834
1894,788.9286033483182,156522.5020241325,75198.14608284098,76087.8423320087,1721.6455377148231,778.4493581625866,486.72204003555817,154.21924882623716,13.40366306393535,0.3978000138654622,96,69,95.95262269020265
1895,788.9317968251504,156485.0144983376,75183.3947352072,76069.88568558423,2132.9982607790153,914.1214871389384,568.3880431400612,202.4658909367572,13.666036437547868,-0.0882402959624774,96,69,95.9527403452376
1896,788.9484780472244,156425.6432694924,75190.25142362055,76070.63852320303,2494.8414134135237,1019.320719060328,629.3961974708654,253.00293980829883,13.954702591370694,-0.432483399091367,96,69,95.9528607729243
1897,788.9524371374005,156394.05779792464,75175.76338981595,76064.40600525028,2789.3643124280497,1091.40920954397,668.6421578050795,301.7166877091513,14.266616565693123,-0.1309692161054222,96,69,95.95298395788532
1898,788.9684969431866,156356.39601022206,75184.61738038472,76087.12647990647,3005.748571807402,1131.0803586427792,686.9738575268275,349.1246964522579,14.59798755963455,-0.1024958287808226,96,69,95.95310988457668
1899,788.9717253703287,156311.59796673787,75179.08934677586,76088.42598564387,3148.3656714623794,1144.5277631377394,689.5931474668905,392.1718660303741,14.941734213603086,-0.1351669016455205,96,69,95.95323853728888
1900,788.9884660185803,156261.3519023924,75193.68309222722,76087.60765737163,3223.8600328519824,1137.678742023927,680.9109351023362,431.96459331249935,15.290545721530949,-0.0787511090045674,96,69,95.95336990014788
1901,788.9923744490101,156198.28476075354,75168.68850060926,76077.16322675382,3247.83990200836,1118.4421303124254,666.8002869333432,466.27850756960106,15.637060483390858,-0.0933758113105893,96,69,95.95350395711722
1902,789.0083787270399,156199.3002021016,75175.9651053205,76092.48728548433,3231.5633367050323,1091.5314347517415,649.9367086414859,496.7682814494183,15.973678207909591,-0.0793421580822758,96,69,95.9536406919986
1903,789.0116697082416,156169.60167972586,75206.03925504645,76065.65302602702,3190.2628397786175,1062.1013619586738,633.2172285002453,522.5538220044109,16.295818945462763,-0.078724829111289,96,69,95.95378008843386
1904,789.0284475749722,156165.5617864302,75197.08218487067,76086.7828032048,3132.0311252441606,1031.8279158348305,616.4244444037322,545.9617390485946,16.59940606623578,-0.0661029841814322,96,69,95.95392212990568
1905,789.0323090082114,156143.11328378637,75165.91629236525,76062.32255561794,3068.5276171618607,1003.6353813601163,600.6610157270188,566.5972133860923,16.88331239762866,-0.0582705860385254,96,69,95.95406679973946
1906,789.048257128128,156109.19172435897,75166.56039510631,76056.72102543204,3004.140410932945,977.7416705150536,585.0823888829473,586.324478823517,17.14861458505155,-0.06138916136074,96,69,95.95421408110496
1907,789.0516255977258,156077.6170281953,75180.88961184323,76044.9267985364,2946.825952844578,956.1820272432669,570.9671207347128,604.5326828658581,17.397242874890694,-0.0562206950736821,96,69,95.95436395701682
1908,789.0684238752871,156081.5647611938,75133.43351849922,76062.46783805854,2896.9969348513405,938.4050324542768,557.9094421660702,622.1539292049711,17.63423138064613,-0.0501714207186772,96,69,95.95451641033677
1909,789.0722398801942,156045.98295583093,75162.32018082125,76073.56472085354,2858.628860507917,925.6510583440104,547.4326799786068,638.0394897614315,17.864320114402652,-0.0411494086805268,96,69,95.9546714237746
1910,789.0881335251905,156068.3666694963,75156.59955240478,76056.22595110588,2827.4976558234193,916.14272862293,538.7160748662136,652.4206057406554,18.09357065357232,-0.0324320594679193,96,69,95.95482897988978
1911,789.0915932581784,156039.76921843653,75159.53014503597,76061.11746016797,2803.02846022608,909.6807848898461,532.3015708453022,664.3619074976887,18.327856423708408,-0.0313645716550799,96,69,95.95498906109316
1912,789.1083926412952,156024.0988217093,75166.36347644516,76061.97271808592,2777.6060107770027,903.2228978245985,526.3311944584129,674.0378272769158,18.570574743438925,-0.0305497547351532,96,69,95.9551516496477
1913,789.11216928187,156002.25788516764,75167.92817754521,76062.56508338361,2749.8310033066664,896.0341811867111,520.7994773953978,681.098523161083,18.8240911892326,-0.0081146049899665,96,69,95.95531672767056
1914,789.128006301483,156027.47007540823,75157.31969347014,76060.8476131491,2713.3472890249686,885.1946741734137,513.8555262089358,686.0844322273915,19.08588527272285,0.0013830095580593,96,69,95.9554842771343
1915,789.1315760721038,156010.33801718007,75150.16079395593,76068.63910685075,2669.946013147768,870.857560596487,506.0389912961691,689.6362664945482,19.350451045105324,0.0079442783361082,96,69,95.95565427986838
1916,789.1483474379555,155999.95502195248,75180.87165317878,76048.63110160576,2617.580388549017,851.7041726858733,496.48872528076754,692.5798372199934,19.60926892041517,0.0254468369586115,96,69,95.95582671756104
1917,789.1521054821798,155994.9023603341,75149.61454967885,76060.18111311774,2562.6995398825384,830.0607176835474,486.91305964734056,695.9253455318103,19.85102206168201,0.0386199889168224,96,69,95.95600157175996
1918,789.1678647204154,156036.30673916911,75161.15198683052,76068.79384123642,2506.309533267806,806.6191428932652,477.26469119350077,699.9437957754126,20.06633562202992,0.0397564078359842,96,69,95.95617882387434
1919,789.1715928236806,155989.97002238326,75141.77634463068,76058.05018713712,2456.136720299837,785.1539284555038,469.48498543488677,705.1756798755378,20.24710492332884,0.0429151781231774,96,69,95.95635845517648
1920,789.1882501268938,155983.82426134747,75144.95966721677,76062.53055643571,2413.1060148680117,767.002219746093,463.29551116374205,710.7044927286042,20.390461359920312,0.0496348383033203,96,69,95.95654044680288
1921,789.1921529877317,155988.3306774992,75163.66908109274,76052.24790496482,2384.221542789892,755.6906342143338,460.0913335380319,716.5486334593734,20.49902280530507,0.0384464203073713,96,69,95.95672477975644
1922,789.2084994223918,155974.51938224127,75157.49725799475,76058.32473642107,2368.225905797328,751.1531892233907,458.77396303153364,721.2647693429317,20.579107520654368,0.0206795977865905,96,69,95.95691143490704
1923,789.2114938219231,155967.57371919914,75146.476589472,76046.22074701564,2369.1518327376107,754.8204221126798,460.0212076390453,725.4640048346482,20.6417445257261,-0.0028224020872461,96,69,95.95710039299384
1924,789.228230880616,155980.70860810962,75178.68679498148,76063.5238405409,2381.114405410015,763.9837978166906,462.1397013501555,728.1964414463437,20.69743027264908,-0.0532709935264902,96,69,95.9572916346268
1925,789.2321136797218,155959.11492046164,75144.73688605128,76075.83903557502,2403.5598523920053,777.735417163698,465.6105456899095,731.2329920366756,20.755917401188466,-0.0903878885543428,96,69,95.9574851402876
1926,789.2483779791185,155961.52657778974,75163.36848166263,76056.42723136567,2426.4161331919604,791.6283184975764,468.73523760112585,733.9995921696827,20.8239545995902,-0.1431016725435011,96,69,95.95768089033226
1927,789.2514252475426,155980.23228425425,75172.2816698843,76062.97861202646,2446.5748201002134,803.8999594992347,471.90387483057566,738.4980330489925,20.903094008442764,-0.1609670909659559,96,69,95.95787886499136
1928,789.2682073147163,155976.72279483054,75154.44596987311,76059.19178361968,2453.7718207012513,810.2960310269555,473.20051089141634,743.1309133388859,20.992531000642494,-0.1397890752556141,96,69,95.95807904437294
1929,789.2720692739255,155928.64596751993,75165.85898005054,76065.20808883659,2448.195729586354,810.4712923922198,472.91680088301655,749.066631700669,21.087184697218756,-0.1488412076991015,96,69,95.95828140846338
1930,789.2882539635734,155947.84128677315,75136.00321734064,76058.18756906522,2424.508063354064,802.2187606207735,469.2015860498941,753.3967523369647,21.18127389485394,-0.1472319934364647,96,69,95.95848593712896
1931,789.2913644037393,155927.79311324778,75156.54717000053,76071.21319385034,2387.807969504851,787.2789202333079,462.63757990745944,756.8359791923431,21.26944206095936,-0.1440255636211622,96,69,95.95869261011786
1932,789.3081850258197,155941.38739757467,75168.43237170795,76055.35488226166,2336.073594839836,765.1700012950168,452.0299451747269,756.1267239740118,21.346624576915733,-0.157068005498976,96,69,95.95890140706136
1933,789.3120171547766,155946.7063467848,75165.65840622784,76047.12176449988,2276.5490439575515,738.9950024054997,439.03198602303746,752.9659395139897,21.411498622133397,-0.1638812539196976,96,69,95.95911230747598
1934,789.3281292420724,155946.14148772426,75163.85503052617,76046.65282285112,2207.3798366094707,708.9383341784705,423.49293718228,744.9128421432106,21.463760860476736,-0.1386995714383437,96,69,95.95932529076428
1935,789.3313114825232,155968.1013001916,75157.34409721641,76062.14552618921,2134.7903656076523,678.0566995610134,407.63893115965766,734.8052880824835,21.505870312263625,-0.1363119377936971,96,69,95.95954033621736
1936,789.3481624027331,155989.67897789725,75147.81521044,76066.1635789547,2055.492895499221,646.0289162183471,391.29093503174954,720.4895049408078,21.541998223273367,-0.1410536378732472,96,69,95.9597574230161
1937,789.3519579616443,155983.42899433395,75141.9337072988,76035.27089775675,1975.4470030713128,615.3771872112848,376.18810552882496,705.5051771647413,21.57570412871909,-0.113344469179576,96,69,95.95997653023277
1938,789.3680041090049,155983.78277189206,75172.0902868546,76043.51409128935,1891.1694765784778,585.0905205131276,361.25126395589905,687.5942898224748,21.611761469334155,-0.1062886924034987,96,69,95.96019763683276
1939,789.3712674739871,156030.4288965263,75149.32160483654,76041.8997982089,1808.4390095816925,556.878207601636,347.1592643529002,670.3720515362511,21.652560407050583,-0.1132921440585481,96,69,95.96042072167612
1940,789.388137100501,156026.81491622637,75150.4472230476,76062.01523513052,1723.4998572644545,529.0136828105606,332.0665876197745,651.1002817304689,21.69979895361911,-0.1074308190005444,96,69,95.96064576351958
1941,789.3918931902066,156060.316616798,75162.31506004362,76070.05388450989,1642.7497261772514,502.8854218736378,316.51146195144975,633.7001027649094,21.754306981918432,-0.0965091573448328,96,69,95.9608727410178
1942,789.4078780951618,156091.3465410673,75150.99555286298,76066.33199373411,1562.5286660292768,476.60757779523556,298.9896058513841,615.0036943291198,21.81511677749924,-0.1102538999150005,96,69,95.96110163272526
1943,789.4112341226137,156087.09409859526,75142.73766956631,76056.96378548612,1488.8510053846985,451.53547470147896,280.6885608904122,598.5748991996516,21.883006812508352,-0.1117094727717089,96,69,95.961332417098
1944,789.4281055694016,156089.7325776294,75149.87116395222,76065.0084575786,1417.2191011986579,426.0228785969666,261.00003709754674,580.3310891978617,21.95839398040965,-0.1086317809070206,96,69,95.96156507249512
1945,789.4318262218824,156123.26948008515,75146.63065682312,76061.10856095808,1353.3927588637453,402.0333858476515,242.08038311076234,563.8857797929086,22.043773120387694,-0.1134329174939532,96,69,95.9617995771806
1946,789.4477481771233,156133.67413980886,75162.46999656361,76044.04971997357,1291.9167731672642,378.4460785573028,223.90666125382995,544.7515796369698,22.14337893641361,-0.1029138097791506,96,69,95.96203590932504
1947,789.4512169759905,156161.4891388744,75166.14223318823,76070.74842218579,1237.3582959677442,357.4354435192072,208.617859475984,526.5996865979687,22.26095256422478,-0.1022982844253978,96,69,95.9622740470072
1948,789.4680572071619,156169.55707707588,75157.6088181736,76050.43600055504,1183.1642563519417,337.8187651147018,195.71534730726853,504.8389033914136,22.40131370487006,-0.1188345239921519,96,69,95.96251396821594
1949,789.4717777192812,156202.01901444574,75158.22984042302,76047.51597661524,1133.8052618131624,321.49660464015324,186.56409362881095,484.0763290063769,22.566124924992565,-0.1182295621220013,96,69,95.96275565085182
1950,789.4883948814525,156205.21045241665,75162.21656684292,76059.26678797175,1081.9826384175103,306.5331347023166,179.56311247774283,459.80879294360057,22.75470075343766,-0.1247386167027124,96,69,95.96299907272862
1951,789.49119928092,156249.4466701035,75176.24647917808,76074.08931456287,1032.267514112813,294.0324829993915,175.05870619989582,437.34892904150183,22.96327496373163,-0.1256483897901011,96,69,95.96324421157554
1952,789.5079925123068,156258.51682248528,75133.8547522264,76062.3445113916,977.2648168950691,281.2879413135961,170.65809810941573,411.8478201372491,23.18368150437285,-0.1142650495232242,96,69,95.96349104503844
1953,789.5117720828255,156285.620331558,75164.10658277142,76049.16725400828,923.1436021550326,269.2556731587101,166.55185379451723,389.07313521107426,23.40716395348676,-0.111837901818475,96,69,95.96373955068188
1954,789.5282611911374,156272.27696392886,75143.07015149442,76050.4060196931,864.7409520526999,255.73139375715982,160.80588508251822,364.1651671380678,23.623084185102392,-0.1190531325985039,96,69,95.96398970599084
1955,789.5311326892593,156346.20260539209,75145.53214717521,76054.73543301536,810.1276299236342,242.4481224061019,154.32191625025007,342.7772459855187,23.82255851030339,-0.1079370107446303,96,69,95.96424148837242
1956,789.5479572044768,156350.23667657102,75132.40219689792,76072.60099685089,754.4172549457871,227.93515963773825,145.88942343337112,318.7887077078922,23.999813403376077,-0.10088325926884,96,69,95.96449487515729
1957,789.5517435332852,156385.32683707128,75177.41339950578,76035.76704282744,705.4028021143749,214.46316845610272,137.04129100995488,297.44754479880794,24.151467413256643,-0.0988220200955626,96,69,95.96474984360216
1958,789.5681355858985,156364.6895993386,75150.50727598435,76051.03021717962,656.0553727158112,200.40142425626982,126.81360332801705,271.878507129848,24.27943681783244,-0.0968765915058078,96,69,95.96500637089107
1959,789.5710646269779,156421.2623728833,75167.23328057633,76056.34755085458,610.3412471661577,186.8507133609237,116.37639319483424,246.96942620840855,24.38738751921266,-0.08057049044228,96,69,95.9652644341366
1960,789.5879314036057,156437.19143747076,75171.25483700985,76078.40052661292,556.4451276744949,170.40059710806236,104.01231543166796,215.31079214354395,24.481254914311936,-0.056299495890404,96,69,95.96552401038292
1961,789.5917021552967,156471.63776741043,75145.44885298377,76061.5876466135,495.96785018983064,150.78343787469203,90.26516782504041,183.26088606152916,24.56750035114956,-0.0539242446672581,96,69,95.96578507660668
1962,789.6080123768089,156502.89719539764,75159.6367856823,76052.95015377887,417.52421553834574,124.43031064108072,73.26121835137019,145.16836460045306,24.649829693797965,-0.0753433799555582,96,69,95.96604760971884
1963,789.6110001814008,156532.67318087688,75152.79491113454,76056.48433771454,327.1000167336315,92.79775616931147,54.16179091195227,109.48866843286669,24.73078566362865,-0.0742638807004634,96,69,95.96631158656665
1964,789.6279105359881,156589.73773144177,75164.16983255862,76053.3827810721,221.83422862313455,56.42602747565252,32.893925457348814,71.75774422485847,24.80834663260864,-0.0946771395854504,96,69,95.96657698393552
1965,789.6316502923054,156587.83988931554,75169.92581933046,76062.42209835362,121.23766007029917,23.053333221789217,13.72817420429783,42.26985808843165,24.877949750577788,-0.0955751133058541,96,69,95.96684377855046
1966,789.6478906451648,156626.83805713133,75138.04447162747,76027.41576499163,36.91705336043378,-0.0,0.3090196833363734,16.874542275967542,24.933413111869367,-0.0853841036495189,96,69,95.96711194707822
1967,789.6509411968578,156654.9508680963,75172.65311070454,76065.66627648135,-0.0,-0.11679909270606004,-0.0,4.985146707302192,24.96670443650929,-0.101868949098135,96,69,95.96738146612871
1968,789.6678921110524,156638.4874729858,75167.49859926524,76096.9058069523,26.694807388295885,30.879119399323827,17.661010128445923,-0.0,24.972439360810306,-0.1069050551323017,96,69,95.96765231225729
1969,789.6715889353259,156613.9867273429,75156.96520919626,76061.3651233206,144.31474631943274,101.2160132725403,58.96426968026208,9.843731073284289,24.946529318437296,-0.1003514084423051,96,69,95.96792446196622
1970,789.6877706291344,156607.12438942568,75184.56643486026,76066.83892102142,354.05403966800077,209.35850895932526,123.63289219126455,25.920613933936693,24.88887283782302,-0.0912080740027938,96,69,95.96819789170642
1971,789.6908884792962,156571.71684153823,75150.84497805437,76055.15391551153,659.0641940776259,350.3484561531077,209.4595355070487,54.59582915145438,24.803564658550137,-0.0746873919629316,96,69,95.96847257787942
1972,789.7078743003572,156527.34674251225,75175.83497538259,76074.66312159912,1032.3228958146647,509.56786056079727,307.65243374335114,85.96698749560164,24.696566863219456,-0.0705232101286814,96,69,95.96874849683915
1973,789.7115187176402,156482.94720350218,75179.50101160849,76060.68957155336,1452.8327871226356,672.8608102671715,409.39981885952875,127.19105879252311,24.57739242510013,0.0904646502352224,96,69,95.96902562489376
1974,789.7276529929411,156474.71916545246,75157.17885382484,76074.67791001535,1877.5103478184901,822.5555053800781,503.02175448735943,168.76330144450185,24.454855783186545,0.3677254336460719,96,69,95.96930393830736
1975,789.7308423101832,156397.87451706833,75144.45575374286,76062.06245269414,2280.7663872203557,947.9929668728728,581.1917439400277,217.87074013921665,24.337407287216447,0.284436776620321,96,69,95.969583413302
1976,789.7478555793957,156358.27693715022,75166.34368266062,76052.51235306868,2626.7569929717574,1040.3160457602062,637.6105836718198,264.41457977576647,24.232173934797444,-0.3167036518464325,96,69,95.96986402605914
1977,789.7514402065021,156297.74815826694,75134.84844992745,76042.11947344894,2907.2495086916024,1100.3048049889476,672.5445893329015,316.05441605701344,24.142608031466832,-0.3835029641261827,96,69,95.97014575272176
1978,789.7675385733783,156223.05655011663,75142.19089824522,76042.6797096218,3107.1910800840124,1129.7956599190802,687.1720943089022,362.3342584426573,24.07125589588673,-0.0791422680099729,96,69,95.9704285693963
1979,789.770802628521,156190.69025445526,75130.01882768513,76025.86418843316,3237.8613985741977,1137.016350694379,687.2306864404381,410.3879742677673,24.017204506945937,-0.1375284841742351,96,69,95.97071245215407
1980,789.787834611429,156148.73461329288,75120.38321548249,76051.38239996483,3299.619260985346,1127.2362630412536,676.6604933281778,449.59224816650385,23.9781463776535,-0.1159362280234184,96,69,95.9709973770332
1981,789.7913540123229,156123.98450469924,75130.39327702472,76054.92074373673,3314.481177753245,1108.5305656594428,661.3628590992739,488.5930446180282,23.9509514731246,-0.1011579025136477,96,69,95.97128332004074
1982,789.807428261069,156080.69611540815,75138.74506727874,76033.8256320294,3287.0579731135513,1083.5200985632837,643.48397020626,517.7314412058622,23.93027084356388,-0.10945139230694,96,69,95.97157025715435
1983,789.8107691144749,156033.99104077465,75107.99733635258,76073.60143329792,3238.697834863211,1056.755607679108,626.1924588476104,546.2618475960626,23.91187172902221,-0.0889035461894468,96,69,95.97185816432372
1984,789.827810209465,156030.44656956446,75152.66720867158,76031.95088738603,3171.290835078282,1028.1764342958486,609.167339053005,565.3167832138133,23.890361948548545,-0.093853771562864,96,69,95.97214701747323
1985,789.8312608320166,155976.62455182787,75117.58058912876,76016.23690053377,3103.840340327588,1001.1773832948966,593.9620732027397,585.948393926752,23.861317202453712,-0.0904099083861089,96,69,95.9724367925028
1986,789.8473229320523,155983.66346747367,75134.60234130714,76038.10426192038,3035.1696161505533,975.6171267870814,579.4968604357418,599.9337927994784,23.82191575455873,-0.096361599693406,96,69,95.97272746529046
1987,789.8507412374602,155955.36918269657,75109.28981197908,76040.50209940199,2980.647959100723,955.0439044353698,567.1840266935033,618.0057549928024,23.76935674687663,-0.1119673266669139,96,69,95.97301901169402
1988,789.8677813284626,155956.41315296036,75134.13046048081,76025.84612395157,2935.3775175765622,939.1455221434007,556.28784516007,631.4608662493993,23.70382520172725,-0.0935081169474026,96,69,95.9733114075526
1989,789.8711614628622,155926.79113798574,75137.29245765261,76038.02883818855,2910.7912988669705,930.4170254251221,548.5511834264616,650.9220001228095,23.62557774508609,-0.0927676734852271,96,69,95.97360462868876
1990,789.8872234024728,155889.88559386137,75133.86388161167,76033.24325831588,2896.0456754320767,926.4466898017417,543.0368574919121,666.2783396035375,23.53616435625457,-0.1000942245638235,96,69,95.9738986509101
1991,789.8907182900444,155887.47588590943,75134.48950732531,76037.91163389562,2895.8146731024026,927.1579477919586,540.56700019649,686.2378396780405,23.43823742833955,-0.0885910580996151,96,69,95.9741934500112
1992,789.9077470702183,155839.74981079416,75124.35646402491,76039.25294136762,2894.1959918959183,928.234993376318,539.0094870735775,699.8408534068731,23.33323984386973,-0.0964456409563991,96,69,95.97448900177596
1993,789.9110568006467,155829.91014201829,75107.82287661894,76031.97082930323,2893.728358638007,928.8838389915327,538.0893933251791,716.3586789300607,23.22403454496218,-0.0939406702878911,96,69,95.97478528197836
1994,789.9271303960387,155826.36011679587,75122.47120468796,76040.61629252869,2878.2427858981537,925.2152291776292,535.0741850552731,725.083954901027,23.112025052473943,-0.0719483527883566,96,69,95.97508226638529
1995,789.9306994160594,155833.8539502706,75117.30580241857,76014.61626869504,2852.5155919565004,917.7483821173373,529.88065474006,735.4302588859282,22.99859085719419,-0.0643036719660551,96,69,95.97537993075734
1996,789.9477066934217,155796.78928979055,75113.29242829484,76023.93382724455,2806.021880039654,904.6351630646532,520.9981141363678,737.7367143097799,22.885273477939037,-0.0525095471698653,96,69,95.97567825085204
1997,789.9509478281583,155820.74241609446,75107.59445553113,76038.84573625894,2751.2216024193913,888.5079790127638,510.1108189021761,742.8003875840222,22.771651036463147,-0.0256245963049116,96,69,95.97597720242427
1998,789.9670445201376,155765.32298106296,75119.34900521049,76034.48439745126,2684.14161410433,869.1467851309862,497.38368550420273,741.1325652773958,22.6580630386522,-0.0124659210639482,96,69,95.9762767612291
1999,789.9706836362822,155793.69394236134,75132.85570282213,76028.768716275,2621.6132851116126,850.1552348885598,485.5447762250842,743.0342491156771,22.5427782097482,-0.009314126991035,96,69,95.976576903023
2000,789.9876596253405,155807.13078506364,75121.33991513224,76024.70134905375,2562.0017923379783,831.8904806637729,475.1137515375158,739.4047363396676,22.42351372102784,-0.0035915978637971,96,69,95.97687760356588
2001,789.990835596971,155772.23193045147,75104.48689364782,76027.79870978653,2521.318967238476,817.9261878551333,468.3118536740367,741.1188906041498,22.298057450910477,-0.003073826165353,96,69,95.9771788386231
2002,790.0069662489202,155781.53578114853,75117.38899114645,76036.66740508669,2492.964752718166,807.8474925852934,464.49886620565667,738.6245586893638,22.16276105003701,-0.0149168985846655,96,69,95.97748058396708
2003,790.0106698728556,155784.17927211162,75126.7389855782,76013.85882114593,2485.7931753914454,803.8334346826014,464.4867365571845,741.7880713461782,22.01607489702442,-0.0334588077453489,96,69,95.977782815379
2004,790.0276054735263,155782.34673657131,75119.33034747468,76038.45231927131,2486.9834612055565,803.9466612920951,466.5959659923974,741.0230767696048,21.85642495669325,-0.0771281992594547,96,69,95.97808550865096
2005,790.0307212039992,155754.23864173834,75100.48462383768,76024.05686527576,2500.806904326775,808.7346877309756,470.953802735341,746.0645064708078,21.683987852149748,-0.1259971783713151,96,69,95.97838863958752
2006,790.046895913008,155774.54865111504,75127.52212828511,76030.35426736306,2511.389916947228,814.7120253732865,475.48938254397945,746.3522663839103,21.50112998878265,-0.1478801523989007,96,69,95.97869218400756
2007,790.0506569723971,155746.59149129892,75116.09011225964,76061.74188322324,2522.4303331628907,821.2811596183892,480.0778935656126,750.4555203389609,21.31010895583601,-0.1683541859305801,96,69,95.97899611774628
2008,790.0675440370192,155756.59254226985,75127.1196251622,76047.64981514862,2520.6652243211865,824.6787196671212,482.6569865895435,748.1669559191505,21.115551132540645,-0.1843634909742609,96,69,95.97930041665686
2009,790.0706057633175,155748.7152039522,75102.64178127093,76017.85475347588,2513.2309256735607,824.640000849744,483.1395639415132,748.5292717177072,20.921259469459144,-0.1838489232883788,96,69,95.97960505661216
2010,790.0868336963059,155761.8311628145,75129.77690068267,76009.79440188949,2489.2352123433957,818.196896922047,479.63022095983615,741.4290082176158,20.73107725180456,-0.1787153948303862,96,69,95.97991001350684
2011,790.0906437267006,155742.9545276075,75132.8516616093,76040.5157676602,2457.435526137997,806.2337576492282,472.4505589248147,735.9824562516587,20.54888719282119,-0.1824523838802983,96,69,95.98021526325884
2012,790.107475317613,155769.75038990108,75118.94543668916,76040.100989985,2409.1547408168553,787.3334296715475,460.6530587653979,723.5437518886174,20.37615634576745,-0.1729503497887932,96,69,95.98052078181144
2013,790.1104903727821,155780.16018642698,75121.01873812427,76028.47586223349,2354.803475321678,763.7538251394872,445.7415524801763,714.1183741894492,20.21461027584487,-0.179142926245299,96,69,95.98082654513478
2014,790.1267796414829,155765.89600107682,75107.25614227986,76016.24812841417,2286.5469086340163,735.0485089885624,427.99765546945855,699.10355048778,20.063492242874016,-0.1855048105305418,96,69,95.9811325292279
2015,790.1306288887865,155801.7012693897,75136.2491501076,76041.71751089419,2215.7217599963187,704.0071905565273,409.80653278078535,687.9575696017127,19.921024108363184,-0.1634581164302121,96,69,95.9814387101207
2016,790.1473995332058,155814.77805621404,75117.18719837979,76040.34207389376,2136.421670796757,670.5564364883758,391.82462614931865,672.4897918897041,19.785337002084315,-0.1596324809608476,96,69,95.981745063875
2017,790.1503760734358,155805.06712270164,75122.51581609463,76044.70505008748,2060.7081175411586,637.4464827772608,375.8865819053026,661.6012477307813,19.65306021994458,-0.1729361130446726,96,69,95.98205156658749
2018,790.1667336673316,155817.7330790237,75114.74508973685,76019.22651764443,1981.5802765875706,604.3005606899242,361.44690381057444,646.09695805714,19.52314552012154,-0.1654275002069814,96,69,95.98235819439012
2019,790.1706111797306,155840.56897173854,75130.79770845412,76028.50613698558,1908.9798786054598,573.4437765337352,348.9108640665654,633.874669732264,19.395077090157866,-0.1567401208676331,96,69,95.982664923453
2020,790.187317137983,155846.2238589976,75129.5495432954,76002.28674539026,1834.2497059294838,544.2189394791058,336.7628581977333,616.4211835628666,19.270642105586955,-0.1555313563655134,96,69,95.98297172998582
2021,790.1902637963974,155862.6162993827,75110.1874656191,76041.45051541897,1764.954618586402,518.428824295901,324.92341148635023,601.7856902962667,19.154425876258134,-0.1446362937717683,96,69,95.9832785902396
2022,790.2066956052718,155867.7062881528,75137.75200787032,76028.32700333439,1690.3070332193165,494.722291325088,312.0393864577054,581.6988054050016,19.05095896968752,-0.1414786800762815,96,69,95.9835854805082
2023,790.2105892768585,155877.21349600048,75099.73853164095,76013.98658655732,1617.4218305527465,474.1277646613162,298.6166539353144,564.3475765195617,18.966462410552506,-0.1561452175869179,96,69,95.9838923771306
2024,790.2272288604437,155918.54814808784,75143.00556294783,76027.98570357087,1537.8424567462644,454.7898732664762,284.2154056743602,542.7240464156785,18.9048321956038,-0.1399246706277574,96,69,95.98419925649236
2025,790.2301542842869,155949.34788299093,75124.77380244876,76061.67566075157,1461.1654136955622,437.3105252103269,270.01971465628594,524.8025627744792,18.867595187563367,-0.1419283482777397,96,69,95.98450609502726
2026,790.2466652717919,155949.544956712,75119.26988289431,76041.88933575073,1380.982348436839,419.7732633626001,255.99077795702033,503.010067508294,18.853760285043585,-0.1500685589110009,96,69,95.98481286921938
2027,790.250561761337,155974.11540919458,75125.40014858889,76031.31130345477,1308.1742778150947,403.12455407150264,243.26977268393966,484.3802814229566,18.857598922934663,-0.1650280422589195,96,69,95.9851195556046
2028,790.2671357864594,155939.2304298524,75131.14847714701,76009.55787500253,1237.18408195948,386.2294583538169,231.52289736497914,461.8254882876645,18.872329604603863,-0.1889837475317758,96,69,95.98542613077268
2029,790.270047953176,155978.73578018838,75117.65272024213,76015.64115456978,1177.20160265069,370.58101466836524,221.18448902160162,442.02166265429696,18.88884030109715,-0.1837369018500745,96,69,95.98573257136832
2030,790.2866426211766,156043.69082742388,75111.0938670549,76054.14097649281,1119.7248277855106,355.26402545988094,211.22436152058071,418.1761936148105,18.89836271003834,-0.1816122547204866,96,69,95.98603885409376
2031,790.2905269667006,156066.4577783786,75139.23143849627,76027.35999256272,1071.044503251498,341.53595267141645,201.5694365608797,397.11151766285184,18.89448858010457,-0.185824010316503,96,69,95.98634495570988
2032,790.3070395638807,156058.490390158,75117.69517332016,76046.32525930901,1021.3944925235701,328.0555988609267,191.25980404947768,373.18920747129596,18.87188367666605,-0.190895920498899,96,69,95.98665085303796
2033,790.309944594071,156061.45306990526,75114.01960176446,76031.3377051174,975.8309557043831,315.34632938377035,180.63032060555997,352.65946473908843,18.82967265747144,-0.1850337985889642,96,69,95.98695652296212
2034,790.3266281153508,156115.4722042494,75121.75373393032,76029.93733960403,924.6463709457894,301.58077639286057,169.51805786471232,329.52531665432616,18.76882882609033,-0.1729535202279825,96,69,95.98726194242992
2035,790.3304825400386,156113.03699781935,75122.24899185321,76046.9084357096,874.3382812860073,287.2581743005867,158.99137450143462,309.24425428989343,18.692812410572536,-0.1743176004819347,96,69,95.98756708845488
2036,790.3469429902494,156125.10990699017,75123.24884850021,76030.19730096096,818.190468390123,271.19216252173646,149.3862699456804,286.3259968844359,18.60749813523712,-0.1695751917653283,96,69,95.98787193811803
2037,790.3498425438588,156168.52912073032,75148.13951129181,76019.5364867609,764.3716546446667,254.58100281000952,141.53373124904465,265.49876366119133,18.517915558728607,-0.1631608382909108,96,69,95.98817646856958
2038,790.3666238472539,156193.30695785506,75147.8811287192,76048.30660397696,707.1505192500772,236.81631143562845,135.02595755600487,241.40043528258684,18.430099299107187,-0.1598006130567003,96,69,95.98848065703028
2039,790.3704239180814,156198.9440299948,75139.1900266155,76055.12863982905,654.4677240206511,219.0305983267899,129.46977710485226,218.4149428262317,18.3474536500055,-0.1457933138149186,96,69,95.98878448079356
2040,790.3868522034965,156228.86906546357,75132.60778538775,76042.69838024392,599.4596517533064,199.8702870052657,123.24860166097642,191.99069048717502,18.27083158096077,-0.134039801958581,96,69,95.989087917227
2041,790.3897353944461,156262.35490431613,75138.15201855058,76041.64505660876,546.136965815851,178.95233021795866,114.8776829817507,165.9689874483156,18.198662525778133,-0.1259430343310179,96,69,95.98939094377428
2042,790.4066386134926,156280.63015727638,75137.64355986673,76031.10437566377,483.5404518750729,153.67798489757115,102.43046187280561,136.44025266871904,18.12460841604867,-0.1491925849893194,96,69,95.98969353795636
2043,790.4103361259532,156314.021704095,75153.03959839017,76053.90682958323,413.1962710846565,123.59669494455738,85.08656112817698,107.5643462240987,18.04125227081581,-0.1512828130877801,96,69,95.98999567737351
2044,790.4267910306194,156317.56758452393,75132.94485909202,76056.32819034556,326.16846888302825,88.24551426692051,62.99743237925577,77.24132642013137,17.939102851279454,-0.1756174106285663,96,69,95.9902973397069
2045,790.4295839377083,156379.12829840448,75153.75268119593,76045.59880092862,230.2937825982808,51.44013371084293,38.494550422154134,50.197390457615256,17.80960809758919,-0.184925350454497,96,69,95.99059850272027
2046,790.4467543954559,156378.60375228003,75137.41078778925,76056.63939277572,128.97659620572813,18.740724385876092,15.719400517904432,25.88117503671674,17.64803601251652,-0.1666430132408677,96,69,95.99089914426132
2047,790.4499284246787,156411.94346419402,75143.67162501877,76056.06745558417,45.9753610806074,-0.0,0.6914098321285564,9.178991476568626,17.452750655720944,-0.176300680278573,96,69,95.9911992422638
2048,790.4660496552605,156421.28026956643,75152.02215798559,76046.83097725472,-0.0,4.77521520065784,-0.0,-0.0,17.228894428243738,-0.1628463882797399,96,69,95.99149877474888
2049,790.4696886619174,156415.4522644474,75118.08670268075,76063.28271957731,22.102269985480234,42.54260644191527,19.51484104737756,1.3632881738012657,16.985538305309962,-0.158249025959828,96,69,95.99179771982654
2050,790.4866489323553,156417.90258682592,75144.32874873918,76048.41204157849,129.02231891086558,117.56896388766472,62.71638216270367,12.195555724727456,16.735196231602902,-0.1613400112758578,96,69,95.99209605569764
2051,790.4898516762128,156380.0532098009,75140.87627856371,76052.43619215871,336.68318447942147,229.3216753986635,129.31767578766448,33.07449440303026,16.492547258777485,-0.1460961150940911,96,69,95.99239376065536
2052,790.5059473666115,156312.9032009803,75132.8483739339,76028.66042507588,636.5330787276616,369.6757917306968,215.02685611785273,62.0013537647319,16.26975896782176,-0.1419614015389618,96,69,95.99269081308675
2053,790.5096922623525,156325.01756885494,75111.54407467804,76040.80598367288,1013.5892127043917,526.2796757578762,311.84491749544395,98.07278260882595,16.07752155355355,-0.0784150973875499,96,69,95.99298719147436
2054,790.5265816382065,156278.272455572,75142.79365822798,76033.83507834848,1432.355910235783,683.2322833359358,410.1192665810522,139.69371126993792,15.921458544926354,0.1534392412541129,96,69,95.99328287439776
2055,790.5297475821798,156246.33041013978,75130.02980436798,76044.26519610595,1859.8957673575496,826.231709893691,500.0602068052103,185.46910119539825,15.802763614183634,0.3620085779678185,96,69,95.99357784053537
2056,790.5458687216915,156175.79295600785,75104.47853043044,76050.14900911572,2256.576035524078,943.6875495337154,574.3745260335854,234.58739294012776,15.719650576306655,-0.0149551664542595,96,69,95.99387206866535
2057,790.549686243832,156120.66562508157,75121.01410849928,76040.37620891008,2598.2302609595354,1030.11629657897,628.6758075562248,285.1291456159379,15.666055258648733,-0.4747221670838597,96,69,95.99416553766832
2058,790.5665143664082,156091.32215024924,75111.47214638951,76037.72958524498,2864.9359361373936,1084.7453946295573,662.6232258091768,336.54222212007153,15.635980063100137,-0.2342371254781682,96,69,95.99445822652775
2059,790.5696371945423,156027.5700576158,75133.63201089126,76044.50266933716,3055.6024011899135,1111.7568404086633,678.2701411552989,385.8586999020481,15.622480832761967,-0.1268510394407464,96,69,95.99475011433236
2060,790.5858020363046,155986.85015700286,75144.88655407584,76023.74920691134,3171.7722350051627,1116.9879539438552,679.9990559910511,432.9064913116745,15.619653552307446,-0.1722963050569848,96,69,95.99504118027716
2061,790.589677037128,155932.97258096293,75128.3625989368,76031.17052918255,3227.4473300966783,1107.3021820041176,671.9872280175186,474.3667812976637,15.624329918472087,-0.117795313299916,96,69,95.99533140366506
2062,790.6064419226249,155931.02393891165,75122.52854505107,76062.33118081829,3233.03322238283,1088.0622857178387,658.4753992064943,510.99732617026893,15.633907892816673,-0.1428034773837611,96,69,95.9956207639086
2063,790.6095252983979,155870.5158918603,75122.33057062213,76046.95261536817,3204.6163889380987,1063.6493660767883,641.8766999030195,539.803532478225,15.649132430712026,-0.119692542147106,96,69,95.9959092405315
2064,790.6257446448443,155869.16507604916,75130.35114798519,76068.8910791002,3151.196687577467,1036.6109393833758,624.3118777466007,563.6458148339589,15.671197395140512,-0.1128183390880043,96,69,95.99619681316958
2065,790.6296654442574,155814.54134071816,75108.2605542487,76030.58292018919,3085.746223030903,1009.1627445363993,606.3953577587527,580.7762886889395,15.701767800502894,-0.1244598791756321,96,69,95.99648346157298
2066,790.646362932407,155848.41893395383,75121.3006291683,76058.3903799546,3015.1063716303324,982.8924487914337,589.3473118410766,595.800090783363,15.743145322024368,-0.1204382709044975,96,69,95.99676916560756
2067,790.6494142042912,155809.583381491,75116.1633397652,76048.83956968394,2949.6318083439837,959.7488455167477,573.5896316091821,607.2442434520635,15.79507676912896,-0.11783975744438,96,69,95.99705390525564
2068,790.6656954281784,155815.13500527592,75130.24547075815,76048.38318625004,2893.1611740865046,941.1429904205143,560.5968867781339,620.5806169647549,15.857282568846545,-0.1117778488360169,96,69,95.99733766061836
2069,790.6696510568087,155805.80837046946,75119.90847841697,76053.88690785032,2851.330544336757,928.1321659319947,550.7343957295525,633.2038656098593,15.927094238448351,-0.1099822903146155,96,69,95.99762041191688
2070,790.6862771002039,155790.11023282574,75146.09871420328,76053.82709257903,2822.582323696988,920.3920560036349,544.8586971729092,649.1848831902898,16.000520756525138,-0.0994725321391981,96,69,95.99790213949336
2071,790.6893055073401,155779.67589620347,75126.6095484425,76053.83475685028,2805.992208016338,916.5604338791891,542.0809704698622,663.4511800667678,16.073859377987468,-0.0910614056701841,96,69,95.99818282381332
2072,790.7056536124103,155745.59313928254,75129.56027787286,76064.2012713723,2794.4547085776576,914.057747142404,541.863860464844,679.3464546971081,16.141802238664706,-0.078321060350097,96,69,95.99846244546605
2073,790.7096331202937,155728.46181234345,75129.22318533694,76051.70935774814,2783.292844938347,910.1541132310667,542.0829962826101,690.7576218499744,16.200893768510667,-0.0705240872919154,96,69,95.99874098516686
2074,790.726184605312,155745.9786500532,75138.66827029157,76048.4843664227,2765.1345697075594,902.4251522197883,541.6438090080046,701.3258684392495,16.24755098059559,-0.0651684254690882,96,69,95.999018423758
2075,790.7292004965196,155733.04670842798,75140.71444783447,76057.641944562,2737.417574058636,889.7172515946731,538.6877464072022,705.4402280914073,16.27884251775442,-0.0444802565474893,96,69,95.9992947422102
2076,790.7456184555548,155743.40858904942,75143.42935202696,76053.58482734817,2697.3688157720026,872.1847840935079,533.207691141055,708.9699655126897,16.293512021857385,-0.0257127478065021,96,69,95.99956992162434
2077,790.7496108010367,155741.91147315825,75144.19825517264,76057.48344600126,2647.8515840594773,851.3716066624183,524.7206091514963,707.1320668625413,16.289294669103114,-0.0229610699884964,96,69,95.9998439432324
2078,790.7660859065256,155765.2733609789,75139.87339828281,76039.99899540145,2591.735516727611,829.5510427826666,514.5623092093156,706.3190171348688,16.26575654185202,-0.0381067337474176,96,69,96.00011678839904
2079,790.7691002738115,155751.50129754658,75143.09268157643,76065.61064202446,2535.593661152874,809.2621112843917,503.2551668517408,701.3021708552842,16.22205749571457,-0.0258587695387955,96,69,96.0003884386229
2080,790.7855891478079,155741.17773019537,75126.79792551488,76067.70220269491,2484.0881367150578,792.6449560373294,492.7333606177417,699.0326144770952,16.157731960374246,-0.0003150661708576,96,69,96.0006588755382
2081,790.7895832977244,155756.5188681362,75156.53782637199,76052.10444791848,2443.1163300402113,781.1573319814925,483.5168915418908,693.5548254577443,16.074062494262183,-0.0012279918133524,96,69,96.00092808091571
2082,790.805981657306,155777.94041513966,75130.45940852212,76066.71229118085,2415.1453164939303,775.3349910953693,477.07696282170946,691.4868055775296,15.97174281028782,-0.0011943129410345,96,69,96.0011960366644
2083,790.8090057896748,155771.76342879093,75137.21444251353,76065.62077357384,2402.115458453889,774.8320832062163,473.1731652014132,686.5728554176749,15.85399165208139,-0.0214578095169903,96,69,96.0014627248326
2084,790.8255647802331,155769.74791547543,75130.64229322229,76075.2251155381,2402.050072755548,778.5156946894131,472.4216653693002,686.4049519057735,15.724429381059103,-0.0649287534791973,96,69,96.00172812760933
2085,790.8295499008794,155803.41829092617,75160.96122864107,76085.71213053979,2412.2936193903442,784.6900142843515,473.6445872957993,684.1431259867968,15.587646312256473,-0.095288610208474,96,69,96.00199222732556
2086,790.8458726562121,155817.20197400046,75150.71353707318,76065.27306515578,2427.4158071781276,791.3822509591264,476.650020446541,686.6576265169715,15.45025170649844,-0.141219101369583,96,69,96.00225500645574
2087,790.848917851035,155772.21782180452,75135.55321045096,76074.67050268289,2442.5649001457496,796.6719835245749,479.7533190953254,686.2397171854973,15.317965713882884,-0.1679036114026872,96,69,96.00251644761867
2088,790.8655443398619,155781.3246532586,75144.10215105391,76073.44148440627,2452.329216573562,799.0263630155241,482.60481037563295,690.1075442751462,15.1980582559152,-0.1800090264986183,96,69,96.00277653357932
2089,790.8695100313827,155770.5441732628,75150.24351247482,76069.80580815408,2453.5809501627227,797.5057014650665,483.57339063152904,689.8302698582411,15.096525668075316,-0.1890524518350696,96,69,96.00303524724924
2090,790.8857598087718,155790.61204308545,75124.72671410997,76078.09918374314,2443.9376384730567,791.8025402382191,482.5989121014427,692.5086216197524,15.017891466646832,-0.1926457148860969,96,69,96.00329257168907
2091,790.8888371211772,155827.81223583364,75131.60101356074,76071.19219428151,2423.0872601071023,782.0629610264878,478.62032732652733,690.0813041690853,14.965763463431944,-0.2114823360555408,96,69,96.0035484901084
2092,790.9055267157938,155819.91402828813,75147.76077694443,76069.1420067665,2390.8860447904444,768.6019513631181,472.2910906957113,690.9240244783578,14.939732049612038,-0.2044475668412196,96,69,96.00380298586808
2093,790.9094632695924,155789.57612787664,75146.24568719268,76067.63345563452,2348.168638562842,751.684268304758,463.12513346705236,686.4922938242671,14.938201085566648,-0.1922030173170972,96,69,96.00405604248074
2094,790.925644091502,155793.40038514894,75160.4302856607,76059.1569521713,2295.3861613345216,731.4180414554721,452.0542729454173,684.6241351025819,14.956671553113658,-0.1840435440197405,96,69,96.00430764361236
2095,790.9287641199073,155848.70072781583,75139.27475698589,76087.4643487726,2233.5736785668996,707.8925994993915,438.5962182425428,676.5489900652901,14.989153684906968,-0.180698368716753,96,69,96.0045577730834
2096,790.9455107090877,155858.5134454845,75153.50117863365,76099.39467164513,2163.721443030634,681.2856896967714,423.469393818581,670.7414797673118,15.030745836859564,-0.1653017254061106,96,69,96.00480641486976
2097,790.9494093806223,155826.0373747944,75141.78839646015,76093.67166278233,2087.659791177197,652.1248171288025,406.0093992644979,657.7902455754811,15.076327040954943,-0.1642710948463644,96,69,96.00505355310408
2098,790.9655265132254,155855.9501185664,75144.6439059527,76069.1416995939,2007.3789893510984,621.2304447641363,387.12971293955343,646.1274264563108,15.124524181870155,-0.1925381323772153,96,69,96.0052991720776
2099,790.9686992293512,155900.22828712783,75168.4330612996,76085.21776650911,1925.2903528959723,589.8007065902784,366.9480813865666,627.1382155849424,15.176090049381031,-0.1752888694166888,96,69,96.00554325623936
2100,790.98549504093,155929.6675833384,75169.60646169596,76084.49887364599,1843.3820519566652,559.0322623662214,347.3772945710807,610.7149589467153,15.234074984336967,-0.1546754617181926,96,69,96.00578579019992
2101,790.9893483405524,155932.17617547605,75143.33861682024,76081.56859776039,1763.2202529655187,530.0985595345264,329.206963239325,588.1041878285469,15.304218678265702,-0.1643968218188794,96,69,96.00602675873029
2102,791.0054080690328,155954.2973506021,75154.44553284656,76061.32272890184,1685.3293906215695,503.63711014376895,314.21491560791037,569.2364591242513,15.39085492067142,-0.1555729307561373,96,69,96.00626614676432
2103,791.008642711217,155988.39477038145,75184.46606737496,76079.14253187247,1609.55325710139,479.9115095656889,302.2132584081264,545.8347778272582,15.498286665696568,-0.151899843984586,96,69,96.00650393939937
2104,791.0254783523184,155999.51297384355,75154.17721330022,76089.56410114889,1535.1418933370733,458.46282316012366,293.3121689480031,528.3517434942769,15.627492684742272,-0.1506904454827866,96,69,96.00674012189718
2105,791.0292803704839,156040.93783665134,75165.46430602093,76073.59314181557,1461.5734028446604,438.7097156240052,285.61645997394226,507.29896101614577,15.775866182343313,-0.1362163946985876,96,69,96.00697467968529
2106,791.0452896790799,156071.79059627934,75154.04538542582,76081.61701602634,1388.664664322976,419.76229023502674,278.15955237465096,492.2421333924285,15.93869602187242,-0.1459479245170913,96,69,96.0072075983582
2107,791.0485947457072,156064.97203934172,75147.38625276077,76083.08073956182,1317.0222957139486,401.21527835703455,269.1251253004011,473.53766191832256,16.107216307511493,-0.1628758497922895,96,69,96.00743886367768
2108,791.065459182395,156100.37481148122,75165.13430090657,76039.54449166999,1247.563456497388,382.71950955803914,258.5272645869991,460.73677276517265,16.272696324746466,-0.1518577484991799,96,69,96.00766846157488
2109,791.0692059934722,156085.73772368827,75141.74900828209,76065.40695672078,1181.6053408666048,364.6094833594252,245.99679824340274,442.9803063372092,16.425813476033376,-0.1630767206528304,96,69,96.00789637815038
2110,791.0851720940343,156154.53846112147,75140.11309242052,76080.19060512178,1120.0976967932656,346.99277433253883,232.79824641309096,429.5365861344617,16.55830613365237,-0.1684933327724502,96,69,96.00812259967572
2111,791.0885555157458,156153.8332363552,75144.36139307058,76080.45377849437,1063.9601433703792,330.2979036751494,219.29696263337974,410.3997145080357,16.66546849870753,-0.1613503080889711,96,69,96.00834711259444
2112,791.1054358948153,156167.83461093166,75152.32317404755,76075.19281916188,1013.408881166426,314.2757588818786,206.67846247565467,395.6286692773574,16.744042351390906,-0.154573154696244,96,69,96.00856990352258
2113,791.109126153013,156208.27696654334,75170.57559241634,76100.01764154028,968.5520365448319,298.9575321919983,194.76298248110106,374.65867470850935,16.79515725964481,-0.151797427875214,96,69,96.00879095925018
2114,791.125055717309,156228.30182220656,75173.26632448658,76089.41866678122,928.3678962895647,283.7757238114282,184.08665156082134,357.6269538673514,16.821836300883373,-0.1531539753506533,96,69,96.0090102667418
2115,791.1285254032388,156242.81032790852,75178.04939907115,76083.94101413336,891.5359971525613,268.85687336196133,174.2125985356979,334.8463225143787,16.82823504456097,-0.1595528591282816,96,69,96.009227813138
2116,791.1454064618575,156256.90796729305,75130.10163067332,76102.45961114035,855.5730347880744,253.9741228856874,165.6903273249918,316.8323880111857,16.819752046064075,-0.173419323677733,96,69,96.0094435857556
2117,791.1490425154806,156311.2223581597,75182.8164078871,76097.67753849116,818.5476315693231,239.78744384268066,158.32063738745637,293.0533781002159,16.79882753605017,-0.1515294411898992,96,69,96.00965757208942
2118,791.1649401748448,156307.90746491202,75169.13980337427,76087.17868172316,778.2306050033076,226.23799369705375,152.67429950932274,273.9535713222285,16.76659712749867,-0.1410622138159898,96,69,96.00986975981198
2119,791.1685055377219,156361.49767803642,75177.27529473134,76078.95138505525,733.9845550388563,213.6988736072817,148.1878065589699,249.69205592220533,16.720322040527904,-0.1256269275179806,96,69,96.01008013677556
2120,791.1853677572748,156367.64574406086,75171.01583626709,76089.2293748464,684.9008914394653,201.1581165019743,144.33319023999502,230.53780590509996,16.653776989141146,-0.1220818758851213,96,69,96.01028869101263
2121,791.188958475777,156417.27598640596,75168.49347984002,76094.6198898457,631.0929959711502,187.75672105400008,139.11775399700855,205.3310735024279,16.55979145478133,-0.1469275688485476,96,69,96.01049541073668
2122,791.2048228339978,156423.81902863024,75166.20762460241,76083.74715895404,570.6968987177243,171.12785075475404,130.70063004590338,183.95665442253812,16.429124794038827,-0.1338025707627836,96,69,96.01070028434276
2123,791.2084999779796,156467.0561219502,75174.35122458436,76087.62176379377,501.97528863023035,149.75754475251597,116.80235285437084,156.00298471798305,16.25519358395294,-0.1453601012308833,96,69,96.01090330040908
2124,791.2253121955434,156482.9865184567,75209.23038970484,76088.9869833871,421.5438877400011,121.86674883934029,96.66626861153054,131.65394591359654,16.033832882308058,-0.155911986130214,96,69,96.0111044476973
2125,791.2288847752036,156514.6820526885,75199.17235976217,76100.26377167049,329.1695542171947,88.52167488944542,70.8303289708856,100.581783663627,15.764505015854905,-0.1474664585429607,96,69,96.011303715153
2126,791.2446884603903,156551.88411838096,75172.01406380812,76097.27052817642,227.18971944862278,52.296990630507935,42.52414408363984,74.39605237025535,15.452106459131588,-0.1368334147625913,96,69,96.0115010919074
2127,791.2485379782055,156591.66036572657,75176.47378810415,76119.84757243416,126.22832734137774,20.027399122714996,16.759059534058906,45.13976671709679,15.103608456663308,-0.1336565920353572,96,69,96.01169656727735
2128,791.2651578675338,156622.00026836444,75173.35232035311,76098.77112258319,42.46869661525125,-0.0,0.33070647247950546,25.18531522381818,14.729728274805652,-0.1375365075189095,96,69,96.01189013076656
2129,791.2680314420023,156649.77167269468,75181.17208646786,76113.44283574355,-0.0,3.0583588722511195,-0.0,6.00042486138409,14.34165792794907,-0.1445747081104497,96,69,96.01208177206595
2130,791.284656256721,156644.20860720496,75192.49999304305,76105.03588711299,22.123953407048248,37.476776479918044,21.462751896615373,0.7721231334726326,13.949834450637336,-0.144977209771293,96,69,96.01227148105474
2131,791.288519279416,156638.9018077897,75181.76470670653,76085.32640790181,130.50574077834608,109.37272601324366,67.4885845144745,-0.0,13.564546553071098,-0.1206628545483637,96,69,96.01245924780076
2132,791.305044283888,156636.66600120862,75192.27452354642,76116.45244795362,334.1241097219172,217.52848284239008,137.19272560271202,14.58571177671547,13.192537098681465,0.041585970043207,96,69,96.01264506256184
2133,791.3079458095499,156637.10820033553,75167.26908222878,76102.26098025712,630.7485110671842,355.7982859295298,225.69555662956554,33.71923428706941,12.839636881751945,0.3362035495057918,96,69,96.01282891578585
2134,791.3246237590364,156579.22407402654,75170.31605303565,76114.87871536575,1000.3833391109947,510.75041711641825,324.886711190542,67.70495927202865,12.509107492075051,0.238636239917771,96,69,96.0130107981116
2135,791.3284932684714,156576.71196860122,75171.07289612805,76108.13457320926,1414.5208146853256,667.7831825923931,425.044457754062,104.35765417330549,12.20209708508912,-0.3510185030457594,96,69,96.01319070036963
2136,791.3449285987537,156530.18937549603,75188.0300287903,76111.49169594738,1835.2925911286147,810.8693695587135,516.5270438130246,151.90406889095902,11.919865142502054,-0.3743789583565011,96,69,96.0133686135824
2137,791.3478639052757,156472.00539098156,75162.99879277992,76103.0320123881,2228.932293004764,929.274133149127,591.8198022340221,197.45197931842995,11.66156760175669,-0.1109240366888179,96,69,96.01354452896577
2138,791.3645978819923,156433.72641677197,75177.04111304316,76056.79026894434,2564.816215692088,1015.6118483913451,646.2546291899926,249.34681408823235,11.42759943724327,-0.1670045734729423,96,69,96.01371843792862
2139,791.3684582938491,156381.94588643333,75181.2830118329,76083.66573791957,2826.961405774113,1070.1174167674471,678.9028410313622,294.32989036498475,11.2181943133795,-0.1239375761619571,96,69,96.01389033207438
2140,791.384811345535,156361.9970775632,75196.15837935948,76108.20539090995,3007.456059845106,1095.4193330559792,691.5069858812494,340.34833189003984,11.033532414498278,-0.1244799199644081,96,69,96.01406020320093
2141,791.3877871311594,156308.65790730482,75180.84851302841,76097.18031018192,3112.75265167054,1098.680049203409,688.2621601583669,375.6168613639311,10.875267013891811,-0.1428249179422085,96,69,96.0142280433014
2142,791.4045767219296,156293.18316052615,75167.31527243188,76093.5159453587,3152.3982579701697,1085.461351237158,673.831169148063,410.371443797776,10.743246667943511,-0.1065534551963413,96,69,96.014393844565
2143,791.4084146809051,156270.50026038164,75163.19797924701,76104.99163441136,3143.9074855587096,1062.7865827871865,653.2912827658438,434.2829748163058,10.637737049350426,-0.1112608077494981,96,69,96.01455759937708
2144,791.4246928348513,156234.91897625188,75173.64236644619,76101.44627188629,3100.6979016524856,1034.092808282745,630.358910357143,458.45589175238274,10.557223669657663,-0.1129187519079705,96,69,96.01471930031992
2145,791.4277165883808,156220.09660968633,75165.7263067654,76091.62597475537,3038.520217781188,1003.7122311080311,608.163105066109,474.2447791956365,10.49818894399559,-0.0941427597027859,96,69,96.01487894017356
2146,791.444558578991,156244.08089150608,75171.73453406969,76093.17373441976,2965.3857667620177,972.7032775366533,588.0018219338817,493.82312061209814,10.457132693699352,-0.0862381624715808,96,69,96.01503651191548
2147,791.4483626221415,156225.0587138803,75169.91328686575,76076.2108828189,2891.0663209765335,943.9883254256856,570.9191480938753,507.6296285071585,10.428380448833696,-0.0775209195838169,96,69,96.0151920087219
2148,791.4645737143787,156191.24980663203,75158.20405084021,76113.84197761942,2818.046897633176,917.7361054004723,556.5800737490063,525.9015468945436,10.40770677348267,-0.0786465789522862,96,69,96.01534542396796
2149,791.467652960821,156188.02296760655,75175.58093671681,76122.56754516433,2751.789841501508,896.0154787150532,545.0289239124977,538.1384111195512,10.391422178386245,-0.0641586903004922,96,69,96.01549675122784
2150,791.4845419260188,156187.82400729312,75185.18697227047,76098.17135807016,2691.3965850253007,877.731421479315,535.2611741226865,553.8590700549248,10.376671557785972,-0.0525920752307142,96,69,96.01564598427596
2151,791.4883022933469,156133.841052563,75160.8079410845,76090.08496213578,2639.9527003644034,863.451662781139,526.97791835299,561.4500144298945,10.363138463820746,-0.0445537470335626,96,69,96.01579311708645
2152,791.5044548245216,156181.46279602643,75152.08801544557,76090.03937209441,2594.021827311546,850.3915616788727,518.819948277378,570.1163057269878,10.349618643992992,-0.035776359164333,96,69,96.01593814383436
2153,791.5075966226152,156192.22780576846,75178.50191400752,76099.80092121293,2553.9598043172155,837.7825815260003,510.29873245969065,569.9590514185547,10.335958083984677,-0.0325784302886955,96,69,96.0160810588958
2154,791.5245253319117,156163.4561747724,75166.6236013423,76083.66599263718,2513.925769542402,822.4513770833728,500.12854639586294,571.9913716725132,10.32068684880551,-0.0151834878375506,96,69,96.01622185684792
2155,791.5282339482609,156171.3604435145,75180.52891719107,76118.62918054484,2473.5441977000446,804.6780933071423,488.53533451785916,566.8462767165329,10.300513226412354,-0.0195232546784771,96,69,96.0163605324702
2156,791.5443370924487,156214.86086219642,75163.27472380536,76097.23641809287,2427.8258093230543,783.3399915115733,475.3319885319506,565.6303932259616,10.272387296843062,-0.0076008603826432,96,69,96.0164970807436
2157,791.5475477062772,156203.79457698375,75194.02605763741,76076.97934989032,2378.818047738867,761.1504300951055,462.0299605753098,559.7128428951255,10.23137361730227,0.0182917271945154,96,69,96.01663149685194
2158,791.5645074261084,156205.43538748912,75187.7123904274,76104.94893916037,2325.0929603158147,739.1358305245813,449.41997055039974,560.0580267717305,10.174435314994136,0.0155749545062348,96,69,96.01676377618172
2159,791.5681579737748,156187.97902588264,75161.67495814791,76109.0293586259,2272.9280939478194,721.3778116253961,439.52222435566364,556.621942532598,10.099883044296906,0.0266461854698929,96,69,96.01689391432224
2160,791.58422145565,156215.19814865087,75168.84109795328,76083.79559533196,2224.1779365629773,708.8779052881146,432.82448183902306,559.2872810494155,10.007868804915406,0.023862701427509,96,69,96.01702190706658
2161,791.5875061508606,156215.5269852801,75170.21183099598,76119.59902315665,2186.636318553763,704.285032691434,430.45515228336444,558.3841987273772,9.902462994353094,0.0083615030832604,96,69,96.01714775041091
2162,791.6044868815568,156223.91114020135,75186.1745311578,76098.62005787369,2161.7069825708168,706.2914748630865,431.69020516693126,563.8720682131534,9.788411265659605,-0.0153712294490135,96,69,96.01727144055572
2163,791.6080749274743,156245.8608087346,75171.84493289693,76080.53573372775,2155.0031190284644,715.0706344985956,436.6232526928943,565.3231619339495,9.673074661275685,-0.0522921461757506,96,69,96.01739297390552
2164,791.6241087950575,156178.01022541025,75164.21928960073,76080.76570817948,2163.7336156528327,727.0637486476044,443.6831731768325,572.4057193156041,9.563936235948724,-0.0989678384895516,96,69,96.01751234706894
2165,791.6274717493673,156224.39220718722,75172.07534531993,76081.38180365835,2188.038437365147,740.8691151129751,452.4605042868643,575.5202167960233,9.467430153213234,-0.1386747642501322,96,69,96.01762955685918
2166,791.6444623971537,156203.19942792683,75147.4383372269,76098.91149017413,2219.85143557674,752.4871626030654,461.1527735859272,584.417764529644,9.390178264549984,-0.1713741112196022,96,69,96.01774460029446
2167,791.6479855755506,156216.21961662348,75182.83550618782,76083.78252727172,2255.585442583717,761.2450501393469,469.394480442832,588.5970266168588,9.335659928846434,-0.1726629285528892,96,69,96.0178574745976
2168,791.6639998600726,156228.86358037475,75151.67888782064,76115.00507022082,2285.324150164961,764.5402367672359,475.38341925275745,597.3392926139932,9.30669742465188,-0.1769913748492584,96,69,96.0179681771968
2169,791.6674442145444,156191.5207546828,75171.4846169812,76093.62783165998,2305.86284953251,763.2613762443361,478.80785027332604,600.5968426726758,9.303936765445895,-0.1747150017705018,96,69,96.01807670572512
2170,791.6844326579667,156206.0981960029,75163.55509994704,76084.48709560743,2310.084257978422,756.296571380517,478.12141648030956,607.3030991773412,9.325647892116072,-0.1690265597196689,96,69,96.0181830580211
2171,791.6878909555891,156213.18897795834,75156.88427871966,76093.36540202922,2299.130294141709,745.6289859951357,473.6949051490519,606.5201488687599,9.36996910598942,-0.1704043306985091,96,69,96.01828723212908
2172,791.7038951572463,156192.36351645543,75151.17624952891,76113.70798427549,2270.070484898577,730.5719714598235,464.8451068829454,607.3630406956363,9.432434672963772,-0.1584451795743403,96,69,96.01838922629824
2173,791.7074232981627,156235.95385113166,75155.03464369652,76093.76615984946,2227.094979339745,712.9305059877515,452.8484619692608,600.3579640008684,9.50921305352024,-0.1520123630933237,96,69,96.01848903898426
2174,791.724396228284,156236.5598649369,75145.96077313495,76101.94755480996,2169.354604045686,691.7065215027687,437.71808821320883,595.3513658001903,9.59629041281578,-0.1442373420304918,96,69,96.01858666884772
2175,791.7277925213623,156241.18122969757,75163.8403723877,76112.43007167312,2102.228212300979,668.4036583324923,421.0863981646253,582.9494605596119,9.689649094080128,-0.1338586449828032,96,69,96.0186821147557
2176,791.7437947286561,156266.69920423662,75162.1093328351,76098.13891063663,2025.180395759584,641.7632591309957,402.78879894485,573.6385041260801,9.78760910645209,-0.141211940835638,96,69,96.0187753757805
2177,791.7474090625965,156264.27958683026,75150.44656597076,76080.01194080897,1943.449018631014,613.1519618995517,384.03969081453397,559.0399843820778,9.887917832777989,-0.1289806103138588,96,69,96.01886645120058
2178,791.7643512425841,156308.21504427478,75151.70270605714,76093.27710033333,1856.7307997975731,581.6304606218619,364.34918696590466,549.1636416180409,9.990076925659018,-0.1265853842713425,96,69,96.0189553405
2179,791.7676925554538,156328.15820567016,75159.63534174566,76064.05788051228,1770.5590274934075,549.1503458910156,344.8984313282999,534.3286757938622,10.093439404514005,-0.1467250648524856,96,69,96.01904204336864
2180,791.7836975597586,156311.20454982694,75177.72575587133,76104.72732240733,1684.4036620531697,515.370327599012,325.2728000395291,523.9899282172264,10.196312669555976,-0.1470731625067949,96,69,96.01912655970266
2181,791.7874026785805,156342.42169796774,75177.91006358758,76096.49989664457,1602.7937594854156,482.6163878852094,306.8319682411093,508.66426196330576,10.297805088075629,-0.1307740297115826,96,69,96.01920888960316
2182,791.8042943444682,156365.03076106502,75170.77362556769,76101.81696659114,1524.0113909053616,450.8313912306039,289.4112059397157,497.20453319104854,10.39508912408954,-0.1306331804375269,96,69,96.01928903337736
2183,791.8075956788123,156380.238413143,75156.63853039253,76101.68946385988,1451.0194680667482,422.2457792155328,274.5663033866731,479.6464034562232,10.486555921144864,-0.1262666634432198,96,69,96.0193669915382
2184,791.8235993282048,156400.1666798707,75159.63783392345,76093.35099259442,1380.3776668571518,396.28796737769153,261.96459064405644,465.63366764836246,10.571147461389256,-0.1282190350109963,96,69,96.01944276480386
2185,791.827409829526,156413.39742597888,75165.02242695462,76098.66422596591,1313.686820564617,374.308495256133,252.58561828089296,446.5909348584828,10.648415857897778,-0.1467337779693946,96,69,96.01951635409814
2186,791.8442153542645,156455.58689063927,75159.80917343558,76095.79991028065,1247.5944065455114,354.97349041535927,245.18141542738886,432.1447089528956,10.720755577438874,-0.1336113004380159,96,69,96.01958776054973
2187,791.8475177771132,156454.44885817476,75156.03526806344,76102.5932279454,1184.6684068407048,338.90616213071917,239.6025400328508,413.20157618413214,10.79009469208681,-0.1401285371443017,96,69,96.01965698549292
2188,791.8634761607666,156488.59490306993,75173.61894593452,76095.65137288484,1122.7971806014539,324.23279161402024,233.50724049465498,399.3184584263072,10.859655586441717,-0.1440490148915011,96,69,96.0197240304668
2189,791.8674740656209,156513.7882025739,75155.65561582152,76085.6848990766,1065.1600602012477,311.2051203303563,226.23438198000076,381.43393007986015,10.931606801772,-0.1484702365008794,96,69,96.01978889721512
2190,791.8840106704309,156525.85641682154,75154.89729360575,76099.8014949949,1009.7917471697438,298.0785694854567,215.96919113444164,367.6845793168177,11.005602239095644,-0.1672526598133475,96,69,96.01985158768647
2191,791.887985764501,156543.82516507627,75149.17597226116,76093.38468361388,958.7163074585842,285.31157591911324,203.45888426838792,348.4490644157049,11.080415557009635,-0.144509841549441,96,69,96.019912104034
2192,791.9038130596545,156542.8009505463,75180.251564916,76103.01402670523,908.5490226156544,271.6069928402576,188.7830533356173,331.9578021183261,11.151124762514312,-0.1391994391631478,96,69,96.0199704486146
2193,791.9072852862059,156572.919358649,75154.75298898622,76104.64603850935,860.0541192155215,257.8646175844624,174.39505643496523,309.7021276524756,11.212406561169605,-0.1364703699394977,96,69,96.02002662398942
2194,791.9240723178566,156630.24051187062,75160.57822051253,76080.15312688898,809.6971745814662,243.34960903138563,161.25489631012897,291.34859250552836,11.258429690456657,-0.1368092326718472,96,69,96.02008063292344
2195,791.9278510228668,156640.4552859853,75165.33803469874,76099.63915310087,759.2008899257053,229.4268581288925,151.63464419959928,268.4064476248168,11.283537762452488,-0.141802563974827,96,69,96.02013247838488
2196,791.9437383244934,156690.90745801013,75187.80331905313,76084.22031106948,706.5926012847922,215.5607943777286,145.12796784253442,250.42800378522952,11.2855048511135,-0.1259285969112579,96,69,96.02018216354514
2197,791.9472189497757,156666.99200967886,75175.53313500047,76102.13069281819,654.6713468233356,202.6889117242099,141.85164140944835,229.00194024774828,11.26327666864786,-0.1292623524121344,96,69,96.02022969177862
2198,791.9640724048161,156698.76806058403,75166.96292376264,76089.12463310428,602.1543643697514,189.5746347927343,139.2143097970693,212.73300382329035,11.219681173382792,-0.1169909226552784,96,69,96.02027506666217
2199,791.9677452721753,156745.77171883153,75187.59441013123,76098.49304462942,551.2449823771603,176.14763560780557,135.77862925635418,191.3177736357611,11.15990418939204,-0.0896115016436838,96,69,96.02031829197496
2200,791.9836428691925,156745.70180272596,75179.13737813836,76093.40756598652,498.66969466087176,160.2333461411472,128.33611461744295,172.5234984641429,11.090148688186998,-0.1039930776535735,96,69,96.02035937169792
2201,791.987177240772,156783.19208975098,75184.40195242256,76100.18952941183,443.2678739337134,141.0258949335257,115.92226392921293,146.98986225944827,11.018905808125073,-0.1087790528040853,96,69,96.02039831001356
2202,792.0040541154658,156803.9008036828,75178.03358753287,76090.13292459644,379.2801884888322,116.65588681960071,97.0101625691459,123.58957946713781,10.952989382595478,-0.0917772817487525,96,69,96.02043511130562
2203,792.0076447464018,156846.18868223528,75156.70463676358,76090.64946823858,305.41919365001377,87.85472989804111,73.31180138251511,93.87525738592376,10.899050984510408,-0.1208443779338521,96,69,96.0204697801586
2204,792.0235424545452,156853.69542316053,75175.33093947785,76084.84560060561,220.20080018695444,55.917107574117836,46.54533525806619,68.40317624685122,10.861546160787386,-0.1232541803933148,96,69,96.02050232135696
2205,792.0271500486137,156927.4954843311,75169.96308696267,76111.37290937245,131.2769118678989,25.90284989780048,21.79423581712763,40.88635469650035,10.841384087610146,-0.1063677933017836,96,69,96.02053273988564
2206,792.0440226115953,156931.03197450523,75166.37980098848,76078.08649621127,50.61193052632734,4.1898230519582285,3.897096667846199,22.417067654867424,10.837855801825084,-0.1131059553358323,96,69,96.0205610409287
2207,792.0475464168084,156938.05679600473,75160.0266403337,76085.18780938972,-0.0,-0.0,-0.0,5.694826605147682,10.84584838875834,-0.1022103920894959,96,69,96.02058722986928
2208,792.0634399999092,156974.346876758,75183.70977085124,76089.87501478785,1.8297842743922956,21.533317873385386,14.983952289825538,0.8248520670458674,10.859028701269276,-0.1053977923776862,96,69,96.02061131228923
2209,792.0671359266005,156943.31457165864,75158.67314707817,76094.46586264523,79.28057315939805,75.86045393145469,53.30463880192838,-0.0,10.869926549447673,-0.1024009734606617,96,69,96.0206332939683
2210,792.0839763741573,156954.57180271466,75153.31793464415,76085.96157307226,245.18719665461686,164.96332187736698,114.53526707267156,12.01894716132665,10.870672866851168,-0.095444397806805,96,69,96.02065318088364
2211,792.0874533286348,156931.17645449072,75157.2062633252,76106.51666870998,502.1982418659027,286.06972613112885,195.9286411772482,27.720854906452587,10.856743132110196,-0.0614626037194752,96,69,96.02067097920973
2212,792.1033323401341,156900.0323442412,75160.5330853365,76081.62760602565,836.40739746287,429.9764112936391,289.53081580161233,55.772836617106805,10.825113656121792,0.1185150332793068,96,69,96.02068669531754
2213,792.1071401357763,156897.58084848014,75161.03700064747,76101.30710724901,1223.6608445795137,583.8996943756356,386.70626494605676,87.71735524063115,10.777165462980618,0.3822913149372955,96,69,96.02070033577397
2214,792.1239051750322,156848.79949849684,75155.24388215314,76087.27189554929,1630.6335764528485,732.7997290109197,477.0868757457647,131.58782548742602,10.7172902575028,0.2219713038503482,96,69,96.020711907341
2215,792.1273814637576,156802.079358884,75160.31583256167,76089.31589349295,2024.7158907401026,863.4785089773504,553.6036070801929,177.4979952959693,10.651051870693138,-0.3901272871846062,96,69,96.02072141697576
2216,792.1431953525986,156768.82168361268,75169.6276155587,76083.55597287245,2376.266770633869,966.0930088468012,610.7887938643253,232.24646852799924,10.586047457001598,-0.3576136591231956,96,69,96.0207288718296
2217,792.1472065117271,156705.18244186896,75145.076252957,76104.11029885952,2665.5322802963783,1036.3757046457904,648.169351601493,285.14897788115195,10.527520296012591,-0.1025890902421318,96,69,96.02073427924748
2218,792.1637092006047,156653.23282697823,75149.29836191006,76107.22804220577,2881.3336857253453,1074.9220062067034,666.8474945622438,341.1797016527853,10.479748143271715,-0.1760734608335166,96,69,96.02073764676696
2219,792.1677405730218,156595.06956533922,75158.40072412077,76091.91343550192,3022.8523713375907,1086.5614055793849,671.1181972693885,389.07393679986126,10.444641836894222,-0.1210931922981649,96,69,96.0207389821184
2220,792.1836430340187,156551.76634918386,75140.7550853469,76104.45643518012,3095.5209072843427,1078.1141747784568,664.4058725508658,434.62603980948916,10.42115370853756,-0.1078940511012824,96,69,96.02073829322345
2221,792.1870061445518,156521.08517423412,75159.53847147145,76086.88445063052,3110.624803120387,1056.8835518083797,651.034516710497,468.85545488397474,10.408345464931282,-0.1259302418997751,96,69,96.02073558819522
2222,792.2037701161613,156518.01559377313,75146.50787819659,76095.64672219222,3081.3487330901553,1029.1366786488652,633.0913477990543,500.6106497454457,10.40333268791442,-0.1103507104296439,96,69,96.0207308753367
2223,792.2076194945058,156492.72930897275,75123.69525409423,76088.64583187709,3022.446476352692,999.502369432812,613.2353965237853,522.7121765319316,10.40444021879146,-0.0993624586496051,96,69,96.02072416314051
2224,792.2235612784735,156473.59864056515,75121.97673913046,76071.02352732045,2947.3333096714923,970.9767545287759,592.2542734268209,545.0537131065212,10.410686892978534,-0.0958296067792348,96,69,96.02071546028866
2225,792.2269334326589,156454.02504231734,75152.68192114517,76103.54398949364,2867.987523170421,945.0737687039946,571.993776999574,561.3387005006662,10.4209755474179,-0.0815063049303313,96,69,96.02070477565069
2226,792.243771568205,156447.18924912997,75132.27649509265,76089.81872145867,2793.3232171449927,922.5438799381081,552.9432358703489,580.7662954246043,10.43634426707192,-0.0818675548889052,96,69,96.02069211828386
2227,792.2475254695037,156423.24006712856,75146.55882959209,76083.26977382494,2729.4153827980626,903.2914125702664,536.7416526516317,594.937305323605,10.456889030052714,-0.0837061047449381,96,69,96.02067749743196
2228,792.263458740977,156409.86649754437,75142.70801745304,76099.32465447033,2678.9145662091905,887.0858068819944,523.4094339534786,611.1425542278739,10.484155604606256,-0.067796286469341,96,69,96.0206609225248
2229,792.2668848290524,156415.85021486244,75142.01620485517,76093.70844019798,2641.423335776839,872.991236433314,513.5579116635199,620.8190687041788,10.520462543145676,-0.07430668430391,96,69,96.02064240317723
2230,792.2837570401812,156393.55025142516,75151.52161163454,76083.77398961905,2613.970143172366,860.125427500272,505.9501810056099,631.3439449532307,10.568261943649214,-0.0969675565983773,96,69,96.02062194918815
2231,792.287435007501,156391.2370897042,75151.65067527074,76083.48003936517,2591.6342468549847,846.9025494061934,499.9708285315428,634.4604590034287,10.632753912386658,-0.0685987858082737,96,69,96.02059957054009
2232,792.3033506841264,156396.0304089815,75134.26988421474,76084.02004865353,2568.995523024292,832.246043010673,493.64017303756555,638.5076379307138,10.718859745375038,-0.0534350964662633,96,69,96.02057527739818
2233,792.3068509879646,156411.40525427373,75132.57649533483,76089.75101185055,2540.7695433154586,814.9127680632519,486.2772834689531,637.1756128330017,10.833085303627556,-0.0440798292618193,96,69,96.02054908010912
2234,792.3237310871089,156421.91680053994,75145.67933620965,76064.15163060918,2503.665624112007,795.008656421327,476.810678848502,639.3129503375967,10.981859318044153,-0.0258775632190645,96,69,96.02052098920068
2235,792.3273452831063,156419.16310332375,75146.8139234846,76072.49889366906,2456.26441768487,772.9715752080228,466.0740204107715,637.8421669699601,11.169551213447829,-0.0019572161104242,96,69,96.02049101538051
2236,792.3432398544835,156410.34015350195,75126.63358034733,76064.4988721984,2400.4781079664826,750.886978883631,454.6569603944663,640.4356814126077,11.400021468292202,0.0020981344800467,96,69,96.02045916953546
2237,792.3468308763098,156399.00883554915,75159.75344796511,76070.41116047953,2340.1110323526664,730.6938059597451,444.4946806532389,639.6776002566621,11.673132282432586,0.0233660780346141,96,69,96.0204254627303
2238,792.363691889375,156438.2713041703,75150.73301008013,76060.66097880583,2281.555115572235,715.0851643637288,436.5388576212863,642.2674831178156,11.986970625721485,0.0379444458172543,96,69,96.02038990620736
2239,792.3672592171218,156393.06026573095,75127.75345570734,76072.93576494118,2231.0659651805763,705.3011588853551,432.1180306964088,640.2567650720011,12.337420896448563,0.0293592598704457,96,69,96.02035251138513
2240,792.3831233438226,156418.47365956183,75149.51022172804,76087.29958026914,2195.155104456586,702.4222803259036,430.94714252694394,640.8301415852038,12.71777229146858,0.0307760456583168,96,69,96.02031328985744
2241,792.3868296189961,156428.77485235975,75136.81197803852,76071.35681461393,2177.453162506281,705.4924122964876,432.8462248118303,637.9277003708994,13.121944908626348,0.0156366988571417,96,69,96.02027225339248
2242,792.4036296709345,156456.1593311362,75139.6500122336,76083.31747537602,2179.752387389308,713.5220250983111,436.47792820839095,639.4234209978895,13.542263534319536,-0.0148050580893907,96,69,96.020229413932
2243,792.4071913968561,156421.75309345615,75156.1482027056,76082.81167902247,2199.4832313169027,724.0252582705143,441.18006019844324,639.3060425113945,13.972316975316993,-0.044588143865565,96,69,96.02018478359004
2244,792.4229797557491,156442.0512070343,75156.37549313116,76098.58951456615,2232.232911058294,735.5262086091243,445.7837938175944,644.9214286320785,14.40667843886246,-0.0816585603679608,96,69,96.0201383746518
2245,792.4268854675752,156410.38210691695,75142.70336090794,76091.51303560262,2270.253285747138,745.8757973886095,450.0418183648144,649.9589784499258,14.840138488290709,-0.1226122921019988,96,69,96.02009019957326
2246,792.4434610290166,156433.9744691693,75162.84897658094,76105.19224540706,2306.232846983825,754.4099581744667,453.33651349012507,659.798848401173,15.27038822040642,-0.1391405289617336,96,69,96.02004027097952
2247,792.4474329739201,156418.65059601274,75151.45744617768,76090.6440769248,2332.258055734739,759.7315610756923,455.6349683010194,666.6131439410092,15.695071249331663,-0.1387346869142893,96,69,96.01998860166378
2248,792.4635208432123,156417.31212708532,75124.57963930802,76094.5643732959,2343.738901404431,761.7231559717184,456.2556389179954,674.7543482194014,16.113725717361746,-0.152387041031718,96,69,96.01993520458672
2249,792.4666969104453,156403.84741394053,75138.55913573047,76077.8796860257,2337.3142680871533,759.147929917599,454.7982171771582,676.6103450177179,16.526492717934488,-0.1546926266165568,96,69,96.01988009287484
2250,792.4835067964099,156397.8600740628,75151.59610530913,76093.02094626642,2313.6563445276697,752.0109536620439,450.329895411327,677.5419281459763,16.932109404359778,-0.1471834764848034,96,69,96.01982327982
2251,792.4873335075323,156429.65372436194,75154.07349121511,76071.22090158865,2273.800736176723,739.1812654595269,442.43632228535716,671.1009638412506,17.32951463342104,-0.1403680309291464,96,69,96.01976477887747
2252,792.5034292587138,156441.37834456476,75151.50912107759,76080.64614063216,2221.375563819718,721.1154053691716,430.65873386349995,663.6251756021811,17.714229694022524,-0.1323808339220072,96,69,96.0197046036658
2253,792.5066202815289,156435.90085232758,75154.61505479708,76082.9675121127,2158.6835485614138,697.4453431934235,415.28610608598683,650.5218527308898,18.080373453450356,-0.1234257256688758,96,69,96.01964276796464
2254,792.5235059313092,156483.87906562054,75158.73902535821,76093.95130754494,2089.359984673385,669.6070326431654,396.8271764028759,638.801108927204,18.420511869473813,-0.1246149278309083,96,69,96.01957928571473
2255,792.5272526060934,156481.52363781998,75145.01035844667,76073.69739413798,2014.8030976415612,638.0604901376792,376.3969838695775,623.5795800776687,18.725555050551662,-0.1207723789220354,96,69,96.01951417101562
2256,792.5433217508561,156491.77207796773,75141.84861386103,76064.19469167253,1937.5502797898953,604.9110338539613,355.1464846423478,610.6884757317894,18.988749996578573,-0.1025663842335592,96,69,96.01944743812528
2257,792.546562923207,156509.7253525597,75143.48393892456,76066.16982404824,1858.017959907651,570.9687415085791,334.30372330130194,595.0839696844923,19.204148146499215,-0.0985362870811591,96,69,96.01937910145836
2258,792.5634950676686,156532.16948422889,75113.98738237256,76102.23115949241,1778.0377225094708,538.3000977835327,314.78972317263833,581.9329016629781,19.369705524763337,-0.0909745771033323,96,69,96.01930917558556
2259,792.5671707319357,156516.63090669998,75134.42673803486,76083.15792123767,1697.4295963740442,507.1817659984372,297.1491643743648,565.8166438956105,19.48693869134196,-0.0916990823733044,96,69,96.0192376752318
2260,792.583211034366,156587.65671467336,75146.9724555792,76084.32090344687,1617.6372043794254,478.94609689633944,281.55200305898325,551.5442560374504,19.55919562573515,-0.0926727128189848,96,69,96.01916461527549
2261,792.5865173148457,156575.11894779254,75130.26710583741,76095.11426040217,1538.2789374963613,453.0823466635484,267.7247637481778,534.6030543486122,19.59325308891991,-0.0813975282569152,96,69,96.01909001074694
2262,792.6034777893317,156610.79435442027,75114.03110373968,76093.87277822472,1460.7559058443294,430.18830491264816,255.30801179565606,519.758303111943,19.59528467184665,-0.0784916866418811,96,69,96.01901387682727
2263,792.6070851721116,156612.07977386724,75119.42879495925,76086.11031314191,1384.6742569351918,409.0914737004641,243.61500573754893,502.2500660365331,19.57207918916273,-0.0901867823662002,96,69,96.01893622884728
2264,792.6231001135162,156651.54613082376,75146.31187645845,76089.34133144381,1311.4375377429533,390.05490226532856,232.22875468968414,486.1197826116404,19.530034661091904,-0.1065663975538562,96,69,96.0188570822856
2265,792.6264820077724,156650.14193499504,75167.9773930816,76059.45806339211,1240.5604856048594,371.9157290561852,220.56726630261983,467.0328967269743,19.47383851452616,-0.1077574855557148,96,69,96.0187764527682
2266,792.6434532762416,156671.3409145891,75153.47122098142,76090.75852638744,1173.1916773849516,355.1416382746538,208.6934566994605,448.84291608899366,19.409369330367912,-0.113993619593281,96,69,96.01869435606648
2267,792.646996963733,156687.08334579063,75133.88042386583,76059.70559999763,1108.6235049367533,338.7575565798179,196.57036597948172,427.61544009586214,19.34119837677764,-0.1190117661537236,96,69,96.018610808096
2268,792.662988608243,156712.72194629424,75167.03380129136,76075.6370282344,1048.1098593585775,323.4061997288809,184.95780581689905,407.54700029754895,19.274968968476635,-0.1229551584055605,96,69,96.01852582491549
2269,792.6664589660634,156749.66231406006,75150.925996595,76069.21710144653,991.4001982900081,308.19227296608733,174.21041326259729,386.0104176008026,19.216936348263264,-0.1395637817485643,96,69,96.0184394227252
2270,792.6834163144787,156795.34375231742,75156.07237026856,76101.67318256068,940.0636483796989,293.6496965081751,165.17108765800367,367.1213356356311,19.17229271154417,-0.1430032430893865,96,69,96.01835161786552
2271,792.686913728807,156792.16213233033,75144.08950483109,76087.65828198398,893.6105872135959,278.6608808351448,157.65973606315674,347.94084848830244,19.14716631578176,-0.1239102437402309,96,69,96.01826242681592
2272,792.7028655657507,156790.17839005907,75139.02869666737,76077.57177232017,852.5998149113148,263.7123236602638,151.7974801052478,331.45551657374017,19.144949109007683,-0.1270984089825376,96,69,96.01817186619324
2273,792.706469555233,156798.05575193634,75155.47524274312,76106.09609317062,815.0468108609202,247.9752078087331,146.55974119403982,314.45695717755007,19.16762242599584,-0.1249668647989318,96,69,96.01807995275034
2274,792.723317434728,156841.4988151818,75178.9410135023,76073.2234554754,779.9187314835726,232.4752073523996,141.60454435480642,298.870178921934,19.214871048111743,-0.1140290599258342,96,69,96.01798670337494
2275,792.72700113515,156862.98254579984,75139.84414019107,76074.93435962303,744.3226290965104,217.0617601722479,135.77882235552534,281.3902357571642,19.28264036848867,-0.1068311783893554,96,69,96.01789213508788
2276,792.7435246278485,156889.1003085688,75138.43080076808,76090.87938867137,707.2858768765,203.2993559151655,129.23124947329052,263.77728950051824,19.366223150546748,-0.1030926642874295,96,69,96.01779626504197
2277,792.7462467167057,156897.987912685,75161.97915103188,76059.3064595916,666.793677770067,190.91640999312222,121.36825994536048,243.4220340741449,19.45825934339675,-0.099145626351804,96,69,96.01769911052008
2278,792.7634555886648,156906.5803336243,75174.96287973697,76101.04573633784,622.7962555561098,180.48415398721409,112.93696847293177,222.3339708094136,19.551909365090548,-0.1008610507820425,96,69,96.0176006889344
2279,792.7666108176376,156939.42589972733,75141.37703944003,76089.82327080518,573.4681054835673,169.7991604160925,103.26420283631887,198.47935810836498,19.641647722993856,-0.0933085291855563,96,69,96.0175010178245
2280,792.782771108833,156973.2628113956,75156.03509050545,76107.44305419785,517.7580891597318,157.27360915880126,92.65521057788283,173.73733489357983,19.722658485873737,-0.1075538850454306,96,69,96.0174001148557
2281,792.7863350198264,157002.16940023136,75160.5278299356,76087.0177148319,452.367845698318,139.42044035592698,79.72829720570007,147.04491015305393,19.79375737178769,-0.1219002245669891,96,69,96.01729799781792
2282,792.8033622200829,157017.4385849695,75158.1125686598,76079.87691011828,375.46390836208593,115.00912601969321,64.48878552103997,120.10257719369838,19.85408365620114,-0.101014549715219,96,69,96.01719468462414
2283,792.8065283415748,157066.42787982186,75155.56357186455,76119.17141161884,286.0248801232665,83.41180310178606,46.11376719659893,92.47372001278563,19.904053352896565,-0.0795559019682173,96,69,96.01709019330892
2284,792.8226710084294,157081.04249604934,75169.51119590152,76097.47444016028,189.10927521710983,48.787694801882026,26.84652739862213,65.98384056068608,19.943722899684538,-0.0770719075348221,96,69,96.01698454202646
2285,792.8263346065479,157103.03139641328,75180.9760491035,76092.97679118376,95.53265163337346,17.448847092091455,9.362213581829565,41.35743574911612,19.97005330744978,-0.0886565356764729,96,69,96.01687774904951
2286,792.8432998855818,157094.5108510106,75165.36522617667,76101.4140682647,24.65001403930364,-0.0,-0.0,20.796790955908364,19.978812127359067,-0.0843256805941525,96,69,96.01676983276786
2287,792.8464228986136,157145.9925986215,75170.61877109954,76092.56378043973,-0.0,6.570078116012155,4.4456636203685775,6.235127041843953,19.961667932892404,-0.0934257140204573,96,69,96.01666081168632
2288,792.8625911814573,157161.05157527624,75141.81403138796,76087.27875013622,46.70556827058317,47.071437343765865,29.777322033100063,-0.0,19.90893121597389,-0.115294098176968,96,69,96.01655070442366
2289,792.8663273037441,157146.0119441039,75148.56814683309,76090.12157635448,183.29512223316124,125.65515689302993,78.73018651103484,4.244606463005766,19.81084080776189,-0.1046874144645721,96,69,96.01643952971064
2290,792.8832359091377,157130.08700624856,75157.98556144601,76101.53316721569,417.7066857442842,241.601132585507,151.99918755851104,19.687687661556993,19.657987131984072,-0.0977497052311914,96,69,96.0163273063887
2291,792.8863120597567,157087.3773546905,75135.50089293905,76071.90423975332,742.2087649825262,386.2492773258273,243.7091266211064,46.930641091952566,19.44594589518521,-0.1065838415938811,96,69,96.01621405340848
2292,792.9025223211905,157058.85921875286,75135.88393620438,76098.11551813845,1135.2123547484516,547.1009786006325,346.43271732016,83.83892017329345,19.173866648809152,-0.0927032067895837,96,69,96.01609978982736
2293,792.9063179304798,157048.68418120767,75158.7320371843,76079.35704608324,1563.8404007772915,707.8212872754666,448.6488925386511,129.01775673715747,18.84698108545748,-0.0833642333473454,96,69,96.01598453480906
2294,792.9231662023797,156948.8099728191,75126.78143423602,76085.59536756437,1991.6233608882758,854.0908690172946,541.4354051851842,178.1785393160244,18.476054666197253,-0.0817283485240802,96,69,96.01586830762112
2295,792.9261997506933,156909.9769978989,75143.29898049508,76096.77754404482,2384.3531171881477,973.9020967205724,615.9876328982791,229.5796145821514,18.074583004240782,-0.0553824780910152,96,69,96.01575112763366
2296,792.9424624638202,156842.64658846587,75139.12056931717,76076.12992976693,2716.6052952878526,1061.8291115766478,669.5565395754384,278.839361813094,17.659697134498852,0.0648601507869797,96,69,96.0156330143175
2297,792.9463067956665,156835.28763032545,75145.0875182733,76083.02150278006,2973.8355038008885,1116.6913795819128,700.666270328351,325.78045299998485,17.247303398128288,0.3532551123193882,96,69,96.0155139872428
2298,792.9630897118967,156796.17446486824,75128.80546517659,76066.80569792134,3153.078461830446,1142.9307212329004,713.1919604084687,367.5270573629823,16.852127627176614,0.3841209493933115,96,69,96.01539406607708
2299,792.966087992707,156728.069738859,75137.05268339808,76067.57396348625,3260.152789004962,1146.3859970366466,710.160084639414,406.15886795092956,16.48631088680143,-0.2071285450486384,96,69,96.01527327058366
2300,792.9824107810649,156689.53434740275,75146.56189955244,76063.73024435557,3306.69307558937,1134.789391886341,697.7027098136459,439.8595897357445,16.157254940897488,-0.3764085871553766,96,69,96.01515162062002
2301,792.9862932942826,156678.98774631153,75119.33693974637,76074.80021494499,3306.652563444746,1113.8916475956212,678.8284347991139,471.901098870032,15.870559574310787,-0.0598643034659703,96,69,96.01502913613592
2302,793.0030062341172,156638.80459444298,75153.42103328426,76074.69962637265,3274.0139248679625,1089.0317324917123,658.2389617244626,500.65097301692003,15.627943608147346,-0.1122589094382277,96,69,96.01490583717226
2303,793.0059782764412,156602.67632312127,75143.47915645703,76087.75954048391,3221.473941888078,1062.84988945644,636.9215920612041,529.6349988850707,15.430066751507002,-0.0965271893798296,96,69,96.01478174385828
2304,793.0223666517089,156597.24607782043,75129.16888705334,76051.81489720424,3159.7299088381696,1037.9351215684728,617.8533510697889,556.2782041352475,15.277389023748814,-0.0639349740655109,96,69,96.01465687641124
2305,793.0262765729871,156553.73454133538,75121.3937522468,76084.58953031772,3097.73967711383,1015.0484818340774,600.5733528303681,583.6330862352042,15.169096457300302,-0.0951526810043633,96,69,96.01453125513328
2306,793.0429159594197,156527.0857892854,75102.55623558037,76085.74170707882,3042.2124723282177,995.623404466256,587.0659486076329,608.3683763318113,15.105923073610274,-0.0711272436829706,96,69,96.01440490041053
2307,793.0458718607425,156493.45036463687,75120.90092876823,76058.10645490534,2998.0227096578456,979.7630881362275,576.2946204365435,633.3803314485995,15.086871379922975,-0.0638433230491618,96,69,96.0142778327114
2308,793.0623294306132,156462.9094282395,75106.26640298017,76065.37611568223,2967.1130056196125,968.233364214364,570.0321452206117,654.6387834161578,15.110171262268,-0.0684742459600022,96,69,96.0141500725843
2309,793.0662557332851,156475.26917790706,75122.30781364997,76078.34624029414,2949.175521022873,960.1357891446387,566.721179416505,675.176143533201,15.172424890280135,-0.059067510391517,96,69,96.0140216406563
2310,793.0828193278395,156444.77717879234,75138.22156822425,76065.56813980523,2940.610581778572,954.772842264967,567.1559566845972,690.996205962234,15.266412300267277,-0.0620955832561168,96,69,96.0138925576309
2311,793.0857698522616,156445.7352823598,75128.33067828119,76086.61695808035,2936.212432926055,949.7469675915199,568.4893085730291,705.4528648683918,15.383973059366328,-0.0613258624666849,96,69,96.01376284428696
2312,793.102298378606,156402.24387064585,75122.07001576653,76068.89893484647,2928.899864956271,943.2783126055874,570.3755325157545,714.2345668458729,15.51397313232106,-0.0547173777417368,96,69,96.01363252147624
2313,793.1062299191349,156399.1559992401,75095.0433280192,76060.32297313127,2912.8127241645707,932.8614967584435,569.1471796798287,721.2404138894053,15.64530504517558,-0.0620432227845099,96,69,96.01350161012198
2314,793.1227169650762,156388.13145289794,75128.6057262191,76098.92921845542,2883.2717804963468,917.8404969637922,564.4873811553261,722.9353502902377,15.76838477747611,-0.0709983119625794,96,69,96.01337013121662
2315,793.1256732242549,156420.80899871196,75108.22132087794,76065.52882220656,2839.7297189343954,898.0725694594003,553.9585281947366,724.3634970682324,15.874669104351115,-0.0600338574723142,96,69,96.01323810582063
2316,793.1422726431098,156397.8194056384,75112.31041378253,76062.14179187697,2784.211250108783,875.7945923935913,539.5495279645838,722.4986993737111,15.960137416652325,-0.048652693070787,96,69,96.01310555506036
2317,793.1461983665304,156384.35783540257,75117.34244104472,76048.21657014062,2722.9036624831497,853.3820793904888,521.3667299715453,723.1345597350155,16.022399999578237,-0.0369695484921803,96,69,96.01297250012608
2318,793.1626096428201,156400.6073499324,75121.81668405727,76061.35658402738,2662.521906124137,834.3385704096727,503.54262677038787,723.2807674163487,16.061469715241024,-0.0337415586163588,96,69,96.01283896227017
2319,793.1655828163038,156422.48390522393,75089.9063920251,76044.92635682075,2610.884434829466,820.7731929334695,487.4659398877702,727.9813179715711,16.07838012536293,-0.0169473740017807,96,69,96.01270496280569
2320,793.1822512585272,156388.7333483825,75104.21464464383,76076.88841374763,2572.7761771815713,814.425060683323,477.3008401131083,732.4759688310733,16.071784816449153,-0.0013969022943251,96,69,96.01257052310392
2321,793.1861604376189,156366.2515765059,75107.83128568935,76086.39263849078,2551.7039244389744,814.7342900606309,472.9742352849571,740.5913681085513,16.03945435741294,0.004214106254738,96,69,96.01243566459289
2322,793.2024982461446,156357.36786457867,75129.40407603842,76062.79636340005,2546.7463205087115,820.6381470382039,476.167534060427,746.8100666803657,15.974879307414673,0.0149972008514967,96,69,96.01230040875524
2323,793.2054993291235,156338.2331304135,75125.65091275648,76050.99152493017,2555.824904561974,829.522030429478,484.13700049192994,754.7917951597192,15.86916897168078,0.0183330224186447,96,69,96.0121647771267
2324,793.2222331551794,156357.4706181393,75121.18008728679,76077.05909996433,2573.3265040573897,839.3581222133362,496.2536761968513,759.2227906585322,15.712373266843818,0.0066328538062911,96,69,96.01202879129391
2325,793.2261156475557,156363.42603252025,75122.88567109822,76066.46032141491,2594.4141446925933,847.6808996820182,508.1169634636317,764.9019707422121,15.493566778773822,0.0096334382892324,96,69,96.0118924728929
2326,793.2423837413338,156340.15610380706,75095.70774717334,76060.32177922102,2612.487051429285,853.3448130531615,518.4798936608131,767.5134385984566,15.205919615705607,-0.0346595268990426,96,69,96.01175584360634
2327,793.245423320651,156336.52408459797,75128.61766493075,76087.28053782524,2623.552719361207,855.1238162281661,523.6545969843282,771.9770889953652,14.846020131178951,-0.0855385978250069,96,69,96.0116189251626
2328,793.262217171416,156335.4620175736,75105.58570542617,76035.48023138299,2623.156539929274,852.9508547979058,524.0638253258076,773.2535108280717,14.416831766059026,-0.1106744042208144,96,69,96.01148173933343
2329,793.2660636881071,156335.03192533547,75120.38098681634,76052.84765954195,2610.6886653862894,846.3307943541731,518.0570697107178,775.706998519745,13.92817310017434,-0.1711899390618698,96,69,96.01134430793198
2330,793.282267140723,156317.82524952822,75123.16730069161,76055.50531867934,2585.157368886168,835.5569962812006,508.02936666307505,773.8377959378122,13.393917638705007,-0.2139358127507512,96,69,96.01120665281114
2331,793.2853552075325,156327.38024196625,75117.0922318884,76056.16477719514,2548.8046232446213,820.3660151469958,494.03507618018193,771.5482516586198,12.832817407311758,-0.2236179755324676,96,69,96.01106879586104
2332,793.3022020646536,156331.29656085777,75096.3505251457,76047.52888982045,2502.08714304975,801.2059240083618,479.39119932902395,763.4147628700302,12.26308324834678,-0.2317443230897023,96,69,96.01093075900803
2333,793.3060044514467,156334.34212402115,75117.89747896895,76067.23746684828,2447.638195737032,778.0265252460231,464.1175188822963,754.3974020316964,11.70111917282152,-0.2260001830223928,96,69,96.01079256421168
2334,793.3221494610742,156361.67510943636,75126.76219572032,76039.03805392946,2385.1705391544965,751.5604362976446,450.74391157744685,740.385672967037,11.159442824637424,-0.2088570918823301,96,69,96.01065423346388
2335,793.3252952765447,156380.7157339215,75110.87347898126,76070.67669866895,2316.2474976588273,722.1895257421129,438.2681857930438,726.9532087749394,10.643385171147902,-0.2010186047482503,96,69,96.01051578878618
2336,793.3421865159725,156378.28275616618,75119.99513178604,76053.8500815312,2239.7653637796175,691.0554126506613,427.9719500516658,710.2393937050365,10.153655545046457,-0.196759762394608,96,69,96.01037725222788
2337,793.3459380595306,156405.04546580455,75109.76343829068,76058.63605534416,2157.7411961082253,658.8678760945768,417.6239647194743,695.9343228194339,9.68434520584905,-0.1921290019689113,96,69,96.0102386458643
2338,793.3620316695484,156408.8174845825,75115.75511579463,76068.5350291091,2070.451044726651,626.8988260217156,407.6024016776355,679.9921635377686,9.225802464492508,-0.2093090210313058,96,69,96.01009999179504
2339,793.3652437139381,156387.6637443469,75124.22007363569,76058.80287377237,1981.9782415761147,595.8261613321374,395.53612452800735,667.2105905262579,8.766609209387084,-0.1923937784256969,96,69,96.00996131214131
2340,793.3821691182351,156465.72930933163,75117.7904063779,76055.90793756604,1894.39073823113,566.6432629150077,382.132332150155,652.9744548021699,8.293297177940095,-0.1746678989719924,96,69,96.00982262904468
2341,793.38586491045,156428.5799898982,75103.27185692948,76060.5697371936,1812.7338311357307,539.6316842320812,365.7499808256398,641.9098050998873,7.794672186329291,-0.1699873609859493,96,69,96.00968396466446
2342,793.4019146036228,156440.98617871656,75107.82540006889,76052.33370227482,1737.9712497831788,515.3518758401187,348.0724851999548,629.3519585068861,7.260349203274001,-0.1678721443042193,96,69,96.00954534117643
2343,793.405200670499,156488.12000940382,75106.41144672236,76092.05906935672,1672.1765541831846,493.74472846374556,328.7249348963087,619.1705985900771,6.683236769697439,-0.1632268739109729,96,69,96.00940678076998
2344,793.4221483247773,156469.2150403707,75113.40996879477,76071.48163877944,1612.2775180628523,474.9723451144091,310.31794250782696,606.2324590246717,6.060859783725455,-0.1534684386509108,96,69,96.00926830564698
2345,793.425785770258,156491.34690383583,75106.20472074626,76052.32947315344,1557.044922604342,458.4612264212774,292.8897280712845,594.0771748211992,5.394333556309239,-0.1540211310900319,96,69,96.0091299380193
2346,793.4417988288633,156496.66662082233,75112.41310624531,76043.55072536862,1501.5116615815787,443.6847577009903,278.7243000904564,577.560510850657,4.692083177551291,-0.1672685039802606,96,69,96.00899170010666
2347,793.4451664100496,156514.99418554988,75135.14923599431,76083.68759273783,1444.7693625063403,429.44019153954287,267.0366149197798,559.9972345525748,3.967638471261013,-0.1712189320224563,96,69,96.00885361413536
2348,793.4621222953921,156532.76578838204,75119.10830624838,76052.14028515306,1384.1136860449333,414.87019048057846,258.65456238307524,537.1171099704807,3.2407192702685053,-0.1782092038871344,96,69,96.00871570233528
2349,793.4657019933503,156564.92574789975,75124.38135929668,76046.6473300292,1322.2417843189323,399.0930245129566,251.3770802920044,513.570170527848,2.53626275883153,-0.1649006017518306,96,69,96.00857798693852
2350,793.4816843239722,156558.44348251613,75111.12924295106,76058.68536277235,1259.4271936865407,382.2082212196983,245.11261484731222,486.684383266489,1.8799082870863075,-0.1635623380127301,96,69,96.00844049017746
2351,793.4851416911835,156613.90169511817,75123.42956069535,76076.14513677184,1199.7917125350796,364.63103359357046,237.7686886273732,461.66083303513005,1.2975566543275352,-0.1685208523921786,96,69,96.0083032342824
2352,793.5020884365431,156664.02334774958,75126.80779629073,76067.27250016748,1143.0242349608452,347.4488308637956,229.87140147434548,436.23969257064164,0.809167249200155,-0.1661901040113952,96,69,96.00816624147934
2353,793.5056161411962,156669.0682579427,75107.60097198439,76068.46054193813,1091.392250392295,331.3653699037968,220.3339308348368,414.9418257283978,0.4270451789330178,-0.1609122260624685,96,69,96.00802953398863
2354,793.5215696590242,156660.7356810035,75151.66554595943,76072.33123104327,1041.8253206533846,316.9260810154665,210.53687520165113,394.32553879986517,0.1544477822945205,-0.1541490912159784,96,69,96.00789313402254
2355,793.5251286671529,156685.45693653869,75133.2376638723,76073.36285948724,994.337566025788,303.8070506675722,200.05750710418215,376.8553418854426,-0.0166640758036283,-0.1472903407755456,96,69,96.00775706378316
2356,793.5420433965675,156700.2080731546,75146.03734070763,76065.66248170518,944.9308353716042,291.4736097870191,190.22636401987984,358.1852656463743,-0.10121147297222,-0.1571600616487166,96,69,96.00762134546046
2357,793.5447576732073,156699.0125036274,75158.60897648471,76040.62962426155,894.5193209162098,279.0169638382504,180.2895656323235,340.4152694672812,-0.1207446259147204,-0.1538796671149759,96,69,96.0074860012304
2358,793.5614357129647,156779.2597120477,75146.05320971424,76071.11106655796,840.3982550921501,266.01693603224703,171.20178410541848,319.6249276160379,-0.0986075576627581,-0.136534515582433,96,69,96.00735105325252
2359,793.5651566416767,156755.63804460582,75143.17703331166,76066.29447450051,785.4607169931987,252.24405584130727,162.09425516350893,298.40506328147603,-0.055980848087557,-0.1371277840093091,96,69,96.00721652366856
2360,793.5819141915382,156780.39985824216,75120.86453473348,76090.11720756852,728.7935589927947,238.01274092879612,153.77381898535532,274.1236007992702,-0.0112659802499401,-0.1396638079677309,96,69,96.00708243459952
2361,793.584679637297,156826.3148090583,75145.07627600645,76069.27063844,674.2333806477836,223.4510205815168,145.48428123974008,249.52132771236938,0.0243869520309139,-0.139532795966532,96,69,96.00694880814451
2362,793.6013861855714,156861.82612498276,75117.1570138428,76073.21036185049,620.1748628914356,208.46883309310942,137.7255615668837,222.21977486330434,0.0448112526331727,-0.149799793253859,96,69,96.00681566637805
2363,793.6051454026835,156845.41612551332,75114.55392977408,76095.22369696331,568.565730945149,192.10777372970188,129.0680087225337,194.52043630953995,0.04929151221364,-0.1459257670949803,96,69,96.00668303134816
2364,793.6218002210458,156888.1788672531,75116.4254482703,76061.92504574386,514.5767582517001,172.89512272641878,118.77903649405926,164.49117833405035,0.0416027105456645,-0.1306787258198998,96,69,96.00655092507463
2365,793.6245922306182,156913.672379865,75146.55066274026,76057.71074964762,456.3912195727462,149.02018183859764,104.68036020963336,134.3744878139696,0.0260683870334609,-0.1283336281907789,96,69,96.00641936954696
2366,793.6413532343847,156973.54673791627,75146.25278769806,76090.41201781131,386.39967422682093,119.47333141382842,86.13909569202224,103.20795166469179,0.0087933547460624,-0.1040610651953983,96,69,96.00628838672152
2367,793.6451193213868,156985.3855344445,75126.71190358598,76083.71290371919,304.1637690652278,84.8877727517829,62.829484603280434,73.81976521428442,-0.006143765056852,-0.1040163749159996,96,69,96.00615799852052
2368,793.6616889982961,157023.8283339952,75135.9711509172,76078.61800311059,209.2334495045361,48.698515497744665,37.42136469314573,46.559132877213415,-0.016187197877719,-0.125542820556972,96,69,96.00602822682932
2369,793.6645042508806,157014.3838188158,75109.66505708548,76061.11034723293,114.24043345241807,17.360448359992006,14.183623553515645,24.382296969095478,-0.0198476726071593,-0.1139715515125697,96,69,96.00589909349478
2370,793.6813308524148,157057.17554198686,75120.91401190995,76094.21482703663,35.085524046909995,-0.0,-0.0,8.11848240531981,-0.0185938210241782,-0.1338448330327093,96,69,96.00577062032276
2371,793.6850809574973,157064.89984246672,75120.24502821456,76090.98071877414,-0.0,6.7605867820675485,1.8643408753850963,-0.0,-0.0133910704756238,-0.1389049127832022,96,69,96.00564282907634
2372,793.701579520396,157047.4284404109,75133.72483980522,76065.06154331742,33.40336431754986,46.57553378169541,26.229136907146312,0.5384747228235938,-0.0066005695814552,-0.1273993639141349,96,69,96.00551574147384
2373,793.7044172429984,157061.77225397198,75112.05546328115,76070.09719229258,160.07490858342499,124.54747415572638,76.38675716650323,10.501282420998905,-0.0002812582765835,-0.1198092712050427,96,69,96.00538937918664
2374,793.7213180655868,157040.0681606771,75136.31426975082,76069.57497036165,387.2492797918385,240.01250930786773,151.77811117147212,29.75063350755954,0.0048339588854667,-0.1218533307516539,96,69,96.00526376383704
2375,793.7250287709692,156994.7722053775,75133.82941866059,76070.3786088833,712.3196486707893,385.8557661205268,247.25574139406672,57.66673604917014,0.0072805509467315,-0.1218261629560997,96,69,96.00513891699627
2376,793.7414749129998,156952.86015789618,75132.17574048079,76084.82195703634,1110.7885599394212,549.4746382602898,354.08240326607483,93.74893714825157,0.0077470780090904,-0.1080549385905153,96,69,96.00501486018268
2377,793.7443281938253,156909.95182975192,75113.17243150112,76050.52149332121,1551.9290952779702,715.2786021883658,461.6988785593421,136.57095969098737,0.0064158312785132,-0.1140515951577396,96,69,96.00489161485932
2378,793.7613192608119,156895.20195712926,75127.8581977214,76085.4959314445,1993.4810766513692,867.7718400287558,559.6509726346267,185.8342237364268,0.0038378890729458,-0.0704256432839943,96,69,96.00476920243187
2379,793.7649538928887,156825.87107563272,75108.63668868787,76073.42609074562,2401.819907253317,994.6771206570265,640.0183493822842,239.37904373032507,0.0014142690776638,0.1367260534808753,96,69,96.00464764424702
2380,793.781389755708,156768.64973462548,75111.40072140707,76054.57589922182,2745.4415012294194,1088.705150868831,698.0008559240814,296.6241485911014,-0.001029867365478,0.3945008297839097,96,69,96.00452696158996
2381,793.7842146890038,156718.18109184137,75118.9801228342,76069.7067635473,3011.2018468321185,1148.3140888713679,733.0372571437765,354.3622763857711,-0.0024248853962906,0.1242019764965342,96,69,96.00440717568256
2382,793.8013760973035,156645.8165639515,75137.04621712564,76074.72887415248,3191.8494069646695,1176.6181772993732,747.1555272877304,411.7802563744481,-0.0029419452262476,-0.454807003350404,96,69,96.00428830768143
2383,793.8047549342804,156569.8404678898,75136.94009487682,76081.49320041135,3297.6201068969094,1180.0723236329795,745.1252260074398,464.89124471042305,-0.0028961083529743,-0.3182458556829476,96,69,96.0041703786754
2384,793.8218784949412,156588.1061746047,75093.046282402,76052.8452232062,3338.586913959647,1166.1618254320347,731.6792703855463,513.4575256976241,-0.0019057031518065,-0.1440595700104363,96,69,96.0040534096838
2385,793.8245259743115,156510.38801413414,75107.78945067314,76074.55208826852,3335.0325856321724,1142.2499738579208,712.1553481796727,554.1297995624773,-0.0010840287464858,-0.1907694507997004,96,69,96.00393742165475
2386,793.8411897815671,156465.1798750238,75102.90894468923,76075.74532403228,3299.515850511554,1114.0060592470254,689.9351633738697,588.6194055136002,-3.687533441889355e-05,-0.1389128540263693,96,69,96.0038224354624
2387,793.8448179603009,156458.99718612793,75109.81196988602,76092.61435670282,3249.6984248721274,1085.6127518439898,668.3263482666516,615.26967992133,0.000757634891582,-0.1532671851559311,96,69,96.00370847190548
2388,793.8617384761303,156425.36186643282,75095.60742462937,76053.09994101635,3192.8124947245233,1059.2485479800816,648.4399956055568,637.6455443594023,0.0009769055586899,-0.1457951293316862,96,69,96.00359555170462
2389,793.8644554533065,156411.8911141896,75113.44164390645,76057.79050531413,3140.4247744859313,1036.2399301205878,631.778986909645,655.109971997008,0.0012613411733152,-0.1358969518891034,96,69,96.00348369550127
2390,793.8811226869741,156407.91579929952,75106.40688446812,76098.02680521937,3093.60440542124,1016.7789450455602,617.8867527880648,672.2701623910689,0.0008741625900244,-0.1366200997544152,96,69,96.00337292385454
2391,793.884819651469,156394.66542276807,75114.78211397959,76081.64159497726,3059.1818935790216,1001.2125855599006,607.3671104008245,688.023553909763,0.0005913489163394,-0.1160389809924769,96,69,96.00326325724016
2392,793.9016277198014,156378.452943356,75110.45976257144,76059.31873511277,3034.340680036228,989.2933156726795,599.1799012198462,705.884944355872,0.000264699636715,-0.113059452808651,96,69,96.00315471604772
2393,793.9043642356112,156352.39348586477,75103.19523475427,76050.54870798807,3022.263769596524,981.1411621926527,593.7867147356737,723.0238020205288,-0.000250469351015,-0.1167820143291582,96,69,96.00304732057891
2394,793.9210803978867,156319.65235423952,75101.47632182503,76060.0451169815,3015.796846931742,975.9364243381715,589.9354609117727,742.0606986789498,-0.0002466374846715,-0.0966198378159718,96,69,96.0029410910458
2395,793.9248022344842,156321.41628797574,75130.35451684063,76068.20979849168,3014.5924155786633,972.9231944090716,588.0491874949075,759.1879669854534,-0.0005147888976694,-0.0878610539135239,96,69,96.00283604756812
2396,793.9415228353508,156296.2999927304,75088.39412321609,76082.26452871555,3009.0253542523715,970.0787513239047,586.552037906149,776.7974414830969,-0.0004138934084325,-0.0822870080826831,96,69,96.00273221017196
2397,793.9442679680818,156291.22284733492,75114.11154417222,76067.01049981017,2998.0788780957228,965.6646556945925,585.4185752540652,791.296195956762,-0.0002307371100969,-0.0711061505201478,96,69,96.00262959878737
2398,793.9610527295016,156279.29517133703,75130.33582130888,76074.75988991934,2973.1018543301616,957.2488981864881,582.3943676910858,806.085026187211,-0.000263561955186,-0.0728001984937927,96,69,96.00252823324614
2399,793.964770987765,156263.74274779548,75099.09493159292,76065.2526647312,2936.8935498942155,943.9237621419888,577.3564372751134,817.7539043547295,0.0001043609902111,-0.058902873425218,96,69,96.00242813328032
2400,793.9814207326372,156274.67891485736,75101.35478135233,76055.88444135209,2886.007647043909,925.1905906857137,568.5462601908075,829.4777237611706,3.41787767194777e-05,-0.0410696653303297,96,69,96.00232931851995
2401,793.9841696483364,156265.4162242865,75105.77875176106,76047.06976762658,2828.6015423114877,902.8869406432059,557.1205241504504,837.3815673587669,0.0001586162118316,-0.0243286650815801,96,69,96.00223180849076
2402,794.0010380671176,156243.53264903987,75098.96762446902,76054.22486372144,2765.0208409726038,879.0697069139278,542.8641710265074,844.7502130542998,0.0002418938688768,-0.0115553027997436,96,69,96.00213562261276
2403,794.0047245690639,156226.94183026388,75105.0135121539,76079.78694388954,2706.3332262447802,857.3699254752282,528.7162398992223,847.7019958870369,2.756428648682261e-05,0.0048114163748556,96,69,96.0020407801977
2404,794.021324357405,156215.89951075718,75086.78850762914,76045.81637509377,2653.68419264612,840.0865446220996,515.6339322565764,850.1852464370895,0.0001986726132788,0.0188227073129238,96,69,96.0019473004475
2405,794.0240662035934,156247.4148716898,75096.91793353303,76049.05151163267,2616.7519886866794,829.637422915519,506.7934519391274,849.7173323118768,-3.619507132600423e-05,0.031982140016086,96,69,96.00185520245192
2406,794.0410415001354,156255.14906809363,75104.03962354828,76084.99351524939,2592.7684576635947,825.8840670467034,502.07749789961963,851.9988460878085,-2.479967560761367e-05,0.0437976231274323,96,69,96.00176450518669
2407,794.0446529264844,156240.9864921437,75111.40925094852,76062.1357389859,2587.0277683197055,828.6354497473658,502.9076847395045,854.9498850046366,2.017124064964868e-05,0.0249122511866874,96,69,96.00167522751192
2408,794.0612496323074,156257.06575411244,75096.29496044789,76066.62934185426,2591.540911824617,835.4087484424963,506.8719411594502,863.3561336300045,-0.0001795528019896,0.0066933505861683,96,69,96.00158738816911
2409,794.0639334323107,156224.99550794874,75113.41622728501,76074.94518228671,2606.585904737003,844.5555288537435,513.2891799800273,873.2598213309539,4.858399729639228e-05,-0.0176259563311302,96,69,96.00150100578064
2410,794.0811072597941,156220.13164395714,75116.05884638193,76068.40943950372,2619.8825646713376,852.9182779943512,518.288137879892,887.1583662171615,-0.0001087356062134,-0.0876126911041108,96,69,96.00141609884618
2411,794.084454047686,156219.10233158528,75109.05232764567,76076.64573352919,2630.8889421468484,859.208305025255,521.2596974311164,898.4183206972375,-2.9341425297247675e-05,-0.1418295910987399,96,69,96.00133268574216
2412,794.1016361267366,156170.99863117174,75104.34880877956,76045.70179411829,2628.663356025878,861.0246700574353,519.4855174626864,908.1205147654691,7.36370022269572e-05,-0.1824231591082997,96,69,96.00125078471903
2413,794.1043556396561,156180.9970740795,75128.27183158054,76075.46925294319,2616.4966697187047,858.2166474155965,514.3819161458232,909.9948690180609,-9.907792560327609e-05,-0.1943538854747249,96,69,96.0011704138993
2414,794.1209067645798,156198.56418823573,75097.61646600472,76067.90415203468,2587.750986066938,849.3953976690827,505.2167391179537,907.125308233517,0.0001330446333667,-0.1955520737410738,96,69,96.00109159127604
2415,794.1245174062482,156232.16097037046,75102.41710557409,76059.21343822937,2549.830260235758,835.4419712849194,494.8429420533066,896.3269469789811,-3.688396337499498e-05,-0.1882427945922122,96,69,96.00101433471046
2416,794.1415099950163,156221.71803504162,75105.64717839991,76064.09748444345,2499.0860357898055,815.8383508479747,483.00595951010473,883.031964289723,1.2006216545180768e-05,-0.1915650487574086,96,69,96.00093866193028
2417,794.144276709451,156253.51885885117,75104.54181440861,76089.30141785002,2444.2091957266093,792.32306073769,471.9764303051343,865.6831265655346,8.960344958541066e-05,-0.1937166922492259,96,69,96.00086459052793
2418,794.1608347106315,156283.87918039475,75128.14361722728,76082.57432566262,2380.3040634559,764.8613340549928,459.97695614237455,850.1493937053019,-0.0001100963946953,-0.1756689786890031,96,69,96.00079213795809
2419,794.1645195201417,156275.18725992148,75088.76517643032,76077.99619576614,2314.8025154526695,735.6639232575835,447.85054525372107,833.9284261016583,0.0001054152105227,-0.1718672817653191,96,69,96.00072132153603
2420,794.1814122758318,156314.51496123147,75118.32232759937,76085.02732500003,2242.0551765334094,704.8752657961013,433.0822940818907,820.5063591221115,-6.814241206487608e-05,-0.1704376422893322,96,69,96.00065215843634
2421,794.1841763022858,156281.9100639595,75110.03269730507,76081.6379481863,2169.522173410631,674.7013721181283,416.73608674350544,805.3523533054977,-2.082187906037934e-05,-0.1611217589739887,96,69,96.00058466568984
2422,794.2007875404515,156335.77150838755,75127.05414542892,76095.47885897705,2090.950493956683,644.7406020731141,397.15773769954103,790.7808690045204,6.898971061653712e-05,-0.1497969331300417,96,69,96.00051886018268
2423,794.2045044848012,156357.62189426264,75118.20047721932,76090.68354590288,2014.0610460551688,616.6832559518953,376.89232169796014,772.1472671338706,-0.0001216698077458,-0.1508642925913065,96,69,96.00045475865386
2424,794.2213190233409,156358.4853093818,75125.91103943383,76091.47248175977,1932.8832898769178,589.5337171849969,355.74717975445674,752.0211915634281,0.0001040991869554,-0.1447495679313876,96,69,96.00039237769369
2425,794.2240700474474,156402.26219984674,75111.25469791805,76092.90720524808,1855.3154533241177,564.6028381684591,337.0857356208726,727.1608566256473,-5.8637174492119566e-05,-0.1392738686738965,96,69,96.00033173374182
2426,794.2407555626298,156446.26006930193,75134.76861197765,76085.21007569128,1774.4770374242216,540.4340650755621,320.41187508022995,701.7194132173317,-1.0976358145062677e-05,-0.1577301373593843,96,69,96.00027284308534
2427,794.2444770999175,156450.76661558595,75128.89204731946,76074.17234097148,1698.5733539056382,518.3413905400666,308.0865517583443,673.7784580530424,8.322843375825117e-05,-0.1491155583915965,96,69,96.00021572185682
2428,794.2612273066064,156472.71810066272,75144.23376571095,76078.93596106417,1621.4148949916707,496.9570166183694,298.1087511368678,647.5926712748187,-0.0001116744278002,-0.1614650106132335,96,69,96.0001603860326
2429,794.2639607651021,156488.01044567896,75128.79894813345,76070.34634176288,1551.8141806510394,477.78369252690754,291.1531072476355,621.325004477374,0.0001096678088046,-0.1694981467124114,96,69,96.0001068514308
2430,794.2807376367132,156566.20656896656,75131.8451618554,76094.91904168425,1482.62083642988,459.2334709921706,283.74170673440676,598.6303619793325,-5.4582704725936725e-05,-0.1567009009206803,96,69,96.00005513370994
2431,794.2844355944138,156552.39796281766,75139.53211376116,76083.16817372383,1422.22800343181,442.73480021971045,276.13707826755126,576.7745962846093,-1.4651950380084766e-05,-0.180970317471057,96,69,96.0000052483664
2432,794.3011401295388,156576.3884464785,75133.8387568956,76081.13919685468,1362.625701083918,426.46257973992033,265.59674402719247,557.7089508092613,8.082990911968838e-05,-0.183243579972334,96,69,95.99995721073296
2433,794.3038454078675,156599.2058612923,75132.9696833072,76095.084388433,1311.0399964148528,411.69808293254755,253.92638403733145,537.8794066839619,-0.0001169579593621,-0.1625418568697687,96,69,95.99991103597732
2434,794.3207390324596,156617.23480063057,75156.55826128757,76101.19428465178,1257.3756668608985,396.26021297716943,240.11747805486084,518.6252292721765,0.0001041579442572,-0.1778799066382456,96,69,95.99986673909967
2435,794.3243699126836,156642.23703115157,75099.51007107503,76087.57137657344,1208.776787472365,381.55344641754346,227.57881745591294,496.6311177860189,-5.597756403653311e-05,-0.1814716410428863,96,69,95.99982433493112
2436,794.3410726695005,156643.02825631696,75122.67760112711,76071.91081652114,1155.8611039585667,365.52204887267726,215.97322078343132,473.45480574225076,-1.84496210729039e-05,-0.1746413574908133,96,69,95.99978383813226
2437,794.3437015409934,156692.30675221243,75145.43970073093,76087.84160805054,1106.9899021674064,349.8223616937321,208.001069590915,447.16230690368684,8.22846267922771e-05,-0.1997124493348119,96,69,95.999745263191
2438,794.3607999767635,156743.11652910055,75133.69994625513,76094.88454086159,1052.8781572554726,332.3722862620343,201.44067346068914,420.2667568810575,-0.0001161705079098,-0.1989463170127689,96,69,95.99970862442063
2439,794.3641914994392,156745.600999961,75127.98251783263,76107.03602446565,1003.1578454694827,315.33013595227385,197.08139719301835,391.6934607263247,0.0001049442733294,-0.1749386486076887,96,69,95.99967393595853
2440,794.3813456166251,156792.69683640928,75122.83201020001,76070.4828185542,948.6009562683757,297.0346579995821,191.35170662536984,363.6708553512872,-5.21688262357734e-05,-0.1813328541629364,96,69,95.99964121176428
2441,794.3842196005419,156799.1507049979,75148.56557565277,76079.86394772322,898.6820957593154,280.24098046879226,184.82570458741975,335.1683144176204,-1.902996915803788e-05,-0.1775214888454379,96,69,95.99961046561774
2442,794.4006078580636,156830.08780309293,75136.90117995304,76083.06792078735,843.4693982155295,263.48713676027546,174.92805792405852,307.61441329831723,8.475431712081945e-05,-0.1633031129407495,96,69,95.99958171111751
2443,794.4042405033467,156853.22465861394,75146.19508957108,76112.08269962981,792.2595049155643,249.39782041549915,163.86754254362313,280.0393448396935,-0.0001161419180787,-0.1456340666502506,96,69,95.99955496167898
2444,794.4212420856567,156886.64933651857,75149.182740067,76077.08022861928,735.9030444264645,235.79854138787778,150.81930201456998,253.2430208096921,0.0001036969159676,-0.1303839826223689,96,69,95.99953023053264
2445,794.4241285052285,156927.4884959459,75132.3696894129,76088.0607307262,684.5529897348024,224.15015700836375,138.8435842275503,226.55963866284583,-5.080512655456574e-05,-0.1314741976428398,96,69,95.99950753072292
2446,794.440534356532,156951.03589597173,75164.72701159645,76111.47996722428,627.1793789223302,210.30193294899072,126.52955695512355,200.4667249886552,-2.1878020565810874e-05,-0.1411469219438405,96,69,95.9994868751055
2447,794.444238005367,156989.2304008544,75144.23231026763,76083.16832894567,571.4132011777838,194.17142621052335,115.34282590015209,174.56433721011854,8.555111386608046e-05,-0.1432816393270961,96,69,95.99946827634678
2448,794.4611605321537,156968.3318931648,75147.7957529367,76121.49884602812,503.7332532911678,171.02569539431715,102.13969354904839,148.65530427388148,-0.0001168917574491,-0.1556196920067809,96,69,95.99945174692108
2449,794.4640190799603,157028.99814482118,75143.89752050483,76078.83137009917,430.82306063367287,141.98038906270813,87.20601877127774,122.65851294243475,0.0001023901122562,-0.1527103953938998,96,69,95.99943729910972
2450,794.4804825366164,157061.8854689184,75175.18219989742,76109.30533167784,339.62383701483486,104.97075587358268,67.52234137206688,96.26082021326874,-4.88534463249408e-05,-0.1413973078465471,96,69,95.999424944999
2451,794.4842228045624,157067.40300777444,75145.63760413363,76120.68093159595,242.80954836320598,65.87515937427816,45.556471160962246,70.50930981335114,-2.382498311207583e-05,-0.1445051101454476,96,69,95.99941469647918
2452,794.5010803725428,157078.12540981764,75139.3246674191,76101.81362329377,138.5886146563571,28.43917611912184,22.47479443345219,45.73321959134773,8.725789322039032e-05,-0.1395577731661077,96,69,95.99940656524174
2453,794.5039045305065,157138.9897484712,75167.77456691868,76123.05918696537,54.17649445828283,4.1784542492823675,5.617506557726301,24.6861323172634,-0.0001168311339043,-0.135254801527765,96,69,95.99940056277872
2454,794.5204447129172,157142.93992689974,75136.8482733536,76101.3955619372,-0.0,-0.0,-0.0,8.223647647944745,0.0001015279344398,-0.1269829473412205,96,69,95.99939670038064
2455,794.5241983101821,157136.45157021564,75139.0538896246,76107.97466967911,11.547703815042041,27.49607761821244,14.36706923940801,-0.0,-4.672881213759725e-05,-0.1221449836869611,96,69,95.99939498913524
2456,794.5409993984991,157135.26487242008,75150.06912443278,76098.9165046608,98.76073279499542,89.38478787198255,51.71380544116255,0.1735058535123244,-2.587950842195914e-05,-0.0656230796451462,96,69,95.99939543992528
2457,794.5437871427721,157143.78750326723,75140.11798703835,76099.99950972131,285.426694937516,189.10409265660564,114.96290851623053,11.908833164750831,8.863935824777654e-05,0.1886705304776451,96,69,95.99939806342783
2458,794.5604203430108,157104.73385530905,75128.56317953796,76095.64301982473,557.8934072768898,318.0550130769989,198.60781795461662,33.12961150726187,-0.0001170959676727,0.4074170955236554,96,69,95.99940287011178
2459,794.5641624669512,157106.15339802278,75133.87467717576,76089.24853717299,912.152619304019,468.570239457913,296.74812876974465,65.51174878730671,0.0001002940909698,0.0040617147752856,96,69,95.99940987023707
2460,794.5809203225281,157007.01988119728,75136.04394276699,76089.11937941563,1308.3157824409427,623.5412688951619,397.24396860128036,104.7579082538432,-4.483390438158279e-05,-0.4732474186859378,96,69,95.99941907385254
2461,794.5836644246785,156970.08106673017,75145.01556684008,76081.66336328868,1723.633317706408,771.5638012397249,491.3033811505593,151.6487105494307,-2.804677228921808e-05,-0.2452614883130211,96,69,95.99943049079488
2462,794.6004140304294,156944.32463007284,75153.44708508039,76103.88349432207,2109.9034116311814,896.903482065667,568.3542784625461,200.3527804185287,8.998582023167524e-05,-0.1329532812792561,96,69,95.99944413068674
2463,794.6041065705715,156902.23329147117,75148.41192657691,76103.78583419623,2450.6027729448397,994.8328929742274,625.1560990518919,251.86166789548588,-0.0001172370900196,-0.1765639561838997,96,69,95.99946000293544
2464,794.6208555397878,156842.936361643,75150.46999160846,76102.87389401592,2714.702107691148,1059.1734387409524,658.9233760957577,300.25772501935717,9.915907615412614e-05,-0.1198495227091653,96,69,95.99947811673134
2465,794.623518814175,156790.96872034753,75129.91793619882,76093.67238848642,2908.030741591181,1094.9950615888229,673.9051593004406,347.62428752720007,-4.278529285550609e-05,-0.1330556201549701,96,69,95.99949848104652
2466,794.6404568017203,156732.21872718513,75138.42303187758,76101.19688697121,3020.387372101308,1103.5576787364407,672.7525916492013,388.1224899653753,-3.0089132610388276e-05,-0.1115729858386419,96,69,95.99952110463306
2467,794.6439650139994,156699.87642467354,75134.25827373586,76093.74265102907,3075.711797772732,1094.7668677033362,662.4407202613511,425.5545839264814,9.137279709053052e-05,-0.1137336863749273,96,69,95.999545996022
2468,794.6610115848467,156675.06440502,75111.09518480148,76109.98847090056,3075.13179329742,1071.5012511652167,645.7267672259768,455.17465656701825,-0.0001173149546262,-0.1177992766830186,96,69,95.999573163521
2469,794.6641108629375,156643.96861279843,75123.74915302315,76105.17460961931,3046.5660502041574,1042.8188075758517,627.6989225716097,482.67369347112253,9.797413179941366e-05,-0.0902929277827567,96,69,95.99960261521424
2470,794.6802971029377,156623.58504781488,75130.88845522256,76102.18287022103,2989.647303676873,1009.3850001614483,608.633871803424,503.8724476263742,-4.076669963040617e-05,-0.0858898054086721,96,69,95.99963435895984
2471,794.6839869815334,156616.73073738912,75130.58415158537,76099.8121583926,2927.324069684604,977.6566720146075,591.243711689036,525.0615621410252,-3.217461908197843e-05,-0.087218451123063,96,69,95.99966840238896
2472,794.7009364508393,156578.83092417882,75121.86146278774,76110.11914814734,2854.910980362969,946.3342226297973,574.4327121652168,541.5695532409882,9.2678268320429e-05,-0.0835548418738504,96,69,95.99970475290442
2473,794.7040064947728,156564.08247047817,75119.55106673499,76091.3782823769,2791.893139632535,920.4794488524349,560.1922363030317,559.7240823450848,-0.0001173896757703,-0.0757196686570901,96,69,95.99974341767904
2474,794.7202235079308,156525.69872912474,75106.78752485411,76085.99957584198,2729.162046409736,897.2241930906603,546.9669250149745,573.1847964199551,9.673835945657678e-05,-0.0639881554232529,96,69,95.99978440365464
2475,794.7239772836298,156539.93080213811,75120.73494707228,76090.559973025,2681.9753431774443,880.1616214740061,536.2343387583678,587.6282046588603,-3.87359805686397e-05,-0.0496797120399249,96,69,95.99982771754026
2476,794.7408712227137,156514.99252205022,75118.3075441914,76074.76199973197,2638.0583691171487,865.2523584227602,526.0275225534278,596.1637181565166,-3.423604816585195e-05,-0.0485789784575531,96,69,95.9998733658114
2477,794.7438909826824,156521.25419845682,75103.65566968954,76097.18595229699,2609.2765257179854,854.9953711730195,517.2454341742705,605.411728814157,9.397155670307132e-05,-0.0403589207597821,96,69,95.99992135470796
2478,794.7601649538692,156484.21664863444,75098.55717658263,76070.66711586408,2578.65252741077,844.0849202760874,507.3974410518131,608.2033390551805,-0.0001174041387303,-0.0165515051814808,96,69,95.99997169023344
2479,794.7639620181556,156493.56425477398,75101.8175484965,76069.77055902047,2554.674943908816,834.3846186968149,497.24321886411053,612.047427121608,9.548751825079647e-05,-0.0081132798820379,96,69,96.00002437815354
2480,794.7808022734037,156481.6204569768,75104.5137741576,76065.23298326961,2520.3732321171556,821.1085022197803,484.99770475405967,610.398753599904,-3.6682371146658205e-05,0.0127727383551397,96,69,96.00007942399476
2481,794.78377319931,156501.00649135024,75113.33497772062,76084.17819546621,2486.185000395286,807.3391593526176,472.50916483657784,611.9655615470256,-3.628155593110936e-05,0.0106429372154065,96,69,96.0001368330431
2482,794.8001166807852,156504.74468524745,75099.58807045018,76068.74295418833,2437.437095137546,789.5635482585349,459.1558231576637,609.1939684127574,9.523019798208522e-05,0.0019395682603542,96,69,96.00019661034317
2483,794.8039429590905,156494.28211092265,75099.86845958066,76070.03038920736,2388.1357744398993,772.2395884561702,447.6104858359322,610.4168398602924,-0.0001173854839558,0.0253776536607434,96,69,96.0002587606963
2484,794.8207279276842,156464.58501124958,75099.44632512487,76061.99742469739,2328.7312027119333,753.278729032827,437.65382735812454,607.3512911179278,9.419698376209914e-05,0.0329164624491859,96,69,96.00032328865996
2485,794.8236554293971,156471.37207658024,75118.18787627149,76069.71716903814,2277.034754740831,737.884702313313,431.44397175341146,608.4510247160506,-3.462466489350449e-05,0.017299345320603,96,69,96.00039019854586
2486,794.8400777828778,156485.71773946227,75129.6724002825,76074.65593600874,2224.6806043917313,723.8394215930166,427.65263176258304,604.1139330971928,-3.831945120360631e-05,-0.0133649222046059,96,69,96.00045949441964
2487,794.8439192466823,156470.3522535622,75111.61396074343,76088.19177288873,2189.3656778465374,715.862007391479,427.2194834075344,603.1513958333817,9.645352081307646e-05,-0.0436315503064645,96,69,96.0005311800987
2488,794.8606485804836,156508.2853161629,75111.15325595565,76092.93344764799,2162.324131187692,711.2689643765771,428.19472530516214,596.5475144617958,-0.0001173274248053,-0.1131844757392096,96,69,96.00060525915178
2489,794.8635384508486,156475.1868634013,75110.41955317589,76085.91695272918,2158.353671981953,713.7097712552204,431.27698289076216,594.3585797969135,9.287704555917572e-05,-0.1587697758643728,96,69,96.0006817348973
2490,794.8800484097897,156480.12833191667,75139.3757433387,76078.61349981825,2163.526915376773,718.8349849259248,434.6766930668964,586.8551507394877,-3.25532106228269e-05,-0.1840247774568146,96,69,96.00076061040257
2491,794.8838889571693,156476.6281795198,75127.970693486,76059.71043618923,2187.408437008562,728.5552149997675,439.3173961429857,584.6104017708567,-4.034056180221138e-05,-0.2219644933414931,96,69,96.00084188848254
2492,794.9005659237732,156484.56992897365,75135.20268731436,76088.0481518976,2212.544965102861,737.2971910735359,443.60734839341603,578.126331658219,9.76463941989582e-05,-0.2260615692763827,96,69,96.00092557169846
2493,794.9034217157098,156487.3046825435,75116.55529872564,76093.06483262409,2244.8792074332014,745.9390959013544,448.08589386337553,578.35198277171,-0.0001172282698926,-0.2079839946582991,96,69,96.00101166235716
2494,794.9200300608618,156487.3585792163,75123.95235255352,76107.96212576501,2264.27415664657,748.5785422703048,450.55513388314284,574.032647151209,9.152687348839528e-05,-0.2078431634454182,96,69,96.00110016250942
2495,794.923848297575,156482.22867409242,75130.81983680626,76112.32545743787,2276.7046260809875,746.9327706981858,451.0651462962269,575.8003251803166,-3.047196720139278e-05,-0.2040372130775225,96,69,96.00119107394994
2496,794.9404845282498,156476.25145555398,75111.75045627689,76082.84711004588,2265.6599398461985,737.185995925407,447.6292087450274,571.9573547133186,-4.23482335777656e-05,-0.1899123144324173,96,69,96.001284398215
2497,794.9433004115194,156452.12307253442,75116.94032046483,76102.37116951065,2241.1667976065655,723.0865834258002,440.90083739650436,573.0807756377617,9.880470748419834e-05,-0.1834344113137803,96,69,96.0013801365822
2498,794.9600314065816,156489.9661524559,75130.02606790453,76092.88208136961,2191.2351508460124,702.4490823406668,429.93227072196896,565.8857176660385,-0.0001170907622555,-0.1746316656531419,96,69,96.00147829006916
2499,794.9637761248404,156463.77079749518,75133.00211576949,76089.22911798452,2130.9780165811535,679.9826708713663,416.3819459697406,561.677031085128,9.014558936537172e-05,-0.1721398375612286,96,69,96.001578859433
2500,794.9796254656841,156492.59481898762,75114.92483967886,76106.48929299155,2053.9176026662462,653.9514792462869,400.1331767498341,548.4216322091233,-2.8381688484885037e-05,-0.1697751972226444,96,69,96.00168184516832
2501,794.9831921809761,156491.6309388619,75113.49295451767,76060.99767594856,1975.7238348983228,627.9552546608902,382.7895336592046,537.5843459117459,-4.434086632844802e-05,-0.1632284277025439,96,69,96.00178724750752
2502,795.0000495283417,156492.54442080754,75136.67824671791,76109.37501582924,1889.6403895210824,599.3275926557544,363.95618089006166,517.333545719157,9.992954017366528e-05,-0.1462842929874446,96,69,96.00189506641848
2503,795.0036486758128,156512.07715480332,75137.55485844701,76088.56773169733,1809.6894041228807,571.1119839778548,344.785051613173,501.3387050155434,-0.0001169134281159,-0.1342429531958266,96,69,96.00200530160492
2504,795.0195475761902,156545.70529101923,75118.25968639138,76079.611581967,1726.1734168055118,540.6556602771307,324.6643168388691,477.9028997370624,8.873493333043808e-05,-0.1597023032976817,96,69,96.00211795250476
2505,795.0231447479516,156554.54671898417,75133.44220705573,76063.3835776139,1648.887523777259,511.16019546864845,304.6751373312436,460.4453670817893,-2.6282296794802863e-05,-0.1531235701190601,96,69,96.0022330182888
2506,795.0400371695048,156563.23022407465,75077.91275652133,76088.16804698673,1566.553576097067,480.8229140517069,284.6391098035965,436.6893560353201,-4.631753448712205e-05,-0.1508649301864693,96,69,96.00235049786085
2507,795.043531504439,156566.44630419824,75118.23557461871,76076.11084947894,1489.137877891364,453.4741523423145,266.06308128204546,421.1693725368241,0.0001010203389537,-0.169597730569842,96,69,96.00247038985636
2508,795.0594642349176,156595.51658862995,75114.90875316932,76071.4761970687,1406.7686479109107,427.4271954276628,249.06636579113547,400.5792653907265,-0.0001166968239561,-0.1606802371429406,96,69,96.00259269264107
2509,795.0631107234492,156598.430790126,75111.636748437,76070.4316302177,1330.2253016822506,405.6091120271012,234.87010434246622,388.36146109641413,8.729479635390911e-05,-0.1472126120009954,96,69,96.00271740431116
2510,795.0800122157635,156606.28218565308,75125.60742320317,76084.43022565816,1252.0817699196632,385.516562637029,223.10707415113575,370.3635954055644,-2.417505607565492e-05,-0.1625131602394849,96,69,96.0028445226915
2511,795.0834150503892,156618.7120689433,75106.52238196666,76054.12728237212,1184.443946655374,369.0308661888557,214.12391014781315,360.98625028232345,-4.82779788506117e-05,-0.1770745613328641,96,69,96.00297404533522
2512,795.0993828730576,156628.25557700475,75097.34000646143,76057.65011250494,1119.6372768048896,352.88109670703125,206.74478487164015,344.82489726509084,0.0001020765488003,-0.1592061884196355,96,69,96.00310596952312
2513,795.1030845152148,156643.61779063995,75097.97287435681,76059.50080162435,1066.7616546333302,338.23225670591637,200.54937266011257,335.1953416351753,-0.0001164410472027,-0.1665621624805203,96,69,96.00324029226265
2514,795.1199774169088,156638.7241208208,75107.83716405087,76054.79250367863,1016.1254404843785,322.20197718791314,194.20627040733234,316.3227261326392,8.58258118566673e-05,-0.1654594467321347,96,69,96.00337701028704
2515,795.1232977131622,156639.09877805557,75105.88032688282,76066.74137784737,974.3241507817875,306.61287942921626,187.43120678293053,303.20391981559806,-2.2060463821054788e-05,-0.1506122839944861,96,69,96.00351612005488
2516,795.1393060901498,156670.02330768807,75083.66801176195,76080.14906737025,930.0670797831262,289.6150106037094,179.49573891662294,279.83583974212524,-5.02213176374793e-05,-0.1509249222913937,96,69,96.00365761774884
2517,795.143063486122,156684.00879821778,75114.86685170274,76070.21529556696,888.5917615232756,273.5983041087893,170.7168716354936,261.66261575592216,0.0001030980148097,-0.1478693150928153,96,69,96.00380149927577
2518,795.1599335737401,156693.98140671453,75098.11187778362,76049.2609711482,840.813550310675,257.4774839293532,161.15326389076654,233.99476348757162,-0.0001161460820833,-0.1558641535484776,96,69,96.00394776026532
2519,795.1631794838145,156714.25358144735,75109.18407150799,76078.08660842295,794.5551350159221,243.5748702220444,151.5519387788081,214.84326530894032,8.432852608121912e-05,-0.1445782972299363,96,69,96.0040963960694
2520,795.1792352076438,156745.42126657403,75096.7254031859,76053.71151860546,743.7329812839744,230.45154914703744,142.28360013465863,188.9681426397292,-1.99392629493085e-05,-0.125110235153963,96,69,96.00424740176196
2521,795.183045781664,156743.26692410235,75089.69912708834,76057.67691185889,697.0542462882004,219.39728944005037,133.96966597950086,173.54593171103625,-5.214697382718461e-05,-0.1021692724693307,96,69,96.00440077213764
2522,795.199880987487,156769.02566685795,75096.26495917371,76064.14940269245,649.4952470589778,208.42396601002838,126.81127201530035,152.6584213200258,0.0001040843182806,-0.115573809566975,96,69,96.00455650171158
2523,795.2030609354341,156746.70715014535,75102.90560040998,76064.70247065407,607.7102189847501,197.90739813081746,120.79605542888748,143.53598950628657,-0.0001158121256846,-0.1333369763089897,96,69,96.0047145847189
2524,795.2191709585029,156773.4994340897,75110.80556974896,76061.80175197209,563.4745164166088,185.28987603638961,115.34022815147182,127.51929466467118,8.280339468732705e-05,-0.1327269551634415,96,69,96.00487501511392
2525,795.2230298445368,156774.04523670868,75091.91988533619,76056.55868490001,518.5924267674563,170.12458479627094,109.18096990743652,120.14328886009753,-1.7812200970848658e-05,-0.1592923837351526,96,69,96.00503778656946
2526,795.2398198487867,156782.00390150156,75108.30626196184,76044.55892437822,462.9025664309156,149.9382291885995,100.67859711855999,102.7298517478921,-5.405430694558467e-05,-0.141882774637597,96,69,96.00520289247665
2527,795.242942907257,156789.95526830034,75105.01493751047,76034.7023867386,397.4031531535438,124.6125374497642,87.90965720964596,92.53017877650564,0.0001050351607906,-0.142113399968834,96,69,96.00537032594391
2528,795.2591137062157,156802.51658298867,75090.64857868706,76033.9847427199,315.39341921004234,93.53935481564258,70.11706144112395,70.54818537304527,-0.0001154392742318,-0.1521863116034762,96,69,96.00554007979711
2529,795.2630142639267,156794.81745458112,75101.8236033956,76068.73425033115,224.20062886882806,59.591750080900965,47.899788046546746,55.30477838986553,8.125097674638701e-05,-0.1300987362503281,96,69,96.00571214657836
2530,795.2797503821058,156833.7849793113,75101.24494735894,76019.98330638818,128.8355678191292,27.17855026469624,24.86099386762362,30.454277233278845,-1.5679969027597764e-05,-0.1340179910983312,96,69,96.00588651854582
2531,795.2828263653598,156830.2507609587,75090.8931261973,76036.38435109578,48.5382386954152,4.314543775311904,6.37540685836575,17.60501144299633,-5.5942664135695854e-05,-0.1272944529237938,96,69,96.00606318767346
2532,795.2990635347753,156841.11519737804,75070.83197269973,76036.40680640355,-0.0,-0.0,-0.0,-0.0,0.0001059502420551,-0.1464950761087779,96,69,96.00624214565032
2533,795.302997726623,156843.9270263965,75080.52302187758,76054.35406121782,8.2140979214455,23.356374122929992,12.05175179435173,-0.8005755390331615,-0.0001150276725851,-0.1235937618004919,96,69,96.00642338388
2534,795.319672907866,156846.55325726388,75092.63797685296,76041.35876398283,89.6081871992792,80.44121056633594,47.36009667944745,-1.4622049665777013,7.967179522288987e-05,0.113098405824149,96,69,96.0066068934807
2535,795.3227123244828,156789.83962895794,75088.09751716617,76058.96290478838,257.83691406965954,172.09952756705752,105.72475549913361,19.07429802903789,-1.3543300827649707e-05,0.3882448428217582,96,69,96.00679266528424
2536,795.3390202941279,156772.1430095664,75060.00741053445,76039.85105697141,510.5357348783873,293.36532742279815,183.7192831785651,40.24617732214392,-5.781142833584753e-05,0.1117354647153784,96,69,96.0069806898364
2537,795.3429790066854,156718.2793370392,75091.25257214165,76036.88944606336,836.1144251619116,433.20369549590396,273.0474854418426,80.7688034439052,0.0001068292587103,-0.4862397028549318,96,69,96.0071709573956
2538,795.3595878693502,156681.59529262042,75088.48311956762,76056.95952060376,1208.5697431786102,578.1012220837147,364.95820249649114,119.22054732998367,-0.0001145774792115,-0.3362413711600258,96,69,96.00736345793368
2539,795.3626017957397,156620.21891190374,75093.66279522501,76066.47027572055,1596.9898762342636,713.323003846177,449.63504409065354,173.9167826002522,7.806639326934237e-05,-0.1347270254854909,96,69,96.00755818113448
2540,795.3789836287259,156577.49310196788,75073.92252523257,76047.60352120992,1967.3968492271379,828.1722803982266,520.9747605520242,220.83263132581487,-1.1402915328101582e-05,-0.2188807603412366,96,69,96.00775511639456
2541,795.3829569715879,156479.9328534431,75084.46544557714,76044.49349388915,2291.709400026244,915.0778032023663,574.2941314933269,278.245405002177,-5.965997327545746e-05,-0.1528903453815858,96,69,96.00795425282227
2542,795.39949584141,156443.1582085801,75063.83799431162,76054.23175486983,2550.4105966469506,973.1647293086717,609.6016117104591,323.785883299337,0.0001076719340956,-0.1553334453804298,96,69,96.00815557923757
2543,795.4024957473929,156376.8044572204,75089.0841927546,76041.23440015422,2735.046516858274,1003.9136621572106,627.508215376205,377.4127279401,-0.0001140888571584,-0.1499871111881877,96,69,96.00835908417184
2544,795.4189529997767,156362.60039634455,75084.60807038569,76020.3578007183,2848.0442782905884,1013.5269149239466,631.8934980952617,416.0394471066247,7.643532437271136e-05,-0.1385933505783417,96,69,96.00856475586788
2545,795.4229305955738,156258.3095311781,75109.74625694103,76030.61910401908,2898.6002353421063,1006.7951426710206,625.2350716421934,461.269924065331,-9.25953410315937e-06,-0.1351986535309987,96,69,96.00877258227943
2546,795.4393975281893,156256.63156088625,75069.99269829823,76051.94648950793,2901.6628203777364,990.4371414644556,611.8746029864415,492.5519262292073,-6.148768450544462e-05,-0.1324385032075637,96,69,96.00898255107084
2547,795.4423950734706,156169.61398561185,75073.81835933425,76056.10339008049,2871.366791165725,967.529486630141,593.8093853028404,532.8954019732191,0.0001084779968016,-0.1175847260822573,96,69,96.00919464961773
2548,795.4589277056343,156164.04947137614,75080.91220970443,76045.83546024251,2822.962611489289,942.7863366667734,574.6850737600616,560.1187667009945,-0.0001135619881672,-0.1071342263982053,96,69,96.00940886500535
2549,795.4628989758169,156122.93008838524,75069.45680768251,76050.24535845964,2766.256182577694,917.063745007239,555.5188114639313,597.5303135705472,7.477914661117193e-05,-0.1043686182973483,96,69,96.00962518403024
2550,795.479293753316,156075.37850199253,75075.0063056625,76038.2972160097,2710.9918216310907,893.5949787961436,538.9833984972938,623.4332105857902,-7.113882222915622e-06,-0.099316098145611,96,69,96.00984359319844
2551,795.4823005681538,156044.0376855109,75078.16291278265,76023.58601698857,2660.4380657312577,872.0515619764774,525.0592084635136,660.0218128153065,-6.329395474366608e-05,-0.0971726155306117,96,69,96.01006407872666
2552,795.4989069023032,156001.73851958103,75052.43469625317,76055.77809930166,2619.0557473883964,854.9320978189062,515.3451559067325,682.1274187548552,0.0001092471899305,-0.1086886350740908,96,69,96.01028662654176
2553,795.5028613490666,155956.76523960542,75063.09665590672,76033.34274657392,2584.746436219255,840.5386927726358,508.3604555154161,711.7169861492002,-0.0001129970642281,-0.0860212440373734,96,69,96.0105112222802
2554,795.5191854444128,155926.20670634796,75049.71160463638,76046.17544706413,2557.73313340795,829.8163282098394,504.16194675222505,724.7673855658213,7.309842906426527e-05,-0.0698915315372332,96,69,96.010737851289
2555,795.5222129051472,155917.8847979262,75065.88628178515,76024.7444258655,2532.0280238173436,819.4244674670481,500.02860298359883,743.8453907887451,-4.966682870332826e-06,-0.0679420728418254,96,69,96.0109664986246
2556,795.538889624633,155897.54999004657,75061.08121116928,76021.2768861099,2505.6471647927538,809.3607142148248,495.4775500650576,744.2691990021849,-6.507818335615707e-05,-0.0363133736646515,96,69,96.01119714905394
2557,795.5428171074553,155912.67115197348,75048.74048894182,76019.2317264273,2471.3963894760236,795.8150821797462,487.9098093180801,751.3515283722081,0.0001099792690092,-0.012592287067874,96,69,96.01142978705388
2558,795.5590736130248,155860.11029514688,75068.54856642608,76013.96560377177,2428.6211232796195,779.4874513998366,477.7191340714344,743.288411128713,-0.0001123942913088,0.0090634105302438,96,69,96.01166439681114
2559,795.5621326218911,155893.87672043912,75072.66263941368,76031.39232520854,2373.759822373744,758.3656789255765,463.8209763361665,745.9919649449294,7.13937470880785e-05,0.0236012474807556,96,69,96.01190096222268
2560,795.5788748081968,155867.8112044798,75069.33382030844,76007.82860937287,2311.9885485296254,735.7740873883595,448.36203448902234,735.8906733309268,-2.818660618029608e-06,-0.0041979448828538,96,69,96.01213946689582
2561,795.5827658128496,155865.1986569609,75075.76558367266,76045.23717054428,2245.456891683454,711.928890550058,431.72933619536343,739.7215560146724,-6.683977845225348e-05,0.0173564716665926,96,69,96.01237989414798
2562,795.5989593305918,155857.43808875044,75061.35070237517,76023.41543844227,2183.8770155558013,691.6260755390831,417.05019865054055,734.1865099625138,0.0001106740017497,0.0288620312852413,96,69,96.012622227007
2563,795.6020601090229,155833.38311676114,75074.16166614238,76044.99640289847,2131.3914555033552,675.4132540587307,405.1466901494423,744.0989684686938,-0.0001117538868524,-0.0043611387190927,96,69,96.0128664482116
2564,795.6188613112124,155842.0704180226,75062.45985651815,76017.31023351838,2096.6683300962322,667.1915586665709,398.74428195427754,743.033452653035,6.966568551552869e-05,-0.0496767920925113,96,69,96.0131125402106
2565,795.6227072096457,155795.7933464941,75097.74591265709,76016.1759829485,2079.6647721996997,665.3943800920097,397.3524274712545,756.3947948266868,-6.705385277629858e-07,-0.0947612564584117,96,69,96.01336048516433
2566,795.6388437005971,155802.43294042943,75077.12769076812,76021.9296189488,2083.2146376834717,671.5296802427911,401.76123323634965,758.3653190355399,-6.857815381897018e-05,-0.1396955652685656,96,69,96.01361026494408
2567,795.6419956057631,155774.12255859296,75071.8078465566,76029.05121589795,2101.5670021867845,682.1695717145922,409.606804193696,773.3148448632564,0.0001113311699842,-0.1706876048275082,96,69,96.01386186113236
2568,795.6588479354025,155747.14423961047,75081.99604525897,76015.80910958852,2132.8106900764396,697.6080527468584,420.17091795409215,773.9878922702628,-0.0001110760815589,-0.1912909165891259,96,69,96.01411525502294
2569,795.662641236556,155735.00092280807,75069.74576114865,76035.41590797306,2168.095353678742,713.6246302542422,430.34532913248404,787.0904374958482,6.791483528482571e-05,-0.2033569729297294,96,69,96.01437042762196
2570,795.6787278265019,155741.8584542928,75092.27385282262,76047.27045767756,2204.243735835131,730.1366105091292,439.5049674840702,786.9112853555125,1.476957288279399e-06,-0.1927249941962529,96,69,96.01462735964716
2571,795.6819392026549,155711.175250106,75083.08428422936,76034.44691836368,2233.265012103948,743.026794311867,445.4808718197455,799.3039275560295,-7.029273607176175e-05,-0.1838288692729032,96,69,96.0148860315289
2572,795.6988334436779,155670.12373407627,75093.5045281417,76006.83954634196,2253.441674090398,752.3434859720728,448.6813571919629,797.0480469822651,0.000111950563483,-0.1869265430457372,96,69,96.01514642341012
2573,795.7025680390335,155700.34426742935,75074.48026833375,76019.52099678274,2258.577149003104,754.218672444651,447.76675818976946,807.7257665581128,-0.0001103611215075,-0.1815666419307889,96,69,96.01540851514686
2574,795.7186127739008,155666.0174792025,75069.05553562124,76015.17753256642,2248.436787850049,749.413618687744,443.5272018594551,804.399287838256,6.61417936056369e-05,-0.1672117485525859,96,69,96.01567228630836
2575,795.7218908543892,155655.12308929008,75048.82381543517,76037.90005710397,2219.085992532433,735.7108789669,434.9507049191743,812.6659843678353,3.623104340718365e-06,-0.157777212792417,96,69,96.01593771617776
2576,795.7388165709185,155636.96055061533,75066.22277938841,76029.31427113188,2172.477044635336,715.727205550691,422.983319026127,803.907620949205,-7.198295282796376e-05,-0.1487401673222036,96,69,96.01620478375236
2577,795.7424879861235,155641.53260607956,75077.49681135127,76034.94114634069,2107.8985648500384,688.9613157398853,407.0257378977549,805.8690228921478,0.000112531995511,-0.1346855881961284,96,69,96.0164734677438
2578,795.7584995227958,155642.44164783633,75081.95590341286,76018.76331565272,2030.6219329375308,659.0741644713562,388.58331328525674,790.7911238492234,-0.0001096092536685,-0.1344848089401967,96,69,96.01674374657878
2579,795.7618504084091,155636.08060822307,75076.94525301097,76033.73320832707,1943.8972040296649,626.0831896335003,367.901426976081,785.4014262550918,6.434717599794487e-05,-0.1265169309921015,96,69,96.01701559839952
2580,795.7787960202694,155648.81121721366,75089.03149491375,76026.15947559146,1855.027938549465,593.0619682099205,346.89466005240683,761.7075537520286,5.76718634993791e-06,-0.1238344681288529,96,69,96.01728900106396
2581,795.7824017003715,155655.9739050867,75079.31704405195,76043.9466423112,1767.789056221838,559.0425027880556,325.8854859197454,749.5541727668606,-7.364824305054641e-05,-0.1158526810601266,96,69,96.01756393214646
2582,795.7983888999422,155660.7726744631,75079.90523251258,76040.09630015319,1686.9317674254999,526.0469244425913,306.31922163875424,721.7675484186329,0.0001130752787801,-0.1210780243273087,96,69,96.01784036893838
2583,795.8018176625152,155670.34441068547,75071.74674133582,76031.77085028388,1612.6549545479938,492.84383314748993,288.0570133092988,706.6026410848717,-0.0001088207605081,-0.1430607522895844,96,69,96.01811828844848
2584,795.818770427655,155694.2395312275,75069.25207370239,76047.89938411342,1544.5461353418068,461.30087769098463,271.84656631265534,676.017161156924,6.253157415462333e-05,-0.175160238196546,96,69,96.01839766740324
2585,795.822310122036,155710.91816245846,75071.41320627803,76023.81445358857,1479.3775072006974,430.5115281858889,257.15611922214157,660.2468315885344,7.908457659905024e-06,-0.1710903852579363,96,69,96.0186784822479
2586,795.8382814648969,155709.3047642471,75080.2085840882,76028.16939687938,1414.4743914243882,402.6054292181507,244.33823859586846,630.5601063777867,-7.528807615076213e-05,-0.1632522541258844,96,69,96.01896070914678
2587,795.8417924859515,155732.18516396562,75087.12392729548,76045.18312677767,1347.7428971765912,377.228254814705,232.79050113717676,614.6645907781785,0.000113580234992,-0.1833650116911707,96,69,96.01924432398395
2588,795.8587382489676,155728.99931399286,75083.5121854565,76040.51421974719,1278.468289004115,356.2957531387801,222.53194062315742,583.1284384654136,-0.0001079959156863,-0.1737471639170033,96,69,96.0195293023637
2589,795.8622146667103,155726.28103219136,75101.84673373408,76029.850412252,1208.4116244239267,339.0028743260482,212.8575169891119,566.225022475759,6.0695636219112645e-05,-0.1624414747136509,96,69,96.01981561961132
2590,795.8781772722948,155761.77443381143,75093.05649028918,76033.04010741904,1139.0232494306983,326.0769144563528,203.60334304056596,534.518496448436,1.004624530927055e-05,-0.1655890316947689,96,69,96.020103250774
2591,795.8817751084293,155819.99050391506,75076.58792902526,76027.45971494267,1073.8369262569468,315.66936905746115,194.3692288865568,516.7055126804626,-7.690184918596328e-05,-0.1579778389219296,96,69,96.02039217062097
2592,795.898697427046,155785.41227027396,75068.04972695859,76034.45489174458,1013.1665486603742,307.0870124250505,185.23408227600157,483.58749702901696,0.000114046769433,-0.1470520114927654,96,69,96.02068235364464
2593,795.9021176734204,155785.5296841592,75096.86544366884,76055.70380992346,959.4122094418854,297.9448062827141,176.35867952444823,466.32866063102847,-0.0001071349685902,-0.147506564149453,96,69,96.0209737740612
2594,795.918075234397,155826.843097061,75090.23883141535,76054.59670423731,909.6336498140008,287.4830063346162,167.93901145798736,434.7865459319146,5.883999509381767e-05,-0.1594253442022036,96,69,96.02126640581136
2595,795.9217669727877,155833.46359049116,75094.35712900845,76043.19273724439,864.4057704147999,274.50877130679146,160.1905251608987,417.7838120980887,1.2179786005048902e-05,-0.1405291756780985,96,69,96.0215602225609
2596,795.9386442578851,155844.09205929187,75079.56716344258,76047.16690552488,818.7939261276042,259.4881394314434,152.79383096448146,385.3433952423511,-7.848912763833102e-05,-0.1348086385493213,96,69,96.02185519770208
2597,795.9420240148715,155850.48420078662,75092.05766899067,76030.12111981891,774.4124782424769,243.0127482754906,145.69339993258473,368.6795842194406,0.0001144745964121,-0.1193341993448402,96,69,96.0221513043536
2598,795.9579707348053,155860.46052037465,75091.32448103117,76056.54955414501,726.7098736778134,226.4925036694185,138.14462152126362,336.90307164925616,-0.0001062383862663,-0.0873163605935242,96,69,96.02244851536192
2599,795.9617743190399,155905.88377330214,75086.66269298046,76040.68728884646,679.3918034834787,211.07778920490819,130.22063048617565,319.2678434329573,5.696514404322457e-05,-0.0991821598707585,96,69,96.02274680330234
2600,795.9785678099222,155888.7358849588,75097.75404385141,76021.80698252685,628.2791992502171,197.09452753949154,121.18971490647527,285.63990557854413,1.4308293374442069e-05,-0.1146327082258273,96,69,96.02304614047912
2601,795.981950373661,155910.29630370872,75093.99929369787,76024.78286215894,577.95867518452,184.12694234658557,111.41485094380914,267.33944229671033,-8.004934120568283e-05,-0.10828606561191,96,69,96.02334649892704
2602,795.997838911424,155929.0064019133,75097.13386987554,76024.25513233744,521.5071907812962,169.90072568813048,99.82103786739754,232.80768523423467,0.0001148637734629,-0.1268929893625132,96,69,96.02364785041183
2603,796.0018420460895,155949.23965960735,75122.79255432136,76046.73465848675,461.43969379604096,152.32750760647468,86.56324282937567,211.09483446506783,-0.0001053061638987,-0.1258453510303414,96,69,96.02395016643148
2604,796.0183641701205,155963.29092637848,75103.19850113797,76011.26477015518,388.6533065943513,128.43125251664605,70.32586952333804,172.301091743313,5.507213090219146e-05,-0.1082333083482473,96,69,96.024253418217
2605,796.0223664014987,155981.71243278362,75122.95371580367,76005.71798579335,307.89492985222023,98.28343158357893,52.06874374052859,147.0561796700349,1.6431459436078787e-05,-0.1141785410599704,96,69,96.024557576733
2606,796.0382320925324,155994.36500336192,75121.54125360023,76034.4295882614,214.5342523897998,62.99595032473735,31.977757165412186,106.24463562614983,-8.158168780083674e-05,-0.1156023961430597,96,69,96.02486261267948
2607,796.041645199442,156022.56754191016,75095.6137339774,76051.92101737324,123.87092635955196,29.181379360583378,13.894588325638324,81.20969417373999,0.0001152142281416,-0.0969695293921966,96,69,96.02516849649216
2608,796.058426930912,156073.41849138789,75088.56808523851,76053.66357374993,42.558175543439575,4.202279124132474,0.9602762398717459,42.26453123151441,-0.0001043389257653,-0.0927459809271466,96,69,96.02547519834366
2609,796.0622376516122,156051.42250542704,75098.49228467079,76058.78873330275,-0.0,-0.0,-0.0,24.63727860353538,5.316093519230557e-05,-0.1031168519576731,96,69,96.02578268814476
2610,796.0781540827899,156047.9831789908,75118.73389817167,76051.8578025558,10.024190627445932,24.762857403358794,15.001382915419526,-0.0,1.8547602534530964e-05,-0.0687999960581307,96,69,96.02609093554504
2611,796.0815754864202,156042.78336766214,75138.89763785545,76048.4669262276,101.83537143282592,86.63202761647699,51.329461964865914,1.674051434674766,-8.308675482659187e-05,0.1184070828427616,96,69,96.02639990993428
2612,796.098428125157,156053.26020421553,75106.21439321,76044.84386076118,276.5716220099712,184.31246725679375,108.39068476299872,-0.8522930752951652,0.0001155249141468,0.3943408054920685,96,69,96.0267095804435
2613,796.1021375086531,156024.43872884364,75141.40077734127,76043.15896513574,544.3653051930014,314.05875787975674,185.47448039564188,26.63851798340329,-0.0001033374816274,0.2380633962653529,96,69,96.02701991594604
2614,796.1180549284542,155946.33771460946,75098.4864581058,76030.98169419327,879.4226266488549,461.7619249361451,274.7801755766268,51.66859586897772,5.1232510032609313e-05,-0.3647825150761914,96,69,96.02733088505823
2615,796.1215304740689,155929.4947214339,75115.24194839662,76052.67191397448,1266.6728247294668,614.5042690276605,369.6523581481306,103.55460519317421,2.0657261355044413e-05,-0.3309259582489738,96,69,96.02764245614183
2616,796.1384118854918,155835.05601971416,75118.91515979652,76083.98102338029,1660.9126915422385,754.3319079530193,458.6985857858381,146.51966991531663,-8.456188912993039e-05,-0.0825266314120681,96,69,96.02795459730348
2617,796.1420419237913,155763.60717857044,75112.9342748702,76034.39676598685,2042.046779269178,871.9232022869692,535.7362746195286,210.96415396485827,0.0001157984917006,-0.1513472570296812,96,69,96.02826727639729
2618,796.1579503841906,155684.42096192876,75106.78961210043,76078.53031187736,2369.5039017213276,957.5048616292042,592.8342719041684,260.86499926654506,-0.0001022994361326,-0.1068937940286879,96,69,96.02858046102506
2619,796.1615002961614,155631.89250009682,75117.34380843099,76052.85289306167,2638.068966544117,1012.7788564486254,629.8323493603821,324.9351764060557,4.9289458639477554e-05,-0.101955234278377,96,69,96.02889411853812
2620,796.1783831364068,155580.6967158471,75115.11388619867,76061.2331880916,2826.3644219344133,1038.1248823892674,645.4692843035446,368.138172132225,2.2760036731683524e-05,-0.1063900979995291,96,69,96.02920821603864
2621,796.1819479462629,155509.1608230646,75129.67948445314,76073.78439800758,2951.090896699985,1043.2754650081333,645.8662379184825,423.43999367413926,-8.600858107721272e-05,-0.0884013311491356,96,69,96.02952272038014
2622,796.1978432825526,155489.10655978462,75106.76433381412,76072.37496789593,3006.094355833018,1031.968765647849,633.474898530214,456.9872737398546,0.0001160304164686,-0.0849424103804931,96,69,96.02983759816968
2623,796.2014837403337,155392.58165477792,75117.97860734872,76061.431097309,3017.661188534228,1013.8454010248242,615.6837365198007,500.17503820810816,-0.000101231666615,-0.0727716721046801,96,69,96.03015281576846
2624,796.2183401475379,155368.43268589844,75131.87260289128,76065.72442037224,2983.6063161903876,989.9865504957997,594.0274638853589,519.9188872731465,4.732507280266855e-05,-0.0776687211784971,96,69,96.0304683392934
2625,796.2218586474906,155321.11434029095,75093.62138041045,76025.36302990334,2932.959420393745,967.1979039044963,574.1351131971169,551.0469219752995,2.484884373952406e-05,-0.0695441583157129,96,69,96.03078413461876
2626,796.2377304744214,155282.78501052357,75114.05099977959,76036.766498422,2861.7944638908957,943.3815786375199,554.9864053404599,561.139665202907,-8.742955768541752e-05,-0.0586860525294809,96,69,96.03110016737676
2627,796.2414861533018,155284.28672118834,75094.82786348303,76075.13840781891,2796.6529785536695,923.2851197973796,540.0367117893911,583.6912103005161,0.0001162226109709,-0.0596977879846735,96,69,96.03141640295986
2628,796.2582726944429,155262.3233593742,75124.59095693319,76072.29762216413,2730.849508994026,903.78071167483,526.8027292998449,587.8440197045566,-0.0001001261781974,-0.0423311206601807,96,69,96.0317328065213
2629,796.261789630046,155199.06942081254,75154.19629222651,76064.75630356587,2688.8264444983215,889.7138472872757,518.1630121107155,609.8218014116283,4.5354522304830726e-05,-0.0420216011563295,96,69,96.03204934297707
2630,796.2775887305829,155208.59303613752,75111.09030420979,76048.92120054718,2657.318838341278,877.3286391402507,510.8804341596406,617.4694529556728,2.6941503167872343e-05,-0.0364015454318108,96,69,96.0323659770071
2631,796.2815493493762,155173.56783668196,75141.23418177618,76056.73128344174,2652.0880117579363,870.3841170697124,507.0808380292874,642.6734781159321,-8.880580875992068e-05,-0.0117980091258561,96,69,96.03268267305673
2632,796.2980877388699,155154.05008092072,75120.79334623697,76077.41813832865,2651.688472967362,863.7803230048157,503.00739827778307,652.5451703544531,0.0001163882221537,0.0063931629671054,96,69,96.03299939533838
2633,796.3020913441527,155064.1478595876,75115.74744620523,76094.19095675535,2665.5393234345247,860.0770993757615,500.54922141278803,678.33037240259,-9.898115818669872e-05,-9.76547537171966e-05,96,69,96.03331610783243
2634,796.3180849782939,155071.63635589313,75152.3704687456,76091.21410312873,2667.2150871549384,853.0129857597931,495.76919520781667,685.7658904445707,4.336529084347582e-05,-0.0032246967823572,96,69,96.03363277428952
2635,796.3213523709122,155061.7894580194,75134.47798019162,76073.39356899273,2665.876728100993,845.129259874564,490.86511964094825,705.6575491083786,2.9007318608487763e-05,0.0298837724490258,96,69,96.03394935823138
2636,796.3381422312714,155023.06225606953,75117.15693390254,76110.00201827742,2637.3913889831165,830.7935341311095,482.28347673000826,702.7143414633174,-9.018072233898148e-05,0.0443157630488196,96,69,96.03426582295288
2637,796.3419808108944,155019.9232765572,75132.82311719129,76058.43307837263,2599.548565730045,814.8319953665778,473.3171559468028,712.0847217325645,0.0001164775139544,0.0632941815815586,96,69,96.03458213152302
2638,796.3579978709076,154987.74471674347,75149.93689432288,76085.66098414928,2537.1416781437,793.8901288552152,461.33737599969027,702.1090825143328,-9.784014560535857e-05,0.0767142233900338,96,69,96.0348982467874
2639,796.3612782325545,154997.65391381574,75123.81778689315,76076.68976826873,2474.7625219725887,774.3921552829997,450.1486426174815,707.6053529366618,4.133621326468103e-05,0.0572159672390734,96,69,96.03521413136838
2640,796.3781420869592,154995.71627585616,75152.08384212508,76097.82927016886,2401.258957027807,753.6328869816498,437.3941068116983,695.9881624814298,3.105865205293853e-05,0.0502539145701487,96,69,96.03552974766822
2641,796.3818941424031,154990.0019273389,75144.85624305767,76083.3165757936,2344.296142225445,738.3110885786591,427.3425000354764,703.7326511802967,-9.149778135053788e-05,0.0177457830063269,96,69,96.03584505786968
2642,796.3978915349422,154964.71100068477,75140.6922120234,76099.94388936216,2291.0236384889577,724.8536547309777,417.69686007435666,697.846607886866,0.0001165879621293,-0.0446810715750243,96,69,96.03616002393814
2643,796.401226620525,154908.98602420167,75155.70734667622,76086.46480742478,2262.675438819686,718.169346568,412.12397445674287,710.3605892910273,-9.657876110713747e-05,-0.0889604784014486,96,69,96.03647460762288
2644,796.4181281650558,154945.9363421029,75166.82876861123,76092.06969414423,2238.952094468521,712.9307301097579,407.4549507563934,705.3796217479976,3.939317185705697e-05,-0.1190988484870688,96,69,96.03678877045904
2645,796.4218095184567,154907.4757971478,75157.73772625317,76120.58541718232,2236.261941233941,713.1462571970333,406.59103408193914,716.4151361301192,3.318426900281616e-05,-0.1344318071404684,96,69,96.0371024737693
2646,796.4377800278662,154880.8551451735,75165.84022077445,76108.98501762138,2230.28321330552,712.8157738500304,405.52100378868636,708.8095617641811,-9.274096601342764e-05,-0.1396730324355758,96,69,96.03741567866548
2647,796.4411891869202,154869.46565914823,75139.78519507602,76107.68110730087,2234.059165686078,715.2684283758863,406.33930805290584,714.7664602337172,0.0001166315586085,-0.1389154368550736,96,69,96.03772834605007
2648,796.4581043292374,154882.91353260656,75146.11076598187,76114.03043996767,2223.453056436556,714.4339801644819,405.0239373446093,700.6952619817166,-9.539881754864296e-05,-0.144036165738899,96,69,96.03804043661856
2649,796.4617244722344,154884.9281661462,75152.02239383254,76120.71014933306,2215.3398587467964,714.1799460077018,404.44805318684666,702.7432478773117,3.7241778221970574e-05,-0.1283426194652113,96,69,96.03835191086056
2650,796.4776658316255,154883.50548846004,75158.97576949262,76112.92580802173,2189.0966027249815,708.7903138478578,401.4762735631375,688.742556385434,3.50483336664919e-05,-0.1201096978015206,96,69,96.03866272906188
2651,796.4811651948662,154848.50988677572,75180.08182290246,76107.4677603665,2162.8818218440283,702.0222978615202,399.32236758217914,691.9274960625917,-9.420157367587792e-05,-0.1185358200342454,96,69,96.0389728513063
2652,796.4980686203013,154838.54620224374,75169.11256482499,76105.73153373167,2118.2363068516133,688.6409882724693,395.0106653486728,678.9628589327331,0.000116459403759,-0.1217518683960188,96,69,96.03928223747704
2653,796.5016417769588,154838.29174693304,75162.53099635661,76088.0393279425,2076.054472300166,673.4453671671799,391.4997690868622,684.1794404082466,-9.421494873933116e-05,-0.1244577242755327,96,69,96.0395908472596
2654,796.5175463176338,154827.1880584853,75169.22273377057,76123.4153368175,2018.8980459997547,652.2413328125695,385.08252484726836,673.4288031008327,3.5258381152873214e-05,-0.1150837029201596,96,69,96.0398986401423
2655,796.5211594334398,154815.18121660245,75143.95337091696,76108.1238006725,1966.0080782673322,630.286705822291,377.6481495698099,677.521206287609,3.730562834992526e-05,-0.1071074301500134,96,69,96.04020557541854
2656,796.5380119409645,154813.65394381993,75146.04644131502,76109.33302741229,1899.8923528746236,604.0762036495871,365.3172408268438,662.4774914028822,-9.50385362128496e-05,-0.1017109130245842,96,69,96.04051161218956
2657,796.5415746253453,154832.6260355579,75161.9157183208,76096.32539422216,1840.0930830143043,579.146417810698,350.5867046757776,661.717581739882,0.000116916782806,-0.0980035854169308,96,69,96.04081670936488
2658,796.5574025314318,154798.2139150925,75169.00472434291,76127.45317340537,1768.3535133818514,551.6253920106101,330.77992199224536,642.0420593616145,-9.242121018673156e-05,-0.1083768931269907,96,69,96.0411208256654
2659,796.5612055429923,154804.55468496776,75167.78692312086,76102.9295533486,1701.4246296522906,525.8782533648628,309.5261495190498,634.7004668326699,3.35538914859388e-05,-0.1135756246096252,96,69,96.04142391962462
2660,796.5778623855613,154810.97009887212,75160.53750212057,76109.18337407405,1621.6298257157905,497.7659401682322,285.71334228041815,608.339294254838,3.9368356936532746e-05,-0.1062350580703276,96,69,96.04172594959074
2661,796.581757243905,154833.74509486134,75194.79055724118,76122.52387879578,1546.8723055911832,471.653177039625,263.928378344659,596.3473870311282,-9.660350330316696e-05,-0.1073535230243848,96,69,96.042026873729
2662,796.5979811770867,154848.584146547,75163.98963191491,76126.6957264013,1461.1553786403383,443.8213445104484,243.33202927044476,567.6296407847258,0.0001160178694683,-0.1098482564516576,96,69,96.0423266500229
2663,796.6010324739691,154837.45412414207,75175.08535413047,76105.34466330017,1383.7234022549237,418.95956503934576,227.81138993395143,555.1643917481124,-9.22781007599907e-05,-0.1277568411862354,96,69,96.04262523627696
2664,796.617895294851,154829.3461892536,75167.39476077388,76118.71887640694,1299.4276747099357,393.60786230613303,215.28331560306833,525.2774681297888,3.0156514311043312e-05,-0.1166811057918929,96,69,96.0429225901178
2665,796.6216713178472,154866.19838507715,75158.94198292629,76127.00975600538,1228.669176582829,372.60156038962305,208.15028372980305,511.7706664263678,4.022087498159018e-05,-0.1079818394503334,96,69,96.04321866899735
2666,796.6378835880238,154888.67513216994,75177.25389553023,76115.04999892405,1157.1701337037957,352.65717116417363,203.106794931693,482.22939007077366,-9.833270468762708e-05,-0.116533971543019,96,69,96.0435134301938
2667,796.640955189418,154885.05203378393,75178.91085353804,76116.58640614613,1102.066407652339,337.73942277254537,201.09216589527205,467.9330006468517,0.0001162793813841,-0.1084644782362951,96,69,96.04380683081432
2668,796.6578914515611,154884.81404340663,75189.83168853658,76105.28097241848,1046.4066037781304,323.932890682132,198.1693268478266,434.5943911342474,-8.93796195250331e-05,-0.1091105302874752,96,69,96.04409882779656
2669,796.6615979413211,154895.15656443458,75167.97824289397,76100.71177751014,1005.5294557248708,314.4762926152325,195.25808392700856,415.273630692187,3.073011620490521e-05,-0.1192310772560481,96,69,96.0443893779112
2670,796.6777736569886,154919.12931029795,75183.69420108722,76114.17041302535,962.5208898420096,305.08560161016067,189.29497556688148,378.224389929208,4.556903752701127e-05,-0.1158078834782937,96,69,96.0446784377639
2671,796.6808938652193,154950.45611030373,75188.16118687145,76115.18704208669,930.4821009750594,297.9115937822935,181.9474095297919,355.36312155780615,-9.611560683325506e-05,-0.119502316978083,96,69,96.04496596379715
2672,796.6978811683198,154987.2275691382,75165.39385669527,76098.3454396555,892.5959375415114,288.4999797651544,171.4967686785094,314.8544882595306,0.0001184790545755,-0.1360062255951178,96,69,96.04525191229294
2673,796.7015210362268,154979.65737778644,75177.86840447146,76131.05867333866,862.5262844695244,279.25603036241955,160.74765671623754,291.151860540529,-8.764302589278148e-05,-0.1290967641339705,96,69,96.0455362393741
2674,796.717661952457,154980.32034652523,75192.45081756805,76124.22525200245,825.0700859946082,266.9478144175373,149.07419217552524,254.25999002350727,2.619872759786653e-05,-0.1143207301525209,96,69,96.04581890100728
2675,796.7208424161145,155012.8197929928,75192.60865671236,76130.08059436624,792.1150268224883,254.59180463297525,139.2263604773034,235.87357947579585,4.204751119515333e-05,-0.1208586732329399,96,69,96.04609985300428
2676,796.7378672498116,155051.04597983355,75198.56568836412,76114.62006103469,748.6436281132628,239.99486302319565,130.31512798499898,204.29053251160076,-0.0001051920405766,-0.1206573990420587,96,69,96.04637905102516
2677,796.7414381004694,155030.43737452684,75184.33536751798,76105.85103381998,706.2853970149299,226.1770955464599,123.93093327185488,191.7305763135082,0.0001092802373154,-0.1117381694642013,96,69,96.04665645057948
2678,796.7575515608783,155053.1015169994,75173.82156259178,76119.77104028595,650.8296992335236,210.44012205943,117.8804543800361,166.3259958777926,-9.398611045627036e-05,-0.0978097781482656,96,69,96.04693200702916
2679,796.7607990878198,155038.18624713784,75172.2956278779,76118.00926946146,591.53697262489,193.68149775084748,111.74502772343112,156.55184796627145,2.0260015024094195e-05,-0.0834190916184144,96,69,96.04720567559048
2680,796.7778496599359,155072.469476663,75186.64888510549,76104.1442324703,514.7318146883626,171.82773229738814,102.27147008990869,129.60137452499475,4.651493397071658e-05,-0.0930977032240252,96,69,96.0474774113362
2681,796.7813487286563,155050.3992646057,75182.13654413042,76115.9776622998,430.52423927292693,144.97497354417283,88.69724061834859,116.21469584896113,-9.593915792319436e-05,-0.086418017069008,96,69,96.04774716919805
2682,796.7974441789142,155075.0344393516,75187.67978698741,76089.22736775017,329.6557445991202,110.83270511520095,69.41344313527225,85.8760548538703,0.0001268329584486,-0.0971885579296979,96,69,96.0480149039685
2683,796.8007629125796,155079.2609521961,75161.30555400407,76091.91650701904,226.69663789699553,72.94699759158539,46.471893714449834,68.68221746591735,-6.988467208272839e-05,-0.1048523040039493,96,69,96.04828057030376
2684,796.817827736,155121.96581415256,75126.0752913505,76106.39126033208,122.8145039100782,35.38501447842282,22.931350200407906,36.26364605463459,4.0772326677501567e-05,-0.1333085759622225,96,69,96.0485441227256
2685,796.8212531916594,155114.9046258123,75178.74272194218,76101.93277807266,43.22993094922276,7.970086526445812,5.240401544549968,22.312822765525198,6.444644611075839e-05,-0.1488168627941504,96,69,96.04880551562331
2686,796.8373410312907,155124.21241222267,75153.7574472191,76122.15565255564,-0.0,-0.0,-0.0,-0.0,-9.448348315094362e-05,-0.1313940766874804,96,69,96.04906470325692
2687,796.840733073188,155142.9804565771,75198.39564034712,76085.12003252769,21.263029332098085,21.789423150083167,13.859928570513148,0.26567369131953456,0.0001102049374214,-0.1172623498622575,96,69,96.04932163975882
2688,796.8578006667104,155063.20441013607,75165.33539308324,76099.29585089337,116.96507783798734,78.83430811934522,50.595108191890176,-4.258947965950938,-0.000105280965961,-0.1040257053580306,96,69,96.04957627913628
2689,796.8611520988953,155093.3946514965,75188.29227877567,76125.0192345193,301.83728908130433,171.95890046996647,110.1100981279742,17.74500979646109,-1.5031111504736324e-05,-0.0987739489385584,96,69,96.04982857527352
2690,796.8772430836714,155038.67522643876,75200.84237330561,76111.65751556921,566.2639264126192,294.9159673604736,188.08851089933887,37.6706208701944,5.669790930805985e-06,-0.0992282859709385,96,69,96.0500784819349
2691,796.8807087453404,154966.80058656525,75176.91171379953,76108.81102678699,898.8823071680381,436.05800712619384,276.2516271840432,82.67545950540807,-0.0001479608979907,-0.089245118970077,96,69,96.05032595276626
2692,796.8977676398904,154949.78777180353,75187.62607777514,76101.06518653693,1268.8875491651124,580.7648352419346,365.35527151392307,123.3066788923461,8.363879958295416e-05,-0.0485730316391052,96,69,96.05057094129816
2693,796.9010462901106,154856.93365602073,75197.66643171417,76120.21707081515,1649.1064910509158,713.8394443455618,445.7207010447164,186.7982758404978,-8.723967679668245e-05,0.1287199236016297,96,69,96.0508134009474
2694,796.9171510883493,154821.21082876745,75159.95257295175,76115.19315464773,2005.3756297736545,824.1301834034966,511.2993516995339,242.03171725998982,5.198398629203193e-05,0.4319945310268135,96,69,96.05105328502049
2695,796.9206890699733,154721.6949667205,75176.68302813215,76121.1225422651,2315.6681771430885,904.2603147094051,557.8992801784625,312.2368306145072,0.0001271773773199,0.3172884107557729,96,69,96.05129054671504
2696,796.937727889824,154635.55286109523,75180.37686029638,76131.25987618198,2561.7883368239272,954.0154759414436,586.1945887562324,366.2931161034212,3.7031581248053e-06,-0.3088893870187403,96,69,96.05152513912284
2697,796.9409368025669,154580.32069189422,75186.38419073964,76142.76566841555,2739.733151108434,975.7235375740856,597.2293104585842,428.9627028150135,0.0002359366495916,-0.3024145848658121,96,69,96.05175701523224
2698,796.9570655670313,154521.7747060776,75193.30325710076,76100.15513299276,2850.843094484764,976.9531129206443,595.5451868661621,470.0522153917409,2.2721359244375118e-05,-0.0282411564111808,96,69,96.05198612793018
2699,796.9606731864139,154483.20167826302,75154.39587417005,76119.22902357535,2905.006461638026,963.5440610504447,583.6799000565516,514.4024255168333,6.755873491042148e-05,-0.1051312685999551,96,69,96.05221243000534
2700,796.9776806868977,154420.30887674948,75167.89118619081,76122.76318024739,2914.250893098244,943.6494445039134,566.5781010187056,536.1711463945394,1.993584472618556e-05,-0.0787867577674893,96,69,96.05243587414986
2701,796.9808248907377,154419.7594167158,75173.97039933213,76111.39016870067,2891.7716207670164,920.5544557623944,545.9731584550464,564.670893541741,-0.0002447725809863,-0.074170743706907,96,69,96.0526564129624
2702,796.9969867378187,154380.8971685911,75191.95970466382,76116.02402901789,2850.374540523044,899.5040650322626,526.3200939249073,575.8226944634807,-0.0001258698710515,-0.0725925966298349,96,69,96.0528739989504
2703,797.0006603348311,154351.50312235186,75190.18440056506,76131.83138449183,2799.500228983583,880.3017600899911,508.3456639406213,597.818992634333,-0.0003850439658161,-0.0496222551859162,96,69,96.05308858453247
2704,797.0176252440884,154352.68066788983,75206.17045152407,76153.90407989094,2748.57515138475,865.7198819107725,495.4043388646678,607.5296395638143,-0.0002894550003654,-0.0404311998933331,96,69,96.05330012204156
2705,797.020712142838,154288.59420778588,75181.98671088672,76154.07630006925,2701.4613704053336,853.3117121988034,486.25641636190994,632.5175404186593,-0.0001572049659694,-0.0501072774186638,96,69,96.05350856372638
2706,797.0369143191775,154275.01770081627,75187.43653459575,76144.24123983977,2663.905826268252,845.1369900504214,482.564584290958,646.3780011535855,-0.0001368920525082,-0.0319863623182732,96,69,96.0537138617548
2707,797.040650126529,154238.44919377912,75203.02402951206,76121.67573624045,2634.6685897720163,837.9791898060794,481.13845513899287,672.3710724015255,0.000336852066767,-0.0374891312962604,96,69,96.05391596821651
2708,797.057560396591,154226.80218527038,75200.36205291166,76138.88861061755,2615.7546035886626,833.5052734869532,482.2995638881548,684.1095693222887,0.0004206555948189,-0.0728758841878386,96,69,96.05411483512457
2709,797.0606009026012,154173.7870782682,75189.17648801063,76119.19487556344,2600.7010947905364,827.5922312812181,481.9285881800606,705.3379639991908,0.0007366465687984,-0.0471034871794433,96,69,96.05431041441918
2710,797.0768469067908,154173.5099890904,75169.96155146393,76128.90431123208,2588.7681533045834,821.9232105725678,480.8359636635869,709.4755572740396,0.0008752935607382,-0.0347221391249048,96,69,96.0545026579694
2711,797.0806434353608,154149.8434150374,75159.46073737838,76149.05679517552,2570.8512549290317,812.261272847114,475.77832599543035,720.2998205838085,0.0005973474652528,-0.0344853031102964,96,69,96.05469151757652
2712,797.0974833617296,154160.85214630648,75186.34806921643,76110.53650253954,2546.7812113625696,800.801929058347,468.8565563664306,715.0833579217142,0.0004619864570821,-0.021261282255536,96,69,96.05487694497548
2713,797.100496085828,154147.0139969429,75210.02679922142,76130.63413593736,2509.175583807577,783.9730811311165,457.85888628177054,720.0532571208896,-0.0003059043130636,-0.0190572966357355,96,69,96.0550588918391
2714,797.1167791468148,154118.69071263558,75170.53819289716,76133.54956940524,2463.356974606635,765.8701841402217,446.22561989219685,712.4071501078724,-0.0009274925932869,-0.002211371877572,96,69,96.05523730977887
2715,797.1206469467712,154145.94823850447,75181.72720204624,76140.40798216013,2406.9627222985146,744.5426465664932,432.4614727968583,717.0058185946837,-0.0015553798838472,0.0268813673503096,96,69,96.05541215034933
2716,797.1373820579104,154109.48779302396,75185.78198737277,76150.5684256503,2350.2699570230907,725.4648402883031,420.3982341540104,712.2062737721717,-0.0021640236249333,0.0302762997619971,96,69,96.05558336504949
2717,797.140419329356,154109.4977710857,75184.58401300201,76127.24467437812,2292.987265914504,707.15132588298,408.5185512640164,721.9124718324747,-0.0019387397511421,0.0235605930039489,96,69,96.05575090532582
2718,797.1566719409223,154074.55870975717,75175.66550248164,76116.95982778889,2246.740447547927,695.3283856761991,400.81502178290975,722.0023585107701,-0.0015255059925015,0.044190406325232,96,69,96.05591472257524
2719,797.1607539581042,154078.20327004322,75182.06885549954,76121.91349636893,2209.3364344006404,687.4053938971774,395.2355859420204,733.9310567363573,-0.0002159013111896,0.0585750674278876,96,69,96.05607476814735
2720,797.1766502486971,154084.74512829207,75204.34295760527,76126.19589611849,2189.0284735285095,687.0179974816565,394.5391945806623,735.9032050813548,0.0015478749925365,0.0632852580009375,96,69,96.0562309933473
2721,797.1799981733851,154013.1396247249,75204.17773448385,76139.48534517466,2179.5300586714293,689.5640957311116,395.40301627782173,748.2689637110161,0.0032393376866782,0.0529272879506453,96,69,96.05638334943836
2722,797.1967914604152,154036.32025777572,75174.73745886958,76128.64305363575,2186.068498906854,697.4784554541111,399.70875081955455,748.5202028875938,0.0049860628186985,0.0417925389699747,96,69,96.05653178764496
2723,797.2006011443129,154005.25344840004,75198.50774845801,76091.97702954408,2197.83634707483,704.7913221365743,403.07113026155275,759.2643982463051,0.0054340716051385,0.0242049862209625,96,69,96.0566762591547
2724,797.2165906819333,154027.4101342569,75171.74651941673,76138.59817695421,2217.4438266500947,713.7762890691956,407.21000993211055,759.7621779284382,0.0047674532807701,-0.0049247535433807,96,69,96.05681671512173
2725,797.219907828721,153972.10934582746,75163.81477387335,76121.79928329756,2232.5920957704075,718.97266718022,408.24309321364854,771.3210898957332,0.0024470404726081,-0.0623235476570311,96,69,96.05695310666935
2726,797.2368080827564,153987.3801953255,75198.38473680455,76092.45379056178,2246.433630650048,723.5218765116297,408.80567027968937,772.4525962617772,-0.0016022061978016,-0.1069497429204893,96,69,96.05708538489216
2727,797.240493370893,153951.32081005088,75170.3752342962,76112.98143708559,2246.9574670948787,722.0609922361327,405.51128124949173,785.0084527363942,-0.0061401957175205,-0.108012828453741,96,69,96.05721350085943
2728,797.256501011633,153958.72547388542,75165.3001214054,76101.7363897862,2239.4388347287895,718.0995726418187,401.6120670688397,787.4680734940921,-0.0108829057470191,-0.1316880261680882,96,69,96.05733740561789
2729,797.2598468698038,153907.6474710038,75195.00503477924,76116.55840056163,2214.5796255601454,706.8709961509594,394.25394024173147,799.075672099425,-0.0137738763334433,-0.1343040525342898,96,69,96.05745705019376
2730,797.2768057382835,153922.2565580703,75140.97311692522,76094.50263733108,2180.6510175521253,692.6474488085951,386.86810647917446,797.6350966197497,-0.0136800081421083,-0.1209163036651641,96,69,96.05757238559606
2731,797.280390639226,153906.16780679874,75156.55870670886,76105.19427086988,2129.870928011136,671.0804171348573,376.1288472741726,803.7147763263783,-0.0098129548884941,-0.1165772047347314,96,69,96.05768336281945
2732,797.2964054636625,153912.43839767747,75151.33431999377,76097.63168176019,2072.652085387963,647.4629230081773,365.248569037125,796.3616999035876,-0.0013516854890573,-0.101414027355501,96,69,96.05778993284662
2733,797.2998001141664,153889.65903165995,75177.36022869773,76094.53539773451,2003.2772263867082,618.7249451386015,351.14970451957197,795.1921017003478,0.0099280272321109,-0.1035542039640739,96,69,96.05789204665103
2734,797.3167933587624,153920.06455137613,75152.93982114996,76071.66373992113,1933.4401089811,590.9461273126071,337.50178283819696,780.204342563462,0.0224180736882651,-0.1187034878425744,96,69,96.05798965520044
2735,797.3202864226936,153907.83615169706,75162.85528304541,76092.77065472881,1856.82039570692,560.7794033726677,321.5760945571237,773.0238093947701,0.0325228521738627,-0.1458158909465157,96,69,96.0580827094584
2736,797.3363102606382,153909.75890277163,75154.40281700561,76095.31170781738,1784.6223314663512,533.88160641375,307.61207065323833,754.5640519984881,0.0361908893200141,-0.1461803747998047,96,69,96.05817116038858
2737,797.3397629590314,153908.24337871568,75172.31643656408,76080.04862991525,1709.9989375050063,506.4403239257954,293.351050268946,744.7204227089824,0.0307222260160697,-0.1218669090923708,96,69,96.05825495895584
2738,797.3567730717605,153937.89615244305,75189.1729239376,76078.75500124045,1642.8576439403114,483.2590008331463,282.7364768507541,724.3157403827063,0.0136016943657801,-0.1122115867929554,96,69,96.05833405613063
2739,797.360179000438,153958.56020646682,75169.15952134079,76067.68648560593,1574.1421670140116,459.41579981983523,272.46215823298553,713.728307841724,-0.0135061785993717,-0.0986262439792798,96,69,96.05840840289112
2740,797.3762182509705,153949.40446030124,75173.98196353883,76098.7303445721,1512.454052503279,439.304050442719,265.4447046259593,693.0823720089393,-0.0463399583568397,-0.096580006460456,96,69,96.0584779502254
2741,797.3797330326043,153949.79206183,75174.8596786711,76067.63495567032,1448.358683443861,418.2470510972198,257.7151174764149,680.1701087225229,-0.0770727165791472,-0.1156845916646655,96,69,96.05854264913546
2742,797.3967453576485,153984.62286531113,75158.20370388174,76072.04645670482,1389.8279125671252,400.7022459467553,251.60932406273787,655.1567292935506,-0.0942012853575955,-0.0946990043803107,96,69,96.05860245063916
2743,797.400068115631,153973.69941203846,75161.15430476413,76097.38401952345,1326.9322316616308,381.8823981339956,242.9707029191777,637.1736161299923,-0.08661222676931,-0.09758388420612,96,69,96.0586573057736
2744,797.4161311320956,153983.84166831407,75163.62329479247,76079.16915716525,1268.489114642609,366.51389061687223,234.7420112385298,607.2225316272816,-0.0431168160734098,-0.0914186075769062,96,69,96.0587071655973
2745,797.4197086477214,154010.86874441415,75178.42641263195,76079.13569709759,1206.5194090136793,350.34233104321174,223.9858112220827,583.9469009389868,0.0425867149139888,-0.0867335601911065,96,69,96.05875198119374
2746,797.4367101887923,154112.12502277037,75162.13832412448,76104.18275289414,1150.7814028535504,338.00383371497446,214.49283734272467,550.062135267799,0.1704933220674591,-0.0858160560620881,96,69,96.05879170367368
2747,797.4399541354769,154079.22005416857,75194.5131237888,76061.1403589127,1093.636194254097,324.88697777957714,203.77269320987398,525.7665759176307,0.3340857969591874,-0.0858125515938023,96,69,96.05882628417837
2748,797.4560500464754,154060.03959580726,75177.09836560185,76103.55098908304,1045.0506328447955,315.4727515661216,195.7226717629528,493.41594938136404,0.5183986454961089,-0.0689274174939,96,69,96.058855673882
2749,797.4596883558065,154110.3260411706,75190.48456396218,76115.37877938457,997.6036472076084,305.159607107038,187.62860578141408,470.99484348713304,0.7051211274304273,-0.0752278746620011,96,69,96.05887982399504
2750,797.476667405631,154113.76706467272,75170.9799268895,76094.44050514695,959.67644084926,297.7283681846602,182.3130306249368,440.8450860030425,0.8740150403091899,-0.0980865978149116,96,69,96.05889868576666
2751,797.4798377477522,154172.35897215287,75174.92285294064,76102.13659550273,922.0912582798628,287.9247483314102,175.95071613209439,421.114137312863,1.008078068491283,-0.0823601526241906,96,69,96.05891221048785
2752,797.4959757906098,154188.26564696254,75195.29427657132,76087.29463879825,891.7279284143005,279.4106820481393,170.7435383189295,393.22778926300816,1.0985497946727238,-0.078432862719973,96,69,96.05892034949406
2753,797.4996707904688,154177.48444121488,75206.23899080454,76106.19436008776,858.7984977615997,267.4666071245156,163.09046420222148,373.6715705145616,1.145019523548089,-0.0995732885591178,96,69,96.05892305416847
2754,797.5166168744923,154187.2145775412,75195.6300781705,76082.23209987131,828.6354743159027,255.91623918576806,155.5869533205987,344.94652856508037,1.158554374418485,-0.1124655878361635,96,69,96.0589202759443
2755,797.5197198181888,154229.3880789072,75183.26230474218,76085.97581426534,791.2719580892008,240.48693277667917,145.60223353639594,324.79889916369575,1.1572163528231272,-0.0963860247320934,96,69,96.05891196630826
2756,797.5359089027068,154227.54360649147,75163.73495742003,76134.1746707344,752.9781120031257,225.63651749557175,136.82040892806253,295.9405328511493,1.1624925146913776,-0.1007912720487654,96,69,96.05889807680263
2757,797.5396546095213,154235.45448505678,75183.41355947166,76098.3684378663,706.1168464167276,207.83876651714672,127.43318366789026,275.5888677891926,1.1950077909117205,-0.1105319419813,96,69,96.05887855902937
2758,797.556558566411,154291.51268297498,75212.86390416996,76114.25201135644,657.5593120983103,191.2797237572231,120.59716425542138,247.871209557954,1.2670125652311364,-0.0980276743715397,96,69,96.05885336465164
2759,797.5596013055584,154314.9719749088,75168.80738519848,76090.15769348365,600.2185629823362,172.0608078774967,113.40100459387759,230.25599313052953,1.3817210422464512,-0.0946717333417605,96,69,96.05882244539764
2760,797.5758497074042,154319.9261349229,75170.06830590354,76110.47014465756,540.2903460959787,153.74587133975,107.50956516852602,205.1218068456219,1.529989154431671,-0.1053846250826397,96,69,96.05878575306288
2761,797.5796384750718,154294.75703710268,75156.30086936627,76081.55145197366,470.289944544842,131.9111311672459,98.88721492039622,187.4650359901716,1.6925666737282914,-0.1239670306714837,96,69,96.0587432395138
2762,797.5964926030036,154342.61170816005,75183.8867074305,76109.33198202174,394.8702228401671,109.12054254300892,88.25620833481662,159.84376929298742,1.8450859126134245,-0.0940963890115365,96,69,96.05869485668978
2763,797.5994831986052,154371.0187727718,75191.04643168236,76096.2393536292,307.8989754068898,81.3275817589456,72.12756483611884,137.75065112736775,1.960873600481048,-0.083799670678234,96,69,96.05864055660668
2764,797.615798346803,154356.42520746813,75192.71306345283,76103.44368034833,217.66095891292207,53.12579995629494,53.10065413589473,104.3303066182998,2.019303208254976,-0.0637700333210479,96,69,96.05858029135936
2765,797.6196210474874,154399.26401120197,75198.57153823698,76096.8556477926,125.6740669971332,24.652585906675085,31.042566512245685,76.64956690149847,2.0081411137015275,-0.0505859260581979,96,69,96.05851401312492
2766,797.6364192889527,154451.89124919384,75187.50339103898,76118.67814752446,48.648909621464554,5.213405453207088,12.11059603333706,42.07157960932818,1.9268242414572676,-0.0754153594952524,96,69,96.05844167416517
2767,797.639366458756,154441.927267268,75202.8220596064,76097.50440035535,-1.3449616060242988,-0.0,-0.0,20.552351547026774,1.7879312752903758,-0.0968392194855969,96,69,96.05836322682993
2768,797.6557548124737,154469.70183950677,75183.30006283315,76072.10297949954,-0.0,21.061626416558283,3.2583407101919875,-0.0,1.6126674350897567,-0.1152123176410318,96,69,96.05827862355956
2769,797.6596009793975,154493.67456376407,75181.015075878,76131.80272330571,67.90329289017245,72.61483294131176,25.725217724888353,-0.6148912779171951,1.4297753476527986,-0.1119140452574001,96,69,96.05818781688814
2770,797.6763391434686,154432.40041468845,75218.61222150057,76111.29151278124,219.8632937874063,160.21268170671829,72.36100538924802,6.062311039771885,1.2682399498323047,-0.105454409365027,96,69,96.05809075944627
2771,797.6792519570379,154398.52050501242,75199.67233187913,76093.37962512411,456.9149593929178,278.24149171373574,140.89948501685285,36.227378143317765,1.152412735311677,-0.1080369002606762,96,69,96.05798740396388
2772,797.6957189907984,154373.16093238624,75189.83284689744,76137.47461801153,774.3438716798555,420.69242513789504,228.3632951149193,73.11084622997441,1.0984630280260947,-0.0952113777277871,96,69,96.05787770327348
2773,797.6995768960513,154319.8681416587,75203.26509656156,76102.36213442445,1149.7081739380374,572.2251207644877,325.13810095752706,129.4410281595483,1.1087216876655692,-0.0995457967480204,96,69,96.05776161031211
2774,797.7162529452686,154233.69726962474,75208.35034348899,76117.98020653112,1556.5304761014995,720.7930135888455,422.84814468960394,187.71610841911752,1.173693509669727,-0.1108768957966878,96,69,96.05763907812556
2775,797.7191403892755,154173.20053552504,75200.80926724184,76111.26417552847,1960.2201933823526,851.3349024701747,510.6530457963963,259.58191055979114,1.271693878644962,-0.1000160794402167,96,69,96.05751005987037
2776,797.7356907410244,154094.38682519027,75174.48663267445,76109.88860200458,2331.842428511416,957.2358679991739,582.7019533001003,326.6880933175271,1.3734606644837706,-0.101487335225799,96,69,96.05737450881684
2777,797.7395473378776,154008.15187471235,75200.64880688435,76118.61149335641,2646.06701507204,1032.5001663471485,633.8371036629833,400.99692377401516,1.449093296406658,-0.0013395926072876,96,69,96.05723237835232
2778,797.7561618201411,153934.60885536755,75182.40308645941,76091.64699510767,2889.953697711462,1079.7824098726996,664.7636835019366,466.68109083222225,1.471625431819262,0.2874081512612914,96,69,96.05708362198344
2779,797.759032133953,153911.6156585919,75186.7491026893,76092.16058590202,3059.1775557441288,1101.2364378679194,676.7536899556435,536.7130553476163,1.425078734167052,0.391081679463037,96,69,96.05692819333984
2780,797.7756700517541,153785.0923648964,75176.19460827843,76103.26357869111,3159.8991395788617,1104.3698472039687,674.9619851028838,595.659589004179,1.305525659644492,-0.1453465633523914,96,69,96.0567660461763
2781,797.7795106055927,153724.61649665594,75174.93483720196,76085.29230765573,3203.44100026472,1093.0945588213508,662.988410137099,657.1284269600001,1.1219236051366943,-0.4257087474854857,96,69,96.05659713437564
2782,797.7960674486595,153709.21933661134,75168.70417498902,76097.31703444212,3204.214663376042,1073.74418557444,645.9210427472135,707.7527850420738,0.8950224395966403,-0.1328266118864228,96,69,96.05642141195295
2783,797.7989269508311,153613.84175851344,75184.78869302412,76088.21639930103,3176.4594771639095,1048.3636996712448,626.2640939001576,761.2830658424355,0.6503381088622938,-0.1249668091812321,96,69,96.05623883305611
2784,797.8156574134639,153569.74805557294,75145.28474231424,76073.20329414798,3131.663924478693,1021.2158416124148,607.2767761034629,804.2051626878674,0.4156153276100479,-0.1325033305731917,96,69,96.056049351971
2785,797.8194643188536,153533.43777888652,75149.30381940467,76075.94710211804,3079.64503428014,993.1421181973565,589.8849968288996,850.4809738557087,0.2137838513973231,-0.0878217223261181,96,69,96.05585292312284
2786,797.8359726563009,153480.61464249692,75135.25239389001,76086.06336290957,3026.368511841458,967.5846882960614,575.8696448983683,888.0620848806866,0.0597687300101253,-0.1489228724058984,96,69,96.0556495010797
2787,797.8388231495,153447.75895039152,75156.78926679095,76079.59569115486,2977.8952077530557,945.3340050007828,565.2835640990961,930.1520901905606,-0.039768740806695,-0.1444842239094176,96,69,96.0554390405554
2788,797.8556549443956,153399.9129807734,75134.1210673777,76052.68456809857,2936.5280729141086,929.3126215382945,558.9599346896866,963.7056440423185,-0.0885714767458818,-0.1185711760825492,96,69,96.0552214964121
2789,797.859403889633,153348.51349135832,75164.59803063126,76066.84757948962,2905.894387572189,919.2422113842185,556.0796225449012,1001.1380835052405,-0.0958723648505933,-0.1088209921281865,96,69,96.05499682366356
2790,797.8758836072357,153328.62004115898,75183.00456803125,76095.23080108037,2884.7035735548707,915.873825556555,556.2568457459856,1029.8238495157857,-0.0753710289579475,-0.1161732727649519,96,69,96.05476497747748
2791,797.8787142946235,153302.65254296968,75174.16529869314,76099.40359710247,2872.8104806008632,916.6050463058345,557.6336941551126,1060.7490444173454,-0.0417161145567314,-0.0975100413476609,96,69,96.05452591317886
2792,797.8956714686603,153271.09348081364,75154.00608254883,76070.36606522456,2864.087597327947,919.7070215451677,558.7533535858238,1080.5648570564517,-0.0064821294196217,-0.0573295651834108,96,69,96.05427958625266
2793,797.8993143124484,153218.42738538224,75143.07246156115,76066.21814410466,2855.2440047381097,920.9696356296336,557.2560606736079,1100.4463457905513,0.0209097936730251,-0.0680253744347012,96,69,96.05402595234654
2794,797.9158241680743,153235.19091309348,75151.27024493615,76086.79095404758,2838.3831956330105,918.147822268249,551.765269316471,1108.8213206183282,0.0366254090759502,-0.0587597819354846,96,69,96.05376496727396
2795,797.9185611195217,153212.3391945714,75144.03812801724,76073.6608453461,2811.489272837003,908.3972418335907,541.1320579650492,1117.0477588904905,0.040121600856453,-0.03660303643759,96,69,96.05349658701682
2796,797.9357890827879,153223.12696335034,75186.48659028641,76092.20841314913,2769.928546569019,892.0354838404455,525.9016133653058,1114.2863028484571,0.0334373370265248,-0.0205414737708476,96,69,96.05322076772852
2797,797.9389043117488,153220.78618009586,75193.62568938354,76087.00592557278,2717.8025636090897,869.6282734364504,507.41740470184595,1112.9867326358217,0.0213001109316843,-0.0414126316232749,96,69,96.05293746573652
2798,797.9550848964423,153213.08353075513,75187.04660033828,76100.44087863457,2656.5502691138536,844.629140502846,488.3865164735762,1103.5750129640219,0.0071987337790311,-0.0206351794073752,96,69,96.05264663754524
2799,797.9586643160333,153243.01945712022,75201.47669121317,76133.19766876267,2595.2261403005687,820.031968915122,471.54200268836576,1096.8481328235357,-0.0048108717254625,-0.0003579284942685,96,69,96.05234823983952
2800,797.9756851782442,153233.48480382835,75203.8559823283,76108.049821613,2537.841468268307,799.8607896794565,459.4073927120189,1083.8944572561013,-0.0125940278084847,0.0027945627910819,96,69,96.05204222948616
2801,797.9788259161706,153219.0921261632,75210.97820207497,76118.11921119248,2493.4033047800767,786.1214437903982,453.1662836408941,1075.3338183009764,-0.0158259283805803,0.0284163734079203,96,69,96.051728563538
2802,797.9949843056917,153248.69909073107,75221.95360568329,76098.16653212984,2462.4134733173414,780.4000683047489,452.6871731875872,1062.4926833287172,-0.0143057628916443,0.0271519732707453,96,69,96.0514071992363
2803,797.9986662577261,153244.3943810129,75195.22851018408,76128.53031261124,2448.6756590944133,781.7577254964854,456.42284175843815,1055.1162362838222,-0.0101842557299067,0.0480785532384267,96,69,96.05107809401284
2804,798.0156195219952,153256.64871993038,75242.86080965686,76131.73537928244,2447.0930523804273,788.7801543629321,462.1280646233354,1045.688386720809,-0.0046621658550911,0.0658358182000282,96,69,96.0507412054942
2805,798.0187201194507,153263.23774477988,75211.36270686651,76127.4815699896,2456.8677433711127,798.4177596365189,467.5055821896822,1043.7465164702444,0.0006022078162191,0.0661750400792262,96,69,96.05039649150328
2806,798.0349074138974,153277.9982142244,75216.82686023074,76106.93771330074,2469.2592083989875,808.2041089151608,470.833673051151,1041.2142960508354,0.004029491599912,0.0499361232716174,96,69,96.05004391006264
2807,798.0386585231535,153262.39969189148,75216.26432414314,76126.95689675087,2481.767835763225,815.2670538717066,471.332909895631,1045.3060038089461,0.0058086788913297,0.0353047379416378,96,69,96.04968341939708
2808,798.0555539370864,153227.58365143844,75226.07541654904,76146.11030332811,2486.0533328785677,818.0420064584177,468.9995145474386,1047.3771993417758,0.0052275394260043,0.0442099309136532,96,69,96.04931497793692
2809,798.0586079851857,153218.28279590228,75192.97980062196,76139.31835636265,2481.615804471541,815.1015108340507,464.42024320480414,1053.149164765142,0.003334937357104,0.0152955702915106,96,69,96.04893854431992
2810,798.0748425348661,153242.2127080613,75199.85093104091,76125.99667383335,2462.6977723671007,806.3998307533329,458.13625723726,1053.6270436896593,0.0009165967542814,-0.0347427411116565,96,69,96.04855407739495
2811,798.078647537758,153243.6870575686,75204.58235273206,76123.63887345894,2431.8738442249596,791.9747887577978,450.5650593278988,1053.93404613054,-0.0015775629360712,-0.0443552475248739,96,69,96.04816153622409
2812,798.095483239492,153242.09344682627,75189.52103014248,76120.77295894505,2386.86025458324,772.9423878588277,441.6650966120069,1047.1310376984766,-0.0026747910550423,-0.0502703490634384,96,69,96.04776088008576
2813,798.0984942864072,153240.6427691352,75218.69357150972,76108.64788506558,2333.1371713943663,750.2551083962608,431.34501009748783,1039.4378388161422,-0.0027326439727957,-0.0860826484176707,96,69,96.04735206847728
2814,798.1147870161213,153230.65104874715,75212.46995105925,76139.60410712156,2270.224102127715,725.5510836739559,419.41843467208673,1025.6972554652893,-0.0012572080398598,-0.0865031042238887,96,69,96.04693506111784
2815,798.1186340877954,153278.43438435352,75218.64857604439,76139.66227812167,2204.259722810297,699.8281380668777,406.09822068872745,1012.4674065781292,0.0013101714152831,-0.0775263990712482,96,69,96.04650981795076
2816,798.135406073008,153289.73849461475,75204.20121677955,76141.2080526757,2134.7729909103364,674.2091771975829,391.77271984977415,996.115986863646,0.0037775562910111,-0.075805821054533,96,69,96.04607629914702
2817,798.1383813150753,153300.8673236809,75218.89240918263,76109.97847126104,2066.5630880552344,648.7994573140313,377.1568894444499,982.4388092058653,0.0059766980753486,-0.0724375695166587,96,69,96.04563446510711
2818,798.1547397570604,153297.0872847636,75203.07084496041,76132.34194463023,1997.1468404656625,623.7677209107933,362.8401408212958,967.2437770507822,0.0062723370101728,-0.049586818223083,96,69,96.04518427646424
2819,798.1586177444494,153327.52021051102,75204.15184082996,76139.36279557041,1929.2808096991503,598.49160079789,349.30610956953024,954.2318485919386,0.0045608369713543,-0.0657505592497345,96,69,96.04472569408716
2820,798.1753221647799,153329.19029631186,75187.54647088588,76142.91442846935,1859.783757788071,572.9084138443286,336.6354978319723,938.8522520384286,0.0007505537606918,-0.0735514090757389,96,69,96.04425867908232
2821,798.1782706432599,153353.1483871774,75213.15133114431,76128.61207161032,1791.1299918199074,546.669205539336,324.62929949507816,923.2590741929016,-0.0050460790894834,-0.0636112069738985,96,69,96.04378319279712
2822,798.194700006635,153351.1778676885,75197.76119077727,76138.7022779273,1720.6119811827084,520.3965402094473,312.82636654158705,903.1579057297786,-0.0108464296745372,-0.058878197797308,96,69,96.04329919682225
2823,798.1985977286454,153383.76989092305,75218.80002078059,76132.45553379053,1651.079921679222,494.37956073066744,300.68779967722367,880.4112478574971,-0.0156876506093583,-0.0572629932089264,96,69,96.04280665299446
2824,798.2152317212078,153434.65885879096,75205.78276078924,76141.15651140278,1580.6202867958345,469.6446988245443,287.8365772641846,852.5278156208515,-0.0172333013169839,-0.0622923237352254,96,69,96.04230552339934
2825,798.2181635320945,153439.46107023055,75237.93175727886,76125.69897403281,1511.7982026248355,446.42185889338725,274.1185617958836,821.7127253666113,-0.0139634523949628,-0.0642341866434913,96,69,96.04179577037368
2826,798.234667050672,153503.58389534385,75235.51492084691,76131.0691503202,1442.5657230296638,425.43506082776,259.93667755054776,787.1244352808862,-0.0057293774704682,-0.0634293662350803,96,69,96.04127735650866
2827,798.2385731770553,153512.4655332944,75243.57970914285,76156.29405568582,1375.249022729171,406.31426108512096,245.92703440823243,751.030001737061,0.0074687986775075,-0.0553096458010007,96,69,96.04075024465172
2828,798.2551352336776,153533.93382550293,75248.16507054691,76170.18740714497,1308.901250853727,389.2990764075512,233.1688206056133,713.9058776754246,0.022497238843645,-0.0765360740198442,96,69,96.0402143979098
2829,798.2580610496184,153583.91242109245,75240.17787965323,76133.4321649306,1246.6342968397657,373.70496745195123,222.38214060352766,677.4321675040701,0.0359521793793142,-0.1025334204642416,96,69,96.03966977965176
2830,798.2746401136657,153645.02201392097,75254.83343521801,76168.06140287907,1188.8627805412398,359.9706994894077,214.26353172236122,642.8035115489329,0.0431275412748993,-0.1057932785106662,96,69,96.03911635351108
2831,798.2785432519474,153656.9964744551,75246.8394165064,76170.15099038719,1138.9257497380022,347.7152397501777,208.55731304443907,610.4879616953258,0.0390606898139775,-0.110468155256384,96,69,96.03855408338798
2832,798.2950333955889,153692.42752425146,75253.81092549206,76166.88940945892,1097.1618749237387,337.81052298264694,204.95529762355727,581.5115050872264,0.021726468939508,-0.1118036434415077,96,69,96.03798293345292
2833,798.2979641041645,153717.04653196287,75270.37596050826,76182.49129730798,1064.6297621622798,329.94427108266973,202.29199872002937,554.3068718265276,-0.0091751097241763,-0.1189362652328393,96,69,96.03740286814806
2834,798.3146183298251,153760.31945477382,75266.41213591938,76147.48576377,1039.213009736617,324.81675036464003,199.97853795599076,529.6901720763417,-0.048235869039801,-0.1043023534950197,96,69,96.03681385219106
2835,798.3185071980463,153759.05227601342,75261.06259641828,76169.76433634185,1018.5857261645724,321.27331524621695,196.87575606215978,504.5017386583204,-0.0853241766761334,-0.0877470206048146,96,69,96.03621585057655
2836,798.334927055666,153767.4899186489,75258.57195198734,76155.49243270523,998.7743635959923,319.0688476083451,192.88448717963183,480.0656824532489,-0.106037595304736,-0.0913456122073242,96,69,96.03560882857916
2837,798.337873449182,153838.11527585177,75252.30343588055,76159.07745938042,975.9080700891209,316.0963556640927,187.33599441527622,452.9639786629414,-0.0913793000320503,-0.0859291422945763,96,69,96.03499275175622
2838,798.354600741708,153852.29491573223,75263.29303788776,76150.78217427019,947.0722572222585,311.8789935152745,180.78063037103857,426.7073625905905,-0.0229967914378108,-0.0575355438921473,96,69,96.03436758594984
2839,798.3584643771244,153886.56182668437,75259.00293866715,76172.47555374082,909.9925031684106,304.45237649357296,172.87075683221337,398.0687068697007,0.1164058544074484,-0.0295038591561299,96,69,96.03373329728988
2840,798.3748171841515,153897.6046359735,75276.28962843686,76177.40578120748,865.240296169708,294.2473121154908,164.49785305172554,371.7829539331724,0.3383705319300644,-0.0177659184811947,96,69,96.03308985219596
2841,798.3777896782816,153950.28894893324,75252.05712421401,76181.5793152784,813.0681758307619,280.3577562672581,155.30925534982816,343.78729195834603,0.646047023543279,-0.0024111189892385,96,69,96.03243721738043
2842,798.3945863117717,153977.4836742118,75266.19582961604,76165.13559717621,756.9262620717054,264.4002440368495,146.16242777815205,319.32489765403443,1.0348021671324514,0.0005717540192945,96,69,96.03177535985073
2843,798.3984142910382,153988.96899102489,75271.17604388707,76178.90447716867,697.144766234851,245.70572795669432,136.0749400285422,292.04569322927273,1.489853062704256,-0.0024406291301635,96,69,96.03110424691154
2844,798.414704843609,154017.11088845573,75283.16238888918,76174.43986363619,636.3376497994759,225.50702892240952,125.23523357478552,266.43057783599943,1.9910052093201256,0.0238000379453999,96,69,96.03042384616738
2845,798.417713217813,154088.28119212526,75260.51577988498,76205.99795772391,571.234874189191,201.89000745498925,111.86281951412093,234.695565414906,2.51451780980284,0.042141752503218,96,69,96.02973412552544
2846,798.4345739408458,154076.05641972143,75249.7869620289,76182.2332268437,501.59734996780753,174.99799349573732,96.03354605950881,202.95100511459168,3.036953243467328,0.0190706752030678,96,69,96.02903505319745
2847,798.4383565972837,154115.54958984966,75250.86706283467,76185.05158383891,421.04205931629986,142.1663492407679,76.31274762595422,163.5178654252959,3.5409781991877654,0.0055309364732319,96,69,96.02832659770262
2848,798.4545911612339,154194.15818498825,75246.6573922776,76183.16073919405,330.7286543106311,104.85118028547731,54.382943336706376,125.23140140218311,4.015588940530538,0.0181085591148336,96,69,96.02760872786928
2849,798.4576443201443,154223.77322650008,75253.48928144241,76172.3157394039,229.4864496117807,64.00013425531506,31.23826536134584,82.58283418248175,4.460260392627474,-0.0102330006010676,96,69,96.02688141283838
2850,798.4745624906097,154276.31808881002,75260.67131258396,76184.01864839651,130.18142415577313,27.187331602428458,11.86260733922245,48.4808919194038,4.883186693648467,0.0021409734002389,96,69,96.02614462206472
2851,798.4782911188234,154274.35569436158,75254.04958576703,76178.44636391086,44.7458082252997,1.6704743294685613,-0.0,17.665745705890004,5.299067206813681,0.0329309947272963,96,69,96.02539832532035
2852,798.4944773016085,154316.01599694372,75257.02143371932,76177.11081453653,-0.0,-0.0,2.57982404800714,3.808769243682036,5.727864607399285,0.0169280316112228,96,69,96.0246424926959
2853,798.4975830592724,154340.49226926663,75282.5761655938,76187.52144367652,15.544868131924886,30.19172518068808,23.151401868002722,-0.0,6.188326468060465,0.0308380041267502,96,69,96.0238770946037
2854,798.5145508084173,154316.31106511678,75270.06440063436,76167.37494475924,117.90060414024629,100.37544161980622,66.2021191281965,18.881964504980715,6.697095584990312,0.0448066548478032,96,69,96.02310210177998
2855,798.5182178488345,154285.79992790252,75266.698668361,76179.57134420908,312.6534628481604,208.30057471082546,129.9701068403374,48.36002058617305,7.264455625724064,0.0485723755865713,96,69,96.02231748528664
2856,798.5343644397782,154230.54284519173,75245.40361130916,76167.64993882983,603.5027426616871,349.0641435855505,212.41886730035185,97.78458503377624,7.892170493209116,0.0224155734672837,96,69,96.02152321651444
2857,798.5375293294164,154180.8751018554,75253.93312512737,76187.49746540154,966.8427877940121,507.53229446322075,305.1618304172298,151.69721354619833,8.574630901895956,0.0833873204329158,96,69,96.02071926718456
2858,798.5545377533622,154140.9230795571,75218.8828818646,76147.906673777,1380.1120894607157,669.9950357447524,401.39417431579204,218.89325944319717,9.296218069484516,0.31402581487966,96,69,96.0199056093509
2859,798.5581369507847,154062.32519822018,75261.20584110045,76187.444702127,1799.9185675972258,818.1448675202118,490.3634789008938,281.48295769115794,10.03496743322531,0.5244506886839929,96,69,96.01908221540285
2860,798.5742537348268,154023.1115067271,75227.97572057645,76167.9754360298,2198.4428579869564,942.1657598842576,566.4953009247984,349.31833908939734,10.763076821146868,0.2121053280644965,96,69,96.0182490580672
2861,798.5774828469993,153956.74866489065,75267.10520959283,76176.68981141604,2539.987294722465,1032.7867523727036,623.1283836405637,406.3132286350592,11.449228563804336,-0.243504613057202,96,69,96.01740611041022
2862,798.5945222227659,153885.8573576945,75270.56167589527,76173.1077955606,2815.548693319375,1091.7242923787853,660.7343621294567,465.81655633059563,12.063949605724606,-0.0154087300716174,96,69,96.0165533458402
2863,798.5980487539806,153874.7402757965,75306.45189189161,76168.4461425447,3010.746153737942,1119.905583632426,678.5893929086742,512.1036066599772,12.58053390016546,0.1470500360954803,96,69,96.01569073810931
2864,798.6141463044571,153816.58044638025,75272.77071014128,76212.07836682769,3138.1623685912928,1126.5252394231793,682.2855588167731,560.7105124764785,12.981161613201904,0.0940903508274795,96,69,96.0148182613161
2865,798.617443156065,153799.33088483798,75276.26886743543,76200.8559207795,3199.471882483631,1116.0182924074034,674.1435888742999,597.422874061449,13.258141033998724,0.1366548307428637,96,69,96.0139358899076
2866,798.6345031783485,153783.65714310328,75304.02470373843,76211.94667980132,3217.090849335538,1097.602030886279,660.5636269703828,639.1239114514901,13.414380572811044,0.1322463341478598,96,69,96.01304359868116
2867,798.6379537448078,153715.10579099195,75278.52258064783,76205.59228629504,3194.490835405595,1072.9680056333455,642.4498521535716,669.3991366527625,13.464184841913944,0.1410766946437282,96,69,96.01214136278708
2868,798.654043201034,153691.48750380657,75268.8742241421,76196.41805684131,3153.139268875704,1048.1684271992417,624.1901479940716,705.0756125296757,13.427151073280514,0.157228463984811,96,69,96.01122915773009
2869,798.6574096370676,153680.0521630081,75281.6577515982,76205.69783039945,3093.455628710508,1022.1623190533574,604.7743367489165,730.0861509147217,13.32603471296855,0.1632313219380676,96,69,96.01030695937236
2870,798.6744796715062,153667.57623634642,75275.62872626579,76214.5007577173,3033.6855522922706,999.1551739924616,587.3690207622421,761.9935442369024,13.180410356050412,0.1519382109211793,96,69,96.0093747439346
2871,798.6778525538643,153642.40040201027,75269.9397014883,76182.0182098605,2969.803535858402,976.74470634725,570.2247163306602,783.041227501526,13.00199598521269,0.1488424104026988,96,69,96.00843248799896
2872,798.6939453896711,153628.00130167173,75271.32691607148,76177.73553794004,2917.5367615585565,958.6912443830806,556.6306214552606,811.6055689962814,12.79436345173513,0.1514234515455929,96,69,96.00748016851053
2873,798.6973815188666,153626.91489816122,75273.5531186811,76164.37299532561,2870.391257206793,942.3517879374704,545.0868728960922,830.9508042316302,12.550134906064228,0.1623710831438895,96,69,96.0065177627792
2874,798.7144508669998,153582.68171896983,75260.01774562857,76147.15378014471,2840.841792497842,930.9122314889537,538.686622118752,859.7158503685496,12.25584025485477,0.163457168790409,96,69,96.00554524848292
2875,798.7177459393841,153579.86000573062,75252.29469787245,76152.12239034325,2816.9046059407992,920.5781343989074,534.8490630982269,878.8563237907947,11.894645179135068,0.1686036396187473,96,69,96.00456260366808
2876,798.7338537286115,153543.2256508905,75258.11149215359,76163.63419131741,2806.546237546485,913.6985933982651,535.3867531715659,907.1164686061093,11.45045313924912,0.1781485061787848,96,69,96.00356980675276
2877,798.737357893902,153554.83085129055,75255.29470732786,76181.03526774491,2793.9480461290805,905.9756216412934,536.3419632177101,925.9784850104188,10.914238435559028,0.1933413798810042,96,69,96.00256683652792
2878,798.7544160641934,153533.84525545884,75275.38822696303,76176.14686465093,2784.4263442003285,899.4334421104577,538.3326411070011,953.7697396799922,10.28420025090995,0.2234584249934042,96,69,96.0015536721598
2879,798.7576347679096,153515.27358290454,75272.69829937986,76186.03741439947,2761.113048361498,889.687060307464,536.7498128187144,969.7107491196948,9.569510783697162,0.216960621035969,96,69,96.00053029319128
2880,798.7737689516322,153507.62659183991,75256.25763110857,76165.24936133604,2732.528851652867,879.458087535997,532.847167277243,992.500485005934,8.788473829739141,0.2200712222457815,96,69,95.99949667954498
2881,798.7773377373643,153481.1768940076,75258.79044325308,76158.82229544698,2687.2796179284924,865.4683237346908,523.5702247773006,1002.2446092554601,7.965627785741596,0.2523581749798384,96,69,95.99845281152368
2882,798.7943747137094,153501.67134891814,75234.8657870163,76165.1780228255,2639.04242527904,851.3125089433161,511.9601763779647,1017.2561489728105,7.13037427059109,0.2551586500504661,96,69,95.99739866981348
2883,798.7975199948698,153508.34002268256,75267.99095894987,76165.84758046556,2579.888890228467,834.3643608043785,496.5288787911413,1016.1128493153956,6.310123367356091,0.2810309165289132,96,69,95.99633423548472
2884,798.8136916496127,153530.03967827867,75254.96120007406,76144.01684422266,2526.3863087394275,819.0392828031036,481.69740501607885,1018.4994391379005,5.529007502967182,0.319786242584462,96,69,95.99525948999444
2885,798.817319934419,153512.81130663416,75269.15900987596,76184.06267488936,2471.7608711810317,803.4848584500869,466.72203077015,1005.1324068076792,4.803902621370351,0.3260757629148106,96,69,95.99417441518806
2886,798.8343264227768,153524.02023682516,75269.20231986904,76178.43698347159,2431.15404566488,792.2931413075712,455.79317059504683,996.4586243163794,4.142420321707173,0.3468649266886851,96,69,95.99307899330093
2887,798.8374026546066,153591.71083009744,75296.59843315864,76185.77376440397,2395.3418211602257,783.4419871127902,447.2716626614274,973.4535288605839,3.545387669487483,0.3275883957103823,96,69,95.99197320696062
2888,798.8536222388128,153595.09332065383,75288.1359876294,76170.32195381861,2377.98748127179,781.1572399830475,444.31496226997115,959.323608000268,3.005901907529219,0.3052851773747449,96,69,95.99085703918816
2889,798.8573033334701,153612.21703868487,75280.37723506037,76167.77144974592,2368.4121575320023,782.5563228986721,444.08515257312683,937.5810802994529,2.514823270983767,0.2969462492588213,96,69,95.98973047340024
2890,798.8742709220083,153662.3064137162,75265.78093270487,76194.33049372747,2376.8974750068737,789.9713360424939,448.2337600890605,930.8714502369403,2.063110419318984,0.2678543192837416,96,69,95.98859349341062
2891,798.8772839000445,153657.03450803403,75277.46624200353,76174.38161928089,2388.7109309814987,798.4088169000024,452.6759001376049,920.6231953650713,1.644109403354646,0.2550433889724739,96,69,95.9874460834323
2892,798.8935608566379,153665.661163771,75248.74300547401,76177.1727999871,2410.6509228198556,808.5238455590879,458.5270442236797,928.4861339440104,1.257504114298885,0.2563802262824688,96,69,95.9862882280786
2893,798.8972869154483,153663.3384101539,75255.72753360492,76173.84591560422,2425.1453541148803,814.4959231310495,461.75786605963367,934.164813209849,0.9065698081018102,0.2700964410495867,96,69,95.98511991236508
2894,798.914207852756,153663.4787977037,75236.47856260496,76171.7906683262,2436.0843037528102,816.728653695347,463.66475067971624,955.012185944157,0.5990985520586772,0.2726383153552285,96,69,95.983941121712
2895,798.917165316654,153631.21858010069,75220.80814851844,76170.82125741735,2425.8835763320676,810.4221128665522,460.7968599998858,967.2902921677742,0.3437379822731654,0.2853155731587746,96,69,95.98275184194456
2896,798.933506817115,153611.68693158752,75210.26078651802,76123.45822823707,2401.9729436132475,797.9394112079899,455.40206696497626,988.0809376107063,0.1463392605750151,0.2832796631418223,96,69,95.98155205929562
2897,798.9372707062024,153634.0504328091,75213.92712394866,76118.33233051568,2352.8384169093333,776.8305366105487,445.10054688405944,994.7039872570313,0.0098158114880848,0.271133798243067,96,69,95.98034176040676
2898,798.9541352518008,153644.67509760032,75202.13958397353,76113.49827054028,2291.2782036250574,751.0386205449904,432.8419833185617,1003.935854312178,-0.0698970554288613,0.2867214520277727,96,69,95.97912093233003
2899,798.9570516532176,153644.34158834635,75182.25879043649,76104.39122160463,2211.402455596719,719.4210069345281,416.99316247497336,994.4577285300184,-0.1011982485402557,0.2883511783266334,96,69,95.9778895625296
2900,798.9734531512547,153681.38408641357,75201.60606781128,76123.32936844432,2130.1753909639083,686.698212337491,401.1202406757802,986.3730909906444,-0.0963335168906463,0.2698711074306079,96,69,95.97664763888362
2901,798.9772682591247,153688.93662366192,75205.51144395853,76151.97599359967,2043.5501707075746,652.1801731001469,383.8451271090307,961.458530825359,-0.0699592786207965,0.2840725850484665,96,69,95.97539514968452
2902,798.9940112071944,153724.06559588682,75232.30773764387,76151.73113306254,1965.8760410082177,620.1522663083742,368.17759400821524,939.7631162895996,-0.0345557747510923,0.2958780448759521,96,69,95.97413208364222
2903,798.9976768896931,153735.98632943773,75219.66689671011,76153.15552221905,1890.0537992371246,589.6457211155212,352.23095608039876,904.641393567872,-0.0014047807593209,0.3044187376478259,96,69,95.97285842988424
2904,799.0135349741925,153833.71415702128,75205.2706558708,76163.58103572764,1825.5635246996535,564.0040968584653,338.3139230639499,876.1907872904849,0.0228724216826061,0.3522302662642161,96,69,95.97157417795802
2905,799.0171564909587,153849.07156735688,75241.97373459295,76167.92170606453,1762.2202838446829,541.4069696148799,324.3566676421324,839.1754642471788,0.0355761392819463,0.3604732664469258,96,69,95.97027931783192
2906,799.0340365583048,153878.68410534097,75229.37048352107,76165.73500570482,1706.3488086104626,523.6926189377264,312.49444944411516,812.6275058754545,0.036539093284921,0.3379038681145628,96,69,95.96897383989668
2907,799.0375342070952,153921.7283151104,75244.72525409839,76163.36023447015,1646.59584502707,507.6786066748027,300.64085695159156,778.8228424101544,0.0293592219916686,0.335492343155605,96,69,95.96765773496736
2908,799.0534702414434,153955.35859209482,75250.22615312485,76169.35637229487,1589.7844280641293,494.1056603359175,290.92093768369523,755.0382212330587,0.0172945953926124,0.3112574614453416,96,69,95.96633099428388
2909,799.0571082703906,153988.6796045086,75259.03656518618,76149.80581166057,1527.7707003663527,479.75971509442024,281.35962906639907,724.0135920036992,0.0044640592490433,0.2857575131058107,96,69,95.9649936095128
2910,799.0740227979376,154032.67104363802,75215.46167931674,76171.44337865451,1469.0984913633438,465.49444067510194,273.63069156507845,701.4974046983989,-0.0058748686539018,0.2971406661202201,96,69,95.96364557274912
2911,799.07740869597,154041.1583039919,75244.61195133433,76157.2654365001,1407.3547756701591,448.95445480984927,265.33927609419334,669.2884193907375,-0.0126316123778646,0.2847636588553937,96,69,95.96228687651684
2912,799.0933963019307,154081.35201356866,75230.1083869573,76182.36251240724,1351.1591747226194,431.8394135092967,257.871389034437,643.5487493396213,-0.0145998757690531,0.2881928978045193,96,69,95.96091751377064
2913,799.097075966675,154133.1651491628,75269.06510136441,76160.95841537723,1294.4197319885716,412.9252291674493,249.13328562135575,608.931770074938,-0.0130685096059161,0.3106160313286302,96,69,95.95953747789716
2914,799.113993025234,154180.10515461536,75248.15629465734,76150.1507548302,1243.2735351209412,394.0812718205125,240.65902409961564,581.5950074093125,-0.0091027027709386,0.3207959768651383,96,69,95.95814676271624
2915,799.1172872008441,154202.1246276907,75223.59325943515,76170.20573860692,1190.1236131581245,374.2171441162209,230.77285140901222,546.2898030254873,-0.00394349212947,0.3591097708405262,96,69,95.95674536248228
2916,799.1333228924061,154241.62301867022,75228.45443702128,76166.01519831656,1139.489562063769,354.83847134884854,221.271402738319,519.0784695343173,0.0004371788652607,0.4179691442987934,96,69,95.95533327188504
2917,799.1370523343934,154287.81820454326,75246.13946478903,76169.43391554824,1084.699063712149,334.9611305048311,210.8452241649502,486.0197457918257,0.0039295329636925,0.4534296278509245,96,69,95.95391048605144
2918,799.1539510500086,154303.81179454052,75232.71907439493,76178.67617155255,1030.0453622069326,315.7662538270233,201.01618174175383,461.1124923660245,0.0055110631275652,0.4269242447865047,96,69,95.95247700054612
2919,799.157167812216,154345.2828964687,75236.62682068032,76181.57140057062,970.6713356142864,296.60132682538824,190.3363067159953,429.5049922092876,0.0054718080977128,0.4426341460389309,96,69,95.95103281137337
2920,799.173252388303,154388.910564895,75217.75216594455,76177.05652697402,911.7822326539899,278.7027288867539,180.08152189158136,404.73874945784337,0.0044829525302756,0.4452371806815026,96,69,95.94957791497728
2921,799.1770351894344,154374.71791548183,75242.51312645453,76161.66246080767,850.7610933841788,261.8545106853271,168.97657161360257,373.8540593415091,0.0024452178057129,0.4490679821251552,96,69,95.94811230824378
2922,799.1938967955512,154438.34257315734,75245.47001594359,76192.32073062046,792.1924233944155,246.79096103599295,158.11826719221426,349.3450083276839,0.0007079943175004,0.4636520645209604,96,69,95.94663598850116
2923,799.1970522727174,154496.53950040851,75237.59294019768,76193.14974557234,733.5746254700352,232.840320553747,146.36148823457188,318.7439664963458,-0.0009121259379843,0.4556345451949503,96,69,95.9451489535214
2924,799.2131833519908,154528.23714028232,75220.25326776321,76155.1876342079,677.0979243400507,219.3210005051078,134.6020870845241,294.29131536817295,-0.0019582385845509,0.451164476246954,96,69,95.94365120152098
2925,799.2170265532327,154535.17238172988,75255.00124996123,76163.1607238492,618.852093369991,204.43802393806982,121.61292127901106,264.59336776446435,-0.0020876217474214,0.4342590797388369,96,69,95.94214273116206
2926,799.233824694569,154556.78256954142,75216.63403624488,76164.84680658538,557.3713832985959,186.02039481657266,107.61242501490051,239.35074083914515,-0.0020652132488605,0.4319186912300962,96,69,95.94062354155392
2927,799.2369508864634,154604.55585553142,75212.24881455956,76155.71605055773,487.89188848854974,162.20069996350503,91.15613844097243,206.890493264189,-0.0012934221643579,0.4236835837981779,96,69,95.93909363225286
2928,799.2530996192486,154642.42892339206,75228.07282698089,76196.88083820311,408.07665326370625,131.5394900150859,72.4476131038682,176.47756152352667,-0.0006041380865214,0.4309945679097139,96,69,95.9375530032641
2929,799.2570574692922,154700.0198080143,75237.5807711193,76199.79969981071,317.10320572467754,95.28118554463435,51.27850950622815,138.93944977852516,-6.295701701211778e-07,0.5897326818600448,96,69,95.93600165504265
2930,799.2736527530666,154704.42712889888,75241.90506681625,76180.8914604183,218.13093129498884,56.30945096384676,29.76981451595202,103.66678019505343,0.0006816216539012,0.8408724842110884,96,69,95.93443958849352
2931,799.2775193325541,154741.8545191676,75247.48515129193,76190.27100277097,121.43208700197283,21.87944031805091,10.960814202931942,65.15080667950679,0.0007095685316271,0.7231967709865064,96,69,95.9328668049734
2932,799.2932964537897,154808.26718111226,75218.52223813708,76173.38227618125,41.20367269520648,-0.0,-0.0,34.307741783646634,0.0008829829776852,0.194441048691982,96,69,95.93128330629123
2933,799.2969005118254,154807.03579746463,75237.91409340673,76172.17681061849,-0.0,1.606988238170743,2.399066862271866,9.0975231420598,0.000661075127692,0.2896733107028296,96,69,95.92968909470872
2934,799.3137045006621,154863.40520619618,75238.8880853075,76164.9926127841,17.61175977619132,34.07935450041259,23.290217766334536,-0.0,0.0003054402124903,0.4929419364590662,96,69,95.92808417294182
2935,799.3173717980603,154833.04255115124,75205.61063306469,76151.1842294465,116.70428120892029,103.91146219671646,65.80559790090774,4.304364162439015,0.0002107612272935,0.4029217676276835,96,69,95.92646854416112
2936,799.3332327948227,154808.14854861022,75211.905917412,76166.38980406406,304.7469378228998,208.992364229518,129.66127972007962,28.4096364871657,-0.0002398658132849,0.4285753540103106,96,69,95.9248422119925
2937,799.3368393571874,154774.6655847966,75187.77877450621,76127.26453276316,584.7139595000772,344.25636971814674,211.33281735199853,67.21906943502836,-0.0002208569616361,0.3667974951382357,96,69,95.92320518051804
2938,799.3537029956782,154724.44052154513,75203.8051191909,76137.48365607222,937.070204809308,495.7614631538163,303.578177030402,121.66880214354023,-0.0003137138693453,0.3652315126487749,96,69,95.92155745427732
2939,799.3572494145842,154657.07177639587,75171.02040756664,76107.55815982855,1340.9019369659363,650.7462939074467,398.2081026468077,183.89710252117948,-0.0003685200290744,0.3735117102203979,96,69,95.91989903826683
2940,799.3731527868578,154580.25200016,75147.4674642408,76112.46280305197,1756.9877265043324,792.4567702323402,486.05677366864984,251.64130325368023,-8.879425361113619e-05,0.3490735317885955,96,69,95.91822993794204
2941,799.3767998257517,154535.2656894455,75161.20898608565,76104.04194504452,2157.110073189717,911.917574533727,560.7323457257298,317.93516224619816,-0.0001963830727545,0.3728585947224969,96,69,95.91655015921708
2942,799.3936828965117,154463.09313315334,75172.0323984731,76096.56659304733,2505.3187828641967,1000.6077484203852,617.249999629159,380.55745173458126,6.612032722107794e-05,0.3574398581973999,96,69,95.9148597084658
2943,799.3971326225987,154408.90631387386,75173.29428172298,76115.3997561863,2788.930462954915,1060.5292826295045,655.0982500485115,435.63408618356334,9.83841572692516e-05,0.3360318438810216,96,69,95.91315859252232
2944,799.4130700242316,154359.07537000722,75148.12822279439,76100.7372531749,2990.6525330651784,1092.3171202388476,674.6041501312575,482.76667940200423,4.165654876459792e-05,0.3476011930339476,96,69,95.9114468186818
2945,799.4167725581991,154335.70835565467,75176.39195807252,76102.21845263627,3118.3773639284773,1104.1224385812675,679.538997341675,521.6034893755859,0.0002355606666141,0.3314708101229208,96,69,95.90972439470067
2946,799.433649182824,154305.64104039807,75184.83043799725,76131.435399021,3171.3858228367753,1098.4983704411134,672.5290910293406,552.6386814303405,-6.948378271530664e-06,0.3441243944399789,96,69,95.90799132879728
2947,799.4370186205266,154263.58336346428,75159.13126715356,76132.03849779481,3171.142526242009,1082.940658980675,658.3183386588062,577.2969401251758,0.0001109887485985,0.3686488289582224,96,69,95.90624762965248
2948,799.452987425619,154247.9823563274,75157.0894483729,76119.55028550136,3122.7229629256763,1057.093431054498,638.8826380288083,595.4710995273199,3.139403437788914e-05,0.3834638149741806,96,69,95.90449330641032
2949,799.4567555038736,154249.79814081464,75142.00399788198,76093.94669994304,3049.9237339471583,1026.0097942219145,617.8521573113394,608.9657361961436,-0.0001003658044844,0.3997555032293408,96,69,95.902728368678
2950,799.4736011775937,154204.6867179583,75139.46156406286,76098.17596136233,2956.6780770366313,988.1451225207857,595.7780279085564,616.4468598795647,7.249998600058048e-05,0.4062952294749639,96,69,95.90095282652683
2951,799.4769098278338,154240.43792570912,75155.82387144036,76090.90937775225,2865.379952428164,949.3658433857781,575.2727990309213,620.0929306695762,-0.0001511283976073,0.396897938384073,96,69,95.89916669049254
2952,799.4929025689986,154226.38718231494,75135.52510819922,76070.882829705,2774.683783996734,909.0551826142473,555.6747131033626,617.7462173579261,8.958288605725577e-06,0.4208406170676151,96,69,95.89736997157527
2953,799.4967525423552,154238.62141007712,75152.37393834048,76101.41637409406,2701.033638587862,873.9657439763687,538.7184181609482,612.1305435921822,-1.145775136254578e-05,0.4428299762185885,96,69,95.89556268124078
2954,799.5135304573173,154226.919774847,75176.90155101854,76102.64509466902,2635.9254653060925,843.2206528289244,522.9965607582708,600.872094774968,-9.590371581949456e-05,0.4379462331063291,96,69,95.89374483141972
2955,799.5168204245333,154257.31445265427,75191.77058600167,76108.53630304901,2589.2493266263627,821.9869666188024,509.95506379168364,587.7251467453607,0.0001154000265466,0.4543350287531952,96,69,95.89191643450884
2956,799.5327934088351,154276.04056942282,75155.1074999552,76120.6503855496,2544.3259512848454,805.7355074292864,497.7589463563927,570.1153357369767,-8.941191330815103e-05,0.4768306647252715,96,69,95.89007750337107
2957,799.5368049800051,154295.92236110964,75179.019494689,76127.06292826508,2505.558175014099,795.7003732131416,487.6539152349869,552.3080737095152,6.816375188945741e-05,0.4833341759741518,96,69,95.88822805133562
2958,799.553335979732,154298.81680788053,75188.27894068677,76117.8283688661,2454.952082312375,784.5720499619929,477.6182227979298,531.7049590850074,3.880851998284944e-05,0.5101770692153952,96,69,95.8863680921983
2959,799.5573049248821,154314.60858360212,75184.83691106008,76106.02769505748,2399.7506422005245,772.7856054628646,468.7107493004296,513.0491454544244,-6.922374495289253e-05,0.522574755756858,96,69,95.88449764022172
2960,799.5731089955922,154350.41151588928,75205.90858028115,76123.97360578027,2327.314903605031,754.3223379657284,458.6252480162948,493.44620395227685,0.0001227579847185,0.500116504081819,96,69,95.88261671013596
2961,799.5766138916196,154365.08726062858,75197.55019592399,76114.37193044457,2252.2392680181656,732.7599992578471,448.4934557812521,477.6488063594734,-9.851028781508172e-05,0.4781635731619921,96,69,95.88072531713786
2962,799.593404017443,154343.92141746267,75191.73483189927,76118.98804197597,2168.2728855406167,705.6890247574192,436.38081265144865,462.1047703900258,4.546528731518135e-05,0.4446301695827546,96,69,95.87882347689204
2963,799.5971596289331,154397.32060541914,75206.00388195783,76151.41056125617,2096.23774414073,680.2814262847387,424.49269612604985,451.61196909775026,1.66517213913485e-05,0.3815275209707329,96,69,95.87691120553052
2964,799.6130439781509,154382.15440041234,75201.77373028734,76130.15896440929,2030.9813155353768,655.6739053852943,411.8400184357015,441.9429968612676,-9.221060741569226e-05,0.3253434624704293,96,69,95.87498851965292
2965,799.6165410696549,154418.92900068226,75214.68121955208,76127.46485080286,1989.6182170707616,638.4363141019421,401.2954859510646,437.0627990948269,0.0001080677150714,0.2906273662784654,96,69,95.87305543632692
2966,799.6334117532541,154372.84743637088,75183.48116836027,76128.23752831508,1960.558963144722,625.7819525407249,392.1311984889617,432.0204022847465,-0.0001041811834207,0.2702980622545063,96,69,95.87111197308776
2967,799.6370424333712,154395.68931941476,75188.17660934097,76134.31779227025,1955.1490269066417,622.2494875412376,387.2425698394072,430.8389902956842,4.435459118169451e-05,0.2353633438584035,96,69,95.86915814793858
2968,799.6529595861065,154395.5096246116,75197.61362964228,76123.18051307126,1956.013234821672,622.851462078761,385.24581847022637,428.7564641707286,2.4997581447040643e-05,0.2344209835703539,96,69,95.86719397935038
2969,799.6564915536386,154366.99847037473,75173.3734228311,76119.78579651198,1970.2702238642378,630.2452236492973,387.89622987635084,429.9235549128498,-8.461111851351253e-05,0.2287304821256685,96,69,95.86521948626238
2970,799.6734020826178,154413.71329053497,75166.80821148139,76127.93867853902,1979.9426704284851,638.5851864590222,392.6101547770377,430.21597453326103,0.0001173237447078,0.2558223357841849,96,69,95.8632346880808
2971,799.6769291603165,154373.6085110835,75206.26672178195,76155.69764370717,1994.8530398576986,650.6001588798099,400.2425944705028,434.25789502685075,-9.59202699461994e-05,0.2980040003935569,96,69,95.86123960468056
2972,799.6928723944843,154407.639210531,75173.25846062988,76120.69166821113,1999.5546489635017,660.4679600068339,407.45443635591073,437.91200366665726,4.660153952013598e-05,0.2997675415892831,96,69,95.8592342564036
2973,799.6964540554184,154357.22946735544,75196.3361689325,76099.44416489018,2005.0229353038012,670.5894729039574,414.61920262064086,444.6131579786015,2.81284220390815e-05,0.2858580306601059,96,69,95.85721866405976
2974,799.713381607466,154376.9412210368,75189.8942968994,76120.12891411243,1997.337246509851,675.158788588451,418.48405098257354,449.57994123894605,-8.745904580482856e-05,0.3148409083663182,96,69,95.85519284892612
2975,799.716815113872,154351.25271449957,75193.13348345425,76127.11374881455,1988.8067105078371,676.8500520222733,419.9371914709336,455.4344040074211,0.0001143983957054,0.3374379517398548,96,69,95.85315683274727
2976,799.7327873772249,154363.21112736044,75185.30576533546,76103.071158442,1965.365160123445,670.1125842998299,416.29704397849855,457.47182283125585,-9.838598601169964e-05,0.3299019758560907,96,69,95.85111063773472
2977,799.7364244892261,154323.44506539425,75202.75248320414,76117.9388368276,1937.9054762406158,657.9455104989611,409.00051308149705,458.17628962013987,4.143252642931051e-05,0.3480987497182388,96,69,95.849054286567
2978,799.7533521283813,154373.72463480063,75186.52402322862,76110.43427358758,1892.93167676765,636.1726781279867,396.254522081319,454.33987557142973,2.7951649813097263e-05,0.3266375989435156,96,69,95.8469878023888
2979,799.7566991606765,154344.34621381122,75180.4273979948,76123.28226879775,1842.6941310359398,609.626475971454,380.47819479889586,449.27543899338343,-8.980129327378276e-05,0.3108609299237415,96,69,95.84491120881216
2980,799.7727068892268,154391.88687772365,75204.05772015992,76108.38016508154,1774.8847599294968,575.834460641272,360.67519965421525,440.97312483988935,0.0001146207313654,0.3329410640367487,96,69,95.84282452991428
2981,799.7764005002892,154385.6572711612,75181.08249747595,76121.09427061645,1702.105864992598,540.6309923184454,339.65921374122263,432.1405046469881,-9.630031061545882e-05,0.3309999582073039,96,69,95.8407277902386
2982,799.7933141985784,154386.84214982434,75192.57064213042,76106.3053949422,1614.5600633228314,502.5053559606313,316.77489809747203,420.8810964337026,4.078564909859986e-05,0.3235068436207616,96,69,95.83862101479411
2983,799.7965813333815,154409.37420295188,75198.10117138045,76121.60379183806,1527.0253115743399,467.3075405901909,294.78480392406345,408.50977472335217,3.1331807123787194e-05,0.3317352275177523,96,69,95.83650422905473
2984,799.8126323009885,154399.22330879173,75209.00467384997,76122.6517854824,1431.0643751829048,432.6099628846714,272.64598463714356,393.1667976057215,-9.003873528665732e-05,0.3488176853494071,96,69,95.83437745895928
2985,799.8163803084915,154447.89558597322,75183.00786562501,76093.24094885263,1340.8587615194847,402.47405419794086,252.43657140390133,375.5120832476823,0.0001153165902689,0.3888732040309148,96,69,95.83224073091054
2986,799.8332679991244,154420.0662728753,75164.90120095713,76132.78932072574,1248.6014985372312,373.37337099389697,232.80697375704767,355.3532440617564,-9.494583504310974e-05,0.4289734983411658,96,69,95.8300940717757
2987,799.8364621649166,154454.38588424443,75185.02140015362,76115.6265492287,1167.1885024834774,348.43320850977034,215.5578817561036,333.79151348836604,3.857661165581379e-05,0.4137184292693819,96,69,95.82793750888511
2988,799.8525644747609,154522.25078429523,75201.49766518705,76104.25065186103,1086.4504712420166,323.7567760637321,199.20529686423833,312.54942617894267,3.290019077752784e-05,0.4083664215461369,96,69,95.82577107003208
2989,799.8563623554712,154547.91488742552,75191.77625653784,76114.70979098351,1015.2601022947929,302.220662271764,185.32547898680787,292.1743061456946,-9.184378402315778e-05,0.4306620495302861,96,69,95.82359478347234
2990,799.8732136444293,154549.77918967788,75181.90701428422,76112.70085898144,942.3304402499343,280.67278933855414,172.61263640937977,274.44129550200887,0.0001148712699062,0.3713133253087564,96,69,95.82140867792369
2991,799.8763424292457,154545.5964837263,75196.98427137245,76114.32393376171,875.4537775574136,262.2522832466493,162.6123729533574,257.1076079388149,-9.405383891682108e-05,0.36368970938189,96,69,95.81921278256526
2992,799.8925039449769,154556.28713913212,75181.51001875456,76088.3861744358,804.2071612802101,243.8487756264367,153.97295474610291,241.30853130947798,3.6421786683472965e-05,0.3706121391103452,96,69,95.81700712703686
2993,799.8963451759471,154585.18439469568,75197.07395902165,76072.04225637016,737.271525107848,227.91144584202266,147.83685131103266,222.90468999149743,3.49266206362207e-05,0.3744286167313145,96,69,95.81479174143868
2994,799.913151316018,154615.915594007,75198.96329103713,76099.92503138928,668.1048749071779,211.2566721031908,142.5829792538716,204.09147750600823,-9.29481300408408e-05,0.3919197226248608,96,69,95.81256665633023
2995,799.9162230087688,154632.63341810094,75198.40586582929,76108.86901379569,606.7499162560562,195.73383571275917,138.5037645973498,180.50512137330952,0.000115060408334,0.4233906292214929,96,69,95.81033190273013
2996,799.9324510046113,154646.3123690854,75206.95678541904,76132.58818906573,546.7876009165193,177.8804424686532,133.0330433069321,157.45710073958617,-9.260007757895152e-05,0.4524643981189569,96,69,95.80808751211516
2997,799.9363273452507,154704.99552770588,75195.02204659698,76127.11218532275,494.442366721516,158.95944589318242,125.38220988275134,131.10643576952862,3.4565005884666586e-05,0.4673922734634487,96,69,95.80583351641944
2998,799.9530813344205,154756.8080120283,75207.43533690301,76110.05188264626,440.1857611651649,135.9464317795937,112.89222476904979,108.34436220908538,3.7018238456726326e-05,0.5147257963651258,96,69,95.80356994803434
2999,799.956104805583,154734.14468107754,75201.46071334803,76122.60105804441,384.9234591484419,110.3415294882434,95.42104063220904,83.37368798890384,-9.413252619209428e-05,0.6802373257926112,96,69,95.80129683980688
3000,799.9724057620443,154775.44796324676,75208.88484701107,76120.89246696135,317.5030931652291,80.54640924067644,72.47336357299355,63.98740148296929,0.0001149816994322,0.8911601860803997,96,69,95.79901422503926
3001,799.9763074515353,154781.63014840183,75183.7345455299,76100.43079511207,240.5082911963109,50.163933705494856,46.94890157933696,42.48746354697505,-9.138257982455976e-05,0.6492727945166833,96,69,95.79672213748862
3002,799.9930042102321,154793.1410155527,75193.93794746707,76144.24599469539,153.28327024367172,21.72163869420183,22.350027231645072,27.31882933716406,3.245989490349251e-05,0.1676022786690819,96,69,95.79442061136535
3003,799.9959886628853,154824.3483562772,75202.3312199154,76124.59065471527,71.67414425319294,2.842568623862462,4.821016850502929,9.572707724524662,3.8932412773562014e-05,0.3189704478479266,96,69,95.79210968133292
3004,800.0123681980072,154859.36028962044,75195.23805082691,76117.3735512811,11.641292183543555,-0.0,-0.0,1.2124792766408063,-9.535872215857252e-05,0.4839952523894735,96,69,95.78978938250629
3005,800.0162840655731,154873.08480470863,75195.30973636196,76102.65331681982,-0.0,22.003056539586396,13.589686699968297,-6.507559378573205,0.0001148735026736,0.4720560532280011,96,69,95.7874597504518
3006,800.0329206994035,154861.09829290686,75191.35045490829,76114.11508128856,57.39996972674271,73.82919516241236,48.54481844446855,-0.0,-9.006549958945237e-05,0.5421845282618277,96,69,95.78512082118566
3007,800.0358752723919,154856.43388733093,75207.0522466321,76105.88447262638,200.90091133135138,158.07375092479924,105.11215738451574,9.96429602013086,3.0443776640252505e-05,0.5414481496251282,96,69,95.7827726311736
3008,800.0523382483674,154849.394226994,75185.9951019065,76125.23027502612,432.52098008978646,271.05235886776063,179.80127520253882,38.77841736245318,4.093259190791667e-05,0.5496850938802806,96,69,95.78041521732906
3009,800.0562556790807,154750.5098225133,75172.42469668465,76104.78435939086,741.6289677075692,404.85659862388275,266.17378740158165,72.81485071388306,-9.647340403630544e-05,0.5712330076845805,96,69,95.77804861701284
3010,800.0728318954016,154772.77052151444,75162.42681937819,76109.05980809433,1104.704286816821,547.4173855742993,356.12391017822665,126.27312700971379,0.0001147728228529,0.6046525698862856,96,69,95.77567286803192
3011,800.075765029618,154714.68599444864,75160.00257659424,76108.63670883414,1489.4539104062715,685.3978519016382,441.05122499063145,181.8125649933354,-8.870679963733508e-05,0.6040004296090815,96,69,95.77328800863832
3012,800.0923159600592,154633.71370870568,75165.69127634243,76105.03996961551,1864.3158568844083,807.0874826771033,514.3188454585907,254.6249306371319,2.840182274467589e-05,0.5911142273677541,96,69,95.77089407752833
3013,800.0962205514766,154562.3712012681,75151.92532287113,76121.1335930674,2198.943808769691,903.6431616695627,571.0599356334133,324.0615769626165,4.288431555940274e-05,0.5783395812771155,96,69,95.76849111384077
3014,800.1127394350797,154547.9300663333,75165.56112244609,76121.42024969915,2476.068046221335,971.7857363386283,610.1362897709623,403.6418312343303,-9.759470579424506e-05,0.5803791036134641,96,69,95.76607915715648
3015,800.115657737227,154449.00840759755,75127.5995418237,76108.97276935652,2682.8728801258258,1011.3423510542489,631.8009513145371,469.9128389976977,0.0001145982367616,0.5910620718449267,96,69,95.76365824749716
3016,800.132301853806,154376.49209856504,75166.38875336482,76088.87760488545,2822.756608423835,1027.2176060799684,639.3384722133342,538.9499010763247,-8.734319981000127e-05,0.5855742691552472,96,69,95.76122842532384
3017,800.1361762824819,154330.46321562678,75158.7796021974,76082.81063389745,2897.366115325887,1023.8754077223712,635.2888305092492,586.8001146383758,2.634003462266492e-05,0.5697076097475338,96,69,95.75878973153584
3018,800.1526460704222,154311.7269411312,75160.96492660476,76099.19082120985,2921.06526013033,1008.2855618223402,623.869768031931,631.6852957603987,4.482208420755377e-05,0.5570294778773713,96,69,95.7563422074694
3019,800.1555518011892,154278.82896808744,75166.73501396948,76085.16261116338,2899.082201834244,983.7074631169671,606.9872624447016,652.1128928753024,-9.867245773589408e-05,0.5468867094261579,96,69,95.75388589489728
3020,800.1722980070283,154287.36567396752,75189.48567913723,76137.47577828767,2848.491261431307,955.2391703793401,588.05536934259,673.0354570462077,0.0001143997826081,0.5090244212729662,96,69,95.75142083602611
3021,800.1761183493418,154317.47736349973,75204.48671211026,76128.93866749441,2772.467227276298,923.1079375726986,567.5651779095933,674.4738539291138,-8.593589114834672e-05,0.4782935675721719,96,69,95.74894707349628
3022,800.1925577668467,154310.2127228653,75177.41881136563,76157.1723354314,2687.2417048263014,890.5467895028269,547.9572802169278,682.466216705332,2.4281931890289785e-05,0.4677353526994309,96,69,95.74646465037996
3023,800.1954410873172,154286.94721554438,75209.03508546346,76153.76260948749,2592.790351466392,856.2901041396253,528.5902857526089,676.3193400874734,4.675086450648401e-05,0.4393036999565707,96,69,95.74397361018016
3024,800.2123128801668,154322.24912590426,75207.54396233878,76161.16155345764,2504.1584358726395,823.711772986353,511.2782379529963,683.3300155580218,-9.97147412233042e-05,0.4262461921563398,96,69,95.74147399682914
3025,800.2160323360829,154348.50403214456,75217.60800694069,76157.37772491231,2415.7305392005364,791.0285321433184,494.192080204346,678.5918950437044,0.000114160461489,0.4161127676253934,96,69,95.73896585468704
3026,800.2324972387032,154301.0414748472,75218.52967538661,76155.20421170683,2338.053783170297,761.5096197917737,478.3784309978364,686.4070517653599,-8.450519846123648e-05,0.3921405839084574,96,69,95.73644922854044
3027,800.2352886167292,154366.89545337323,75186.0591873765,76164.36538936991,2259.3850411620224,732.330152815659,461.29454736510525,680.1446205768734,2.221060521388728e-05,0.3625526172491206,96,69,95.73392416360134
3028,800.2524230029217,154327.7999524816,75248.58081141963,76153.455650689,2188.4862030670047,706.3116203469108,444.3001257708529,686.7023386626388,4.865787846476335e-05,0.3402899641430721,96,69,95.73139070550512
3029,800.2556556167002,154354.23207297642,75215.23493734843,76143.3558011036,2110.3184596395004,679.124478193291,425.0601168551366,677.5518268856686,-0.0001007266493617,0.2922736231914849,96,69,95.72884890030927
3030,800.2717363744695,154395.4174622389,75215.36561926581,76129.34567722461,2035.5932583202957,653.3980262564291,405.9339693833317,680.2449190189654,0.0001138811110849,0.2439638146414427,96,69,95.72629879449212
3031,800.2753813305549,154390.15141933417,75205.17112445788,76129.41968046282,1952.85455240187,625.2785041106254,385.5816380715405,669.7703805793135,-8.304643051945138e-05,0.198611342027507,96,69,95.72374043495115
3032,800.2923273498326,154416.74480406285,75189.0394239557,76138.46496225415,1877.700766604161,598.7954031781264,367.21695950077265,673.6767607642105,2.0134131973470344e-05,0.1513717938692324,96,69,95.72117386900128
3033,800.2955740318347,154439.91398986086,75219.30237824394,76160.34936588461,1800.0011347829713,571.009833488788,349.50996679021046,664.0563111431838,5.054990632451668e-05,0.1294954613629172,96,69,95.71859914437364
3034,800.3116362730801,154440.5185474507,75195.28556685324,76148.28879470943,1738.3080198342795,547.695683444108,335.87596260974533,668.5783815368777,-0.0001017020123545,0.1222936956748953,96,69,95.71601630921356
3035,800.3153804037346,154436.26884911477,75173.45131738507,76128.82241109275,1681.6703255378525,526.4883837444941,324.5649225609086,659.5552722254652,0.0001135652467527,0.0955339904931082,96,69,95.71342541207952
3036,800.3322658791229,154442.03132015446,75221.60006320907,76121.28985582523,1646.8387712992262,513.064577629455,318.40813526077545,663.0724344565824,-8.155923761957344e-05,0.0830322368217757,96,69,95.71082650194089
3037,800.335467416062,154479.56611740697,75210.03133739892,76128.62214505851,1617.5843203644617,503.37672098328767,314.45622285670834,649.2124769155052,1.805197891081356e-05,0.0717566079492168,96,69,95.7082196281767
3038,800.3515578221082,154495.86530632092,75244.10380109663,76153.42849905691,1609.48305647698,502.16696722010965,315.0255123444367,646.4311745172599,5.242379134482764e-05,0.0466800415389134,96,69,95.70560484057384
3039,800.3553716703009,154540.27625856007,75228.18400189893,76144.063271496,1604.1172309499234,503.9335410934291,316.5546609434823,627.677460199222,-0.0001026434570924,0.0499182665389596,96,69,95.70298218932514
3040,800.3722033557725,154560.74486392576,75230.24605873953,76168.10765215085,1616.1862520574941,512.4526049337874,321.14002478611656,621.4271803553274,0.0001132103747302,0.0395177008347291,96,69,95.700351725028
3041,800.3753550456399,154565.284167641,75207.87620724793,76165.30890187425,1624.594201372529,521.0151146984426,324.9058074411296,599.4821153088706,-8.004593929883218e-05,0.0226722016763728,96,69,95.69771349868256
3042,800.3914905432844,154614.44038740214,75232.38542959643,76149.83114909113,1645.937280343438,533.8819747839007,330.57174896853394,592.1146847938944,1.596403646337082e-05,0.0346828966798427,96,69,95.6950675616896
3043,800.3953607713115,154597.3815374161,75226.31235756783,76155.89336589682,1659.0136855294113,544.4423453130585,334.58459193396266,572.3392345666653,5.427901238796469e-05,0.0274723806411687,96,69,95.69241396584916
3044,800.4121351047746,154650.6762144326,75258.3405963571,76168.72286467027,1680.289435938059,557.0830140762555,339.90220554507687,568.1834547719336,-0.0001035499154673,0.0331472339596905,96,69,95.6897527633583
3045,800.4152412721153,154674.6071425027,75218.6335198598,76177.06680807832,1686.129089645925,564.5183629224775,342.66068596520927,550.5215111145226,0.0001128177219831,0.0073035973302004,96,69,95.6870840068097
3046,800.4314321600301,154691.29803218247,75212.3192539724,76154.77149699668,1695.0787060929579,571.667480771328,346.1032713872846,548.4306518817612,-7.850595577922576e-05,0.0024803021854864,96,69,95.68440774918976
3047,800.4353482456521,154709.38362075167,75226.75986589426,76139.47407479845,1683.4954651706503,571.1251198604878,346.1326922707667,533.6527784421341,1.387187922633706e-05,0.0096441306341754,96,69,95.68172404387605
3048,800.4520599032119,154723.4960696893,75208.08850967122,76173.60384645124,1670.312113598513,567.9487155132811,345.71824574214406,532.7425970775075,5.611546008438857e-05,-0.0124101663174743,96,69,95.6790329446363
3049,800.455128243586,154748.2442453635,75194.42467778936,76120.44981608765,1631.2741727092653,554.8163063377579,340.2924998649687,516.1950791286654,-0.000104420966731,-0.0335697624650329,96,69,95.6763345056258
3050,800.4713817484678,154764.9947692001,75199.10340758708,76160.30147769104,1590.2943156253314,538.747778424251,333.4123012025957,512.2860099395621,0.0001123872552738,-0.0537642371262105,96,69,95.67362878138609
3051,800.4753335589231,154801.55142642258,75203.61629817101,76139.92155643934,1526.1297124681296,513.8565643993643,320.9790883624519,493.20200388421654,-7.694018974562235e-05,-0.0603177612340949,96,69,95.67091582684212
3052,800.4919774961322,154813.5454307691,75211.9780882075,76144.69586023604,1465.5866855496424,488.43249808960536,307.31513839337276,485.47515555485734,1.1775778023348824e-05,-0.0700243962300688,96,69,95.66819569730112
3053,800.4950174893132,154830.57364302222,75214.98360656774,76163.76831683873,1388.270912796841,457.0053102214006,289.0479480813665,461.59731929862755,5.7932134345245696e-05,-0.123029008750457,96,69,95.66546844845
3054,800.511338657639,154880.24484690253,75246.69875019917,76167.30089065502,1324.8917264108313,429.0004565122217,271.95747564564226,450.3805805561715,-0.0001052566007516,-0.1243563229057616,96,69,95.66273413635358
3055,800.5153158793403,154885.4005289635,75228.3017025583,76181.95806363277,1253.4045670703636,398.4256279987603,253.15059408830712,425.8784512662387,0.0001119190128455,-0.1360795334347525,96,69,95.65999281745252
3056,800.5318880591841,154979.18818632624,75247.2475672539,76129.17636750969,1200.171265917772,373.5498695972492,238.1487069344148,414.21099567154306,-7.534916500279647e-05,-0.1617559723763567,96,69,95.65724454856114
3057,800.5349102794828,154950.37418379463,75228.6667460546,76169.32176445959,1136.7252381603466,346.7810246556619,222.94748448199243,389.006723562401,9.67655338571817e-06,-0.1657815423866557,96,69,95.65448938686536
3058,800.5513022324596,154965.95788104003,75222.69105066592,76158.99886650927,1088.2061009519384,326.32284271219396,212.31900543230586,377.04786127316765,5.972859281780625e-05,-0.1849060633929846,96,69,95.65172738992048
3059,800.5552943160798,155004.14800008186,75234.43432002758,76138.21255219232,1023.3372333717998,303.75344617219525,200.85070037908736,352.2621535664948,-0.0001060563865729,-0.2084842566999916,96,69,95.6489586156494
3060,800.5717920271375,155051.04847396037,75228.94786567302,76154.78232287908,966.9821660938906,286.7114481278986,192.30870411463547,338.1718374477641,0.0001114132967551,-0.2079180279880259,96,69,95.64618312233982
3061,800.5748077259767,155090.09686183097,75215.54529637609,76147.18457844242,889.9385007440578,266.4392263728223,180.98242129918071,309.1645488538197,-7.373335205840888e-05,-0.2156139728889486,96,69,95.64340096864282
3062,800.5912717270238,155128.76023383165,75223.30388248732,76177.20652240784,824.9906209374894,251.76438808576495,171.86188358615618,290.04088852525456,7.574933738725035e-06,-0.210442450990151,96,69,95.64061221356992
3063,800.5952680200922,155158.37034159995,75245.66522863651,76159.76405726481,745.8368021216593,233.77009955243557,160.01024031659472,256.4476423424785,6.150421167453123e-05,-0.1861901175996596,96,69,95.6378169164914
3064,800.6116900192523,155173.24849554122,75233.8085917982,76191.07534804774,685.2766529315268,220.69243749062298,150.82643153637764,230.97025613495498,-0.0001068201243372,-0.1822410979059219,96,69,95.63501513713372
3065,800.6147108098423,155204.86309635203,75241.15362209074,76146.9853583096,614.0276934150024,202.66290319047403,139.02717389832833,191.3166465026734,0.0001108702280415,-0.1934738237196223,96,69,95.63220693557744
3066,800.6312462780553,155292.23688688205,75255.26080251463,76200.87981649917,563.6325314688147,187.97227282842505,129.58701540861512,161.99786618771031,-7.209336317725242e-05,-0.1970763131022875,96,69,95.6293923722548
3067,800.6352362397373,155318.3333547355,75271.94058480112,76167.04803444789,497.708897140983,165.47331519969157,115.56477346285828,122.51127705627005,5.471588147932304e-06,-0.2145687970909066,96,69,95.62657150794765
3068,800.6515827943548,155383.02844364583,75285.18143265389,76194.44678125432,441.70982437964994,142.7996729688166,100.73020839318633,95.04555642249761,6.325838261650668e-05,-0.2468562314843015,96,69,95.62374440378464
3069,800.654620385618,155396.5635580339,75276.59406076524,76196.65242968674,357.5297711500316,109.70916547825618,78.46854076176533,60.57755374183762,-0.0001075475693478,-0.2182272821566855,96,69,95.62091112123932
3070,800.6712249012076,155448.07705844342,75268.91461422786,76185.89742985221,278.336872799322,77.74141566164326,55.54139970627148,41.071438823622884,0.0001102900212773,-0.033632106198055,96,69,95.61807172212784
3071,800.6751983586153,155427.75971018878,75273.60364339116,76143.32842043943,174.1689687180915,40.722771263695904,29.094789019756718,17.46062666719081,-7.042973659882965e-05,0.1836817699861399,96,69,95.61522626860594
3072,800.6914712147677,155472.03196310328,75276.95313111208,76170.49226211873,90.64460906642489,15.237007991061546,10.309567814227194,8.311122120387154,3.3672503388990382e-06,-0.0494336964135326,96,69,95.61237482316731
3073,800.6945371793755,155477.74380649038,75278.26628457753,76164.66424569671,12.45535303215729,-0.0,-0.0,-3.6960527755436487,6.499054235180514e-05,-0.5760727518583648,96,69,95.60951744864066
3074,800.7112064970047,155518.19709852178,75254.84950594662,76181.91930825391,-0.0,15.190928016090766,11.16586146748159,-0.0,-0.0001082384795577,-0.4664934508313063,96,69,95.60665420818736
3075,800.7151539252043,155518.78111273143,75269.15776976563,76174.76494531422,39.109384571318515,57.469080547904014,42.01814283870044,2.9264733498566784,0.0001096728896565,-0.2771787165305467,96,69,95.60378516529906
3076,800.7313562116535,155472.46107587434,75218.62308233924,76148.26609408014,181.2192152221105,140.55169242623379,99.77145908513921,20.73770759254694,-6.874304650797799e-05,-0.3421157105463996,96,69,95.60091038379528
3077,800.734461786838,155486.28821874407,75246.25872978695,76162.03320056529,394.59379948605783,251.49195028327813,175.0944846290804,38.60085193434497,1.2626217287793362e-06,-0.3283355651532669,96,69,95.59802992782076
3078,800.7511898616963,155452.95107117906,75221.04007082098,76146.87984113129,709.1564429580467,393.75183338265924,268.0509129043494,70.90005852066679,6.670010638839491e-05,-0.3563061253467789,96,69,95.59514386184276
3079,800.7551026765351,155407.21776430804,75246.4165751701,76157.6603718563,1064.2657529098797,543.6892209631915,362.96400119984173,102.77526293171104,-0.0001088926453242,-0.3539325972601242,96,69,95.59225225064915
3080,800.7712387515052,155384.9407048163,75239.31875854552,76172.76851871134,1466.7912303598132,698.14819805359,456.9621102143137,145.68777716733166,0.0001090190502135,-0.3731721328816775,96,69,95.58935515934512
3081,800.7743946704559,155346.07527569306,75267.00783266548,76204.83577545776,1845.5487899481086,832.8914191629738,535.5572363387328,186.54539558340912,-6.703387307861848e-05,-0.3961187990447658,96,69,95.586452653351
3082,800.7911737070033,155321.84992282456,75248.1861827722,76195.88888978967,2211.371617040655,949.877463044686,600.5414803568565,235.94715500168968,-8.415881836760225e-07,-0.403790977658288,96,69,95.58354479839966
3083,800.795044546678,155245.98838897332,75282.9541154691,76189.64896793838,2501.8110532238497,1031.7711267195991,642.8154967859446,281.2580350979115,6.83865101036679e-05,-0.4135276314645096,96,69,95.58063166053373
3084,800.8111198201399,155241.34729122784,75257.60825107011,76198.3040517684,2744.2145327747567,1088.998192417348,669.9752908548107,330.92552125794464,-0.0001095098576357,-0.4257705559453817,96,69,95.57771330610288
3085,800.8143361290109,155169.20690491117,75271.00989051482,76193.06657635955,2896.8278555524303,1112.6966817083012,678.1443099433673,374.13806653625215,0.0001083287415001,-0.4312072658784128,96,69,95.57478980176184
3086,800.8311567324405,155137.02497456293,75253.19719817584,76200.37970419109,3005.8162940670736,1119.7502501792333,678.4477560734376,418.69872855281574,-6.530279875505914e-05,-0.4289897490404402,96,69,95.57186121446674
3087,800.8349795863223,155089.36934045638,75261.66978469332,76190.80106379656,3036.9320881892927,1103.2819494696014,667.4279524365411,454.9321257082338,-2.9446685986856814e-06,-0.4399278651056053,96,69,95.56892761147328
3088,800.851000548275,155088.5804103106,75247.73960154179,76195.69720338032,3040.406235717528,1080.2476174626936,655.1726840559568,490.0361013911315,7.00491949333056e-05,-0.4535775425418751,96,69,95.56598906033342
3089,800.8542860276638,155037.5595792069,75241.41612370418,76174.08839386405,2986.115811157506,1043.4529784769838,636.7896560814697,517.3609547301894,-0.0001100899235393,-0.4671653160849138,96,69,95.56304562889297
3090,800.871138126074,155011.0699654721,75244.74737770211,76172.70549621183,2927.3682212432614,1009.0292309122015,620.8015942611964,544.5255549520953,0.0001076022096028,-0.4467738181568642,96,69,95.56009738528884
3091,800.8749070959932,155017.19959555854,75230.76674275885,76166.13473591214,2831.0179371319246,967.3702378300077,600.2693053030525,566.3312037643045,-6.3550416902353e-05,-0.4328645366948255,96,69,95.5571443979462
3092,800.8908838523657,154984.54720331705,75235.64019825959,76165.86022320802,2748.8666970704217,932.9068843421701,582.7921031645383,589.2990065857593,-5.045912487951505e-06,-0.4298966309867192,96,69,95.55418673557573
3093,800.894240332495,154973.0854738058,75232.8188752543,76152.70591173516,2648.2799086793675,895.4577622308279,561.8073791801289,609.1361706070602,7.168760924492601e-05,-0.4078072709573307,96,69,95.5512244671707
3094,800.9111258649361,154930.01150438812,75196.57006819088,76145.22849530267,2578.5241741878563,868.4073522372055,545.4005661042756,630.2502197537397,-0.0001106326632186,-0.387808717389292,96,69,95.54825766200466
3095,800.9147988609594,154924.30634689794,75197.82778938231,76137.53929333799,2496.6296678222134,838.7198351686384,526.339749636827,647.3545674343768,0.0001068397141555,-0.3891855854179747,96,69,95.54528638962792
3096,800.9315186678931,154948.6168433175,75216.62140059142,76120.31632517758,2444.5942504649865,817.9351314180676,512.1974651875207,662.5218381250161,-6.177732617878553e-05,-0.3878234572421138,96,69,95.54231071986516
3097,800.934294603095,154894.59104666626,75202.91728381584,76117.02833958529,2371.7641741585685,791.1838277267525,494.55778175700107,670.6167987884255,-7.1446121892562345e-06,-0.3788422342326891,96,69,95.53933072281264
3098,800.9510267488458,154902.66931542134,75226.44109205376,76124.84299927024,2319.313774587121,770.046387852155,480.40322515615844,673.1278518845502,7.330121111476355e-05,-0.3842064735502045,96,69,95.53634646883464
3099,800.9548159895361,154911.3344915005,75214.54085437645,76139.70560055043,2236.7104622249026,740.0387105932605,460.75637660187203,666.9000865258568,-0.0001111379081404,-0.3914793684663362,96,69,95.5333580285618
3100,800.9713786144493,154916.20332882967,75223.75610070847,76110.03588211452,2166.0079578603036,713.2580819221621,442.464362808998,654.2965595304559,0.0001060415264648,-0.4102915740825694,96,69,95.53036547288691
3101,800.9742287750468,154958.67221945926,75203.53437460925,76150.26317912253,2064.123547780502,677.7373804612871,418.21889397414634,635.4282881260733,-5.9984132456591424e-05,-0.4568158546385926,96,69,95.52736887296284
3102,800.9909824698049,154978.67724284844,75231.37858170555,76129.90002733069,1984.0002167026396,649.0054951238999,397.67925312704756,614.1462897957826,-9.240061436787096e-06,-0.502006708192081,96,69,95.52436830019944
3103,800.9947980825597,154997.86198631307,75234.87531327146,76150.93344735226,1887.402823520766,616.9328265304648,375.52543805981986,592.5947097410681,7.488946660199162e-05,-0.5121733882670478,96,69,95.5213638262603
3104,801.0112533997172,154991.3730806077,75225.95613182485,76141.89863959046,1825.959667178744,596.9891584769503,361.9021313080739,574.0433622783457,-0.0001116055033334,-0.5207027027284147,96,69,95.51835552306002
3105,801.0141557650481,155023.55061888538,75245.56088266293,76149.69280783532,1760.463109300239,578.953856113134,351.18954842787934,560.4923679762869,0.0001052079299182,-0.5282974815078133,96,69,95.51534346276128
3106,801.0309524364112,155046.34374778808,75245.38076667895,76129.09764752534,1740.707997724705,577.3430837954365,352.0422306986584,552.7822494987049,-5.817144839207078e-05,-0.518945481213265,96,69,95.51232771777174
3107,801.0347650223795,155045.4872344037,75223.76731783418,76143.21839909222,1719.8964134121197,578.8352223059192,355.7402872595994,551.1910550015455,-1.133155528316964e-05,-0.5113375903165464,96,69,95.50930836074104
3108,801.0511316875626,155035.56478087034,75212.99110705228,76121.9518911066,1738.6235314658843,593.8485381760111,367.5137623292394,553.7113267318055,7.645185089223371e-05,-0.506315520903488,96,69,95.5062854645577
3109,801.0540841925659,154995.7324170546,75215.61064324495,76120.14078550864,1747.339522072114,606.9819929707446,377.0693748978374,559.5030135155248,-0.0001120353065004,-0.4860740084159048,96,69,95.50325910234642
3110,801.0709300348749,155013.2056982029,75235.08244577376,76128.17189574547,1787.0754076749436,627.9828962278407,389.70492545492016,565.1794955087244,0.0001043392196242,-0.4985855438015401,96,69,95.50022934746444
3111,801.0747202701953,155028.09186038258,75207.56122361033,76141.80531512994,1805.8206540648243,641.0404764525738,395.86232055709115,570.5408171964518,-5.633989233707679e-05,-0.5090001022986055,96,69,95.497196273499
3112,801.0910118165363,155001.02189691132,75198.28293942305,76105.18129153788,1841.8348220527405,656.0855249867309,402.0913103124767,572.6548160983075,-1.3418390767568503e-05,-0.4767352965414777,96,69,95.4941599542641
3113,801.0940162862004,155016.93273153566,75184.5458340444,76136.4792668867,1846.6033434015117,659.6658370885416,401.1191887114546,572.8631928505492,7.798784756977394e-05,-0.4724132093499144,96,69,95.49112046379734
3114,801.1109130400806,155020.67769518425,75219.24886419205,76097.31145481719,1863.0516914015752,663.9390868778864,401.2594032845518,568.7883635516337,-0.0001124271875606,-0.4677833522501891,96,69,95.48807787635664
3115,801.1146639395807,155032.00630829978,75201.97636276278,76118.5284957025,1843.4981631767587,656.1293737242813,395.50675693448284,562.9859699492517,0.0001034357024415,-0.4595847773233653,96,69,95.48503226641776
3116,801.1308952886352,155009.49094851196,75228.41655240252,76104.55281305009,1830.9315022877418,648.2059796125977,391.48458386128186,553.3850612443348,-5.449008921920885e-05,-0.4540270767157946,96,69,95.48198370867036
3117,801.1339509519656,155031.63896445098,75185.12773394132,76138.93291051498,1783.1197665602085,628.7459959765838,382.0770053809392,543.1593774493376,-1.5499866195797155e-05,-0.4455755243928623,96,69,95.47893227801534
3118,801.1509028656487,155031.65876153027,75209.16166648957,76125.66117980755,1747.3879939612234,610.8690476702177,374.60349007492187,530.1714255565021,7.949694959217217e-05,-0.4313368583550074,96,69,95.4758780495616
3119,801.1545914086246,155072.3679957406,75196.73407237306,76108.66522259917,1680.8677513419534,583.4481822229718,361.267752081214,518.17340468982,-0.0001127810300037,-0.4347238226100682,96,69,95.47282109862276
3120,801.1707910655472,155089.75044480464,75186.54140679642,76125.86085132878,1628.9534314871416,559.5099652165227,348.97194812155794,504.8864685947192,0.0001024976967635,-0.4366888682681964,96,69,95.469761500714
3121,801.1738741268825,155065.92076537388,75235.62393999576,76106.50440637089,1551.5469869298395,529.0909290768323,330.88140619234764,493.68471479666186,-5.262266991023452e-05,-0.4217486607135893,96,69,95.46669933154914
3122,801.1909267430993,155106.20574712323,75212.33045702225,76110.70249992907,1494.7724078230676,505.25393263400474,314.8278008419438,481.24451830165344,-1.7575282423002896e-05,-0.4156039260006418,96,69,95.46363466703708
3123,801.1944287580048,155108.21418363354,75210.6327307462,76114.82359728454,1414.6261310749687,476.65728560611024,294.33775204775156,470.3772154877079,8.097865936906442e-05,-0.4152511350403464,96,69,95.46056758327836
3124,801.2113769332739,155104.45692492963,75207.24937150264,76099.00006327857,1355.2194038792513,455.15477988592465,277.6448540328129,457.029463281855,-0.0001130967299511,-0.4026424081330023,96,69,95.45749815656264
3125,801.2140409843179,155123.48348619623,75204.14550963082,76104.1556741959,1271.9659685218357,428.8218958679354,258.50810409578844,443.9061915772909,0.0001015255327405,-0.3816843347403754,96,69,95.45442646336494
3126,801.230780747711,155134.51721130664,75201.65613168433,76088.1905295589,1210.30089883646,409.35176638957637,244.96490982398973,427.11021042158245,-5.073827058718787e-05,-0.3665519894214198,96,69,95.45135258034266
3127,801.2344742967832,155164.519645808,75198.68774737635,76121.84822565826,1127.687160839676,385.1875470917148,230.18512596361688,409.94591725978535,-1.9643942613355976e-05,-0.3904619276694551,96,69,95.44827658433194
3128,801.2512304090436,155188.85217987344,75186.925324064,76101.27871319305,1066.0651541468687,366.81619411183055,220.33488273943658,389.47910389187746,8.243248855764472e-05,-0.3926679669257358,96,69,95.4451985523447
3129,801.2539768499536,155190.468524355,75199.93734307095,76115.14842883767,984.3547167778597,343.1454362751683,207.76714919885853,369.36040000407957,-0.0001133741961619,-0.397135178102475,96,69,95.44211856156512
3130,801.2707231611028,155224.0636347925,75207.04822699836,76101.88454853634,926.7188947395189,325.2664298184973,198.43347311049,346.5912689542747,0.0001005195516899,-0.4020037262690426,96,69,95.43903668934668
3131,801.2744695761205,155271.2400816878,75192.9214586083,76088.70941121418,852.4411722245277,302.63459509579116,185.05561556198518,324.4022474740632,-4.8837533107227634e-05,-0.387102490076452,96,69,95.4359530132086
3132,801.2911074261996,155249.99285310696,75215.39313670022,76114.28958734359,800.8822242165916,285.4397073898872,173.72577848055516,299.8243322694616,-2.170515214708752e-05,-0.383704888989921,96,69,95.43286761083225
3133,801.2938978501488,155263.52018422537,75216.79613225696,76114.29751012869,732.0216187079786,263.87830165617925,158.6231239642948,275.7521951360395,8.385795844014393e-05,-0.3870490574849594,96,69,95.42978056005852
3134,801.3106860594409,155305.66350822608,75190.10789993769,76097.90204001135,686.845385690569,248.58411541234818,147.1469074083434,249.53398543776711,-0.0001136133505026,-0.3765040821407769,96,69,95.42669193888376
3135,801.3144466489796,155342.93089292804,75227.6987895056,76091.3030249412,625.4627689897898,229.61746993316046,133.97967498374055,224.32681293453788,9.948010592402095e-05,-0.3675288796897421,96,69,95.42360182545686
3136,801.3309898312907,155383.82859432892,75193.76485561929,76101.8734925551,584.2136758882552,215.4868408985203,125.22980120163993,198.30825987027492,-4.692110486009237e-05,-0.3558061446545211,96,69,95.42051029807574
3137,801.3338167576026,155392.35759312983,75212.67173272892,76109.2664283816,523.5320854352904,195.36854818930442,114.39140255353414,174.2244434960012,-2.3758219488584004e-05,-0.3503397589556219,96,69,95.41741743518416
3138,801.350660506635,155413.55442729944,75232.80778821479,76110.99730024982,479.2128869474982,176.56818007900438,105.85656602264498,149.97707428326248,8.525459993535565e-05,-0.3236232372434467,96,69,95.41432331536764
3139,801.354410274417,155422.28469471002,75200.36962101731,76095.29219225273,409.70734043302946,147.89094817903242,91.7955845198012,127.23390154977096,-0.0001138141279916,-0.1527564917708395,96,69,95.41122801735122
3140,801.370874996446,155459.9241020627,75200.99412273051,76113.17863044832,346.5722347496776,116.84890040078608,75.9646564401919,103.84699065418681,9.840755951047156e-05,0.0908807534407523,96,69,95.40813161999527
3141,801.3737363933261,155466.30928033197,75186.93792333912,76064.12002268797,253.57830413000192,76.62516449386021,52.96564754174324,80.9930683542334,-4.4989637503607465e-05,-0.1428938768613592,96,69,95.40503420229196
3142,801.3906443935075,155509.1924201369,75187.51829755554,76086.56826303774,171.51154594449326,40.643255262693856,30.668706675816793,57.716034470970044,-2.5802456102311377e-05,-0.6638647717018097,96,69,95.40193584336232
3143,801.3943599297406,155533.86091838157,75201.49977075901,76074.42856870302,76.85816135915229,9.009146846510703,8.941252150776563,36.10796694713645,8.662195429924672e-05,-0.5078762554464671,96,69,95.39883662245268
3144,801.4107651876302,155523.66636927365,75213.18982251287,76108.71480619106,22.181563335238025,-0.0,-0.0,17.40447607508395,-0.0001139764760668,-0.3297246269544124,96,69,95.39573661893108
3145,801.4136545492614,155551.0302646263,75206.90801846472,76118.22938076529,-0.0,17.34024076597416,7.085808773321332,4.495783742517233,9.730228718820524e-05,-0.3906084255687593,96,69,95.39263591228392
3146,801.4306411948079,155581.4909488296,75195.8085514695,76099.5613630142,69.87752180325333,77.33622849053063,41.787025034136605,-0.0,-4.304378838116872e-05,-0.3346271295238207,96,69,95.38953458211246
3147,801.434287793213,155552.04465874052,75196.28133527702,76097.21941276372,218.82399324519793,176.56586296738533,102.58978612840292,5.951956071134191,-2.783717655574099e-05,-0.3479075285157781,96,69,95.38643270812946
3148,801.4506738125227,155523.03983832416,75212.40554492961,76095.33368416753,485.2371714761248,318.77524935697147,192.32031426715548,24.31113383563934,8.795957209693946e-05,-0.3352079191608045,96,69,95.38333037015596
3149,801.453550302942,155521.06518889725,75202.30562869221,76110.13757738555,830.87747180101,487.7669199538068,300.1987146262545,54.34265578657505,-0.0001141003556017,-0.3344727930319593,96,69,95.38022764811674
3150,801.4706903505339,155479.06409245983,75200.33553086524,76114.59984940595,1263.145744611451,675.0065082714282,420.2810202157998,96.28751547052525,9.616467413944272e-05,-0.3459492020503645,96,69,95.3771246220382
3151,801.4740957620307,155408.79271119612,75166.66582074802,76099.60481589465,1715.9530846535927,856.709747345114,536.2811393789598,146.2106801016198,-4.108421892961854e-05,-0.3454915069418941,96,69,95.37402137204433
3152,801.4911824409045,155347.83251932514,75182.37751300866,76088.8172413228,2179.1658411850804,1022.6204286295251,641.0353649696335,203.13404805431492,-2.9861698968298687e-05,-0.3655364910884215,96,69,95.37091797835278
3153,801.493835392211,155301.547272848,75197.48110584373,76122.75062152874,2586.755638372735,1154.7196041256248,722.1700965620694,261.4036482764059,8.926701480860437e-05,-0.3474648436036109,96,69,95.36781452127184
3154,801.5105072361948,155251.08707223448,75218.09394033847,76094.45482298719,2940.932978446828,1252.3829697097099,779.3233010618424,320.73899014509516,-0.0001141857403926,-0.3319785977281822,96,69,95.36471108119692
3155,801.5141600614577,155202.4561209207,75196.01908089247,76102.2955989519,3199.6467369926395,1309.7828526250087,808.7207710094226,375.68315557559254,9.499511739709536e-05,-0.3377452324435639,96,69,95.36160773860684
3156,801.5310365798055,155135.55271917407,75164.13150408232,76092.41560305913,3386.2627936830395,1335.720448263237,816.982039899216,427.4291192017263,-3.9111594811826826e-05,-0.3219758030456643,96,69,95.3585045740604
3157,801.5337702899426,155110.52429664385,75184.49139846144,76103.7492354768,3481.3130549094058,1331.8439714974666,805.975981940428,471.1553985410719,-3.187534523876443e-05,-0.3094772022628907,96,69,95.355401668193
3158,801.5504378235439,155071.63174300003,75172.54170954866,76099.59147021576,3523.6894654768403,1310.1151950485219,785.0410687712138,510.2782455543347,9.054385385333198e-05,-0.2968320740616729,96,69,95.35229910171292
3159,801.554165200084,155024.45450344533,75187.2069211503,76110.66939809207,3502.664514372882,1272.677739909821,756.5187312405906,540.8232545855572,-0.0001142326173638,-0.2910767453772427,96,69,95.34919695539747
3160,801.5709184248359,154981.164815735,75199.99757601933,76109.3335992188,3454.877754972724,1228.8244450036873,727.6113565816777,567.5878909632156,9.379402346308915e-05,-0.2717460982121865,96,69,95.34609531009023
3161,801.5736863701267,155004.043975008,75193.51394297199,76098.54479169102,3367.64343871834,1178.5187418588612,698.2235842658847,586.909729045612,-3.712658633410842e-05,-0.2614328091087334,96,69,95.34299424669692
3162,801.590391431879,154996.34864819815,75168.36255990829,76100.96463336739,3273.9496349981637,1128.604791984486,672.6637744023174,604.981611141091,-3.387744125532696e-05,-0.2520482578816792,96,69,95.339893846182
3163,801.5941525837102,154971.37718910308,75211.33470025443,76103.69382285088,3158.2831283219857,1077.5796399166138,648.4730635919259,617.5976940855617,9.178967115802824e-05,-0.2301889683255602,96,69,95.33679418956514
3164,801.6108045455717,154946.5223120325,75202.64001832942,76101.28795902549,3047.6708299476304,1030.223282665218,627.5610110504203,630.4164956501336,-0.0001142409857547,-0.2212223584988423,96,69,95.3336953579174
3165,801.6135998025823,154959.94403743622,75202.64278837328,76091.64165967514,2925.009598770528,984.1516267275292,606.4352108654566,637.8738964131626,9.256181017658428e-05,-0.2326827549279647,96,69,95.33059743235822
3166,801.630356940302,154927.82141670943,75194.50241858675,76094.1977697817,2815.0028366404003,942.726597382949,586.4615052127338,645.7974098384439,-3.5129867296442145e-05,-0.220332001590763,96,69,95.32750049405128
3167,801.6341287238725,154933.63775040276,75193.15081936416,76094.26276645016,2698.2376399828354,902.5416809137241,564.4748101705045,647.726957727049,-3.586731679561586e-05,-0.2279067454451024,96,69,95.3244046242012
3168,801.6506903729405,154966.19533839304,75181.18256400783,76073.78791604508,2594.0608101116377,865.3414579120436,542.1727725063975,649.4766450746101,9.300405950172332e-05,-0.2626166139490766,96,69,95.32130990404995
3169,801.6535154588173,154947.01252115768,75181.79545446677,76100.21370753365,2482.4661727009807,827.6178293172561,517.6140201475646,644.6243708815891,-0.0001142108584996,-0.2702719383392264,96,69,95.31821641487323
3170,801.6703302692484,154980.98303192967,75173.49170377049,76064.47049829204,2382.863897945266,791.3623187203048,493.46890717418864,640.5182701970916,9.129890483024202e-05,-0.3131908144285059,96,69,95.31512423797682
3171,801.6740954308573,154972.26874964187,75168.8946284792,76084.41988744983,2276.944242425787,754.5567609114514,468.70881272890256,630.8238284299441,-3.312211513128419e-05,-0.3428980108196924,96,69,95.31203345469326
3172,801.6905748402492,154971.6601482439,75213.07003522624,76112.26261545168,2184.1959249642678,720.5677899230359,446.1315894360305,623.306553724542,-3.78443062322095e-05,-0.3475199678233135,96,69,95.3089441463778
3173,801.6934356153524,154973.3984868785,75185.68114929648,76090.84936788735,2090.207681912987,689.5277536755893,425.07187020702986,611.8735092906572,9.41866224498653e-05,-0.360326051828805,96,69,95.30585639440513
3174,801.7103090623257,155022.26991022672,75159.6785897694,76069.90318444578,2016.5777453466435,665.6973755414365,408.2661087763263,605.4359932398947,-0.0001141422612884,-0.3528198638652187,96,69,95.30277028016567
3175,801.7140532781411,155033.60816015868,75203.8056765757,76090.09089949529,1949.6313660998712,649.1649489914562,395.1238649080042,597.1150028216944,9.000574581586579e-05,-0.3476534927591998,96,69,95.29968588506232
3176,801.7304580400103,155035.19133525575,75180.79525724669,76095.73027201722,1908.1453934334568,642.2856711099448,388.05174329449073,594.8954661288008,-3.1104011196345255e-05,-0.350871205213054,96,69,95.29660329050618
3177,801.7333615548573,155026.88046120037,75190.45755312746,76097.88546804423,1877.951792378968,643.1364442287013,386.351350742043,590.7493950964999,-3.980774875743153e-05,-0.3524454936255716,96,69,95.2935225779134
3178,801.7502915538465,155032.5152136142,75200.97976300628,76100.22063781184,1875.3763517907355,651.5693489330442,391.5251215537137,592.3846890862915,9.533697396837758e-05,-0.3182420399812573,96,69,95.29044382870178
3179,801.7540024601774,155044.5551253999,75196.23848080421,76090.81682891966,1883.147671348881,664.1282010072173,401.506843976822,590.2956287217967,-0.0001140352324937,-0.30837557222082,96,69,95.28736712428638
3180,801.7703405697009,155022.49436639677,75200.78444069736,76084.54944087192,1912.4384943219484,679.6389017621259,415.76976286430727,591.7288887052855,8.868278084655342e-05,-0.3152754185845673,96,69,95.28429254607666
3181,801.77329403387,155042.0471812837,75196.72367322061,76066.06412731203,1944.0080444787745,695.0398895029939,430.781131987751,587.744900358317,-2.9076239490189044e-05,-0.2942000655398597,96,69,95.28122017547273
3182,801.790276224664,155062.21196434327,75184.81655063783,76088.82366661781,1986.2830790634034,709.5873129236861,444.9716255235835,587.2279720924853,-4.175698776796796e-05,-0.2813035763436036,96,69,95.27815009386144
3183,801.7939430891429,155061.26914593295,75179.04936854867,76101.77728686457,2018.2151606266852,720.9839800983609,454.9077790847223,581.2695147939085,9.64547394795425e-05,-0.282723250988364,96,69,95.27508238261316
3184,801.8102232793339,155093.72655227652,75179.16710316051,76086.48526491274,2046.6069804488798,728.6686114823096,459.86662142479327,578.7749705558235,-0.0001138898238482,-0.2739280552276978,96,69,95.27201712307756
3185,801.8132334570994,155070.06180194818,75191.26215023454,76084.4100450845,2053.3279725337634,730.7544784897764,458.3194970874756,570.8575439414126,8.733046789032314e-05,-0.2695113136867677,96,69,95.26895439658072
3186,801.8302616816868,155084.3603607358,75190.60776761684,76096.27492281655,2048.181995055231,726.6887033478124,451.489419597463,566.5215865863429,-2.703948737198533e-05,-0.2597688981636393,96,69,95.26589428442112
3187,801.8338753188998,155113.79192015427,75217.4568815674,76099.79137196159,2016.7829476821353,715.1113955087203,439.74832896035514,555.5013707064791,-4.369137237548522e-05,-0.2421801507241383,96,69,95.26283686786611
3188,801.8501071480651,155093.30340544158,75201.61702154911,76101.85132766381,1971.8525623726891,696.1743213980662,425.42080760817043,546.3254625250993,9.753955561775492e-05,-0.2546274357603514,96,69,95.2597822281484
3189,801.8531799545161,155146.3127418149,75191.05614816876,76097.8807182712,1904.040609203279,670.0463942330389,409.3855047087127,529.5619359264092,-0.0001137060997863,-0.2709490778752652,96,69,95.25673044646204
3190,801.8702466175149,155166.36105440557,75223.44504255145,76076.77877282882,1828.9674815860344,638.3480172796553,393.345907828887,515.2887760033773,8.594927427274812e-05,-0.2734028637470939,96,69,95.25368160395938
3191,801.8737994019132,155165.6578077033,75204.10377777196,76093.07274510335,1739.223183942784,602.7959881015267,377.0358002666617,494.441093843634,-2.499444470527426e-05,-0.2643392088188726,96,69,95.250635781747
3192,801.8899932110074,155187.81737963684,75163.96211566534,76092.59817121242,1650.727072693233,565.7878666633042,360.67945772086387,477.84207249915926,-4.561025660569583e-05,-0.2396322185050058,96,69,95.2475930608824
3193,801.8931334215937,155222.19930519667,75194.03795353987,76107.60361585394,1557.3742367032683,529.2629796905967,343.09831780186505,457.371564472327,9.859106980932095e-05,-0.2209348544772182,96,69,95.2445535223703
3194,801.9102298033606,155270.61870648575,75228.55300383647,76104.3997399138,1473.5038575641229,494.7744828120485,324.12871322000865,443.8454771954275,-0.0001134841376041,-0.213402659907562,96,69,95.24151724715894
3195,801.913715714921,155269.7113820215,75213.12174163994,76095.60285322901,1389.8551065694191,462.95367748294666,303.1155784353323,427.02747495041694,8.453967717981663e-05,-0.2250772500761637,96,69,95.23848431613646
3196,801.9298825088409,155278.7345490735,75192.06258619064,76076.98226136764,1316.251634238055,433.60452087533486,280.86502490291605,415.8274646536738,-2.294180415618445e-05,-0.2104064294013272,96,69,95.23545481012758
3197,801.9330935447972,155280.72130610878,75223.73232449222,76124.06068274277,1240.8930187833612,405.9560150599864,257.9889164720662,399.1366184671642,-4.751299996848575e-05,-0.2247659321169145,96,69,95.23242880988975
3198,801.9502100970561,155317.20280311315,75234.06389595744,76099.93733467303,1170.9498514799052,378.8890737687907,236.0694517319498,385.38202198102954,9.960894121285558e-05,-0.2344743253022097,96,69,95.22940639610962
3199,801.953624767494,155335.13753536274,75211.58631296635,76093.12853089381,1093.9683474799385,351.74130898417206,215.95994441368384,362.91298258909956,-0.000113224027491,-0.2202430311703418,96,69,95.2263876493992
3200,801.9697760494408,155358.76547374055,75180.65515177614,76092.1478809911,1018.4931196099496,324.2809344808047,198.72957674664212,341.3007882341626,8.31021632669049e-05,-0.2193705897959383,96,69,95.22337265029276
3201,801.9730598213699,155413.09915085032,75206.97138720745,76094.2677804105,936.5629486857215,297.3487837655266,184.36682384516462,311.41705268176156,-2.0882260504242548e-05,-0.2262042081302301,96,69,95.2203614792428
3202,801.9901864580927,155440.38543048382,75208.4813735876,76114.04853179486,860.2013400782016,272.0789842959639,172.78353917147615,284.57432088287896,-4.93989678955646e-05,-0.2038055763432226,96,69,95.21735421661695
3203,801.9935271997813,155477.8225762044,75205.84101519277,76102.35121485082,783.6702232937678,249.9956402714015,162.98813105982845,251.7753604548634,0.0001005928403704,-0.1960737026117626,96,69,95.21435094269368
3204,802.009674777096,155493.52957588082,75220.82810967149,76085.58950787009,718.7855294628534,231.60412771557458,154.1191768933204,224.3493386558548,-0.0001129258724862,-0.1880802091800632,96,69,95.21135173765931
3205,802.0130315773982,155534.66752037275,75244.33418378774,76098.07705508078,657.7405867523048,216.44168612467183,144.7695080395788,193.4355923945841,8.163722800814775e-05,-0.1641162893218102,96,69,95.20835668160434
3206,802.0301579657361,155569.7245030591,75210.29464801474,76108.71136578779,606.3093263632036,202.13811280466325,133.7892810292251,169.21632903802674,-1.8816510470038893e-05,-0.0308950408047476,96,69,95.20536585451948
3207,802.0334237724416,155576.33608955925,75215.8009904685,76098.5732088498,549.4904622492613,185.46653203753522,119.72655974057852,140.9776736931526,-5.1267531467977424e-05,0.2315402521287883,96,69,95.20237933629258
3208,802.0495795475981,155649.57816944996,75208.80250690563,76088.3942299683,487.7521601631888,162.7168261574261,101.73877226540935,118.21632072539069,0.0001015424494448,0.1924248044731893,96,69,95.19939720670494
3209,802.0530079856856,155640.8838371723,75240.8654996659,76083.48442202393,406.37959490774665,131.81664416877902,79.46008188385167,90.9829087399703,-0.0001125897884441,-0.3702350833858495,96,69,95.19641954542745
3210,802.0701238382105,155695.07636839515,75214.31638681568,76106.93790132935,311.6321481097257,93.3699608881434,54.17219884874066,69.13455196254654,8.014537615536117e-05,-0.4393384185467484,96,69,95.19344643201728
3211,802.0733153502509,155688.71704316713,75214.60169350795,76096.23963610716,201.20769320457475,52.20314484569826,28.78342869345215,43.20825115087791,-1.6745252757578864e-05,-0.1255294503711986,96,69,95.19047794591464
3212,802.0894911087441,155743.7089974624,75225.83397384279,76118.06983106794,98.63735865277704,17.12127756793052,8.539437594561605,24.688360226195073,-5.31180681755685e-05,-0.186892523944662,96,69,95.1875141664386
3213,802.0929880837718,155743.94221778237,75199.26906728925,76124.8663105459,19.733898644859437,-0.0,-0.0,6.502606481662951,0.0001024574620677,-0.1918802030678029,96,69,95.18455517278385
3214,802.1100834520179,155758.3635106721,75200.33825041055,76100.6334439223,-0.0,13.300809230655432,10.375285784335574,0.7837033422838431,-0.000112215903738,-0.1688920505446513,96,69,95.18160104401704
3215,802.1132028800505,155769.77749258486,75210.99372090738,76095.07033307369,57.29793441214133,66.9152820828167,45.230360874469625,-0.0,7.862712126014178e-05,-0.1784917782332528,96,69,95.17865185907384
3216,802.1294100866859,155781.50061757982,75218.28544455054,76092.1544299102,217.4570108758635,165.36287320575502,107.27782176574692,15.436685889144428,-1.4669187611142243e-05,-0.164982636236477,96,69,95.1757076967546
3217,802.132970791521,155738.35363794345,75226.48404763314,76099.56481433375,477.4915857304004,305.54232647317986,194.54229869990377,38.39079744857736,-5.494996131010876e-05,-0.1589239999555644,96,69,95.1727686357212
3218,802.1500363613767,155698.40538518468,75195.24926663733,76104.99491998456,833.8132519692881,477.09501350001665,300.77480739040766,76.98938749940135,0.000103337583969,-0.1562194311977793,96,69,95.16983475449376
3219,802.1530873628554,155657.66151847583,75225.05684213579,76095.46623923868,1252.7518820136902,663.7014613210195,415.8968473749701,119.4224525433674,-0.0001118043599763,-0.1580155335882664,96,69,95.16690613144648
3220,802.1693369793356,155601.15843792315,75230.91005062274,76129.45720238722,1706.5262249097577,847.1791023359692,528.6310532687348,172.05762717186008,7.708298570246582e-05,-0.1535477983670589,96,69,95.16398284480512
3221,802.1729549266413,155566.24114144663,75208.57609197465,76128.5491011202,2149.1064711928484,1010.4591056899662,628.2527324141993,222.87960003098124,-1.2589016612776402e-05,-0.1602818932417057,96,69,95.1610649726426
3222,802.1899823188629,155537.5168145662,75212.11641924258,76082.19103942829,2553.1939223985537,1141.5914123136172,707.2161951308663,277.71071732300334,-5.676260156826876e-05,-0.172126309364982,96,69,95.1581525928758
3223,802.1929698188758,155472.95670984857,75201.56877019018,76132.61527914631,2885.7925435731304,1234.3580848896818,761.7139859872404,324.9955076996994,0.0001041825327175,-0.1665905080434623,96,69,95.1552457832626
3224,802.2092721593378,155402.28265871314,75204.0384611163,76104.87950750267,3141.14057226578,1289.2478827946034,792.3152600109461,372.20179476830526,-0.0001113553104004,-0.1738013852398696,96,69,95.1523446213974
3225,802.2129392149642,155404.88115013795,75227.2804511151,76108.61877472645,3310.291234111064,1310.8240513393102,802.4883729339927,409.9387166753004,7.551350025622972e-05,-0.1892510357020837,96,69,95.14944918470876
3226,802.2299213002927,155388.1942777673,75197.85556430172,76110.32696104064,3407.5426021392923,1306.7583491936384,797.6683221702988,446.37434687977657,-1.0505442302002083e-05,-0.1946827715068001,96,69,95.14655955045494
3227,802.2328512419293,155327.78130914716,75221.95321711195,76121.06114533082,3438.1856485662283,1284.5608993538917,783.2207750902744,472.8914765852969,-5.855538530486475e-05,-0.194575513610029,96,69,95.1436757957213
3228,802.2492158917375,155301.4364990358,75243.01018070948,76145.46866195301,3424.145436297462,1251.3811422769795,763.767680104269,498.8000234136416,0.0001049920373281,-0.2090883768937758,96,69,95.14079799741651
3229,802.2529222887794,155289.20471930594,75241.55087329945,76136.87407735409,3372.4887347805197,1211.9870579987037,742.1828832026804,516.5262558367976,-0.0001108689219741,-0.1869343767556551,96,69,95.13792623226875
3230,802.2698535411341,155297.2052082643,75249.86320202939,76116.11617103683,3301.6676120667253,1169.9831069434877,720.0481181316136,534.826971064962,7.39192040173953e-05,-0.1911097773914466,96,69,95.1350605768231
3231,802.2727325346051,155302.56554935695,75243.46640129396,76135.99518950809,3213.6606886109803,1126.9106342245504,697.7380910070206,545.7643385441916,-8.41916835697123e-06,-0.1977553641701646,96,69,95.13220110743742
3232,802.2891683780969,155274.18842344635,75233.55797534736,76111.74007287055,3121.6117319753976,1084.0493662229856,675.2805178734998,558.1412754242192,-6.032771665488472e-05,-0.1912705376106271,96,69,95.12934790027904
3233,802.2929026581329,155247.2546630997,75231.14726265536,76093.04883910772,3022.8190339789144,1041.5777405658446,652.5003624416713,564.0414861169993,0.0001057658399023,-0.1969224685544947,96,69,95.12650103132214
3234,802.3097796028911,155243.16711653493,75240.3667660613,76118.37221448398,2925.5547619027784,1000.0206892787246,629.4037498623366,571.1666284203529,-0.0001103453736471,-0.1940987602194031,96,69,95.12366057634313
3235,802.3126144010577,155288.03650635204,75231.36094239903,76136.467854707,2824.0329395683366,959.1509196410334,606.0132968856778,571.320992165216,7.230064426863178e-05,-0.2020575396787219,96,69,95.1208266109184
3236,802.3291298576424,155255.43523245378,75234.48050330898,76110.93639164286,2724.8070538603934,919.0829408285645,582.3447032111872,572.7022814042284,-6.330898743515575e-06,-0.2221127490952553,96,69,95.11799921042002
3237,802.3328786144883,155293.68599130912,75257.39611214654,76131.11304635128,2621.681850821071,879.2187912201625,558.3394695052411,567.6066416210379,-6.207900667569393e-05,-0.2411895317426396,96,69,95.11517845001326
3238,802.3497005223516,155282.51989594474,75252.66333649453,76106.51071635132,2520.634197271662,839.3669930148608,533.8512290523213,563.5577695087122,0.0001065036936065,-0.252706088142221,96,69,95.1123644046527
3239,802.3524971268529,155300.05289609838,75262.46519883587,76136.32575219618,2416.3156408037175,799.1413640499231,508.91883058537496,552.8655973515997,-0.0001097848563691,-0.2587117785259245,96,69,95.10955714907878
3240,802.3691008629058,155306.81395884647,75249.95532461589,76106.3992201066,2315.8987646111636,759.0416531786905,483.704901614401,543.6748353139847,7.065837611885041e-05,-0.2834473149103398,96,69,95.1067567578151
3241,802.3728479300197,155323.22282000957,75235.93486575234,76123.46072642703,2215.58219464781,719.9612054393947,458.95283417755854,528.9506965402106,-4.241338206464308e-06,-0.287436117324524,96,69,95.10396330516464
3242,802.389618238416,155331.25654773993,75203.38097571293,76114.42356428991,2123.135712379648,683.7488420665177,435.638865210145,516.697380902624,-6.380867346257071e-05,-0.2470683297958419,96,69,95.1011768652064
3243,802.3923799603708,155352.17274968236,75208.24338757971,76141.88555875506,2036.338696298888,652.5548229655251,415.3672929038876,500.57336909891455,0.0001072053643859,-0.2307090730175283,96,69,95.09839751179236
3244,802.4090830651523,155387.96850346788,75237.10416227888,76117.88053771923,1964.2734396316228,628.6658754231321,399.51338058608235,489.4252787399746,-0.000109187574441,-0.209826652999795,96,69,95.09562531854417
3245,802.4128066589178,155408.48985271962,75220.66208012066,76146.19013487056,1905.7180874457117,613.8510159562575,389.5743285390199,476.89887704188004,6.899296281857485e-05,-0.1878741125742512,96,69,95.09286035884976
3246,802.429537468215,155390.49985208048,75256.61642864847,76144.43681819504,1868.5708988136612,608.8754039280175,385.98430006354465,470.2841296394763,-2.15119122731254e-06,-0.1670398887941513,96,69,95.0901027058602
3247,802.432257933942,155416.1626525598,75233.27307933675,76149.65552942651,1849.6819585273042,613.4443177149369,388.7673700453888,462.06416641242686,-6.551614304821875e-05,-0.1371359203362107,96,69,95.08735243248633
3248,802.4490853349673,155430.5237262061,75233.32427717521,76144.18618687309,1852.8286835157778,625.7781962573936,396.4541079199407,458.67178669330315,0.0001078706303958,-0.1251731191978153,96,69,95.08460961139596
3249,802.4527332572106,155399.94298440818,75227.04369166067,76140.58621111275,1869.7548109674244,643.4639231536275,407.4873221675225,451.76671834438457,-0.0001085537437596,-0.1229420923695418,96,69,95.08187431500969
3250,802.4686792213072,155430.9066665569,75200.34048417132,76125.0935196578,1898.0352752597537,663.0835014537879,419.3145775437006,446.76165664664586,6.730497467852501e-05,-0.1224498437799112,96,69,95.07914661549884
3251,802.4721492713818,155451.80310109057,75203.21872665621,76137.96692505974,1926.0717900636955,681.6834659927263,430.14998361843755,436.7765186225006,-6.116261036362573e-08,-0.1048341949722429,96,69,95.07642658478152
3252,802.4891042350762,155466.15952418535,75219.73174289984,76131.8564632384,1949.605110243545,696.051620112019,437.8693616504024,428.3215584818681,-6.720084877816998e-05,-0.0864184272784849,96,69,95.07371429451982
3253,802.492604807134,155482.30130831842,75236.00435985583,76145.2914327566,1958.6254596012295,704.4809374601027,441.8214728786843,415.23775886028307,0.000108499282136,-0.0737657399826553,96,69,95.07100981611644
3254,802.5086024513542,155474.1895720699,75242.18163130427,76133.54824511248,1952.658153474389,705.1905233045982,441.04894219562993,404.7861668021651,-0.0001078835925694,-0.056131080956875,96,69,95.0683132207114
3255,802.5121006718699,155518.90907235592,75279.37032315496,76141.20701071859,1927.933409728459,698.2349265151279,436.0609151983808,391.8436899353692,6.559498988883562e-05,-0.048022059175939,96,69,95.06562457917936
3256,802.5290931489035,155507.2676062643,75247.19738166954,76111.31688927255,1889.0539043464232,683.2323088190897,426.63537655223627,383.40407625527587,2.028043427593749e-06,-0.0262123598917553,96,69,95.06294396212616
3257,802.532486192069,155526.32269956687,75253.9478106157,76165.46488952597,1836.3060784564004,661.7147195649013,413.85441301052924,373.3706423950789,-6.88622321858145e-05,-0.0075636052558101,96,69,95.06027143988597
3258,802.5485206692115,155526.57559532954,75264.45321071905,76174.28664829557,1775.356330815528,634.1626597223221,397.60860700011835,367.856371617323,0.0001090911224491,0.007738341904047,96,69,95.05760708251748
3259,802.5520650384068,155537.72478455032,75250.41763680542,76137.06078363399,1706.311666468333,602.951691342445,379.1388950640103,360.4577032965026,-0.0001071773616479,0.052696016840776,96,69,95.05495095980172
3260,802.5690699108184,155562.4720809866,75249.90350115897,76160.33191824952,1632.4363716040389,568.9039724115864,358.4699763348326,356.13689192174934,6.386359337407284e-05,0.0838456803127681,96,69,95.05230314123884
3261,802.5723678376071,155580.0269527302,75248.71380819181,76120.31905680215,1552.3702057264745,534.8079805265879,337.2879055085941,347.31801384172286,4.1157231810163405e-06,0.0593079634626151,96,69,95.04966369604428
3262,802.5884413513143,155582.86031879584,75269.22005104972,76150.53074641296,1468.2532229925273,501.05668299512763,315.7702923839388,338.55323979386594,-7.049974297450344e-05,0.0780167446442535,96,69,95.04703269314663
3263,802.5920367125767,155582.6884190757,75255.4329031588,76138.71694576538,1379.7039331351407,469.78359018861374,295.64164695044747,323.06521045821137,0.0001096459669125,0.077317557468605,96,69,95.04441020118423
3264,802.6090373517972,155593.33783799532,75242.25809712015,76158.35376528432,1289.3102062407997,440.0415672050003,276.6437776328821,306.1020417282125,-0.0001064353032722,0.0714971079703758,96,69,95.04179628850214
3265,802.6122480505547,155611.99696240714,75252.63691749467,76138.36116286191,1197.788362792926,412.87350799881096,259.9340002038516,282.19197444300517,6.211137737412348e-05,0.101579216774093,96,69,95.0391910231492
3266,802.6283672019823,155674.8696178446,75252.08135140096,76151.73896521216,1107.218245128286,385.94893419899745,244.18845786328893,258.54253810681985,6.201173987821201e-06,0.103199856991832,96,69,95.03659447287494
3267,802.6320129384185,155725.79881969182,75248.75831357975,76143.40020570974,1018.230075276806,359.8800464324595,229.70694579248084,231.7020477251208,-7.211283865085775e-05,0.1003962158764689,96,69,95.03400670512674
3268,802.6489964053466,155711.4168905735,75247.3668870688,76141.04600970165,931.851591414772,332.5378953185864,214.58051699001226,209.02569540275726,0.0001101636432676,0.1159860696790705,96,69,95.03142778704716
3269,802.6521266760697,155756.05359672243,75226.44121918497,76115.8897868302,849.2769370212336,305.94122019685165,199.3383886059164,186.08310645830352,-0.0001056576820573,0.1268568859599597,96,69,95.02885778547036
3270,802.6682997039893,155755.52045404806,75259.22779302632,76141.89495981122,771.45989268017,278.9260536406655,182.5011313201103,168.79577136275475,6.033894055147776e-05,0.1297437863883683,96,69,95.02629676691976
3271,802.6719916810562,155757.01864969594,75260.07405262627,76138.74193245287,700.1446016064147,254.2443526120187,165.4176982479985,151.3701657988131,8.283693414746378e-06,0.1314273474078,96,69,95.0237447976045
3272,802.6889475735136,155805.2427919661,75244.56054965686,76135.04018510794,634.4797410550527,230.06405452541367,147.09412723983405,137.80040260209353,-7.370098556570026e-05,0.2170431358305416,96,69,95.02120194341772
3273,802.6920040655259,155828.69511708032,75234.75991861164,76115.57995179448,573.7127585003618,207.77450799157668,129.0134818845545,121.23408414373989,0.0001106439920758,0.4582180504797317,96,69,95.0186682699322
3274,802.7082398361357,155831.95440419877,75237.33013547405,76125.70316450113,511.96160489629256,182.91855407337425,109.36821805301588,105.88944899942726,-0.0001048447743361,0.6197388073595763,96,69,95.01614384239872
3275,802.7119711082264,155858.25424299718,75221.32811732613,76138.73603837476,444.9831400216208,155.3253885427548,88.96498047051136,86.16642461711308,5.854688874407125e-05,0.178214531314278,96,69,95.01362872574256
3276,802.7288913539567,155885.98456261068,75227.0691169257,76120.93180591076,365.41761157801375,120.73867864042404,65.94799315097043,67.2496397003124,1.0362581192657416e-05,-0.2230301165265196,96,69,95.01112298456084
3277,802.7318807175494,155884.8709127463,75210.84911592951,76115.73312905557,273.9818872322212,82.64834255045571,42.68635997752426,45.05524401619914,-7.526365869860136e-05,0.0807223795907933,96,69,95.00862668312
3278,802.7481883397313,155907.42660555773,75214.98747815154,76101.50944264232,173.01725171913859,42.604610391834285,20.003439832333243,26.6976942755864,0.0001110868668342,0.1399460438300671,96,69,95.00613988535264
3279,802.7519493893486,155964.39876427787,75239.00026656192,76115.77208836986,79.16560440283502,12.140105513579329,4.235703666228801,9.829477635241346,-0.0001039968684851,0.0823108888953006,96,69,95.00366265485496
3280,802.7688284336876,155946.93084149543,75231.5152435835,76117.95922673433,11.298483386693988,-0.0,-0.0,1.810443166323239,5.673583341981251e-05,0.1407333160586071,96,69,95.00119505488377
3281,802.7717570983141,155969.03509712635,75238.49692999593,76116.43823062374,-0.0,21.942218246971606,16.041509715403663,-0.0,1.2437138239109609e-05,0.1010785764602652,96,69,94.99873714835428
3282,802.788145823049,155935.8187719656,75238.88556437896,76102.7334395626,67.19129757315386,84.19206285802647,55.90829809822026,11.023274130362552,-7.680034163733688e-05,0.0941743095515855,96,69,94.99628899783676
3283,802.791924694401,155927.09466166413,75202.30838459189,76107.98551579613,235.2043546194909,193.9502927879803,123.8881794680492,30.982876357302302,0.000111492133018,0.1057148501421274,96,69,94.99385066555443
3284,802.8087595609361,155896.40381851146,75235.67595331655,76107.04011748914,504.4639057222521,343.40183609788073,215.8149353864428,64.2391486337292,-0.0001031142642169,0.108581498433585,96,69,94.99142221338026
3285,802.8116340853825,155848.0500863943,75237.70720122696,76131.4181976275,868.4840334332548,524.1900541214563,326.93425632687286,105.09506136321579,5.490639288212387e-05,0.0891144864370664,96,69,94.98900370283476
3286,802.8281114547019,155816.90191424996,75235.39223814518,76124.06333993223,1295.542802001175,714.3977561700158,444.4919573046209,156.7238329584652,1.4506667155888797e-05,0.0941344076069037,96,69,94.98659519508296
3287,802.8318989534786,155757.9406541841,75222.73591621332,76117.29948789481,1754.291411971848,898.4155627878645,558.7671872609644,212.57983796708868,-7.831052685740859e-05,0.0978798245822548,96,69,94.9841967509322
3288,802.8486717346658,155690.8174941545,75230.24070378684,76148.51598316486,2199.583702540316,1055.1752710902365,656.8046184296545,274.65504309811513,0.0001118596694804,0.0992448907706318,96,69,94.98180843082916
3289,802.8522733954971,155653.22296802726,75216.9074768445,76123.7221483337,2601.753842788108,1177.6294103004184,733.4657673911133,336.22627845115494,-0.0001021972730025,0.1126437440777607,96,69,94.97943029485742
3290,802.8681419818016,155536.2127881237,75220.80293583048,76135.779891237,2929.529304848518,1257.6130761055247,783.5034672353067,399.22051830770215,5.305919076528722e-05,0.112784634803732,96,69,94.9770624027352
3291,802.8718098399751,155529.60904168646,75232.75821325199,76142.66282930416,3175.990696531604,1301.8029904556024,810.45222431203,457.77674637539894,1.657047229111108e-05,0.0904445244271592,96,69,94.97470481381212
3292,802.8886830244248,155471.35194760922,75231.26285743136,76111.80239429243,3334.5125228801044,1312.8105100620014,816.3293377078953,514.429140156426,-7.979371643806694e-05,0.1112406230132801,96,69,94.97235758706736
3293,802.8921336339614,155418.36458641422,75218.12381851429,76124.17068289587,3420.833763253293,1303.855965172741,809.3127349113638,563.8751129070297,0.0001121893675303,0.1262262766692056,96,69,94.97002078110695
3294,802.9080775483212,155363.41385572965,75227.2439706322,76134.75151061063,3442.4554317585425,1278.1749973574042,792.2562186944415,609.486775413563,-0.0001012462177426,0.1293912451134665,96,69,94.96769445416108
3295,802.911767011312,155320.76796536113,75217.59669118864,76138.74429701886,3421.2829189921613,1245.9346877686621,771.4665511712374,647.1370607538556,5.119485698338003e-05,0.1487685730427254,96,69,94.96537866408178
3296,802.9286632501484,155314.99261523288,75229.45939025674,76108.57151677326,3363.922873322852,1205.841710242501,746.6795224580565,680.5987964950618,1.862786097145573e-05,0.1582955917009763,96,69,94.96307346834078
3297,802.932006519342,155278.66698019634,75219.22046192733,76148.40050584574,3288.21992610296,1164.5131376690842,721.4881884723727,705.8985847578733,-8.124942131131084e-05,0.1668920316040895,96,69,94.96077892402649
3298,802.9480077991095,155267.62214471836,75242.89185718904,76131.05930686744,3194.255632489745,1117.9749723417044,693.656347515469,727.058847978682,0.000112481131222,0.1817883916011229,96,69,94.958495087842
3299,802.9517368972772,155228.7854814776,75257.06296361469,76154.66666167838,3094.740902953199,1072.020483045344,666.1839961557125,740.5877440838667,-0.0001002614327518,0.1717384034472997,96,69,94.95622201610271
3300,802.9686290450137,155250.70524671287,75249.24920616878,76135.58990111896,2987.008866278222,1023.3188575993554,637.3520615067391,750.2973445645766,4.9314026493042016e-05,0.1578481004035875,96,69,94.95395976473404
3301,802.9718825583421,155242.37796453908,75239.09075095362,76117.58307317107,2883.3597631960292,978.9006451678724,611.0175934096042,752.5819170689792,2.0678142105572424e-05,0.1616391629073808,96,69,94.95170838926845
3302,802.9879402207266,155243.35338923606,75265.9506947422,76131.56545444446,2779.690265752375,935.26575053735,585.3924179548922,751.5996710996842,-8.267716186079868e-05,0.1366194111018106,96,69,94.94946794484416
3303,802.99171352306,155255.08773835964,75251.88209793161,76162.10498359331,2685.9440782990423,898.2883628971904,563.4670747778728,744.6191403605044,0.0001127348777666,0.0947239364828699,96,69,94.94723848620212
3304,803.0085835253652,155241.3011885961,75230.85511933634,76135.39156578317,2594.8426188497106,862.9850693892076,542.3200018264179,736.2096453599806,-9.924326338473508e-05,0.0548716794754854,96,69,94.94502006768364
3305,803.011760326475,155255.94835676183,75261.13210147254,76184.57210911697,2512.963309087674,833.887719950144,524.0107418421248,724.1760285404453,4.741734006059732e-05,0.0287796105346868,96,69,94.94281274322871
3306,803.0278769072236,155308.41313816258,75249.56504882942,76155.13309764871,2429.3744634489994,804.502556180465,504.9660127511597,713.6610089308524,2.272062757661633e-05,0.0113416158356498,96,69,94.9406165663737
3307,803.0316946074158,155305.04803232045,75252.43260120803,76178.57237605957,2349.2404449922033,778.735869732569,487.4336014217406,702.7676707890641,-8.407646854617367e-05,0.0095871553920776,96,69,94.93843159024834
3308,803.048527019121,155315.49544899195,75261.2404181355,76154.76648791716,2263.7435284837265,750.8733631576906,468.9735082826228,695.6740174520819,0.0001129505369747,0.0077914888532192,96,69,94.93625786757482
3309,803.0516410519484,155310.3500209195,75252.45396175912,76182.2468339023,2182.378541111946,726.3226064655319,453.1781871005369,689.1936097916332,-9.819206643488396e-05,0.000726181396442,96,69,94.93409545066436
3310,803.0678171479092,155312.61863301814,75244.83053283792,76183.72983569623,2100.4224090049393,700.5162069368671,438.30544349722913,686.32015766314,4.550544301986811e-05,0.0149072289573018,96,69,94.931944391416
3311,803.0716809034678,155313.36235601932,75287.18459971463,76154.90574357788,2030.5639106422896,679.8518965638505,427.97563982207794,683.0962278140942,2.4754632343206423e-05,0.013951141977651,96,69,94.929804741314
3312,803.0884559316844,155326.70960806555,75258.58194973183,76159.57940978916,1970.1925396875013,660.8162175063335,420.1018604222045,681.6466937766236,-8.54468810262394e-05,0.0129587559313653,96,69,94.92767655142596
3313,803.0915322216972,155326.68132270052,75259.182110792,76168.771014572,1931.2519890939002,650.0130780060426,417.42531683310517,677.9457835753565,0.0001131280512532,0.0208390572735167,96,69,94.92555987240044
3314,803.1077492087421,155356.282777143,75267.82940284054,76175.03854249,1907.3027414162643,642.9042186737206,416.6157582947053,674.680048021517,-9.71082092843787e-05,0.0165522473275492,96,69,94.92345475446548
3315,803.11169536021,155359.6627014338,75267.90429897202,76154.35541816175,1904.7646940482664,644.5218129510467,419.378966637596,668.6961747083988,4.357898581206097e-05,0.0173474892433113,96,69,94.92136124742574
3316,803.1283058012659,155328.38087072628,75257.41568992812,76176.6084673538,1912.4119647406624,649.15392035697,422.1113187670999,662.9653289616108,2.6779474306862424e-05,0.0180147918387109,96,69,94.91927940066154
3317,803.1321321283679,155343.36899158932,75271.14950305455,76173.88312961464,1931.6395188090391,660.0913148861,426.36273308086675,654.9866359992593,-8.678794930544981e-05,0.0153997457453931,96,69,94.91720926312588
3318,803.1478879843559,155367.60643174357,75287.07497001308,76170.94335696714,1948.3186482354067,670.2280354794202,428.7599242531869,647.9999041045376,0.0001132673766791,0.0119564914010167,96,69,94.91515088334302
3319,803.1515594626031,155388.59647710324,75281.2907738465,76205.75017977887,1962.3702624905854,681.4457351675082,430.99323501004255,639.8468479246367,-9.59920706780673e-05,0.013226348778718,96,69,94.91310430940636
3320,803.168345947075,155397.95460666434,75285.98637580496,76145.37157795018,1961.343966249784,686.3194634267711,430.0761105378333,633.3723075405287,4.163862382782434e-05,0.0073879028772755,96,69,94.91106958897691
3321,803.1719856934284,155408.76016693097,75279.53086438202,76195.68590767554,1949.0075402806397,687.5988759252214,428.21660266822437,625.4459290291124,2.8794474992241675e-05,0.0031590543604363,96,69,94.9090467692808
3322,803.1878245234557,155389.1761265219,75266.24361417415,76189.25136684359,1917.5736890218686,679.28083093022,422.7342468179122,617.956373837631,-8.809923326221508e-05,0.0067486151094497,96,69,94.90703589710758
3323,803.1915042774377,155414.04454788798,75277.98230216459,76199.72939106717,1874.271617866878,665.4888987885788,415.744508230855,607.4839013724704,0.0001133684813056,-0.0095683234600088,96,69,94.90503701880895
3324,803.2083390012816,155415.25100426475,75281.43104038278,76192.4505673315,1814.923124832334,642.3077243148728,404.7225316799595,595.8202365368779,-9.484403954242623e-05,-0.0158473165593822,96,69,94.9030501802961
3325,803.211861136384,155444.8448993815,75305.11926410854,76191.25231266816,1748.6655672639026,615.730871252279,391.9913314412115,580.0512698792736,3.968501628140936e-05,-0.0138857037233684,96,69,94.90107542703836
3326,803.2277476733839,155464.3878645695,75271.95265378954,76169.93569610208,1671.8570368900546,582.9787682762835,375.2813526400714,563.0451210596366,3.079895936329025e-05,0.0006097805904512,96,69,94.89911280406156
3327,803.2314684603053,155488.92981243567,75277.26930593411,76181.4188879668,1592.0620910738944,549.9231014870602,357.07973504802794,543.2805521104019,-8.938030312076139e-05,0.0071356039848143,96,69,94.89716235594592
3328,803.248314188049,155497.5759247423,75301.47431263431,76190.07880970325,1505.204997296736,513.794381011292,335.8357366047858,524.0671777970274,0.0001134313467702,0.0033828291684168,96,69,94.89522412682464
3329,803.2517418621721,155536.93676099495,75263.26836470395,76209.4106151264,1418.10214009654,479.931749452604,314.67425568174804,503.5585950029781,-9.366451561661896e-05,-0.013735978577343,96,69,94.89329816038192
3330,803.2676692713464,155574.22168400712,75287.39551360326,76177.28525323192,1326.684619496693,444.73515411389235,292.3659460787603,484.21397212153533,3.771882693844516e-05,-0.0214901270509375,96,69,94.89138449985155
3331,803.2714435864668,155539.64659581057,75320.52395875799,76186.62418909358,1236.8830760298297,412.1369639731565,271.6383252393571,463.34550342318835,3.279225577713041e-05,-0.0363034571939426,96,69,94.88948318801512
3332,803.2882759787022,155601.58043824913,75302.48923787496,76187.4025647425,1145.3830343920272,378.2162057904934,250.93873418710427,442.3283073391358,-9.063073905795035e-05,-0.0426129018168519,96,69,94.8875942672004
3333,803.2916254715016,155606.03932754294,75300.96158701796,76160.56771450637,1057.8223368170438,346.7674167576188,232.39163145975908,418.0678830339166,0.0001134559672168,-0.044834885752704,96,69,94.8857177792798
3334,803.3075919900706,155617.77915997646,75288.81205880588,76186.69441022196,971.0427000551717,314.28421175941185,213.9759510186559,392.43864640113316,-9.245390928217035e-05,-0.0376929776027652,96,69,94.8838537656686
3335,803.311427533403,155693.87721407125,75295.40787607379,76194.08741332668,889.5565820683842,284.7188249226456,197.3455508032348,363.6230779835605,3.574072356904761e-05,-0.0469893332042861,96,69,94.88200226732393
3336,803.3282239697894,155708.3862790013,75289.49947623393,76210.1339536876,810.8068251257064,255.52408791563357,180.76835732450127,334.3605747865804,3.47736974515136e-05,-0.0528200198955795,96,69,94.88016332474244
3337,803.3315141033571,155734.3207657148,75292.91687757043,76191.06913218534,738.4635968325892,230.60085463844007,166.06355060488568,303.36199973817565,-9.185013255857472e-05,-0.0580287558216819,96,69,94.87833697795948
3338,803.3475138149296,155771.97146189993,75322.83324533569,76185.06660767991,669.3298064000555,206.66080297966255,151.52750776981702,273.3478702263674,0.0001134423498588,-0.0676102116239651,96,69,94.87652326654752
3339,803.3514233779217,155793.82701811884,75280.63835662924,76183.8546154433,604.0032540328102,185.5092923934717,138.224159083853,242.60445633617928,-9.12126408390466e-05,-0.0868288139390924,96,69,94.87472222961408
3340,803.3681509643387,155827.91837149562,75290.2903374078,76214.70853598272,537.1244633821188,162.46896917211416,123.6829311211477,212.70837524379021,3.375137754271928e-05,0.0313083461464138,96,69,94.87293390580132
3341,803.3714203197839,155865.73317365674,75285.49289228165,76202.42126027621,465.8779371070559,138.0053818613669,107.80554880242562,181.15129948063986,3.67426210663569e-05,0.2689791419966811,96,69,94.87115833328365
3342,803.387415114121,155895.13077595868,75284.66363570747,76211.5623658632,384.7862148914137,108.01317029875645,87.80317311000545,149.43512612959603,-9.303808476571956e-05,0.2592154363011024,96,69,94.8693955497673
3343,803.3914682988375,155926.43396426548,75317.43638266645,76201.30168589042,293.2744077020907,75.13033488944347,64.48164845135761,115.96130673860898,0.0001133905146398,-0.2695347563896241,96,69,94.86764559248824
3344,803.4079629113564,155927.61581024027,75292.95527882014,76175.01472627113,194.7130131535232,40.61410366029304,38.432659351528855,83.40547850402072,-8.994114127006224e-05,-0.4259485032373102,96,69,94.86590849821091
3345,803.4119518482894,156026.28662898747,75331.67465141919,76179.04771272853,100.00077173131285,13.035299503768329,15.013761057460215,52.040032445889665,3.1751463862299504e-05,-0.1145632506962508,96,69,94.86418430322746
3346,803.4276691798502,156026.5705347126,75317.80037573322,76200.24927585131,27.607872532098554,-0.0,-0.0,26.17216740536969,3.869836845156911e-05,-0.1566460543579617,96,69,94.86247304335616
3347,803.4312946526626,156025.1238154185,75309.12783762875,76174.92073109512,-0.0,13.356661016136059,2.0169955505698454,7.344280829769559,-9.419420843363348e-05,-0.1434478088076319,96,69,94.86077475393984
3348,803.4480220144525,156050.98297101373,75293.65031437686,76208.53813778005,42.606645734689664,60.54145855132083,27.26116706460016,-0.0,0.0001133004946819,-0.1165473690961867,96,69,94.85908946984526
3349,803.4518068080756,156047.60600266382,75315.91872490663,76172.78813471325,172.9082334257546,147.53523456423136,80.43292960210238,4.610124503378756,-8.863985126468467e-05,-0.1468970339931947,96,69,94.85741722546136
3350,803.4676026986012,156027.27622961535,75317.20734777063,76202.5682044894,401.7424093253212,271.83803488367994,160.4043073108187,23.64645375031978,2.974166069352319e-05,-0.1258568385848343,96,69,94.85575805469892
3351,803.471230132981,155999.56874090395,75299.52838755646,76194.4068873506,721.0062681445852,426.1394382487633,262.1238670113671,55.32935182235087,4.0640285884359775e-05,-0.1363913005065847,96,69,94.8541119909883
3352,803.4880226919713,155959.42955585703,75312.82536294697,76209.13549851188,1113.4100611105096,596.0632371108222,375.5342543373117,99.47139322286239,-9.531812650892948e-05,-0.1396436496206712,96,69,94.85247906727903
3353,803.4916897814635,155893.96507782087,75292.2470107304,76233.43143893221,1543.51223630819,765.7330286367069,489.21006995241623,151.9376264406892,0.0001131723355735,-0.1318580922120548,96,69,94.850859316039
3354,803.5075170438973,155838.24579869406,75328.37539054222,76212.85881584427,1977.7956796550425,919.0138012486568,591.4874821208941,210.96300774716656,-8.730922124136633e-05,-0.1398392449705293,96,69,94.84925276925247
3355,803.5111894389198,155773.3857816224,75298.1359812445,76192.65881171847,2376.4301379246754,1044.2163596041937,673.7648573582701,272.09467767184833,2.7722649284062584e-05,-0.1502656545976322,96,69,94.84765945841993
3356,803.5280039610864,155721.88007945463,75306.7775871892,76198.5891854731,2716.0629683575826,1135.0970366054244,731.2576769219304,333.8313152951014,4.256772440201907e-05,-0.1448443885632015,96,69,94.84607941455658
3357,803.5315789514306,155666.0239356348,75303.05435957872,76216.17753145835,2974.9804896746064,1191.268212219613,763.6487460497301,392.60796805491555,-9.640947351226376e-05,-0.1333500289822076,96,69,94.84451266819156
3358,803.5474270545404,155622.16923471986,75296.7508887454,76214.6703116347,3154.261810936092,1217.1984338613547,774.208256515718,448.08211585195386,0.0001130060960333,-0.1298465408126767,96,69,94.84295924936696
3359,803.5511626616369,155557.22563497076,75292.99978055253,76208.67609915114,3254.3570772262756,1219.108447950217,768.126131445897,498.08590563898906,-8.594971143330453e-05,-0.124809692554613,96,69,94.84141918763687
3360,803.5679710228417,155509.09245004164,75314.04077217914,76209.06049640494,3293.84809432365,1204.2716840406501,751.3830374087556,543.1373994201422,2.5695113920971723e-05,-0.1198697634204399,96,69,94.83989251206658
3361,803.5714713442995,155473.14299149814,75305.10452912454,76190.64416826134,3281.1259033154347,1177.4582956224476,728.7026863655483,581.7669990144495,4.448004025178852e-05,-0.1093241957819605,96,69,94.83837925123146
3362,803.587335689681,155435.815363983,75322.94638828104,76213.16852135296,3237.031549775158,1143.1385205719853,703.940784915816,615.0162465624744,-9.746789468841356e-05,-0.0971662921992756,96,69,94.83687943321634
3363,803.591147996623,155417.519940014,75293.22466642865,76215.02615001527,3165.87025967479,1102.6927811544883,678.736312262452,642.0554055834655,0.0001128018474654,-0.0867471189569445,96,69,94.83539308561468
3364,803.6079228000951,155421.89978113334,75302.64453208078,76201.21884808232,3082.40390633716,1058.728676504048,654.3638713283872,664.082667842682,-8.456179193577091e-05,-0.077957077504815,96,69,94.83392023552771
3365,803.6113697477087,155379.68085794666,75283.47753879422,76196.33361761007,2983.483498836111,1011.583534160498,630.4453218224517,680.4175779386132,2.365974104641081e-05,-0.0709428614881094,96,69,94.83246090956382
3366,803.6272400629466,155350.65925842323,75287.24935032612,76170.98608497575,2880.2747690953547,964.3046358421561,607.4141229905072,692.3381099435792,4.637659525427162e-05,-0.0727134712649003,96,69,94.83101513383755
3367,803.6311501183393,155350.44908299192,75306.92225332452,76193.00768981375,2767.7670421312214,917.3591590305878,584.5228974982747,699.504567973665,-9.849304677623112e-05,-0.0647205426122225,96,69,94.8295829339689
3368,803.6478497798399,155365.84603538754,75320.15423339122,76190.34722853961,2657.1408437533537,873.6286602782784,562.3127709641412,703.2146401889331,0.0001125596740556,-0.0598688371149425,96,69,94.82816433508314
3369,803.6512896147423,155366.1980361874,75311.08076741955,76211.06751278318,2542.5341625810834,832.1339418995776,539.9883771117311,703.2568778220448,-8.314594175918231e-05,-0.091641288746457,96,69,94.82675936180962
3370,803.6671164410898,155369.13787689366,75313.91260931942,76187.79071739319,2435.42889995937,794.3984189419862,518.2830166602216,700.8597995320451,2.161722005813393e-05,-0.1209899339224351,96,69,94.82536803828113
3371,803.6712128429672,155378.07608186157,75284.63672959137,76184.41635590087,2328.8249136502855,757.9330072290322,496.4663924665365,695.814733951207,4.825675658550728e-05,-0.1492901508069389,96,69,94.82399038813382
3372,803.6876482118482,155372.94212148638,75297.60310114536,76201.37097068643,2232.303706898587,723.6658784947795,475.5004570232704,688.9560773978301,-9.948459763401164e-05,-0.2055727617035892,96,69,94.82262643450608
3373,803.6917297483878,155363.0509284484,75302.86880732948,76197.16159291164,2136.824698270473,689.3223728435987,454.8481612067262,680.0903935298556,0.0001122796726377,-0.2422900338579906,96,69,94.82127620003838
3374,803.7074837938426,155388.6160106226,75301.62157566739,76197.70973006861,2051.8520212896983,657.4060280159174,435.87169381071,670.1876970422454,-8.17026492743958e-05,-0.2707565727221457,96,69,94.81993970687265
3375,803.7110171756084,155422.15097860113,75303.36260086863,76190.37687297945,1968.9388191868784,627.4226019589842,418.2605778648576,659.6392219564295,1.956824201430637e-05,-0.2716226996686757,96,69,94.81861697665124
3376,803.7277128376023,155415.3172637334,75287.24773626182,76166.43435995188,1899.9199682470644,603.7307562323258,403.65341004746733,649.8073444163019,5.0119897135717575e-05,-0.2632399741284787,96,69,94.8173080305176
3377,803.7315959965744,155428.76601495614,75281.36954190966,76214.63291695055,1837.0289686397882,586.1333639894874,391.63681427625124,641.2522406895587,-0.0001004422268557,-0.2578421306397169,96,69,94.816012889115
3378,803.7474088972272,155419.29082658383,75324.76551168537,76179.03573308223,1793.5076761826058,578.3766177366779,383.7993264126999,634.9158635857457,0.0001119619531891,-0.264065361527008,96,69,94.81473157258604
3379,803.7509481297803,155443.33127237402,75309.94800160949,76178.37328781212,1762.2425661286106,578.4302424463676,379.50893978917156,630.807471057371,-8.023241228168526e-05,-0.2516740554568378,96,69,94.81346410057294
3380,803.7677141871851,155458.19299462752,75312.91008850567,76198.91204559269,1755.613407069235,587.7062035967829,380.00698840626865,628.8474235778849,1.7513500136358973e-05,-0.2433120073393634,96,69,94.81221049221672
3381,803.7714927402554,155434.19993183878,75290.52929577084,76199.78147509889,1762.207587783516,601.3623301938496,383.8865570666094,628.2312990580685,5.1965396256750416e-05,-0.2473734229502882,96,69,94.8109707661568
3382,803.7873112959132,155421.33631476117,75303.67307665001,76183.88723160607,1789.7943546192255,619.0263526209019,391.6047055259405,628.2614180565288,-0.0001013656254109,-0.2401896808859762,96,69,94.80974494053092
3383,803.7909056930218,155429.28452985515,75290.17564862799,76192.39345799248,1822.5359627216822,635.1848272019561,400.93915957250283,628.2841611524636,0.0001116066379004,-0.2476523903782375,96,69,94.8085330329752
3384,803.8076954385165,155437.58974721847,75307.82195805822,76191.69073257192,1864.3184544096584,649.9612861644564,411.59664156113286,627.8833049380919,-7.873573687370033e-05,-0.2465165237463688,96,69,94.80733506062307
3385,803.8113969017327,155462.39167628967,75276.50070003801,76185.09099236313,1895.947022333974,658.782326396351,420.60284893162316,626.9763672089321,1.545368902988887e-05,-0.2379922313356947,96,69,94.80615104010576
3386,803.827205497338,155446.24364852652,75310.49911611894,76200.02798173377,1921.4200158284511,663.4323035911075,427.34086960935383,625.3392956712632,5.379263900429201e-05,-0.2352910885178895,96,69,94.80498098755176
3387,803.8308817179178,155447.3281086138,75300.59333123956,76191.5341156679,1924.7018968606135,660.9662317152543,429.0161968920438,622.9835309287591,-0.0001022544958652,-0.2445876429278192,96,69,94.80382491858708
3388,803.847658881005,155455.1652008694,75282.09089713446,76184.21886355197,1913.9523452348658,654.2264235672628,425.7264901451126,619.23232608728,0.0001112138617019,-0.2501737398343002,96,69,94.80268284833431
3389,803.8513097776536,155442.47947916292,75288.65275071586,76186.85275878334,1877.0233180451905,640.5070878138358,415.90534950915026,613.8398972849827,-7.721313818407408e-05,-0.2403882202873777,96,69,94.80155479141372
3390,803.8670872036607,155436.94150624206,75285.24974757555,76170.33235317827,1826.8547401910764,622.9767971592228,401.46381907135947,605.9155914992443,1.3389504908791075e-05,-0.2410734691313818,96,69,94.800440761942
3391,803.8708886269201,155489.0022589954,75304.1509971712,76193.44737096624,1756.1875209481223,599.5160264969454,382.78905722219497,595.6007166878262,5.560101696751121e-05,-0.2664697761530398,96,69,94.79934077353288
3392,803.8875663589941,155514.38969342093,75289.66509346933,76192.85464603716,1680.6319170044735,573.8770490450406,363.102453518979,582.4000505530857,-0.0001031085529176,-0.2974897297847853,96,69,94.79825483929696
3393,803.8904442955853,155486.56479035653,75270.03315894691,76185.19069010294,1593.2751684724935,544.2964773869608,342.97638016738347,567.1786584687943,0.0001107837719706,-0.2941798086990845,96,69,94.7971829718421
3394,803.9070118346347,155512.83830482405,75306.56820787113,76202.64171459389,1510.7716034527402,515.208899034973,324.84676414870773,549.8498853565252,-7.566513983291654e-05,-0.2775437221519407,96,69,94.79612518327224
3395,803.9108889609141,155540.54615947403,75303.33650222384,76211.18174996738,1424.8862548330799,484.6695978740172,307.5254851359059,531.7580267594021,1.132164526703301e-05,-0.2496884662378573,96,69,94.79508148518912
3396,803.9274483536593,155540.4536700517,75300.89977852187,76191.68535692518,1348.6269879100728,456.0338667900214,291.3767017791688,512.8304786529334,5.738992825506881e-05,-0.2593301309682668,96,69,94.79405188869129
3397,803.9303592277595,155580.6814503474,75303.74903670858,76165.52467969403,1270.6751341642812,426.2316238795902,273.9533537309035,494.4122444546665,-0.0001039275225978,-0.2857432355061014,96,69,94.7930364043747
3398,803.9469737476392,155605.13062379888,75319.10138106771,76173.99924980097,1201.6815696279518,397.8382825743756,255.60374774239608,475.82448679744266,0.0001103165289956,-0.2833445017042603,96,69,94.79203504233234
3399,803.9508681350727,155614.43994882022,75312.22700013375,76200.13651087832,1128.1633356628008,367.4369117349852,235.02171754519804,457.8083093240857,-7.409227383015792e-05,-0.3104822866208722,96,69,94.7910478121552
3400,803.9673352386955,155629.26092017474,75307.37358145832,76186.5456175677,1058.7278960666736,337.76090075130924,214.17534585369867,438.74844320572447,9.250808470155996e-06,-0.2993061435699039,96,69,94.79007472293146
3401,803.970272864381,155647.3336042127,75295.97515648072,76183.55516653587,980.6749600751791,306.5450967653742,193.39538697962416,418.86231371428585,5.915877818542181e-05,-0.2907212367444008,96,69,94.78911578324802
3402,803.9869458554282,155643.95329458898,75279.73777379552,76179.90041085889,904.9767120617907,277.918601606405,175.42638811614597,396.1053754375025,-0.0001047111431234,-0.2973822723821216,96,69,94.78817100118953
3403,803.9908367673469,155718.26866287636,75298.19207871346,76199.73061138918,821.6146720671677,250.46764295364846,160.26515215745894,371.0786495806824,0.0001098123050992,-0.2820905726104255,96,69,94.78724038433953
3404,804.0072212871937,155714.25858911534,75303.91279598813,76223.3332810639,743.1506717533921,227.97762728070666,149.21842181455577,342.2790517817193,-7.249508017168639e-05,-0.2794648333960452,96,69,94.7863239397802
3405,804.0101902784703,155776.5650844209,75316.12210744614,76207.20060097579,661.7368131391122,208.0289290666551,140.56477906394866,311.2122002544929,7.177693454079152e-06,-0.279784062704289,96,69,94.78542167409309
3406,804.0269240758753,155768.51504109663,75303.1052374789,76209.28680487131,590.0778802857967,192.41386761552712,133.7930297969142,276.84133374658995,6.090697850706023e-05,-0.2733671778733787,96,69,94.78453359335938
3407,804.0307965586813,155824.71009086442,75317.39800583979,76207.53626787105,517.8480506701744,176.25046295617358,125.79373665215098,241.2593943552347,-0.0001054591648368,-0.2441956532267482,96,69,94.78365970316024
3408,804.0471057472644,155882.63042305282,75322.6295587251,76203.28388073572,452.6153074709582,159.0200245576125,115.23182267948869,203.56392501984374,0.0001092712853728,-0.0770148077811458,96,69,94.78280000857744
3409,804.0501133870772,155891.33996964674,75324.12792699925,76178.61885213116,380.70858576794853,135.45473915441835,99.47645214115619,166.0937357088842,-7.087410720167423e-05,0.1877310061667106,96,69,94.78195451419346
3410,804.0669062434793,155943.77433330403,75293.54591739125,76189.74917841487,308.0297248841962,106.66915218249778,78.82961847336264,127.95297090621898,5.102999723651709e-06,0.0210592070534348,96,69,94.78112322409235
3411,804.0707479620995,155953.78791227817,75304.20566757045,76188.59568029101,223.24062537710415,71.4905845537578,53.73939071519999,92.15027265244862,6.26339485940177e-05,-0.5565384683046181,96,69,94.7803061418601
3412,804.0869889626567,156003.2654862048,75299.32486185805,76200.70808143665,138.91403877391713,36.84433022123994,28.462724926124793,58.49856053903932,-0.0001061713500729,-0.4541701008411217,96,69,94.7795032705849
3413,804.0900431807219,156030.2793760003,75291.1574694346,76206.88618973497,57.23719723074464,8.749783311155625,7.976227856735932,31.016571948101046,0.0001086936669265,-0.2050132813589916,96,69,94.7787146128584
3414,804.1068907166605,156074.73611621768,75339.0513406268,76204.41746731394,5.851936683990061,-0.0,-0.0,10.020946355885826,-6.922991046300701e-05,-0.2901069182425236,96,69,94.77794017077557
3415,804.110691140229,156040.2991548603,75325.98012843488,76184.11495987393,-0.0,19.424351868379745,10.953672068135347,-0.0,3.027427433071097e-06,-0.238872488233789,96,69,94.77717994593576
3416,804.1268716878689,156080.79674110713,75306.48779022825,76212.55116151729,72.13154458795907,77.45830425186432,46.674787707510404,0.7708296097698621,6.433911505295739e-05,-0.2342349422714655,96,69,94.77643393944334
3417,804.1299801899668,156037.4197953251,75307.69419716155,76185.84076209879,232.9857374104322,175.76704614795744,108.64823810337111,15.736906694975914,-0.0001068474732037,-0.2378087560736245,96,69,94.7757021519082
3418,804.1468760525303,156011.38659250617,75298.603785709,76175.0324084266,496.8539433678379,312.8884225183283,194.98420552676544,42.742762861336814,0.0001080796592388,-0.2124536852569196,96,69,94.77498458344658
3419,804.1506262360666,155969.2521258342,75305.13051818855,76197.16860582845,846.7220823094831,476.94578700237616,298.7154170797148,83.37583050320973,-6.756305376615435e-05,-0.2163719963295532,96,69,94.7742812336817
3420,804.1667548594266,155929.17951540323,75304.7250529855,76190.43098623824,1264.7637432373594,654.2825475715072,410.5079229611147,133.37077054020483,9.516760620490548e-07,-0.2251995229752299,96,69,94.77359210174474
3421,804.169924639152,155892.24519007775,75286.42889813485,76179.6269949141,1708.335102558718,826.199943496671,519.2172044046456,192.50392244706745,6.602191199535709e-05,-0.2038116293505874,96,69,94.77291718627552
3422,804.1868609079813,155789.66744629096,75288.7178729843,76190.87391435976,2144.528647673549,978.5003014124086,615.1074394941097,254.98807679250604,-0.0001074873212559,-0.195863061193998,96,69,94.77225648542324
3423,804.1905534756448,155719.73110488136,75316.72969463858,76197.98956588359,2530.959858520073,1098.5428871282638,690.6254533620377,320.22462488061865,0.0001074294839506,-0.2045416316989629,96,69,94.77160999684708
3424,804.2066394884195,155671.55972833955,75285.00420130933,76175.40142465621,2848.2008352826815,1182.3416266317654,742.1857594003668,382.62145115973544,-6.587410790525652e-05,-0.1929034767394677,96,69,94.77097771771815
3425,804.209876512198,155621.98319046982,75311.02649276248,76176.30140607836,3077.93948997854,1229.300617482615,769.6702373771113,442.43809476919705,-1.1235547475225662e-06,-0.1836597256402833,96,69,94.77035964471884
3426,804.2268440112233,155544.53954166695,75283.02390947037,76199.88029068451,3226.089483340096,1245.5586107584968,776.1848821247404,495.2552632589068,6.768178145048656e-05,-0.2028358668931512,96,69,94.769755774045
3427,804.230473212425,155524.8019514592,75289.01922582417,76176.94595255332,3296.180498624337,1237.2339087816654,766.6174546475522,542.9374484697182,-0.0001080906931048,-0.1780874367321675,96,69,94.76916610140634
3428,804.2465265955484,155468.44130002713,75289.12222835544,76176.84198865804,3307.8360008912277,1212.7730544381047,746.4608512250707,582.2283314043307,0.0001067433748594,-0.1572366149032822,96,69,94.76859062202747
3429,804.2498355890139,155442.26969979494,75318.5472510239,76198.5697599847,3271.187785536691,1177.4672033993847,720.7171642192116,615.689356110408,-6.416365083063311e-05,-0.1565622547230836,96,69,94.76802933064884
3430,804.2668241594099,155412.54572033425,75302.56582368605,76222.26036770991,3204.6643193358323,1136.5709380901826,693.0415596728271,640.4983812228602,-3.1975656287456032e-06,-0.1366190769160429,96,69,94.7674822215282
3431,804.270385946677,155384.69575065142,75295.64757124294,76201.72537605435,3113.652881673537,1091.892338093865,665.8028415066656,659.8738340158015,6.931817349011881e-05,-0.1136378070227775,96,69,94.76694928844113
3432,804.2864171635748,155360.10223202963,75296.55182404301,76197.23548251408,3010.5393329284852,1045.7052920618007,639.7987633184821,671.5597747847205,-0.0001086574003839,-0.1039000045498591,96,69,94.76643052468232
3433,804.2898014724439,155371.1924201054,75280.68760012755,76194.32876480315,2896.77826287027,998.2641487538494,615.1459146339912,679.2764031738334,0.0001060215778083,-0.0865248440352603,96,69,94.76592592306712
3434,804.3068002258234,155372.1504867572,75288.0096611062,76216.71568019225,2781.449305336748,950.9214773942804,591.0818545792426,681.3495597327128,-6.243226791597371e-05,-0.078511001745011,96,69,94.76543547593177
3435,804.3102923328366,155359.29011634487,75326.21771137694,76183.05851985692,2663.966269083263,903.5996102521167,567.1070161841926,682.0128168491938,-5.269658527558447e-06,-0.072686100520042,96,69,94.76495917513552
3436,804.3263120973016,155379.60196765154,75295.93742832588,76170.83619396645,2551.1399461918627,857.1912956070883,542.4116127409798,679.4804896348796,7.093054595433288e-05,-0.0711272359057127,96,69,94.76449701206104
3437,804.3297736144309,155370.48538434147,75293.60891019466,76175.80172390197,2440.4266409848933,811.3603795365634,516.9951691754977,677.1496093625028,-0.0001091872665703,-0.0728386734309116,96,69,94.76404897761655
3438,804.3467711685713,155359.6667219265,75325.56911758566,76199.87848314605,2335.455994253396,766.660359236761,490.76631843528594,672.3015133381705,0.0001052643504238,-0.1024847710669758,96,69,94.7636150622358
3439,804.3501931816754,155364.71006233143,75303.26843551375,76205.94650931653,2231.2573599155876,723.0195367960405,464.6339371734066,667.5169329692726,-6.068055101702328e-05,-0.1378920856550443,96,69,94.76319525588076
3440,804.3662121855252,155398.83855313272,75294.44902247377,76176.95089747914,2130.5426152700093,681.6836551774322,439.21970961708575,659.4773068304348,-7.3391355412910175e-06,-0.148748551700192,96,69,94.7627895480422
3441,804.3697513467911,155402.14714543542,75299.33032947287,76185.0820182251,2030.4417948930059,643.8348830800096,415.9195300565043,650.4275897468906,7.251836526080779e-05,-0.166741344701654,96,69,94.7623979277406
3442,804.3867360345932,155374.384036901,75324.1435404156,76196.58469134143,1937.0273847054923,611.6778883929655,395.4772816520126,637.5911081015365,-0.0001096801285166,-0.2076001660284696,96,69,94.76202038352832
3443,804.3900894632554,155413.07681857914,75297.98289820219,76189.25510688359,1851.5677310115425,586.8852267066686,379.16350669716485,624.2100768379751,0.0001044719623287,-0.2094138564245573,96,69,94.7616569034909
3444,804.4061180594837,155446.26454089078,75299.07700195872,76172.38864606194,1782.9732624493772,571.1229530168348,367.2853404179623,608.6499319529976,-5.890909863823706e-05,-0.2008594930515216,96,69,94.76130747524766
3445,804.4097339229862,155448.84037134037,75280.41424897764,76188.44203478265,1733.172298090416,564.803359489626,360.54730023094453,594.8608427398431,-9.40530070845731e-06,-0.1924936347112321,96,69,94.76097208595417
3446,804.4266939509878,155431.38705344746,75294.9310861071,76209.63171553284,1708.0401610717527,567.6532480216993,358.6346986036515,581.839642214065,7.40811063362173e-05,-0.1648039534353326,96,69,94.76065072230313
3447,804.4299823199359,155470.36461478725,75303.39766373836,76201.2622730298,1704.2250220149872,578.2025801698037,361.64721805698355,573.4008752215304,-0.0001101358348083,-0.1699123216926449,96,69,94.76034337052585
3448,804.4460301375808,155484.10342907326,75291.73035163623,76176.6221985083,1721.4811572706676,594.5361134232371,368.6106122730416,567.7515823121357,0.0001036446945177,-0.1632405372790696,96,69,94.76005001639388
3449,804.4497205834923,155467.4608931182,75276.19546602818,76212.5263810574,1751.4055576789542,614.2124156783248,378.9626135782746,567.0924172478553,-5.711851591557326e-05,-0.1474978945555258,96,69,94.75977064522093
3450,804.4666440869207,155457.9107406894,75275.56774043459,76178.2651753674,1790.1080465177074,634.8474382681743,391.12873743026285,568.2736137035245,-1.1467458766386962e-05,-0.1645509421259603,96,69,94.75950524186356
3451,804.4698731103646,155455.85176670473,75277.63590747425,76187.086316244,1827.8805266275303,654.1424313825846,404.004870089062,572.1146060580504,7.561825262894372e-05,-0.1458592633917117,96,69,94.75925379072378
3452,804.4859485305633,155461.93830843203,75282.14090924428,76223.44280057808,1861.6909500061302,670.1345467704377,415.59483522802475,574.7298602818919,-0.0001105542470403,-0.1323660837098891,96,69,94.7590162757498
3453,804.4897106782769,155468.11830364686,75280.95084714,76200.47994197119,1884.2806976541178,681.1990071168111,424.64718823097064,576.5852272795164,0.0001027828404423,-0.1389833629734531,96,69,94.7587926804381
3454,804.506585541265,155438.3552980844,75284.40001827663,76180.48862404056,1895.4396268723067,686.0575273929426,429.539477165672,574.6523914250138,-5.5309413938155984e-05,-0.1227475837569163,96,69,94.75858298783524
3455,804.5097635442194,155484.3610147076,75275.09490100524,76184.23057549285,1890.8188899898087,683.8943720512325,429.82128125056624,570.4570641900355,-1.352491656633966e-05,-0.1152963101851201,96,69,94.75838718053916
3456,804.5258728274854,155434.74859425734,75299.61646169357,76197.19843102164,1872.9425455096643,674.2940587404155,424.94923886470497,562.4629075626726,7.712929644946026e-05,-0.109615505541538,96,69,94.75820524070107
3457,804.5297039553842,155490.05522462082,75298.5874583025,76198.73479584939,1839.4546465777676,657.4541754432285,415.4878221450199,553.1597198015079,-0.0001109352394772,-0.1078956419890156,96,69,94.75803715002758
3458,804.5465170032522,155499.68514111495,75300.85026367813,76213.50320927023,1793.8141917992616,633.9850801123102,401.751614993962,541.9958870164992,0.0001018867041207,-0.1044320219679069,96,69,94.75788288978156
3459,804.5496561239567,155489.81145131847,75273.72829972858,76198.27674394402,1733.9947786986013,605.049441372219,384.7664302344783,531.2910377130029,-5.34824097568226e-05,-0.0925962371475094,96,69,94.7577424407849
3460,804.565801451088,155521.02126030962,75325.07238858654,76200.57054231099,1664.097677892947,572.0059298304113,365.09398464945843,519.9302330214414,-1.557698260465797e-05,-0.0833671389127728,96,69,94.7576157834197
3461,804.5697014757924,155525.06615666993,75298.01592671833,76196.5862571663,1582.9225043926272,536.5306442866276,343.8275229005376,508.79419700973085,7.861373955448781e-05,-0.0776095016037706,96,69,94.75750289763046
3462,804.5864354865066,155532.39442796548,75280.75149628251,76199.85904723092,1495.5926670918125,500.2497005433106,321.6835454607499,495.85793233668664,-0.000111278698628,-0.0726514795375767,96,69,94.7574037629256
3463,804.589555990141,155532.93115144596,75285.90054709544,76201.4918716598,1401.8526707849815,464.8144419381133,299.7350057986623,481.02984492105315,0.0001009566017363,-0.0533932019935886,96,69,94.7573183583797
3464,804.605728799006,155582.5932346796,75281.57215527532,76204.50338827091,1307.9343385742395,431.47938980361505,278.5449443606776,462.5268063378462,-5.1638126510102e-05,-0.0306319249936815,96,69,94.75724666263528
3465,804.609710198159,155569.06568115833,75322.35090560546,76189.2568272435,1213.7672570178402,401.0715714977123,258.64609908065177,440.8200378875481,-1.762296746430853e-05,-0.0470824966608044,96,69,94.7571886539048
3466,804.6263286088622,155618.21238277174,75305.8065457208,76201.37609286114,1124.8837914161268,373.66387051295897,239.97789781482425,415.7754470430664,8.007109212790562e-05,-0.0508085911274242,96,69,94.7571443099722
3467,804.6294851114335,155644.5806702477,75312.53019738481,76189.0880720478,1039.5307863922208,348.70841721532634,222.35679512124625,389.0127432401059,-0.0001115845242687,-0.050224746223682,96,69,94.75711360819574
3468,804.6456154109308,155666.97637606846,75348.11490295036,76198.69767637434,961.5946938025882,325.2398773644818,205.46192970586708,361.6990556244855,9.99928603088881e-05,-0.071609404920515,96,69,94.75709652550928
3469,804.6498237994062,155684.195881242,75293.81326928311,76191.791762738,887.2024614870315,302.3637750861235,189.24682065827074,335.4241400351457,-4.977719269188997e-05,-0.0554566317360565,96,69,94.75709303842432
3470,804.6655891529061,155747.40996547765,75302.6854172741,76192.06711872907,818.5262321935152,279.7576057260885,174.08883394522127,310.94800232950365,-1.966218429403465e-05,-0.056924153581575,96,69,94.7571031230326
3471,804.6690723246096,155741.9439199953,75303.81919869217,76194.80663812556,751.2284155117813,257.7467440244218,160.53792464296566,288.2453612072859,8.15008739981663e-05,-0.067436985562276,96,69,94.7571267550079
3472,804.6857264281948,155742.5832950416,75322.39153514786,76184.12781472379,688.7686217976152,237.2376849042339,149.2573785870918,266.88739513553446,-0.0001118526284311,-0.0696999164554363,96,69,94.75716390960793
3473,804.6896800646615,155807.451980239,75307.06434908303,76190.30585372906,627.6034997937968,218.80493926338386,140.09932634790312,245.22129288027645,9.899581832725188e-05,-0.065867132345939,96,69,94.75721456167656
3474,804.7055197024504,155797.8311228316,75289.51127225184,76212.57156131325,571.8054231086862,202.35863515138044,132.38692599648493,222.55952003679704,-4.7900242030567455e-05,-0.051483137345528,96,69,94.7572786856463
3475,804.7089928238839,155806.44240580816,75302.53122917224,76183.89411562537,516.472436797223,186.26701718414552,124.14900640578708,197.30239418617566,-2.1693948552612525e-05,-0.0516542242884668,96,69,94.75735625554022
3476,804.7257311746972,155883.28319637786,75312.1846595961,76200.54898918691,462.96729262761073,168.11821248436172,113.4822045204055,170.2040237968904,8.290261466485478e-05,0.0076763259569925,96,69,94.75744724497402
3477,804.7295853633689,155905.3050754202,75314.8220237549,76205.83487189926,402.2518380827387,144.86071052956686,98.13203668413917,140.55457575549372,-0.0001120829359006,0.2202118067389192,96,69,94.75755162715828
3478,804.7454154421727,155917.04904265722,75305.64658261053,76200.97714914255,334.24776515271515,115.01035636520828,77.71242924491526,110.6699762957287,9.796582529133546e-05,0.4194993394128682,96,69,94.7576693749012
3479,804.7489482955232,155958.2844777891,75324.54059596542,76206.46806999447,252.60691963502904,79.1675496344833,52.962329121510265,80.52101339827641,-4.600791384338056e-05,0.0642038757046258,96,69,94.75780046060994
3480,804.7657103571994,155993.0071328741,75294.21935955144,76195.33913432415,165.88153472845443,42.16838241444202,27.877782928437227,53.420130723679904,-2.3717578410014763e-05,-0.3992002395759286,96,69,94.75794485629416
3481,804.7695027608376,155996.73209233792,75291.38180492094,76181.72415972914,79.95537631260231,11.963010358536849,7.63434868954937,29.09083202361944,8.427585316626739e-05,-0.1335288970021474,96,69,94.75810253356688
3482,804.7860719864193,156030.30891059112,75314.14392288544,76166.7191571339,18.655490343051497,-0.0,-0.0,11.515546295500826,-0.00011227538477,-0.01146583020889,96,69,94.758273463648
3483,804.7889427068621,156039.67016312602,75318.89708321332,76197.4429733165,-0.0,17.331998970141285,11.434409374167444,0.21173176920274273,9.690324181285827e-05,-0.085779700536498,96,69,94.75845761736586
3484,804.8056434520406,156019.23402999883,75326.60843861492,76203.84518948731,54.26493132126052,73.50640619514161,48.0377594968013,-0.0,-4.41008517934601e-05,-0.0180838839660883,96,69,94.75865496516046
3485,804.809496850829,156041.56900665443,75297.87130310327,76187.28987032502,194.2590925867553,171.63391448945913,110.8408184107684,9.824751507287147,-2.5732395473685755e-05,-0.0420287251366339,96,69,94.7588654770849
3486,804.8259429528417,156026.17971218753,75321.34293244305,76203.50412631239,433.8680905079236,308.8114614796941,198.04330267256591,33.93517393342336,8.562013825766544e-05,-0.0330823611116741,96,69,94.75908912280838
3487,804.828870250485,155980.4695961099,75318.15943287256,76180.67175475691,760.0346169748227,473.75844199686253,301.73937012060196,69.36596850579372,-0.000112429925393,-0.0258431900218202,96,69,94.75932587161849
3488,804.8456107097162,155929.6101382393,75331.24241303212,76194.39112118003,1158.0851655766019,651.2844023492216,412.8177702057583,118.89348172576865,9.580843893414504e-05,-0.0242854075200776,96,69,94.75957569242388
3489,804.8494670532964,155854.59981652503,75293.34328985291,76184.09152604536,1588.4093958194717,822.8326371935982,519.0648716177384,176.55197372697876,-4.2179704672425016e-05,-0.0235348486644535,96,69,94.75983855375632
3490,804.8658215659045,155818.63550083412,75319.07861405573,76205.56842520897,2019.8508875400876,973.1090932846419,611.5428941053397,242.83911299784086,-2.773772410228868e-05,-0.0215601068194319,96,69,94.76011442377369
3491,804.868796827443,155740.36203245385,75319.53278217904,76189.83449146384,2409.6910699452274,1090.1247411410732,682.2579001604172,309.8268657751614,8.693502845058201e-05,-0.0070017206375931,96,69,94.7604032702618
3492,804.885586911613,155681.317778163,75309.06371638598,76193.93827480092,2737.7689658899326,1169.847612184938,729.5417813582171,377.95581316854805,-0.0001125465208911,-0.0089433291712286,96,69,94.76070506063786
3493,804.8894255672819,155605.3388820699,75302.14037769659,76222.89138024136,2980.5700577288517,1212.5639187368506,753.205677736958,439.14720470804605,9.468179898682502e-05,-0.0229231869086252,96,69,94.76101976195248
3494,804.9057011838601,155576.46533690818,75305.11935076918,76217.03563339575,3141.3592230660142,1224.6935572628718,758.3283934960491,495.1244384011952,-4.024512555802845e-05,-0.0266389745345333,96,69,94.761347340892
3495,804.9087279300232,155529.89981431936,75284.86628687294,76196.42704237596,3218.613315267139,1212.9895842285187,748.8716613802826,539.768663473631,-2.9732892513612267e-05,-0.0331587521252576,96,69,94.7616877637819
3496,804.9255674594508,155467.57602195145,75288.15961571207,76204.56654481332,3232.739975489385,1186.0468514714448,731.2577763598529,577.8612521483155,8.822009295262359e-05,-0.0241065332105599,96,69,94.76204099658884
3497,804.9293745342385,155439.84339898793,75294.9501308412,76207.49209491859,3190.9934130671318,1149.0410621043848,708.0471750429133,605.1679472729447,-0.0001126251477738,-0.0151975526034745,96,69,94.76240700492328
3498,804.9455811608634,155446.89577465068,75315.83368681588,76210.33387186557,3116.3873501104536,1107.158274430025,683.0074631108437,628.2029692832148,9.352371437164222e-05,-0.0160217107464625,96,69,94.76278575404234
3499,804.9486650454137,155455.0629087733,75280.65523853396,76223.6181792737,3014.496600103099,1061.8867050707195,655.9407214492094,643.7510868753016,-3.829777184832884e-05,-0.0003751401940552,96,69,94.76317720885268
3500,804.965550427747,155423.65674420644,75282.46836272832,76221.0510306464,2904.378751787008,1015.5955900352274,628.7340125957562,658.7950445463357,-3.171723248585808e-05,0.0224034259248562,96,69,94.76358133391275
3501,804.9693141425446,155377.3882136849,75294.4655252469,76213.49504020852,2785.1980457705213,967.8727480524685,600.1267454719346,668.7187940994627,8.947491046926777e-05,0.028306231347688,96,69,94.76399809343565
3502,804.985462753872,155400.02101714574,75310.32645496038,76215.86245816704,2669.7428827626863,920.1601283950295,571.8915779879317,679.0125358775258,-0.0001126657947529,0.0388932225993908,96,69,94.76442745129226
3503,804.9886075863925,155393.64564850484,75296.89340203788,76202.97133885631,2551.9864476619987,871.6576216781104,543.096083556884,684.058292007714,9.233458817245276e-05,0.0430948221387596,96,69,94.7648693710135
3504,805.0055361252087,155381.51138444932,75302.95768819234,76198.20160602154,2440.7557543610455,823.6561478857184,515.7842174246907,689.0651897821517,-3.6338305161249714e-05,0.0089443603043977,96,69,94.76532381579332
3505,805.009241664214,155426.75756567257,75291.85823721101,76209.53645837496,2326.3383154066396,775.1727225379,488.7084242273704,687.8928684283746,-3.3690079596728274e-05,0.014122605363349,96,69,94.76579074849153
3506,805.0253520633331,155388.3552994337,75301.15200538712,76196.6560254532,2216.0516424750676,727.683812521791,463.39805840459303,686.1021685248998,9.069907072211892e-05,0.018105129926695,96,69,94.76627013163656
3507,805.0285461728827,155391.899140606,75292.29934389339,76213.20061534051,2101.3932095717755,680.9318515417981,438.25147716799984,678.8266998364707,-0.0001126684633732,-0.0224952604697546,96,69,94.76676192742848
3508,805.0455429344673,155421.53726767792,75305.69917346748,76223.70430112266,1992.765327199595,637.537244122359,414.8440402963315,672.9716292869125,9.111483396472246e-05,-0.0531342022181237,96,69,94.76726609774148
3509,805.0491033493623,155432.8797740699,75293.66193826248,76192.50012235521,1884.8662063968368,598.3387149204791,391.98954102236894,664.0004689835478,-3.43673903114092e-05,-0.0704156036452531,96,69,94.76778260412696
3510,805.0659662896295,155429.62947601813,75303.76863145083,76190.32013082718,1792.0868300941074,566.8224985921697,372.25733546109404,659.0993513046124,-3.5650773625449745e-05,-0.08530189214656,96,69,94.7683114078164
3511,805.0686553249975,155457.47253172964,75311.30446684876,76197.29738617789,1711.5851970145013,543.9287378228328,355.50520487636095,653.2578228041821,9.18921735000787e-05,-0.0984280097515269,96,69,94.76885246972452
3512,805.0854195725669,155453.1771162249,75299.0627530088,76192.05440534472,1658.2998523164424,532.3812302581937,345.0308969061589,652.9047183711955,-0.0001126331682,-0.1018190423993286,96,69,94.7694057504518
3513,805.089135728158,155443.64858031325,75304.60412090502,76205.14098964189,1626.5507285810309,531.4337413522298,340.55535175299156,651.7651000986516,8.98648745949962e-05,-0.1155251637824484,96,69,94.76997121028728
3514,805.1058220846643,155466.88219616303,75335.02765627886,76190.67167365723,1625.1787408955279,541.4517695341783,344.1344929309271,654.425746099645,-3.238569698757461e-05,-0.1140904789260632,96,69,94.77054880921258
3515,805.1085907696657,155449.10700953312,75295.57970072808,76220.90156464528,1642.2107132609235,559.376478419741,353.69843873317586,654.1731424235331,-3.759865934721292e-05,-0.0875844948372991,96,69,94.77113850690336
3516,805.1253683830705,155430.0132496513,75306.42231098459,76198.90853874927,1681.2968094341923,583.6912840089499,369.3162276063522,656.2044765774335,9.305382862141192e-05,-0.092487747410231,96,69,94.7717402627336
3517,805.1291249347033,155440.5214873584,75294.49858170869,76197.3407234909,1726.5693171691382,610.1089740849275,387.15840507653775,654.9388469734404,-0.0001125599375119,-0.0893869898549827,96,69,94.7723540357776
3518,805.1456974533678,155464.82678578966,75284.18564712863,76202.40781397684,1779.3623492566985,636.6157344013627,406.0762441525003,656.2363423958304,8.858514401391807e-05,-0.0803140993320088,96,69,94.77297978481404
3519,805.1485148824785,155464.6913244516,75296.42510543637,76217.42281022968,1824.4954255712219,659.3726717375248,422.1097859071742,655.6883397418133,-3.0393896356956343e-05,-0.0815980560186024,96,69,94.77361746832796
3520,805.1653348769478,155491.66325652844,75295.78785177456,76212.27886763109,1865.6105226437794,677.3851836837857,434.7809467643383,659.3149507010239,-3.953308410475686e-05,-0.0736370046364886,96,69,94.7742670445149
3521,805.169097155468,155465.85388884167,75327.30093494867,76198.06335144318,1889.9048823502962,688.0380244130647,441.3400785359554,661.6957128705981,9.418365972504651e-05,-0.0834640831691654,96,69,94.77492847128276
3522,805.18557750514,155443.60833411288,75315.8352422308,76231.53135712986,1902.8067748556496,691.3908433885372,442.65797465792275,666.4817307463672,-0.0001124488084596,-0.0969380332867647,96,69,94.775601706256
3523,805.188438457638,155433.66281267747,75319.59655768178,76220.99607489594,1894.2529600098496,685.8673274236935,437.6254665412416,667.1296277211222,8.727608706086113e-05,-0.0828044505202029,96,69,94.77628670677804
3524,805.2053112192269,155470.47982055644,75291.49673413775,76214.13867553107,1872.2177098130342,672.3648506991303,428.4980351117265,666.7358306171373,-2.8392663299027183e-05,-0.0800077958576249,96,69,94.77698342991492
3525,805.2090565218942,155472.15568239524,75293.67410673953,76189.57300814509,1828.541964520351,650.1530145660945,415.1814930177643,659.4462070640002,-4.145340253888702e-05,-0.081723366311314,96,69,94.77769183245782
3526,805.2254601025776,155465.62108289194,75324.92135647713,76216.61410837929,1772.4268143824884,621.0723916148418,400.3034236903768,649.2929723531997,9.528129530400096e-05,-0.0813925946370759,96,69,94.77841187092666
3527,805.2283639976168,155483.16164409363,75296.77515584683,76228.77543570119,1698.2031188684632,585.815788275766,383.90592167308205,632.9864021662215,-0.0001122998396302,-0.0724479271742492,96,69,94.779143501573
3528,805.2452952831324,155535.9597542865,75268.6686366314,76223.48527931988,1617.2258086848306,547.6216294981714,368.10889198991936,616.2096638760122,8.593815068117388e-05,-0.0713119176272579,96,69,94.77988668038374
3529,805.2490027588256,155557.56608210126,75257.38671728136,76211.823164494,1525.182120589714,508.2360251515347,352.07003938462003,596.6021357317513,-2.63826820585623e-05,-0.0707395663871377,96,69,94.78064136308342
3530,805.2653472312913,155555.57884352014,75331.91824461965,76203.37678400475,1433.4914613436558,471.00540870764235,336.6645928734506,578.795357777446,-4.335897705627949e-05,-0.0520873169385285,96,69,94.7814075051382
3531,805.268289722815,155592.7923840252,75305.82196724358,76177.32720929541,1338.455011631595,436.95457412350515,320.2670298611629,559.7688988178561,9.63463795789129e-05,-0.0530343655159618,96,69,94.78218506175884
3532,805.2852896828772,155575.6136370507,75303.30919370292,76213.25987037613,1250.9125771883992,407.64888463741227,303.23755203877226,542.3700247179659,-0.0001121130901382,-0.0367695568930238,96,69,94.78297398790394
3533,805.2889293987876,155594.33671199364,75303.34329505784,76198.0169869604,1165.6545754717663,381.9573816387856,284.13656770036323,522.6101905165706,8.457180945782131e-05,-0.0114248415741615,96,69,94.78377423828294
3534,805.3052504413114,155657.23896248988,75326.93247727542,76211.46922866015,1090.7844235977973,359.39632782711124,263.8852281763975,502.279647899064,-2.436461710252968e-05,-0.0401283094700372,96,69,94.78458576735984
3535,805.3081975657393,155668.13079634096,75320.52909934892,76205.03305660705,1019.1971396569279,337.84379803409684,242.28375669193338,478.49612534829066,-4.524915422057541e-05,-0.0353135644123476,96,69,94.78540852935612
3536,805.3253288162073,155682.60842192074,75315.96680412198,76210.07233292882,956.334075013292,316.72042213441455,221.2730110573466,453.6219458981068,9.737857993471408e-05,-0.0447748188072739,96,69,94.7862424782544
3537,805.3287477446437,155734.63512767872,75330.31569207637,76207.97636730415,892.8373323812266,294.8392379138386,201.450726422976,426.08657373825554,-0.0001118886341011,-0.0572806771135466,96,69,94.78708756780097
3538,805.3458024122997,155721.84508022523,75341.92031025155,76199.11027200276,832.8387644625618,272.95854375224735,184.67921343949274,398.314697698137,8.317752600605828e-05,-0.0364132437547027,96,69,94.78794375151004
3539,805.348421609904,155781.57487963687,75318.24987054885,76218.96076562298,768.0893085859716,251.45779365386989,170.97077679401264,369.43736420583446,-2.233917661983105e-05,-0.0342990223181524,96,69,94.78881098266665
3540,805.3651643741725,155820.7855784069,75331.68827651162,76207.6888863959,704.6975221632747,232.00241213847767,160.71232588565908,340.8583851493604,-4.712334136294928e-05,-0.0512178741787276,96,69,94.78968921432973
3541,805.3688021966731,155849.042661078,75309.2218040311,76231.7578048383,637.6473411571933,215.1746884608583,152.44722481589997,311.494763133378,9.83775169400931e-05,-0.041708540130498,96,69,94.79057839933616
3542,805.3856572814611,155857.25153310347,75301.83683626806,76215.96586044143,574.142191217572,201.43836457299767,144.92481498786947,281.1012558544753,-0.0001116266037352,-0.0235471965045931,96,69,94.79147849030332
3543,805.3883550913359,155882.8219917924,75299.85264050472,76228.77411542811,509.95452734443825,189.35835751546256,135.93337343996973,248.8132856534212,8.175575775747705e-05,-0.0429710004717163,96,69,94.79238943963308
3544,805.4051032208849,155913.55688934264,75315.0314945211,76229.03515252037,450.50253974989755,176.63571833407332,123.90490699617658,213.94044194111484,-2.030704001400204e-05,-0.0472898768489767,96,69,94.7933111995148
3545,805.4087999530296,155988.7254215971,75303.389966999,76221.87912919228,388.90607115841703,159.76801581635664,107.42202235973673,177.1842765508627,-4.8980869136313696e-05,0.0797862845882672,96,69,94.79424372192904
3546,805.42553964979,156024.53858092654,75334.38791281696,76222.4011076368,326.5720236674533,135.87436917284504,86.21147334075067,138.51233152393252,9.934295041873484e-05,0.3223923015797805,96,69,94.79518695865087
3547,805.4282697763568,156045.82460254314,75324.60462032455,76210.7199898121,256.0432153302827,103.88552182431158,61.34053089792724,100.93337541137589,-0.0001113269920601,0.3619676299118656,96,69,94.79614086125288
3548,805.4450660117877,156070.8868745992,75331.2793443477,76231.44284817959,181.3619441188057,66.10484172430006,35.391552074142965,64.92108579433989,8.030711020481657e-05,-0.1589510434294069,96,69,94.7971053811093
3549,805.4487772560545,156092.57960542213,75341.92024613195,76227.86330894221,103.43750843749149,29.1036561672081,13.063413702329854,35.141349904588424,-1.8268806343914703e-05,-0.3395660326619104,96,69,94.79808046939895
3550,805.4654296492106,156145.60256274338,75332.9958734766,76241.5044697089,37.78685139393201,2.922378900286276,-0.0,11.75569562864257,-5.082109129532383e-05,-0.0184131754131913,96,69,94.79906607710905
3551,805.4681787929615,156138.81883252598,75318.69082410842,76218.94457588528,-0.0,-0.0,3.142544857459143,-0.0,0.0001002745049234,-0.0387130594918236,96,69,94.80006215503808
3552,805.4850445527367,156152.3220706983,75330.01510526397,76199.89983560053,16.622637133928947,31.385491043081856,27.742860168160405,-1.9676914357114583,-0.0001109900814756,-0.0347747478505219,96,69,94.80106865380012
3553,805.4887372719203,156130.55728997302,75331.52037068545,76219.07788847128,107.58191115071531,104.81776998849818,77.89031596045243,10.332732657174347,7.883182652186209e-05,-0.0004564080422287,96,69,94.80208552382742
3554,805.5053270040318,156120.97955495302,75313.0221997368,76227.2663140388,291.3940464570769,220.59717214248667,152.83185319116456,32.51004902488785,-1.6225467154288687e-05,-0.0188522638752708,96,69,94.80311271537462
3555,805.5080814542273,156058.46433733255,75303.349363161,76241.24317570169,569.649307094689,372.3036178188486,249.15851048499462,67.93985974011593,-5.264367083919592e-05,-0.0026857344857006,96,69,94.80415017852188
3556,805.5250421082475,156015.76592616292,75299.1758530744,76225.12641639641,932.9492395999841,545.6859594525595,358.0857946559845,109.64590864881757,0.0001011717192283,0.003636710716801,96,69,94.80519786317824
3557,805.5286713833854,155965.99181538372,75327.557320236,76231.11020720578,1353.5787494159304,723.8923130484036,470.44599610584555,161.04742574770353,-0.0001106159615748,0.0167033214308405,96,69,94.80625571908573
3558,805.5452464818385,155923.39542980705,75318.74053020062,76238.14262137667,1797.0744874169468,888.6647077359521,574.732281082659,214.53208411752712,7.733071197687815e-05,0.0193669398197336,96,69,94.80732369582208
3559,805.5479545115522,155860.16327648915,75318.11219401666,76206.37697858782,2223.2604596295278,1026.742235802667,663.1992668451858,274.3472439101606,-1.4177156473317662e-05,0.0117404608855118,96,69,94.8084017428052
3560,805.5651021077499,155788.5774411022,75331.33673968239,76213.86370779139,2598.5661395023344,1129.0897777000791,728.7237753452209,331.9760572670202,-5.444725782013311e-05,0.0371375010355046,96,69,94.80948980929575
3561,805.5684782315782,155752.70298661722,75316.36301135432,76218.7958802915,2897.5086431030068,1194.818102894249,770.4045931560395,392.7361571445945,0.0001020350825478,0.035579641990754,96,69,94.8105878444014
3562,805.5856278351247,155658.2118639502,75334.10985141197,76229.79348541901,3108.7705363187706,1226.393387844524,787.9618208128668,447.52283597452333,-0.0001102041749379,0.02190966136089,96,69,94.81169579707992
3563,805.5883820076647,155628.3797549324,75311.10001218498,76224.81585855101,3232.3005873835646,1231.305273495498,786.497655458079,502.26531521391007,7.580446795315792e-05,0.0318015629470442,96,69,94.81281361614327
3564,805.6048954838675,155555.46151264763,75312.49871150094,76232.22498226145,3278.1313963819994,1215.7167623845744,769.4343387597182,547.1975248801464,-1.2124989634338171e-05,0.0157430798334475,96,69,94.81394125026058
3565,805.6085479710856,155539.84977865135,75299.77474550469,76237.39096115109,3261.501577998337,1186.9372495498246,743.5789530804323,588.9806452361227,-5.623236824731256e-05,0.017679541594006,96,69,94.81507864796218
3566,805.6254950303338,155485.13816434864,75323.7705104496,76213.40635246049,3199.1723209326155,1148.398913647863,712.0659837993735,618.8444692381017,0.0001028625957999,0.0525805243338719,96,69,94.81622575764284
3567,805.6283099460852,155456.68314100182,75287.71842141975,76220.81952450813,3106.8941534724436,1104.089054664786,680.2103719653387,645.6630379160924,-0.0001097569101463,0.0548609626028348,96,69,94.81738252756558
3568,805.6448163650039,155424.42046052302,75308.79448389099,76226.0862280245,2996.525212351,1054.534268395655,648.5097141122096,661.0833195408632,7.425175444998777e-05,0.062367062532376,96,69,94.81854890586536
3569,805.6485575183574,155457.63955578674,75314.55108672124,76227.45620796086,2877.211074883584,1002.2590116202919,619.7171150817303,675.2972514873254,-1.0070756012396666e-05,0.069457805476635,96,69,94.81972484055228
3570,805.6653894115208,155396.90271800497,75296.21357466909,76199.06996280278,2753.5592696267995,947.4330851560662,592.0209121796361,680.5825822376937,-5.79981552453991e-05,0.0849060149858999,96,69,94.82091027951569
3571,805.6682178355593,155438.00716614924,75321.07091140922,76220.29884900346,2629.118474565388,892.7696709335432,566.5464477539645,687.5961346999975,0.000103655983105,0.0789810236610014,96,69,94.82210517052746
3572,805.6847604962846,155389.84099806676,75320.62820072754,76228.88784510049,2504.1554636533256,838.235360392966,540.2409653709037,686.7091013911704,-0.0001092705938501,0.0829855961756666,96,69,94.82330946124569
3573,805.6885517764912,155392.54986125816,75321.1236796012,76228.17471387502,2380.2617538147024,786.0532678200689,514.0591981219477,687.6934925564565,7.267810771433792e-05,0.0844531553791091,96,69,94.82452309921824
3574,805.7052861178158,155415.70601136916,75309.8887822709,76234.05155446423,2257.161163256096,735.4841328854527,485.57040765183046,680.3857973871345,-8.009901080439878e-06,0.0727559307897055,96,69,94.8257460318868
3575,805.7081223563478,155394.60863105324,75311.08379891996,76227.88929254988,2137.392896060599,688.2704106500169,456.9628439231019,674.8454375873553,-5.973997816308766e-05,0.0635523126143412,96,69,94.82697820658976
3576,805.724716961941,155413.9918386947,75304.43812351061,76243.80075779207,2021.9222889996017,643.629991928261,427.0257170164259,660.294507337414,0.0001044162682252,0.0338166321866296,96,69,94.82821957056645
3577,805.7285369877469,155424.28818658288,75322.7776594131,76212.46141960484,1915.1859014589572,604.0984651946492,399.38364593320875,648.022321383818,-0.000108748220885,-0.0067726603056728,96,69,94.82947007096094
3578,805.7451804958005,155439.06818687255,75301.44238043539,76221.58137081593,1819.8718979190453,570.1106211006991,373.94482959550805,628.9735342629137,7.107657897090961e-05,-0.0302653095177365,96,69,94.83072965482476
3579,805.7480284194991,155456.27312144256,75326.37605158682,76202.28981053765,1741.6474415870034,545.1431607947161,354.74026638566284,615.858067601861,-5.954705659720772e-06,-0.0515618877005272,96,69,94.83199826912168
3580,805.7646820409323,155458.52909380445,75318.14820308915,76202.75968182611,1683.03931265953,529.6609979661589,341.0732953007391,599.100510078948,-6.147097614612855e-05,-0.0594117697731252,96,69,94.83327586073052
3581,805.7685146198443,155476.19889834497,75308.67278484545,76244.62296344034,1648.2502050857875,526.2342209427588,335.9908127489325,591.438609475299,0.0001051306080071,-0.0589497452409832,96,69,94.8345623764493
3582,805.7850714020611,155445.2615658395,75322.61518970411,76226.58728258917,1636.8058364516473,533.5212556465704,337.53941284836037,582.9600677405833,-0.0001081974330262,-0.0603074446381187,96,69,94.83585776299869
3583,805.7879384218567,155479.30918427047,75305.87698771246,76230.62495919848,1648.622248208907,551.5896680256119,347.25509651904576,585.0963661918358,6.944933479724676e-05,-0.0419191415936284,96,69,94.8371619670254
3584,805.8046536420022,155471.6719083958,75302.46777876154,76238.21746579974,1678.4771860770416,576.5152628815558,361.5205140678445,585.316075488081,-3.892554665577509e-06,-0.0155523499993976,96,69,94.83847493510686
3585,805.8084849391062,155449.8548902486,75303.52010993694,76234.50427513801,1722.2053099294426,606.4381598416803,380.5904262154654,593.8966856040934,-6.316544614224075e-05,-0.0179471850771676,96,69,94.83979661375362
3586,805.8249588243514,155416.36354412528,75289.47030921247,76210.46810792321,1771.960746694589,636.4896746605227,399.9573121438443,598.078358146915,0.0001058324701744,-0.0140416393721236,96,69,94.8411269494138
3587,805.8278538520259,155427.12530986816,75315.28534896049,76233.63150484418,1822.2806222452782,664.6328030475852,419.22928596357815,607.8478551346052,-0.0001075830187835,-0.0075170102527197,96,69,94.8424658884764
3588,805.8446301712199,155405.3433814662,75316.04995239034,76221.53975655518,1865.7228607424768,686.5982438992214,433.7529704908666,610.0066277434817,6.782438150755918e-05,-0.0082366083232071,96,69,94.8438133772756
3589,805.8484478637614,155420.61868076015,75315.30952153051,76214.88567878303,1898.5644255529623,701.6093559812871,443.90798898178036,615.7436287489254,-1.8153320158523576e-06,-0.0065928363512173,96,69,94.84516936209332
3590,805.8648432426005,155409.7732888344,75309.9699446178,76214.91065200036,1916.3413680682424,707.129413183924,446.5699131784495,613.510227902414,-6.484156259431437e-05,0.0043044756689413,96,69,94.84653378916404
3591,805.8677757412797,155404.41812258677,75316.5477809068,76233.64039558741,1918.1919993503252,704.0298154737393,443.7550182361156,614.807070813782,0.0001064713847386,-0.012552702847107,96,69,94.84790660467787
3592,805.8846101942748,155411.6567353495,75291.22901233978,76217.59846841033,1902.4732244608458,691.3899080292176,433.93289720159373,607.5240588001325,-0.0001069831368686,-0.0103706096701099,96,69,94.84928775478426
3593,805.888403258817,155396.0911806985,75307.84604594586,76208.03468872826,1870.2239532501553,671.5013405953505,420.50485969297006,603.4801150274579,6.610980324886034e-05,-0.0039404078611741,96,69,94.85067718559598
3594,805.904725384792,155403.60095339516,75327.03115742921,76206.31248458251,1821.4672312474577,644.6240867590532,402.8070057949808,591.2644010542426,1.911071584514821e-07,-0.0406296945738059,96,69,94.85207484319248
3595,805.9077048285723,155420.03506200318,75294.68671213591,76224.50103786359,1758.1130157663138,613.5200563493854,384.07890173088526,582.2801134393085,-6.654942172198019e-05,-0.0434228495152183,96,69,94.85348067362352
3596,805.9245923144856,155415.20877429165,75309.66200333805,76223.11942795136,1681.73455179116,578.5764066287229,363.00714560080087,564.8058307961328,0.0001070574545496,-0.0373165480278186,96,69,94.8548946229134
3597,805.9283510679395,155464.1422132641,75303.51388559397,76229.74283668921,1595.7225605554413,542.380383130876,342.13384874750045,551.0713020944677,-0.0001063089439506,-0.0373515732311819,96,69,94.8563166370643
3598,805.9446061012278,155441.9900852936,75288.72172832345,76201.23647467869,1503.7029253147193,505.20263087702915,319.77053974111914,530.4832797559502,6.44750418843904e-05,-0.0176263981405416,96,69,94.85774666205936
3599,805.9476416380814,155460.26048366522,75302.72529705922,76211.29372238145,1409.9016914205276,469.2853908586694,298.11194308981067,514.652215109556,2.352993303180477e-06,-0.0117188154287469,96,69,94.85918464386768
3600,805.9645751213445,155495.615394656,75290.94257182562,76222.63397668848,1318.2789619988762,434.7448699336237,275.60084712092066,492.273157559277,-6.804948879989654e-05,-0.008385352259537,96,69,94.86063052844678
3601,805.9682913897319,155515.99121628713,75331.42247654193,76215.79507233086,1231.310112640902,403.4848355076683,254.78038238736917,474.84247833504924,0.0001077763560197,0.0096589213950909,96,69,94.86208426174694
3602,805.984486275907,155519.0929541347,75308.89834161752,76220.69469701615,1150.5888092543464,375.15145943344396,234.4603419629566,451.2834472649265,-0.0001054999311599,0.0261926477011729,96,69,94.86354578971476
3603,805.9875865331818,155520.53442149924,75316.8512065954,76221.08992077381,1074.87301832909,350.54089987365296,216.82578689287766,431.9393023917801,6.279601739630056e-05,0.0111039377283294,96,69,94.86501505829658
3604,806.0045571581632,155546.75798020302,75283.16174599103,76214.67585607538,1003.2364195912378,328.2354557340732,200.14935793008772,405.5977256675251,4.332479356940427e-06,0.0225911024989392,96,69,94.86649201344257
3605,806.0082245402716,155571.40878681024,75315.807995898,76225.00882020219,932.4419384757639,308.0234029556159,185.88765261357184,383.4807590271521,-6.986558796155719e-05,0.0164951636692793,96,69,94.86797660111004
3606,806.024366739323,155603.92973691504,75320.39730899861,76222.2469481991,862.3828994028154,288.2219872994028,171.89842135552317,355.7689776701154,0.000108004513385,-0.0018292190630218,96,69,94.86946876726752
3607,806.0275397797162,155628.0591390484,75318.10268942571,76221.94677726645,791.6847435557866,268.8013229396747,159.29005577709177,333.14670428456157,-0.0001051318053807,0.0237943986301213,96,69,94.870968457898
3608,806.0445368768658,155644.33061393787,75318.28731694364,76198.96308725503,723.9225678292569,249.15447207591205,146.37189151856,305.67795779640437,6.072899313454323e-05,0.0434243543791776,96,69,94.87247561900244
3609,806.0481511337159,155668.1644624248,75320.07278298217,76210.68667578508,659.7186670619994,230.3097170854453,134.86593651829753,283.7137956166698,6.194341754845603e-06,0.0412413125683085,96,69,94.87399019660438
3610,806.0642481489277,155688.22191822174,75331.82585799212,76229.52651076332,603.7279749410809,212.47915087048023,123.61998529889388,257.0575766568945,-7.14011504437185e-05,0.0617880536760587,96,69,94.87551213675282
3611,806.0675016579188,155684.43417644393,75338.35686527587,76233.91423107832,554.1399559917627,196.2133589674777,113.84488447880722,234.14480473316507,0.0001088764962891,0.0831099989451029,96,69,94.87704138552574
3612,806.0845125322115,155719.0475953477,75299.55430046622,76229.27673187562,511.74992221803404,180.4396650929848,103.56967327010352,204.5974452489172,-0.0001036766670572,0.0955304853208436,96,69,94.87857788903428
3613,806.0880722398784,155765.76251112862,75307.22792439382,76204.14342241363,468.2909484033007,163.49757955953828,92.8065561024705,177.3911699760356,5.988725743254163e-05,0.103381656932939,96,69,94.88012159342628
3614,806.104130761542,155801.2330897044,75316.71523095024,76223.45300066234,420.1937947010738,142.68634387738712,79.05283833725844,143.78287303406978,9.19637449173357e-06,0.2220151419563543,96,69,94.88167244488946
3615,806.1074727248063,155799.87421852705,75334.84116278552,76244.29541986162,357.24185796245,115.98012598288187,62.48155869936454,113.03567070796271,-7.22370543300107e-05,0.4663727083602023,96,69,94.88323038965596
3616,806.1244818748559,155835.83055601837,75324.70768344254,76222.11370662418,280.37021842284594,83.26496173730993,42.601415447861655,78.32534576332546,0.0001095630525229,0.4846784796436917,96,69,94.88479537400484
3617,806.1279898170794,155871.47059029053,75323.463248177,76227.99466326417,188.4629008640768,47.65815121064952,22.689828839356778,50.35525788285304,-0.0001033967168317,-0.0473227750564658,96,69,94.88636734426666
3618,806.1440138085444,155891.80915993295,75314.5796691988,76215.83681640284,98.16321175271878,16.497538126292056,6.304296190821333,23.871648108470254,5.674380277077688e-05,-0.1972815557714902,96,69,94.88794624682696
3619,806.1474546666137,155910.40236947834,75335.1756029066,76219.53108623583,24.94104257953586,-0.0,-0.0,8.768046334094834,9.135720937257476e-06,0.1165101499791153,96,69,94.88953202812894
3620,806.1644409437366,155921.7514060848,75337.63491186878,76215.94510801145,-0.0,10.267460123301134,9.494903999613598,-0.0,-7.626121542782369e-05,0.0606185068385853,96,69,94.89112463467856
3621,806.1679086012526,155904.5232381225,75312.36228568359,76215.17563404834,43.32042430131696,56.843739152376656,40.629620023595635,6.362952104449505,0.0001077237244642,0.0439385711902949,96,69,94.89272401304704
3622,806.1838922946964,155865.47289186332,75326.13686360173,76212.68288470269,180.68607620400144,145.37461902406358,95.65253596266848,21.978193351387745,-0.0001038779264091,0.0867315301931453,96,69,94.89433010987504
3623,806.1874564064573,155851.66174269523,75299.00982417866,76214.61876384998,413.56589643703774,273.38279556823545,173.8153081261553,52.882913107954664,5.528750397807214e-05,0.077647354984826,96,69,94.89594287187585
3624,806.2043680408271,155818.8856031944,75316.45170693942,76235.0288270942,741.1488725749077,432.2462914061616,269.65715114114573,92.25734113433282,1.3636461468617116e-05,0.0872468203826636,96,69,94.89756224583928
3625,806.2070495243162,155770.4918944799,75311.99010975014,76209.92481215823,1133.4794993364485,606.1877436601499,374.836293948465,144.6037104933639,-7.31823268476289e-05,0.0980827086516209,96,69,94.89918817863496
3626,806.2237847823316,155675.1681832836,75311.25790713963,76212.25408535499,1565.3813325767405,778.5828733937669,478.973484671762,201.9117971151718,0.0001142407961453,0.1080716398427665,96,69,94.90082061721664
3627,806.2274741973906,155653.08786634362,75308.22620527392,76208.04208895586,1991.334242279525,932.2739495756978,572.3436958945531,267.1357607517566,-9.659997315365252e-05,0.1052562590670496,96,69,94.90245950862467
3628,806.2442407246969,155561.95000561213,75306.88605910043,76225.09251234485,2384.3889350397512,1056.194544684433,647.5047747147037,332.6609780067811,5.840190782328031e-05,0.0938659637938645,96,69,94.9041047999904
3629,806.246971539106,155462.086706036,75302.3765215552,76197.57622373561,2709.388799037959,1143.3543143047427,700.4776704107935,400.8336986650247,1.7184602348565744e-05,0.0997069672911654,96,69,94.90575643853936
3630,806.2637375200572,155442.6399524415,75314.7136473533,76231.06669674753,2959.9656787488493,1194.7568226322765,731.1662054397166,464.54241958635976,-7.817443501347491e-05,0.1055923764335974,96,69,94.90741437159508
3631,806.2674616762661,155379.73157781916,75311.03710595635,76210.08693154385,3123.3952894218965,1213.8552890224819,742.1599607713288,526.3224353353144,0.0001053830663924,0.1109713624931015,96,69,94.90907854658238
3632,806.2841236156733,155313.51162302817,75294.0632689318,76219.86638040225,3214.0012558993767,1208.6505462226633,738.1224300004542,580.5266786778229,-0.0001098885082141,0.1208046198704855,96,69,94.91074891103096
3633,806.2868881456812,155253.15625873834,75305.57003816975,76217.87938236391,3234.658719155297,1185.3774731412414,723.5908746932982,630.0071292174689,3.98136511425804e-05,0.1056146505722908,96,69,94.91242541257884
3634,806.3037036429201,155218.66285799665,75290.96319843984,76205.07608480606,3209.9111833249917,1151.3807136118558,702.9754974600219,670.0244737645262,3.874154318837938e-06,0.1183095781936433,96,69,94.91410799897643
3635,806.3074365575615,155163.32639414488,75304.01116341252,76215.31176873001,3145.4152893474675,1109.9288213058026,678.8070942505437,703.970871850237,-8.862602211250821e-05,0.138633384403997,96,69,94.9157966180892
3636,806.3240072354876,155177.76599634832,75318.38063500138,76214.23492132618,3063.307138337579,1064.853914237232,653.0413351793541,728.5035838545591,0.0001078356504621,0.1445898321261825,96,69,94.91749121790184
3637,806.3268067300477,155130.5902405842,75297.07328655221,76212.22528943785,2964.173849976214,1016.7364772203873,625.94933941419,747.4360973172297,-9.251101692130048e-05,0.1601153735028952,96,69,94.91919174652138
3638,806.3436775834151,155139.3710229994,75312.03189845267,76196.56742173158,2864.2305254617822,967.984720572902,598.1439958034316,758.1133145074418,6.88215076858602e-05,0.1711026780706768,96,69,94.92089815218088
3639,806.347401576733,155105.5130277141,75306.6554537246,76197.0919978461,2757.1495236759656,918.6413792506792,569.2996302568645,764.5787599009054,4.713711527835863e-05,0.1845452320534933,96,69,94.92261038324251
3640,806.3638899941363,155127.17835961567,75281.44412356206,76211.19381103314,2652.7863838388002,870.7960236623476,540.1084271155414,764.7530221266788,-4.684993563854414e-05,0.198705945691636,96,69,94.924328388202
3641,806.3667298844458,155108.10601420043,75331.1844504876,76222.21560000442,2541.1946993712336,824.1359231466486,510.5457303299336,762.4532709482883,0.0001414437352558,0.2226637623017343,96,69,94.92605211569064
3642,806.383656707232,155128.4944870273,75286.19752791559,76221.53217252549,2430.8438769991044,779.932583234011,481.5845093593816,755.5805418071977,-8.112333820157982e-05,0.2603726870117173,96,69,94.92778151447992
3643,806.3873575340629,155141.29041777973,75284.31560545556,76201.04128749247,2312.020412856131,736.9433020520228,453.24354750002385,747.8616622213449,4.362821259376092e-05,0.3009415261230903,96,69,94.92951653348472
3644,806.4037718841132,155130.8269014738,75289.8018330727,76228.11059766807,2194.855766660534,695.706009126443,426.4748692284338,737.3965789624199,-1.266927420050426e-05,0.3156710171372541,96,69,94.93125712176597
3645,806.4066589288551,155147.85501167993,75319.34816078085,76204.20071800635,2074.2024284198415,655.3305786865385,401.4480904362863,727.6631845792581,-0.0001437737942624,0.2721202916986687,96,69,94.93300322853518
3646,806.4236391587795,155174.9012371478,75320.5042491431,76216.98582965476,1964.680587971001,617.4483451909327,379.4098652184766,716.5796455433883,2.8679687158096064e-05,0.2451092364580702,96,69,94.934754803157
3647,806.4273047333035,155175.1632076448,75323.21087136577,76192.98151051848,1864.2977255765582,583.0184241409152,360.86522774444893,707.5621631848626,-0.0001838114672189,0.2615284927974868,96,69,94.93651179515298
3648,806.4436534775089,155152.9699150451,75301.18840686447,76189.18847075335,1787.6778320156736,555.2719418511988,347.16151712238207,698.5109353030857,-1.938894906607069e-05,0.2807195535812303,96,69,94.93827415420496
3649,806.446594596426,155190.09592165472,75287.655415178,76213.75559164918,1731.7607706622803,536.345930698124,338.69534904285683,692.5893059112132,2.992251804250561e-06,0.3059956036651839,96,69,94.94004183015817
3650,806.4636233784508,155183.01238089148,75299.73154973121,76217.3887241875,1706.6636427923222,528.9729409386055,336.2435132249084,687.3027784241422,-3.515790529218332e-05,0.3565692847492622,96,69,94.9418147730248
3651,806.467243368926,155208.7412592493,75302.18150412076,76201.43196350751,1703.6435601307894,533.4953439732344,339.42338634701446,685.6841474134708,0.0002361888680357,0.3820805696145816,96,69,94.94359293298751
3652,806.4835356111497,155180.09632710807,75271.80810886757,76223.30708215742,1726.1594852916314,549.3798507822503,347.9401555091026,684.8239277489192,9.492555737670874e-05,0.4020750493688089,96,69,94.94537626040224
3653,806.4865372519743,155173.86391035162,75325.65084585211,76206.45995132868,1762.1665730338427,573.7811450627341,360.4390941709571,687.2510496170435,0.0002703064382029,0.4378316620593926,96,69,94.94716470580208
3654,806.5036079521776,155192.46844023225,75297.5090080601,76224.81577632665,1812.235527032637,603.1777968740062,375.4991452959075,689.3011321267695,0.0002306638176458,0.4546899573716468,96,69,94.94895821990012
3655,806.507173670533,155157.13851169014,75295.97298367125,76223.87334842494,1863.81362753961,633.4114836485096,390.9824138493859,693.4567770977446,3.53366816552282e-05,0.4927035068212142,96,69,94.95075675359313
3656,806.5234192470687,155196.61887453846,75300.65381359243,76200.96612437365,1916.70954831189,660.746136445101,404.91271848627366,695.7609134244558,8.108444789747243e-05,0.5250163406522009,96,69,94.95256025796446
3657,806.5264869823793,155152.63225335508,75302.89230847723,76209.99894548279,1960.3707588630496,682.4900832149287,415.42576334709884,698.7233965028427,-0.000318828188544,0.5281751063757097,96,69,94.95436868428754
3658,806.543591561947,155176.95664387225,75312.86462127436,76216.87748224207,1994.9898067168542,696.5393305081961,421.22542582126334,698.1176764257252,-0.000374223123081,0.5339757373707057,96,69,94.95618198402914
3659,806.5470959656911,155177.47363475768,75290.09269599605,76220.2001073473,2012.003241700877,702.445049237489,421.8751245025778,697.1740219036583,-0.000529138937915,0.5417634104608331,96,69,94.95800010885247
3660,806.5633053933955,155160.99378528644,75312.56747077651,76214.8562733492,2012.3895124532864,699.530029567497,417.4393144507485,691.8730367965472,-0.0006667210338752,0.5296119638645916,96,69,94.95982301062055
3661,806.5664436431856,155179.0327279315,75312.26989117116,76222.78769741199,1991.2865776763647,688.8071128784504,408.92123572618584,686.09543284541,-0.0003344704682486,0.5223949906579933,96,69,94.96165064139934
3662,806.5835729741777,155164.1003189555,75308.22837637698,76222.3976876892,1951.6256317071966,670.0840039856557,397.03240592134534,675.9153211948869,-0.0002306156959587,0.5187085092983693,96,69,94.9634829534608
3663,806.5870107083111,155196.73577091887,75314.33578496991,76238.39592875392,1892.8003626336576,645.3000663226849,383.140737709502,666.2923064948409,0.0003599886436655,0.4953890866941525,96,69,94.96531989928629
3664,806.6031950503238,155230.64950721196,75310.77079177735,76215.63552970762,1819.9692202563747,614.5180073150404,367.4340606867336,653.1430652069394,0.0008659205656416,0.4850269985088418,96,69,94.96716143156944
3665,806.6064068892634,155236.37552751816,75294.40635370949,76199.69922264856,1736.6542195491493,580.5246316300909,350.7715628819424,641.3708973026369,0.001202172075727,0.4702119719860478,96,69,94.96900750321991
3666,806.6235510433992,155198.00056517532,75304.11883663805,76220.85992955806,1648.3139026974677,543.6037594395748,332.5629344362824,625.8585740545241,0.0016334143660511,0.4609783069586121,96,69,94.97085806736568
3667,806.6269184902255,155224.64279896172,75313.56377890587,76214.4682951354,1559.6725884086918,507.3545007730427,313.70853493906907,611.8211672293255,0.0012986924135702,0.469988142420217,96,69,94.97271307735686
3668,806.6430891674596,155264.69485063784,75323.23327490196,76241.77567555755,1473.2252951840055,471.5979778463661,293.6771672531031,593.3804956551176,0.0008536152309546,0.466463456567648,96,69,94.97457248676848
3669,806.6463762011219,155280.23715378667,75302.53149544875,76188.66314520164,1392.1369428354665,439.42100986077276,274.0364128863148,575.8574691625836,-0.0001650350558224,0.4498119910281435,96,69,94.97643624940332
3670,806.663524720817,155302.1465281617,75292.30875732182,76232.74871184406,1314.1082214092603,408.99138322610816,254.5039125305193,552.8553138589486,-0.0015823739453524,0.4448194741420213,96,69,94.97830431929562
3671,806.6668200445604,155315.8715899474,75300.15381990331,76202.54323598336,1241.1458960126038,382.5520075280365,237.1206114300585,530.8777876090899,-0.0026902997982116,0.4343767131731186,96,69,94.98017665071372
3672,806.6829886056607,155326.00194859251,75285.77483689968,76208.06925218785,1167.8980783322477,356.72864490268694,221.09026423591422,503.1206185632909,-0.00383642066153,0.4207554224647566,96,69,94.98205319816326
3673,806.6863509135366,155375.06799859254,75305.9139553501,76239.8515812622,1097.6355886987876,333.44060427205113,207.93238972921972,476.51286556903506,-0.0038854473548997,0.4081724486530459,96,69,94.98393391638946
3674,806.7034930605507,155380.22480171506,75298.9501748013,76227.35181181526,1024.7498817409505,309.1088091905549,195.76693610395887,443.9509730329446,-0.0029920297329509,0.3888655606391596,96,69,94.98581876038166
3675,806.7067162479195,155426.73164794708,75318.47361512065,76214.9946258132,956.6910067003919,287.1991924107133,185.7566784734954,414.06355344443,-0.001034139826027,0.36783459359998,96,69,94.98770768537472
3676,806.7228940967802,155450.4400065454,75301.83192615387,76214.44136519026,887.9181984629249,264.77711515207193,175.28111311537214,379.44137599520036,0.0022297469905893,0.357477252930834,96,69,94.98960064685302
3677,806.7263302540491,155465.75884859927,75313.9749341162,76247.61082976019,827.7420041927253,246.33039995774743,165.54726245618076,349.1625697920099,0.0055189745271453,0.3636360485557907,96,69,94.99149760055316
3678,806.743455214066,155509.5560539445,75299.54900588193,76230.14907372728,768.094220512954,228.55398016917752,153.9218424941355,315.0381209211482,0.008701467178556,0.3653180614161806,96,69,94.99339850246614
3679,806.7466081324434,155549.3022393741,75304.61863374547,76207.90245935215,718.7211266240338,215.8053989646869,142.52502380427904,287.0181847930944,0.0102887864368928,0.3619511098880449,96,69,94.99530330884164
3680,806.7628061885575,155580.5828197389,75328.8481188669,76232.49768014718,666.5302911224426,202.43909138151503,128.81278142315568,254.9972733311879,0.0093240966503054,0.3705801421421257,96,69,94.99721197618986
3681,806.7663134076925,155571.44898013378,75324.05010919682,76254.93644474159,619.1860528745456,190.87957689343602,115.2332453414565,228.09861539301346,0.0056808260540179,0.3708506630165403,96,69,94.999124461285
3682,806.7834103906322,155607.18319354564,75310.74264734218,76222.42232493019,559.1999814034789,173.37354234542,98.86895728166564,194.89945266908035,-0.0012760415467939,0.4605284098467425,96,69,95.00104072116736
3683,806.7864969367071,155638.26155938936,75306.44856051679,76248.19121811801,495.95941776561085,152.78800046887773,82.43187801676686,166.1946110696299,-0.0098412350965221,0.6973320807711193,96,69,95.00296071314708
3684,806.802725136855,155664.03197503462,75317.57588546998,76214.54666615045,410.65964739205083,122.11351867276244,62.576374228752684,130.19192020909395,-0.0185863843789955,0.7385666051606828,96,69,95.00488439480638
3685,806.806299659516,155712.706144221,75314.32893045283,76226.81881799268,318.44300138077233,88.01341916277306,42.955422054597875,99.40618791311863,-0.0249961680721813,0.2355921463405735,96,69,95.0068117240028
3686,806.823357711535,155713.51364241558,75308.49942326336,76225.75949009198,207.87514046725119,48.66188502991281,22.03109548444627,63.23601104563568,-0.0259368522664334,0.0547069475897532,96,69,95.00874265887133
3687,806.8263842971634,155751.22707160522,75329.7378142793,76214.4271051873,110.40392628731206,18.247986441492685,7.234437105653342,37.54519360666745,-0.0200679174963024,0.3568565782681105,96,69,95.0106771578278
3688,806.8426506004442,155780.70938644063,75329.553733846,76213.16511483186,26.193067803164013,-0.0,-0.0,11.086418958730064,-0.0059999953807982,0.3383423102567313,96,69,95.01261517957133
3689,806.8462888268186,155788.1966868989,75302.50135112625,76230.29402851626,-0.0,11.55810750251112,10.295632362685865,-0.0,0.0143950424659215,0.3416166579414711,96,69,95.01455668308724
3690,806.863295639561,155778.19734801617,75314.56687844277,76232.56176712338,35.74977981101256,54.74262525625818,39.2475047960761,-8.13893532633665,0.0372210114498531,0.3820404518479678,96,69,95.01650162764945
3691,806.8662730701488,155759.94546808398,75305.12333357129,76209.94999016715,176.09750223217998,141.89870532619534,94.01877554215025,3.5530575207958464,0.0569248901926652,0.3604163091625996,96,69,95.01844997282328
3692,806.8825803612442,155720.20725482213,75291.36741092932,76227.28310381614,403.5052220125217,262.9758488912048,168.63613435378647,19.445369180088164,0.065583073270607,0.3822952077948524,96,69,95.0204016784686
3693,806.886283263715,155700.19310252543,75296.23786576002,76243.7377808015,733.9983135903021,417.28266227153654,262.27869118077797,55.20798370605917,0.057294171006892,0.371711971598801,96,69,95.02235670474155
3694,806.9032187605924,155664.31994259937,75303.157976505,76235.69485440916,1118.5685964903096,582.5634932723478,361.4868864991877,93.71745064808056,0.0278019694218286,0.3417695068608095,96,69,95.02431501209786
3695,806.9061728879577,155587.1655944061,75321.49876619714,76227.25027057814,1550.6123968770262,751.2122314849548,461.50325982293,151.11929189882358,-0.0216712506449947,0.3274494258013938,96,69,95.0262765612953
3696,806.9224997911931,155532.38365641373,75296.58816696316,76214.0837563291,1962.6069123141933,898.2686979415885,547.8701424664177,206.97797986061778,-0.0824160767646954,0.321299195849375,96,69,95.02824131339632
3697,806.9263106639766,155462.10686927012,75309.60254600714,76212.49512221557,2347.73165120458,1020.6971683700685,619.4576415034244,276.0534662072896,-0.139158136229852,0.3250968492608303,96,69,95.0302092297702
3698,806.9430528219036,155375.39824800214,75286.09234842891,76200.82585638644,2651.2498174409266,1102.9221633373672,668.0387778496661,337.1072468107741,-0.1680124226229961,0.3256613584531081,96,69,95.03218027209618
3699,806.9467622249094,155312.4478329484,75294.9680996982,76223.82943287973,2889.490232292621,1153.5672609612084,699.4208324145002,405.2891293952416,-0.1413490919077537,0.326404622771927,96,69,95.0341544023656
3700,806.9626631639837,155245.7324781624,75299.28331571189,76197.04040282247,3030.174474804313,1167.1592423849506,710.5018678957422,459.0601048825192,-0.0300355770132782,0.3285434413349841,96,69,95.0361315828842
3701,806.9661677501673,155171.9960619982,75283.368579878,76204.23061908346,3110.47389697755,1159.7878059928626,710.14998066728,514.6293154171435,0.1922246501297529,0.332157408378313,96,69,95.0381117762756
3702,806.9830954822961,155140.67901049738,75282.56678099291,76193.17540025116,3110.5702205618145,1129.2290542671253,695.8848079191812,551.229997368122,0.5426365080075215,0.3269427784285723,96,69,95.04009494548232
3703,806.98661838052,155086.79108012165,75288.99063713777,76187.31642028046,3079.725711130537,1093.1036511282873,676.9363971570274,589.6772120217502,1.0285881687740135,0.3354609899558395,96,69,95.04208105376932
3704,807.0025964749561,155079.49404448684,75279.77356398808,76208.2080389988,2998.8645148852374,1046.7044412677787,649.7433696749504,610.4556674983178,1.643462114302923,0.3589924591457497,96,69,95.0440700647256
3705,807.0061126538011,155038.5767501149,75304.54670177605,76186.78437234939,2914.3758969553746,1003.8919836475688,622.4810524174536,634.7868604295363,2.3685724353356687,0.359702191766944,96,69,95.0460619422676
3706,807.0230883720685,155022.21626571406,75271.6966998312,76218.51192137467,2802.160929318052,956.3609580654302,590.791180971486,642.7509938660369,3.175903410201945,0.3670603279675557,96,69,95.04805665064056
3707,807.0264976470327,154995.04871328664,75293.60631302866,76201.20822546208,2707.936612825899,916.5370063759183,563.0078426352993,657.4146121586382,4.030192294603596,0.387070274055217,96,69,95.05005415442136
3708,807.0425153127809,154974.564610107,75266.79907981637,76202.81091356112,2600.9089368921123,874.1331388430408,533.8973849203321,657.3609998212487,4.896213761550646,0.3832094886809971,96,69,95.05205441852054
3709,807.0460776886938,154976.36776470442,75289.34176078958,76210.92587274515,2519.3836768437177,840.0606495479587,510.59048298650305,664.0119893145165,5.740705621501367,0.3807763521649805,96,69,95.05405740818524
3710,807.0630633667316,154978.2733378978,75283.77844913708,76222.83354784391,2426.627889686264,803.4804414225073,486.81738528597634,655.5566970308137,6.537479129669335,0.3758168700904818,96,69,95.05606308900056
3711,807.0663820232904,154944.9953725397,75297.89160760921,76199.72233639704,2360.3812688179314,776.0749112730264,469.42718277990934,656.0603777742654,7.270254566716685,0.357493571447927,96,69,95.05807142689248
3712,807.0824323130906,154970.9915506241,75297.70911682343,76210.8260989214,2279.9591213416425,746.4704922164965,451.2222804198973,643.6994550236268,7.931870026064118,0.3306739248633252,96,69,95.0600823881298
3713,807.0860540444185,154958.5103421642,75282.57166089628,76236.0333797928,2220.813887087512,725.5767030436691,438.3293992160179,642.2064476058295,8.526517989097094,0.2929105933650033,96,69,95.0620959393266
3714,807.1030251072833,154962.47416867496,75277.32311195818,76221.85203833994,2144.5509131474537,702.2021937627433,423.7652589714853,630.407119334297,9.065258452533758,0.2637342792309122,96,69,95.06411204744386
3715,807.1062689951159,154962.28659164035,75293.34900866635,76218.99984548704,2093.30758455873,688.2849531654647,414.7623515500163,633.9258372933837,9.56420198604796,0.2357633925318994,96,69,95.0661306797922
3716,807.1223501869291,154941.30270244894,75302.21152597459,76223.93523693302,2030.3086532803718,672.3638995051588,404.79356495977845,629.7324726005027,10.041041456870886,0.2198368515541976,96,69,95.06815180403386
3717,807.1260397179201,154933.49869358703,75301.93365297701,76218.59753826997,1997.2310000111465,665.7490661767515,401.20685717926244,640.7452682706935,10.509377503987729,0.2122526806712452,96,69,95.0701753881845
3718,807.1429729669971,154910.3762941903,75275.12825223243,76219.51069496702,1958.2545132515952,657.4562056938885,397.7705394105287,642.9611685689015,10.978478937124729,0.1949812392912359,96,69,95.07220140061575
3719,807.1461609326931,154876.77830905328,75275.96759400466,76209.12688855543,1955.6291919932119,659.5378679879796,401.7342107264849,659.8779089795426,11.449209760714329,0.1924989169147128,96,69,95.07422981005683
3720,807.1622666216397,154889.47356010007,75263.46388931417,76195.13049238148,1947.8495746934786,660.286927633424,405.4443331951916,665.7457122096384,11.9154015761999,0.2006717970679196,96,69,95.07626058559671
3721,807.1660382881176,154837.05431985203,75270.74101794219,76180.18346396321,1970.0898059686879,670.2916300933575,414.32583092947607,682.7214221415343,12.365837462926876,0.2054765115266889,96,69,95.0782936966865
3722,807.182899019482,154829.2263325336,75257.15134412602,76195.85463413544,1978.9762306119082,677.4317361779249,420.01041356899077,686.5840006769286,12.784908436064082,0.2198872416903392,96,69,95.0803291131407
3723,807.1860713502678,154801.86411890437,75243.85471687533,76195.47527862735,2009.9031831916654,691.7055716198229,427.9132848925947,701.7400140044338,13.158300287900191,0.2201499732231986,96,69,95.08236680513969
3724,807.2021605877239,154810.46208208113,75260.90805772331,76194.7237635997,2017.9290180252283,699.6127584912174,429.8757480257482,703.4124337936519,13.473190501653828,0.2152611682135427,96,69,95.08440674323175
3725,807.20608929776,154804.81580924836,75238.05363046515,76188.41312152066,2037.4989089395967,709.8532833422796,431.9530679951131,714.6996375098533,13.721451299825992,0.2115029929301964,96,69,95.08644889833442
3726,807.2227050695658,154768.31627833753,75256.08282044948,76180.91654986431,2029.3399561481783,710.0696995293401,427.91080100950785,712.148834270949,13.901144326129836,0.1971566291905087,96,69,95.08849324173686
3727,807.2265823304091,154749.7455142597,75266.07411210964,76188.63703375895,2030.501124283357,709.7930116374628,424.91295663872734,718.7335851719545,14.014692030021894,0.1986476586010777,96,69,95.09053974510132
3728,807.2424431435667,154747.29909548195,75258.28744680066,76199.34232622494,2003.8520516108256,698.1395658964902,417.3038261849142,710.8953164993436,14.07100445148944,0.201733370456323,96,69,95.0925883804655
3729,807.2459085151767,154749.62730222617,75246.15534110182,76210.01139510388,1984.8733442873927,685.3534214698157,411.56796687832684,710.7822279458924,14.081808654960737,0.1784338247966051,96,69,95.0946391202439
3730,807.2627669802332,154738.06895585984,75273.22360006471,76233.42018960933,1935.4522508817026,661.5966910863499,401.08525692345574,694.6418821770349,14.061199317979009,0.1608298869724035,96,69,95.0966919372295
3731,807.2664389332326,154779.4106771727,75253.53381186578,76190.5865670765,1893.7699217677582,638.7511631296657,391.83924336778,687.3767811239813,14.024248229300529,0.160121537272166,96,69,95.0987468045961
3732,807.2823754129672,154748.05042883797,75271.46841050994,76193.02964608134,1823.7078457690077,608.0060651483655,376.9015738760645,666.4749068540987,13.98310889322256,0.1352574098058351,96,69,95.10080369589936
3733,807.2858419588965,154771.73931548663,75264.22991661447,76187.68280829139,1761.488419831905,580.4491613121354,361.7966422139143,655.355169079121,13.948182119205244,0.1047107601883642,96,69,95.1028625850791
3734,807.3027690600744,154805.3677871099,75255.27895761254,76204.83709804445,1673.2403201098205,547.3015399116412,340.5592561417143,631.138632747432,13.92468179764662,0.1125508092160905,96,69,95.10492344646045
3735,807.3063240352737,154778.8508757748,75260.79437422074,76193.56458115847,1598.9968613161473,519.7528720853152,320.3480265022954,618.2652418446378,13.91354599067356,0.1045596499364433,96,69,95.10698625475564
3736,807.3222879433846,154797.45343282638,75272.15586860481,76183.61272043212,1507.1672527780756,488.91093502125295,296.6820829102071,593.5495813592279,13.91253299779557,0.1024933572019404,96,69,95.10905098506596
3737,807.3257995014701,154792.34324493632,75258.23569831107,76223.25461077245,1433.7570071429946,464.2674458498077,276.7190875399974,578.8484374200925,13.915368703067385,0.1238019072150556,96,69,95.11111761288296
3738,807.3427521176604,154828.87590060296,75287.21045604342,76203.49004639356,1346.7305781189352,436.7017182473355,256.010788946267,551.0256530932966,13.916067700565572,0.1082843341352497,96,69,95.11318611409
3739,807.3462148961758,154845.23078949188,75275.52179738939,76195.9629792766,1280.9316467263852,415.38077130801685,240.9485481554293,533.4298749827722,13.908140036839203,0.0746780700746778,96,69,95.1152564649643
3740,807.3621960900133,154876.67745616307,75275.52227949584,76222.37956157849,1202.6451669426751,390.95620216995303,225.91518604374141,503.46757877076743,13.887056366736156,0.0781375109370269,96,69,95.11732864217755
3741,807.3657709967371,154882.07571798083,75278.76544225903,76205.77177997604,1140.6160440564272,370.9554086418357,215.31843744561775,482.62742147935205,13.851754245257167,0.0588825701663971,96,69,95.11940262279803
3742,807.3827214821131,154868.8009603612,75279.05668455873,76191.95249030569,1062.3315746978624,346.4243459798163,203.13388038997073,449.2385738386365,13.802930402939854,0.0413550740276013,96,69,95.1214783842924
3743,807.3861084000501,154898.75549638108,75297.25245010937,76182.52313585125,998.2644879992004,325.27652921766276,193.83558942377567,426.18094626712264,13.74563418788222,0.0369221908746418,96,69,95.123555904526
3744,807.4021029160817,154953.10834525587,75258.97941170518,76214.89093999301,919.0256801813957,299.68380511846044,182.18033069343073,392.18421447914443,13.686224816520715,0.013650813525844,96,69,95.12563516176532
3745,807.4057546478801,154971.1868727365,75262.5100749632,76213.23216903552,853.2200844442705,277.3898430318077,172.73872650397243,368.05692378408276,13.632330282407224,-0.0008449039443126,96,69,95.12771613467876
3746,807.4226760306184,154962.3363942102,75273.82175979193,76209.76733479151,775.3601742705796,252.0887019947695,161.29881494789151,333.4185926328646,13.592074082612758,-0.0144974921642004,96,69,95.1297988023383
3747,807.4260073267391,155009.07072376038,75260.34690225255,76222.92948561937,714.1452630157582,231.5015728646249,152.42923115743906,309.4674002469983,13.570419283053583,-0.0094917435329905,96,69,95.13188314422054
3748,807.4420055321049,155017.88550328556,75276.62514892244,76186.70239322857,643.6850056853145,208.87076164537575,141.5396631809126,275.29491615790175,13.570545027661112,-0.0081566606700429,96,69,95.13396914020804
3749,807.4457552448177,155046.80330440984,75271.66074638089,76212.86589856446,585.7218566810479,189.17895113272243,131.4872126763803,249.34525209106505,13.590574738838546,0.0007297731678948,96,69,95.1360567705911
3750,807.4626060669744,155082.2649729711,75279.48602159586,76188.5379117828,513.8573441878543,164.84233065738226,117.25337669299915,211.82454283480183,13.624380642996355,0.1406918371318846,96,69,95.13814601606784
3751,807.4659272931887,155084.37238396378,75273.23764051276,76217.0697964748,446.4284904471715,139.60385890975886,101.19387289194856,181.91132633306552,13.662896144413684,0.3852743423864214,96,69,95.14023685774676
3752,807.4818800093406,155133.75958065764,75256.78845495674,76205.73774274497,358.49352859449573,107.16376015238347,79.3704851922812,140.88746448452002,13.693331487691069,0.3009434165852901,96,69,95.14232927714684
3753,807.4858168575735,155159.23168518546,75264.74424380696,76207.17384086207,268.7984523814521,73.19521023184643,55.65410253062146,107.3164495897363,13.703782373729505,-0.2632848210184685,96,69,95.14442325619925
3754,807.5024083968498,155200.5281535544,75262.82421441632,76198.43672188418,165.2634077812545,37.50616055651335,30.143297211412573,66.2805092028284,13.682849236528403,-0.2582751597917344,96,69,95.14651877724825
3755,807.50633807159,155186.69828816556,75285.66314207282,76222.92691706285,77.71180541726062,11.175484522682382,10.2903435464832,37.85134217873565,13.622237097193082,0.0276231719521161,96,69,95.14861582305228
3756,807.5222784260674,155244.90082866553,75273.46042134443,76213.37287674804,10.330964590306394,-0.0,-0.0,9.368850374390604,13.518519635985506,-0.04657763884902,96,69,95.15071437678527
3757,807.5256140618958,155242.55349417528,75296.60408416064,76227.09418181433,-0.0,16.54825858771801,7.636614088260103,-0.0,13.371223410292624,-0.0132409493965144,96,69,95.15281442203722
3758,807.5424772623786,155242.6142037631,75260.0571340561,76238.13617166162,54.73878468311159,65.19525976157456,35.971608803462004,-3.642707792983856,13.185135808202787,-0.0123306969687074,96,69,95.1549159428156
3759,807.5462030212442,155228.6656724538,75291.5862241946,76212.43858772998,200.82752818020526,150.89925683186448,88.32557261071634,15.829931223503081,12.967005501764154,-0.0315090533731274,96,69,95.1570189235461
3760,807.5622068169486,155179.83605051786,75279.5392915805,76209.44256586787,429.8576458062744,268.0168666738464,160.8472312327358,43.42427497729659,12.725142293340216,-0.0158694301236634,96,69,95.15912334907372
3761,807.5655378532203,155117.86112559805,75265.99950466803,76239.49049759573,738.8414496236946,408.3930570336379,248.43239351306693,91.33140608575195,12.46883082810818,-0.0167382259372509,96,69,95.16122920466326
3762,807.5824852181061,155053.99483652622,75249.38905312377,76193.10509433667,1095.9424800440902,557.0022957918845,341.21552407662966,142.28707400264102,12.204907009688172,-0.0320091794859627,96,69,95.16333647600104
3763,807.5860957458309,155005.36118770184,75237.5619011742,76230.49221521617,1476.763535522623,699.7164463816007,430.34740303384024,206.6722918758751,11.93966571673056,-0.0396020652745842,96,69,95.16544514919492
3764,807.6021151005933,154948.9275638124,75264.06067565728,76188.01918005467,1843.302746902802,823.1254794854176,506.8845006421616,267.6696468187438,11.676239660242478,-0.0509348528033388,96,69,95.1675552107754
3765,807.6054850978073,154862.70566678987,75267.84684998386,76185.37727790792,2171.2622276486945,918.7282136973663,565.4299838307488,334.0287315757887,11.41568985510522,-0.0558942778395414,96,69,95.16966664769656
3766,807.6224772169094,154805.1433690537,75244.8326447273,76196.52001655832,2437.6293114805594,983.5056972308812,603.5618957934785,390.71671457905904,11.158630353064234,-0.0559446086152752,96,69,95.17177944733687
3767,807.6259912679648,154720.32078015685,75263.93964434344,76202.75736719744,2633.876674277999,1018.154734130716,621.9952316699055,447.86193617785466,10.904190579582869,-0.0694616132618716,96,69,95.1738935974995
3768,807.6420200946787,154714.34966496326,75262.95203186592,76183.39018046977,2757.8616261842544,1028.0023739765602,624.0919688987051,492.9974282878975,10.65412083062623,-0.0912812866687472,96,69,95.17600908641356
3769,807.6454446949035,154660.47636484186,75249.1355715083,76200.06916701913,2814.706745170057,1017.4361339930911,613.5266872506909,535.8814482068992,10.41165996426768,-0.0861305004758207,96,69,95.17812590273422
3770,807.6624596345207,154602.83844040218,75277.3411670968,76209.36703305878,2816.0035161237465,993.5294070351374,595.14772525031,566.1328334806312,10.18283954631754,-0.0759793835434433,96,69,95.18024403554392
3771,807.6658849064191,154583.74841703626,75261.95800684657,76206.8962289684,2771.24361276906,958.8900517938455,571.5112134423689,594.2605406930961,9.976991664957044,-0.0825709602804191,96,69,95.18236347435251
3772,807.6819267315478,154542.35245932124,75268.15933334897,76185.7952689582,2696.3730788698304,919.3661751655745,546.1681653460255,611.5424650268978,9.803227703480175,-0.0820484159506168,96,69,95.1844842090982
3773,807.6854128389192,154557.1214390797,75262.28834483388,76198.62368580601,2598.44698013796,875.4732164761517,519.6245019547059,627.4879531027691,9.671348244002834,-0.0675863791377486,96,69,95.18660623014776
3774,807.7024340001623,154546.9372391522,75223.53430115223,76199.00786392699,2492.7356861960143,832.3442886160483,494.3360050767078,634.8141319734568,9.587664337913028,-0.0724749291692172,96,69,95.18872952829754
3775,807.7057755493987,154506.5976632838,75249.69801491604,76202.75590949938,2380.1806717403233,788.5921809533756,469.3316909906571,642.834625987045,9.554214497708124,-0.0738962543756791,96,69,95.1908540947733
3776,807.7218373690811,154494.13220434717,75252.87407111838,76200.72732573071,2273.5116925584152,748.6101343612681,446.5586843434139,644.8277981714054,9.569006250526243,-0.0810257812592359,96,69,95.19297992123126
3777,807.7253874047243,154533.66474279485,75258.44927361094,76187.56961637539,2168.05712237244,709.2568013598793,424.09713223885046,648.0382756801846,9.624078724358457,-0.0998427164900079,96,69,95.19510699975817
3778,807.7424006098556,154525.5896519549,75275.53070072908,76206.77047532135,2074.132304385188,673.9062297394266,403.504253319843,645.8859874602349,9.709576759828632,-0.116367601285945,96,69,95.1972353228718
3779,807.7456632431578,154528.8265256679,75273.67234789673,76186.5061226243,1981.4580363632995,637.6314635594463,382.12175356966327,644.1551977127383,9.81348972347233,-0.1427086503150699,96,69,95.19936488352192
3780,807.761753421349,154500.00568836153,75263.66501722761,76187.42886207609,1899.8478588312864,604.1151931324275,362.1059133555973,636.3289114572108,9.92439881572756,-0.2139583397691224,96,69,95.201495675089
3781,807.7653667985377,154503.92538526552,75239.49569516975,76191.49980151518,1817.292195041373,569.0018699159846,341.57144614862045,626.8969385391683,10.034148543336892,-0.2837938027588427,96,69,95.20362769138671
3782,807.7823593913427,154535.73274279802,75253.02580947195,76208.50653644495,1744.9983546430012,537.6574526403856,323.9525752973859,611.184665501758,10.136569889737578,-0.3291730605125301,96,69,95.20576092666045
3783,807.7855485434036,154569.06917063284,75261.18319514267,76192.92105414762,1669.9287156792125,506.61543202699977,307.7443614125077,594.4727269817959,10.230538323713308,-0.3804148796798348,96,69,95.2078953755885
3784,807.8016758161109,154584.41631165106,75254.60791544062,76196.480047249,1606.945718460076,483.08879054541467,296.81006016832544,574.4209966669441,10.317440004071576,-0.402837439223998,96,69,95.21003103328172
3785,807.8053496181521,154584.82688395295,75275.01898759947,76202.60256904534,1544.9394525882672,464.1322094107891,288.9950310768327,556.470185077691,10.400906918374154,-0.4201602995032952,96,69,95.21216789528438
3786,807.8223101984113,154607.1251670412,75259.80820088364,76218.72883924523,1501.4554498803336,456.52017738217546,287.1281591616571,539.8151281782484,10.48656343875594,-0.4481845535530924,96,69,95.21430595757384
3787,807.8254322720284,154625.64775911195,75272.92080975372,76215.27453042832,1464.284309331677,454.9427575481677,287.45064243575325,528.7797709920269,10.578259284575452,-0.4665957440718425,96,69,95.21644521656052
3788,807.8416051576203,154620.3761886695,75254.97627191163,76204.04877829923,1452.1270626651822,464.2738919587573,292.2207514530455,522.2062946217193,10.679504196282458,-0.4653450201903205,96,69,95.21858566908853
3789,807.8453345367443,154611.9849394911,75258.38549572587,76214.86264877382,1450.357029653329,476.74216056657315,297.4010823710705,521.8943673865579,10.790366114104652,-0.4691415104109698,96,69,95.22072731243529
3790,807.8622529345124,154631.2430558961,75276.87068456564,76195.09447675434,1473.7909983324353,495.24601818298106,305.4581380734744,525.9016515975818,10.907620821579162,-0.4898378593971857,96,69,95.22287014431204
3791,807.8653153998179,154618.13733135798,75266.22094199737,76198.28420842822,1500.864448890905,510.5812939628231,312.43456232507015,533.6004462150449,11.025999212122803,-0.4813818964011266,96,69,95.22501416286326
3792,807.8815417943584,154592.44468195125,75263.61054211778,76209.65018983596,1543.2722274566768,526.6238147633558,321.421979218605,542.7305401449557,11.13661388870358,-0.4847837915917206,96,69,95.22715936666718
3793,807.8853202651537,154606.18295570608,75241.9693388736,76193.6346952861,1576.3397961470764,535.7561817680107,328.5703451621812,551.3204967682541,11.230976696068293,-0.5054094176752228,96,69,95.22930575473517
3794,807.9021876117946,154581.91332270604,75248.2706217842,76207.69923077238,1610.498815240804,543.5167708814988,336.6907681695884,558.0809738815005,11.300349053400534,-0.5071798239653312,96,69,95.23145332651232
3795,807.9051989764474,154588.10761091113,75206.67647334051,76186.7314152278,1621.022501114232,543.3797876915778,341.39956289948896,560.8366688888927,11.337525903426402,-0.5077278876878798,96,69,95.23360208187655
3796,807.9214858519184,154580.21889854144,75238.74841646975,76170.67840639268,1623.6028468883596,542.3133554388041,345.6831828505092,560.3560120229959,11.33865758856474,-0.5335573136358042,96,69,95.23575202113948
3797,807.925305546288,154595.86746738036,75255.89974674473,76194.92229243733,1598.7087213639752,534.1606427936786,345.3077206465241,555.0181361915602,11.300906988247442,-0.5390513452547925,96,69,95.23790314504528
3798,807.942114380862,154601.09459478647,75220.80388567846,76182.1716053044,1566.3959602208342,525.3452190954995,343.27697151806206,547.3519723337376,11.224700810400812,-0.5283899712925927,96,69,95.24005545477056
3799,807.9450840806501,154638.5735033621,75247.15012331666,76193.64470708647,1510.375960077392,509.15723075570713,335.39337401030934,535.3618548178929,11.110899021695152,-0.5343921403832433,96,69,95.24220895192504
3800,807.9614372528386,154629.2019710603,75242.16260229985,76201.35498897903,1455.3516448874143,492.7041363323078,325.29672354855575,522.7019822544826,10.96052945519119,-0.5301035192516083,96,69,95.24436363855004
3801,807.9652891637129,154646.00949037337,75245.16720755426,76178.93219142866,1386.7148600841756,470.0959883968899,309.4723497124796,506.4661197569221,10.775409410040268,-0.5227961196499376,96,69,95.24651951711924
3802,807.9820335449897,154645.04531605938,75244.73779582127,76206.4807396651,1327.3965247104643,448.84748157787544,292.20730441535125,490.47445682727266,10.555501893293934,-0.5199522144344728,96,69,95.24867659053774
3803,807.9849717799518,154701.80663280786,75260.14454773939,76186.88573482387,1259.9067590960185,423.5856740844465,270.9407786607044,470.5519480378716,10.301697988526286,-0.4945104960970951,96,69,95.25083486214174
3804,808.0013957325577,154718.5333774578,75252.2900716588,76180.64961411718,1205.7808642361779,402.58067097388266,251.16549825653783,451.61280582891777,10.013955792535786,-0.4852366270578552,96,69,95.25299433569846
3805,808.0052699563455,154727.20229739952,75226.67597146666,76180.14015580392,1145.3510673948913,380.36257454588485,230.82269033615012,429.02373730490217,9.691847854197606,-0.4849342556060861,96,69,95.2551550154052
3806,808.0219455651616,154753.3400909662,75252.11182427741,76162.99019132552,1096.9936537432368,363.7890017022728,214.6801506105112,408.36009957184433,9.335717443973936,-0.4893016926309004,96,69,95.25731690588935
3807,808.0248630953627,154787.93446682283,75240.92961507756,76200.89698883407,1040.2993734748452,346.0859395210573,199.45544147619512,384.2750642009196,8.944109036528873,-0.4925999759458397,96,69,95.25948001220796
3808,808.0413608559259,154825.57191222388,75232.62678512209,76195.20527350847,995.2292620802182,333.16810505863396,188.5956738057721,363.73934599448694,8.516484554641334,-0.5092848755069945,96,69,95.26164433984653
3809,808.0452468346977,154806.11241384904,75213.89333084422,76178.42800331661,942.1700297442148,317.39971752950805,177.6124860573036,340.7242732902814,8.05151425436329,-0.5121238999793752,96,69,95.26380989471944
3810,808.0618510594652,154858.00240062643,75245.75756760675,76181.14488849176,899.0809385819593,303.6526407267811,169.0133713647665,322.19223990206956,7.548087996117356,-0.493807928763166,96,69,95.26597668316842
3811,808.0647589683448,154890.56238204337,75255.54482960257,76185.77960081215,845.8148304279894,284.8448018045019,158.63326264856732,300.78649855815456,7.007400061780776,-0.4914384662818581,96,69,95.26814471196283
3812,808.0813320370652,154896.046041284,75234.95641704761,76191.55538720136,800.6591931668227,267.3783735854813,149.99934703396866,284.26718989844085,6.431317984540431,-0.4814540586703847,96,69,95.27031398829824
3813,808.0852187952876,154937.64341890023,75241.04810325403,76187.03275300952,744.0502085471526,245.92697312892415,139.94918064170633,263.96582021168433,5.8257002762283845,-0.4736471209716828,96,69,95.27248451979612
3814,808.1017507999567,154944.09356485534,75238.19864194538,76203.0440136556,693.4985317901592,227.44109595328337,132.072155795031,247.24470445670886,5.198623695424342,-0.4663876540710018,96,69,95.2746563145032
3815,808.1046602277947,154937.18254515732,75274.94274067246,76198.40788565259,632.0015544419293,207.12751983579074,123.1015039983904,224.4682389255322,4.560422642591836,-0.4500132128990052,96,69,95.27682938089076
3816,808.121308565413,155004.14624715626,75215.85312364853,76208.98026529171,579.1942062978633,191.13593199393654,115.8878122450551,204.6802122827212,3.924273132988881,-0.4210703502892154,96,69,95.27900372785332
3817,808.1251849292782,155030.65415228513,75267.86691035941,76210.13155938483,518.4485619781772,172.85573392923106,106.21046336411382,177.9965394110186,3.302790436915487,-0.2461807402578379,96,69,95.28117936470886
3818,808.1416457110365,155065.9805842143,75254.00971600646,76197.39259094516,465.0734239278827,155.48175636107044,95.74273653788259,154.15143895478104,2.7098390372380456,-0.0204139492562892,96,69,95.283356301197
3819,808.1445675530275,155073.7662037568,75267.93521713259,76211.78084429423,400.03021653881297,131.4793137612578,80.4734824958723,123.39150708302623,2.1578531151750973,-0.2849452582447173,96,69,95.28553454747878
3820,808.1612896428393,155111.83606701257,75243.92580508415,76212.39885221301,336.0195802609087,104.71960183343617,63.12768691193196,97.73935858742334,1.6574923285975085,-0.7821822829156102,96,69,95.28771411413538
3821,808.1651444185743,155175.06265265544,75257.42261728064,76182.17063600197,255.02867545676418,70.98096719109162,41.915637694793986,67.23880048681167,1.218391679235403,-0.5810442960365457,96,69,95.28989501216732
3822,808.1815368774694,155181.84369206592,75245.3442137336,76185.59718045554,173.44421231304295,38.68068789773679,22.088795229094103,44.52701914642239,0.8460789448963626,-0.4181829337664561,96,69,95.29207725299403
3823,808.1844814238408,155180.1592152835,75238.53393707768,76183.93488097217,86.39477479981724,10.418334102883819,5.434000350127462,19.98833557177568,0.544164862023972,-0.4831408719478156,96,69,95.29426084845166
3824,808.2012744433482,155225.60556703623,75270.48806871338,76189.11973077324,25.228037656575907,-0.0,-0.0,8.584644509101054,0.3121244890430503,-0.4149101730838779,96,69,95.2964458107936
3825,808.2050965038853,155236.29109427595,75270.5113339776,76194.36308827605,-0.0,12.991044879556284,9.220869975659298,-0.0,0.1454769022825451,-0.4417010942209146,96,69,95.298632152688
3826,808.2214255816212,155257.48729905006,75243.92240624747,76195.05352025996,47.56581700214883,60.889014714441146,39.971093822910916,8.715528243075823,0.0374637324630901,-0.4291467509916739,96,69,95.3008198872177
3827,808.224402033056,155224.8746775208,75239.69281361201,76181.15943593335,176.36774498492014,143.52938499081938,92.48652024340117,23.050695320300292,-0.0227764232750535,-0.4255515570218879,96,69,95.3030090278788
3828,808.2412622274182,155214.82047029625,75263.44033573252,76169.16458732466,406.40555694379145,261.97219664245495,167.4087710424501,57.228385593160056,-0.0464386837073679,-0.4317522594305776,96,69,95.3051995885794
3829,808.2450403813948,155137.31104727622,75236.91367390662,76174.75899444763,720.3157612083596,404.44942608929705,257.62331641017227,95.98442933827755,-0.0455755339403114,-0.4144231560868493,96,69,95.30739158363876
3830,808.2613134280704,155129.17245336488,75224.37604615415,76197.23810719236,1105.3050435809419,560.8094312948233,356.3520572929119,151.05071640442475,-0.0315945195257677,-0.4144525768079171,96,69,95.30958502778552
3831,808.2643290839341,155060.57421012846,75236.62833894878,76185.24158638262,1518.5863454887294,713.3838036994275,452.16627763109864,205.40079109699582,-0.0127859330299739,-0.4131453399726577,96,69,95.3117799361572
3832,808.2812526176366,155003.1211787538,75254.11322703674,76189.31265354867,1930.1237384489505,851.0159831125056,537.2617496337334,271.4722326643532,0.0037477821515511,-0.4173686906391372,96,69,95.31397632429872
3833,808.2849748781622,154955.51057470075,75243.49712387999,76180.38106302725,2296.0339438209776,961.2348442148505,603.476722671563,330.65299283684,0.0149175154859423,-0.4183181906285634,96,69,95.31617420816062
3834,808.3012027685013,154887.3265167362,75269.73140877685,76158.95608380964,2596.9938935855753,1041.2287889215513,648.8158052488288,395.6258160821162,0.0195810225502987,-0.3959388140940383,96,69,95.3183736040983
3835,808.3042611649524,154861.5924827703,75238.48656916557,76189.5091790328,2812.9690316871274,1089.1338654161664,672.6894612977048,448.709007747093,0.0181087269252608,-0.3987742844278776,96,69,95.32057452887084
3836,808.3212464911376,154816.3412816069,75216.07187295762,76193.77989616508,2949.480539462238,1110.4517176987283,679.4141885817662,505.0139317616704,0.013102278879458,-0.3948149699885394,96,69,95.32277699963905
3837,808.324897212252,154746.88876611332,75253.36074141617,76177.91227598445,3010.1564581893035,1109.0034014743142,672.7891414227779,546.0317791235866,0.0060754262542265,-0.3818069605699566,96,69,95.32498103396428
3838,808.3410985163516,154733.51487280848,75227.01606983652,76207.93870152888,3014.868860787188,1091.7637970522192,658.333501326968,587.613959002425,-0.0004791428952176,-0.3794613821231508,96,69,95.32718664980692
3839,808.3441929272803,154702.00227679213,75244.90149418928,76177.4900536506,2975.5683825504966,1062.2192177050165,639.1052000719937,612.593515257875,-0.005198988241193,-0.3575561581076613,96,69,95.32939386552562
3840,808.3612505209987,154690.71887923704,75223.3696715831,76173.17426274178,2910.373615083343,1024.9102841765125,617.9531692060118,639.4040411630995,-0.0078637872465263,-0.3476072420541446,96,69,95.33160269987476
3841,808.3647953250816,154691.05234298663,75256.07743026494,76177.90376239618,2826.303719224292,981.3907374474074,595.2165120909049,650.0127527457371,-0.0078094558287063,-0.3480136053072117,96,69,95.33381317200356
3842,808.3810222718249,154698.1733046118,75257.76267694263,76178.48406945549,2732.942893699452,934.2761159346846,571.1932911237236,663.7109752399847,-0.0063219141830227,-0.3402920842398452,96,69,95.33602530145436
3843,808.3840853352746,154678.54070744925,75238.52173373025,76169.53171085722,2631.8368495397153,884.6232048974925,545.0827504901681,663.3746487477329,-0.0037326237464923,-0.3535008543831238,96,69,95.33823910816145
3844,808.401357883705,154680.28581720253,75256.72681643537,76174.38811690218,2526.8359364649514,834.2139749935741,516.7199093096133,669.8540220755676,-0.0008709845880684,-0.3584375935516468,96,69,95.3404546124484
3845,808.4040622998584,154721.6768203267,75260.18637374426,76167.43695457645,2417.4651353340014,783.8630989506055,486.0318202964554,662.7985196583031,0.0011922283979192,-0.3513498647128839,96,69,95.34267183502772
3846,808.4206026076284,154717.15936774347,75240.97313412443,76184.79374322835,2305.255678223504,734.4373815192666,453.7537997775362,663.9532401397591,0.0028067957560519,-0.3977891083372394,96,69,95.34489079699831
3847,808.4242040750232,154728.44082560905,75256.83269396544,76206.54438492107,2190.2429341019015,686.4729670671222,421.14429144604946,653.3259071083157,0.0031506674297558,-0.4350500442341457,96,69,95.34711151984412
3848,808.4412056789064,154732.260272636,75258.76164098788,76178.59595843528,2073.3174294803757,640.2544579625537,389.6919537688955,651.4565533688292,0.0028167163868292,-0.4358535332370064,96,69,95.34933402543244
3849,808.4440021033517,154755.33375681762,75246.74282047809,76183.19721915462,1956.677290476393,596.8056660842121,361.2720546616474,637.004714032053,0.0020739223465481,-0.4833287668359358,96,69,95.35155833601196
3850,808.4605129630183,154778.2184543878,75264.65653635131,76168.49148070463,1842.3567086796975,556.7146010386932,337.0846256533696,632.7284828557749,0.0007986848546434,-0.5098607453687056,96,69,95.35378447421093
3851,808.4642200471468,154812.19538564602,75257.31409290094,76180.23424296736,1735.82473109907,521.9851945069677,318.4700827472552,617.9069391936937,1.343888487178368e-06,-0.5061619990576078,96,69,95.35601246303602
3852,808.4810984678928,154790.03971939886,75229.54855051417,76177.83208369573,1640.6710213534534,493.56625285906193,305.47087902837666,614.5615475155355,-0.0008474157327739,-0.5084032311175861,96,69,95.35824232586944
3853,808.4839118322743,154856.81117581754,75260.23439685004,76192.04403320451,1564.5360110575566,473.89134974440094,298.43173507149913,600.5618665169459,-0.0012145345387991,-0.4941043489090786,96,69,95.36047408646796
3854,808.5004526953396,154860.5750152728,75239.99441292393,76171.48252709337,1509.7808117520763,463.2273744865088,296.2520314605208,599.7240983734955,-0.0011060305492769,-0.4798821922781358,96,69,95.36270776896058
3855,808.504217040518,154837.30457007847,75248.7343393749,76207.31317709819,1482.5791169016738,463.29757491544296,298.7735246361117,589.3859654421394,-0.0010624852760203,-0.4784475581494575,96,69,95.36494339784662
3856,808.5209963099344,154850.5042709191,75269.52905370182,76189.15198457918,1481.0304141917732,472.93196859532327,304.6239498850191,591.7709443690546,-0.0004744047346764,-0.4628814328457038,96,69,95.36718099799398
3857,808.5238156827667,154887.27366591975,75272.30230281036,76183.54460125731,1507.1125863858615,492.5172653600166,313.8648995113035,582.81694479211,-0.0001831178126103,-0.4423829163787324,96,69,95.369420594637
3858,808.5404066380888,154926.6759518591,75262.66669707026,76184.3789434277,1552.394173391047,518.8063777205534,325.10133266070625,587.0533641409129,0.0001506767174733,-0.4350254395950902,96,69,95.37166221337428
3859,808.5442039761424,154902.83100465455,75264.13644574377,76176.14431995702,1614.100580527389,550.4803218732559,338.4748486278986,580.2235246049822,0.0004924334222121,-0.4392927680473621,96,69,95.3739058801672
3860,808.5608926879586,154913.40545455678,75279.83859021318,76179.5540737356,1679.427654815605,582.5280083162506,352.31344879436074,585.6834442354739,0.000361386480141,-0.4311083736410744,96,69,95.3761516213374
3861,808.5637198704119,154907.78170984602,75281.15451476227,76200.46687604791,1744.244494718616,612.6984862489044,366.44264194148127,578.4509406581346,0.0005110072762239,-0.4192511512876509,96,69,95.37839946356452
3862,808.5803701921781,154936.9279733281,75246.92828252996,76190.3054123763,1795.2443598090904,635.5206789125223,378.5629191874468,584.6133358644147,0.0002663182346949,-0.418098405778224,96,69,95.38064943388478
3863,808.5841829782877,154952.59131085218,75262.36561551037,76199.26037259666,1831.6406311922474,649.8989288986777,388.23291689081816,578.8931775681267,9.745119352848284e-05,-0.413544010959528,96,69,95.38290155968788
3864,808.6007858860087,154959.81537630552,75238.35641051501,76168.63030788387,1844.5361638467875,652.4678395133815,393.0916013990063,586.0822426060331,8.139018160652044e-05,-0.4221733693079851,96,69,95.38515586871628
3865,808.6036272393189,154953.08410491547,75259.74693845348,76192.397062688,1838.743589644262,645.0743524312566,393.1141500050435,580.1515944901621,-0.0002306096980651,-0.4149017591428306,96,69,95.38741238906098
3866,808.6203409877041,154981.34133330875,75247.50539905959,76192.79036842217,1808.906377582578,626.9168803723878,386.57191074767616,588.0199083817715,-8.858026125586985e-05,-0.4082577896647435,96,69,95.38967114916107
3867,808.6241545255499,154985.47617247317,75258.10142959759,76201.64069081651,1763.451197712915,602.2097187532054,374.6733918165846,582.1405711244443,-0.0002052624651102,-0.4250695811270077,96,69,95.39193217780078
3868,808.6406756510889,154994.92638342906,75245.3818248105,76176.97086900986,1698.6788691975526,571.4032976312592,357.08745427126996,587.2917134375894,-0.0001826029483903,-0.4124633064527037,96,69,95.39419550410692
3869,808.6435394830831,155018.89483407175,75246.83268198818,76204.47062536745,1623.878554781084,538.903103169665,336.38271595939295,575.3120506156993,1.014232364038487e-05,-0.3877157385584178,96,69,95.39646115754728
3870,808.6603173391222,155004.69747927686,75240.77320269897,76204.629501416,1534.6568977863644,504.16521805927914,313.07607469076174,573.8140453092929,-0.000133658669911,-0.3768207496299334,96,69,95.3987291679274
3871,808.6641185889571,155072.48742591523,75248.27108119233,76193.03956584718,1441.3767338480102,470.5731838946667,290.20736127364216,554.276410437189,0.0001120790419588,-0.3943561440917004,96,69,95.40099956538909
3872,808.68056235386,155060.654790813,75248.52371517634,76178.42920933219,1340.917371099582,436.54776978584414,268.0403858531208,544.0677899765433,3.346847701968393e-05,-0.390164291488045,96,69,95.40327238040764
3873,808.6834577402977,155118.93767829187,75246.52679369092,76190.09575567262,1244.8590178139275,404.6737177391333,248.66611344658304,516.1428500988695,2.700613802682197e-05,-0.3923485470217255,96,69,95.40554764378908
3874,808.7002977996236,155152.2715982992,75265.28158051556,76188.5141557637,1149.433710185811,372.70135118327744,230.90399244547007,501.6022438223008,0.0001581131407553,-0.408082791727428,96,69,95.40782538666842
3875,808.70407500774,155167.1786654277,75233.93559359526,76198.75764627049,1065.4052764665685,343.18182581286237,215.60842582571786,472.34544388888753,-6.645110073101556e-05,-0.3876874153651636,96,69,95.4101056405068
3876,808.7204466853968,155221.67793594275,75262.88283496776,76200.78165208649,986.4708439626847,314.0052805179148,200.77602349387598,457.61962243024027,0.0001036704854432,-0.3808399703064543,96,69,95.41238843708902
3877,808.7233828034061,155265.89058080048,75284.41612677973,76182.49526913177,919.7491074532736,287.7982312075619,186.97571126522962,428.6923307548859,-2.530833835456667e-05,-0.3842151957562068,96,69,95.41467380852087
3878,808.7402810048976,155267.21515015833,75254.26149326777,76201.9867312033,854.9702268185792,262.4378205605317,172.52408691711025,415.9661871062708,-6.253675599168971e-05,-0.3758574733496294,96,69,95.41696178722704
3879,808.7440236469935,155297.29125270116,75268.04294592177,76176.36873102238,797.9326161637437,240.81109135666338,158.925457199628,387.61014438723214,7.033292799201115e-05,-0.3682123353469426,96,69,95.41925240594824
3880,808.7603295146621,155342.16704882964,75242.47128386423,76207.91228945873,738.6840401405352,220.93097241592477,145.5255134353938,371.9363669161976,-0.0001366495856,-0.3599713222870893,96,69,95.4215456977382
3881,808.7633152063024,155384.25226731668,75268.07118236487,76199.07036976275,684.1541970375692,205.2693330727925,134.31160913512576,337.9572619124956,6.078896307407113e-05,-0.3400483628034281,96,69,95.42384169596224
3882,808.7802656152577,155410.25864999997,75269.20954541354,76211.8466618361,625.6043037971249,190.9643400994537,124.37328424857697,317.08935019772616,-3.427258995116782e-05,-0.2133923337498249,96,69,95.4261404342934
3883,808.7839644763552,155480.16156849597,75280.28402051191,76188.4639301677,571.6266765135806,179.38843061437365,116.7393706907169,277.14673428435344,-5.0202000697057725e-05,0.0481504522455246,96,69,95.42844194671024
3884,808.8002118036592,155516.1313279606,75263.95713189097,76200.46311020889,513.515191512357,166.34100114855391,109.02158305523335,249.21715231070993,0.0001011763712934,-0.0120719786542898,96,69,95.43074626749438
3885,808.803255269024,155578.14363588186,75266.41452617328,76219.09202710404,457.49574336147634,151.70629882793583,100.57492419538903,202.90952169839875,-0.0001012849392161,-0.5703301383786031,96,69,95.43305343122744
3886,808.8202502958022,155619.9630905423,75267.455155183,76220.61709142216,391.87314754817635,130.75539046539052,88.13627294273465,171.96635896412772,9.080030978575842e-05,-0.5757642742705946,96,69,95.43536347278854
3887,808.8238976158106,155677.00450281578,75273.98806871596,76234.52979235584,322.14342177863,104.63550482710707,71.68837378290482,123.92577990199788,-1.038965998812887e-05,-0.2950686589792828,96,69,95.4376764273512
3888,808.8400945444209,155703.07899860133,75285.14175669185,76244.52367579904,239.2177814912866,72.06730003797566,50.45110280116205,92.174556857266,-4.199621666068642e-05,-0.3584788045094924,96,69,95.43999233038086
3889,808.8432031287523,155753.83692010422,75305.42870835874,76235.20546825281,155.01128042658092,39.265788807097124,28.230209315166576,46.75439225070295,0.0001011583577747,-0.3144971709200851,96,69,95.4423112176322
3890,808.8602337104389,155829.61775046517,75294.28930970648,76245.73420549203,71.69982544094091,11.26571704854723,8.850002019084059,24.206902029021876,-0.0001099423139693,-0.3063141310353242,96,69,95.44463312514569
3891,808.8638233680676,155842.5493580039,75283.88261034405,76213.83969268341,15.325135252438486,-0.0,-0.0,-7.358882011467358,7.63871011547005e-05,-0.3222345968853498,96,69,95.44695808924529
3892,808.879978701773,155892.0139784442,75305.24091821494,76253.72940208756,-0.0,13.5540159013035,7.289050953957485,-12.170659489260288,-2.1551917648286264e-05,-0.3095176556690525,96,69,95.44928614653554
3893,808.8831587717958,155924.9458166415,75317.88991625258,76241.52453075154,55.63355952868005,61.973782334898715,36.80222182505531,-21.48354026011657,-5.4276127636221166e-05,-0.2958029023465124,96,69,95.45161733389828
3894,808.9002145159712,155869.46230354483,75302.18328068858,76251.8803024753,190.43071663950104,146.5990385857731,89.47078880961635,-0.0,9.588435304185829e-05,-0.2902738572821902,96,69,95.45395168848997
3895,808.9037422499166,155886.59408593873,75273.77396600951,76248.95650575083,417.99489013751736,266.61694226795225,164.3085570364783,15.347818040900165,-0.0001112640567757,-0.2801606698200853,96,69,95.45628924773864
3896,808.9198651503319,155861.87434050615,75294.79886463104,76245.66544161584,722.2941235364415,410.99403614437324,254.5063980773266,56.934222224517725,7.700254549777138e-05,-0.2739821780547067,96,69,95.45863004934124
3897,808.9231220789077,155817.00340297856,75294.87037241265,76245.11723399596,1089.4419057832565,567.8373855742539,352.3314490815974,88.16326579081942,-1.5129273565111558e-05,-0.2849439883520159,96,69,95.46097413126024
3898,808.9401913424763,155811.17252531403,75321.74203596565,76257.68905450484,1481.1570635829703,719.8395350666979,447.25923013256397,141.99905341793783,-5.08795733749964e-05,-0.2903577680212194,96,69,95.46332153172048
3899,808.9436550371089,155791.67004774095,75293.84994378217,76260.24862937264,1871.408178929123,854.8582385103364,531.5594957392605,178.936058886291,0.0001014157542612,-0.2594875684246054,96,69,95.46567228920668
3900,808.9597545897797,155724.80343961183,75322.69945318041,76245.77106391003,2221.4339129470754,961.0482790321112,598.265063657891,232.5937271421135,-0.0001076465388387,-0.246979287850771,96,69,95.46802644246004
3901,808.9630929032969,155721.7442314828,75296.05015435952,76245.73022695188,2514.51548291964,1035.2225652872876,645.3727859115752,266.8669624047179,7.701204826798123e-05,-0.2519733737372895,96,69,95.47038403047505
3902,808.9801627359514,155691.2821910055,75272.13148823491,76239.43268331439,2729.3267490080907,1075.8990356704162,672.3965659350943,317.0704725323885,-1.3238818151486918e-05,-0.2417033109386412,96,69,95.47274509249652
3903,808.9835628518507,155675.71210287983,75273.55088948348,76250.58691975157,2869.8771473030793,1088.9369680564268,682.7535840228666,344.69415410902,-5.396173240386434e-05,-0.2209896216833014,96,69,95.47510966801671
3904,808.9996474027629,155623.06284936535,75296.76014347351,76235.2092878985,2933.964088247216,1078.9192586717108,679.2384351630753,385.67968600647873,0.0001003680571512,-0.2258168634336392,96,69,95.4774777967716
3905,809.0030712271334,155634.37263472655,75302.87620571254,76248.38789762491,2939.5761471503647,1054.046980974963,666.0673511169443,404.5106735996378,-0.0001091515777507,-0.2003976763255428,96,69,95.47984951873816
3906,809.0201270033654,155613.69256642548,75313.4657888176,76253.85274039168,2893.5005095700035,1018.4559272527986,645.1925030371058,437.60593092479394,7.398786794363644e-05,-0.1828360350137402,96,69,95.48222487413084
3907,809.0234673705008,155641.8900274444,75309.94263371738,76295.72834858697,2817.304403792892,977.9534865148307,619.2705375606602,446.6519791815954,-1.2104978637119751e-05,-0.1688471623561236,96,69,95.48460390339882
3908,809.0395433534693,155609.4974904889,75315.47337348358,76290.69065355916,2716.30374292715,933.4673456782912,588.9081308530585,468.6448124932358,-5.595846130809904e-05,-0.1541754364793237,96,69,95.48698664722214
3909,809.043057534239,155629.59231078986,75329.70786350204,76285.30866364932,2607.0391353941523,887.6951685790555,556.0789358839102,468.18926828258554,0.0001014634095353,-0.1531695997570888,96,69,95.48937314650908
3910,809.0600817710953,155635.86646225562,75302.7737267508,76278.81862228237,2489.4379997986252,839.589062229541,521.476319444133,482.0515584956156,-0.000108109434792,-0.160517316345826,96,69,95.49176344239244
3911,809.0633714140378,155643.5475385018,75297.93063564313,76271.19064216466,2375.0459850188927,791.0114193341287,487.3699045567191,472.3208659629454,7.313424108887989e-05,-0.1613682835472957,96,69,95.49415757622626
3912,809.0794407556426,155668.08139259584,75324.37039442464,76252.96704183758,2259.041773642006,740.8793231881427,454.33619757188717,476.940996053454,-9.49468604408816e-06,-0.1810363426523804,96,69,95.49655558958278
3913,809.0830539368702,155678.08318096734,75330.96877638427,76274.01708076986,2148.7818290303694,691.4052846028499,423.8779711450625,461.4375629502465,-5.7314219419984034e-05,-0.2133407920326878,96,69,95.4989575242489
3914,809.100022456871,155710.65986147473,75328.26532868852,76256.22476781809,2037.279648781172,642.2122406079579,395.4827339113981,463.18265578124556,0.0001024017031245,-0.2265774804411006,96,69,95.50136342222272
3915,809.1032811440125,155756.22579270933,75310.73960197612,76264.45168667514,1931.353188175708,596.2578477692296,369.72492771287216,445.2808272940165,-0.0001076358022452,-0.2444989501506441,96,69,95.50377332571048
3916,809.1193331742618,155746.66294942607,75313.51912948271,76281.50190994091,1824.4809794272878,553.7105606219993,345.72229072009213,445.6960203082126,7.148310661719272e-05,-0.261569224748856,96,69,95.50618727712283
3917,809.1230692598866,155786.42564349223,75306.65626324745,76284.7249934706,1725.2502581482986,517.8704425944306,324.5154560605297,429.76144251335063,-7.552601414755299e-06,-0.2580796728926801,96,69,95.50860531907186
3918,809.1399340492719,155787.3164457857,75319.32990725481,76294.61344259993,1630.9058643688331,489.13507916004164,306.34494619065663,432.9578637757804,-5.9053199955668734e-05,-0.25636405915127,96,69,95.51102749436674
3919,809.1432204469045,155822.81538329934,75310.4256340939,76267.83729198603,1553.9148735629278,470.5947848924261,293.4082272046944,417.87813488135,0.0001031994805647,-0.2540378825745634,96,69,95.51345384601169
3920,809.159181294073,155819.15714069162,75320.99611329408,76285.80189950598,1493.222221007978,461.6250587546383,286.31331048734137,420.60604078299366,-0.0001070255891998,-0.2506033431195224,96,69,95.51588441720088
3921,809.1631857334297,155857.06216611073,75325.07989476722,76257.64420392181,1459.9705921883578,463.59591412146983,286.5760313067585,406.9601205564104,6.994725464499648e-05,-0.2314890529884502,96,69,95.51831925131644
3922,809.1795245062302,155910.55444487918,75311.26450159181,76284.17840102105,1449.8359876067843,473.91356025428104,293.2211247764062,410.30536342720734,-5.612337279498443e-06,-0.2225509038694771,96,69,95.5207583919238
3923,809.1824804041838,155867.0299225097,75327.46653489512,76278.68725516317,1468.251385074691,491.93806335309637,305.72032109077554,395.6744070268469,-6.104333258515377e-05,-0.2071834980164136,96,69,95.52320188276902
3924,809.1992861491306,155918.08866939286,75304.89823030835,76286.52079917265,1503.2947769438615,513.2005155418883,321.0209302988951,400.4902806536702,0.0001034037969998,-0.195419017552655,96,69,95.52564976777457
3925,809.2030801901445,155931.17024488875,75322.20964278723,76282.32235467341,1554.9829199546948,536.3048623630748,337.4588209064095,388.7105740037223,-0.0001071106296119,-0.1979081613411422,96,69,95.52810209103608
3926,809.2194476451461,155938.9813976309,75347.35514343862,76291.12493620875,1608.2657356129494,556.9504994511663,351.824468776671,394.9954265745764,6.771811778645822e-05,-0.1838551920591381,96,69,95.5305588968189
3927,809.222378324244,155968.9697282269,75329.62829675073,76305.72013700948,1662.1617042452563,574.6752496767149,363.2941516948049,384.6678074497613,-3.979736837519409e-06,-0.1743639775676927,96,69,95.53302022955434
3928,809.2392896721782,155972.87223011817,75331.66434846021,76277.83978361204,1702.6070986106643,586.4207859172748,370.0100358745549,393.8959012592386,-6.267508383285191e-05,-0.1797079499946413,96,69,95.5354861338358
3929,809.2430128851006,155985.35046726174,75339.67946113965,76285.35473346156,1732.1585325597553,593.3060002456041,372.84094469388947,386.3731893525983,0.0001047235625596,-0.1740472106417512,96,69,95.53795665441562
3930,809.2593434388431,155998.1248697556,75344.69543544475,76293.3335672827,1740.9495662511908,593.5314252953831,371.19873307985836,395.0035065849079,-0.000105236129521,-0.1718138139611384,96,69,95.54043183620114
3931,809.2622998763259,156017.2667841094,75345.86846308288,76303.07960572722,1735.079134590982,589.0684265656455,366.65295908329426,385.3371076886542,6.78600448202699e-05,-0.1654325965698822,96,69,95.54291172425116
3932,809.2792835935226,156027.6595246731,75363.09555891214,76314.18857925478,1707.431979039393,578.4945495013962,358.65377926279325,391.69065278948983,-4.388128303260114e-08,-0.1496903015670601,96,69,95.54539636377186
3933,809.2829455533466,156029.26387028035,75324.8085169552,76307.9241901139,1667.2213319778675,564.2514032960171,348.79950428262237,378.778229514166,-6.280437050714024e-05,-0.1396808991166912,96,69,95.547885800114
3934,809.2992330119315,156079.7675591971,75335.16070397662,76316.14221546773,1609.5573610052234,545.0535648310906,336.442330380145,378.961937179236,0.0001059256060681,-0.1206439970474269,96,69,95.5503800787685
3935,809.3022333265404,156097.82278549284,75349.71970576799,76307.6632357962,1544.6581561459461,523.2814584193693,323.1912876488641,360.32898912925157,-0.0001055033758514,-0.1135730740302962,96,69,95.55287924536238
3936,809.3192743764996,156088.43425678057,75331.12933563902,76301.81051196903,1467.8970024706214,497.3628058277536,308.2682893379533,356.91345125299995,6.361303512657975e-05,-0.1397018217390673,96,69,95.55538334565618
3937,809.3228729791235,156152.7367956761,75333.34720394107,76307.51125300836,1390.4106160082738,469.86629487748723,293.32310739002423,336.12132128013764,-2.1470414568164195e-06,-0.1319219450141384,96,69,95.55789242553908
3938,809.3391211679718,156153.91060757142,75331.02840911275,76287.60629149558,1307.5586633723578,439.39899926036014,277.2636415885645,329.79816937370924,-6.943350404256631e-05,-0.1428764814518986,96,69,95.56040653102596
3939,809.3421759919052,156197.4747915739,75354.55681322303,76274.90021020325,1229.1809611984063,408.84737023414345,261.33154007210396,308.01954523150926,0.0001018243764504,-0.1504049891708984,96,69,95.56292570825272
3940,809.3592628356248,156229.84206224536,75320.12790572099,76285.26251967475,1148.4693247607793,376.9818964295264,243.91957369845477,302.50652805223945,-0.0001077805815725,-0.1425072511919862,96,69,95.56545000347356
3941,809.3627937798565,156230.99269490055,75347.06034205675,76329.21281934403,1073.8989065586356,347.1246152466192,226.35747001791606,281.54012543163844,6.222455035310133e-05,-0.1432113179167741,96,69,95.56797946305636
3942,809.3790102267922,156253.960259485,75353.77813802927,76330.19397466138,996.9301225305535,317.9321086216951,207.33135766530177,274.24932497693226,4.4049056396085565e-06,-0.1441900072226389,96,69,95.57051413347884
3943,809.3821267417179,156294.3283854748,75344.56383508482,76315.5211506618,924.6161510447273,292.33544953446835,188.92835513950558,251.86608544542105,-6.214462471965183e-05,-0.1360236476143814,96,69,95.57305406132552
3944,809.3992485717222,156320.14067789903,75333.02650212511,76280.8100340453,848.149138748995,268.26867048481654,170.63881411324837,243.62735103419982,0.0001145782031165,-0.1162864669075263,96,69,95.5755992932829
3945,809.4027076539427,156332.864664995,75321.61669484166,76298.81056471668,776.7363662332646,248.37588256696472,155.52530248841504,220.20142564445268,-9.401555867446356e-05,-0.1172699017913319,96,69,95.5781498761361
3946,809.4189017914337,156378.13967399273,75336.2328210415,76279.05763375938,703.4833017345518,229.9411876576196,143.0958972692897,209.41759406242636,7.099161783547123e-05,-0.0760436108561903,96,69,95.5807058567651
3947,809.4220847906843,156409.5962221608,75331.14358151457,76293.5023175715,638.5031558564515,214.90219859413628,135.46826540550683,185.31890227657277,1.035667712811931e-05,0.1253776090801587,96,69,95.5832672821402
3948,809.4392308405708,156425.78086859325,75327.17415515186,76293.40574607086,574.1773417678778,199.51506539006368,130.0387945159746,174.85222606940079,-6.97100482915926e-05,0.3219632516640365,96,69,95.58583419931917
3949,809.4426147732353,156445.49267395656,75339.62166528535,76303.7145177783,519.0257681533694,185.0424539605301,126.66368890824378,150.67674015671946,9.758106593217168e-05,0.0112831285706986,96,69,95.58840665544214
3950,809.4587971602047,156511.30935147428,75345.76670082126,76297.45135415511,461.163094465388,166.65272764589463,120.41357530720416,137.50462349821464,-0.0001212129048747,-0.457776946969937,96,69,95.5909846977288
3951,809.462049383337,156501.32711537232,75357.07338884173,76271.83876116973,404.34906856971793,145.08246064008563,110.16334449959686,110.93145260846359,3.549907452683864e-05,-0.2182013338705357,96,69,95.59356837347332
3952,809.4792088217936,156520.8436264685,75318.71285542952,76286.99521130158,334.23700296791503,116.06649440577894,91.9212389633467,94.8551201603841,-1.945339248408652e-05,-0.0774898702407645,96,69,95.59615773004148
3953,809.4825155857952,156585.03236604572,75319.77726355755,76292.4909579055,257.91535498498706,83.35275235852168,68.23037394226412,65.37596084925462,-9.126911834354224e-05,-0.1373144810679117,96,69,95.59875281486592
3954,809.4986974476351,156628.15794919993,75332.01961940897,76287.82289250243,168.83401560934726,47.20700589551416,40.092250240646536,46.56290181033546,9.975278311551292e-05,-0.0781084040853743,96,69,95.60135367544252
3955,809.502019692589,156634.0764915633,75346.90312365627,76278.6915650528,86.54827544692671,17.402348592775525,15.606654074625112,19.501714982208796,-9.01849175218171e-05,-0.0919055591731685,96,69,95.60396035932652
3956,809.5191817321644,156625.0746495335,75334.19708287469,76283.71564418984,19.21840833022725,-0.0,-0.0,8.191797306819353,9.358840235674368e-05,-0.0745540381253814,96,69,95.6065729141282
3957,809.522410729151,156708.03368510978,75325.68251340206,76278.16856194362,-0.0,8.917148658176302,3.298663111694623,-5.744156558561372,6.468352357315477e-05,-0.0796708376129315,96,69,95.60919138750889
3958,809.5386036218939,156702.98486387116,75357.02105072216,76299.60382392828,42.022801776009146,49.443620579957496,28.50246992369648,-0.0,-4.603775210185343e-06,-0.0936615472089789,96,69,95.61181582717758
3959,809.5419947864378,156673.89100254572,75335.31465491642,76269.4119530445,172.64050207583932,129.5230735844816,80.01711997331586,8.625483027339214,0.0001710055017707,-0.0651158907576192,96,69,95.61444628088582
3960,809.5591488872758,156670.17232850255,75347.7440020941,76300.12105945311,388.2831150700804,243.72331333489274,152.82438995540724,38.20835696859285,-6.24570766525043e-05,-0.0649649861831114,96,69,95.6170827964246
3961,809.5623009782729,156613.92357734352,75330.71762948576,76307.14655473323,692.5981754845125,387.5513590417686,243.3909842913854,69.5368723309366,5.212968623192611e-05,-0.0663075976402389,96,69,95.61972542161998
3962,809.5785165155511,156604.07324170822,75305.50540273605,76295.31918900537,1054.089997068746,543.5562624359009,339.8904806105711,117.10962648014538,-5.085734600056159e-05,-0.0426359188105293,96,69,95.62237420432882
3963,809.5819736200439,156531.44363899264,75324.85399332899,76283.09673250945,1452.4700840704027,699.728078684755,435.32584303757176,162.84480668895412,-0.0001939940864268,-0.0405898008561566,96,69,95.62502919243522
3964,809.599109743414,156526.76882770075,75323.3301390829,76289.08172858655,1842.1702273742412,837.4031898588146,518.22053424982,218.45100854412885,-5.627808273750472e-05,-0.0297244163797303,96,69,95.62769043384591
3965,809.6021872035299,156458.35164870007,75338.39209105921,76305.30613489906,2202.1222739883815,950.047907984379,585.6739623328322,266.37222451271373,-0.0002767145957708,-0.0233867620312192,96,69,95.63035797648664
3966,809.6184368298477,156406.1918980021,75340.12822539332,76323.97120482229,2495.7354277850827,1027.9406318464753,631.7466411696514,317.98322756114067,-8.545332567245633e-05,-0.0372092487247938,96,69,95.63303186829756
3967,809.621955036951,156375.33074691,75319.71099536364,76287.27749773824,2719.262349835364,1074.9168587758468,659.5395062305033,359.25537702275324,-3.896671648214867e-05,-0.0078773094093611,96,69,95.63571215722978
3968,809.6390639322814,156350.90015798423,75312.73071278377,76289.18945101646,2857.4569977829815,1090.3018838149292,668.1001603192126,400.8546732008981,6.910501314166415e-06,0.0174769695737875,96,69,95.63839889124068
3969,809.6420703282222,156317.91907707194,75334.41115091874,76293.30491495745,2927.7948365584016,1084.3157716118585,664.0001273504749,430.7346152907412,0.0003459929089393,0.0177881764796552,96,69,95.64109211829016
3970,809.6583651424002,156284.4857010131,75344.24452666656,76290.79998181046,2929.798336104548,1058.4633767403138,647.2887919131317,459.82851099199615,0.0002770571242172,0.0228780028131977,96,69,95.643791886336
3971,809.6619377703219,156260.5771622046,75343.30897458212,76288.8545457375,2889.878987201082,1022.6182936955302,624.3426662154379,479.1420756180014,0.0005078832775853,0.0322783159188681,96,69,95.64649824333084
3972,809.6790112962946,156259.64131347492,75344.69035504996,76303.42763303262,2811.0530420614523,976.6709217148309,594.5833369384054,498.3433472464967,0.0004422378598941,0.0408221815114532,96,69,95.64921123721685
3973,809.6819512780974,156257.63275027502,75323.31603184892,76314.80704140745,2719.2031587004312,928.8851916219137,564.0452420755173,509.5133383210923,0.0001902453092723,0.0457413128345323,96,69,95.65193091592222
3974,809.6983019268249,156236.47296557765,75283.00731140045,76298.40971367861,2611.5630903862184,877.0252350368683,531.3954099802359,521.1592262201884,8.274979706375985e-05,0.0535269443215385,96,69,95.65465732735676
3975,809.7019204349097,156237.81931007403,75332.28153548915,76302.03434626895,2507.2065546335652,827.7891316175228,502.0224773955997,526.4125057353231,-0.0005105309874339,0.0433420510500994,96,69,95.65739051940795
3976,809.7189519339591,156261.1169175748,75330.56917643585,76304.2049675943,2397.1275232199696,777.7689940626733,473.7324377038749,531.0906045267184,-0.0007577509431797,0.0223490866244215,96,69,95.66013053993672
3977,809.7218309124246,156230.10703399105,75348.99273874343,76299.061536283,2295.761876521632,732.6902133827243,450.679929894628,528.571362884104,-0.0010906869753501,0.0013674424985832,96,69,95.66287743677334
3978,809.7382475974913,156237.8125609122,75325.11273012089,76302.13119811621,2189.000119028671,687.4049900159735,428.5280791904952,523.5532537917607,-0.0012647522053119,-0.0300335340742102,96,69,95.66563125771287
3979,809.7419014936783,156250.33262646574,75318.12032403506,76274.67917991558,2089.0282802861184,646.5119920581783,409.71898660910665,511.4319935272797,-0.0008401009071153,-0.0549734565379026,96,69,95.66839205051178
3980,809.7588862739802,156281.87454998895,75317.31643941124,76296.02642046087,1982.357491007133,604.7671447072789,389.28009893055423,496.5501187557238,-0.0004539957889371,-0.0633526209178101,96,69,95.6711598628827
3981,809.7617099137535,156290.49528774378,75337.3637898057,76297.93755941435,1883.925652414735,567.6754652031668,370.2836037884117,476.9910357335175,0.0005922824234139,-0.0599163634471527,96,69,95.67393474249153
3982,809.7782026088295,156334.87074256846,75350.57458782177,76288.87145613998,1781.6622258783318,530.7639523364924,348.85878710538964,457.56053794224863,0.0016094275141537,-0.0633549726870837,96,69,95.6767167369517
3983,809.7818791612455,156340.86293610462,75345.13930588831,76309.0106469829,1693.0033506209147,500.7730520970945,329.92025297821965,438.3570306673937,0.0024551832662103,-0.0519154898981799,96,69,95.6795058938217
3984,809.7988152259569,156359.10712712404,75317.77290289207,76312.43764858523,1608.6014444029424,474.39865963683405,311.499524318584,422.6869746717857,0.0031753308781722,-0.0438783439623702,96,69,95.6823022605994
3985,809.8015885746817,156357.67186018787,75338.83116133978,76314.88863418963,1547.9159700548043,458.8015192993771,299.5962588142138,410.87933469642303,0.0027934171615262,-0.0516932251895966,96,69,95.68510588471892
3986,809.8181676914414,156371.20850665442,75344.41616691714,76318.61868378667,1500.0935978595517,449.50359834857227,291.6621367689222,403.80301077777403,0.0018674895229822,-0.04017649007294,96,69,95.68791681354568
3987,809.8218511336592,156384.62961743074,75332.89493665993,76286.41698044246,1482.8376117954613,452.229340837308,292.3550014079665,401.36052154313074,-0.0001182016776597,-0.0395591935241633,96,69,95.69073509437251
3988,809.8387405567947,156379.2010280953,75321.23153924178,76294.25865175057,1482.6449977554148,461.10324442436104,297.4273654067656,402.0298219147662,-0.0027992513312484,-0.0499323764652065,96,69,95.6935607744156
3989,809.8414662763527,156361.83340483275,75326.75327504589,76302.04219828079,1513.2177632821258,480.392103514474,309.6476739787031,406.11546671166434,-0.0052695688685485,-0.0521139029679517,96,69,95.6963939008102
3990,809.8581445143566,156377.00194551572,75338.53040359345,76308.28841857999,1554.0529949095799,502.32778104957833,322.7675426075293,410.7757728464494,-0.0074705772103501,-0.0668529038249734,96,69,95.69923452060613
3991,809.861813728356,156333.13769559,75355.36403078263,76285.25993637099,1613.6863357970142,530.1132345903461,338.59735052549513,417.50030271336436,-0.0078508738233037,-0.0669422642163902,96,69,95.70208268076384
3992,809.8786661043239,156356.33590133832,75318.0784752027,76287.75957447173,1668.4380523059517,555.6116609675228,351.0614466544357,422.9435093832144,-0.0062710999202269,-0.0506490703351974,96,69,95.7049384281503
3993,809.8813397336535,156346.2322882497,75368.93957725672,76304.99527473174,1725.7446914631873,581.7741042566195,362.733961176913,430.02495663648006,-0.0023976706438678,-0.0528017864849364,96,69,95.70780180953436
3994,809.8981382235028,156370.61857994727,75344.92468494974,76321.11395013549,1761.248690393113,599.90306228587,368.3342767263239,434.2314691458305,0.0037830853783749,-0.0573689219070271,96,69,95.71067287158318
3995,809.9017580637882,156317.6439120081,75330.29783952811,76282.67990074588,1786.0793310986483,613.3950836611766,371.69658620026894,439.1456426489749,0.0104861773357392,-0.0383344941984029,96,69,95.7135516608574
3996,809.9186039158391,156327.872731096,75331.74525084934,76293.30426740868,1781.6738788994262,614.9005175029015,368.7977048107132,439.2569995104568,0.0166987236417635,-0.0430434790738382,96,69,95.71643822380706
3997,809.9211924264472,156318.0672500601,75345.61513798981,76292.70288716153,1765.1105101840221,609.4883285113174,364.03635599761037,439.1441636499658,0.0197824346589877,-0.0503256435157279,96,69,95.71933260676776
3998,809.9381774989936,156330.21627667578,75338.12240298565,76304.9413745528,1720.8158760868246,591.2724880160968,353.11364398361184,432.4366760388657,0.0177853084524715,-0.0427783948128481,96,69,95.72223485595605
3999,809.9416245520092,156339.14521061766,75327.973099952,76278.44057117483,1669.8259092925582,567.5124292538967,340.4143254859664,425.5480152043456,0.0098473134394623,-0.0661267735629024,96,69,95.72514501746542
4000,809.9587349483234,156343.47787491794,75319.29703690535,76286.98688741852,1598.725989254599,534.3456136039895,321.9281501980149,412.56474310930935,-0.0045177656722634,-0.0494959556063101,96,69,95.72806313726169
4001,809.9617955947132,156351.5966118914,75335.24293932656,76276.75102950104,1528.914919066301,500.14711511488713,302.489798366616,401.58405939152,-0.0223271358208168,-0.0256122157822349,96,69,95.73098926117952
4002,809.9780320753822,156387.14123507793,75335.86146560546,76274.2588136947,1445.6890663971426,461.3716488449427,278.9755802799773,386.1183839762525,-0.039527975680272,-0.0550303932218006,96,69,95.73392343491766
4003,809.9816354885357,156387.12448066298,75327.7599637445,76272.35766125185,1368.1991080594016,425.5973270367249,256.899851123424,374.1740891756781,-0.0493967320629013,-0.0507165817741558,96,69,95.7368657040348
4004,809.9986702243389,156399.65417496578,75311.32469651313,76282.2088278831,1280.7709676124505,388.5305187829945,233.90269232634455,357.94575512074516,-0.04341649413519,-0.0585080479293429,96,69,95.73981611394538
4005,810.0016849487051,156377.2287374266,75337.77192718383,76290.44597758865,1202.9071097713313,356.88155750553415,215.51295916596428,345.8323153369711,-0.0138561397169096,-0.0565535323496238,96,69,95.74277470991558
4006,810.0179618095248,156416.663094501,75341.1481721941,76288.5482338117,1116.9051129512372,324.93127354023454,198.13539762620348,328.4719090576109,0.04738595881934,-0.0478252260433812,96,69,95.74574153705888
4007,810.0216203538812,156418.42888771425,75329.93517432884,76295.38094898868,1041.0024630188127,298.28952108758676,185.53013589509646,314.5249114051694,0.1447558575150504,-0.0529193797070984,96,69,95.74871664033182
4008,810.0386124489675,156434.40570956757,75330.44446514823,76303.91942966192,957.7620444857748,271.2353546910599,172.97852830283227,294.7893167595321,0.2797427483135057,-0.0498627024228552,96,69,95.7517000645302
4009,810.0415646154539,156449.91440993742,75337.17402610883,76286.82765388112,886.811462341575,249.74727780971443,163.72597017482622,279.59707559956587,0.4502945596945337,-0.0349667315153672,96,69,95.75469185428432
4010,810.0579054620285,156488.3984234025,75311.7775964415,76290.45962016306,809.3288850960671,227.80892961508653,152.883844349446,258.67189937256626,0.6496269552186104,-0.0294782860945036,96,69,95.75769205405534
4011,810.0616006449542,156510.83409992798,75347.71663628893,76300.5939124606,744.1706045709434,210.76299772896164,143.94304142310284,242.00072087405715,0.8697901413053813,-0.0213972399891845,96,69,95.76070070813032
4012,810.0785506916638,156507.49197819413,75344.77977842324,76287.80541866367,672.4640429332503,192.09950484380533,132.72796625978663,218.4105696172919,1.1005077998928092,0.001901470003756,96,69,95.7637178606193
4013,810.0814415619764,156483.18915946037,75333.366624723,76294.12667589942,612.7696420020657,176.28260034011328,122.8882201151282,198.32862528189435,1.3324803700623244,0.2011053101401872,96,69,95.76674355544957
4014,810.0978598079629,156535.02039682431,75336.74096078397,76294.21617910237,542.2012587676872,155.4731600459345,109.56930180001655,169.34256261761766,1.558637890384169,0.4372045778740765,96,69,95.7697778363626
4015,810.1015768662021,156576.2120183628,75346.05929130354,76309.58047071236,476.46176132920664,133.6631224492303,95.65268853545422,142.88755249229143,1.7733909968613453,0.1491073032389168,96,69,95.7728207469096
4016,810.1184844003845,156587.74207546725,75352.441410734,76306.959810091,392.47310751111945,104.46633139617916,76.58900266475393,108.34638324196567,1.9752905984676916,-0.363602950864592,96,69,95.77587233044714
4017,810.1213168951249,156629.12512419515,75330.12364435717,76287.20384832023,309.0777149652131,74.65076622113702,56.50726782795391,80.01100870707887,2.163831202914253,-0.161447844537527,96,69,95.77893263013306
4018,810.1378252744452,156659.6545437779,75343.17121862435,76278.22114445413,207.61207817483228,41.38658236707852,33.130557552562095,47.45226523358724,2.3401335116877906,-0.0157127080309294,96,69,95.7820016889226
4019,810.1415466889704,156656.45433623026,75339.07030884245,76288.38707086287,117.28657742368523,15.870586919641937,13.817192224116297,25.798565684293862,2.5058743193368223,-0.0871427175586924,96,69,95.78507954956363
4020,810.1584156565028,156702.78369567776,75343.76660448952,76300.44557391424,33.79874652437866,-0.0,-0.0,4.885658238694305,2.6609852746047027,-0.0131480180636057,96,69,95.78816625459336
4021,810.1611892356306,156685.1275466647,75326.8730443093,76308.03107843058,-0.0,7.76280395629874,1.2576459334231913,-0.0,2.806040987043992,-0.0427279854558515,96,69,95.79126184633331
4022,810.1778048975187,156644.66299950963,75343.68767518896,76293.52465968751,16.925572032283526,40.46010341611691,18.777496442053234,-1.3303226132120471,2.9399612656699983,-0.019885601024802,96,69,95.79436636688588
4023,810.1815043108152,156648.33195746524,75332.67734765589,76272.95953101957,125.37183071870822,108.03278703290562,59.23990314351977,15.357475171418628,3.0622581544862166,0.0007593415602142,96,69,95.79747985812948
4024,810.1983516224293,156640.67255354824,75351.33319352427,76285.54226761889,314.18928853521356,204.74077293621667,118.91466566064628,37.0808237172314,3.1736552879123745,-0.009911464217441,96,69,95.80060236171543
4025,810.2010496310861,156587.78011837215,75338.22662119413,76310.8595362748,601.9852773076855,330.7564559222956,197.7521985169442,77.78292275714921,3.2747438715018133,0.0108974753019752,96,69,95.80373391906284
4026,810.2178143418224,156541.2258261374,75317.85126402472,76287.52595884897,947.5599602902075,469.94377383988467,285.1772972314502,121.43598126544384,3.368328196998003,0.0057765616797295,96,69,95.80687457135508
4027,810.2214182633205,156507.41935387012,75326.05792954989,76290.68531708923,1343.8924890752533,614.796379463296,376.22354184946744,180.41302912752144,3.4560348974807416,0.0035074942581705,96,69,95.8100243595354
4028,810.2383751211057,156390.35824887257,75342.79857570594,76292.99566827065,1733.3918335083872,746.3313576323562,458.7539682611532,237.2996547842049,3.5387825102181707,0.024799281545625,96,69,95.8131833243032
4029,810.2416898735842,156309.1691121037,75331.10757858625,76276.8199338628,2104.2822195411427,858.8764342622453,529.172520421198,303.43082104588393,3.615781695827255,0.0327979245389289,96,69,95.81635150610938
4030,810.2577330506297,156267.5054631213,75353.6561148232,76283.00277135668,2406.743609284633,939.8930809979211,579.6181427090924,360.778229840711,3.682264514737833,0.0305390008778455,96,69,95.81952894515292
4031,810.2613882898769,156221.1860747816,75325.69763123726,76294.92286843958,2645.564534541336,992.2241385569359,611.8748457362817,420.77423330492456,3.732222796758469,0.0383705246489153,96,69,95.82271568137598
4032,810.2783442702279,156172.69495079695,75341.98821974106,76272.28013453014,2793.7277345222537,1012.6457813911256,623.9575253819203,466.96518194451346,3.7567554346206697,0.0499473974699676,96,69,95.82591175446102
4033,810.281564877169,156108.7382091207,75333.71449186275,76287.85889854578,2879.7634954209207,1011.7053468910017,622.4451533421525,514.0940863521537,3.747193230214045,0.0609559487164414,96,69,95.82911720382532
4034,810.2976653914708,156051.83714538702,75315.09622322669,76272.07364331832,2892.3314010273316,990.4592501122825,608.1090157497674,546.6640723012679,3.697117857286991,0.0791020177614464,96,69,95.83233206861836
4035,810.3013615825338,156034.94001326375,75324.30434650758,76274.00804611579,2868.5131651738775,960.4863730814541,588.2296136243967,580.1622569017054,3.6024562013265693,0.0869340868642317,96,69,95.83555638771652
4036,810.3183042270522,155989.06329887794,75327.66535905362,76290.53547536714,2800.548443883192,922.0879610255361,563.2203837841225,600.1838320506795,3.4653455147025,0.1019163983171841,96,69,95.83879019972032
4037,810.3214397462583,155979.7511551572,75329.1690844328,76268.74591415524,2725.3201674820157,884.7657447745441,539.067328593519,623.9270008724998,3.291904306753464,0.11810216182531,96,69,95.842033542949
4038,810.3376033617546,155962.21538565992,75326.49715370323,76266.48957186351,2628.790259797417,845.6819200511236,514.1982410590572,635.8811694436008,3.0930157515964485,0.1061355619820636,96,69,95.8452864554376
4039,810.3413380657681,155933.0444761649,75318.15783421815,76284.05204484629,2540.6681663901545,811.1763757590234,492.4467134421866,652.1554680331901,2.88281532769199,0.1023797375129339,96,69,95.84854897493292
4040,810.3582552742392,155918.21404844066,75314.32093103814,76262.08161872742,2441.833325187501,776.2694632387138,470.7013031250099,657.0315409115283,2.6746264336456864,0.0911727378926109,96,69,95.8518211388886
4041,810.3613145938729,155890.31977074663,75326.60461196108,76272.87596393161,2358.3128986356314,745.7211962762085,451.5673278005852,667.3490006505162,2.4810772206554,0.0885377106754326,96,69,95.8551029844624
4042,810.3775483096633,155912.3401895036,75323.87910932583,76271.69802750244,2264.906314754626,713.0538982716826,430.9144656412536,665.9732644482865,2.3093430073377363,0.0666964320989493,96,69,95.85839454851126
4043,810.381315417108,155897.79600053746,75311.64227541647,76277.131733687,2183.3123645952437,682.3057198584575,410.9202840712969,669.2622525442566,2.1611759918036686,0.0440304440823519,96,69,95.86169586758793
4044,810.3981984605099,155886.80700529084,75313.34892650387,76267.2478057856,2088.018666509248,647.8047754555591,388.1578257085057,661.0912078333495,2.0328196190097945,0.0145715891953345,96,69,95.8650069779368
4045,810.4011894297175,155878.81954026705,75303.92708883558,76284.74933554957,2003.020300095959,615.2011794366408,366.08295432280283,659.6039144316455,1.9141885732713764,-0.0204604345758323,96,69,95.86832791549
4046,810.4175014190214,155900.8038628092,75313.28724942493,76276.64214686725,1903.9932904112502,580.3517063172185,342.6095064233523,648.0621928251057,1.793600528397371,-0.020898306358785,96,69,95.87165871586365
4047,810.4212912796444,155879.42813051865,75337.37146450556,76273.92671577151,1818.3441346032778,550.4157370134781,322.46203903033165,644.6427107697236,1.6580875495339351,-0.0279522327655063,96,69,95.87499941435335
4048,810.4381351067004,155892.1032615914,75321.2754680891,76275.62634946269,1727.552513054863,522.6817773665098,304.63887594250264,633.4932694084127,1.4978812558721657,-0.0373030113145027,96,69,95.87835004593178
4049,810.4410640570067,155906.6993412012,75315.60098766624,76286.68677143611,1663.3994768930133,504.64633360653534,293.9423701035266,633.4209882963623,1.3093922928978905,-0.0547422196904081,96,69,95.88171064524263
4050,810.4574640373625,155894.63333335292,75333.95990742893,76243.0844445928,1605.9707972041797,492.38680424056656,288.17898865244933,626.3288154415204,1.0951862250892466,-0.0585069266027594,96,69,95.8850812465987
4051,810.4612628054504,155869.12295750118,75329.24704673082,76268.21479618544,1583.6687630175147,491.6242379818286,290.3392016667931,629.649271619186,0.8670495573210708,-0.0352431148247777,96,69,95.8884618839772
4052,810.4780674271965,155879.17630183246,75306.6000884859,76274.58630688483,1572.707334350096,496.8177964241768,296.56136050474015,625.2950605686638,0.6422657846274937,-0.0323714472163038,96,69,95.89185259101598
4053,810.4809372588601,155862.84150645207,75333.36693790495,76272.2357745772,1595.7638855836121,511.8645675400476,308.3610486097459,631.0858909722592,0.4422366314789351,-0.0227324207608703,96,69,95.89525340100948
4054,810.4974386707205,155853.19599419826,75313.2182136808,76276.85140432345,1620.8604970554588,529.1189605831751,320.75016751751537,627.5214919387654,0.2889701646422463,-0.0311789680987704,96,69,95.89866434690586
4055,810.5012255020794,155830.3679923998,75338.08561959259,76289.3624965469,1666.2108969309484,551.1448740970227,334.9580951615644,632.8134548098315,0.1990740851338825,-0.0365670873746819,96,69,95.90208546130197
4056,810.5179992378474,155860.74282300164,75333.90489663713,76283.09241865535,1700.335433279688,570.0726760239777,346.50674798266846,629.1365847494744,0.1828201385640627,-0.0331564108857025,96,69,95.90551677644022
4057,810.5215815159321,155836.4391870655,75319.89054716719,76273.05003604958,1742.6830832109554,588.5103576138645,357.1091044416826,635.1682940578903,0.239418492441533,-0.0375233688140453,96,69,95.90895832420536
4058,810.5374435766707,155855.78636882434,75333.88515093554,76274.52957709251,1764.4141438890947,599.3092858243326,362.8250785332639,632.8144897952152,0.3580371708316524,-0.0428507204558345,96,69,95.9124101361194
4059,810.5411492191685,155791.64896629608,75330.95698580903,76280.2187066582,1785.835693141853,605.9213259172539,365.63735795914545,639.0307547995762,0.5199584405847558,-0.0413440765848188,96,69,95.91587224333932
4060,810.5580016551069,155811.5359910939,75340.97976541503,76280.59039494593,1779.8272614078014,602.720108051537,362.13992573620635,634.7069013754954,0.700266059023356,-0.0407201731452325,96,69,95.91934467665226
4061,810.5614450384601,155813.86550815712,75315.66890454515,76285.68633124839,1769.8700880774995,595.1528373699111,355.2603844127443,637.7998349164845,0.875121021538023,-0.0353389587471225,96,69,95.92282746647255
4062,810.5773777496555,155790.16003476694,75327.30255825268,76278.30407168284,1729.3929267986678,578.8105909620353,342.4327196176455,628.5073410596233,1.0238959686880316,-0.0363807149728852,96,69,95.92632064283752
4063,810.5811106299606,155791.9556097447,75297.89993833331,76258.41890974675,1682.2980706625385,559.7040000694542,327.4157856728707,624.2203043441114,1.1340466865820304,-0.0425724276597286,96,69,95.9298242354043
4064,810.5979770311006,155818.82120227363,75305.9448918535,76252.95199728964,1605.8205542930518,533.9493044420233,308.6223159201327,606.3406407916045,1.2033654361800383,-0.0557283027894508,96,69,95.93333827344593
4065,810.6013190237512,155809.5755250682,75309.59307026153,76314.85897622575,1529.6707051673438,507.9966826893942,290.59150197709096,594.8955211261055,1.2378298911675414,-0.0502841509479801,96,69,95.93686278584744
4066,810.6173084394082,155861.6634201269,75343.9964259723,76273.58370395552,1433.4871465589968,477.5851049122284,271.5762813835754,571.2604193352745,1.252137456396173,-0.0497380783026487,96,69,95.9403978011032
4067,810.6210832461705,155836.82069628892,75309.06662280559,76275.441895481,1347.042507625185,448.58393819615594,255.28120081327506,554.5676734372973,1.263733219816104,-0.0402313275762553,96,69,95.94394334731216
4068,810.637938671909,155859.89767111346,75326.76748678488,76286.60779682487,1250.6877595051192,416.68261832404824,239.0004229770857,526.4251502058178,1.289952112343932,-0.0327201859265784,96,69,95.94749945217504
4069,810.6411958661406,155871.97725519695,75332.27221501486,76286.46754998673,1174.0820284027723,387.9679650760954,225.57930202857824,507.03149571298854,1.344715726498937,-0.0348645947677825,96,69,95.95106614299064
4070,810.6572419904164,155900.1232795162,75326.54922501153,76296.33235828081,1093.2537014930276,357.6789272725873,211.3617028007866,476.7571609458246,1.4338866689413754,-0.0442959650881355,96,69,95.95464344665209
4071,810.6610616966607,155910.01387589934,75324.1872867248,76290.2749312775,1032.388044021267,331.3055131246365,198.74862266134005,454.7287763461354,1.556790706171667,-0.0405965916220805,96,69,95.9582313896436
4072,810.677889442824,155926.82195640178,75326.36479960238,76297.61025309429,964.9774772998062,303.95554201367486,184.45819360320456,422.2557427820284,1.7042066181436182,-0.0531624148861876,96,69,95.96182999803668
4073,810.6810742136465,155963.135812456,75314.61227111472,76281.34677497376,914.0395116632571,281.20624857160146,171.73330124857603,400.10506001801696,1.861281946393221,-0.0613942809037716,96,69,95.96543929748698
4074,810.6971806168239,155980.74602200245,75343.86231268854,76284.97232370348,850.514474449039,257.74636733667285,157.7541581366968,368.54894666021573,2.010617080416012,-0.0515714376590065,96,69,95.96905931323064
4075,810.7010432581002,155996.59854795845,75326.6441485898,76281.27754271487,796.4975066118059,238.90073074579414,146.01530065314728,347.05900419756654,2.133137728139636,-0.0529636325274186,96,69,95.97269007008096
4076,810.7178304679878,156017.10513407178,75331.4852690227,76302.45829471321,726.5635869496618,219.58359773283883,133.7874668808654,316.1009750269877,2.2134271505395104,-0.041730915501134,96,69,95.9763315924248
4077,810.7209541509895,156024.56894628023,75317.38881356486,76280.27568968416,667.2656785927247,205.11737244096003,124.27693498536246,295.43941780834575,2.2393372498495983,-0.0339891769936649,96,69,95.97998390421937
4078,810.7371252990037,156048.66073702625,75333.73904320905,76273.73087846432,594.4023892832338,189.23460951012385,113.69216900091851,263.5238732723228,2.204307956940575,-0.0458879089490435,96,69,95.98364702898868
4079,810.7410260065759,156067.34053322434,75313.54070996538,76301.8250477257,534.1622403328074,175.76387500049896,104.2216263654118,238.9706473282131,2.108270257901248,-0.0217407432185066,96,69,95.98732098982076
4080,810.7577624030667,156107.17281119217,75327.10285484005,76256.52240597433,462.47050479828613,157.4075553745788,91.59113326363149,201.65043581460486,1.955265607902916,-0.0129590775492746,96,69,95.991005809363
4081,810.7608362825032,156112.08357224675,75320.88384967197,76272.68699316654,403.1541966320365,137.60325323962024,78.1565130482195,172.1394060953462,1.7552892984118786,0.0789959062979127,96,69,95.9947015098205
4082,810.7770764257447,156159.8527195808,75322.1459342402,76287.28000745329,327.052491708193,109.4062772772304,60.20401907997439,130.37141494840034,1.52074018665556,0.3361432775243017,96,69,95.99840811295132
4083,810.7810083670465,156202.81664862848,75324.48176660876,76293.9298467078,256.0724656925304,78.8291081662901,41.76909538306063,97.93494670718792,1.2661764990505264,0.4077587392318983,96,69,96.00212564006448
4084,810.7976857955441,156181.41309027935,75348.48531841021,76302.73972278227,167.06437840254512,43.92926961799094,21.84233798677451,57.65862463720259,1.007550665560018,-0.1163999204202248,96,69,96.00585411201568
4085,810.8007214286041,156226.35275361652,75338.51418851846,76296.79963855974,92.6358649021713,16.701360661289073,7.5093387705564965,33.16403630794957,0.7588321944528537,-0.3230847637776446,96,69,96.00959354920438
4086,810.8170340126849,156252.9940562514,75329.96627051361,76299.75016377978,21.816624127619434,-0.0,-0.0,6.3516764034866355,0.53350869674132,-0.0018905442106505,96,69,96.01334397157116
4087,810.8209889685356,156261.48121852445,75327.82025469378,76279.89941983616,-0.0,8.620142032406875,7.737618321203627,-0.0,0.341198734892731,-0.0337457304831182,96,69,96.01710539859364
4088,810.8376012174009,156256.4483087215,75340.79302770122,76289.44516427722,26.210529913834762,44.81308828240435,31.58631256915396,-3.878562297730241,0.1879130386557043,-0.0309270534823417,96,69,96.02087784928392
4089,810.8406104893708,156216.58089584726,75303.63428528918,76290.84861530131,144.18010604393203,118.0836430129275,77.20023072016193,16.041412089398364,0.07630874628485,-0.0110021739491677,96,69,96.02466134218524
4090,810.856997798424,156168.6716167593,75317.56533596208,76271.42957839718,337.1621500052279,220.86913072466268,140.05050039375783,37.93762070056982,0.0036984116193635,-0.0337930397796676,96,69,96.02845589536894
4091,810.8609665956261,156147.54996983588,75323.12040550513,76291.39893430242,624.4817119778018,351.4233166580234,219.5166061767086,80.7472412409843,-0.0346064430964044,-0.0064147200043364,96,69,96.03226152643111
4092,810.8775093183071,156072.8440677134,75343.93257432402,76278.33153976465,963.3940179808997,492.3340602628159,305.3109916567919,122.62401965135359,-0.0465453535712227,-0.0135634929563979,96,69,96.03607825249004
4093,810.8805043688116,155997.92805683726,75325.72562274702,76279.61861731022,1348.3565107691102,635.3743479194964,392.7717792892654,181.86909504391951,-0.0410004378179736,-0.0060418583485649,96,69,96.03990609018253
4094,810.8969672969196,155988.77590024075,75323.74062111972,76292.46040036985,1719.2833469082252,761.3135439234757,470.0432706373831,234.62735416091164,-0.0257838508686519,-0.0005646950111588,96,69,96.04374505566147
4095,810.9009401768608,155901.30638378012,75318.45786535142,76285.27641304991,2067.6662032743334,865.8656438142352,534.3531508540764,298.84655866469257,-0.0086745145014449,-0.0084983872841189,96,69,96.04759516459266
4096,810.9174108439912,155820.4102591596,75321.64188949537,76291.65858505797,2345.383859987778,937.9757700881455,578.3832716651377,352.14014454139397,0.0059919155607871,-0.0029095372232235,96,69,96.05145643215133
4097,810.9204039262748,155776.92732074906,75315.89172974156,76277.46667916063,2562.571494085365,982.6581514298305,604.8655368536129,412.5511996758869,0.0152589857199207,-0.0004636768635953,96,69,96.05532887302002
4098,810.9369418323056,155679.31385304037,75305.7731666064,76291.96252299631,2691.686228012608,996.8526172403799,611.4459596487432,456.73933102280716,0.0182903798403369,0.0070267306709123,96,69,96.05921250138492
4099,810.940908788934,155648.40155152217,75307.91057710054,76283.54359763955,2763.389259347692,991.7008312248945,605.0284541364817,503.99224176304415,0.0165985870315572,0.0011847869691279,96,69,96.0631073309338
4100,810.9573066363369,155592.48099843442,75293.33249684967,76287.38105855386,2767.2543277688674,967.6719711561018,586.0067721035011,534.27864052722,0.0112330134394815,-0.0182957731877451,96,69,96.06701337485188
4101,810.9603099426704,155595.6071964251,75313.58890143443,76275.04819677983,2741.5504215522087,936.3370978795574,562.1667695578653,568.4006290576363,0.004861646269999,-0.0001416575605269,96,69,96.0709306458206
4102,810.9769205660975,155563.389726647,75311.9940818023,76255.12245126672,2675.7576416818774,896.4749777701509,533.2693144388322,586.2818850029144,-0.0009936746028498,0.010151501407109,96,69,96.07485915601336
4103,810.9808716679281,155518.66205520477,75288.73684808469,76273.9671467774,2605.291169395088,857.7940970586787,506.1177074991865,609.5359287685715,-0.0053664101878002,0.016134350225119,96,69,96.07879891709332
4104,810.9971976220244,155467.01260568612,75320.54472722863,76260.37208453576,2516.0917754188413,817.442721440646,479.2786431319546,619.3556552944065,-0.0071559385120882,0.0232618968064957,96,69,96.08274994021085
4105,811.0002230967731,155494.4711832584,75302.71265744617,76283.1651332611,2436.7759832004085,783.0488124168187,457.78487665408466,635.8400025592418,-0.0072363931596549,0.0187840372997596,96,69,96.08671223600042
4106,811.0169025205383,155498.15350628056,75327.8089593848,76279.98152846548,2346.3186458447017,749.4179890781234,438.0396372174582,637.8199974218442,-0.0055404123549466,0.016399885418118,96,69,96.09068581457808
4107,811.0208282239091,155421.14104865698,75315.22355182133,76280.02085177669,2269.53743325267,722.3777443747967,423.27510490320856,645.1657545519702,-0.0030502868324197,0.0214361308906117,96,69,96.09467068553845
4108,811.0370847927309,155437.36243414562,75297.91555047,76284.45902983597,2184.1580240152543,695.2714835230145,408.4872665483854,638.3512773847906,-0.000727673227605,0.0126813420004915,96,69,96.09866685795268
4109,811.0401439500779,155430.02889138722,75302.2267312505,76265.53493375824,2111.899912804598,672.2824375510681,395.7429080630245,637.2730632764578,0.0014809862293587,0.0066502679806617,96,69,96.10267434036513
4110,811.0568865990105,155457.22800450135,75301.4999268371,76308.95447445317,2027.9916801659856,645.8464875728678,379.7103207707405,622.5598453386629,0.0025109740766001,0.0003175125309889,96,69,96.10669314079118
4111,811.0607780576622,155468.73338394903,75311.55876734949,76274.57701864126,1954.9241994826589,621.0351976447419,363.58094548087684,615.8917501048709,0.0029119988648762,-0.0336891767514401,96,69,96.11072326671446
4112,811.0769691776501,155473.607895536,75289.95577361107,76259.19948284651,1871.09354835056,592.4414084176678,344.0185446594551,599.9866629129101,0.0026041048431388,-0.0711740085557943,96,69,96.11476472508444
4113,811.0800729407637,155450.46285699337,75295.99235374955,76251.31321580951,1800.4812991410145,567.1366653941805,325.95514567987993,595.2687999318296,0.0016041286829347,-0.1106989698696548,96,69,96.11881752231366
4114,811.0968716023556,155446.73929407384,75294.72195807155,76251.64027723756,1723.6886021240498,541.4091844598443,307.3129539756628,582.6326243448711,0.0008257123912126,-0.1544547689104651,96,69,96.12288166427552
4115,811.1007209803881,155471.0887156057,75294.7325805348,76281.55740555741,1668.6288905846304,523.6643900486815,293.8263058984303,582.0363682408351,-0.0002322599273682,-0.155034916458229,96,69,96.12695715630176
4116,811.116851807172,155437.55986283362,75310.38025903319,76270.21776075082,1618.9288056775695,510.3364354134974,283.3747565705271,574.6858839607157,-0.000802883555863,-0.157815809600107,96,69,96.13104400317968
4117,811.1200103893267,155445.97850229114,75291.5405597133,76285.16545980464,1600.1302636447363,508.0297651120636,280.48400175076677,578.5813732595125,-0.0010276844564692,-0.1614073314085619,96,69,96.1351422091501
4118,811.1368562374893,155441.36861688073,75300.34015066636,76275.3788022047,1591.381815953995,510.6560519051127,281.519477925729,573.8573308738705,-0.0011855957267987,-0.1514851788017123,96,69,96.13925177790487
4119,811.1406570400633,155439.83151898376,75322.17976721557,76272.20017029073,1613.841615901969,522.6587116222508,289.8031131758471,579.1849864458491,-0.0007318179795837,-0.1475668469652703,96,69,96.14337271258442
4120,811.1567336633581,155438.35670816948,75296.08559547806,76282.90284354797,1641.7927350024693,536.2001818332647,300.63797065164545,575.899570930429,-0.0005317726998236,-0.1426101386202113,96,69,96.1475050157755
4121,811.1599565222598,155409.64913404544,75283.41558034062,76256.67891763586,1689.2292006959324,554.0114389404771,315.9626941702445,581.2537119278277,-0.000104523926942,-0.1386650274321451,96,69,96.151648689509
4122,811.1768391100513,155396.0667348083,75311.15295268128,76283.56595783946,1726.163071125513,567.7181728676514,330.04387585716904,576.142720221018,0.0002698589062198,-0.1417891102377258,96,69,96.15580373525732
4123,811.1805865640117,155414.1115753306,75299.1533944357,76262.2571703124,1767.182019382075,580.9887108594703,344.42668354554917,578.8101438774611,0.0002739681760786,-0.1630859189448802,96,69,96.15997015393263
4124,811.1966156055414,155408.06914837868,75309.30925593965,76285.57241158701,1785.8368265549652,587.0692330608581,353.46542583493283,571.5269721559598,0.0005342958863486,-0.1751548814795065,96,69,96.16414794588404
4125,811.199911529409,155386.37263021056,75298.2085677236,76285.65357287988,1799.4553723746212,590.766002083692,358.94201786463964,571.3827178851352,0.0003188947576152,-0.1790465395962951,96,69,96.16833711089598
4126,811.216818680684,155414.50555084797,75327.19374522699,76288.92999240648,1786.1319307986414,586.5382025481667,356.34476167769753,560.7562271361239,0.0002472928632852,-0.2125368204092442,96,69,96.1725376481858
4127,811.2205102429879,155390.33440128597,75312.93050582404,76306.47407334295,1768.567895455286,580.2851030166785,349.357792188006,557.7490437841334,0.0001795334578045,-0.2090723903601146,96,69,96.1767495564018
4128,811.2364982387929,155403.495242502,75309.356223251,76284.81147518413,1728.0805801799288,566.8845598465268,335.432480484189,545.6188601563335,-0.0001308399780588,-0.2022559708200014,96,69,96.18097283362084
4129,811.2398756980444,155423.9788620483,75304.0529358089,76276.4170828639,1686.035519682744,551.6042004913907,319.3471072995744,540.6360790276958,-1.6414818424889585e-05,-0.2090574724989395,96,69,96.18520747734644
4130,811.2567931272131,155399.83302510568,75310.17059931424,76283.15525303724,1622.9490649260697,529.1756405620981,299.2276065994811,525.8047459480003,-0.0002189788999664,-0.2061375094635774,96,69,96.18945348450671
4131,811.260429333773,155418.0642927318,75313.60261600892,76285.30389962815,1560.9408545109327,505.45146047683374,279.97694551062887,517.9975309512229,-0.0001699551821418,-0.2080725539229586,96,69,96.19371085145266
4132,811.2763816205431,155415.7268487726,75283.31819219081,76287.41147341169,1481.5116241119686,476.03639824013226,259.2790936899837,500.99701227326295,-5.168665919347919e-05,-0.2107039656836022,96,69,96.19797957395582
4133,811.2798497704578,155430.94579493033,75304.28507959425,76271.2633839214,1406.1409727358841,447.1655392431421,240.99831729347352,490.2691335909185,-0.000177596346087,-0.2069408493215067,96,69,96.20225964720623
4134,811.2967599027896,155433.26767661833,75311.64276329252,76263.24419322958,1317.9694093616563,415.1843322848581,222.32924757990986,470.2354567811417,8.546252845584916e-05,-0.2098666849208404,96,69,96.20655106581124
4135,811.3003462866619,155465.73609574954,75304.35594866851,76280.55305418704,1240.8633048518677,386.8454079168441,207.03057737860945,457.33095092131407,-2.5626046708779173e-05,-0.2143372462492513,96,69,96.21085382379276
4136,811.3162643437975,155460.2171391861,75306.47957989002,76277.30965771874,1158.3095232340274,358.21542551346647,192.21245230559725,436.56488024408463,4.452178989036284e-05,-0.2019388514622938,96,69,96.21516791458583
4137,811.3198362495044,155496.3381026017,75308.40236527436,76270.2155354373,1090.6733412568574,334.59552745349356,180.9722081454238,422.3543974836357,0.0001380237202885,-0.2126893407628415,96,69,96.219493331037
4138,811.3367137964292,155490.96881905606,75314.99997358143,76277.27766342882,1019.0301128869178,311.01670787722105,169.98572840710403,399.70251920013106,-5.153740424948285e-05,-0.2266080735179415,96,69,96.22383006540198
4139,811.3402678955548,155494.51721789746,75277.82926261437,76259.78866791118,962.032107263396,292.08014381119574,161.87904701428488,383.18879878066946,0.0001376686367085,-0.2064227879672172,96,69,96.22817810934473
4140,811.3561379405431,155506.7281222169,75306.99672464794,76276.30777409654,898.8972697796999,272.3613425450021,152.9284311606898,358.28339948973735,-3.701237185464767e-05,-0.1973719581052264,96,69,96.23253745393464
4141,811.3598508462829,155553.1581911003,75303.72901479281,76292.46427244408,845.6624317928217,255.83452239824692,145.26488378012436,338.3511216547631,-1.7150330401678442e-05,-0.1879487952301879,96,69,96.2369080896461
4142,811.3766138089518,155553.09909983168,75285.14179726114,76261.77994625957,782.9422838899773,237.50001564279955,135.5916735426872,310.4087056684948,5.802736548819565e-05,-0.1905853802611797,96,69,96.24129000635564
4143,811.3794089973873,155572.84170361803,75316.02683209624,76285.6653750888,730.1531638932647,222.09186188259628,126.84576277760789,289.28890074792434,-0.0001319819263938,-0.205272326969978,96,69,96.24568319334143
4144,811.3960568265195,155607.32227246193,75311.64238558413,76297.24016458662,668.3474533192348,204.68935418195906,116.28065294533735,261.58382579358295,7.50485690896973e-05,-0.2090279278474758,96,69,96.25008763928068
4145,811.3998568577363,155628.44367698857,75317.75854917003,76287.03258575397,617.8148472998873,190.0980697129853,107.25966967258137,241.1020788300084,-6.993533225461535e-05,-0.214042883622757,96,69,96.25450333224867
4146,811.4164902579217,155638.8941155154,75331.2832181122,76270.8695742091,561.455503974692,173.78392722888384,97.49269082595129,215.16310139247798,-2.6183283974590956e-05,-0.2237805696451353,96,69,96.25893025971742
4147,811.4193292771016,155641.550845262,75309.21166494401,76281.03150389864,517.4269099315279,159.8326187911589,89.72717445759918,195.71933456193074,7.457248107734984e-05,-0.221701423335748,96,69,96.26336840855323
4148,811.436013636252,155680.81351919795,75326.87526448713,76282.9425856758,464.4102513825055,142.64135194008122,80.62634010112379,168.88585962576326,-0.0001039555754053,-0.2149444955013292,96,69,96.26781776501664
4149,811.439840971446,155713.17362966394,75311.67398026309,76311.46900887958,416.81749552552355,125.36203917932289,71.78855839863536,145.80899386972305,0.0001062124949341,-0.2169244732365663,96,69,96.27227831475966
4150,811.4563722779598,155696.60620611324,75314.59705418951,76285.36860229577,352.8875329254661,102.64987089032365,59.66854583550594,114.87220642378088,-4.023336017284776e-05,-0.2453103867543563,96,69,96.2767500428254
4151,811.4592476706565,155724.09714575132,75321.75122420584,76267.42940006674,287.25796435092343,78.3614039352833,46.183954907930456,88.02806863759179,-9.430914173139025e-06,-0.2294902422434384,96,69,96.28123293364617
4152,811.4759811472616,155792.44096166853,75310.18839612658,76297.95925684474,202.23548802634468,49.44536490320752,29.487855533516267,55.73122637308552,8.382410764285492e-05,-0.2134533388655031,96,69,96.28572697104204
4153,811.4798141077265,155793.95794549916,75288.73323027512,76277.45653886799,121.8683045245707,23.64964014632278,14.208219968189951,31.549548276118003,-0.0001062220004153,-0.1309609577276652,96,69,96.29023213822
4154,811.4962538222153,155812.55846761967,75305.22682247485,76284.89686329922,42.56293201970402,3.2200500224134885,2.017306473950157,8.729793783160858,9.640504150931988e-05,0.1245629240050514,96,69,96.29474841777272
4155,811.4991695628713,155814.96103119565,75312.61916137976,76258.59870902893,-0.0,-0.0,-0.0,-0.0,-5.0462968927366e-05,0.2032722945389539,96,69,96.29927579167676
4156,811.515954978202,155820.5892348481,75307.58444499287,76274.46825313818,-1.8971949523547664,18.267818040170823,10.92831111320993,-2.4924148221034557,-2.3179159591297357e-05,-0.3066226643950757,96,69,96.3038142412919
4157,811.51977825287,155816.10981612155,75315.99183781224,76273.64565704972,73.30906598607544,68.21663655007433,40.6173742042738,11.399152759084245,7.62395312512124e-05,-0.535464133036596,96,69,96.3083637473599
4158,811.5361338672834,155768.91853031004,75310.56710035075,76288.97058164302,221.78980281297117,148.59880313747271,88.43793707052828,32.58651635167189,-0.0001113693790721,-0.2100350838294163,96,69,96.3129242900032
4159,811.5390971319244,155746.7462590467,75326.21281133546,76304.95497888236,460.4614528642851,259.80106862167304,154.3480428069597,67.9091380945174,9.464072035083922e-05,-0.2196750759392178,96,69,96.31749584872394
4160,811.5559327083622,155668.01382026818,75299.6845423795,76269.52478266547,760.4428143857513,389.57980826128914,231.40006426273612,106.9574775674264,-4.620069723375628e-05,-0.2311660560749536,96,69,96.32207840240316
4161,811.5597341110953,155647.57100871048,75294.13734014797,76254.650735737,1114.6897185241687,528.8655459711881,314.0970307600801,155.74830012442544,-2.0908106013824408e-05,-0.1871977320016567,96,69,96.32667192929938
4162,811.5760125088167,155580.12907346064,75316.05708276568,76279.95593147873,1477.3389148709248,660.4113211936929,392.7196917777037,205.31070622743573,8.216851964217416e-05,-0.2091062287798132,96,69,96.33127640704788
4163,811.579031616794,155540.88145537706,75332.04673207317,76278.15468688105,1832.1021484347293,774.9407619249105,461.6776278410107,261.30832976361853,-0.0001078800893878,-0.1991192908725041,96,69,96.33589181265964
4164,811.5959124425812,155494.75787020713,75296.84502770656,76284.69875997087,2135.667533991509,860.4714390359732,514.3447626034322,315.34932722253143,9.57563480339245e-05,-0.1938074863236573,96,69,96.34051812252046
4165,811.5996821061005,155414.14198734262,75311.44262971288,76268.94401649352,2385.0377380680293,916.5830425235472,550.0859222269937,372.5874295840622,-4.394929513083111e-05,-0.1939036525544027,96,69,96.3451553123903
4166,811.6158902315574,155380.5679742615,75318.83069318318,76269.71328156315,2556.4961701375432,941.4677889202139,567.9659006028669,424.81582895925385,-2.3841427168872595e-05,-0.1821207605488197,96,69,96.34980335740195
4167,811.6189738303144,155314.48448996682,75302.84848483797,76268.26571213876,2665.254293213715,942.8837792999111,571.799982205368,475.52979073810275,8.181387526926837e-05,-0.1683749652905559,96,69,96.35446223206095
4168,811.635892437479,155250.78668542556,75312.10552380401,76271.59344218967,2703.507218344952,924.4975053298695,563.6909810384968,516.6513221339555,-0.0001096888673656,-0.1677275505078674,96,69,96.35913191024396
4169,811.6396227035696,155237.77213108452,75298.39035822173,76287.49131884349,2698.543273833464,896.1752603418281,548.5952490990603,552.3866239548952,9.377955308860096e-05,-0.1562690715748045,96,69,96.36381236519875
4170,811.655767624316,155175.27907512675,75309.99393361014,76297.46481664585,2649.6619880346116,861.0076328733412,528.4452865463536,577.4398409570276,-4.196151627417896e-05,-0.1416569044801417,96,69,96.36850356954352
4171,811.6589243752903,155161.6931821403,75310.0144605146,76288.33459849142,2584.4967891268316,825.9598487079784,506.7563752862188,597.8247280151409,-2.4617369063205013e-05,-0.1322233584685652,96,69,96.37320549526528
4172,811.6758709320937,155194.29693036876,75292.63773525618,76297.47018435513,2500.1788574430393,790.9485691918671,483.9372017122223,610.8667373856879,8.495046388251942e-05,-0.1238906773744358,96,69,96.3779181137205
4173,811.6795565947267,155170.40529232883,75304.05078441996,76287.29345019277,2421.1524545275606,760.1529735920194,462.0543561444647,623.5350734480598,-0.000108016559282,-0.1029032592616452,96,69,96.3826413956336
4174,811.6956451781023,155157.1976396607,75289.7841559249,76284.24979783662,2340.014209022047,731.5360043787805,440.59347849260666,633.2802866785787,9.368941010010296e-05,-0.0866661896294812,96,69,96.38737531109707
4175,811.6988838221564,155131.3339417994,75298.50894433634,76279.06015544977,2273.6151897957316,707.4733432358044,420.8086755997938,644.5093071295414,-4.06319134149384e-05,-0.0569606624825386,96,69,96.39211982957028
4176,811.7158459851893,155111.93065005605,75277.27284427591,76273.96032242221,2207.5075160174747,684.85244223279,401.90551936223346,652.5888601222832,-2.899477128640565e-05,-0.012927162191712,96,69,96.3968749198796
4177,811.7194849039591,155113.6972399846,75295.18395010456,76270.8648733677,2153.24919364549,665.3176881904801,384.95730070440914,659.8988828782458,8.206086629097134e-05,0.0132062674782098,96,69,96.40164055021766
4178,811.735523019995,155086.055517003,75304.75227277236,76277.35213291759,2092.9562668820145,645.4060493978031,369.12797408948245,661.7646313205187,-0.0001132419309614,0.0283172807882196,96,69,96.40641668814276
4179,811.7388529964824,155105.31688478557,75300.1161503058,76283.90479175544,2035.9853652333259,626.4470530041872,355.1620312225132,661.0040825317265,8.781110389100617e-05,0.0327419798370741,96,69,96.4112033005794
4180,811.7558151552199,155089.644442315,75298.40618276564,76275.15164439545,1966.744345034007,605.6153835462173,342.0975372524117,655.3267861864297,-4.154233676945494e-05,0.0203061235743763,96,69,96.41600035381626
4181,811.7594096158899,155152.41350928252,75286.3926449005,76290.47130381038,1900.4644519360736,585.6074217793066,330.6073805001215,649.5926323977765,-3.018571019867319e-05,0.02514091490363,96,69,96.42080781350792
4182,811.7754003341483,155145.93488428148,75291.68052909302,76288.12618530862,1827.8902409836883,565.3923309037054,319.9511030886206,643.2111660592782,8.860425644174488e-05,0.0309584947916597,96,69,96.42562564467306
4183,811.7788337108926,155118.43576594643,75299.76614110218,76288.91824095359,1767.7295249239542,548.9714520760026,311.0391094117367,640.504124233441,-0.0001034527767063,-0.0036638790879678,96,69,96.43045381169496
4184,811.7957745539977,155127.745038379,75298.98601119194,76297.59325358312,1712.743519390875,536.2266141730506,303.6698613712506,639.7837134854635,9.97284169483144e-05,-0.0326410429485008,96,69,96.43529227832106
4185,811.7993349018775,155119.62026597664,75291.89051282163,76290.54296517938,1681.3642930939677,531.0379103626619,299.19593698720564,643.1658413531259,-2.61500781179815e-05,-0.0553955533012724,96,69,96.4401410076629
4186,811.8152734474928,155111.49913753747,75278.24292603301,76281.1979310419,1662.9048689175397,532.0038860920467,297.66836352358223,647.2716180170537,-2.199095209469501e-05,-0.0851453152935748,96,69,96.44499996219642
4187,811.8188315409293,155103.01719811314,75276.02842989634,76260.71507088361,1669.4842390043195,540.5745994784374,300.10040538429166,652.6779357569176,9.243712639088168e-05,-0.1117029115040292,96,69,96.4498691037607
4188,811.8357146573665,155114.4412479304,75274.3948783925,76273.09402711122,1685.382481929264,552.9764638734923,305.8361895921116,656.1569770509668,-0.0001116964400465,-0.1274566892363328,96,69,96.4547483935594
4189,811.8392738697833,155101.23818032426,75309.7715665707,76267.10282669899,1719.2171192232054,568.7830223457422,314.7133410432725,659.0296365292743,7.819786224830265e-05,-0.1358033575540968,96,69,96.45963779215958
4190,811.8551241567983,155100.8429622429,75283.03555319649,76285.34566747451,1752.361767512164,583.2934210448293,324.80858068028465,659.5787911783555,-5.498229635088452e-05,-0.1341971615861866,96,69,96.46453725949247
4191,811.8588781301065,155110.24508649748,75307.86080168035,76282.78501301295,1790.6754115571966,596.073428447562,334.85316649559536,660.0766125415394,-5.9625270092160286e-05,-0.1319749332976394,96,69,96.46944675485324
4192,811.8755691480434,155091.94361426632,75302.0293863722,76284.84148870017,1816.0105740117724,603.6820113087306,342.59302482844214,659.6568799614615,6.160170259325058e-05,-0.1436651286596013,96,69,96.47436623690122
4193,811.8794345702497,155113.34530391358,75314.65211353294,76295.03399127634,1836.4851784027996,607.3682138426229,347.1850105758349,660.3539849646622,-0.0001294379840561,-0.1242636441019031,96,69,96.47929566365984
4194,811.8957121323435,155099.665334099,75292.09582804405,76311.90301829936,1836.8020181596512,605.1736470861215,347.5044506282429,660.5123185382981,8.354383813495706e-05,-0.1137630950885621,96,69,96.48423499251687
4195,811.8987214181112,155110.42566308283,75316.33985320656,76252.65908718882,1828.503873123438,599.2220040977991,344.1239546012075,660.7354774590349,-1.5840284819566617e-05,-0.1093220410983719,96,69,96.489184180225
4196,811.9155879921997,155110.37443391775,75310.39537716124,76263.77459126388,1798.8521249300684,587.7040867011092,337.2161489207938,658.2093832963146,6.045053146344777e-06,-0.098755332752965,96,69,96.49414318290168
4197,811.9193626133905,155096.29993591065,75297.09289223353,76263.88056692494,1762.6889449141454,572.6302656977059,328.17332214623457,652.9414281758654,0.0001514282904213,-0.0966307411327875,96,69,96.4991119560296
4198,811.9356043600256,155093.69623917862,75290.34177550764,76302.39101870981,1709.7534490420949,552.0612796802743,317.3672740015609,642.6255307902466,-3.813713229364815e-05,-0.0969000669010257,96,69,96.50409045445696
4199,811.9386514311147,155144.60652519687,75319.52730516846,76275.16240830987,1654.798762152146,527.9288866131828,305.7736813246447,628.4824471244065,0.0001505692891228,-0.0835276658805325,96,69,96.509078632398
4200,811.955574674863,155131.1500762945,75299.89267358837,76308.11864438815,1586.6058565821731,498.7552597316244,293.12506371713243,609.9932742796373,3.6926044421372056e-06,-0.0904608028988877,96,69,96.514076443433
4201,811.9593010397205,155191.16268393036,75283.87813049046,76321.94987743585,1519.8837093385519,467.6469946311554,279.92285634268774,590.0425548756612,-5.1267575206385976e-05,-0.1128373345132766,96,69,96.51908384050928
4202,811.9754849333492,155214.77041590822,75303.85069950923,76284.76672232336,1443.3150945453672,434.556955458218,265.81134934566217,569.050049534475,1.52644057559175e-05,-0.091351438222111,96,69,96.52410077594136
4203,811.978597087064,155188.96893487882,75281.6749792061,76272.60625477515,1370.3154494758346,403.5522114453779,251.58389877001173,549.7246265430585,-0.0002453141966768,-0.0699586055473403,96,69,96.52912720141131
4204,811.9955550745814,155206.999746289,75305.21482437127,76313.7542816809,1289.0108550075092,374.7888955669041,237.39948923460906,531.3247773662442,-9.168710620436154e-05,-0.0783403337067594,96,69,96.53416306796991
4205,811.9992365642104,155254.11011276452,75324.8616945128,76313.66733886894,1214.300929344201,351.67554422865214,224.49738789649564,515.0049577529426,-0.0002107456158708,-0.0668523013962429,96,69,96.5392083260365
4206,812.0153622908804,155285.28933015824,75295.58324738205,76293.39678758458,1135.8718065225985,332.7066665733,212.9736227139947,498.33380868681706,-0.0001737585411538,-0.0604335948839114,96,69,96.54426292540022
4207,812.0185541524049,155281.3548522668,75305.19628763299,76303.06303263924,1068.4312448368291,318.99350455441163,203.37542310950812,481.3012004671036,5.91363080402744e-05,-0.056558048226108,96,69,96.54932681522028
4208,812.035530328198,155265.11938429048,75304.09716785341,76289.69423013771,1000.8449859289103,307.0035343185882,194.67553429832333,460.99809531023493,4.308589244448927e-06,-0.0545159907348257,96,69,96.55439994402708
4209,812.0391682844313,155303.98345746135,75300.23924396765,76304.95146976541,947.1927900839364,296.88453038749867,186.4402561672032,438.20992825887515,0.000361422018636,-0.0458045029263716,96,69,96.55948225972236
4210,812.0552377771846,155354.53648394832,75297.45019643249,76303.11231393793,894.2500890417141,285.12283158281934,177.14939486500225,411.3692001271993,0.0003886154866233,-0.0398267279112303,96,69,96.56457370958064
4211,812.0585228802233,155395.7384534618,75296.01797309257,76320.81223649032,852.3795985811739,272.6802714533842,166.71804518907447,383.0855432484532,0.0004403845426998,-0.0504044824662741,96,69,96.56967424024955
4212,812.0754981184895,155390.94409212624,75295.93012567237,76287.98458156217,805.7308244029991,257.42256274951797,154.69606953876792,353.09201089982525,0.0005225362699219,-0.0538785184949866,96,69,96.57478379775092
4213,812.079098463763,155431.66099350384,75326.22715763572,76308.44005922224,764.8128956265282,241.95648088220332,142.507998003799,325.01015671456116,0.0001266851852705,-0.0413042026292905,96,69,96.5799023274816
4214,812.0951097260439,155457.63281392714,75299.29736945296,76315.13624623654,714.9476216819021,225.20032973618072,130.82402995828306,298.2478712333541,-9.232408332418424e-06,-0.0229996651794208,96,69,96.58502977421458
4215,812.0985067060483,155468.0920119351,75334.07365661483,76302.32456598329,668.1244101105258,210.01128268301545,121.41728956755833,275.498426896811,-0.0005309320040165,-0.0030180736318032,96,69,96.59016608209954
4216,812.1154519435003,155499.72378690765,75307.97851897575,76305.42557138494,612.5816227931646,194.92161585437134,114.2871131382417,254.34044330878532,-0.0009563260269011,-0.0235964925784404,96,69,96.59531119466438
4217,812.1190354630896,155541.4936722918,75333.47031104662,76300.02158807118,564.1559299304499,182.16762671919423,109.91146457003197,236.09923553458066,-0.0011017851416782,-0.0327019795888048,96,69,96.60046505481588
4218,812.134967271907,155514.9898424555,75303.17719788532,76293.94524047313,512.4008764447644,169.1933989241079,106.54964355757693,216.7425703991321,-0.0013364849806211,-0.0211888543634415,96,69,96.60562760484086
4219,812.1385246180954,155566.5306676581,75305.11949120383,76298.02575235731,470.87117983965436,157.02210685666068,103.19693947336054,197.02877853033715,-0.0008326528044473,-0.046898895905659,96,69,96.61079878640734
4220,812.1553532562457,155571.48521323834,75322.92191782244,76292.81260816929,425.35355550801614,142.1399818333157,97.22322396040545,172.9437456569285,-0.0002529916570963,-0.0438821386653501,96,69,96.61597854056608
4221,812.1590850907784,155590.78352110874,75309.33442732072,76304.42702885118,385.43698407756165,125.27652238005248,87.77815523376921,146.96510676684557,0.0007100899736813,-0.0220243654055174,96,69,96.62116680775094
4222,812.1756008978474,155610.29561753693,75321.0378581101,76298.92811389342,332.58609875070397,103.06871131142543,73.1727800759545,116.72881966011482,0.0019507610707959,-0.0345016344800225,96,69,96.62636352778075
4223,812.1784253239218,155677.16668559492,75304.15863542148,76297.31690515354,275.77663363172906,77.69440190229216,54.62582921507419,87.19842135312501,0.0026858836489102,-0.0149005643953479,96,69,96.63156863986062
4224,812.1953339421339,155689.52131578323,75330.10407239164,76282.72970138131,199.58234983193688,48.38102471541788,33.19475372863235,57.13191119642579,0.0033246020756808,-0.0021226708230393,96,69,96.6367820825827
4225,812.1990459584473,155743.94555327253,75313.0405853581,76275.7658353464,123.23128996806918,21.705847059114603,13.634858209872618,32.7607918609574,0.0028872656444882,-0.0176729441714957,96,69,96.64200379392804
4226,812.2154790121393,155727.60089888456,75293.60460957456,76299.12649841027,45.702546796004754,1.9572906874091132,0.2693906376080122,12.62146761637996,0.0015728059096347,-0.0020598246840041,96,69,96.64723371126802
4227,812.218357337097,155730.47390160128,75309.04700535643,76277.1458182712,-0.0,-0.0,-0.0,2.6437232065363787,-0.0004762021401885,0.1495832493244315,96,69,96.6524717713651
4228,812.2353099237852,155719.92361895053,75298.61710167599,76285.43787503464,-5.735420464829076,21.680153433146188,16.88243686716305,-0.0,-0.0034420520308896,0.4030904992006299,96,69,96.65771791037515
4229,812.2390019223279,155715.91528094397,75302.73955143822,76282.42395064823,64.41491023846902,75.85669164016144,55.031521883938694,10.658058854722185,-0.005975361408113,0.3270710020842865,96,69,96.66297206384846
4230,812.2553544502342,155703.50913119223,75320.63185048936,76302.99077000302,210.96401805832284,161.77321995736565,112.99693628164823,31.196948513475945,-0.0079468992635608,-0.2384993842285856,96,69,96.668234166731
4231,812.2582971696336,155701.11712833945,75280.86730521229,76275.32453150529,450.7852371899644,278.1082854143606,187.98463620545226,67.22011426172685,-0.008167634164203,-0.2512949926578308,96,69,96.67350415336674
4232,812.275287099721,155611.97569135344,75288.40810676891,76291.09098797986,758.2793032421032,412.66128798811405,271.7632984588563,113.29092613703688,-0.0059085141415525,0.0416208661954744,96,69,96.67878195749866
4233,812.2789502186032,155563.8602416868,75309.71002200163,76300.93704312519,1125.2846453522216,555.0863959523267,357.1525070908101,173.58126018513576,-0.0015365823080481,-0.0342473566809049,96,69,96.68406751227072
4234,812.29522916295,155486.08442738006,75290.51861116961,76275.4821255696,1506.4764913551044,688.5714665144769,434.6686934249301,239.90914863705984,0.0051655944774661,-0.0108379560190799,96,69,96.68936075022924
4235,812.2982449622916,155415.97854758578,75286.03206886005,76269.80596957119,1882.6721107270569,803.6815354520222,499.27432209627295,314.0861827315821,0.0122338416415263,0.0056881432353215,96,69,96.69466160332492
4236,812.3152638850408,155349.89692776132,75284.73022141363,76263.2640353375,2209.1762645123526,889.4625560374843,545.9969231379655,385.45963145338465,0.0180543291413689,0.0055449474053687,96,69,96.69997000291434
4237,812.3188914774852,155248.68870438708,75292.4745896183,76273.68189179646,2479.5041540405946,945.833009312686,575.6109988360695,456.0146427855361,0.0204654147913756,0.0049311218903571,96,69,96.70528587976206
4238,812.3351034467739,155197.30634240984,75272.73710225763,76288.30595013172,2667.7475364505663,971.5423021113966,588.3466205199657,515.8982346030534,0.0168991733624073,0.0019615315979218,96,69,96.710609164042
4239,812.338201708116,155153.01248578503,75283.33995761343,76284.29775849447,2786.464751357329,974.2509370148327,588.6402776823525,569.2543908297375,0.0070362871037729,0.008031449480957,96,69,96.71593978533976
4240,812.3552379214784,155108.59402657178,75326.90375539592,76276.79306170125,2826.8530065437662,957.3558670829807,578.4409482593619,608.4096113189589,-0.0091238056233068,-0.0061067319473862,96,69,96.72127767265437
4241,812.3588272187957,155088.68031449046,75294.69291342313,76304.41990404308,2815.857196858211,930.3436298546294,562.5299979104311,641.0816131191968,-0.0282489558535646,0.0014085763042753,96,69,96.72662275439994
4242,812.3749768025634,155053.1770511139,75297.21972447592,76272.44257295303,2753.538685486128,895.7446949488512,541.972188445463,661.7637788899592,-0.0445799262153973,0.0268015983299974,96,69,96.73197495840812
4243,812.3781691887569,155015.75242189493,75288.77578114478,76308.14844408109,2669.5560867039603,860.4758044565679,520.1129396794277,679.4261147592042,-0.0505770452868445,0.0218499310147796,96,69,96.73733421192996
4244,812.3952056045014,155006.55038446077,75280.36800263566,76294.3124068368,2563.5108959703357,824.0687882293278,496.57560605219624,688.4027721408638,-0.0356387652931306,0.0414691983540494,96,69,96.74270044163738
4245,812.3987609059435,155019.10562084816,75283.17323449672,76286.43250534349,2463.1902853142237,791.0015500826412,473.823226054752,698.0235921817075,0.0100795386292687,0.0594288182147859,96,69,96.74807357362631
4246,812.4148460873829,155006.01356973144,75278.57272956609,76296.73216903054,2363.2962300014915,758.7142691719928,450.8555374181742,701.5503283529542,0.0966482928486997,0.0667524700039511,96,69,96.75345353341808
4247,812.4181531438139,154998.62917053766,75297.95554352159,76261.69566772236,2283.17661030381,729.9524212751276,429.7285086036136,706.8829830576433,0.2318063535194457,0.0874008669535811,96,69,96.75884024596158
4248,812.435155958568,154978.03866794452,75272.49076558922,76293.28954520385,2208.849203280406,701.1961859480944,409.2452201840206,705.7969726886658,0.4192884043972392,0.1009660968483868,96,69,96.7642336356357
4249,812.43871422275,154982.8005937488,75292.49550793438,76292.70383241585,2152.4728655248764,675.1638325458043,391.5355169550021,706.401920292672,0.6601513739472084,0.1093762822823614,96,69,96.76963362625162
4250,812.4554922117788,154981.03113633674,75265.31292725819,76303.96549864832,2093.7850169700105,648.6174170822778,375.3141073085135,700.1715944261814,0.9499964001265566,0.1226975075128953,96,69,96.7750401410548
4251,812.4581348550673,154994.0369616126,75301.20965022928,76286.16083129217,2042.4589771950268,625.050777547207,362.7107685899682,696.1421242658398,1.2818156063101986,0.1149491495106097,96,69,96.78045310272742
4252,812.4750912407159,154989.03218922307,75302.20563910659,76316.71480396716,1979.1287276501535,601.9223422205105,352.2441182009061,685.8251396923442,1.645833060223838,0.1321636202101708,96,69,96.78587243339088
4253,812.4787088185597,155016.88282910342,75317.77702018937,76294.32981086415,1919.241127320507,583.5455869512516,345.8871882210369,679.3548913350387,2.030134363038981,0.1504086600558492,96,69,96.7912980546078
4254,812.4953579731489,155015.23930575923,75287.66444527525,76302.20861492689,1852.2411732276087,568.0406842723751,341.84026720543625,669.0546696946549,2.423933157264975,0.1514324297983054,96,69,96.7967298873847
4255,812.498068948252,155019.28364925206,75272.6345591825,76299.00176045224,1799.9391393408296,559.5814569940558,341.3463933948515,665.0851608174271,2.815925887873917,0.1462246078350993,96,69,96.80216785217448
4256,812.5150553752645,154977.50370516826,75280.24067225355,76288.29129093747,1754.5950800160645,555.5632443672221,341.7116197236319,658.5958461814153,3.197327031253579,0.1338218953081276,96,69,96.80761186887872
4257,812.5186808010762,154997.4229743271,75282.11659208231,76287.21627487357,1737.6485648659873,559.304692541773,343.7097528947488,659.6131628600415,3.561086077694251,0.0974909670275123,96,69,96.8130618568502
4258,812.5352316197225,155034.71158149457,75273.44777010157,76255.21117308256,1737.653153093357,567.2144397115335,344.7953731456073,659.0581638071744,3.901133594376102,0.0632991378377093,96,69,96.81851773489566
4259,812.5380017489168,154978.68309028904,75257.84886256218,76310.0855052563,1767.673085505201,581.0917324489274,346.318877548445,666.1254833205312,4.214029953798285,0.0505901492697766,96,69,96.82397942127824
4260,812.5550288586765,155003.73392891543,75315.74658148286,76287.6231024404,1807.0797566995025,595.8442191273498,346.67296071907913,670.1439175314736,4.495750354686926,0.042517683330656,96,69,96.82944683372
4261,812.558640062607,154982.21550146007,75309.91550000876,76314.91545096306,1862.558212486736,612.3905205627816,348.2802274751157,679.9917436240357,4.74355287383689,0.0309653794081585,96,69,96.834919889405
4262,812.5751075905233,154949.52832911807,75308.60159702231,76305.40203551446,1910.9956027973094,625.535495721284,350.1760404490051,684.8413095964643,4.954710765234149,0.0113883670156847,96,69,96.84039850498124
4263,812.5779382401658,154937.53843846952,75294.20970458412,76304.00733172218,1958.3170002316474,636.4293199155654,354.4140198100504,693.1817911692197,5.125766317191239,0.0287487745884214,96,69,96.8458825965642
4264,812.5950072146622,154968.78301397155,75306.12725258428,76296.4660512388,1983.8806209103786,640.7667433163442,358.90882428272744,693.8621695704351,5.254651369226496,0.0378605539229035,96,69,96.85137207973902
4265,812.5985888374997,154935.60200686727,75305.2293794266,76287.13322939312,1999.0119247678667,641.1522649539256,364.33368412383425,696.7349349482975,5.33801358351905,0.0407725569972347,96,69,96.85686686956338
4266,812.614985110221,154937.38276437134,75294.44106715244,76287.57910159124,1989.2794111030526,634.8253751916636,367.4371920402773,692.0345814015018,5.373479754994842,0.0540521334860751,96,69,96.8623668805709
4267,812.6178800695785,154945.37301348956,75295.0563267772,76295.29549226267,1969.2701107611647,625.1556327179278,368.1734643129894,690.0448555111361,5.358664653870276,0.0544844929404131,96,69,96.86787202677316
4268,812.634988225073,154964.9166839764,75284.49788013706,76292.98215172153,1926.7612502988195,609.743791747067,363.6359871367167,680.8132058186457,5.2905123660610185,0.058991809722083,96,69,96.87338222166306
4269,812.6385277254097,154947.4937507275,75286.2252553045,76308.69420378511,1878.175637520093,592.0411303782166,355.17402823793236,675.2329778741405,5.1676752611064165,0.0733457386538977,96,69,96.8788973782178
4270,812.6548650003926,154959.49273143345,75288.73336268478,76284.04998758194,1812.612695136224,569.5875544264854,341.8209429684357,663.4440228563035,4.988300490208378,0.0755783231530122,96,69,96.88441740890156
4271,812.6578271572515,154955.3795505678,75300.12281337577,76286.99114073599,1745.4977477494976,545.3983299694664,326.43937328096945,655.4745216717129,4.752945243656293,0.0828588111496046,96,69,96.88994222566896
4272,812.6749714364953,154963.37403894737,75289.53639302112,76308.1425613327,1665.7766101791058,517.081618773198,308.957652535697,640.7344445466588,4.464324220435226,0.0913272743378577,96,69,96.89547173996743
4273,812.6784551375426,154983.91847747518,75294.98389878399,76311.11133622972,1589.7205479623517,488.2384753887309,292.2556671774364,629.891700078093,4.126989083195844,0.0887518504447798,96,69,96.9010058627408
4274,812.6947517237401,154992.3344416519,75310.64782808498,76286.9620655286,1507.204610746412,457.3582720508566,275.5637331357866,612.8099676654674,3.749539296002765,0.0912589608401153,96,69,96.9065445044323
4275,812.6977727563841,155029.24942818133,75298.10488945649,76287.58641409513,1433.021288402495,428.40874982145033,260.498055666103,599.6449624348315,3.341537264575086,0.0989834116666385,96,69,96.9120875749876
4276,812.7149701923053,154999.88704686158,75293.579833668,76282.24511773039,1356.0851488417247,400.16130293653987,245.39628697404987,579.8350088122825,2.9150229469344,0.0956743048536,96,69,96.91763498385814
4277,812.7183295256708,155053.9693079491,75280.18562495155,76282.2577013234,1290.6428109633853,376.455523432116,231.55990901880432,564.1244083455531,2.482809462072565,0.0976078537892306,96,69,96.92318664000388
4278,812.7353799341561,155025.35910811313,75277.05730805821,76300.4743455883,1224.5924888050067,355.371949326247,217.57307282809052,541.8269747431914,2.0569087618240247,0.1119799380570698,96,69,96.92874245189704
4279,812.7378504286804,155078.16511117466,75276.8555686316,76268.43914821763,1170.6269089186098,339.4597962939006,205.18754106981214,523.8776548612514,1.6501360257740567,0.1104645135589197,96,69,96.93430232752534
4280,812.7548627344952,155081.28460826108,75287.2744328511,76279.09204349933,1115.0525215445668,325.4101494236529,193.4544722926512,499.3433570021589,1.2729749924009193,0.1065276197948591,96,69,96.93986617439492
4281,812.758349990272,155091.1840720137,75290.5662514419,76289.26858025276,1068.9986391119892,314.52170766313793,184.17372314128443,479.5121604561282,0.9353640306652116,0.1168267923897865,96,69,96.94543389953382
4282,812.7752427570896,155132.65277312137,75286.40375331306,76286.65351837724,1019.1849688870134,303.2016404135211,176.20321547760977,454.64876011101296,0.64534836969866,0.1093182508141591,96,69,96.95100540949578
4283,812.777779339287,155146.15261413675,75301.79147727943,76276.20257368126,975.5409346073866,292.6805260367255,170.43670954034314,435.97826006569085,0.4075321967346888,0.1095633900625819,96,69,96.95658061036282
4284,812.794821984234,155152.59711427346,75303.6920631661,76318.24380330429,924.2452774237609,279.9724125451612,164.80832502184785,412.83125938888406,0.2245619602471855,0.1227215373420014,96,69,96.96215940774944
4285,812.7983275788433,155186.7080652156,75299.31134996963,76271.25478839113,875.5992391613545,267.129940011946,159.53734413915663,395.880505254172,0.0939083465510111,0.1170461632475158,96,69,96.96774170680548
4286,812.8151271495605,155180.42972432624,75296.07257354235,76273.47750439482,818.5087403993821,252.31053010145843,152.76514664271963,374.5613769587944,0.0100298712284569,0.1004367600469082,96,69,96.97332741222002
4287,812.8176938909652,155194.92319978817,75293.41855985929,76283.20979453124,764.6576370363473,237.94828972521645,145.28076136801974,358.73471949939267,-0.0356967846282182,0.1006214378622747,96,69,96.97891642822498
4288,812.8348032893715,155222.34861608534,75310.77710757699,76288.99450105916,704.7811037224601,222.4018602125434,136.29252292762976,337.0267468803795,-0.0544941113873862,0.1075444651091559,96,69,96.98450865859796
4289,812.8382816880365,155218.58364421403,75291.31232261537,76290.87435397663,651.9419758304139,207.94748399827222,127.46270005081897,319.5685201889137,-0.0561116244615537,0.1108595895269279,96,69,96.99010400666666
4290,812.8550248206091,155273.95952258582,75288.71502937826,76275.88093333013,598.3158724649111,192.97799687206862,118.62962039615377,296.0834043189825,-0.0496557066245645,0.1222787562483469,96,69,96.995702375312
4291,812.8575971950372,155262.7620357869,75287.63416355247,76280.92031892091,554.7463663198869,179.1986613629997,111.14329726414871,276.59290316942497,-0.0399716534995226,0.1331877057304729,96,69,97.00130366697212
4292,812.874808777135,155287.135866985,75310.08286018047,76277.47920674842,510.2594886725419,164.50039163137262,104.14324673137162,250.3464178541326,-0.0276148524888048,0.1209281300002043,96,69,97.0069077836456
4293,812.8782022114441,155326.50978474476,75300.11902509972,76302.42325974269,471.88033780350816,149.7663932024734,97.77964324108325,227.40925860049902,-0.0099493047123182,0.112993409688628,96,69,97.01251462689548
4294,812.8949559487432,155338.64389468083,75309.7783288728,76285.63434860563,426.3512674905942,132.35224729358742,90.15732596532325,197.49580322226393,0.0201163266460052,0.1029393142718653,96,69,97.01812409785302
4295,812.8974528053888,155370.8122718471,75306.66451120778,76298.15137650298,378.05605542549165,112.48247259494383,80.44419671365176,170.18453061534092,0.069795911688191,0.0797438410473677,96,69,97.02373609722136
4296,812.9149184337388,155375.91254170184,75275.56971241607,76302.74909680485,314.4304742438835,88.0768716607854,66.87040056296973,135.16263920426718,0.1466263411220876,0.0930800105538161,96,69,97.02935052527926
4297,812.9177986979648,155421.95505420302,75303.69214807767,76275.16208720069,244.0333272278658,61.21142451777996,49.86346652969951,103.63549183961004,0.256015053226955,0.07441539205668,96,69,97.03496728188526
4298,812.9342102786464,155460.8203178571,75307.76557577013,76296.86952057094,162.55958671594271,33.47797041380545,30.471710200159578,67.5852463846386,0.3989283123617737,0.0628412210195764,96,69,97.04058626648076
4299,812.9375631228085,155475.12655222628,75301.2096319015,76304.46206582405,86.92652678041486,11.062733294733334,12.44337980763521,39.00224711015471,0.5735541529845467,0.0792313994021517,96,69,97.046207378095
4300,812.9548078561484,155503.7843715136,75287.10321107162,76275.95782476586,24.276502375723794,-0.0,0.36782140340073965,12.112436573632294,0.7727305953446263,0.0717562409791721,96,69,97.05183051534802
4301,812.9577264488447,155516.85766966245,75320.2269557448,76277.88158362423,-0.0,8.834462032085867,-0.0,-0.0,0.9868442167038028,0.0463560293995783,96,69,97.05745557645524
4302,812.9741039599264,155512.5324906281,75276.3602733828,76262.63257694597,25.42987107753288,43.19620309598395,15.981067207583692,-3.568782788264798,1.204578551995663,0.0795588713301663,96,69,97.0630824592309
4303,812.9775705831378,155495.85907125802,75296.51765977283,76296.01571354858,121.75015605491353,107.16271964687621,51.248197101202095,11.986278022901388,1.41355981070853,0.263695660399274,96,69,97.06871106109278
4304,812.9947369008372,155496.56422419634,75293.08524086577,76271.35634558607,290.3401543519576,199.15300812119676,105.68262060097186,38.323739580315305,1.60439778718924,0.4705693241518669,96,69,97.07434127906538
4305,812.9976255838363,155396.58036302432,75287.2163654519,76288.4924747558,534.9346621637233,314.0050850888656,175.97406953861355,83.07661653892137,1.7694459727317642,0.1944291094307919,96,69,97.07997300978454
4306,813.0140224540494,155360.88297118584,75283.80194166524,76246.36308717765,836.8320601842133,441.7772269059933,256.25915233648266,134.80714871440432,1.905758077685048,-0.3121611804692677,96,69,97.08560614950136
4307,813.0175673394227,155291.6463248453,75276.43757667378,76279.16159238652,1179.642964585626,571.3063664658839,338.8514252277819,198.26106132080895,2.014717900464006,-0.1017398581159911,96,69,97.09124059408651
4308,813.0346669462336,155229.05971520414,75299.78086377919,76272.36191560197,1531.597071305674,691.1013854801276,416.311319795117,261.59762468386907,2.10040258538699,0.0462554502366476,96,69,97.09687623903406
4309,813.037517536503,155173.36831783564,75292.35385792736,76301.04013468116,1870.1443618397461,792.28406976322,481.8690373964928,329.7775245383673,2.1707360954687216,-0.0419643025226205,96,69,97.1025129794656
4310,813.053953756119,155084.3832807379,75293.76602514759,76276.29990218168,2166.669856392895,869.1709612816048,531.5418206713075,391.6815176898672,2.233222566588818,0.0105745374468868,96,69,97.10815071013522
4311,813.0575600935333,155029.80861230457,75280.7264362861,76277.12718548656,2408.089403642807,919.8843514155888,563.0782933284936,452.96827507502167,2.2953317037559056,-0.0238198767170721,96,69,97.11378932543236
4312,813.0745925656992,154990.96765312174,75285.73890788775,76285.92592140194,2581.355578672199,945.8341894479236,577.4388452686981,504.5907268735464,2.362667190791168,-0.0191618551397783,96,69,97.11942871938749
4313,813.0774072982845,154927.17060868794,75290.36223105242,76275.26529215167,2689.1072806371376,950.3734844091523,576.4243739194353,553.5242778641114,2.437108563340526,-0.0192807619875425,96,69,97.12506878567544
4314,813.0938950153388,154894.3471988521,75293.95226134118,76282.35497977263,2733.2681712385966,938.394316009857,564.1586489748588,591.5899299642479,2.519129604104826,-0.0317597724669411,96,69,97.13070941762018
4315,813.0975498091545,154837.42305906676,75273.45483113341,76266.41657971231,2727.3947751572705,914.4673128220747,544.0258658883249,626.1656957431696,2.60564792228039,-0.036215472948839,96,69,97.13635050819872
4316,813.1145122442103,154807.62426050476,75260.17940021762,76264.04162383774,2681.8008368700976,883.5501943571289,520.6029001841671,650.6667265692377,2.6928676922488504,-0.0479462219501328,96,69,97.14199195004612
4317,813.1172973074385,154794.09299527114,75271.92362080356,76259.90878242164,2613.337952001544,849.1727986176556,496.45110111744725,673.3057752363966,2.7767173910840475,-0.059081474950756,96,69,97.1476336354592
4318,813.1338449950191,154792.71191145945,75305.39309879801,76284.39447430639,2532.736768284638,815.2245972409,474.82925660177716,687.9921736338292,2.852376408565866,-0.0760118058985714,96,69,97.1532754564014
4319,813.1375361808807,154765.46418349093,75265.4571289936,76284.90669589383,2453.3449756116606,783.6590059500741,456.29251195502,702.8244072744856,2.9170234848717858,-0.0890653969746797,96,69,97.15891730450682
4320,813.1544255977909,154760.46672873182,75267.80198862794,76289.02675194609,2381.051930824702,756.7752327464987,442.07152883651725,712.275287704455,2.967189699206058,-0.0983172840993973,96,69,97.16455907108504
4321,813.1571892398329,154725.16480091374,75263.29841438784,76304.93068801211,2321.4633600956877,734.4450572464993,430.71161746991856,723.7875698861608,3.000538540905008,-0.1152743138039524,96,69,97.17020064712582
4322,813.1738028455549,154733.08854793577,75299.21351052645,76295.26240039959,2272.7890028968104,717.1443152500578,422.18375059840037,730.9003707901284,3.015297496259408,-0.1300253665395669,96,69,97.17584192330274
4323,813.1775185199785,154700.37948722352,75263.5344739211,76278.50398920539,2232.9005434948485,702.8426379915181,414.20790399784164,739.9835745847377,3.009065870668774,-0.1173039465052522,96,69,97.18148278997852
4324,813.1943327514487,154713.0458093964,75292.52698388962,76306.03176554888,2195.5044713875395,690.8687162611022,406.7309978983103,744.784125545586,2.9814592771058326,-0.121138653034584,96,69,97.18712313720944
4325,813.1970844333496,154715.19738989737,75267.01667062604,76293.13491122516,2156.2081510082935,678.7124167487054,397.95778909714136,751.2896008763346,2.9317746606410573,-0.1157475314707344,96,69,97.19276285474947
4326,813.2137677783629,154688.24867295902,75277.28899911857,76300.0471297111,2110.80942369235,666.5035357313755,389.00497592051397,753.147350399784,2.861141890340282,-0.0987412880689136,96,69,97.19840183205557
4327,813.2174960321302,154703.34184900264,75260.0569080668,76273.3380804103,2059.119160347909,652.9451332723693,379.121531267534,756.2961762458435,2.772142770662191,-0.1098660483517704,96,69,97.20403995829192
4328,813.2342341345042,154694.6102239497,75298.51276730919,76299.6655530724,2003.4192480464699,639.7687725349824,370.31161423122103,755.4444581964635,2.667207023786061,-0.109431408146143,96,69,97.20967712233433
4329,813.2369840149521,154668.32179611194,75277.4294509787,76273.94980934662,1948.6326928277267,626.8765321421815,362.2002937188081,756.7748142586788,2.55041973426996,-0.1010605899348446,96,69,97.2153132127754
4330,813.2537389595527,154674.25091125275,75294.07820500212,76293.17151945793,1900.9134185546427,616.8984761333559,356.9430219656497,755.3778591505834,2.424124421266064,-0.1141808316630465,96,69,97.22094811792932
4331,813.257467934546,154698.37538583763,75273.12047648338,76274.81412629853,1865.2885977406986,609.55567409996,353.7189283851476,757.5214340930106,2.290190710951778,-0.1301253989913637,96,69,97.2265817258358
4332,813.2741303910528,154708.04153467002,75277.40008957901,76273.7166087711,1845.7740758531727,606.7323243267601,354.09047123623895,758.8878634328721,2.1494749716575745,-0.1449519555129946,96,69,97.23221392426552
4333,813.2768889399671,154655.16841615346,75255.05022252593,76298.5659914152,1842.31594440568,606.9333933519665,356.5386244763358,764.9536281857581,2.0008237804448537,-0.1789285150347467,96,69,97.23784460072508
4334,813.2937154756742,154667.37231802574,75272.12363215402,76279.46442460033,1853.9474221065175,611.1199210152408,362.0923956850311,770.5100732904102,1.8443179786144088,-0.2176496151837398,96,69,97.2434736424608
4335,813.2974335176659,154657.02003286913,75261.20656977073,76259.03659606779,1875.5534411564586,616.8345758979849,368.37914154684404,779.916463570873,1.6796604400588142,-0.2623614594229764,96,69,97.24910093646452
4336,813.3140223287594,154633.01472068366,75270.864385041,76281.62108395505,1903.4568763074349,624.5585527444637,375.6053849982127,787.7836051678169,1.5089386367062134,-0.3092254975240027,96,69,97.25472636947796
4337,813.3168000010545,154631.06644086257,75264.8055504154,76275.3787020135,1931.0997533147456,631.6641609421931,380.8096912032488,797.6613309399982,1.336826255857893,-0.3093691099351924,96,69,97.2603498279978
4338,813.3336963285927,154630.63113649772,75272.88717852013,76304.68152930093,1955.7079775582533,638.9216803386953,384.2881291532831,804.0099133746698,1.1690209826423512,-0.3025090084845341,96,69,97.26597119828028
4339,813.3373921832379,154641.4893277086,75276.27514963076,76273.02507830058,1971.6561464442057,643.6661826807976,383.5552601120726,810.3011943746533,1.0137776477087974,-0.311453991235512,96,69,97.2715903663462
4340,813.3539108817627,154602.17651648412,75282.9295639054,76276.28962487783,1977.9498490588157,646.5796550244122,379.96312367542123,811.7503686346463,0.8777925016509593,-0.3061834490471145,96,69,97.27720721798624
4341,813.3567178263698,154622.11720969304,75295.78466397428,76284.83018444273,1970.2091537402011,644.824702679558,372.3889506564592,811.7907365205465,0.7663647375893803,-0.3014221616385287,96,69,97.28282163876504
4342,813.3736804441692,154611.39052285536,75258.8221627483,76284.47633762001,1949.483469707484,639.231113961665,363.5339325233217,806.204520742991,0.681852521134307,-0.2995707118777641,96,69,97.28843351402725
4343,813.3773434700354,154615.50577672725,75289.42954421356,76280.83936644655,1912.8141303496086,627.129384147207,352.83549175762164,798.9737170645967,0.6216733226558178,-0.2982648851325673,96,69,97.2940427289014
4344,813.3937970788562,154647.88444826088,75284.24879326207,76297.38210519956,1863.5911066380795,610.1125847048243,342.85452380235074,787.1188640583132,0.5810870630933075,-0.2959567493130789,96,69,97.29964916830568
4345,813.3966428745848,154635.76120148017,75268.2618069797,76295.45089558735,1801.1649264273583,586.8275507577055,332.3183096373541,774.8287751171156,0.5516838287785779,-0.3075607022414585,96,69,97.30525271695274
4346,813.413666688497,154668.32731476822,75275.91879992826,76294.44488792976,1731.9903910476132,560.587127636114,322.81903229636373,759.4809730110865,0.5247819062558653,-0.3070538483947435,96,69,97.31085325935466
4347,813.417287071478,154688.81653977718,75299.76017815353,76299.68157511759,1657.1171546323458,531.2323813240946,311.93837305679335,744.9003636267444,0.4930136591829956,-0.3013516741769155,96,69,97.3164506798281
4348,813.4336820139207,154704.38036208678,75277.10818488446,76296.46964149641,1584.0661696875468,502.72674635224394,300.6476796507486,728.270127519645,0.4503645955519191,-0.3159525451911881,96,69,97.32204486249884
4349,813.436575429838,154680.88859728805,75299.77574762757,76312.17883574119,1513.070684236649,474.79194583708886,286.7575432372687,712.2264631226426,0.3955532404275615,-0.3125815577996521,96,69,97.32763569130816
4350,813.4536538891716,154724.3895530323,75278.26989400687,76274.46657790628,1449.7585206687218,450.56003234961827,272.1805017776787,693.4988410114311,0.3295292994621269,-0.3133834928786334,96,69,97.33322305001644
4351,813.4572228460693,154748.2943060092,75297.84720507872,76285.4195310491,1390.4041036827257,428.1105713168945,255.74288846322452,674.3498052675568,0.2565794503386858,-0.3277673517112762,96,69,97.33880682220943
4352,813.4735668187212,154756.27177696372,75273.22432469591,76307.39617398255,1336.9941485017189,409.0540216861409,240.27861855679657,652.1052553822519,0.1830668718005469,-0.346542435493499,96,69,97.3443868913026
4353,813.4765155962327,154793.86778574996,75271.85189908881,76276.59793411814,1283.0189434895874,390.59633117029443,225.18410128063988,629.1350512360514,0.1145966713706516,-0.3404325354094263,96,69,97.349963140547
4354,813.4936408627952,154817.69262406148,75282.63255421852,76301.4823592304,1230.0875198917347,374.25890166911995,213.2009577342542,603.5625467729697,0.0572659593026022,-0.3512753573973088,96,69,97.35553545303384
4355,813.4971508172258,154842.69195564216,75288.27343770379,76284.35428938204,1172.5614745650673,357.4504805499164,202.80485127630527,578.0604328575137,0.0141161111672026,-0.3670387826375388,96,69,97.36110371170004
4356,813.5134526441961,154856.06096918642,75297.2326243355,76296.2650036647,1114.9474057346233,342.23583262403554,195.52493317055632,551.3829641262128,-0.0136545215765865,-0.3377403187271537,96,69,97.36666779933329
4357,813.5164632833762,154883.80247165763,75310.26049903753,76297.29976988173,1054.7260836028727,326.59655593457865,188.82859696328524,525.9231736089278,-0.0267118082629748,-0.3490414197370143,96,69,97.37222759857735
4358,813.533626461528,154918.4179236816,75307.44798472429,76295.83484717533,998.8055313287769,312.8296981505555,183.58984803056228,500.6312175710045,-0.0286021988229006,-0.3417793746218583,96,69,97.37778299193748
4359,813.5370711416322,154926.2032275715,75299.94463568146,76318.96095297602,944.2852602518979,298.5669403471402,177.0347854695865,477.466246830445,-0.0224370464140476,-0.3404114206652963,96,69,97.38333386178516
4360,813.5533406828222,154971.78056048654,75305.88807463016,76295.71175470515,896.4052374186576,285.7780209217017,170.4565837184782,455.26186363690067,-0.0126499785692686,-0.3643465885032029,96,69,97.38888009036393
4361,813.5564181327245,154949.8418413069,75311.65985985097,76304.03520875922,849.7550709391944,272.0720070197858,162.04439396521775,434.96798628324177,-0.0026623273074796,-0.3526784643165813,96,69,97.3944215597946
4362,813.5736097182784,155036.8631728114,75282.42926808949,76297.38773625446,807.7177755731391,259.5442319593276,153.97239896850078,414.86772798054153,0.0055375310717462,-0.3419448685008047,96,69,97.39995815207996
4363,813.5769839152483,155027.9598900327,75282.37816906432,76295.09749464146,763.6445887463051,245.85042719535704,144.8653930395667,394.8163325007772,0.0100030318659178,-0.3482191381675658,96,69,97.405489749111
4364,813.5932324530708,155015.5690823639,75290.69032514673,76302.8199228802,721.9709338689572,233.3312057381845,137.0311055726197,372.8246459912043,0.0112984402685266,-0.3422927170971435,96,69,97.4110162326716
4365,813.5963790000782,155071.51410310296,75309.48983896476,76295.24319605496,678.2942168601439,220.03193899146572,129.12354072683956,348.43095299534616,0.0096477904689575,-0.3283207324191398,96,69,97.4165374844441
4366,813.6135907940952,155077.6329237402,75314.26992265173,76296.02040818837,639.2275759257027,208.36677370606048,123.16123664885527,320.6276209533971,0.0061557189487513,-0.3075920140419433,96,69,97.4220533860148
4367,813.6168874427041,155115.59969009363,75304.35548262749,76303.65902131546,600.3179199293954,195.90384335319686,117.22717977495631,289.84183772164397,0.0024567289604646,-0.3099467732190432,96,69,97.42756381887892
4368,813.6331332868908,155162.37377669234,75304.87870654804,76313.81172610205,566.5639484550338,184.31600376954884,112.65739444227074,256.6493312708044,-0.0011676979576022,-0.333914946116617,96,69,97.43306866444664
4369,813.6363356902601,155205.29563052187,75313.56839242592,76306.20516615742,530.0994007347617,170.32385637567495,106.85345209253137,222.13307227782207,-0.0033768983891302,-0.3537060191271987,96,69,97.43856780404774
4370,813.6535975580014,155232.39494105778,75291.31013807756,76294.07663596493,491.78663511236664,154.59330247268372,100.2528923022619,187.43679109826917,-0.0043698902495943,-0.3584865667204515,96,69,97.44406111893731
4371,813.6560332445739,155266.94522744042,75309.73461541567,76307.98871315514,439.966720664117,133.11672706152603,89.49679415754508,152.88035295472946,-0.0042830152986282,-0.3528184630614116,96,69,97.44954849030208
4372,813.6729504232554,155305.0251286861,75295.05748033115,76313.48758175717,376.1503405877738,107.37279246879916,75.29794624540955,119.3934694211348,-0.0030152832265828,-0.3519770728726806,96,69,97.455029799264
4373,813.6763773949061,155321.31842314976,75291.95331379992,76291.18184230213,293.3330819371622,75.76238235057099,55.805872991506476,86.78797445617965,-0.0017331149879114,-0.3597451051001634,96,69,97.46050492688732
4374,813.6934712681934,155338.33420571394,75289.68429096647,76292.01681417142,201.99499207152985,43.67091635275574,34.44113668630598,56.75142542255344,-0.0001577372446313,-0.3458025930912045,96,69,97.46597375418352
4375,813.695948211951,155373.95458270048,75310.50783693303,76294.72708974901,107.70099275762914,14.832855356522487,13.377100400015479,30.074169151921524,0.0009817186358628,-0.3399591147335593,96,69,97.47143616211636
4376,813.7129046514685,155409.64194989143,75278.05575483985,76287.50395129032,34.97077756177168,-0.0,0.22920245685963891,10.55742713122163,0.0014937161333817,-0.3349473741581513,96,69,97.47689203160802
4377,813.7163586278137,155426.73297142595,75310.88609004304,76289.01986440153,-0.0,6.27457208976557,-0.0,-0.0,0.0018288904763004,-0.3290734626300181,96,69,97.48234124354433
4378,813.733374986505,155434.47414525523,75315.61986120985,76296.49853810985,30.98405308497604,43.85522191601922,20.14207814002293,2.5522236880788114,0.0013655364218717,-0.2239487792540875,96,69,97.48778367878022
4379,813.7358396192541,155405.09772349105,75311.20763985094,76285.28536652596,138.72743744094623,114.8850789598946,62.21686061681248,18.352460954891285,0.0009627061878084,0.0300848146047438,96,69,97.49321921814504
4380,813.7528902124395,155375.84251750848,75284.86612690384,76277.9363693062,336.9490158323897,220.46881549508544,127.1758249963168,49.46141327053192,0.0003886019706162,0.0656131664750274,96,69,97.49864774244874
4381,813.7563089126369,155331.34660499077,75294.03719930853,76308.74303844749,613.9310109104263,351.20305089466274,208.49502405634848,92.55526773128076,-0.0002555418288958,-0.4742661037299614,96,69,97.50406913248678
4382,813.7733021619481,155247.349919855,75306.94609773491,76298.1983651119,957.7758449596586,497.0101131489064,299.4651486334624,146.94335112939007,-0.0004021496421989,-0.6296527907126646,96,69,97.50948326904572
4383,813.7757002748216,155210.68995831464,75292.90684777091,76273.49952027715,1334.165182894445,641.1337736386777,388.77892670041183,206.9949389147805,-0.0007420686055047,-0.3039924073625773,96,69,97.51489003290928
4384,813.792933147753,155160.80568168405,75284.69875988497,76304.61978386377,1716.9462183649885,771.8606605914829,468.850948062478,271.76061318433494,-0.0006013483551843,-0.3532158141498618,96,69,97.5202893048634
4385,813.796161398152,155101.9591105523,75306.9296619957,76290.90963844322,2067.457824729092,876.538558262866,531.3327236357436,335.46753507090034,-0.000426243844908,-0.3553846572569017,96,69,97.52568096570184
4386,813.8134843727319,155029.2090943087,75261.88708698808,76300.89330309546,2366.172280320374,951.780070451874,574.2931156916602,398.20765012930497,-0.0003408129808755,-0.3348229273523296,96,69,97.5310648962322
4387,813.8162790463173,154976.4721380774,75279.56407809978,76296.56195817399,2589.9587756034452,995.121004584551,596.3088931965322,455.0600616906304,7.786489922661865e-05,-0.3614571735708362,96,69,97.53644097728083
4388,813.832759596158,154926.20833687996,75295.19492225711,76289.96479049526,2739.718887517869,1012.2321332574647,601.6382151735306,507.65785230338224,5.6542939532096906e-05,-0.3463807787743864,96,69,97.5418090896992
4389,813.8361940057641,154858.97590966127,75291.60198666254,76299.268445915,2813.3970411045593,1007.0228459762875,593.3114684451575,552.2623204965785,0.0002581159439677,-0.3365346222982245,96,69,97.54716911436884
4390,813.8533994262242,154852.16514148147,75285.45687052821,76294.74906011265,2828.993046947522,987.8021207340062,577.387480430989,591.8484060514893,0.0002985931144803,-0.3336428849713798,96,69,97.55252093220702
4391,813.8561796496917,154814.27829097808,75271.9319408397,76294.70492926316,2795.5984734589583,958.3334534007445,556.605427819959,623.347540464456,0.0001217058172319,-0.3279220672239677,96,69,97.55786442417303
4392,813.8726849149658,154777.5043942445,75281.73683595983,76298.2537142755,2736.46327503497,925.2103943654656,535.3686451862304,651.2350818901614,0.0002474959054197,-0.3181191064251284,96,69,97.563199471273
4393,813.8761869683387,154766.21421598742,75277.18689240488,76286.3004056732,2659.77789638954,889.9942766364984,514.2937836706551,673.1152709069429,-2.793954837172368e-05,-0.3183929466889005,96,69,97.5685259545658
4394,813.893329843509,154746.24360767534,75293.48069625263,76278.83763215625,2582.957362809044,856.9765481122449,495.6122016391455,693.8255355085712,-1.7100549835406715e-06,-0.312057528767152,96,69,97.5738437551689
4395,813.8960650967265,154725.84927028202,75300.1535566063,76286.26264663647,2506.0903307184344,825.9122755898279,478.3756293663755,710.2624066990684,-2.996741536059546e-05,-0.2987013305026099,96,69,97.57915275426365
4396,813.9126290986884,154711.3145855392,75279.36823462958,76280.00065773283,2439.1536470016,799.7035877791641,463.88988836792123,727.1296623883827,-0.000192248134703,-0.2986032312837757,96,69,97.58445283310124
4397,813.9161704385541,154722.57037225994,75291.15645318587,76289.24131823044,2375.8835356976488,776.8051920426951,450.7441285115201,740.260080412816,1.488748741382379e-05,-0.2865563473512811,96,69,97.58974387300816
4398,813.9332599613884,154692.04821604167,75276.98110312788,76281.19712362831,2321.2793771242723,758.5082214117137,439.8065114071651,753.2826277428248,-0.000148618720367,-0.2768884229613061,96,69,97.59502575539172
4399,813.9359453002861,154684.45927127477,75277.0654605976,76305.80362974934,2266.078143186751,741.8452013215137,429.3960895498749,760.738534803444,-1.715799876393023e-05,-0.2693006046241942,96,69,97.60029836174608
4400,813.952586980946,154684.80419191805,75276.45251977895,76299.88311438986,2214.795150830818,727.195704872167,420.2447844000708,766.635185060295,4.209866359345301e-05,-0.2533364017490572,96,69,97.60556157365768
4401,813.956145985792,154672.20995545943,75286.49740939775,76300.83063142744,2158.8373388219043,711.3824167740677,410.6966885217407,765.9391701801796,-7.576501828994603e-05,-0.2473099789010577,96,69,97.61081527281088
4402,813.9731889089494,154681.59791275507,75291.38814886693,76296.62655784063,2104.1144144638674,695.1717958773079,401.56605061501614,763.7291082616721,0.0001417058344778,-0.2679432359698411,96,69,97.6160593409936
4403,813.975821202348,154697.7131368603,75291.5464306365,76284.24848183275,2044.519074851647,676.6344123223244,391.6125837610598,755.9447463816905,-4.0406457597826926e-05,-0.2507781154971634,96,69,97.62129366010316
4404,813.9925596549818,154731.6849927284,75297.3046948116,76284.36869394084,1989.6630820716382,658.3036405382591,382.2931264623912,749.574382833438,4.953535594045501e-05,-0.2273714278125349,96,69,97.62651811215189
4405,813.996109708687,154737.0133954246,75285.86197803202,76305.52359367412,1936.3657527351752,639.9626918916474,373.0236266506254,741.0983630163537,6.940714973968718e-05,-0.2571494036763471,96,69,97.63173257927254
4406,814.0131217007374,154701.4314120628,75319.26347030955,76294.29019471131,1895.4931345427758,625.1753371848608,365.6382341578428,737.3116755149385,-8.85637300219469e-05,-0.2671448188465807,96,69,97.63693694372438
4407,814.0156865194665,154736.4723885085,75295.65224837023,76295.70539632121,1863.6219341133256,614.1195791700884,359.77232137325336,733.6148490076303,0.0001044573821467,-0.2535389709589991,96,69,97.6421310878988
4408,814.0325588712922,154720.47048782586,75283.67142563766,76284.8402323542,1850.4075699950918,609.9499853281159,357.2310557458841,736.5398589782417,-8.631979926958664e-05,-0.2736508974138497,96,69,97.6473148943245
4409,814.0360375635195,154724.55162845046,75274.44770202921,76293.36998312424,1849.3757064640522,611.5854435973743,357.28993256922695,740.2082859653165,2.8644485604988486e-06,-0.3164112392742512,96,69,97.65248824567377
4410,814.0531192494777,154725.03809134045,75301.20594187728,76299.78324530304,1866.1327735186205,620.2405363866274,361.0523730000714,749.9649272468814,3.80592639321037e-05,-0.359154549181795,96,69,97.65765102476786
4411,814.0563322161751,154736.7128788594,75295.19361621825,76276.32981276035,1890.608302981127,632.961923408875,367.0624752455624,758.7579502878943,-0.0001070416690344,-0.3768838790235951,96,69,97.66280311458284
4412,814.0724958971645,154699.02038512775,75267.77714594766,76297.15907404409,1925.3269539468456,649.2348345069768,375.5654667176568,771.2990020329889,0.0001013020497095,-0.3918228994037665,96,69,97.66794439825496
4413,814.0759973949051,154698.86425156568,75302.16355141439,76287.02750953157,1958.3684529467137,665.0554419371474,384.3538265343377,780.1686519415816,-7.677000337681662e-05,-0.3902319547772034,96,69,97.67307475908667
4414,814.0930960217429,154687.8582068246,75296.05522701026,76305.64325885476,1990.8926516443607,679.3299927643093,392.92086523123726,790.0120610911399,1.4590069173514496e-05,-0.3941555433438116,96,69,97.67819408055225
4415,814.0962046974569,154690.74125226052,75294.69980482153,76284.49894602885,2010.3962542047375,688.2247871863801,398.6012596685032,793.0128776895872,5.411765164849802e-05,-0.3952144845230538,96,69,97.68330224630324
4416,814.1124282790723,154685.93984034823,75295.72432963674,76291.64332642737,2019.6215983045986,691.6611266547407,401.03877460550575,795.1232505349326,-9.638801734657148e-05,-0.3779911644917325,96,69,97.6883991401745
4417,814.1159681214824,154695.2677690017,75286.90034085994,76296.60708667748,2009.1678887067828,687.4908359066758,398.406782557111,789.9303761619667,0.0001082356722313,-0.36826922355717,96,69,97.6934846461893
4418,814.1330597918788,154731.31796253877,75271.42935774187,76291.2985416945,1985.2507327151252,677.3207851596526,391.5823655717977,784.5569002862321,-7.154370284122079e-05,-0.3719273286065069,96,69,97.69855864856572
4419,814.1360791107447,154717.34424651004,75289.04706715744,76313.99647120229,1941.8826657505706,660.4854641175771,380.15155669681553,772.7339270721131,1.4617663905071256e-05,-0.3622047387258967,96,69,97.70362103172204
4420,814.1523645657824,154730.9336185031,75319.50094404402,76299.76298821456,1888.932493854838,639.6164354918583,366.2863275781565,762.573762176442,5.815421627014528e-05,-0.3528600761154923,96,69,97.70867168028188
4421,814.1559435534585,154753.98737390462,75302.57562587025,76317.27121192477,1822.9570577017148,614.4733325015404,350.38307847382384,748.0866762181977,-9.328535636534576e-05,-0.3572741672780628,96,69,97.7137104790807
4422,814.173013888472,154787.9369502607,75272.91842636913,76303.4697277678,1754.3379356003134,587.349171034235,334.6476776145864,737.0138699912932,0.0001131573774966,-0.354493768497109,96,69,97.71873731317098
4423,814.1759537665035,154749.38390416556,75288.48222188847,76298.38421583726,1678.7917769007036,557.4642861826433,318.88454578394885,722.1920157459099,-6.503432089349075e-05,-0.3535079254924591,96,69,97.7237520678279
4424,814.1923072655425,154813.01790582572,75289.67323091354,76301.10887336025,1605.9756508223363,526.7738849692832,304.37512788909953,711.4445431672211,1.431985563621124e-05,-0.3640873851180624,96,69,97.72875462855528
4425,814.19592067878,154806.9222214642,75288.15236232687,76326.62731963863,1530.5795419191709,494.5364753952308,289.8998332961637,697.2635849889193,5.495001675606983e-05,-0.3534571811333206,96,69,97.73374488109091
4426,814.2129597388248,154855.75254663604,75308.78685602987,76300.23541664814,1460.5565064991242,462.86008237667556,275.87862740116543,686.6941138803377,-0.0001078403194773,-0.3643412934718821,96,69,97.7387227114122
4427,814.2158284203845,154854.92496158154,75281.80088798227,76296.22831716706,1388.976214618422,431.37431251058297,260.835314535856,671.0102808513911,9.001125040124113e-05,-0.3662499448875689,96,69,97.74368800574224
4428,814.2322577223446,154857.43923011588,75284.58705259295,76318.30356984287,1323.278110819403,402.5785486938257,245.7480162025895,657.6025898132648,-9.199236977922426e-05,-0.3601638216257637,96,69,97.7486406505551
4429,814.2358971684954,154860.80342004774,75279.73677203474,76337.0098153082,1256.2914304749575,376.2584351719561,230.17932486828067,637.9296228342282,-1.5585008660000235e-05,-0.3740161716497695,96,69,97.7535805325812
4430,814.2528984481719,154926.58357195312,75310.62078748597,76313.38781129177,1194.9911055030534,354.47513237000385,216.0454143685929,619.5210541757406,3.799663402551369e-05,-0.3699993183929524,96,69,97.75850753881348
4431,814.2557031850932,154942.12008880818,75282.63265675219,76323.202374126,1132.1717467106064,336.2349680897023,203.3237472079927,593.9635906984622,-0.0001087570279963,-0.3592384012437015,96,69,97.76342155651288
4432,814.2722168476972,154954.8009984013,75299.6990988022,76314.78308242346,1075.735858598433,322.5686203141813,193.62170340071316,570.3749970250938,0.0001147525504358,-0.373101975087673,96,69,97.76832247321366
4433,814.2758709240346,155012.32992562273,75296.34705315503,76312.69444331738,1019.0101372507634,311.3423905690579,185.83757677060203,541.0550823823432,-3.79580306442246e-05,-0.3773103072027493,96,69,97.7732101767295
4434,814.2928310108503,155026.17357086227,75277.54483506933,76332.507000059,969.3266965417424,302.4305579932843,180.12382492047618,514.9566163167765,5.652489761430839e-05,-0.3819743371418602,96,69,97.77808455515842
4435,814.295578703711,155087.45437272004,75310.68783343557,76322.94265505526,919.0740110556362,293.102055385054,174.2369873104035,483.70785610805615,0.0001213179087067,-0.3806571376503402,96,69,97.78294549688918
4436,814.3121840540659,155075.32745657963,75306.08468008111,76319.97872984434,875.0418398774345,283.3354183417541,168.03138412357657,456.8479784830706,-4.14514206252941e-05,-0.3713762441082797,96,69,97.78779289060633
4437,814.3158435707207,155107.50406956428,75326.73910003208,76286.40932184778,828.7501308044884,271.1123391615838,159.73922728016623,425.8792470995395,0.0001439965501468,-0.3830455867512126,96,69,97.79262662529564
4438,814.3327449787835,155161.2821363049,75316.84530383004,76334.82100180945,785.9877660323982,257.37781745693064,150.21193102761754,399.9069730982592,-6.676073038531568e-05,-0.4000441001127403,96,69,97.79744659025052
4439,814.3362169042614,155194.90902790995,75317.21744886853,76315.07845341388,738.6661575884209,241.390838557214,138.9254591372155,370.4262765360472,-4.7899287719509937e-05,-0.3796442635711957,96,69,97.80225267507647
4440,814.3522151393439,155234.0360797148,75303.58240546331,76329.80617551398,693.8234249290545,225.18331413599662,127.78526812963537,346.70709357087617,-4.656588936541809e-05,-0.3692213116313401,96,69,97.80704476969755
4441,814.355753548655,155248.02500033076,75304.30304365153,76332.83877586988,645.5855431035161,208.8565698346356,116.92984250487643,320.4249752847536,-0.0002525401126391,-0.3481997242746844,96,69,97.8118227643615
4442,814.3727572829492,155258.85024723667,75326.78830952525,76329.6695467081,602.4457294283784,194.54384278900397,108.33830691166804,300.418825569388,-6.081204488791883e-05,-0.3573896035808418,96,69,97.81658654964524
4443,814.3760759782715,155305.104834943,75327.00280535858,76327.1233368974,558.1946388309589,181.64079066587146,101.5234778119775,276.5150724495761,-0.0002018435161059,-0.3715114148509228,96,69,97.82133601646072
4444,814.3921519215825,155315.01338386702,75321.1276383819,76339.20985817476,519.9660554800648,170.85273292221245,97.3632449337747,257.0492019140802,-5.622593837854514e-05,-0.3628661182589022,96,69,97.82607105605985
4445,814.3957095750975,155360.30768916066,75313.74619493382,76316.91181205839,478.92465744324727,159.71164537027653,93.81256085963105,231.74620456580305,0.0001254334181008,-0.3760530786012273,96,69,97.8307915600408
4446,814.41273864872,155379.50026989987,75320.0763392126,76330.7745365153,438.2759292985429,146.92027057669475,90.031476378761,208.79031807588763,0.0001048547371517,-0.3820742683671669,96,69,97.83549742035268
4447,814.4159476100856,155420.5996911287,75335.2026418172,76340.32879906423,385.6753388616489,128.84280008882342,82.70219482950051,177.39627847654629,0.0004445037741158,-0.3683496958400693,96,69,97.8401885293018
4448,814.4320834799655,155444.54980429073,75344.5874240014,76328.81989183534,324.2318666948704,104.82193883284344,71.10914297855925,147.34522857805132,0.0003573440156254,-0.3716301854071662,96,69,97.84486477955676
4449,814.4356782215981,155490.43514085966,75327.0110371333,76330.43574053835,246.01101202791324,74.32688448957924,53.79978483612649,110.1551431141852,0.0004069695224434,-0.3536691773014256,96,69,97.8495260641534
4450,814.4527056676261,155500.73416960964,75325.74224311835,76331.28168784567,162.68140277737984,41.94669861656439,33.55053822865011,77.64555681007914,0.0003334129749932,-0.3402429317687677,96,69,97.85417227650132
4451,814.4558223107974,155577.63281760816,75321.42274272823,76338.2210921064,78.44706886389758,13.666186144502717,13.32153659092728,42.549376492796,-9.631900295114991e-05,-0.3489188948915498,96,69,97.8588033103888
4452,814.4720173155005,155583.98974793754,75324.99732484108,76337.69094490768,19.03596151957754,-0.0,0.24927097398904152,18.841317589161918,-0.0002443462371245,-0.3706074882387044,96,69,97.86341905998783
4453,814.4756534855021,155636.87919683798,75307.2659649497,76323.44541044932,-0.0,10.056733359422651,-0.0,0.3272754928038921,-0.0007837023264258,-0.2656835859895063,96,69,97.86801941986006
4454,814.4926614922941,155624.68604889943,75324.42738787804,76324.96420479468,50.48349340580171,52.70494315965334,19.527612157631665,-0.0,-0.0010159229714378,-0.0137968752356471,96,69,97.87260428496228
4455,814.4956986158911,155614.5148437668,75337.63025898102,76341.41080447589,179.05154455336742,130.33998724154662,60.9363931507105,8.90155758021865,-0.0010471577695018,0.0658184979214946,96,69,97.87717355065124
4456,814.5119555661698,155567.08580801994,75306.61400575309,76312.00387663877,398.0404542495962,241.21828764252132,124.97338755754754,38.061542718089186,-0.0010264671776162,-0.4550895426700959,96,69,97.88172711268948
4457,814.5156330348581,155570.14161995897,75345.02178477161,76332.16367291323,691.6133816138026,375.7557295886654,206.07846976123983,76.17727147476398,-0.0002983389708782,-0.6801598987715252,96,69,97.88626486725065
4458,814.5326065077719,155498.9032298627,75332.84879279677,76330.87037620075,1044.9321977173677,521.8187948799023,297.7497816408868,131.34319876114023,0.0003550252844528,-0.3414070533390055,96,69,97.89078671092498
4459,814.5355776922268,155460.32734136374,75331.53751720382,76305.29563945442,1419.5396836447762,663.9076934423938,389.440995597397,189.56296764375293,0.0013857583280992,-0.3648240940071717,96,69,97.89529254072366
4460,814.5518975887044,155376.32325354693,75316.1746512121,76321.26554911178,1788.8634572750889,789.8191544461442,473.33012757812685,258.47668117959984,0.0023598025958225,-0.3612077992236297,96,69,97.89978225408582
4461,814.5556175440945,155323.43033543747,75317.49561349893,76316.73635130785,2115.2602644547587,889.3606379623525,541.1265098318254,324.06954558967846,0.0027349407899605,-0.3136698088819114,96,69,97.90425574888243
4462,814.5725372127285,155253.9258592748,75321.50078099272,76329.94792411166,2383.7637534372043,958.9579827177658,589.935920043441,393.51818437254406,0.0028515796618898,-0.3413056142183125,96,69,97.90871292342216
4463,814.5754669157159,155233.4311524421,75332.81717303944,76319.30271249032,2575.869712156302,997.9519358528632,617.6014467001223,452.79289916015114,0.0017765685714157,-0.3184279960134981,96,69,97.91315367645682
4464,814.591831790324,155144.8735498375,75306.41182741022,76338.45451111361,2698.630220317864,1010.9296973644523,627.1978299724724,510.84011544057284,7.529250235853958e-05,-0.2978704819302167,96,69,97.917577907186
4465,814.5956297578027,155102.91522303675,75317.44239577989,76323.42005645837,2752.5247375936015,1002.5834532193694,620.9710288138303,555.4884348188643,-0.0022199133522027,-0.290661436831099,96,69,97.92198551526272
4466,814.6123895113358,155071.77788214007,75310.71010701578,76305.42014122804,2756.869784259761,979.7316870020877,604.3254815138789,596.6333952443965,-0.0048980787211084,-0.2776451211310483,96,69,97.92637640079906
4467,814.6160650147044,155042.69867540064,75304.2263127761,76316.69592193887,2718.192813707341,947.068999816649,580.0641148597497,624.0222220023279,-0.0066489149399075,-0.2633917648649249,96,69,97.9307504643705
4468,814.6319720785684,155033.97404056924,75315.8721877,76324.06850203313,2656.5131945477333,910.1464378602832,552.9310186721268,649.3650161126861,-0.0074588298523026,-0.2446843567495469,96,69,97.93510760702168
4469,814.6354917557954,155021.19273612133,75324.39540726479,76311.80327571425,2576.243876102264,872.0153676759364,524.4873121569835,664.5091727756953,-0.0061243098749882,-0.2283139284304979,96,69,97.93944773027148
4470,814.6524320176653,155018.4053227478,75317.23339048645,76309.05375889686,2493.8598493652535,836.4743976897735,498.11185973591637,682.0434553789673,-0.0025447904101139,-0.2203662018696625,96,69,97.94377073611804
4471,814.6559159309811,154993.9005123092,75322.29499530593,76323.58275124554,2409.132434054045,804.6140147114347,473.93567847319355,692.6105929274927,0.0027186160358645,-0.212089226705517,96,69,97.94807652704398
4472,814.6719114486714,154977.18699525885,75316.64570924581,76298.27502263576,2334.4181872417103,778.1342859202559,454.18233444864745,707.6675518706616,0.0093465705844169,-0.1901810216909676,96,69,97.95236500602164
4473,814.6754336466427,154994.6630798878,75304.76047725225,76318.79435107313,2265.2428623856977,755.9137254065281,437.8520430555218,717.012187365297,0.0150108300611435,-0.1684364414705416,96,69,97.95663607651798
4474,814.6924281953115,154979.45837359928,75329.22489332421,76328.05542028607,2208.8064695801586,737.5589217352099,425.87716194125824,730.1689765419287,0.0182952837474481,-0.158034826979368,96,69,97.96088964249968
4475,814.6957879259737,154983.74011489353,75315.39945900385,76338.59617637211,2154.9382493018056,720.3873451203544,415.7924310295057,734.6808935908775,0.0171119224609404,-0.1445587265087491,96,69,97.96512560843836
4476,814.711838314841,154962.1281813823,75294.72853421223,76336.91076006569,2107.223821366206,703.5514298693888,407.49923800188117,739.5271190799249,0.0099036233036442,-0.1222063802659718,96,69,97.96934387931552
4477,814.7153939219556,154987.3577869735,75307.50076114225,76332.59255755201,2054.649127325625,685.0485781380994,398.15992170371464,733.6951282368391,-0.0026380476597524,-0.1012833019200503,96,69,97.97354436062756
4478,814.7324075961116,154987.80417529691,75328.97610039776,76318.2553696928,2002.4941674023867,665.5465857258532,388.0840151184966,727.4640481300885,-0.0193351035968365,-0.0851642673460832,96,69,97.97772695839085
4479,814.7356639663021,155005.89181710864,75339.53880741549,76308.8891128308,1943.4284130658489,644.8565125479945,375.52903147021425,711.4521482226555,-0.0355582602160713,-0.0764460739027658,96,69,97.9818915791464
4480,814.7517650643274,155030.02706035823,75297.69873163632,76333.50625364954,1888.4003447036957,625.3930205133511,362.58715390745783,698.4414334590256,-0.0453353368542673,-0.0638588958194394,96,69,97.98603812996534
4481,814.7553634755242,155049.58406821245,75316.65968669974,76326.0811000415,1835.0952556995326,608.0288919752784,349.3330475813709,681.7004681831168,-0.0413774561605699,-0.063512771668644,96,69,97.99016651845346
4482,814.7723755328182,155083.6515377858,75311.39802369913,76324.95928621633,1796.4318140065297,595.2784322673542,339.0794418017613,673.9364354010904,-0.0149748656180407,-0.0674248096178233,96,69,97.9942766527564
4483,814.7755406091965,155076.4926689951,75285.0027653746,76328.97038374843,1768.4655793508282,587.1905076168186,332.11694316531066,666.7481567462091,0.0403866062845936,-0.0926221905226821,96,69,97.99836844156437
4484,814.7916956810922,155095.77524317513,75322.05195350986,76313.04903519298,1760.9217407365213,585.1150935237383,331.13235084241023,670.639865487814,0.1303993456677867,-0.1357563906847612,96,69,98.00244179411686
4485,814.795338510182,155052.47089043344,75327.84825675457,76322.03093415195,1765.5397799095372,587.8097273105959,334.91581708411104,675.2421773253882,0.2569491916360107,-0.1538214930039106,96,69,98.0064966202079
4486,814.8123337759226,155071.17279550727,75327.29662108232,76314.59192286189,1787.304734185629,595.4673366707284,344.09649526240537,687.8607595435169,0.4181278823650499,-0.1713105065227019,96,69,98.01053283019088
4487,814.8154171145951,155044.01229567415,75353.26788615312,76315.68832883419,1813.8722267897683,605.8639054004016,355.43424222964677,696.2264736053476,0.6095678496620696,-0.18188794412112,96,69,98.01455033498266
4488,814.8316320651804,155057.2789054972,75324.31125746411,76329.57407216092,1848.4920973536791,618.6279462611856,368.3510891588812,707.6901047259744,0.8229038239858006,-0.1787884340502956,96,69,98.0185490460693
4489,814.8353166042712,155036.60468238272,75335.782302529,76320.93189460978,1878.147598977026,631.0896855305182,379.2579125483462,711.922657468036,1.0496984506324727,-0.1752012624631863,96,69,98.0225288755102
4490,814.8522831690377,155079.52346006647,75311.57384954378,76320.89664558362,1905.6599626329262,642.5550956158986,387.93048240974895,717.205719814141,1.2808731479043058,-0.1657780445835121,96,69,98.02648973594314
4491,814.8552936342361,155051.1881018823,75299.56617618246,76335.2723361711,1918.102302146086,650.1545655756636,391.606433854904,714.7019072675321,1.5082333343570364,-0.148340263605995,96,69,98.03043154058864
4492,814.8715752907174,155078.61920554165,75323.80383883325,76344.88123032772,1920.4380037966766,653.4947651283146,391.29750743941986,714.1201457304414,1.7261378407017285,-0.1384480626289252,96,69,98.03435420325516
4493,814.8752958129718,155047.64822972694,75334.41805594553,76333.56312597252,1902.6281205912237,650.255214424411,385.3951269495301,708.0148539308284,1.9288657013203852,-0.1362376834461209,96,69,98.0382576383435
4494,814.8922243272477,155077.29987070177,75327.12608790681,76337.735849789,1872.5032269176445,640.8802646471886,375.8065358562744,705.1232967140095,2.1124370017694707,-0.1184106686451401,96,69,98.0421417608512
4495,814.8951706548771,155074.80947478788,75339.0151523839,76333.74405647203,1822.7123214901076,624.0620063451352,361.64014254003996,697.3846368445083,2.2716560811506805,-0.1115376772366448,96,69,98.04600648637776
4496,814.9115260188661,155120.68857834386,75344.17973175674,76295.80736119181,1764.3815111648873,601.6414138158871,345.5773419224133,692.8706628009968,2.399694757837066,-0.1058382853795613,96,69,98.04985173112844
4497,814.9152743579023,155116.0583430281,75333.75213885249,76305.96512073917,1692.2175308903097,573.5455415127362,327.2049569595547,683.449877189676,2.489169915999211,-0.0916806117800583,96,69,98.05367741191957
4498,814.9321579186349,155112.01521866236,75305.81637451037,76356.68787804089,1617.832322300761,542.5438787538442,309.22175381265697,675.6112237849738,2.5304490166841003,-0.1024779181802596,96,69,98.0574834461827
4499,814.9350487332861,155124.19745453258,75330.87028460458,76340.88702761845,1535.485659410886,508.9499429977586,290.82483918967773,661.1619948414445,2.515821021219678,-0.0995487215414887,96,69,98.06126975196923
4500,814.9514847087709,155145.07961475983,75312.6102749364,76338.05636242707,1456.8802744238637,475.6869954419526,274.1904824367375,647.0529405554407,2.43963017010116,-0.0860188929656339,96,69,98.06503624795468
4501,814.9552504584462,155179.8188815903,75345.49426236242,76337.04237699423,1375.4265932505368,442.6817287012673,257.7332214611233,626.6575322316785,2.300558258292767,-0.0867619069648243,96,69,98.06878285344384
4502,814.97208485086,155205.64697856383,75323.03054307347,76350.73184008962,1301.2006461692508,412.2289829473302,242.80661959183635,606.9835528742697,2.1041895538448614,-0.1030602369292719,96,69,98.07250948837404
4503,814.9749282799589,155222.18520803092,75332.96406565174,76341.6328713336,1226.0195272250567,383.4626043535245,227.34150763164507,582.578395015269,1.8607576406811968,-0.1210833055648529,96,69,98.07621607332072
4504,814.9914518222631,155255.4508129051,75332.6658790963,76308.86381612868,1159.7034308948205,358.15640886219626,212.87775424626307,560.829425970529,1.586650224737386,-0.109475245471825,96,69,98.07990252950086
4505,814.9952221347379,155270.63820510125,75341.42599383992,76337.23024046591,1093.3054525112384,334.77078825223725,197.85645344969817,536.7277546002006,1.3002802114249683,-0.0997316860445533,96,69,98.0835687787784
4506,815.012006523761,155307.32087760378,75345.25363768487,76346.44574375011,1035.509650189022,314.5112236013956,184.45980725504342,515.9585001420346,1.0193751453340552,-0.0966408213940863,96,69,98.0872147436675
4507,815.0148092231927,155320.38142734618,75339.58266228577,76333.5120384202,976.4874210467678,295.401116051391,171.7400724204781,493.07880738782114,0.7592826861990902,-0.0984614355413327,96,69,98.09084034733743
4508,815.0314282179451,155339.64396496673,75324.53842187254,76336.44845466287,925.3474541194155,278.755644352801,162.26798398882966,472.86618872208055,0.5282936618071998,-0.1015396908112716,96,69,98.0944455136166
4509,815.0351867341775,155375.78313454092,75350.35437667974,76349.19682999418,872.0184519584873,262.6715190460818,154.6877049728646,450.0902378161845,0.3295186690397811,-0.1080354738302792,96,69,98.09803016699718
4510,815.0519254845743,155395.67383773846,75343.4917813492,76328.71019590013,825.2719004751998,248.6225513884565,150.4276067603205,428.6219442221918,0.1601934502168379,-0.1120498776913233,96,69,98.10159423263872
4511,815.0546900674035,155423.1457265028,75335.93052589713,76337.06968343635,775.3733461291413,234.73884891982016,146.74280932164402,404.3649238642247,0.0147390868897887,-0.1016059511884985,96,69,98.10513763637276
4512,815.0714164799274,155419.56400726922,75328.63775167456,76335.88427295168,732.8635897811619,222.69713535008486,144.06265228349366,381.66048844574834,-0.1100369756486013,-0.1024056012386666,96,69,98.10866030470716
4513,815.0751389689697,155467.25726251095,75339.12637941066,76338.09371031911,688.5973589408095,210.43962964626553,139.18815835611895,357.6448672750266,-0.2136799596723744,-0.1048498412814404,96,69,98.1121621648294
4514,815.0918486034648,155510.80233544216,75340.74582442238,76359.86727951477,652.8881468872423,199.54419567552395,133.01647029828746,335.89068339721416,-0.2871616511002398,-0.0887618111143465,96,69,98.11564314461184
4515,815.0945622629027,155523.20928646091,75343.15370601015,76337.52475993928,616.083384125377,188.02846040764416,123.81037241398008,313.831748178025,-0.3148477051217009,-0.0740465494734411,96,69,98.11910317261452
4516,815.1114324239926,155546.42884887356,75336.93129304785,76319.09786754717,588.6281784318271,178.12958804953087,114.49648344004527,293.64557655510725,-0.2775487855371606,-0.078555659288677,96,69,98.12254217809038
4517,815.1150376265866,155548.95877210528,75313.99241628862,76339.01967568863,559.3292187858024,168.2212890026276,104.77804830099922,272.2451226168778,-0.1570295966446503,-0.0813126857325019,96,69,98.12596009098846
4518,815.1309907058533,155584.15789947152,75330.4544779372,76340.2115407901,536.407872551179,160.583429881779,97.82803845149465,250.04465413143043,0.0542676825163951,-0.0817227965485703,96,69,98.12935684195816
4519,815.1344805092353,155581.30266008788,75339.98622469186,76319.30436920836,507.7979169727769,153.11562376988877,92.48066860725521,224.8401683261618,0.3493565722756737,-0.0884691040591561,96,69,98.13273236235322
4520,815.1514390758774,155641.03256969707,75341.3724604056,76348.78646658256,480.3184265427408,146.7870103821333,89.73387517617084,197.09182800501003,0.7016053864251689,-0.0911003284211196,96,69,98.13608658423546
4521,815.1549134873691,155668.75093679223,75322.46237453284,76371.62155719152,439.4886000349652,137.32643528019253,85.66423453396419,166.58735706174048,1.066400855476523,-0.1013728898331372,96,69,98.13941944037894
4522,815.1709114695881,155711.40383234492,75353.62212058474,76353.00686720273,391.92100481537636,124.30278190414538,79.45494536773185,134.5872092396021,1.389571148628757,-0.0961514532889761,96,69,98.14273086427352
4523,815.1744369791443,155733.469350363,75345.3742261473,76311.61370138919,325.22689078218536,103.53858872875571,67.26799645432038,102.89609891280998,1.616150813805208,-0.0852664458360072,96,69,98.14602079012866
4524,815.1914234099069,155749.74023705337,75348.84090958777,76332.86808779564,250.60572751716245,77.11576102097752,50.57691131494357,72.5763755600492,1.7056802481015556,-0.0755785600149553,96,69,98.14928915287774
4525,815.19479537647,155803.86357659646,75347.93555686109,76323.85204981768,162.38994358183118,45.50510935037164,29.6551030370465,46.304656156746205,1.6409114434237575,-0.0768323254659252,96,69,98.15253588818116
4526,815.2108298742817,155780.55600959502,75333.82189459457,76348.9512423532,82.67826165002771,17.48426557012135,11.175723229098367,24.084897727472708,1.4326099000838008,-0.0942188722190485,96,69,98.15576093243008
4527,815.2144046380083,155847.56209070134,75334.44833616837,76334.88113484248,17.965306508587673,-0.0,-0.0,9.00574763098848,1.1184637736965428,-0.089229571142577,96,69,98.15896422275084
4528,815.2313962602254,155830.4608870057,75360.53953448053,76365.39669901163,-0.0,5.904062151821563,5.0085911245842,-0.0,0.7515437457881152,-0.0277748350860623,96,69,98.1621456970079
4529,815.2346773108915,155815.9840349853,75357.39465611665,76324.76746582058,38.30981362663442,41.52377004214213,29.830184757563984,1.1241676562058274,0.3903098322170668,0.1898406777370961,96,69,98.16530529380744
4530,815.2507512463512,155807.69107472844,75360.1232860972,76332.39476304734,160.75258922739886,114.39301403444551,78.87516044685617,10.452231154602487,0.0845906913913106,0.3657953903628258,96,69,98.1684429525012
4531,815.254379163134,155788.4012657458,75341.95177361796,76326.91942625881,363.61533454456367,220.98224251282227,148.75152616080595,32.51629115722608,-0.1333562370246933,-0.0585454465941806,96,69,98.1715586131906
4532,815.27135955045,155779.43848407385,75338.19951365441,76315.4300681885,653.0836016320391,356.6485513821099,235.77001401246525,63.878406331990846,-0.2511686522429305,-0.45377446780835,96,69,98.17465221672887
4533,815.2745583367691,155726.10463989564,75342.50319667904,76352.7300195588,999.3293661521748,506.1615267976449,329.4382027943211,108.73030832048971,-0.2775547142589713,-0.1507128925225093,96,69,98.177723704726
4534,815.2906776865891,155666.32849686558,75362.91727573283,76349.49273402645,1386.2595328452298,657.4421506051149,422.0780794348393,160.66623098161654,-0.2344174884636179,-0.0886907955734576,96,69,98.18077301955104
4535,815.2943582194328,155593.5208487598,75338.93462165624,76336.59905123539,1769.2848859623773,793.3794902190275,503.04579897012445,222.00711760800914,-0.1511521302454352,-0.1451821149069924,96,69,98.18380010433609
4536,815.3113138892695,155528.38867956767,75353.01921730649,76353.97140913342,2127.5267183150863,905.7083175210864,567.9536251780373,283.7725377205061,-0.0573798932834909,-0.0727542221631454,96,69,98.18680490297986
4537,815.3144386574138,155469.8069284039,75344.31821994281,76350.15432085794,2422.0021824604482,985.1597281780996,611.7937491350458,348.2458558372455,0.0242631850150311,-0.1012556072416982,96,69,98.18978736015052
4538,815.3306103131068,155394.8820697165,75321.58497893566,76345.83138318422,2647.9855807800777,1033.5984019960306,636.7660892027197,405.65135026106145,0.0787379850093008,-0.0817105587145431,96,69,98.19274742128918
4539,815.3343400464739,155343.18358344058,75325.43172596603,76336.14346045663,2787.43175598589,1051.0102149998565,643.5300993862911,459.7566871038289,0.1017227324554487,-0.0642620180739593,96,69,98.19568503261348
4540,815.3512595496726,155334.00409073403,75323.69164404816,76312.93391080016,2856.2443019566126,1045.8360067778121,637.8009739456757,502.40539839019766,0.0965282861647482,-0.0783304744170485,96,69,98.19860014112024
4541,815.3543189273774,155271.2493115283,75338.26903239568,76331.04489484831,2853.3935292825336,1021.333705621917,621.5250317361788,540.5924736215384,0.0712475599152339,-0.0675769162700956,96,69,98.20149269458928
4542,815.3705497475296,155231.00780997844,75349.89496881263,76317.05021088166,2807.982127048541,987.0303089158697,600.2588969140052,567.3667012499063,0.0371764080985368,-0.0504264614880236,96,69,98.20436264158592
4543,815.3743231154413,155194.23186230834,75325.495577309,76325.71921117911,2725.362327778421,945.3392875226709,574.8924829952884,591.5196881009324,0.003443552623278,-0.046717254214745,96,69,98.20720993146516
4544,815.3911967557804,155194.11252629498,75328.54297834191,76328.80310392218,2633.9586751591996,903.832264169876,549.5695915433462,607.091052237316,-0.0223819830500632,-0.0454819704570145,96,69,98.21003451437343
4545,815.394200009213,155181.8021420942,75330.34968831933,76345.86553099501,2533.5968941667816,862.5101789023902,523.938217629373,624.2188667726004,-0.036656230076113,-0.0316063469913667,96,69,98.21283634125244
4546,815.4104962817858,155142.74669847163,75336.13975597318,76328.06421101716,2446.2858848372125,826.9442360645626,501.2976404191868,635.9022348224244,-0.0396208261333796,-0.0226152267995764,96,69,98.21561536384242
4547,815.4143060184831,155155.16082683063,75333.56229365965,76327.5863253608,2364.117683192482,794.9188614336454,480.3440835096699,651.5595789976651,-0.0329245368884757,-0.0204721337294583,96,69,98.21837153468456
4548,815.4311257960877,155116.80172984838,75316.39175296148,76310.66153005691,2300.737933655968,769.564425827426,463.0484435799881,663.118055484083,-0.0210313348323871,-0.011168125100854,96,69,98.221104807124
4549,815.4340828563687,155101.8783415756,75332.13267774551,76299.33128499387,2240.97328935354,746.3830220417294,446.750609725088,679.350155498978,-0.0075346108960478,-0.0076468414267587,96,69,98.2238151353134
4550,815.4504499527769,155105.12315546206,75334.14802701121,76310.024971738,2194.4649913439644,727.2584881771909,432.6072480966395,690.1515438807546,0.0042960695328781,0.0096801171737052,96,69,98.22650247421451
4551,815.4542874320745,155055.873315453,75328.2851292913,76330.29053833778,2143.358868088573,707.1483100235637,417.74821625935147,703.5956240279484,0.0119187810898433,0.0318699883030256,96,69,98.22916677960268
4552,815.4710470754492,155059.5174292094,75317.53909325533,76319.53087932743,2096.007227044727,688.2479633245966,403.77115951973246,709.9112132603186,0.0153440056218798,0.0330701920059134,96,69,98.23180800806816
4553,815.473968441026,155059.6385852787,75311.37230308681,76303.3625990869,2036.1759149088757,666.8511367991305,388.95388682433986,718.3284504773328,0.0143477667948343,0.0214438249308368,96,69,98.23442611701988
4554,815.490410585723,155044.70932069403,75322.29742453677,76318.95692906891,1977.8250399109675,647.4754876067309,376.42693866902846,719.3158704394882,0.0105647687104201,0.0398039144454243,96,69,98.23702106468748
4555,815.4942661079548,155029.737485744,75309.26025818453,76329.9910917471,1910.7951602705289,628.340008469997,365.4870783238439,723.1799814943806,0.0055934433500094,0.0486646628568524,96,69,98.23959281012436
4556,815.51096114102,155037.4067736395,75322.53648892115,76294.04853216953,1853.8411434054142,614.8463156064972,359.30713559439755,721.7636768037628,0.0003985247616462,0.0380389400479986,96,69,98.24214131321033
4557,815.5138576999492,155060.23915998067,75311.11867881603,76314.7184952947,1800.1739057492814,605.0867220987711,356.4705896121741,725.9841670208843,-0.0032470337386495,0.033445102367292,96,69,98.2446665346541
4558,815.5303778279319,155015.77989211868,75320.02968505707,76311.8364366991,1770.3351064349408,603.681600225842,359.0663673574163,726.6478942901886,-0.0054936009385792,0.0034844801511727,96,69,98.24716843599592
4559,815.5342408732113,155009.87486417044,75311.21560859626,76310.66318190515,1754.8192085300689,606.9610062535066,364.3233043497021,733.8693103052792,-0.0059252238741741,-0.0177875396062007,96,69,98.2496469796097
4560,815.550868697163,155002.81172056793,75315.63907352086,76328.54833701027,1767.6361341042793,617.3668884918443,373.0845589665114,738.2258256840287,-0.0048269024550846,-0.0311970268618098,96,69,98.2521021287065
4561,815.5537514862284,154976.91652496724,75295.29375055958,76296.21195223168,1792.0485462949146,629.5941663950216,381.96321778104175,749.0487247138226,-0.0032452293129654,-0.0641499382695867,96,69,98.25453384733572
4562,815.5703511840796,155002.08247276145,75321.50101412577,76313.39421160863,1836.564502364141,645.505000463425,391.8808900686563,755.6000220863789,-0.0010502997401207,-0.0789998125656347,96,69,98.25694210038851
4563,815.5742106287472,154968.7880224728,75306.85116291817,76274.99016487454,1879.592600688513,659.6403513470432,399.7319479021826,766.6742327440297,0.0005877753746766,-0.0833432040083697,96,69,98.25932685359962
4564,815.590770619152,154978.25217567803,75295.58617072464,76326.29917844063,1926.5778053494287,673.9874244780221,406.75625554384897,772.0783944580471,0.0017325450610656,-0.0839112401248366,96,69,98.26168807354952
4565,815.5936505179117,154933.79585218168,75310.19527192992,76317.43312498945,1956.5228187773027,683.6170722722163,410.37417459560675,780.408429463103,0.0023560705862586,-0.0723849247700882,96,69,98.26402572766764
4566,815.6103300626156,154932.0994497723,75301.59866111791,76317.75975301444,1978.8861601891113,691.168599964527,412.4743609940633,781.2160733357014,0.0020282076773196,-0.0662128369305225,96,69,98.26633978423352
4567,815.6141743348484,154954.91525163493,75307.0864290051,76335.94509800308,1976.7232800516067,691.7425420958316,410.831739111105,783.5748649585876,0.0016581675982788,-0.0688253811663842,96,69,98.26863021237963
4568,815.6306679781575,154915.437683368,75301.6110334785,76310.06358529383,1963.262716662779,687.7155206180614,407.3932151099143,778.6883844511758,0.0008021990689554,-0.0601240130193906,96,69,98.27089698209345
4569,815.6335553098817,154940.33699151868,75310.81187225011,76313.13307878833,1926.0713149692165,674.5617335412098,400.0046702227555,775.944181134284,3.5065127725625985e-05,-0.0454149451324996,96,69,98.27314006421952
4570,815.6503138499365,154972.87780683412,75322.35954144166,76296.15751220498,1882.8302747305133,655.8980786035099,390.7348817214079,766.5824329024181,-0.0003949722932028,-0.044530444458967,96,69,98.27535943046136
4571,815.6541309627016,154951.97961302844,75295.0098735763,76311.8851024844,1822.577946938225,628.7167621159315,377.4191505345225,759.7857977278181,-0.0009162058851262,-0.0419736869793648,96,69,98.27755505338396
4572,815.6705621035288,154959.153890862,75332.99672770785,76315.2463186807,1762.2315296310699,598.2532943107799,362.21395681996364,747.2637047414028,-0.0007949439694055,-0.0446271791528516,96,69,98.27972690641528
4573,815.6734660568977,154961.60884449157,75318.09683530689,76319.50494259204,1690.0268307350925,563.2240033611597,343.48302285638056,737.0247673626291,-0.0007499457049883,-0.0411205308024117,96,69,98.28187496384874
4574,815.6903020537472,154974.15542884672,75331.24867526889,76324.12248895223,1622.2576752573368,529.9613484337606,324.16343983024126,720.2908204077394,-0.0005154510320176,-0.0351889876004884,96,69,98.28399920084443
4575,815.694079356725,154971.447069285,75306.44033758191,76308.78553217677,1545.1960165799828,496.83441085382947,303.1548032727442,704.9743990402494,-7.448942195400155e-05,-0.0332297424831184,96,69,98.28609959343169
4576,815.7104547552683,155030.30864669805,75330.1724866889,76312.9344738608,1473.4663837333792,468.6455896962143,283.61062385939294,683.696579649346,-1.7932030725521317e-05,-0.047698601683528,96,69,98.28817611851062
4577,815.7133823709304,155039.39807920007,75294.81112758095,76314.29483505922,1393.788718007214,441.9924030196853,264.44759508024435,664.1478054859035,0.0003387902745996,-0.0694515134145872,96,69,98.29022875385394
4578,815.7302946477221,155055.03121979834,75320.23693005505,76328.9900369966,1322.1507796703954,419.94591149900225,248.43274618693977,639.4498675815121,0.000318578081789,-0.0554356689195396,96,69,98.29225747810838
4579,815.7340178238901,155070.2481841023,75339.86628057016,76324.156043872,1245.030674731941,397.6105908285099,233.51487028747215,617.1911898809485,0.0002676395995998,-0.0535475140070931,96,69,98.29426227079716
4580,815.7503486658338,155103.73689833938,75319.35506542628,76305.28451657113,1177.7458873470314,377.4814829001989,221.35129035491263,591.3900885996409,0.0003314766268204,-0.0577544135347877,96,69,98.29624311232097
4581,815.7533025012744,155092.7344520913,75330.06957106794,76352.4028055754,1107.3107796711265,355.55791543192754,209.22241485855193,568.5635568587459,1.6732697006479858e-05,-0.0536380266526383,96,69,98.29819998396
4582,815.7702931637646,155126.84907045757,75320.32122039462,76316.65806648372,1049.5780790348654,335.82982409025135,198.60634129701066,542.9219321161218,8.779763944102125e-05,-0.0745771082242998,96,69,98.300132867875
4583,815.7739426242731,155167.97769767378,75337.30916537465,76321.74638656952,990.0967040625983,315.3482193656964,186.90072207478806,520.4630744548631,-8.676813119447967e-05,-0.0851861791767891,96,69,98.30204174710968
4584,815.7902497365048,155208.4757289631,75327.37492682009,76327.68077429262,942.8094230298302,298.3840045344259,176.08567153269541,496.084779669618,-0.0001709708894981,-0.0759459734396123,96,69,98.30392660559131
4585,815.7932199623833,155215.0638814731,75332.11724703162,76344.69305109902,892.4336897213943,281.7687587619439,164.41116815517307,474.31036968986155,-3.214361860284675e-05,-0.0723795626125779,96,69,98.3057874281326
4586,815.8103060422826,155230.05667456257,75316.73253841193,76338.94370238118,852.0445567707065,268.7987939546729,154.54685911297565,450.0961318719201,-0.0002145691890497,-0.0784173287031921,96,69,98.30762420043342
4587,815.8138390548118,155203.8106147432,75325.42370970338,76332.39401353034,804.3027018306311,254.94739550113445,144.83757237406098,427.11450829388923,3.779494170034292e-06,-0.0663625475532589,96,69,98.30943690908153
4588,815.8301832046054,155272.43436785298,75336.05518947086,76314.37299972418,761.6267960824771,242.78690082412504,137.67409210282494,401.36687214212725,-3.8332526714597154e-05,-0.0614010059953394,96,69,98.31122554155412
4589,815.8330902517549,155312.50614843145,75318.62768226661,76323.07739354145,708.8116442556493,228.4781739218015,131.01643890410196,375.9258978572616,-4.004523581990228e-05,-0.0602854673286873,96,69,98.3129900862193
4590,815.8504352218662,155331.4998649449,75333.85737804614,76344.09456091594,661.6623620318715,215.98972710972885,126.75652092060773,348.1994555697311,0.0001368976285887,-0.0627864041541853,96,69,98.31473053233736
4591,815.8531800237737,155366.6893896126,75335.37234398827,76319.42343546337,606.5363087707665,202.55959672445897,122.13789300157805,320.95024842140265,-5.5768286528143136e-05,-0.0582954218493714,96,69,98.3164468700617
4592,815.8696672467252,155368.4821079241,75358.22986057837,76344.00219827775,561.7767817717395,192.86070693124202,118.80577228518086,292.5427815284638,0.0001191165112281,-0.0434923348951804,96,69,98.31813909043994
4593,815.8732217235441,155392.5291845286,75355.69693815248,76341.08062275572,515.4672010614304,183.91338015683868,114.12364877472282,264.32684070503456,2.418644270150077e-05,-0.020394552408484,96,69,98.3198071854154
4594,815.8902874584519,155455.08011032693,75352.51259022387,76336.99322876279,482.80433389445534,178.19697035891295,109.57107940324931,235.35652423050487,-3.6240704705744766e-05,-0.0275085579699507,96,69,98.32145114782784
4595,815.8931189897183,155455.7973341953,75342.30968106673,76342.04883883016,446.88580714171985,170.0586931714497,102.31503176389378,205.53503519610967,0.0001009476912778,-0.0464962632465512,96,69,98.32307097141452
4596,815.9095707589443,155505.21201130172,75331.84525662259,76349.49751503712,418.01019135833485,159.81358601232932,93.68640199414222,174.96757381825591,-0.0001156059572504,-0.0429015222343226,96,69,98.32466665081142
4597,815.9132383533683,155532.67774311765,75332.46602064576,76350.88323393241,375.2756896902574,141.23962801841844,80.81662195999525,142.88023778409115,5.2805247203447816e-05,-0.0597537200719145,96,69,98.32623818155396
4598,815.9301890808102,155567.4139935971,75327.00643788451,76349.71771370535,326.43748411064735,115.89294032561884,65.28635424521053,111.20520078303525,-2.8021982541491488e-05,-0.0564742376390354,96,69,98.32778556007769
4599,815.9330247219832,155599.7344980082,75359.50307114623,76320.46145268822,253.74287054035813,81.61414796633471,45.54319799525547,78.91785244218772,-7.246026280353045e-05,-0.0480069786438913,96,69,98.32930878371964
4600,815.949504934022,155606.5959529564,75340.71421305054,76344.21328888444,175.3587014435907,46.219609779291204,25.843633703974774,50.54687622439815,8.927139789466908e-05,-0.065578273208333,96,69,98.33080785071864
4601,815.9532366567872,155645.52545882194,75341.69904193163,76345.33723687174,88.57060069299769,14.597241536088404,8.146817482251208,25.175178243021946,-0.0001083709905867,-0.0628508817989333,96,69,98.3322827602164
4602,815.9700955237641,155690.8981607364,75359.40248409494,76342.92283371068,26.69683294254355,-0.0,-0.0,9.105954264727188,7.087814274655291e-05,-0.0715895765596627,96,69,98.33373351225808
4603,815.9729234879263,155705.2606360927,75341.99151808994,76333.70409161299,-0.0,9.987049258619663,5.5489369399729185,-0.0,-1.1173254800571974e-06,-0.0912215019890527,96,69,98.33516010779296
4604,815.9894537385255,155675.81854024497,75341.9923367521,76327.80572593768,48.2211380781373,56.03942769988498,32.295824446860934,5.13907651786576,-5.060240854911925e-05,-0.0741973873069307,96,69,98.33656254867508
4605,815.9932260488729,155654.26083592226,75366.18267295232,76342.65043465831,176.33614061115077,138.9606828554388,81.19479125319049,19.754951368668117,0.0001073677617168,0.1005269008056327,96,69,98.33794083766368
4606,816.0099997971076,155621.58369555644,75342.00670319596,76350.7679479464,405.4489730084897,258.9817144213157,153.50030949767097,50.31393690319965,-9.880518685454528e-05,0.3548805039645434,96,69,98.3392949784242
4607,816.012821759141,155634.9526301447,75363.90431635312,76319.89741536045,713.9670924500097,404.3310859411431,242.4625219690497,88.76995422443724,7.021347447274126e-05,0.2030391045305833,96,69,98.34062497552806
4608,816.0294126294406,155551.12151919265,75323.00802628954,76323.66959265753,1094.584419297753,564.1853274832683,342.1108756189642,141.73021069931565,-4.547439814421245e-06,-0.3506844905384888,96,69,98.34193083445378
4609,816.0332086107571,155489.7148910126,75336.27282966358,76333.21631375105,1500.8562407300924,720.0276064362115,440.6389663559967,198.5365164464456,-6.116774353242934e-05,-0.2807695501971862,96,69,98.34321256158664
4610,816.0499000222005,155438.9756935129,75334.74877351071,76335.39811436975,1909.525385029905,859.8553549683274,530.375546321593,264.9143949451973,9.842956178306876e-05,-0.035633011950754,96,69,98.34447016421994
4611,816.0527224797306,155415.97797950826,75348.52417061572,76317.5427465645,2272.657219459652,970.2457169331465,601.780156083667,327.7463766148139,-0.0001063087491452,-0.1085984233219499,96,69,98.34570365055464
4612,816.0693793876871,155300.60780796863,75339.43871389813,76318.52621863513,2579.0133570337784,1048.5043416875124,652.5737224634213,394.0136014277232,6.349996000923278e-05,-0.0539718879323308,96,69,98.34691302969978
4613,816.0731846890335,155261.3409913184,75336.09658906002,76327.09096206832,2800.4696129573276,1091.9573163578316,679.9728614038759,449.66026770311873,-4.440211481009663e-06,-0.0628089769497128,96,69,98.34809831167271
4614,816.0897958411007,155236.1485977155,75365.1564973939,76337.31541010208,2947.5092809452326,1107.1114624952315,688.0838396800827,502.89054854316055,-6.180914390010791e-05,-0.0590012556758124,96,69,98.34925950739942
4615,816.0926274381377,155189.74592155876,75320.99289981474,76343.65987968721,3013.0326242566225,1097.9314158636553,679.1882849398826,540.5595791846572,0.0001019666454885,-0.0313450840161609,96,69,98.3503966287144
4616,816.109352475739,155140.7726010487,75327.90217759485,76328.57151881953,3023.837964562641,1074.0880723264272,660.3830316913372,575.5550258162257,-0.0001020290407452,-0.0347228781700548,96,69,98.3515096883609
4617,816.1131540959386,155107.02874290655,75329.68823298802,76307.32157882028,2981.373835482809,1039.6713020439202,634.614427540524,596.6399950244522,6.540603353402044e-05,-0.030148592253845,96,69,98.35259869999092
4618,816.1296875421226,155156.40733712926,75346.55342693774,76352.53207551941,2913.7244254766847,1002.211077765649,607.7567137701553,619.0896166217863,1.2285969163585728e-07,-0.0228573768228543,96,69,98.35366367816538
4619,816.1325378844149,155115.93285411707,75345.72661047397,76344.55695293575,2820.7112774604466,963.1837004450354,580.7081192948826,632.1431787131296,-6.205788717929534e-05,-0.0181578076469296,96,69,98.35470463835334
4620,816.1493305734631,155111.39388707932,75339.04684905191,76333.04136632996,2727.1512543432764,927.4184156435076,557.0476906743424,652.6779306826356,0.0001027146034567,-0.0053093538513241,96,69,98.35572159693312
4621,816.1531164981575,155103.23903953415,75347.9430014217,76321.82401144822,2627.90356324811,893.9860267517652,535.4774606152641,666.9719715443207,-0.000102204934469,-0.0008581405661059,96,69,98.35671457119112
4622,816.1695757528108,155087.234517014,75341.7192623979,76359.35839792194,2541.959831289947,865.4996895562799,517.8137742434919,688.9110006891715,6.247773566351992e-05,0.0022557105470689,96,69,98.35768357932209
4623,816.1724547396542,155063.18603126015,75360.75618635467,76330.39392188285,2459.871448365564,839.6177570389264,501.83276936839684,701.7572472094907,6.71577783080474e-07,0.0085585312203661,96,69,98.35862864042883
4624,816.189312417627,155036.53124029507,75335.58115258234,76319.49629097518,2396.454203046218,817.8456757680833,488.9105157199083,719.7931932494394,-6.483462867355597e-05,0.0220375971609973,96,69,98.3595497745217
4625,816.193071578625,155044.0922933207,75329.68949676784,76354.73233373731,2336.853353151353,797.0536143471982,476.4332327565935,725.1477432567335,0.0001025209508843,0.031879653186397,96,69,98.3604470025188
4626,816.2094612994417,155072.81693076232,75322.97102201419,76337.47631781334,2290.326703220606,778.1720730361849,465.3519171263615,733.1716905033682,-0.0001018323180448,0.0431553344827242,96,69,98.36132034624497
4627,816.2123786795554,155063.65793176708,75355.57641953921,76328.6692912514,2239.610059475235,758.360729781416,453.0036507701443,728.2197822493326,6.099187545877165e-05,0.0513209311028271,96,69,98.36216982843176
4628,816.2292967432089,155092.89639732128,75352.4614078046,76347.92527422898,2194.1192553359433,739.2231462267955,440.65017826182884,729.650306983036,3.073067443948836e-06,0.0585086373008928,96,69,98.3629954727173
4629,816.2330191175836,155096.6227201005,75351.77654058777,76357.25425944586,2138.322231343598,718.9358127905725,426.30326719154255,721.8719027089828,-6.584426073339167e-05,0.0818450606073129,96,69,98.36379730364466
4630,816.249345125114,155089.04989249224,75344.3824227123,76343.25456491264,2085.0834679527907,700.1610038757208,412.29576549390913,723.8328744424798,0.0001035784852361,0.0945234677084906,96,69,98.36457534666228
4631,816.2523101737341,155092.58596810454,75351.84240240412,76321.3426335505,2024.9943216168322,682.446035672052,398.12638498979504,719.2667773019057,-0.0001007597141073,0.0820571578365239,96,69,98.36532962812356
4632,816.2692822641908,155123.9692089278,75337.35800986097,76355.5928285627,1976.4924065038213,669.3215110459569,387.3156379572465,727.1542717768461,5.954577657277798e-05,0.0818557014950956,96,69,98.36606017528514
4633,816.2729590402218,155113.14241473112,75327.64491471539,76335.67807780167,1932.7226138475235,660.521614761019,379.7142009177478,728.1429774126445,5.0673051073698e-06,0.0766258891064652,96,69,98.36676701630736
4634,816.2892282297487,155103.37820956684,75340.24486432335,76339.26439733419,1911.5342064786819,658.870604167605,378.2596941147058,739.3140671250585,-6.749555510379961e-05,0.0470512180321832,96,69,98.36745018025256
4635,816.2922495106134,155083.01713280426,75341.17674722371,76340.70179597444,1904.0466925159562,663.0330555445689,381.65914926226833,741.3233508109988,0.0001038868397462,0.0360097075166448,96,69,98.36810969708492
4636,816.3092676693524,155132.17545061375,75343.95010160413,76360.3908919381,1923.2659380785772,674.0757693059859,391.1475467418204,752.7668195651204,-0.0001002500741268,0.0050859536921004,96,69,98.36874559766964
4637,816.3128914503866,155130.71416572368,75342.7355998682,76358.25031222352,1953.0740474892664,688.6455006796605,403.4689204096794,753.4592750637385,5.770023464423406e-05,-0.0334084759306898,96,69,98.3693579137716
4638,816.329111616043,155102.41295399505,75349.80266604222,76347.53885373655,1999.3556672040722,705.8645220129838,418.117981635005,762.2378548241977,6.922590551569639e-06,-0.0346541031235929,96,69,98.36994667805484
4639,816.3321968222857,155113.19320557523,75339.51554909826,76323.05394892002,2042.147896039125,721.3611653904809,430.9227262236527,760.5907022979809,-6.904869827498207e-05,-0.0524139128211335,96,69,98.37051192408155
4640,816.3492516198805,155133.63305811485,75350.83065372484,76366.71964235046,2085.614530185994,733.9597339666216,441.2651357477298,768.8855790033995,0.0001043760565571,-0.0602235526803901,96,69,98.37105368631104
4641,816.3528166618767,155123.95682885687,75323.3504119239,76371.8356938202,2109.95436888712,739.9456366441882,445.79007946056663,767.0533601849456,-9.943222170973948e-05,-0.0515950127736692,96,69,98.3715720000982
4642,816.3689962307543,155147.622139541,75350.84992057046,76350.92353887002,2121.996568295581,739.522126925076,445.6101155092765,774.4703768723994,5.609503003614762e-05,-0.0482207695365408,96,69,98.3720669016935
4643,816.3721521206606,155154.10483854564,75350.04001083093,76355.02434113549,2107.667675476987,731.0847502365796,439.72054718169966,771.5919121772167,8.966108828698957e-06,-0.0489747553641615,96,69,98.37253842824086
4644,816.3892327363606,155132.6386833467,75352.05498913875,76336.58352864886,2079.2882602265454,716.7139899286267,431.10257012283546,777.8884458820976,-7.047840331382469e-05,-0.0351952622638151,96,69,98.37298661777676
4645,816.3927352401867,155143.88212858187,75325.59848247866,76348.0730424725,2026.9319507366745,696.2264560359617,419.5046578455658,771.820876953163,0.0001048394324672,-0.0291794796249732,96,69,98.37341150922916
4646,816.4088828873764,155169.304065664,75358.90410969971,76365.31669832965,1966.161259676388,672.3824879407039,407.48909829111653,772.3741563258809,-9.864083940193158e-05,-0.0347118228514248,96,69,98.37381314241615
4647,816.4121153618349,155203.16611287405,75351.20995457939,76350.2070640957,1890.1866905288189,645.2813940785854,393.77763173237327,759.9154546059726,5.437328554821128e-05,-0.0270550770832752,96,69,98.37419155804425
4648,816.4292095543343,155187.9641455368,75336.03181677611,76356.70678927327,1815.1172422144446,617.2754241468356,379.6361834752315,754.6404837531154,1.0899845863054431e-05,-0.021991113556784,96,69,98.37454679770778
4649,816.4326480794913,155226.00120321623,75363.65043960852,76358.15471536209,1732.4233480073162,587.8380737358675,362.92509983235504,736.2556449513359,-7.197242709951192e-05,-0.0278675352610717,96,69,98.37487890388692
4650,816.4487721399981,155254.47233448026,75352.56461918705,76353.9831388847,1655.7940382605302,558.637184370964,344.92099931964185,725.2983585927577,0.0001052106454546,-0.0246596022825205,96,69,98.37518791994628
4651,816.4520865775913,155259.40228539333,75358.96629184454,76341.28306701235,1575.2578903810936,528.8346394296968,324.4367666610342,703.5606579321902,-9.783707112089042e-05,-0.0252142428115611,96,69,98.37547389013338
4652,816.4691803976542,155296.2998975045,75339.61328801897,76343.65798820223,1502.3628671180923,499.7510748497589,303.88373024293105,691.7508657619182,5.264479876762529e-05,-0.030376657988867,96,69,98.37573685957749
4653,816.47255658042,155314.2688168276,75359.464897933,76354.20685832905,1425.2785104500945,470.39717656659195,282.99071561402525,669.9666830317583,1.2861002726972642e-05,-0.03420530148522,96,69,98.37597687428762
4654,816.4886640224679,155349.93414949687,75358.99818314171,76356.68888463239,1355.2121014344157,442.0334214852337,264.55205373239005,658.040096239507,-7.340087120497812e-05,-0.0593574471676747,96,69,98.37619398115082
4655,816.4920661897821,155387.47042641044,75365.11866078501,76362.67876465875,1281.9572145965067,413.93765832575446,248.0711820955039,637.0607020973403,0.0001055847151268,-0.0711370575036955,96,69,98.376388227931
4656,816.5091430110926,155396.57737187127,75357.44725029265,76357.22964138693,1217.3380127095152,387.51773758389754,235.2228208979068,625.8647099525551,-9.697219751459509e-05,-0.0730744803689337,96,69,98.37655966326663
4657,816.512463147856,155403.70229681386,75344.82246469095,76373.23523702999,1150.9716620441177,362.283991216289,224.00804541437537,603.9394485893718,5.091417352566515e-05,-0.0677811346825123,96,69,98.37670833666948
4658,816.5285573440344,155420.90264710234,75360.16801542118,76356.24179461916,1094.3982163378387,339.74968770531996,214.83457847122918,590.1188256482419,1.4818518035254033e-05,-0.0660862523664545,96,69,98.37683429852234
4659,816.5320559536624,155443.9589029375,75368.7732536386,76365.77900648175,1037.3683316197712,319.4853637541528,205.24966749240411,566.3531092305784,-7.481275799962414e-05,-0.0805834281583835,96,69,98.37693760007724
4660,816.5490932917595,155523.3257600361,75369.19751898346,76356.2537703427,989.8389482715284,302.5396311650111,195.85609206874506,551.5398334315687,0.0001059085017391,-0.0780657540766312,96,69,98.37701829345424
4661,816.5523730130926,155550.79329427975,75384.5069705306,76360.32183952468,939.7266762582003,287.8064367195184,185.0807196108799,526.9955472119618,-9.609072402419716e-05,-0.0743456975142426,96,69,98.3770764316382
4662,816.5684469611566,155540.49500080544,75362.69850874512,76340.91778463943,896.1076111455332,275.4809215144778,174.72607811639318,511.2944517265132,4.915393923462236e-05,-0.068602410147248,96,69,98.37711206847786
4663,816.572063126665,155585.11508751565,75356.61659351324,76367.77220670221,847.5524416783592,263.84811257313413,164.3120872376894,486.88164017591043,1.6761775183120135e-05,-0.0669540577171229,96,69,98.3771252586833
4664,816.5890186153943,155586.5457210826,75364.55672062562,76341.01885622028,803.0094024519203,252.62241134657233,155.86794881202513,470.40802853993955,-7.620193019988596e-05,-0.0744813960063687,96,69,98.37711605782424
4665,816.5923057846521,155610.0717580063,75383.03157655025,76356.75123311456,751.5269756058697,240.23903028487985,148.3935394526634,443.05603504925966,0.0001061980434664,-0.0659883120284539,96,69,98.3770845223274
4666,816.6083015555866,155687.16167851177,75393.65617690825,76361.6364151994,703.5980476161931,227.11408265552018,142.9004711675807,421.43656348096556,-9.517253100900408e-05,-0.0591983972484559,96,69,98.3770307094746
4667,816.6121515977218,155705.61203458012,75386.9560630228,76353.740765077,651.023264348798,212.9297188192868,137.44163205174846,389.3708937005722,4.738391371223924e-05,-0.0699097045568523,96,69,98.37695467740063
4668,816.628711702841,155735.1336769983,75371.39473556726,76371.02049180861,605.1468636076315,199.09188651209115,132.23051826568553,362.7695809864672,1.870428017352588e-05,-0.0607325809395904,96,69,98.37685648509074
4669,816.631502909861,155776.14472273292,75354.53300369247,76376.0562783712,558.0652485749451,185.79983540314424,125.19112532457802,325.85151201530243,-7.756060505280897e-05,-0.0494413407285954,96,69,98.37673619237869
4670,816.6483739592983,155806.01263875756,75346.59106514859,76362.28870525323,521.0638281166903,174.01066560971958,116.99783598608337,296.2504295631661,0.0001064539038216,-0.0413228030532815,96,69,98.37659385994412
4671,816.6520680791182,155868.47202425086,75377.08627007526,76375.61432693194,483.0500755108078,162.49690731095325,106.05711672114558,258.3343164320395,-9.422241606012016e-05,-0.0261045113515535,96,69,98.3764295493102
4672,816.6686297730155,155894.60380141443,75379.65938874004,76343.98719378331,449.693799185392,150.09870006868732,93.27720538096037,227.47576660703635,4.559737494262509e-05,-0.040560405645652,96,69,98.37624332284092
4673,816.6713969739423,155941.04118431237,75382.54143059571,76383.60988925415,405.40007831086405,133.89483683776052,77.3844046680897,188.62368423384032,2.063751384076584e-05,-0.0545822327925426,96,69,98.37603524373968
4674,816.6883753357641,155988.52915463544,75387.68431950126,76369.99601440327,353.7160501704202,112.22414905467303,59.76875834350358,157.07244566146983,-7.889490677375971e-05,-0.0629290844931009,96,69,98.37580537604543
4675,816.6920048065488,156033.0494616191,75387.1662549933,76378.28096719032,281.0996257329243,83.9033916911576,40.14837269723648,118.18060316418996,0.0001066718286022,-0.0795969341432985,96,69,98.37555378463064
4676,816.70853392146,156037.5371194627,75377.78087159117,76385.4565225051,198.69716542493552,51.495826668149675,21.568616605451098,86.34581321361475,-9.324221091192758e-05,-0.0864902725876212,96,69,98.37528053519917
4677,816.7113008073917,156073.8382996425,75399.15541885202,76381.60713715054,107.55376636667643,20.331877726930543,6.281915486179059,50.060972065955866,4.37957584643903e-05,-0.0885397330688572,96,69,98.37498569428276
4678,816.7283826639834,156134.67851475786,75403.77479184033,76372.37487947357,36.08124334842432,-0.0,-0.0,25.777184014004888,2.2563210712198223e-05,-0.0989218102770428,96,69,98.37466932923904
4679,816.7319245780366,156155.0213089544,75382.56318500254,76385.34547116126,-0.0,1.1807134339906042,6.909103717363905,3.9937039129144978,-8.020136861450487e-05,-0.0980129106779166,96,69,98.37433150824847
4680,816.7484532493978,156185.87975261008,75382.47260142592,76385.70020475869,34.54798515426228,34.563181816469296,32.841038674872834,-0.0,0.0001068546131963,-0.0929604038229796,96,69,98.37397230031158
4681,816.7511835123536,156167.86219296246,75383.31378782075,76369.77375246257,152.08685292256996,106.40121384621307,79.81093364884146,4.875691508845193,-9.223015197321566e-05,-0.1083562319599273,96,69,98.37359177524628
4682,816.7684429502599,156155.08408035696,75393.69820278729,76358.50182025466,371.6455653310986,217.3713375681109,148.85999908155645,31.103851321851835,4.19807728985903e-05,-0.0508067970964259,96,69,98.37319000368451
4683,816.7717224689374,156086.53274998127,75384.41426584551,76354.67552076108,678.5650521715288,360.3506546240242,235.40007110245642,66.63117561064428,2.448082825613794e-05,0.1639881696261509,96,69,98.37276705707036
4684,816.7889462764111,156063.80390077073,75365.9623609792,76380.81224097247,1060.6877771841246,522.5972570737795,333.58217768298346,119.2252424416074,-8.148022045499725e-05,0.3616943747962494,96,69,98.37232300765588
4685,816.7914904605785,156002.31209743823,75384.01851194452,76371.16321494915,1475.9792767193867,687.3557966977678,433.5091107500484,175.30035062492243,0.0001070011271544,0.0158652660457366,96,69,98.3718579284992
4686,816.8082595104709,155938.7736651517,75379.19271401064,76387.40230806745,1894.984433821286,838.4736531877861,526.8673770671448,240.5350918660697,-9.1187760524918e-05,-0.4298886697383749,96,69,98.37137189346068
4687,816.811783027817,155894.2144719943,75365.14159921583,76392.57439397615,2272.781868012855,962.7652585605392,604.8205548736878,302.70799779886147,4.015205894290776e-05,-0.1810295882205529,96,69,98.37086497720011
4688,816.8288083383987,155826.90888023478,75381.27146179353,76358.83441470042,2589.5961342711817,1052.9843511263607,663.0141216768825,366.7161594783829,2.6389100310008683e-05,-0.1000161343193938,96,69,98.37033725517408
4689,816.8314179542003,155771.9168267386,75355.3940737959,76362.77933939449,2821.121590143128,1107.471619288568,698.6090211200499,422.81457284645876,-8.273126854870265e-05,-0.1539147561044475,96,69,98.36978880363176
4690,816.8481944616577,155731.0043665566,75399.27612967548,76387.29627080925,2972.730622545292,1129.857959034125,713.683819027021,477.11473204547656,0.0001071114562316,-0.0783030649329386,96,69,98.3692196996129
4691,816.8517828273085,155669.27330234123,75357.0452499823,76342.13086528883,3043.367587320681,1126.4310539113649,710.8744883189065,522.4120937589905,-9.011504851627234e-05,-0.1094717794996626,96,69,98.36863002094375
4692,816.868699187862,155646.68521138508,75377.28083498467,76350.43779887604,3054.5553968711174,1104.7718685555592,695.7190674985904,564.4614516536531,3.8310687133785286e-05,-0.0878063542786388,96,69,98.36801984623398
4693,816.8713251825801,155603.46983482185,75362.19108229851,76349.96956511603,3014.3985247474047,1071.6175749201648,672.2437841727515,597.8348295731412,2.828781128285746e-05,-0.0738496477086971,96,69,98.36738925487354
4694,816.8881538472647,155570.47179670623,75360.68012555013,76377.84098485281,2946.8775253634667,1032.6716178253846,645.5288636412151,628.4007279708749,-8.395378902006677e-05,-0.0805860067586312,96,69,98.36673832702908
4695,816.8917638168527,155559.06034756452,75370.71260070165,76355.89795617227,2857.37508192088,991.9024451160221,617.9029604681709,652.0120924434741,0.0001071857422656,-0.0692697412252177,96,69,98.36606714364092
4696,816.9085956437136,155536.77638708643,75359.33273337457,76361.2418839956,2763.9732776690507,952.311810963467,592.1445563822053,673.4477402533812,-8.90123740686976e-05,-0.0578587842538778,96,69,98.36537578641916
4697,816.9112276253763,155527.01700543042,75374.20743295613,76352.71625696759,2666.5941618378274,915.6679056413413,568.4342209791939,689.5160335375695,3.64571865131281e-05,-0.0633981137337806,96,69,98.3646643378404
4698,816.9281276167259,155514.00753687657,75337.30366444802,76351.79544113856,2578.8544364014524,883.1325849374989,547.8240004190156,704.3274972709769,3.0176165006462392e-05,-0.0429020369871755,96,69,98.3639328811442
4699,816.9317311616827,155499.19268662867,75355.15761681982,76342.26534262755,2496.4304051368963,854.7130222270061,529.2189816603786,715.2546131095733,-8.514755507638133e-05,-0.0287545652218494,96,69,98.36318150032952
4700,816.948494716536,155484.09141483656,75342.93020541883,76345.2780969523,2428.255862740334,829.8055191762833,512.7698974678351,725.1503408731369,0.0001072238300837,-0.0289482726870373,96,69,98.3624102801512
4701,816.9511281932622,155476.44572489976,75345.19833501629,76352.33553373722,2366.0461193018127,806.8966689723311,496.931673993211,732.2507719493588,-8.788021400598563e-05,-0.0200144125971882,96,69,98.3616193061162
4702,816.968114226396,155480.05862543333,75322.27406225361,76353.35365582208,2315.309995045187,784.5722233007546,481.80263151574763,738.909691165376,3.459215294753183e-05,-0.0111811195635616,96,69,98.36080866448007
4703,816.9716834585029,155482.6890460866,75341.22010585734,76366.43845835802,2264.6823692453327,761.5250069341273,466.14037703551,744.1996108112216,3.205354665982826e-05,-0.0014985188686595,96,69,98.3599784422428
4704,816.9883994091653,155458.41948937127,75335.86706695842,76345.48849579548,2217.8363533162046,737.6465080642083,450.73892341484316,749.611283135222,-8.631212455846041e-05,-0.0064629229169805,96,69,98.3591287271456
4705,816.991023763022,155467.9294773645,75355.8436301288,76345.62932342959,2164.532804214454,713.6184870311408,435.4223325875937,754.8746209692035,0.0001072257887846,-0.0226303994594074,96,69,98.35825960766692
4706,817.0081188054191,155463.4956266687,75346.8583687742,76342.37769537304,2112.0094063400174,691.3864735434036,422.0826712453272,760.4232344011543,-8.671889971724212e-05,-0.0084575349556739,96,69,98.35737117301844
4707,817.0116106219865,155448.6814660476,75343.715220099,76356.41532954948,2054.305514544656,672.9099443982996,411.165432162059,766.1217645748111,3.271626638950848e-05,0.0178548530775479,96,69,98.3564635131417
4708,817.028325678156,155453.70933273603,75346.84378683036,76341.752088688,2002.9060248393216,660.249177308302,404.5108401142061,771.2046574452834,3.3919352990319976e-05,0.0329644763601064,96,69,98.35553671870332
4709,817.0308900980485,155440.7343150805,75355.2371596545,76335.90328887262,1955.66226833791,654.196979250235,401.8808809815673,776.0519140756514,-8.744711473936867e-05,0.0338706695470461,96,69,98.35459088109192
4710,817.0481856286602,155429.8095217512,75345.84416893513,76346.98010823806,1925.918661026226,654.8900388165348,404.01468686087173,779.3111939889495,0.0001071916182909,0.0403171864720218,96,69,98.35362609241342
4711,817.0514105140926,155426.55341616552,75353.846317782,76339.3153141335,1909.5442918484332,660.9424311680923,409.3204408012389,782.4707006455283,-8.552885808769964e-05,0.0336500562541306,96,69,98.35264244548785
4712,817.0687147371341,155436.0873296946,75340.54431798274,76353.49007292256,1915.4228534509894,670.8704264493426,417.4266261441808,784.1316852155724,3.08301380893945e-05,0.0211892142042162,96,69,98.35164003384428
4713,817.0713098086103,155444.97020204292,75344.8316399111,76349.26097752007,1933.5209993384778,682.4347947431525,426.04882480271044,786.9600039130601,3.577293826942238e-05,0.0105408678167618,96,69,98.35061895171748
4714,817.0879862404172,155431.46373967075,75358.51932912949,76335.9018495178,1967.0146952940268,694.2171415625198,434.6924583093205,789.0478410431242,-8.855216927690317e-05,-0.0143274672351484,96,69,98.34957929404362
4715,817.0914729157599,155407.94722915738,75344.89207106951,76359.2260507616,2001.867142148898,704.4806588078936,441.41754443064565,793.2745128238457,0.0001071213404841,-0.0526517651962888,96,69,98.34852115645576
4716,817.1085894009595,155411.38417557834,75340.81596137029,76351.20060927204,2038.8561146359425,712.4875487140671,446.35038898329367,796.662335215864,-8.431050008530174e-05,-0.0595883511632896,96,69,98.3474446352801
4717,817.1112299780822,155411.542337057,75350.11411455327,76342.85621899799,2064.261460441281,716.959956001665,448.303800428519,801.9709715286153,2.893441541674201e-05,-0.0600612838150817,96,69,98.34634982753134
4718,817.1279152694054,155419.6050221866,75351.06591836092,76359.11647705914,2081.7099152404116,717.5876356294029,448.21178971996414,804.7540082218184,3.7613692765936366e-05,-0.0714079627953091,96,69,98.34523683090866
4719,817.1314740212979,155410.12435039156,75346.02767715242,76350.43544772093,2080.6515538560925,713.3397828409943,445.36590093234554,807.6266856231668,-8.962691906812662e-05,-0.0622758584965978,96,69,98.3441057437914
4720,817.1484925170157,155397.58427430177,75344.74729817882,76327.76041664925,2066.972821663134,704.3020521081344,440.78219228296075,805.6614044509188,0.0001070150012126,-0.0540464905023742,96,69,98.34295666523444
4721,817.1511286604612,155391.46909448458,75334.76504263192,76342.27492854856,2032.0067810658365,689.8804161249282,433.48956590445596,802.3935857916076,-8.306424447097095e-05,-0.0531835728405715,96,69,98.3417896949639
4722,817.1678692011848,155411.00401012535,75356.08555637761,76351.58185321472,1984.1383992168703,670.8802031437517,424.25322518346366,792.931123141956,2.7029741839067628e-05,-0.0296434589519433,96,69,98.34060493337316
4723,817.1714579325403,155427.5077247302,75332.088299278,76352.70181089483,1916.9885470324662,647.2633327928925,411.8851841943688,782.2133675076766,3.94409996686368e-05,-0.0274837197068888,96,69,98.33940248151758
4724,817.1884001349022,155443.443890559,75335.02760074627,76341.71330980535,1841.282588178292,620.349764044644,397.2708946092753,766.1904651836667,-9.06710181630654e-05,-0.0299790600476471,96,69,98.3381824411106
4725,817.1910214881683,155443.15945895738,75350.01079754771,76336.89802937013,1753.3695860433509,590.3242977563496,379.70210016006604,750.9752644459077,0.0001068726473186,-0.0253248330850435,96,69,98.33694491451917
4726,817.20783834019,155464.8150112446,75336.3911720964,76343.77889006613,1666.8055826274212,558.7930103143735,360.89462291719974,731.8531577592075,-8.179052605075608e-05,-0.0208916927225765,96,69,98.33569000475902
4727,817.2114294494309,155506.11112707437,75333.04108017043,76344.2528003485,1578.2808506924193,525.947830797435,340.7084347983182,714.8338846104743,2.5116761065062e-05,-0.017439106407268,96,69,98.33441781548994
4728,817.2283093299338,155485.91301842508,75325.06387789888,76332.10061072119,1499.1437067817315,493.4498936991731,321.04830649629,694.4207871899998,4.1254247746774906e-05,-0.0088821838922617,96,69,98.33312845101123
4729,817.2309112741415,155526.7471572681,75347.6309659877,76341.04962158481,1422.4641729055438,461.3448875175818,301.49554851214634,676.3263898755831,-9.168412729952724e-05,-0.0215565655182986,96,69,98.33182201625752
4730,817.2478215505771,155531.66773784376,75344.2230224093,76344.11436768081,1356.3690181162092,431.24887074866274,283.54635489935754,653.9050475561235,0.0001066943434257,-0.0351403160144629,96,69,98.33049861679326
4731,817.2513867938771,155547.34560239385,75349.59429358109,76322.89258633956,1290.6053171677631,402.7460478812427,266.1380805935769,633.3173838085495,-8.048978428576029e-05,-0.0270857902624809,96,69,98.3291583588084
4732,817.268223119536,155568.82401557066,75341.75461508823,76358.293355147,1231.4775298355962,376.9847366936592,250.30528929599677,608.5073157224688,2.319612244608174e-05,-0.0223079438278456,96,69,98.32780134911351
4733,817.2707949550202,155592.82027428795,75347.54205733063,76321.73739955762,1169.1207515816786,352.9704459321365,234.77089584298665,586.5554269051354,4.305283318898595e-05,-0.0273439737021816,96,69,98.3264276951354
4734,817.2878241175878,155639.89777059018,75344.78596110611,76366.51929044134,1112.4500665949308,331.72142885476933,220.79313195383293,560.9759079259238,-9.266591743446794e-05,-0.0368601758655605,96,69,98.32503750491156
4735,817.2913198886067,155671.16672419853,75359.35413609288,76344.22800405942,1053.324882588815,312.06270541306003,207.24074239388574,539.020501788531,0.0001064801645956,-0.0388314310611811,96,69,98.3236308870856
4736,817.3081567182031,155644.07352919527,75342.56199291127,76342.35219973887,1001.6245684253518,295.1424739246286,195.5700217728736,513.6781563193363,-7.916246918577926e-05,-0.0365397816532062,96,69,98.3222079509027
4737,817.3106500366323,155681.11111570295,75327.82313915847,76345.98972488225,949.3214180119103,279.75929931107385,184.71156773655093,491.5741109030496,2.1268476063690053e-05,-0.0350637173298928,96,69,98.32076880620416
4738,817.3278863746337,155702.8081080135,75368.80007329994,76357.98114434029,906.3479465034907,267.1529576408502,176.21716556261526,464.42092960709124,4.483615528326533e-05,-0.03672623736911,96,69,98.3193135634227
4739,817.3311399065091,155722.16802410124,75317.30089893461,76359.26295047942,862.6024857150624,255.6026998525631,168.64448200934567,439.43407906530774,-9.361607130176394e-05,-0.0394637225852489,96,69,98.31784233357725
4740,817.3484324402028,155777.20993673595,75343.59776785469,76353.04699692619,826.1943423699122,245.93055031102267,163.1616607674223,409.154759113444,0.0001062301978471,-0.0291802648657571,96,69,98.31635522826824
4741,817.3511657217159,155762.4704857682,75358.94439836575,76315.27769206777,785.514216078911,235.8741240811505,157.84802697581472,382.1043011514703,-7.780903934378709e-05,-0.0303136966224441,96,69,98.31485235967244
4742,817.3676951957631,155815.54431941608,75333.15209407742,76347.45657955852,748.5888395489892,226.22757942599128,153.67978462771862,351.5966941837687,1.9334474491890296e-05,-0.0368151826351742,96,69,98.31333384053764
4743,817.3711879655397,155847.1300941436,75340.1109814532,76349.2697545094,704.9414091093349,214.89190053315542,148.7193542883615,326.3611856311036,4.66036195904832e-05,-0.0352613774626886,96,69,98.31179978417754
4744,817.3883298052682,155872.4923243906,75335.19435873968,76312.245804539,664.1581354042282,203.25748622578976,144.13909456072724,299.7496155210829,-9.453428191199516e-05,-0.0368802072142978,96,69,98.310250304467
4745,817.3910735352706,155857.2030704856,75327.73684289579,76337.08550513229,617.4736353225308,189.85010048472031,138.2363331625529,279.9660987282987,0.0001059445426117,-0.0625587123247526,96,69,98.30868551583649
4746,817.4076229919533,155881.32706522846,75366.3120944705,76353.32926331993,577.1354084478226,177.13403129157086,132.72105185003602,258.4379979717487,-7.642996183219501e-05,-0.058936927532112,96,69,98.30710553326692
4747,817.4111842392981,155921.76269551684,75336.30055972916,76342.73433554798,534.8652634768514,164.05088943816372,126.05337099308963,241.65428137875278,1.739477224414273e-05,-0.0399935616802051,96,69,98.30551047228452
4748,817.4282493610635,155926.05477624116,75350.85401805029,76325.54962339303,500.6421057613916,152.76622398933978,119.67867927014595,220.2862774169189,4.8354637223274674e-05,-0.0499748047833798,96,69,98.30390044895552
4749,817.4309628567281,155944.2640827831,75356.3806218093,76343.2472931426,461.569632729108,140.7265164622222,111.20052526341169,200.68451841146452,-9.542025310906674e-05,-0.0220863378443947,96,69,98.30227557988071
4750,817.4475726335772,155989.25716139624,75356.04500957465,76331.12733562618,423.82852660899516,128.46955558340414,101.30491509003332,173.36886947066523,0.0001056233103248,-0.0390618275835341,96,69,98.30063598219029
4751,817.4511676291697,155979.6786246798,75351.13073908688,76336.46459084017,371.14388156554196,111.71347073983634,86.93304342916235,145.7541229519411,-7.502571199984966e-05,-0.0724305880708537,96,69,98.29898177353842
4752,817.468170474011,156008.88851184509,75353.53985140374,76337.16198120012,309.4235463925288,90.75523621801403,69.1356726216909,110.94219718693057,1.545002558526435e-05,-0.0703443557396965,96,69,98.29731307209796
4753,817.4708469166987,156041.6358052787,75338.41474163413,76331.57117551767,227.1353896765504,63.259559025624185,46.71453879933688,79.12914850469679,5.00886248963795e-05,-0.1054741227428361,96,69,98.29562999655474
4754,817.4875364239158,156096.13054470054,75327.44844164872,76343.61942156649,142.1286011732882,34.73540360326297,24.585714873857796,45.34355409181444,-9.627370022984772e-05,-0.1154809656783339,96,69,98.29393266610252
4755,817.4911415415658,156121.68390008944,75351.3868302164,76346.8884476922,57.513951222237665,9.55741481485893,6.046996588003822,21.193908313376596,0.0001052666239881,-0.1270725154374957,96,69,98.29222120043714
4756,817.5080909518889,156121.7136430526,75343.53894567324,76322.21586880257,5.7096556553733535,-0.0,-0.0,2.563984855689341,-7.359677389360262e-05,-0.1339581017962729,96,69,98.29049571975148
4757,817.5107279789751,156129.52183190026,75365.05840142624,76325.33797305958,-0.0,14.411410410219105,11.495916086394573,-0.0,1.3500891469548744e-05,-0.1312004387595654,96,69,98.28875634472936
4758,817.5275138456352,156122.829911813,75361.00029353455,76322.3629880524,76.08755699038738,64.79555224378419,48.198811368085444,6.675474477320677,5.180500548543099e-05,-0.1282724575833804,96,69,98.28700319654044
4759,817.5311038875742,156086.40907568036,75333.18172730105,76320.15254443251,237.7580112736905,152.9026654346817,109.8748797068256,30.263227848918177,-9.709434900157676e-05,-0.1202528678086966,96,69,98.28523639683448
4760,817.5480135527417,156018.3270498671,75343.28627806422,76315.93739400046,499.70372782152845,279.2206141310744,196.0071236237127,62.061111150396755,0.00010487461894,-0.1018065854981613,96,69,98.28345606773576
4761,817.5506034981386,156015.1726544176,75338.4958999433,76327.42951472652,837.1896799894166,431.4593983479426,297.1147949231381,107.95715244789608,-7.214363930488352e-05,0.0613247759606902,96,69,98.2816623318372
4762,817.5675095625708,155953.25732017492,75338.43318075768,76308.7000912204,1237.0515768940095,597.9766134165402,405.24485217549955,157.84042843809584,1.1548029348462849e-05,0.3078681277906218,96,69,98.2798553121953
4763,817.5710458863458,155903.34881584786,75345.53151816298,76315.83648664146,1651.3887483419967,758.6407274856465,506.6981544875889,217.2414549854584,5.350320798453895e-05,0.1116108784892787,96,69,98.27803513232374
4764,817.5879507758825,155834.83272029608,75321.73197261724,76324.9497106303,2055.5175758121186,900.8664739054511,593.9207109539711,276.6333074477152,-9.788193681813524e-05,-0.4301427925106676,96,69,98.27620191618834
4765,817.5904557690908,155751.68991906004,75314.0873442722,76328.73211658413,2404.210294465476,1010.230230704241,657.8686453314294,341.59789470222313,0.0001044474418193,-0.3213080478740955,96,69,98.27435578820074
4766,817.607554818805,155673.16082135978,75359.77230963639,76320.92288603543,2689.058449043834,1085.074575892737,698.7245183253835,402.1592152363155,-7.066680844079526e-05,-0.1158696649089293,96,69,98.2724968732132
4767,817.6109015032756,155660.07774253195,75327.6679779705,76318.07411196716,2886.253388418758,1122.8533887594094,715.4219801233121,464.052546874329,9.59209835487472e-06,-0.2043867141613635,96,69,98.27062529651226
4768,817.6281107275031,155584.2454399978,75366.51685324156,76353.13574731092,3009.967363980948,1132.3657474067877,714.8705875484738,517.8433273528644,5.518266762300621e-05,-0.1449528440094712,96,69,98.2687411838133
4769,817.6310445613078,155519.00817506068,75328.90875596306,76338.12485366897,3055.436379406019,1117.8506721629237,700.1885771473608,569.5425300322531,-9.863621231631078e-05,-0.1596650030375412,96,69,98.26684466125482
4770,817.6473970379568,155475.64720097135,75326.67368951094,76331.4418697323,3049.9369686606806,1090.846024995335,679.6566529239644,610.4738467507705,0.0001039852518081,-0.168399910089096,96,69,98.26493585539214
4771,817.6509212755652,155442.84139046818,75320.96730177542,76325.18910033203,2995.7614813921973,1054.7991857119196,655.3344719163579,647.3510789416323,-6.916678874604003e-05,-0.1524697221135444,96,69,98.26301489319172
4772,817.6680379421331,155399.88744462756,75329.0018722562,76338.94008663746,2921.0107199187623,1018.1091841510206,632.705456194788,673.430291675555,7.633759384770767e-06,-0.1649253481008356,96,69,98.26108190202577
4773,817.6709374731074,155370.17573781704,75334.90556453782,76335.34880320085,2825.042818208458,980.2551468384918,610.483200773655,697.4903794064012,5.684282642871552e-05,-0.1562215644476006,96,69,98.25913700966537
4774,817.6873264909678,155380.44955360837,75339.50856341436,76329.98468928727,2732.9185185726383,946.6782198542933,591.6450033663568,713.8239009135868,-9.935693498612428e-05,-0.1484693725508505,96,69,98.25718034427535
4775,817.6909084707756,155348.34348571964,75325.72550419693,76314.71993013249,2639.560403776646,914.7175065147458,573.3085496075946,731.3837479527574,0.0001034882190598,-0.1544699869984115,96,69,98.25521203440792
4776,817.7079758984861,155341.97630205256,75327.19598821257,76318.29462388752,2563.4145618874463,888.2689979898132,557.6005861724261,744.3467837347125,-6.76440954308143e-05,-0.1497609991911651,96,69,98.25323220899696
4777,817.7108184118316,155324.2509527101,75331.87636946412,76324.89014426687,2491.7882178867003,863.4917375184305,541.3738079894974,760.6632499408151,5.673673075854381e-06,-0.1428769142191147,96,69,98.2512409973515
4778,817.7272718842147,155286.26513679433,75319.82990688058,76305.90585597279,2437.2800783452694,843.7623444603378,527.0821168555703,772.3380519649945,5.8483133059244736e-05,-0.1389395555458588,96,69,98.24923852915036
4779,817.7308891021448,155277.27303994523,75310.50449994863,76303.02559082881,2382.2302359809983,824.5687551304582,511.8103279248171,785.4851472886803,-0.0001000438764506,-0.1492845595174368,96,69,98.24722493443556
4780,817.7479112107433,155261.90782511723,75326.59270566663,76311.16738447809,2335.4804864203325,808.3996360141173,497.9097161961545,791.7363028631371,0.0001029565260465,-0.1507453591601418,96,69,98.24520034360668
4781,817.7506958984412,155260.70888366303,75317.22816756048,76285.36050358658,2278.884781654924,790.2147461584827,482.4060154305189,797.8103561070748,-6.609925146574535e-05,-0.1433814678061355,96,69,98.24316488741442
4782,817.7672289139474,155272.13984352982,75336.30865248799,76327.47196845186,2225.606633968826,773.1349706635228,468.12637093188823,796.0051224559138,3.7125007543508e-06,-0.1316466134092667,96,69,98.24111869695471
4783,817.7708643662522,155276.56709636093,75338.75675146155,76297.80208872064,2163.4065127688227,753.357427313269,452.82173604946,794.3887193564442,6.010304309388416e-05,-0.1138741848653621,96,69,98.23906190366256
4784,817.7878429254084,155265.29876967153,75313.84139084055,76299.13899465947,2110.2938150177943,735.419940934662,440.0431236793229,787.1201432344096,-0.0001006968191062,-0.1079249498927299,96,69,98.23699463930564
4785,817.7905713226492,155249.80095160383,75326.44016853016,76314.97207909184,2057.493524739286,717.0521488941595,428.33330649259733,783.5298061733192,0.0001023903665133,-0.1008732986473333,96,69,98.2349170359787
4786,817.807197792868,155275.58219040604,75334.59965607207,76300.13228560225,2024.9492945678649,704.2275178758282,421.89584278533584,777.4845126388245,-6.453278643442657e-05,-0.0832104349447884,96,69,98.23282922609684
4787,817.8108319805299,155288.05932572184,75346.63364754523,76311.0646196191,2001.9591004920658,694.9879431614536,419.09039214404766,777.7100505702547,1.7509039181645654e-06,-0.0924374733947149,96,69,98.23073134238956
4788,817.8277732770653,155267.08143818416,75319.22606628512,76297.45090795304,2002.9432999714627,694.1625952209724,422.8740298523335,777.4050739574886,6.170201909378528e-05,-0.0851849105171354,96,69,98.2286235178943
4789,817.8304430426834,155250.72473411428,75356.80351021817,76327.4166273888,2011.539323457575,697.9428388518718,429.9934122893319,784.1821651131031,-0.0001013155574094,-0.0984714214790824,96,69,98.22650588595071
4790,817.8471819362228,155248.68327694232,75325.77906508397,76336.08484462026,2038.543071650085,709.2654177645891,441.96206816949416,789.3166859737539,0.0001017899454813,-0.1176199915653742,96,69,98.22437858019391
4791,817.8507854568525,155248.13745974144,75351.31811627655,76318.35525510128,2064.808663671254,722.427151951837,454.33699128296576,799.469448949385,-6.294523772418936e-05,-0.1306860452228478,96,69,98.22224173454843
4792,817.8677106217519,155207.75774554495,75323.64132173956,76319.38325890907,2099.0088853114285,738.7657837284642,467.7618167552573,805.9190446702414,-2.1045609521117226e-07,-0.1632730666211992,96,69,98.22009548322208
4793,817.8703001860823,155208.90281483927,75342.85035890334,76302.7603318825,2122.392768353864,752.1055426163075,477.73095500678755,815.6528274265584,6.327953087403302e-05,-0.197831620617501,96,69,98.21793996069908
4794,817.8872003602195,155214.3518132037,75334.06267114208,76313.30516402656,2146.266512901231,764.3618034658721,485.4898818646325,819.6534086086031,-0.0001018998973382,-0.2244166680880624,96,69,98.2157753017343
4795,817.8906861669283,155231.24675722411,75319.79929935369,76321.22254453202,2153.861293993017,770.1915659926453,487.3573947667028,825.4615991442406,0.0001011554800197,-0.2414675870206392,96,69,98.21360164134693
4796,817.9077610749439,155199.43662491048,75315.58353206329,76310.47939862675,2157.2025624839007,772.2049725121178,485.4234404344752,824.6886749659316,-6.133714898127065e-05,-0.2390089588683298,96,69,98.21141911481388
4797,817.9109332124056,155161.8474936765,75328.42354584491,76309.76760151197,2140.9172053185175,766.1005526834779,477.2642770164821,825.1259054639377,-2.1709185900316262e-06,-0.2393002353754905,96,69,98.20922785766324
4798,817.9271013577104,155210.42257430663,75354.166348144,76343.09551247933,2117.719644263794,755.2699218922353,466.05845476148534,818.4833655187103,6.483505611278096e-05,-0.2433507255135467,96,69,98.20702800566846
4799,817.9306664376988,155200.0262654581,75356.62361736104,76334.95877948734,2074.3800946257543,736.544336962761,450.53945390402805,812.4809886208386,-0.0001024496561337,-0.2672567163857806,96,69,98.20481969484158
4800,817.9477224178818,155222.27403761275,75340.06090126366,76326.0805733191,2024.665101703722,713.9474428486428,434.32118532047025,799.3779131546326,0.0001004871982492,-0.2579344999330216,96,69,98.20260306142688
4801,817.9508107518443,155211.12103127383,75347.64463721355,76321.61922606782,1956.6227169832564,684.9480414356076,416.2042334089929,788.0632897670439,-5.970907093176336e-05,-0.2391909817893915,96,69,98.20037824189436
4802,817.9670340147034,155247.0272795383,75336.7125921202,76311.06064770611,1886.2267860610737,654.282510584715,399.6221277206496,770.7578719991434,-4.129823032866445e-06,-0.2463944596367281,96,69,98.19814537293378
4803,817.9706417769032,155229.88456666478,75348.953978075,76324.77812400766,1803.6713542904472,620.1250218512578,383.07835390736,756.1890738812508,6.636807985293408e-05,-0.2532445459136085,96,69,98.19590459144756
4804,817.9876790356332,155291.56338492455,75369.13673681818,76313.01422679375,1724.380093723943,587.0446364211966,369.0818567762035,736.6598329742556,-0.0001029646633522,-0.2613896954488385,96,69,98.19365603454465
4805,817.9906854598748,155242.98170179914,75366.51990208928,76305.6349718084,1637.4238985657576,552.8957163200394,355.1692525197577,721.2968821744435,9.978533952159756e-05,-0.2917506424782963,96,69,98.19139983953428
4806,818.0069746419083,155314.55994076608,75319.33288581173,76320.8993590774,1557.9088524244144,521.8915784266137,342.9684680841747,701.4499054633197,-5.806156077469072e-05,-0.2907867617891312,96,69,98.18913614391896
4807,818.010618161343,155297.57019807893,75362.18234956179,76323.0642583898,1475.3141131518641,491.655929040091,329.5255450355762,685.5070111345267,-6.086510083266715e-06,-0.2770180956656342,96,69,98.18686508538858
4808,818.0276281255843,155335.74569511646,75349.97006596172,76308.10209953802,1403.4480892422143,465.49685075186426,315.998210550606,664.6506179217831,6.787809465503506e-05,-0.2951104329932477,96,69,98.18458680181328
4809,818.0305593090278,155329.41106925264,75345.82736352496,76301.07111085024,1330.6548548730207,440.3045709110738,299.70459147854126,647.727226527466,-0.0001034447602129,-0.295631052491426,96,69,98.1823014312375
4810,818.0469233678184,155354.60776520747,75376.77392038719,76289.017490474,1269.8239992381423,418.7650179277989,282.65392024072935,625.2924153359199,9.905015481354882e-05,-0.2944006610042673,96,69,98.18000911187325
4811,818.0505940109772,155370.52628591307,75324.03178311045,76304.67296781561,1208.197430147382,397.5595591136371,263.5174809519958,606.2136441018083,-5.639518160533237e-05,-0.296664695827561,96,69,98.17770998209328
4812,818.0675703185457,155378.25804734792,75347.28305823222,76294.49621508857,1155.5669621319976,378.86308568820823,245.20902597272652,581.6767400835524,-8.040321176321491e-06,-0.2962370047679032,96,69,98.17540418042492
4813,818.0704325922281,155437.16925551544,75353.12354321971,76319.29683154145,1097.474501255725,359.5004501931544,227.14651105483063,561.4938861903502,6.936460185216703e-05,-0.2976109171092867,96,69,98.1730918455436
4814,818.0868811915328,155429.64864088266,75336.58831112825,76308.12810882878,1044.104991942586,342.0342645592609,212.33958293843898,536.1804893047956,-0.0001038897994191,-0.2930118243372507,96,69,98.1707731162657
4815,818.090566957648,155442.58195758102,75348.14142944518,76303.54226257377,983.4350430399645,324.03664277099597,199.82487758778734,515.234753123048,9.828190553622596e-05,-0.2975237495884801,96,69,98.16844813154286
4816,818.1075071482582,155471.75775500142,75340.38367817304,76309.32640108505,927.4286302285618,308.1824105113337,191.31328428041888,489.13813523962745,-5.471050326840434e-05,-0.2867930154960831,96,69,98.16611703045436
4817,818.1103047936127,155496.8807395453,75342.29210992521,76318.9528189661,866.8970507592312,292.3842144381051,184.60704880705453,467.61128703385475,-9.99059928174423e-06,-0.2958554620144842,96,69,98.16377995220152
4818,818.1268499146612,155515.08626348583,75350.46661144028,76321.70774934016,815.8892144588754,279.2380480967404,180.18943306826986,440.0462056720571,7.082710988475797e-05,-0.29350073896871,96,69,98.16143703610048
4819,818.1305333709365,155543.6451075952,75328.77475737821,76318.60976876882,765.6086007534177,266.4908354022191,175.25253538813558,416.2107081141439,-0.0001042996456718,-0.2853233820176135,96,69,98.1590884215757
4820,818.1474421123958,155539.84427352098,75370.6333985998,76326.19873434881,726.7923896689317,255.77146427957632,169.9519326511654,386.28497862353106,9.748086469474033e-05,-0.2874677226780429,96,69,98.15673424815384
4821,818.1501727248867,155584.09760765027,75346.75167787468,76299.09155496194,687.5264966927934,244.42360419822216,162.2718333422381,361.21975149787613,-5.300810104417271e-05,-0.2862647014413243,96,69,98.15437465545617
4822,818.1668353421113,155614.87794796337,75356.07015876564,76339.29372299349,655.9107756342855,233.83816928931628,153.60655371812754,330.8142116195231,-1.1936688326237327e-05,-0.2831299928373593,96,69,98.15200978319292
4823,818.1704821626712,155639.40935826863,75361.88201457885,76318.24791743836,619.0953376732068,221.91777471495152,143.5810339403397,306.4306989138422,7.226513612542305e-05,-0.2726821953834691,96,69,98.149639771156
4824,818.1873971720206,155642.49450862582,75337.9848935337,76320.82581071527,584.5887402083026,210.40059859394387,134.49040359712671,278.08754445874365,-0.0001046741757414,-0.2458593221935348,96,69,98.14726475921287
4825,818.1908173679169,155680.38073403953,75352.53703686586,76296.27332035716,542.2659755171044,198.07276182736678,126.42537658911897,256.64701279529254,9.664731614256028e-05,-0.2597639178198312,96,69,98.14488488729916
4826,818.2068182910766,155684.28952618424,75377.66427640153,76291.24671068994,501.7266239334713,186.5208588227688,120.6968149652239,230.8340279032709,-5.1288556187411605e-05,-0.2877333969988647,96,69,98.14250029541331
4827,818.2104160008607,155731.19235998215,75347.40801181778,76307.7497156799,455.4048480055062,174.06333452637773,115.7746835994767,209.96873382743797,-1.3877934499655977e-05,-0.2925847835761099,96,69,98.1401111236083
4828,818.2273933192038,155738.06845538563,75326.96774322496,76313.0786681464,411.6612885881914,160.50935343385208,110.51137323438888,181.86239968793234,7.367820637878572e-05,-0.3210739053091679,96,69,98.13771751198637
4829,818.2306814407688,155754.08384654307,75362.89511943785,76312.49496436861,360.11989553744206,142.72538912371965,101.70370261801872,157.02825955400476,-0.0001050132785994,-0.3431427308593182,96,69,98.13531960069125
4830,818.2467541684126,155755.28349741426,75338.54330520524,76297.85481137414,305.8284008856863,119.66111813427415,87.76363363824203,123.77387512807036,9.578155456568922e-05,-0.3147217393997267,96,69,98.13291752990264
4831,818.2503783179885,155810.3301119307,75351.06167651292,76289.53883580452,238.62307429203065,89.84854660557176,67.53710775272339,94.12218520959141,-4.9552455559453336e-05,-0.3253457847425779,96,69,98.13051143982857
4832,818.2673671817565,155853.03711708038,75360.17169583336,76324.7185638835,166.68265311192954,55.928718462222605,43.17705371501506,58.75527813436929,-1.581368533300024e-05,-0.3147321340904768,96,69,98.12810147069936
4833,818.2705530796854,155873.3282847297,75364.32759670935,76317.16595030563,89.48354566964554,22.976807670260314,18.92657819815213,33.06872127216775,7.506585501360381e-05,-0.2981243928706337,96,69,98.12568776276044
4834,818.2866890842271,155875.06746575428,75341.41448787249,76291.05213655192,28.92016761074774,0.6274519816943211,1.9127677295182366,8.432747245620703,-0.0001053168545912,-0.294665433532971,96,69,98.12327045626624
4835,818.290349638509,155890.75123763038,75351.80219663304,76317.69737379377,-0.0,-0.0,-0.0,-0.0,9.488388512579862e-05,-0.2874958336419486,96,69,98.12084969147293
4836,818.3073286781645,155888.78115580813,75347.33755572558,76285.33507379555,33.62292232475011,32.06636937343865,20.404282087809406,-1.8258293744002003,-4.780039096204326e-05,-0.1595801697118692,96,69,98.11842560863208
4837,818.3104266718158,155842.58635609606,75340.32749084366,76296.77422147917,145.2572712332476,103.964546681309,67.6142840453249,17.248856051301118,-1.7743291103005815e-05,0.1134436813481622,96,69,98.11599834798434
4838,818.3266280908962,155860.832372861,75331.50153249757,76302.60943272727,353.6157175520784,216.2168556307588,141.50176510235178,44.26270520905382,7.642762496373994e-05,0.0840861875770673,96,69,98.11356804975196
4839,818.3303254012933,155757.8267260206,75325.60818910749,76313.55135687035,651.940996863821,362.2463253488386,237.4537415538507,90.58932079951046,-0.0001055848165173,-0.4700791278565431,96,69,98.11113485413247
4840,818.3472801417264,155723.06221405865,75349.91264905802,76314.12961760204,1028.4124838714488,528.2188002596085,346.05899511714233,141.43257982700015,9.395462389924764e-05,-0.5412712678905379,96,69,98.10869890129224
4841,818.3503013301222,155647.0026847485,75328.6893293818,76310.74906085372,1447.3014617917943,697.6179997106956,456.3959020417824,207.84042175204377,-4.603295974286984e-05,-0.2468301549022122,96,69,98.10626033135952
4842,818.3665729616245,155582.4221646692,75319.81299772671,76308.499085485,1875.0413430561312,852.7152646253817,556.6000274536491,273.3590922364383,-1.9666103823089927e-05,-0.2964156151974882,96,69,98.10381928441798
4843,818.3703032457177,155486.26654652396,75346.17140110857,76289.02899473802,2268.125669436995,980.8486504558969,638.2972591110884,348.49809931695927,7.776306808265619e-05,-0.2601948586161579,96,69,98.10137590049963
4844,818.387222333152,155438.88767350712,75324.3196161206,76283.41722837073,2598.2716305747163,1073.386187622411,695.6204796417878,417.3608305689995,-0.0001058170891866,-0.2435872037043748,96,69,98.09893031957871
4845,818.3901776955696,155364.44703754355,75316.6583071455,76294.4875063577,2840.6865907257306,1129.8758501317352,728.4260276381247,491.61638193859835,9.29940975122861e-05,-0.2559915813719824,96,69,98.09648268156454
4846,818.4065238199756,155270.3098418759,75312.70146685123,76320.20463200375,2992.5052032264066,1152.5811804633558,738.4589788496232,554.493228233332,-4.425076414231535e-05,-0.2233790543534607,96,69,98.09403312629514
4847,818.4102824863594,155209.5604353742,75321.4146013739,76309.89927201296,3056.269932267256,1149.2335258938401,731.6050126855989,617.6368630630895,-2.158147852181535e-05,-0.2329823752846562,96,69,98.09158179353037
4848,818.4271539297756,155168.27225203897,75331.53430837877,76298.85754841639,3050.6440283433185,1125.8188721780461,712.6016475105425,665.5507838652411,7.907174585459723e-05,-0.218077452749888,96,69,98.0891288229452
4849,818.4300599242301,155091.11204424652,75343.4137254706,76287.60359220838,2992.631729022367,1090.5812636473565,687.7406183479179,711.93837381716,-0.0001060136092414,-0.2032653228236825,96,69,98.08667435412367
4850,818.4464742788242,155070.50465551153,75317.38211498753,76295.93061346955,2905.5568793261773,1047.2003626594233,659.5726218461641,741.9356496247347,9.200264275253616e-05,-0.2074292786320983,96,69,98.0842185265513
4851,818.4502760271308,155033.6339785221,75319.55948776001,76259.19529727314,2803.825205572997,1001.4324800854374,631.4882889820001,771.0074570814322,-4.245441059844707e-05,-0.1840929332642483,96,69,98.081761479609
4852,818.4670339802602,155010.2276278368,75320.95301067409,76292.92721094404,2701.7632304124418,954.7366132550524,603.1757792755961,786.932717694639,-2.348877280601073e-05,-0.1709816704420293,96,69,98.0793033525664
4853,818.4706824026521,154997.3547988027,75324.1639839958,76265.35675866173,2603.754472362867,911.7164316020207,576.3442846348044,806.5108381002501,8.035322819486265e-05,-0.1709526897176376,96,69,98.07684428457512
4854,818.486557918519,154979.98524770097,75311.76753737735,76301.57521466234,2514.067152349453,872.7278256614663,549.9916723615606,817.5542317679501,-0.0001061743255746,-0.1706252260385097,96,69,98.0743844146619
4855,818.490161856649,154962.71250874762,75317.81584644227,76273.66026008013,2430.492152644729,841.232975444218,526.1500657735742,835.1979205001553,9.098060665490926e-05,-0.1721504886394553,96,69,98.07192388172244
4856,818.5070618312815,154935.34631947346,75297.01001108914,76279.04141761218,2353.0941449645325,815.4984357272333,504.1941555272497,845.1887262454547,-4.064451101130959e-05,-0.194448315777293,96,69,98.06946282451432
4857,818.5105370585889,154915.19887152244,75323.84630046712,76271.76676602798,2278.900565187505,796.8042006165633,486.5188570866303,862.1073602606484,-2.538734736109809e-05,-0.1625129066625808,96,69,98.0670013816506
4858,818.5264958329168,154881.72476469155,75312.35580389677,76286.46816203269,2208.559162638383,780.6667807762424,471.85054333976586,869.9093584215443,8.16070948225775e-05,-0.1318085908071964,96,69,98.06453969159332
4859,818.530111185424,154869.13998432877,75335.15175358823,76265.78910102659,2141.1739027355798,766.5881671677635,461.5376348942227,881.7316304279666,-0.000106299199147,-0.1284121425869758,96,69,98.06207789264656
4860,818.5470504689658,154885.52320194492,75321.7736135277,76264.81036411879,2078.61547596578,749.7063729319634,453.1126306752267,881.9591740229225,8.992834685619109e-05,-0.0934517815576927,96,69,98.05961612295005
4861,818.55040899873,154892.45223981843,75313.58245350338,76284.94651457254,2021.1938789709238,731.3310193804646,447.41999922320247,886.1806310888787,-3.882168065531012e-05,-0.0736126314435165,96,69,98.0571545204724
4862,818.5664244888463,154839.53244330277,75314.9828425995,76266.94913154436,1970.7621525665163,709.166154304301,441.77009028429165,879.7823046597478,-2.7276565903671123e-05,-0.0696726675638325,96,69,98.05469322300496
4863,818.5700764158985,154884.02483781145,75325.67968269148,76257.50768544094,1927.7151238320512,687.5817385412229,437.4787453986646,878.6839378902805,8.283293489755994e-05,-0.0636414190218145,96,69,98.05223236815443
4864,818.5870231673783,154856.78801065206,75305.15743088422,76293.38989913934,1893.2795360513264,666.691347900778,432.66380976873916,869.310946561076,-0.0001063882029388,-0.0561874336848338,96,69,98.04977209333724
4865,818.5902847858379,154856.32259865684,75314.27443925105,76242.56149307606,1867.9768202790292,652.3003523121733,429.6388906178763,869.0279794814996,8.88462304001979e-05,-0.0629659977837168,96,69,98.04731253577228
4866,818.6063539947038,154862.3646022061,75333.76213296923,76218.69261060667,1852.9087261174573,643.8293531444797,426.7926333330979,863.3574022901885,-3.698653963119732e-05,-0.0759894798753207,96,69,98.04485383247442
4867,818.6100498313864,154863.53620241417,75311.81635999588,76256.3880268169,1848.860387749155,645.1133013282233,426.3466156007489,867.880793038581,-2.915579587140776e-05,-0.1008414307323893,96,69,98.04239612024848
4868,818.6269843243791,154833.70844397135,75290.50413564139,76272.38339732104,1856.1082793941605,652.8492771339806,426.4060710427584,867.3885773227667,8.403034688849168e-05,-0.144720240584033,96,69,98.039939535682
4869,818.6301617774081,154842.19991950435,75318.45050604017,76277.89866374248,1873.9972797325463,668.29932890278,429.0407843069697,877.3158569430525,-0.000106441322322,-0.149011186708584,96,69,98.03748421513912
4870,818.6462876553611,154815.68213285154,75316.95306863965,76272.30915994353,1899.7741976056132,685.5742098249611,431.87034142788616,880.7080872271326,8.773463495563067e-05,-0.147910349610823,96,69,98.03503029475404
4871,818.6500280439176,154808.23235569734,75310.21039281302,76287.50849483909,1929.5216199737624,704.4136748228048,436.50272030124324,891.4328063603316,-3.5139711204744555e-05,-0.1600342041387539,96,69,98.03257791042458
4872,818.6669354494036,154797.8196218806,75304.3139772126,76253.01614246842,1957.2493428832968,718.7299100577511,440.144096250413,893.0319231901376,-3.102440806506264e-05,-0.1565992584646897,96,69,98.03012719780529
4873,818.6700395839777,154762.21133876906,75312.67884976433,76280.61847159176,1977.5428281110362,729.3211712503835,444.0952603483165,900.7066155434295,8.519893962140055e-05,-0.1446941874173766,96,69,98.02767829230122
4874,818.6862269818234,154781.3699179315,75335.29370992881,76273.33944055182,1984.5682696713484,731.3944799034944,445.0807292734971,897.8772324617603,-0.0001064585542122,-0.138271237838472,96,69,98.02523132906174
4875,818.690008854099,154791.06462807994,75331.08106148934,76269.9990189074,1975.5834028238314,727.4550657391665,444.32032147885184,899.5818448242499,8.659394737064394e-05,-0.1257837481021118,96,69,98.02278644297338
4876,818.706877268958,154784.52440842672,75314.496284627,76293.7655459885,1948.994817911298,714.594353564753,439.0474892105558,890.495578857779,-3.328182290561469e-05,-0.11288291415465,96,69,98.02034376865444
4877,818.7099185984372,154780.62021545853,75293.65537644114,76284.33728388128,1907.309956405894,696.9843667982495,431.3357994457474,886.6206297267345,-3.2881777342641407e-05,-0.113738321004596,96,69,98.01790344044728
4878,818.7261727123446,154781.1154462456,75320.59357453891,76278.09461933575,1853.269299540494,672.4830408594862,419.019380136102,871.7346531857329,8.633833113201913e-05,-0.1200333951923704,96,69,98.0154655924128
4879,818.7299905284525,154767.92131433263,75313.85783480518,76269.96851816076,1792.1995366162737,645.6733002425899,404.66960927966284,861.1157711778069,-0.0001064399084975,-0.1105997316291291,96,69,98.01303035832392
4880,818.7468102881113,154799.9710017558,75332.601696626,76303.722959606,1727.213342687348,614.7021059407125,386.6029126549838,839.7240139366768,8.542456431429342e-05,-0.1083562454973098,96,69,98.01059787165865
4881,818.7497995465761,154815.9321017852,75332.17975620447,76265.89140498432,1661.8848521781038,584.0831236847298,367.68575913095265,823.8603914531413,-3.141350553067692e-05,-0.102180989291493,96,69,98.00816826559442
4882,818.7661251369794,154853.04389979586,75320.93776912063,76275.47783102164,1595.8193644257262,551.216999038108,346.2100595617085,797.8908106367744,-3.472728239393249e-05,-0.0966459071613452,96,69,98.00574167300108
4883,818.7699715705733,154861.07741972123,75318.96374334757,76280.19375921028,1528.9911321362015,519.851591618135,325.0901477362495,777.5634786192095,8.744815006503969e-05,-0.0971808026712882,96,69,98.00331822643533
4884,818.7867349924636,154851.87625188392,75354.89858294842,76284.38716143946,1458.4494192146813,487.0266534854745,302.90588846631,748.0896834351588,-0.0001063854059247,-0.0969144051146835,96,69,98.00089805813327
4885,818.7896832988242,154901.7387477051,75322.60790030274,76277.30418619791,1383.542111563147,456.28150650336465,282.706102332304,725.2514582406147,8.42268920545945e-05,-0.0991237371316628,96,69,97.99848130000544
4886,818.8060842306649,154927.30370660772,75285.27409493527,76287.39415077222,1302.6784312130185,424.44821927239536,262.8877865470131,692.977187599492,-2.953539312303328e-05,-0.1065029497166867,96,69,97.9960680836292
4887,818.8099506404595,154920.24089991974,75322.38849980368,76298.5640977983,1218.419656465936,395.23079897853313,246.25152282827185,666.5603025529417,-3.656030609938034e-05,-0.103091859425988,96,69,97.99365854024336
4888,818.8266519319965,154962.3084362152,75329.72680989373,76297.16076597013,1133.2478531470988,366.0352535201382,231.02948810742237,631.5209393042023,8.852803445830131e-05,-0.0919593800929837,96,69,97.99125280074136
4889,818.8295707713689,154991.22669059056,75316.65877314165,76294.76633774898,1053.000210374652,340.76404052312137,219.46667735173833,604.0525052385055,-0.0001062950806658,-0.0976822518627456,96,69,97.9888509956654
4890,818.8460497202349,155022.658117617,75329.4698245946,76267.39655888584,981.2262057724874,316.491453010487,208.90004167912412,569.3086288184568,8.300134638970338e-05,-0.0882045401255526,96,69,97.98645325520002
4891,818.8499265287834,155042.30742759147,75328.90949587846,76283.90711806642,921.9458467455697,296.67394995543873,200.73372217352153,543.348965639656,-2.764812282622615e-05,-0.0861692612960258,96,69,97.98405970916576
4892,818.8665617563188,155070.05091553798,75314.03291818952,76280.12774428785,874.5266739040962,278.20113763828704,191.94120531878434,512.2444679413748,-3.838023642908754e-05,-0.0938205058115837,96,69,97.98167048701347
4893,818.8694628645576,155082.0804678883,75318.4212608235,76295.99628120351,837.4514465914108,264.02961971198965,183.67471967003075,491.2395010123437,8.957763352299623e-05,-0.0803312865423941,96,69,97.97928571781743
4894,818.8860211257014,155109.29738134798,75310.35642717454,76261.05203956473,805.3258927719435,250.42133808901417,172.94936304193106,464.36357339966344,-0.0001061689777428,-0.0710829860914317,96,69,97.9769055302695
4895,818.8898981540362,155106.13467612036,75302.78732199097,76274.12581178658,774.1063238912611,239.89427904243348,161.41919685917674,445.6751581802382,8.174835177406294e-05,-0.0810084758953655,96,69,97.9745300526732
4896,818.906465226212,155132.2677909909,75316.55171888939,76268.94175160695,739.0638187768636,228.80090014349844,147.2909195901011,419.98681895108894,-2.57523344546528e-05,-0.0791798789335842,96,69,97.97215941293716
4897,818.9093604195655,155138.79951409015,75340.47370975393,76274.56832870665,699.0181444484042,219.60239563923096,133.44071431650082,401.26055100222584,-4.0186465186662e-05,-0.0679646560523452,96,69,97.9697937385694
4898,818.9259977911421,155170.64770178715,75324.50906093567,76255.92509613528,653.5910040772287,208.80727124182158,119.28941556345671,373.9260255152185,9.059660604105092e-05,-0.0669109430543168,96,69,97.96743315667096
4899,818.9298645695541,155191.07881754014,75327.10119807416,76297.71637288803,605.6605675381143,199.31278536425089,108.48629087331938,352.4552057994879,-0.0001060071552441,-0.0524436490710906,96,69,97.96507779392994
4900,818.9463632117663,155222.00921532736,75354.76432073895,76296.50377371907,557.7705905421753,188.38157934922492,100.523308811069,322.9195343379106,8.046834220121587e-05,-0.032037627365829,96,69,97.96272777661544
4901,818.9492641857248,155231.15705297815,75320.53525306834,76271.55414833159,512.9740540006314,178.83202335465467,97.56674842143548,299.3551313258067,-2.3848670363439285e-05,-0.0609109853536965,96,69,97.9603832305717
4902,818.9659789115992,155269.4951564506,75321.06432096468,76273.72368821067,471.6695422112243,167.30889358652348,96.67024589068023,266.6379047516093,-4.197838969532466e-05,-0.0857486789637373,96,69,97.9580442812118
4903,818.9698249743547,155277.9466665493,75303.3131370265,76291.29773008617,432.40326160320546,155.57066081181983,97.24171209291671,238.43916314438684,9.158462169904528e-05,-0.1010204393124966,96,69,97.95571105351188
4904,818.9862566820863,155289.40928386018,75299.89791622935,76273.3503895006,390.68834320508176,139.47294227196835,94.47223760533961,200.9108248653356,-0.0001058096825258,-0.1184909458875332,96,69,97.95338367200492
4905,818.9891747951036,155346.3490960922,75303.73435191413,76287.26228613418,340.98416240751976,120.0166550874419,87.08543478007778,167.8697879133979,7.916176040556729e-05,-0.1253407813270273,96,69,97.95106226077522
4906,819.0059635588459,155383.84347386356,75326.45618242027,76273.7240087985,278.7053070485126,93.73477409112093,71.86084255939932,126.14483470018604,-2.1937775718407965e-05,-0.1346563841520831,96,69,97.94874694345242
4907,819.0097787246602,155411.9589707765,75314.26961561057,76291.85650893321,203.20716499147238,64.20890079152014,51.24965183137101,91.41357176486054,-4.375541198118734e-05,-0.1200248161050835,96,69,97.94643784320488
4908,819.026146689224,155432.2206329425,75323.03690305103,76290.90416756284,121.00520708726253,32.92402682833199,27.513264579232782,53.36077487844159,9.254136053842036e-05,-0.1053298213329593,96,69,97.94413508273502
4909,819.0290927428924,155471.86208494764,75317.34526702344,76300.9784793432,46.01944506436121,9.151467211384443,8.350859142752597,28.087636995012872,-0.0001055766413166,-0.1009678344470152,96,69,97.94183878427242
4910,819.045950707104,155476.9223482142,75307.53009741206,76260.80556626053,-0.0,-0.0,-0.0,5.058653087995481,7.782905820309964e-05,-0.095034497510815,96,69,97.93954906956851
4911,819.0497253443812,155476.97575341465,75324.81361626739,76268.1190131538,6.7512724744156,17.84195518780325,11.12714383576531,-0.0,-2.002029737987364e-05,-0.0785882791160709,96,69,97.9372660598908
4912,819.0660343479351,155492.48202626331,75308.29573814194,76274.13481858897,89.16780842776643,68.80487221071962,45.48164171705139,2.106458870577626,-4.551693965325213e-05,0.0603685279049723,96,69,97.93498987601672
4913,819.0690183729834,155434.8354504283,75311.93252707594,76256.53342204753,260.0781717452337,158.33886747325596,105.31635460324469,24.29357192889438,9.3466513330368e-05,0.3270427492285703,96,69,97.93272063822828
4914,819.0859392591076,155406.05094975696,75312.06194846627,76271.17587439684,521.3572623785003,281.4159588409675,185.992189280194,53.15854928715271,-0.0001053081250743,0.3045500255779146,96,69,97.93045846630626
4915,819.0896645335553,155377.69435751805,75298.4834084309,76274.32584046904,857.7986339248018,430.24438519909745,281.1133979585429,99.79037135822,7.647069548991469e-05,-0.2494157933770282,96,69,97.92820347952416
4916,819.1059208123504,155290.17147532236,75324.46476337287,76263.08320791624,1243.9514273659443,588.4795218832587,379.74081475581625,150.02744889009045,-1.809688437927244e-05,-0.3462776806129754,96,69,97.92595579664324
4917,819.1089518685502,155264.20839535104,75291.69630170688,76253.761460257,1643.796436171513,741.3779950294702,472.57208310446003,212.75126082103816,-4.7262385230354e-05,-0.0462872551543298,96,69,97.92371553590594
4918,819.1259280722543,155169.18987876122,75318.80636084896,76287.46762204637,2023.3650595057406,872.6408539722033,550.2922229228134,272.7792563646217,9.435978173367204e-05,-0.0906517310491545,96,69,97.92148281503096
4919,819.1295961742476,155104.93831041612,75318.10745354222,76280.68791955213,2350.516945158888,973.7684387389309,608.6148355238402,339.1376554273302,-0.0001050042394823,-0.0765450548071031,96,69,97.9192577512077
4920,819.1458072503541,155033.03578743173,75303.86593601858,76290.53242849254,2606.513356238196,1039.0730467138637,645.2776288937894,397.80417288962053,7.508714108312634e-05,-0.0410021630464232,96,69,97.91704046109012
4921,819.1488932476786,154987.81294252424,75291.73016416201,76269.01667983159,2780.310272075294,1071.1554856859002,662.589667604203,457.52324806601973,-1.616818763645087e-05,-0.0471297992096095,96,69,97.91483106079158
4922,819.1659159844029,154936.8548407657,75308.12522185959,76271.07128197151,2875.6345610488206,1073.8512413753488,663.442640317633,505.08665995451156,-4.8991167708530656e-05,-0.0273779238658849,96,69,97.91262966587936
4923,819.1695203337675,154889.63729492383,75310.32788554569,76245.71992616805,2899.7664780016057,1055.5990223697154,652.7664250110101,550.782579967432,9.522087823747227e-05,-0.0308597747168257,96,69,97.910436391369
4924,819.1856948161303,154835.85728505824,75274.81728898792,76280.01174040533,2869.3998517398722,1022.5588038177812,634.0055973219569,583.4139099772437,-0.0001046651017266,-0.0275977246726662,96,69,97.90825135171885
4925,819.1888423643298,154791.76674449124,75314.0131242066,76260.79264714557,2798.300160855346,982.2414951569226,610.8451265861659,613.6400827876059,7.367887188348604e-05,-0.0173030904143806,96,69,97.90607466082506
4926,819.205901838385,154797.42351304964,75278.03827507184,76289.66746911661,2704.7437037943164,938.6273182046571,585.0909171579115,631.5911444187805,-1.4234858953458778e-05,-0.0159879136806734,96,69,97.90390643201526
4927,819.2094372654905,154763.5730428109,75298.4343261945,76275.65004652676,2599.5268852901063,896.4390303131804,558.7633953815093,649.5160175717028,-5.070271146405822e-05,-0.0201934927929921,96,69,97.90174677804436
4928,819.2255846210353,154739.3057798125,75289.4717153444,76263.56706576806,2495.9604530547513,857.2134284529748,532.6562047417974,658.877383229672,9.60495260342384e-05,-0.0296293779307611,96,69,97.8995958110882
4929,819.2287989152144,154750.27023639332,75292.0186555736,76256.33679768065,2398.3967138282023,823.2037153162819,508.04909696916,670.9963045878976,-0.0001042908409335,-0.0059614324907583,96,69,97.89745364273875
4930,819.2458845040088,154751.85857944784,75284.09858507033,76271.51228400564,2313.660205158172,794.0060907630686,485.48004539709655,676.754672257608,7.224637270583344e-05,0.0058677637067778,96,69,97.89532038399864
4931,819.2493474082165,154701.03430963535,75289.86695951152,76254.5048997746,2239.389760660415,769.9596592952876,465.8521035265876,686.6896028615884,-1.229755215077881e-05,0.0146113241084453,96,69,97.89319614527616
4932,819.265477702336,154690.53201672336,75305.04175557199,76263.30310445621,2177.19459949882,749.1781782717735,449.3406453616335,690.8243403059896,-5.239644657578826e-05,0.0202847628865793,96,69,97.8910810363797
4933,819.2687624538063,154712.17710652997,75299.51327710973,76252.89108783427,2120.804210055212,730.7456470123434,436.1547646099352,697.7244235918624,9.68454596958212e-05,0.0268650818603177,96,69,97.88897516651284
4934,819.2858628953336,154701.82146820048,75298.72091175253,76260.39783504976,2069.9142227425473,712.5752433575399,425.88867013622075,697.2777176694945,-0.0001038815985166,0.0470002529088826,96,69,97.88687864426876
4935,819.2892513860219,154669.46275539845,75272.50491636632,76266.07676120235,2017.9060922659119,694.3435153359897,418.0693395815906,698.8889426028181,7.079013695434648e-05,0.0590108312013241,96,69,97.88479157762568
4936,819.3053749881378,154673.8174453688,75301.04564354486,76270.90386131214,1966.9206301655504,675.5168255002791,411.88656614525826,693.8245287227037,-1.0356921630324945e-05,0.073727076789823,96,69,97.8827140739416
4937,819.3087324140171,154698.64250337682,75304.41534422761,76238.39112808235,1914.3933832133189,657.4855887106241,406.56141477206256,691.7538923710235,-5.407181020736596e-05,0.0826494112253675,96,69,97.88064623994862
4938,819.3258359793642,154721.89254192825,75274.60969431687,76277.15269876781,1866.9299927120446,641.4667345695489,401.48083094126196,685.1339521035843,9.76084250108174e-05,0.0785560576221139,96,69,97.87858818174898
4939,819.3291500129379,154689.283986057,75293.19480328295,76276.65865989678,1824.63388168643,629.7391308577644,396.352401322074,684.2641717841616,-0.0001034375269315,0.0933470644985488,96,69,97.87654000480894
4940,819.3452772540284,154680.12684713214,75272.87243723722,76278.08888188603,1795.0199684732943,623.5295148904406,391.55098246448324,681.4185137044988,6.931066524218046e-05,0.0903513588143404,96,69,97.87450181395484
4941,819.3487081495014,154683.54963989594,75296.31051113596,76256.6134296784,1776.6440566247911,623.9562065668579,387.7986484031135,685.0919860785943,-8.413622884069995e-06,0.0801770736345465,96,69,97.87247371336716
4942,819.3658027679838,154678.9871683886,75292.53819673159,76254.29101713978,1773.8028317611315,630.5914443374204,386.35146972571965,686.8696774487908,-5.572824541855939e-05,0.065695403914603,96,69,97.87045580657662
4943,819.3690443121818,154675.8976280182,75290.94514609147,76260.4531903238,1780.9723425470875,642.5412316777365,388.0350575008488,694.6811057206651,9.833817852799412e-05,0.0336899774429398,96,69,97.86844819645836
4944,819.3851850601245,154648.25653905596,75269.81882441927,76266.92428448709,1799.6715857156087,657.7243376054976,393.4677447008726,699.7357770358503,-0.0001029587905422,0.0066965324683984,96,69,97.86645098522776
4945,819.3886890031846,154658.4282614529,75265.02667738534,76273.02230834687,1822.7663714938099,674.0357963225688,402.026211214863,708.9531216269243,6.780846585078846e-05,-0.0008269746490111,96,69,97.8644642744355
4946,819.4057622736473,154632.49205503665,75303.04652068931,76261.91090987947,1850.9400133989984,689.0702414996049,412.6827441556961,714.0177237948519,-6.468311999738051e-06,-0.0248179006075726,96,69,97.86248816496251
4947,819.4089355746496,154654.6073026257,75291.90268603778,76269.33822384146,1876.1758573148982,700.9586944682087,423.32711263842066,722.2219946933619,-5.736520192352586e-05,-0.0309340592941439,96,69,97.86052275701564
4948,819.4250986375572,154606.4150294391,75275.99205155754,76268.43817287845,1898.870772347378,708.0957438394107,432.24303464224795,725.4273697436147,9.90344884831776e-05,-0.0210333923706048,96,69,97.85856815012237
4949,819.4286744474869,154627.10722945008,75274.70307409052,76271.87268378674,1910.8523656454054,709.492144414704,437.4173732799245,730.2221831798088,-0.0001024455653615,-0.0297507622813165,96,69,97.85662444312696
4950,819.4457133746154,154596.56245699144,75279.73163163911,76266.44047379498,1912.7351841783966,704.5228372734418,438.0283690284705,728.9915054854646,6.628405489912318e-05,-0.0162761626597571,96,69,97.85469173418522
4951,819.4488255287122,154640.00230456135,75278.60764552116,76277.10486394202,1897.355174972443,693.0157803687907,433.3202500664047,728.6058744544862,-4.521645513530947e-06,-0.0096190652544512,96,69,97.85277012075989
4952,819.4650176282914,154623.6971992877,75266.8067317353,76263.05653285867,1868.1255628639483,675.2410211844835,423.9122935560299,721.7042501156975,-5.898213636369287e-05,-0.0330702713901127,96,69,97.85085969961658
4953,819.4686644266834,154626.13000750096,75284.11432042487,76263.55960278412,1821.4484463392873,651.8857056230481,410.21596660648356,714.9129602017056,9.969713458299653e-05,-0.0113285321363397,96,69,97.84896056681872
4954,819.4856544063883,154603.61413187897,75289.51833860678,76253.33111649712,1763.925755569886,624.1511197694635,393.63219978587586,702.0215039781178,-0.0001018980390083,-0.004746403495489,96,69,97.84707281772312
4955,819.4887168799704,154644.37772892052,75289.94974206391,76272.55455871983,1694.0483471502666,593.4222647136194,374.8375106075837,690.478344143834,6.473795541915892e-05,-0.0150909323883262,96,69,97.84519654697624
4956,819.5049403072331,154655.98500915937,75296.36734130429,76250.45165120295,1619.6713677459047,561.3001834671159,355.1759464467468,674.6120401520457,-2.574279582750923e-06,-0.0288304562105096,96,69,97.8433318485086
4957,819.5086604472096,154697.17680444606,75271.84508875737,76255.97611370863,1539.1728540817276,529.0023233597312,334.9360323981673,661.4271770515188,-6.057851231148321e-05,-0.040775501865069,96,69,97.84147881553112
4958,819.5255816542943,154697.12147224203,75285.79249025324,76253.98161080637,1459.0787303502439,497.5105727242917,314.9300926407159,645.3970853729115,0.0001003259073722,-0.0296108378922484,96,69,97.8396375405312
4959,819.5286155054702,154667.99053141483,75267.5708520561,76257.91764767955,1376.2665187976672,467.1171499053744,294.9384904112376,632.6952464907663,-0.0001013164104702,-0.0280917054655304,96,69,97.83780811526712
4960,819.5448602124459,154701.7308344562,75301.45072480926,76266.37717818478,1296.7535691580852,438.0133861199138,275.57090800927836,616.7429056142864,6.317069755443183e-05,-0.035434309254436,96,69,97.835990630765
4961,819.5486709251581,154711.69513911952,75290.38690680165,76231.96040395007,1217.5215439709718,410.05060931966,256.70690924921655,602.4522053214605,-6.268714218659666e-07,-0.0433685119674542,96,69,97.83418517731404
4962,819.5654804407113,154765.03414232808,75301.40925888045,76264.39321026832,1144.6173749788431,383.4596243114938,239.2676389485714,583.6013970840722,-6.215380033038469e-05,-0.0403429137045791,96,69,97.83239184446236
4963,819.5685466162362,154742.88516680914,75290.33944022951,76242.27148617654,1075.035823705257,358.46157434603083,223.45786768643302,565.391748508322,0.0001009206096064,-0.032537780873352,96,69,97.83061072101287
4964,819.5847328695411,154768.01639349243,75296.46416379584,76267.11796725435,1014.7416123049334,335.76023750838067,210.31596743979026,542.2854936376389,-0.0001007008902861,-0.0388914417474334,96,69,97.82884189501904
4965,819.5887977705929,154777.21734075266,75293.78788198304,76239.96635860523,959.9571643325035,315.851799630138,199.738869258028,519.8548155234894,6.158281865736197e-05,-0.0442052209798022,96,69,97.82708545378128
4966,819.6048234411626,154839.63056809644,75301.3773712087,76270.2737095037,914.6005747956806,299.3058589985303,191.9768596512149,494.01891979100765,1.319923060103728e-06,-0.0340434422593016,96,69,97.82534148384217
4967,819.6080286866495,154838.40226203547,75306.86900721723,76255.13874320424,873.2130409997189,286.07385320386675,185.98966007572017,470.39037458927487,-6.370747864407188e-05,-0.0308294821066755,96,69,97.82361007098324
4968,819.6248665557977,154886.039988816,75304.15318854482,76261.84420842292,838.575405127951,275.830612704347,181.21155932353577,444.5812622247613,0.0001014810551619,-0.0319007669341251,96,69,97.82189130022054
4969,819.6286477652176,154874.04464045214,75319.67520018973,76270.28284643308,804.0426889460068,267.5252884287329,176.14336056794855,421.7795577762299,-0.0001000517001215,-0.0320883928621727,96,69,97.82018525580062
4970,819.6447646177329,154900.5097137259,75282.86567335261,76263.48813503809,772.0149336408358,260.03354995032714,170.30349132831907,397.2949292505218,5.997486247166533e-05,-0.0539827799675168,96,69,97.81849202119702
4971,819.6479300264367,154924.40692113043,75299.01017580027,76269.68158793577,736.5665994035662,252.1068560079584,162.84477114953916,375.27977353683673,3.265448030399868e-06,-0.0556864566342312,96,69,97.81681167910614
4972,819.6648853633128,154962.22996029485,75265.8843400067,76268.19733661001,701.210090070439,243.10839900319115,154.19478021122632,350.759729229816,-6.523903263382867e-05,-0.0354908066446979,96,69,97.81514431144396
4973,819.6685471968069,154976.96874560704,75306.61525008905,76289.66316250505,661.0890130319749,232.93641648220364,144.4321799534082,327.9168753248232,0.0001020070696206,-0.0366603861346473,96,69,97.81348999934131
4974,819.6846725112389,154985.70351081627,75292.74186760031,76255.52236020178,621.0907737836242,222.25914504721004,134.64581647349405,302.2823356559966,-9.936907315515253e-05,-0.0423951290262945,96,69,97.81184882314108
4975,819.6878620797929,155049.1429446271,75288.42440651848,76280.11499995244,578.3025034380262,211.96363622520585,125.23412560197175,277.77848258509766,5.834737931297972e-05,-0.0339724092062502,96,69,97.81022086239416
4976,819.704885792115,155036.87257608492,75348.22134607298,76278.02034593107,538.8375658327714,202.7170394021232,117.0073711212317,250.20461564371362,5.209048336496392e-06,-0.0339800942658654,96,69,97.80860619585584
4977,819.7084514960269,155046.45074747474,75282.01889271509,76262.72355003918,499.46642012539087,194.34381709519948,109.5858276541112,223.67151458657463,-6.674795558482179e-05,-0.0478020914726624,96,69,97.80700490148212
4978,819.7245733986814,155137.15057116596,75323.35027672647,76294.2690063245,464.16023736289935,185.47975209230208,102.57976299195434,194.4182957217563,0.0001024984903786,-0.04177434788483,96,69,97.8054170564262
4979,819.7278088012804,155112.9997413539,75297.2938401389,76260.11430162196,426.25795173528604,173.79769345346722,94.44480437214952,166.26436085696332,-9.865325354438158e-05,-0.0296654255583963,96,69,97.80384273703532
4980,819.7448772695991,155155.2217013487,75311.84338265128,76263.7309947209,385.2289160036016,156.43528559482365,83.92203086655354,135.79105491074733,5.670092622369293e-05,-0.044015752928239,96,69,97.80228201884673
4981,819.7483536607575,155200.1784230296,75290.53491200825,76268.34709559794,331.2031396125094,131.40311759379983,69.5482030818821,107.14908771257615,7.1500695956913e-06,-0.0482779708078125,96,69,97.8007349765846
4982,819.7644737639159,155212.5179227558,75317.3499017753,76263.76879931662,264.6404499053606,98.4717070619372,51.39027980357059,77.64105182135245,-6.823374880552768e-05,-0.0468710030670231,96,69,97.79920168415664
4983,819.767765634956,155228.52592211674,75304.88603876776,76286.31796322102,183.24625968863256,60.84938318938657,30.86243049026234,51.668553465628065,0.0001029551665898,-0.0626600809662402,96,69,97.79768221465048
4984,819.7848618895584,155267.2554783069,75315.58500654604,76271.50250663623,100.4962397585623,25.041873549984302,11.887996091565583,27.5551397332747,-9.790449666074572e-05,-0.0632349337579541,96,69,97.79617664033069
4985,819.7882518004351,155258.2019382703,75281.99018156125,76280.83443396931,30.14567779673962,1.1099889437027741,-0.0,10.593503401672933,5.503606573923496e-05,-0.0591395260685524,96,69,97.79468503263544
4986,819.8043765631352,155314.63547477554,75303.57305302657,76273.75429997274,-0.0,-0.0,1.9900753638939932,-0.0,9.087858990458144e-06,-0.0563546966624252,96,69,97.79320746217329
4987,819.8077303489491,155275.8607326967,75307.75470455397,76280.10199234664,31.418817985337228,31.958160621870775,23.872544071346056,0.8793355528032407,-6.969592105570366e-05,-0.0405789655227607,96,69,97.79174399871972
4988,819.824840011259,155273.00090613795,75303.6911236618,76278.20418281158,147.94304276880575,102.46653614797106,69.47256479578209,12.163751988788135,0.0001033769589366,-0.0443175494936167,96,69,97.7902947112146
4989,819.8281455451148,155248.56104393693,75307.28454223379,76275.9519094294,354.4728076561587,211.43736712346436,138.76413982387749,37.72231121145887,-9.712306861040368e-05,-0.0334391270285878,96,69,97.78885966775844
4990,819.8442835969236,155215.7861448455,75323.29459931077,76286.55279179239,648.8887030999176,350.96991184121,227.45373107329942,74.86537012332701,5.3353367064788e-05,-0.0243550851065913,96,69,97.78743893560998
4991,819.8477013927875,155156.34436184986,75313.48059319655,76263.45869424003,1007.6896655657329,508.1940621997637,327.5195228783705,124.98301528365118,1.1021764757081175e-05,0.0668596552926706,96,69,97.78603258118262
4992,819.8648114599835,155112.97631875632,75310.2455124879,76261.01062727223,1403.5703501746175,666.2265626464796,428.70034412932,183.54129211965483,-7.1133989641563e-05,0.3164200716790551,96,69,97.78464067004194
4993,819.8680351706356,155013.8278020984,75300.62989799533,76295.437329252,1797.5744103418547,809.6790891076089,520.8135354685655,250.16179788135923,0.0001037637399997,0.4262400562160576,96,69,97.78326326690252
4994,819.8841961279477,154948.48437312615,75278.54725052405,76276.96763875171,2159.643761018291,925.6851323905139,595.4868817719107,319.4086623986368,-9.630924689144276e-05,-0.0573190249954695,96,69,97.78190043562492
4995,819.8876774327856,154919.2743281453,75291.26232383521,76269.93680697387,2460.7054818050237,1008.1843143896986,647.9866953659075,390.17722527569276,5.165340457433709e-05,-0.3433262985089205,96,69,97.7805522392136
4996,819.9047759162896,154799.89246844526,75296.66417167356,76276.05862168793,2688.6885618048254,1055.8919256795489,677.1813714722957,457.5188326998905,1.2951136711316354e-05,-0.0254194599467445,96,69,97.77921873981307
4997,819.907921291111,154781.3608186661,75285.07134015452,76286.26300960324,2836.2097662452725,1073.7695238466404,685.682616052276,520.894292262994,-7.25474802935584e-05,-0.028138169141715,96,69,97.77789999870608
4998,819.9241150909188,154714.31061432682,75296.21881373682,76285.54693186817,2911.5260683837696,1068.2533193264971,677.9304612585693,576.5648655334662,0.0001041153944027,-0.0529114677663417,96,69,97.7765960763104
4999,819.9276571910331,154646.22061437814,75297.5956947139,76257.34430321842,2923.2118999486556,1047.983290769349,659.6211234553193,624.9703655509802,-9.546331920839126e-05,0.0071884779095071,96,69,97.77530703217646
5000,819.9447330783859,154580.5259895475,75310.1145430974,76282.13062403214,2888.848393884895,1019.1052739591978,635.5763866652851,664.1527618964901,4.993675859901931e-05,-0.0162051460417996,96,69,97.77403292498462
5001,819.9478047177821,154600.122874501,75303.63770615589,76275.76614323373,2820.8751899103518,987.4364151889458,610.042674540513,695.9671498436655,1.4875326758945304e-05,-0.0062186665053323,96,69,97.77277381254258
5002,819.9640411768098,154576.02747705925,75311.74075468376,76278.83663343838,2736.3951975334203,954.9648147315747,585.32345094216,720.1183390542574,-7.39359268095109e-05,-0.013514090770157,96,69,97.7715297517831
5003,819.9676393860223,154533.6959358177,75284.710534119,76274.21545196313,2644.8054274229216,923.8055463568016,563.2145546185639,739.2319324338168,0.0001044318184485,-0.0055992427787034,96,69,97.77030079876114
5004,819.9846827439087,154522.3757234264,75294.68928166418,76256.00011055169,2557.850795965758,893.4661406499945,544.0249159686209,753.7627375555167,-9.458558441146652e-05,-0.0001055592122807,96,69,97.7690870086518
5005,819.9876863763391,154512.71132044165,75305.67983778492,76288.94563315711,2478.8173370579025,865.2087239600805,528.2774759565655,765.971556321776,4.820401483308577e-05,0.0044501448918407,96,69,97.76788843574803
5006,820.0039748730511,154513.42339490468,75307.4025965127,76279.03239229253,2412.851685064903,838.5078804777295,515.2801964083337,775.9662329114217,1.6793688416831837e-05,0.0068836907781991,96,69,97.76670513345782
5007,820.0076227124811,154463.8793312001,75293.94939018649,76275.72686378047,2357.007669088547,815.036749520601,504.8214549882978,784.952750732511,-7.529887214234708e-05,-0.0203518031168154,96,69,97.76553715430263
5008,820.0246248585801,154510.29503544045,75295.45758993631,76283.86544134421,2310.441621527425,794.3122507312073,495.54901243947097,792.540598948719,0.0001047129204842,-0.0115871052078277,96,69,97.76438454991433
5009,820.0275672457763,154490.05806627584,75306.94869989254,76283.36485512172,2266.137300232018,777.4895851867768,486.9523835905711,799.077089715167,-9.367635174433073e-05,0.0089336979336732,96,69,97.76324737103354
5010,820.0439164896306,154453.61235124615,75283.9581756899,76286.60951167252,2221.562295771495,762.721864997744,477.6936561311013,804.1787442151108,4.64557638105592e-05,0.0089137674090642,96,69,97.76212566750776
5011,820.0476058358744,154482.01065166475,75291.75665766902,76271.75214938978,2171.1152272656327,749.8196690586774,467.90447352608317,808.0317592665087,1.8705577773072564e-05,0.0307190460473085,96,69,97.76101948828853
5012,820.0645595513538,154457.84209117887,75281.42297848809,76268.96071506989,2115.7484941191506,736.156467225941,457.2480356730521,810.8883084076515,-7.663586762191623e-05,0.0300926380941121,96,69,97.75992888143
5013,820.0674483027601,154469.18780472878,75293.51768583103,76266.48257248646,2055.249152959499,721.9713358172448,446.99909670781926,813.113461930101,0.0001049586206937,0.0420361490283201,96,69,97.75885389408651
5014,820.0838661857549,154452.94797461614,75286.17769608996,76262.34419962918,1996.0162478204002,706.0122653139697,437.4931471491291,815.6710741705901,-9.273594110012144e-05,0.0672611027849756,96,69,97.75779457251129
5015,820.0875873880268,154478.35333942555,75304.73284770663,76254.3552091227,1942.2248195799766,690.808879798642,430.2309868693119,818.7398276275198,4.469260163916334e-05,0.0737338257520609,96,69,97.75675096205352
5016,820.1044871678912,154458.43246879548,75316.632370637,76284.55235089808,1901.835785113799,677.3770905394631,425.2224715038319,823.1338668277313,2.0610353194580076e-05,0.0774721643235179,96,69,97.75572310715764
5017,820.1073304604608,154472.5598383576,75297.13457860365,76273.07156017424,1878.1076451511472,669.6686358839506,423.3763029607944,827.9675852814689,-7.794647386358553e-05,0.0979883489467737,96,69,97.75471105136062
5018,820.1238240087249,154442.0306863328,75290.8055534021,76259.20857900815,1875.3322949128342,668.3297028598026,423.8640083177597,833.692280384159,0.0001051688514562,0.092741639422563,96,69,97.75371483729069
5019,820.1275659510717,154425.2543184498,75298.95853916756,76266.8017370674,1891.4759264956228,675.4997906452918,426.96092341447365,838.7359765649599,-9.176468249315804e-05,0.0925210288259812,96,69,97.75273450666542
5020,820.1444083157346,154426.71769902765,75300.84126070348,76275.02501804728,1924.401940162934,688.9348231977638,431.36472316263826,843.7973962706164,4.291512849761973e-05,0.0955127924519326,96,69,97.75177010029051
5021,820.1472144873787,154435.25142070698,75279.14779060203,76276.01522564174,1966.5212993944297,707.6726120759704,437.0655922384176,847.3961089273216,2.250737580301772e-05,0.0693292634731612,96,69,97.75082165805728
5022,820.1637899626951,154457.7648000584,75287.41758166606,76277.998231509,2011.5475807793555,726.718806016288,442.38861598586664,851.2469634016452,-7.923026020243596e-05,0.0461663572697848,96,69,97.74988921894192
5023,820.1675400080405,154433.78577713363,75275.661581173,76273.57080140439,2050.2436276302906,743.7806578531017,447.11722626839764,853.9002144381229,0.000105343556749,0.0213294670742651,96,69,97.74897282100372
5024,820.184323946883,154429.8007763091,75263.59833818107,76269.15220840379,2076.7946031389874,754.0654243378958,449.4530512803467,857.0348411635205,-9.07629162856508e-05,-0.0047733676383384,96,69,97.74807250138328
5025,820.1871008747788,154437.8590359772,75320.82297382512,76291.26250420109,2085.034684352053,756.8630049587082,449.24834450610797,858.234004193102,4.112394978732202e-05,-0.0339087930698937,96,69,97.74718829630172
5026,820.2037641475097,154430.17709322352,75270.32772624279,76259.41359751708,2073.5747428584145,749.6281112681172,444.8611418141227,859.0537019069598,2.439600946275161e-05,-0.0583764603483946,96,69,97.74632024105868
5027,820.2075078078049,154393.65132161678,75316.54603077781,76270.20755409941,2041.5515130243148,734.4114568266523,436.7537370273203,856.4470918503648,-8.048680535041474e-05,-0.0708753150016672,96,69,97.74546837003147
5028,820.2242355452832,154461.86741799506,75295.53019161103,76283.80579511238,1992.211475212709,711.1949155784241,424.23755965710734,852.2468212961394,0.0001054826929691,-0.0777042587336088,96,69,97.74463271667344
5029,820.2269895646292,154459.7178030118,75303.12911995666,76305.68686061859,1928.579915955721,683.8425997098384,408.9686945696594,843.6382352082583,-8.973099316621154e-05,-0.0619645002896094,96,69,97.7438133135128
5030,820.2437470861634,154461.94675592458,75290.66438777307,76277.83844703117,1856.018210487382,652.9792036352155,391.2529795106966,833.8765045912296,3.931967479516229e-05,-0.0598478885864265,96,69,97.74301019215176
5031,820.2474669824286,154464.07390537334,75287.98727877393,76288.69997285277,1778.3577984918957,622.373176606241,373.4814762052556,820.5798913315521,2.627562152419887e-05,-0.0545401089664441,96,69,97.74222338326496
5032,820.264145642495,154486.895708576,75294.39513544831,76293.98736100586,1700.118575813307,591.7793269275571,356.0021554148407,807.5760189395514,-8.171569766206867e-05,-0.0376283688906368,96,69,97.74145291659887
5033,820.2668792241747,154509.55434703288,75325.65024718255,76286.4585330918,1623.6170966984937,563.5722694748547,340.48053951500333,792.2211647669319,0.0001055862280796,-0.030080341917182,96,69,97.74069882097017
5034,820.2837406931174,154515.63271250916,75281.7407349289,76281.59414390694,1550.9140680021374,535.8436889416189,325.87212613306474,778.6892038193182,-8.866927365485396e-05,-0.0333007082906004,96,69,97.7399611242652
5035,820.2874132488005,154552.44615188448,75278.09519808841,76263.64157598156,1481.9094707652694,509.94546562705364,312.5822145137354,763.2806425365561,3.75029170624304e-05,-0.0238710942620216,96,69,97.73923985343892
5036,820.3040596756125,154566.55799305337,75282.46494599732,76279.94929647008,1416.2651057438925,483.6579164986033,298.82223483081907,749.4196830014989,2.8145582237432196e-05,-0.0206768513702909,96,69,97.7385350345139
5037,820.3067644744024,154559.30759728068,75300.67746981663,76287.05479431726,1352.6594159806264,458.68045546414214,285.0831024017243,732.3897555485019,-8.291653428744988e-05,-0.0199818324766658,96,69,97.73784669257962
5038,820.3237524962065,154585.71970675467,75295.1195364574,76301.31397288306,1290.4087875568075,433.4024090606399,270.3185834506585,716.0365965060191,0.0001056541424497,-0.017151388416888,96,69,97.73717485179164
5039,820.3273336688469,154597.21855359976,75302.08010833508,76289.8135367847,1229.221767015115,410.42957697910606,256.3006441711914,695.3444544610102,-8.757812826679739e-05,-0.0388754967505544,96,69,97.7365195353708
5040,820.3439976220848,154649.34504268566,75314.53581222359,76269.14610221799,1169.6497002664837,388.6533362235059,243.02010203548707,674.836310496903,3.567429420828492e-05,-0.0388550781038374,96,69,97.7358807656025
5041,820.3466135566905,154672.4323633273,75280.12866201682,76286.13866232362,1112.6336369918426,370.48809410670947,232.5496284570254,649.983073601441,3.000526533395512e-05,-0.0234777032049167,96,69,97.7352585638364
5042,820.3638469298995,154672.90401554017,75314.14344512494,76303.29669482907,1058.7674271290307,353.88063121830055,224.169290069025,626.7849315395579,-8.408892279007622e-05,-0.0318856448309839,96,69,97.73465295048508
5043,820.367020143283,154750.72258358626,75292.92962790799,76290.06364950829,1008.4950494942022,340.39037632153486,218.77383069018833,600.2955165519961,0.0001056864285006,-0.0324624633614462,96,69,97.73406394502464
5044,820.3832017327543,154733.5496938002,75312.63839547886,76284.18211384334,961.1496417759336,327.20296320966736,214.21180181152886,576.4779082971218,-8.645793708021013e-05,-0.0302574892262703,96,69,97.73349156599272
5045,820.3866786522983,154749.0381397439,75312.99852730782,76286.07631239216,916.248519365734,315.3416502125183,210.18072443568963,550.3419155601296,3.3834427636078887e-05,-0.0296612982531133,96,69,97.73293583098943
5046,820.4037714824892,154787.5682482514,75298.63616428274,76293.79930915023,872.5564183056704,302.21230568291503,204.23818579426734,527.7179232613125,3.185404860286266e-05,-0.028768694781976,96,69,97.73239675667624
5047,820.4069292260928,154840.53527502334,75320.65777717644,76286.36170427663,830.1096385567798,289.584579612565,196.79501178339706,502.42693279721425,-8.523248014546649e-05,-0.0163473474391056,96,69,97.73187435877564
5048,820.4231058574451,154871.4519559963,75277.66965771503,76256.91701254966,788.3771245396929,275.42313865490723,186.59333564087865,480.51649335358525,0.0001056830900174,-0.0242733686036688,96,69,97.73136865207104
5049,820.4266686928441,154862.90992298877,75299.62515827308,76273.18567334054,748.4317215536721,261.83291164827824,175.36413783044554,455.5942817913019,-8.530909005077209e-05,-0.0308264805439766,96,69,97.73087965040644
5050,820.443721169707,154907.92472616394,75305.47463160084,76290.67516677428,710.1695310676587,247.01130620884942,162.90899862805963,433.6807481283613,3.198394226862392e-05,-0.0292784019661731,96,69,97.73040736668638
5051,820.4468182845827,154910.84419678076,75296.8430289164,76285.7227766845,674.7869141845731,233.31951769429725,151.5074125356041,407.44611758575775,3.369131337618119e-05,-0.0449265690224405,96,69,97.7299518128752
5052,820.4630275696727,154961.4468433773,75310.15864477579,76275.6310241476,641.3545552165015,219.00987143465318,140.7325741063978,383.8071443134395,-8.634683291591308e-05,-0.0387683895831001,96,69,97.729512999998
5053,820.4666543812665,155001.99837447042,75301.73904030885,76282.56399885411,610.3174332236522,206.6147423848888,132.25587165364414,355.954920385906,0.0001056441438885,-0.0394848992182675,96,69,97.72909093813948
5054,820.4836679745231,154996.72011504753,75306.23707622549,76275.97211063805,580.0028144037933,194.65771607417264,124.98973326082341,331.33724990996416,-8.413198659154916e-05,-0.0397166394237089,96,69,97.7286856364445
5055,820.4867023380197,155043.56145515738,75306.55669059714,76284.93092035037,550.7231704289443,185.6390358767676,120.00959954920108,302.3816567220201,3.01234658814679e-05,-0.042369654803119,96,69,97.72829710311814
5056,820.5029592123343,155106.065815605,75305.70208426191,76292.60840544029,520.2241340977489,177.07729551273223,115.41769388449029,277.11789556592703,3.5516445917970304e-05,-0.0438725735142332,96,69,97.7279253454258
5057,820.5066395167503,155098.84324063186,75326.63915543658,76291.24106405907,488.05006453348324,169.80434420828533,111.40832543396391,247.50037800788414,-8.74316184298026e-05,-0.0665621860489621,96,69,97.72757036969288
5058,820.5236084566927,155130.51564156113,75320.59337686632,76286.8766777791,450.353951732337,159.56683652315405,105.25776169303572,220.9059087294445,0.0001055696175696,-0.0974832035290442,96,69,97.7272321813059
5059,820.5265847103968,155193.28989770063,75337.82537408231,76284.21011060206,405.1235136061441,145.9450081432151,96.61928303661989,187.93518608418526,-8.292703523704209e-05,-0.0636852873788677,96,69,97.72691078471142
5060,820.5428994138005,155207.48756336706,75295.98743969042,76288.19709415393,347.366316739528,124.47946219801088,82.75290508093894,157.11429825646337,2.8253629876573068e-05,-0.0529503025260473,96,69,97.72660618341769
5061,820.5466240070051,155245.28230265935,75316.58529216619,76283.51588459607,276.8102596367826,96.65135155527969,64.54427182470681,120.14932123970357,3.732883581490185e-05,-0.0409545184540016,96,69,97.72631837999432
5062,820.5635418025656,155265.50325676618,75327.67190271417,76314.26339692318,194.19078703993,62.408719077458954,42.04914478206774,87.27882694630534,-8.848648298248638e-05,-0.0408798524357723,96,69,97.72604737607232
5063,820.5664671121672,155328.6900051461,75345.83417332356,76325.7119606466,109.74843731668079,29.506680285732727,20.207408483634936,51.43780706360121,0.0001054595518445,-0.0601344725509297,96,69,97.72579317234538
5064,820.5828477473683,155356.98591786408,75314.72351627919,76274.25570689281,37.2595437077689,4.411088913955609,3.3785569288011175,25.83508617107873,-8.169465404446683e-05,-0.0554144712041082,96,69,97.72555576856992
5065,820.586606963955,155403.70186720614,75310.98460892907,76307.30992830016,-0.0,-0.0,-0.0,4.427464560780209,2.6375068592090352e-05,-0.0593854654610144,96,69,97.72533516356548
5066,820.6034679533964,155408.10150229724,75325.34466509524,76309.26981925518,19.793946659716312,24.408008191079716,15.676120587770129,-0.0,3.912787781761798e-05,-0.0643213283963935,96,69,97.72513135521552
5067,820.6063508074913,155372.2813858117,75295.44467633123,76303.07604640932,119.06766131386394,86.95573552101268,56.56848884143983,4.1695021432533395,-8.95110844497342e-05,-0.0592715247210362,96,69,97.7249443404678
5068,820.6228039459678,155366.36871820205,75321.84284012881,76297.235103225,306.97375206282595,186.58646560752823,122.09206961927703,28.628781430597883,0.000105313998935,-0.0516163298882423,96,69,97.72477411533566
5069,820.626587260588,155317.83863228592,75338.90712219143,76310.67000271971,583.6140344841988,319.8048322393006,209.62463605267112,62.30312867887551,-8.043526975758381e-05,-0.0424111878399242,96,69,97.7246206748982
5070,820.6433872385539,155303.74805753736,75321.43825035192,76283.74469752504,930.4617047040956,472.3243694497796,309.40713173453696,114.08720291833743,2.4488418565959656e-05,-0.0360015890969048,96,69,97.72448401330124
5071,820.6462368398628,155262.0112643095,75314.7983430981,76322.27063031893,1321.5032000352512,630.3991782202356,411.70848834098433,170.04679630076862,4.091297136239993e-05,-0.0330599639096335,96,69,97.72436412375808
5072,820.6627677332776,155172.75208569664,75294.1524587169,76304.81007396817,1719.4414353364846,775.1992509293632,503.691032785835,238.7825221819221,-9.050509016944284e-05,-0.0217506374776887,96,69,97.7242609985504
5073,820.6665636741443,155116.83228869614,75306.01513284829,76320.11495421016,2091.8624121017056,895.6110303401656,577.647996426429,305.21853954851395,0.0001051330225548,0.1352228379541941,96,69,97.72417462902948
5074,820.6833002934541,155055.5939872094,75304.78664459265,76293.9318340547,2407.80848628236,981.5794499051844,627.1237613822013,377.1421213251888,-7.914931833305109e-05,0.402273415260984,96,69,97.72410500561676
5075,820.6861260492001,154966.21801509798,75310.60890379887,76318.05009991086,2651.478672077472,1033.8193109212152,652.9894774880668,439.29189791259705,2.259431914913228e-05,0.3021831529984319,96,69,97.724052117805
5076,820.7027388173472,154928.3873716013,75314.39778524071,76312.3603858786,2813.614930700336,1053.6973679886723,657.0540433861606,501.91244042420294,4.2683520588666784e-05,-0.2701609412815369,96,69,97.72401595415968
5077,820.7065349015747,154904.088932684,75307.12938292368,76319.68683109221,2900.8705109736766,1050.5618856973597,646.3999966367992,551.1480818398413,-9.146817786204012e-05,-0.2577754878020672,96,69,97.72399650231944
5078,820.7232080812378,154876.71259509417,75310.447375431,76283.2142808199,2922.5576993938885,1030.285751856194,625.9750876926119,598.4289190664131,0.0001049166992431,0.0179862210875072,96,69,97.723993748998
5079,820.7260189922531,154787.36257264562,75315.12051431656,76308.26098691774,2897.3833406731137,1002.4042193264322,602.8096098240203,631.2012704095687,-7.783724476472408e-05,-0.0592416145037525,96,69,97.72400767998496
5080,820.7427169845422,154804.79556024,75299.38453807322,76321.13809054688,2839.2045623138547,969.907726616424,579.455760699886,663.7086106634233,2.069341190646653e-05,-0.017009866672149,96,69,97.72403828014714
5081,820.7464994707424,154765.1036724407,75294.04160551638,76312.01993503384,2765.5983807420707,938.4361645088939,559.6691489873338,684.2265511151636,4.443893528894669e-05,-0.0231124964015417,96,69,97.72408553342991
5082,820.7631120269742,154749.91291850116,75314.27124677468,76301.55002535696,2685.299730091181,907.5482826875377,542.8931429906079,707.0286230161728,-9.240003643664112e-05,-0.0393453056363162,96,69,97.7241494228586
5083,820.765915726556,154773.05891631424,75293.30257928937,76292.87851063703,2608.811163850187,880.3690297953144,530.3716925797926,720.4490476511128,0.0001046651165262,-0.0057945040482775,96,69,97.72422993053992
5084,820.7827023690164,154709.4643941733,75297.60302860603,76312.09198638634,2537.451562727627,854.9898950212228,519.8141965355026,739.7645829534449,-7.649950186226168e-05,-0.0099768472827248,96,69,97.72432703766351
5085,820.7864554280253,154753.76284200334,75326.0638503161,76306.79309509344,2475.816377843905,833.9701023449015,511.6040814417938,751.9419639130938,1.8786340272432883e-05,-0.0067596664686866,96,69,97.72444072450288
5086,820.803014441179,154729.1996333765,75311.01059335354,76305.05432026461,2420.860963807034,815.0802110302029,503.1948950448714,770.0854581471067,4.61786299337007e-05,0.0065585599556605,96,69,97.72457097041796
5087,820.8058152006272,154697.65783962057,75292.19083501888,76301.38743885556,2373.908275101683,800.024944920413,494.97566802505753,779.708932597161,-9.330036508752157e-05,0.0092473687143347,96,69,97.72471775385613
5088,820.8226962747917,154697.5260472423,75284.21226880544,76298.7769680547,2329.3636778276414,785.3537606492464,484.7177387222182,794.1163923691784,0.0001043783744104,0.0222461902222743,96,69,97.7248810523536
5089,820.8263992421547,154717.7660492512,75302.40105858473,76296.23972832965,2287.2813399087754,771.8737597049767,473.6629743583908,797.9371579037688,-7.513655176483541e-05,0.0319502185906974,96,69,97.72506084253772
5090,820.8429200807037,154699.09943665506,75311.656199406,76293.55832052555,2241.9380786245456,756.0125599502207,460.7761752307124,804.2644460617157,1.687374962976046e-05,0.0306106928355673,96,69,97.72525710012856
5091,820.8457129310068,154709.07120110758,75288.98128669143,76300.8866272442,2194.3167033954524,739.1817263316334,448.3377093614545,799.3705384806963,4.7902025229172826e-05,0.0382974211558908,96,69,97.72546979994011
5092,820.8627046792857,154718.83316826014,75319.51067680349,76312.54191403333,2140.853810844652,719.2806477572594,435.9620611993014,799.421206074825,-9.416887373014352e-05,0.0615919238938312,96,69,97.72569891588344
5093,820.8663203298566,154720.40352847995,75286.12544692942,76330.19628495477,2086.231827989337,699.8393545873259,426.1675049380865,791.6941863845859,0.0001040565842828,0.0666898401940915,96,69,97.72594442096714
5094,820.882845283697,154762.1607764325,75306.57829700917,76317.55178594142,2031.1545870290138,680.7223585510219,418.2828552031133,792.5747246961691,-7.37488643531125e-05,0.0658602165038779,96,69,97.72620628730004
5095,820.8855844544082,154739.15684831128,75301.73965007647,76294.06906891573,1983.832167581655,666.2998882784304,414.0131327859999,789.649842658022,1.4956286741255e-05,0.0815140148412174,96,69,97.7264844860934
5096,820.9027719951376,154757.59724609053,75301.22296400153,76312.34901726594,1946.9056145956856,656.1118286885758,411.76453719462734,799.3326284924697,4.960854731235382e-05,0.097665984204406,96,69,97.72677898766234
5097,820.9061144307541,154748.15589256166,75283.89812752295,76298.92997003457,1928.5748775803368,653.4166917930124,412.6785527508182,806.2930312867102,-9.500528299018238e-05,0.0988320291997577,96,69,97.7270897614284
5098,820.9232904571606,154732.21773758787,75300.42901642757,76308.18042613921,1928.5800942135393,656.0068226404546,414.8555374540156,824.5941734788648,0.0001036998697343,0.1181848874451252,96,69,97.7274167759212
5099,820.9259470081699,154689.16692664725,75309.80457497726,76310.65241708024,1949.6023900764994,665.1458016935794,419.2884722260642,837.1477233854239,-7.233691786096192e-05,0.1118972567476432,96,69,97.7277599987812
5100,820.9425798057067,154708.51282757768,75270.76255543332,76276.81695233939,1984.4201166832354,676.9187401559902,423.9403764512972,857.7071542037011,1.3034600076516385e-05,0.098885542726203,96,69,97.72811939676168
5101,820.9461760526274,154702.77607875437,75274.89402228735,76303.13592610862,2028.9579324819497,691.3365239587147,429.5157801088353,869.9682030433905,5.129762800502818e-05,0.1097835290603366,96,69,97.72849493573074
5102,820.9631592267338,154701.63660722916,75314.32213617268,76309.3236776947,2071.8461818831856,704.251257059339,433.8499950612604,887.1452412432118,-9.580932510883016e-05,0.0991935401196643,96,69,97.7288865806742
5103,820.9658698815484,154683.49826605298,75259.13042404137,76297.82556544355,2107.8694316128967,715.855151222233,437.5570355259988,893.3298327177763,0.0001033083657191,0.0748678703226459,96,69,97.7292942956971
5104,820.98251276202,154706.26135624954,75273.10889694805,76299.16938633712,2127.638693287503,722.4900301388552,438.61855372219,903.3378594425449,-7.090119839221495e-05,0.0589298860467102,96,69,97.7297180440272
5105,820.9861758377776,154677.08348075283,75291.43035286231,76292.10735338337,2130.2156440035324,725.0162630330015,438.1294925559487,902.1029198085307,1.1109338845504108e-05,0.0246630962633114,96,69,97.73015778801656
5106,821.0030569681319,154707.3464274497,75266.48795384208,76316.26618592371,2111.735383358784,720.7809415094816,434.7989532535139,903.6128416332358,5.296870562972389e-05,0.0040317953734584,96,69,97.73061348914436
5107,821.0057717231127,154697.62100897008,75273.33081281451,76304.97175053619,2076.07755527104,711.4589476812835,430.07778184855124,893.1235608349089,-9.658074253202946e-05,0.0016712493037135,96,69,97.7310851080196
5108,821.0224704762611,154704.11411337816,75279.14017047374,76308.52157658199,2023.14457291906,695.1941820115171,422.54146585115814,886.466495876608,0.0001028822189539,-0.0435961936557339,96,69,97.73157260438352
5109,821.0261576126939,154760.68558623586,75291.79848041921,76313.09944974922,1959.6367085214006,674.5532792162121,413.2638239133812,870.1528418722737,-6.944219990192663e-05,-0.0571865920302918,96,69,97.73207593711214
5110,821.042959672944,154762.27269137197,75294.90593335516,76309.74064099461,1887.7349890873884,648.8559410829184,400.6621603924141,859.56644234946,9.181153613537103e-06,-0.0166308533594854,96,69,97.7325950642193
5111,821.0456683580993,154794.67094631933,75293.50961807734,76309.19270788913,1814.8450043062912,621.4553040988831,385.9011399523588,841.4785427945608,5.462122474951507e-05,-0.0208526769389145,96,69,97.73312994285898
5112,821.0624429107971,154796.3635579792,75300.60500665587,76313.82516165763,1742.3295319314348,592.0470164772705,367.94599415780976,831.8267313204124,-9.731928939368884e-05,-0.0175045540159642,96,69,97.73368052932842
5113,821.0661264514542,154836.69542750122,75294.42616636096,76293.34726769374,1675.2759001296363,563.8471536707511,348.9272465908725,816.4544991122966,0.0001024215878126,-0.0047966532215195,96,69,97.73424677907076
5114,821.0828643364218,154821.37623330677,75302.14993028263,76316.22963026591,1612.0464432989247,536.1094911480468,328.9418976214947,808.6451132271322,-6.796042387416498e-05,-0.0034157916704417,96,69,97.73482864667788
5115,821.0855626713662,154839.5733983079,75297.60978957331,76298.48131089976,1553.9493730401737,510.97030119517876,310.7057707248896,793.2004924308276,7.250695313401807e-06,0.0054943280119347,96,69,97.73542608589348
5116,821.1024287296099,154900.13643200358,75296.38030844831,76311.01239189655,1496.1641610813676,486.5413866372837,294.17621220543515,783.6085402765311,5.6254636081192174e-05,0.0119234490487071,96,69,97.73603904961588
5117,821.1060807264957,154889.39971035553,75317.60903408694,76327.35593959223,1438.1236074995832,464.1165280105197,281.2306608867948,764.6719269248424,-9.802473039197326e-05,-0.0087826726459267,96,69,97.73666748990112
5118,821.1227740326871,154897.83462031747,75279.32549588812,76295.572505834,1375.3384211628581,441.68960482002876,270.58739103219705,749.2792338659347,0.0001019266421362,-0.0108095560084656,96,69,97.73731135796606
5119,821.1254514823867,154944.1812944112,75304.15124641871,76335.7924237462,1308.9112478240277,420.68637621070957,262.62223302561324,723.768424572947,-6.645637957579347e-05,0.0046421106689668,96,69,97.73797060419112
5120,821.1424332673059,154970.46834740016,75290.55903870105,76298.938262274,1237.4823568296852,399.62584654284,254.94238506240072,703.112131542206,5.318615590022797e-06,-0.0017082456106673,96,69,97.7386451781239
5121,821.1460101604952,155027.231696293,75308.04620491347,76314.86845482227,1165.6153387576924,380.5376692890277,247.61916247592308,674.4933625449485,5.786839752473935e-05,-0.0026569794612808,96,69,97.73933502848216
5122,821.1627046415249,155043.422898107,75309.9092893632,76344.37773867666,1095.1174108191044,362.5122619806061,238.85895715252263,652.077875540097,-9.869684206042152e-05,0.0021526041326194,96,69,97.74004010315691
5123,821.1653109716825,155045.9857864938,75298.55410282123,76333.29132946223,1031.6613285274361,347.46562575537246,229.66162891045678,623.3892686570762,0.0001013975633365,-0.0063984776953047,96,69,97.7407603492159
5124,821.182499608429,155094.37464859136,75280.64062029806,76335.4926657542,976.4156846711412,334.03750540885085,219.19221475490485,602.7148468992382,-6.493058339180796e-05,-0.0192395283056188,96,69,97.7414957129066
5125,821.1858177339806,155125.58016077167,75296.46515435741,76345.11210075012,932.4782189835678,323.45416601304896,209.08388090372318,576.3915370196046,3.385566306963408e-06,-0.0254107067465956,96,69,97.74224613965988
5126,821.2030381666972,155148.11221127782,75298.28306948795,76302.21540163318,897.56653833983,313.75845808844315,198.64212499486166,557.1393259525648,5.946197353484581e-05,-0.0236044019550675,96,69,97.74301157409352
5127,821.2057809073588,155175.47767663846,75290.39466882838,76307.56076132793,870.7243934354046,305.54283377063985,189.11992963356897,531.1408842434466,-9.933541246989912e-05,-0.033124641894321,96,69,97.74379196001502
5128,821.2223011419704,155213.10476843524,75297.97121046374,76321.07167077276,846.9504831896629,296.6964733428904,179.42898672484444,510.7325188134855,0.0001008345445308,-0.0243909514225932,96,69,97.7445872404258
5129,821.225875024545,155245.61908629263,75303.92055715524,76305.03164691852,823.8713543029153,287.77274709480116,170.485313266312,483.30465895330417,-6.338355858511874e-05,-0.0154107532484363,96,69,97.74539735752415
5130,821.2429228508244,155260.33657360784,75309.83407203972,76322.14028105789,797.6255781626678,277.17606449998857,161.3217168171832,460.3112431379559,1.4521990181128403e-06,-0.022820438885782,96,69,97.74622225270936
5131,821.2456956590802,155270.7995244175,75315.93799627028,76313.14963161376,768.0683626779355,265.8620671168319,152.98535120399902,429.719529688271,6.103483560872863e-05,-0.0206717877156893,96,69,97.7470618665848
5132,821.2622287616467,155340.04742394062,75296.18353975144,76322.6292493001,734.5904905556818,252.76707688791794,144.6222853293002,404.0951182501449,-9.99402400574818e-05,-0.0269036849384119,96,69,97.74791613896198
5133,821.2658747641248,155373.46322526856,75318.13371547428,76324.27047106368,699.6497600837029,239.32195335514552,137.28717546039843,372.97364092920907,0.0001002377894754,-0.0402459133281314,96,69,97.74878500886344
5134,821.282833310193,155407.60929438507,75322.83378133958,76337.27282011288,664.7058549048379,225.32778830426105,130.33969190035714,348.0083140527713,-6.181583579819875e-05,-0.0419074690108086,96,69,97.74966841452796
5135,821.2855901916028,155421.91850652642,75300.91211052157,76310.42645248155,632.2857823023223,212.79811269354832,124.95142012671567,318.70661834979546,-4.808342168221663e-07,-0.0426224712234718,96,69,97.75056629341292
5136,821.302179895715,155438.2777450172,75327.77180916227,76324.99652249477,602.8773240920273,201.8297645132552,120.50847786318627,296.4835047782399,6.258646246839472e-05,-0.0644034519365212,96,69,97.7514785821988
5137,821.3058594298775,155478.8448965787,75303.79982457431,76330.87392761363,576.5313865128555,193.79473324080755,117.82559038212639,270.7564492376696,-0.0001005111357846,-0.0564047447817711,96,69,97.7524052167928
5138,821.3227467254973,155510.05017174335,75316.68645889235,76329.78787628065,551.1006739321165,187.3924846396112,115.60761720006121,250.71285625893506,9.960751382951466e-05,-0.0619681957570195,96,69,97.75334613233296
5139,821.3254792633163,155560.04637627077,75298.12794468399,76310.34492642216,523.1417565335287,181.49351591736195,113.4013614145806,225.22665892069926,-6.022795196492685e-05,-0.0919663252551475,96,69,97.75430126319188
5140,821.3421456353188,155569.6901290811,75312.60983862399,76321.96472541596,487.73707830993226,172.2826893608144,108.59274359347182,203.24652746881475,-2.412882229907844e-06,-0.0751077478690831,96,69,97.7552705429808
5141,821.345833263508,155573.14391796745,75320.80724853452,76309.81079149197,439.3865741902846,156.9352271421376,99.87895305504207,174.3760974619654,6.41163402551855e-05,-0.0724537462043006,96,69,97.75625390455346
5142,821.3626604407231,155622.99250798803,75324.59729899329,76324.40994199515,374.21216940670274,132.3507937065442,85.12404185032938,147.0727983818506,-0.0001010479216858,-0.0683404346979255,96,69,97.75725128001056
5143,821.3653654877809,155653.1307087904,75283.37640825844,76334.56235103108,291.1959395277663,99.04045087707345,64.9396662786312,112.91937510241405,9.894394439430208e-05,-0.0350523864614002,96,69,97.7582626007034
5144,821.3821251037758,155702.6079787771,75305.591896699,76331.8604131366,196.29146817565197,60.1362376047764,40.736365015851334,82.48170981262228,-5.8620450917044586e-05,-0.053586145406297,96,69,97.7592877972382
5145,821.3857943526974,155730.38585346614,75313.9778005731,76322.87720334706,101.73307497310452,23.69513819293934,17.60736566517153,49.86727014463395,-4.343294342668965e-06,-0.0763771482752456,96,69,97.76032679948034
5146,821.4025773425496,155782.56185846584,75331.08592348656,76327.88230986513,28.46196549962042,-0.0,1.4370814140711445,25.81566176164779,6.56239628090759e-05,-0.0663487505142597,96,69,97.7613795365584
5147,821.4052460456815,155782.11049203036,75302.47312429587,76315.93988333506,-0.0,0.8982403064292157,-0.0,5.684021258493885,-0.0001015504311978,-0.0861509388149502,96,69,97.76244593686856
5148,821.4221233220285,155789.8310781489,75305.94476657131,76303.98584376583,41.52932236052584,35.61793934409798,18.991878310538596,-0.0,9.824731889263412e-05,-0.0929843285538747,96,69,97.7635259280789
5149,821.425733169244,155776.8527437106,75316.50054290966,76320.95815764925,169.27288104838226,109.03615338745294,62.37804711094941,3.746392166998703,-5.699388252645783e-05,-0.0903914016609503,96,69,97.76461943713367
5150,821.4425114561665,155768.4570640487,75315.51562870285,76326.45610418865,390.4803821416572,219.01403004092572,129.09106521561625,24.88440885936143,-6.271420697773127e-06,-0.1155291069370119,96,69,97.7657263902574
5151,821.4451005628646,155729.65145659773,75320.20568085511,76323.33881887773,694.8859048248851,356.8706698579772,214.61889211920789,57.41444473495358,6.710883127530187e-05,-0.1058547766529256,96,69,97.76684671295996
5152,821.4621765578378,155702.7462622978,75307.08649099717,76343.68336082008,1061.8263637167984,508.6950494845223,310.1195651557646,107.14723073670757,-0.0001020185095296,-0.0964286122323534,96,69,97.76798033004054
5153,821.4655714246779,155661.23753357425,75308.22243578738,76328.39520676271,1457.1437285516295,658.5481400329154,405.922075824521,166.12525429058587,9.7517885982641e-05,-0.0921438379051571,96,69,97.76912716559168
5154,821.482727085858,155572.1513156684,75336.42287594402,76322.54100268362,1847.2156622021575,791.9243020155554,492.02852148981765,236.7096363787423,-5.534880351240865e-05,-0.0959880749251916,96,69,97.77028714300472
5155,821.4856582747408,155493.66165365616,75322.90948377612,76320.47219019382,2197.5061781286495,898.2817408609553,561.3862314991857,309.4308329007763,-8.196612332136531e-06,-0.0132303607922549,96,69,97.7714601849741
5156,821.5019962727449,155407.55438780796,75310.00749505138,76300.40017606287,2486.5403211854864,972.9005829239031,609.60165177421,384.6786556406878,6.857045515081248e-05,0.234920692950061,96,69,97.77264621350136
5157,821.5056096816427,155366.3533953732,75298.2475525986,76313.52537802611,2699.382922838093,1016.043445319141,636.3618990079995,453.8055931951676,-0.0001024520138488,0.3478711383139694,96,69,97.7738451499003
5158,821.5226357450377,155292.47313027424,75293.14087758976,76317.11542019517,2836.704025728337,1032.3393331972766,643.7799862468528,517.622377247666,9.675590575330252e-05,-0.1593204493131267,96,69,97.77505691480144
5159,821.5255618694606,155244.01623749922,75280.58981497755,76310.37694047256,2902.6142210266553,1027.8125965296058,636.3609128515527,570.291133098799,-5.368577592928105e-05,-0.4802786873350503,96,69,97.77628142815718
5160,821.5419214257757,155190.79756235838,75298.38365650053,76322.74826427588,2911.9485402442515,1009.317698818777,618.9558527191402,615.3690344850766,-1.0118221846412484e-05,-0.1541500606239385,96,69,97.77751860924565
5161,821.5456052650298,155175.4864434759,75328.57231728366,76310.72063358409,2876.3492294981843,982.036257546948,596.6157474440552,650.6614362619875,7.000835155601716e-05,-0.1410541805649904,96,69,97.7787683766761
5162,821.5625607196025,155130.63770383943,75306.06076149731,76311.33100461533,2813.1868176480057,950.6383995222714,573.2204999649548,681.0585760463146,-0.0001028508126727,-0.1634446382987009,96,69,97.78003064839376
5163,821.5654506507153,155127.7028213815,75278.57947413407,76316.611225049,2732.8246175983804,917.8152294234023,551.73832310953,705.6605774287309,9.596164875375616e-05,-0.127780783130701,96,69,97.78130534168425
5164,821.5818649047926,155111.01527569635,75295.05837848545,76325.60238027154,2650.0045750329737,886.566251330587,533.6059153659735,728.7880853247771,-5.200536775873683e-05,-0.1562742885576007,96,69,97.78259237317884
5165,821.5855918675009,155061.9682442056,75284.31670763092,76301.97113727558,2570.655535037513,858.3976872044732,519.2920883533516,748.9862333837664,-1.2035603100765191e-05,-0.1348202704955827,96,69,97.78389165885906
5166,821.6024842329164,155050.4503946949,75292.07410797296,76339.57135412048,2503.9047468798817,835.402824236764,508.21020852377114,768.4443950614659,7.142204613626853e-05,-0.1411481403507072,96,69,97.7852031140618
5167,821.605336089538,155027.9449960909,75292.91449047906,76304.05352908919,2448.809192459099,817.6987851695885,499.3567967188719,784.9354594804172,-0.0001032147862034,-0.143579822670262,96,69,97.78652665348442
5168,821.6218201865354,155016.78672422905,75288.79882042028,76302.39573139658,2408.0505697614863,805.6383212675428,491.5393448351533,799.8274429669837,9.513539642548584e-05,-0.1434549907201796,96,69,97.78786219118923
5169,821.6255722915486,155026.9432436802,75283.56224641789,76305.66725882517,2374.7488014834817,797.1458318080695,483.8379697294731,811.4785483702144,-5.030815291525466e-05,-0.1578243923790023,96,69,97.78920964060936
5170,821.6424041907269,155005.34754724117,75301.03367331157,76323.29583555984,2347.7072914665914,790.744934053917,475.7773154086317,821.1547764731513,-1.3948111707822846e-05,-0.1456977034265348,96,69,97.790568914553
5171,821.6452205811794,154998.6895362129,75283.96308436108,76310.96726747157,2318.7549166773097,783.3530286920723,467.29016266262624,828.1531201599864,7.281107269822676e-05,-0.1570706573890777,96,69,97.791939925209
5172,821.6617864938754,155008.34794052225,75272.34056088609,76333.45622031896,2288.659749817569,773.9693392852496,458.70856295645353,833.825373178348,-0.0001035438268958,-0.157604497918907,96,69,97.7933225841518
5173,821.6655450475442,154979.4717704944,75289.86187425183,76294.65170771792,2252.606351307477,761.0605775674194,450.3444937526365,838.0278482365829,9.427744088540168e-05,-0.1582071951701227,96,69,97.79471680234666
5174,821.6823222900694,154985.66186082893,75259.7908774639,76310.8729122908,2215.2856607513386,745.9874889675702,442.5689719914226,841.6646225652948,-4.859471049332164e-05,-0.1784512777233673,96,69,97.79612249015508
5175,821.6851029655738,154965.33218220505,75273.76723957376,76324.79720750917,2175.327317392861,729.5704258725018,435.4012626383919,845.0080524790974,-1.5855105327131406e-05,-0.1667990358792833,96,69,97.79753955733946
5176,821.701766776932,154995.9730245185,75275.70701949863,76297.26614885553,2140.2678938802565,715.0228919247456,429.0018657804467,848.7522071245476,7.417497374077074e-05,-0.1516580438146517,96,69,97.79896791306884
5177,821.7055037795849,154981.72937293226,75270.04069143646,76311.07779034015,2109.6864280950977,703.6599326012074,423.34631451417226,853.5883416487777,-0.0001038378385745,-0.1450349766153538,96,69,97.80040746592448
5178,821.7222474310001,154959.50016289912,75280.32748957562,76324.37499503541,2090.546201255871,697.9267770293372,418.90157434984576,859.7899684543954,9.338808467972392e-05,-0.1384837449169871,96,69,97.80185812390415
5179,821.7249708038527,154951.4529703116,75284.25559062828,76323.68646043516,2080.756133863819,697.4064387980034,416.0391018317605,868.1253086858487,-4.686562484238964e-05,-0.1273880579778932,96,69,97.80331979442845
5180,821.7417839083313,154957.8424190456,75255.15083424374,76316.71374331585,2085.2450559481513,702.6440071900579,415.57340393209597,878.0181224280386,-1.7755943335108634e-05,-0.1142443372571183,96,69,97.80479238434572
5181,821.7453990183503,154942.9140102533,75290.61048006956,76303.47155019696,2098.8349373494857,711.3607225370797,417.75236916181166,889.7526770919212,7.551330011184379e-05,-0.1082486799778746,96,69,97.80627579993777
5182,821.7623309110623,154933.7100347367,75267.28272433045,76316.54733896593,2123.0590368799167,722.7973568111775,422.7488421885355,901.5917512214219,-0.0001040967372345,-0.1045815899547746,96,69,97.80776994692494
5183,821.7656096564671,154914.65569264957,75310.2813549565,76302.69385749257,2149.6963514257222,733.9850137666799,429.59107513088384,913.3614419293299,9.246764087902344e-05,-0.1174879685659703,96,69,97.80927473047186
5184,821.7816235711413,154889.92906509843,75269.57846179677,76322.44929463268,2177.967765520909,744.0716038401879,437.03960887677385,922.6623493083753,-4.512148524280637e-05,-0.12199358887004,96,69,97.81079005519284
5185,821.7854352790866,154908.5046396124,75287.124767238,76303.27705143885,2198.764811268018,750.4475950810156,442.9199484603305,929.6454165531031,-1.964998792902292e-05,-0.1310371894267435,96,69,97.81231582515734
5186,821.8022307375167,154882.81857658585,75302.6558569679,76331.35299532238,2211.4882515581558,752.869948457359,445.5656757672841,932.3586468068825,7.682561194751418e-05,-0.1639233352183915,96,69,97.81385194389593
5187,821.8055531038638,154898.7694505906,75282.21583475036,76311.96434104591,2208.5730423764326,749.5136681471922,443.3641690397344,932.2591515019303,-0.0001043204504885,-0.2032429753766835,96,69,97.81539831440496
5188,821.8214709262555,154905.59037584288,75286.89477812577,76291.72514346046,2192.430863613845,741.2160097707674,436.2192434000608,928.2516129641153,9.151643330665286e-05,-0.2352683636301988,96,69,97.81695483915344
5189,821.8255576261381,154888.77262365384,75284.4081614781,76321.20870325575,2159.1054761431296,727.2591773048189,424.52856644810527,922.7363488042611,-4.336288629649776e-05,-0.2491340977305024,96,69,97.81852142008744
5190,821.8417884605416,154921.95656565097,75309.3924077541,76347.566121515,2113.7733204439282,709.2912984130671,410.0143866848084,914.8478999811341,-2.1536603777362947e-05,-0.261974147165095,96,69,97.82009795863672
5191,821.8448351099704,154921.80970515398,75278.80293028458,76330.58445549275,2054.672802061308,687.100138799884,394.08248346453183,906.9786212012114,7.81114780830898e-05,-0.2693787722038582,96,69,97.82168435571955
5192,821.86158730401,154924.00900247684,75290.23397414069,76314.05413640823,1988.7153255622252,662.6600458789617,378.4785220673657,897.2743857668247,-0.0001045089179687,-0.2896617393859021,96,69,97.82328051174969
5193,821.8654415564224,154935.76305734922,75290.42915447908,76328.53954441179,1914.3732369024656,635.6317185265943,363.6273148287146,887.4696367922879,9.05347952159758e-05,-0.3139622203636327,96,69,97.8248863266405
5194,821.8817174111799,154952.30868561714,75279.1041950533,76333.1054138351,1838.141293864639,607.8235351370095,349.88937770714983,874.9089013645134,-4.1590426281013126e-05,-0.2943010222839163,96,69,97.82650169981213
5195,821.8847299640237,154961.1931520056,75262.04561285087,76315.95908506893,1758.4027557556983,578.9487962667336,336.4744560375111,861.0760778160475,-2.341515830570577e-05,-0.2850726762915126,96,69,97.82812653019631
5196,821.9015963754129,154970.4823536804,75304.15832545148,76324.59813608462,1681.7570767317666,551.0548757761862,323.19655008870177,843.268088186247,7.937047638176846e-05,-0.2990670668122518,96,69,97.82976071624329
5197,821.9053671191455,154984.2219188514,75303.06667560195,76325.66099010991,1606.4101971561904,523.9294983917789,309.3813406032277,823.8165658454818,-0.0001046620911855,-0.2843439028278131,96,69,97.83140415592604
5198,821.9216169829797,155033.78380136454,75307.34250693826,76322.29744142128,1538.3431077304995,499.4159632210649,295.4738007564738,800.9245081025292,8.952307054481835e-05,-0.2844123363333716,96,69,97.83305674674811
5199,821.9246503536821,155051.06231885904,75301.96005676503,76342.05649601025,1475.0092760935659,476.81455974715936,281.5278748241835,777.7786400077166,-3.980470874895364e-05,-0.2959827195045167,96,69,97.83471838574768
5200,821.9415939748568,155071.04340260956,75310.01440426536,76320.74862321718,1420.7662271700683,457.1549624752515,268.49708588255453,752.9022352199245,-2.528502158212442e-05,-0.2786924035680796,96,69,97.83638896950478
5201,821.94529384956,155065.62801986272,75296.62408439619,76332.1734286057,1370.7233689441928,438.75398979611055,256.4951792269421,729.6899071159714,8.060219361525379e-05,-0.2854832087905547,96,69,97.8380683941466
5202,821.9615096731427,155117.91760627108,75299.2521272476,76320.68016048752,1326.892617301317,421.9120885077282,246.22484906876343,706.3108837335894,-0.0001047799334928,-0.2878772052104865,96,69,97.8397565553538
5203,821.9645835809604,155144.23038635653,75289.15341320557,76308.31000893477,1283.37266402744,404.8255915968184,237.377288584481,685.3998668809945,8.848161317962209e-05,-0.2683553975143197,96,69,97.84145334836585
5204,821.9815872040074,155145.6314406322,75304.81589137825,76322.43400816407,1241.9989646489848,388.0993091145356,230.18958075658884,664.1682745096332,-3.800634133763289e-05,-0.2773909848025432,96,69,97.84315866798804
5205,821.985216112345,155168.3093528249,75281.85926846594,76328.24235282135,1197.5327449718025,370.44909337158606,223.86291067913407,644.6213724838162,-2.7145567331407783e-05,-0.2808012003806794,96,69,97.84487240859656
5206,822.0014006573665,155193.74778731473,75302.20820005247,76303.72703449028,1153.0189341746736,353.0922642330406,218.2735906665621,623.511708727252,8.180622694395402e-05,-0.2828860169859782,96,69,97.8465944641455
5207,822.0045266032694,155217.92295015292,75295.92981247668,76317.49514234901,1105.3526109746308,335.4584099952335,212.47910128268995,602.5569576442067,-0.000104862420441,-0.2892753601153418,96,69,97.84832472817178
5208,822.0215771291483,155228.43525333685,75308.99491380174,76329.72524309909,1059.303546628449,319.2439763483999,206.465606914222,578.6978291477426,8.741078670585142e-05,-0.3052587424165532,96,69,97.8500630938022
5209,822.0251323785026,155245.96324108896,75319.86266083275,76320.60548284792,1013.0011376190232,304.06489048470394,199.59058122040005,554.3567583632248,-3.619593511444805e-05,-0.3275148410792866,96,69,97.8518094537593
5210,822.0412924205937,155300.51539517715,75317.25977945105,76327.07729776924,971.4750775806024,291.4926685344399,192.28417395427823,527.3457640980487,-2.8996172411644428e-05,-0.3260186349422325,96,69,97.85356370036716
5211,822.0444780801696,155299.38934508682,75311.40467094327,76293.87558509503,932.6013438854716,280.832833083492,184.31856204921496,500.6154426627327,8.298218210014654e-05,-0.3231821561315049,96,69,97.85532572555812
5212,822.0615634966217,155342.89323301858,75313.13803667147,76328.70356993814,899.5202468447387,272.9008092903532,176.29950906298473,472.39993200669414,-0.0001049095392301,-0.3135084642308594,96,69,97.85709542087844
5213,822.0650422897901,155367.19689278348,75301.96622856152,76315.37157798742,867.5493824029109,266.0363401978684,167.86956541449763,445.6973215578764,8.631096449212762e-05,-0.307997627493707,96,69,97.8588726774949
5214,822.081186647581,155392.33251548678,75310.69951084293,76336.46816141857,837.2983331325813,260.1957750888978,159.38777939684223,418.43654515585513,-3.4374105653784495e-05,-0.3070526994829637,96,69,97.86065738620088
5215,822.0844370810645,155421.47375528922,75297.91993527362,76320.95668427061,803.4290987150162,253.49946341906616,150.37466732502799,392.7261284221895,-3.0836217442603536e-05,-0.3024397348862901,96,69,97.86244943742228
5216,822.1015456640826,155448.36814208975,75291.02510298713,76308.57959773965,767.2178817745298,246.20055435562972,141.29996754150488,365.93552091083257,8.412967468698271e-05,-0.2977182857139291,96,69,97.86424872122429
5217,822.1049460030151,155449.98695946205,75317.65074250371,76336.519919924,725.8701405044994,237.26008345908485,132.02010429286747,339.8186538654263,-0.0001049212889995,-0.294597349088162,96,69,97.8660551273174
5218,822.1210846711112,155481.11328058387,75322.54236114472,76315.74297970886,683.7069504990359,227.87054026886472,123.42032865996589,311.9347810855543,8.518252978589016e-05,-0.2791624393064378,96,69,97.867868545064
5219,822.124402743154,155538.84086438216,75323.73035146116,76320.76708390008,640.8630294784671,217.7063017663022,115.59001836305833,284.1742681429023,-3.2541471682054166e-05,-0.2901650577506595,96,69,97.86968886348367
5220,822.1415228907528,155555.93786118258,75312.83510686527,76320.92546495014,601.8398032339755,207.71479125818587,109.15009231839213,254.76285128685413,-3.2665086890554884e-05,-0.2913702518135171,96,69,97.87151597126096
5221,822.144843974052,155578.08565275895,75313.22749160999,76329.57585549734,564.4107379568159,196.50710786804848,103.37171119527193,225.90728839853546,8.524833037686049e-05,-0.2685343924207852,96,69,97.87334975675088
5222,822.1609876076534,155606.46682747672,75317.36579478034,76323.21328693835,528.0110575598665,183.39983503519034,97.672800572298,196.08680269750766,-0.0001048976809189,-0.2513019863873242,96,69,97.87519010798523
5223,822.1643741597607,155631.08847351983,75308.46430099361,76328.17128539126,485.17655633657705,165.7102781059657,90.12789835303556,167.04746456054272,8.4025874860762e-05,-0.2537827734790691,96,69,97.87703691267932
5224,822.1814944593192,155678.0723112071,75312.91833446408,76324.14690346355,431.1240273885196,142.29709626792464,79.43687501436216,137.22260095112142,-3.069865536946849e-05,-0.2855724461907165,96,69,97.87889005823804
5225,822.1847368624188,155712.20767215302,75318.9005453592,76354.14830980952,358.86878116842126,111.86485862298287,64.12452962307725,108.15611105778953,-3.4482168914489925e-05,-0.2800082699587953,96,69,97.8807494317625
5226,822.200896401697,155715.39725746762,75328.03788582499,76336.98499884312,269.7708822572022,76.67947614258446,44.990473593818024,78.882424191077,8.633778414705531e-05,-0.2816328688881542,96,69,97.8826149200565
5227,822.2043503432094,155746.72957984984,75304.33507208251,76325.72777135452,169.64956255746074,40.77239808414015,24.284495684376452,51.64938448302564,-0.0001048387380437,-0.293368979172165,96,69,97.8844864096326
5228,822.221459740534,155754.28189575006,75322.11234502713,76341.02658860557,75.78956253320212,12.21651733473118,7.258822254749248,27.251139022759162,8.28414017708231e-05,-0.2802567020397631,96,69,97.88636378671904
5229,822.2246254753424,155781.6123815397,75307.79713269694,76319.42359514744,10.095601641165558,-0.0,-0.0,9.312267524073832,-2.8846282329762628e-05,-0.2929843637048869,96,69,97.88824693726583
5230,822.2408118394618,155845.2743653989,75305.31204317155,76351.64254749066,-0.0,14.256242007570108,9.4267985605984,-0.0,-3.628685656706501e-05,-0.2853917286628206,96,69,97.89013574695149
5231,822.2443302166986,155783.78158216772,75318.4948015022,76330.34137627888,68.29267079808051,61.95814242957567,40.08495716191828,2.716572396835545,8.739768168241175e-05,-0.2687026755835128,96,69,97.89203010118922
5232,822.2614182344427,155812.54790011977,75301.55815107813,76336.41189510583,230.51003608986503,146.3312635579059,93.91008721187245,18.683812578150537,-0.0001047444954029,-0.2777841861745632,96,69,97.89392988513411
5233,822.2645107253134,155743.1624799067,75296.70227823888,76337.97339460744,487.1951596271829,263.8442028588033,168.08316254697274,48.597341602435336,8.162952131324206e-05,-0.2751405892555664,96,69,97.89583498368862
5234,822.2807345530033,155694.64447761435,75315.40526147105,76330.43148216035,824.5590701065375,405.6579498705396,256.62358812007005,90.99438887226279,-2.6984980559690168e-05,-0.2526500391475177,96,69,97.8977452815098
5235,822.2843126184085,155664.5785128953,75315.31595053659,76317.49844539579,1214.6794388265116,557.8997067674936,350.4171913965547,143.45090878233896,-3.807854652910344e-05,-0.0904076898683656,96,69,97.89966066301584
5236,822.3013696009076,155614.285352886,75308.99886910908,76325.56727791525,1621.9519364453736,705.5564466863725,440.38280972783105,202.65546355806873,8.842767805757508e-05,0.1733459003301049,96,69,97.90158101239244
5237,822.3043935909615,155538.1438707294,75318.25360512463,76332.04955348614,2009.5499803806888,834.6236171691853,518.1932442612597,264.76772176113445,-0.0001046149997825,0.0205658954250068,96,69,97.90350621359916
5238,822.3206650239133,155474.65022687672,75321.73686385181,76315.82054226846,2346.1393883475685,935.5363651385705,578.8041466263385,326.82842276908923,8.03906537463203e-05,-0.5518109646024187,96,69,97.9054361503768
5239,822.3242963098527,155407.73745615667,75312.64223617238,76325.64818099423,2611.192766783759,1003.7390124363883,619.7241704436601,385.7542233457498,-2.511538162976414e-05,-0.4734016213841108,96,69,97.90737070625256
5240,822.3413136856301,155362.63501808277,75325.00457605495,76339.0158720213,2795.6963535369723,1040.121898005178,641.7700316088594,440.38042585083167,-3.985664093349641e-05,-0.2309668441071919,96,69,97.90930976454835
5241,822.3442750759046,155330.71871996744,75312.6028357191,76370.92894907699,2902.727328013163,1049.2698669998354,647.1472706518107,488.97691549372394,8.942743917302833e-05,-0.3143327578075521,96,69,97.91125320838611
5242,822.3606035922561,155281.00051615425,75301.37085494817,76349.44527573502,2942.153289187234,1037.94472292914,639.6185353052861,532.2080767967855,-0.0001044503098673,-0.262190482751344,96,69,97.9132009206949
5243,822.3642799828287,155250.52036420227,75319.29067549521,76335.80542888521,2929.6623753290623,1013.1352412824199,622.697919491693,569.2297535568941,7.912522802915029e-05,-0.2746659624791012,96,69,97.91515278421758
5244,822.3812505464919,155199.11378499848,75312.30434977413,76369.18093106517,2880.289976949978,980.9685670667532,600.1929447567381,601.539075579145,-2.323811883274525e-05,-0.2759620272120492,96,69,97.91710868151742
5245,822.3841561610565,155160.66178865993,75287.01841136234,76329.29612945847,2809.781334610947,946.2769192544365,574.992362615405,628.3173178010329,-4.162054605622376e-05,-0.2522444100934663,96,69,97.91906849498451
5246,822.4005504762997,155164.1073991854,75316.03375690404,76351.59751853177,2729.149843897554,912.4939984235389,549.9533668485819,651.7228587686259,9.03966409790652e-05,-0.2595272136044629,96,69,97.92103210684247
5247,822.4042622586785,155138.3936721604,75329.2021743913,76348.61258072159,2649.099811338703,882.1929896864312,526.8812753871462,671.0192934733641,-0.0001042504961295,-0.2699534868650406,96,69,97.92299939915549
5248,822.4211804862053,155135.72703040662,75282.13968587681,76336.68747582976,2575.072636081022,856.8961045271717,507.35458750571706,688.5873104686325,7.783368219982874e-05,-0.2736510728884976,96,69,97.92497025383456
5249,822.4240377443297,155112.29959424218,75311.31625669629,76351.09532445575,2512.790968121146,837.5342040046817,491.7435193893034,703.181803523592,-2.135382800263993e-05,-0.2656358846585794,96,69,97.9269445526443
5250,822.4405058102308,155088.1073433659,75296.64842402673,76344.1309556191,2462.155375378614,823.6857656747306,480.0503263876308,717.1732112466998,-4.336967358360088e-05,-0.2542125482004056,96,69,97.92892217720971
5251,822.4442416717169,155092.72884537905,75328.98841552925,76333.85946152886,2423.7439972374705,814.2067526770697,471.14220291390666,728.6124608355749,9.133496963889948e-05,-0.2435211189539667,96,69,97.93090300902264
5252,822.4611040988024,155079.3386394829,75307.76117891821,76335.83647206417,2392.366634748818,806.6338535971736,463.82871387375053,739.4201653752825,-0.0001040156409568,-0.2481946470666013,96,69,97.9328869294487
5253,822.4639205614645,155058.9103471996,75305.53753657876,76357.21392408898,2364.9200578810996,798.5976132103824,456.4527135369135,747.0167786468228,7.651646249604603e-05,-0.2631860719517472,96,69,97.93487381973378
5254,822.4804697042904,155066.4855617832,75316.94485949405,76333.08430143754,2334.064712067833,787.5638965071266,448.0924790010613,753.7767047298548,-1.946314746927712e-05,-0.234904095410155,96,69,97.93686356101084
5255,822.484216637906,155058.67696087188,75334.24659069207,76344.42688601349,2297.850432766776,772.6425037539739,438.12347005924676,757.2631313883176,-4.510344039633322e-05,-0.2268348328614791,96,69,97.93885603430688
5256,822.5010223152065,155060.70197224306,75320.15729859097,76344.6164773419,2252.730298952665,753.8186475147086,427.09353026599274,760.290852901293,9.224212244559329e-05,-0.2213217750322235,96,69,97.94085112054891
5257,822.5038051311354,155079.98327927105,75289.82520124617,76323.54520281823,2202.538092649367,733.1245049861318,415.91040745098144,760.5452037082287,-0.000103745838582,-0.2062596966426347,96,69,97.94284870057152
5258,822.5204422261598,155055.80328268354,75330.00350786617,76357.4590393528,2149.1405495855724,712.780823080262,406.2195156524249,761.6339994187001,7.517402381236508e-05,-0.1939878321872929,96,69,97.94484865512294
5259,822.5241856363032,155058.71790898003,75311.4990020753,76339.46729408528,2100.848558837024,695.8988028994645,399.28311360653606,761.2804325124307,-1.7566716888782286e-05,-0.1968958901047067,96,69,97.9468508648723
5260,822.5409359283674,155057.4368252877,75293.05811481107,76320.44349253688,2061.4142770022736,684.2470498454641,396.2218938883161,763.1543244549539,-4.682126857644519e-05,-0.1882641236424574,96,69,97.94885521041564
5261,822.5436929793146,155063.5530905359,75289.36749386853,76332.99615697295,2038.2042766799568,679.3174861676234,397.1128368731588,764.7467620083771,9.311780681549965e-05,-0.1788957284415114,96,69,97.95086157228354
5262,822.5604198621523,155054.90432351344,75293.66330271795,76328.46601225506,2030.8858460080228,680.5464028376009,401.55565501836827,770.1187653085508,-0.0001034411947117,-0.1784688658572911,96,69,97.952869830947
5263,822.5641604308158,155059.45705748515,75319.89164693956,76331.91933529172,2041.5119385542348,687.2853545940889,408.23949603238725,776.2416416759661,7.380682942175815e-05,-0.1675924069120295,96,69,97.95487986682488
5264,822.5800843956723,155055.7293055658,75301.72349071977,76318.3402049293,2064.091613933211,697.4186701264844,415.85180438822135,786.3467268866079,-1.566517789327317e-05,-0.1765948747083047,96,69,97.95689156029
5265,822.5835296878213,155042.59726306453,75316.42530499295,76329.72519124184,2095.5663543494884,709.4981656670716,422.8839799137204,796.7418057949108,-4.8522586227398216e-05,-0.2066517758059699,96,69,97.95890479167608
5266,822.60046156134,155011.19561457078,75287.16885713882,76327.16546679316,2126.688668131421,721.1948879801494,428.3958463021263,810.142462972959,9.396174124052246e-05,-0.2348158423870719,96,69,97.9609194412849
5267,822.6040247868297,155014.0861793772,75300.32864867913,76313.39539583096,2154.079583204584,731.275867471355,431.5941599321377,821.7166669022117,-0.0001031018269714,-0.2697725891123335,96,69,97.96293538939258
5268,822.6200115126153,155008.79095570708,75298.80832098678,76334.37635435391,2169.9578765046317,737.6244115170848,432.3005039670679,834.1139715755999,7.241535063826655e-05,-0.2959181936359351,96,69,97.9649525162562
5269,822.6234725694404,154993.9346581597,75312.60489404357,76285.86768116034,2173.7479263615096,739.2812245100649,430.36510522002936,842.853956744395,-1.375917365592384e-05,-0.3007549112078039,96,69,97.96697070212085
5270,822.6404572655787,154985.53313152923,75275.3793146411,76311.98837331776,2160.922655026836,734.5859393322608,426.01834064585273,851.3224582171533,-5.020682694574848e-05,-0.3120015171525673,96,69,97.96898982722622
5271,822.6439074112258,155000.1046729239,75316.79420158858,76321.53440135889,2134.2614491786226,723.5064356515941,419.3308600501332,855.0954088558792,9.477365469848487e-05,-0.3138394280966157,96,69,97.9710097718136
5272,822.6599274049919,154976.12609591012,75282.1206722788,76316.17405188429,2091.576632804761,705.6442569924111,410.6148618097068,858.204211738368,-0.000102727864542,-0.2982049493389446,96,69,97.97303041613196
5273,822.66343292002,155017.56052651696,75269.27908049227,76306.03380726848,2037.338245682884,682.4691234036436,399.9914904838952,856.655840761814,7.100006682661597e-05,-0.3095842660052917,96,69,97.9750516404454
5274,822.6804383734739,154982.37025821293,75289.63902441568,76312.2471304207,1970.8382345713326,654.9878494219302,387.81803083542036,854.6526671707688,-1.1849348483899934e-05,-0.2959520701016278,96,69,97.97707332503924
5275,822.6837920179165,154985.24147346945,75298.6026288259,76318.02853919778,1898.0479122157558,625.6861818517646,374.29322657969897,847.5503648891754,-5.187343056301317e-05,-0.2746788216431723,96,69,97.97909535022733
5276,822.6998434197588,155020.43569908114,75294.52901697237,76319.9257957471,1818.900158397213,595.8042104662454,359.81539034916204,839.6592262223712,9.555328726972064e-05,-0.2717145561345326,96,69,97.98111759635844
5277,822.7034027934162,155034.64433325396,75294.39747722576,76311.42637364799,1739.2202684645308,567.3209457983321,344.54026405714103,826.5379623883637,-0.0001023194482817,-0.2596885977651411,96,69,97.98313994382268
5278,822.7204091795401,155062.07949007038,75304.77053524017,76334.39616410556,1658.3544668055838,540.425586759462,328.69922507891897,812.664512076648,6.956146493732371e-05,-0.2402309991046849,96,69,97.98516227305898
5279,822.7236757884244,155056.28876006044,75291.01073458939,76325.25766238631,1581.29038868309,515.8293043550075,312.2766877723625,793.2691213552898,-9.936347358936415e-06,-0.2389125009015883,96,69,97.98718446456132
5280,822.7397630937016,155073.62553612562,75297.04431903659,76315.58764311546,1506.0039643465425,492.4607750491996,295.46076921664644,773.4484228114889,-5.352184267513622e-05,-0.2330448507682636,96,69,97.98920639888496
5281,822.7433789776452,155116.3410573111,75305.7703522905,76322.2821832804,1436.1520131031284,470.18949800386326,278.4320937357261,749.162496388104,9.63003903204982e-05,-0.2184376073410987,96,69,97.9912279566543
5282,822.7603708713556,155145.0947207992,75314.58742046599,76320.1205766309,1369.0651266726782,447.79428984670085,261.7356123292702,726.01741631818,-0.0001018767306479,-0.2120809409530866,96,69,97.9932490185682
5283,822.7635582825417,155171.84405284244,75281.44689711941,76329.08932451814,1308.1660433696234,425.66327134628955,245.89643065008568,699.8110070075782,6.810003994377351e-05,-0.2077795326779905,96,69,97.99526946540824
5284,822.7796881553236,155191.3381002076,75285.94982302752,76347.09847893247,1250.1903146950062,403.39616116484103,231.54074822255643,676.5093584618298,-8.020816431181442e-06,-0.2166850495817304,96,69,97.99728917804376
5285,822.7833594145374,155211.47793307583,75303.46407099628,76341.92652777358,1197.5624710259726,382.18715458275983,218.89672803727444,651.7934740420897,-5.515151589969439e-05,-0.2232361483395019,96,69,97.9993080374396
5286,822.8003238458649,155251.7233349088,75312.45876796449,76324.77270519812,1146.1882549488219,362.1699888567673,207.96876420264016,630.7983058455284,9.701472548151956e-05,-0.215149095006266,96,69,98.00132592466278
5287,822.803439870824,155279.23950045218,75312.70571077522,76313.8465056057,1097.8108290177188,344.58111905597616,198.31545740307774,607.7570354756899,-0.0001013998753385,-0.2237888715165414,96,69,98.0033427208881
5288,822.8196195882122,155288.66290732322,75297.134986883,76334.7643439212,1047.9295779704116,329.03716336180514,189.5090555291972,587.2971278106561,6.661629392517219e-05,-0.2128035912365586,96,69,98.00535830740615
5289,822.8233424521131,155315.87049297648,75302.91069012706,76348.7728577329,998.627129605622,315.92597891810874,181.0911486983532,563.3714217981615,-6.1034024638939925e-06,-0.2184433957982104,96,69,98.0073725656292
5290,822.8402682871375,155336.34475787735,75326.78468034431,76328.8136400219,947.0389357499662,304.05715840090124,172.9602454842243,540.4545843529049,-5.676190866630331e-05,-0.2081108636083828,96,69,98.00938537709769
5291,822.8433212834501,155362.61607925588,75321.25999205322,76337.33631205211,897.2404759122292,293.2709031651757,165.11279603184084,512.612682705716,9.76960662859442e-05,-0.1941967557248518,96,69,98.0113966234876
5292,822.8595579489208,155408.7013002612,75328.74226231458,76326.53587473453,847.8995763628045,282.2390432967368,157.75118336520973,485.6912014642148,-0.0001008890576759,-0.1913530493635278,96,69,98.01340618661608
5293,822.8633266164313,155434.9290333542,75316.41276843313,76334.7588790162,803.6213519074954,271.1233255628322,150.8764099541586,454.9638092062087,6.51107368804057e-05,-0.185979360645163,96,69,98.01541394844908
5294,822.8802043725707,155479.64821430636,75326.16667505588,76348.20886400451,762.8294649862801,259.2942053298757,144.42475329866284,426.6837858792569,-4.184752400200025e-06,-0.1830140420428168,96,69,98.01741979110692
5295,822.8832034248923,155499.86327050184,75318.47661272377,76351.79379561108,728.50600181747,247.59472758483025,138.08381079114042,395.83246725666686,-5.8352486586508905e-05,-0.1765011924750972,96,69,98.01942359687204
5296,822.8995034913148,155520.75357868604,75323.65686368926,76341.73646106236,696.6648834720254,235.80868634858052,131.66036178224022,368.7360751708038,9.834419726931298e-05,-0.1646199151073673,96,69,98.02142524819412
5297,822.9033105326604,155564.43429863767,75342.17441344149,76334.99454493521,667.9989265093463,224.8529240146163,125.00679870104068,339.86363678012276,-0.0001003444644433,-0.180341528186959,96,69,98.0234246276982
5298,822.920132362066,155579.42181394855,75303.93306962537,76321.0809362481,637.7313897960703,214.39288907771697,118.28201818247908,314.4639136266487,6.358388520268375e-05,-0.1899933034345924,96,69,98.02542161819026
5299,822.9230872753118,155617.2436413183,75339.12958463097,76355.67714273377,606.6662817539764,204.96477187456912,111.64728907711105,286.060488010844,-2.265513427477492e-06,-0.1625156838767304,96,69,98.02741610266372
5300,822.939456226855,155649.85987459696,75343.95115632293,76356.88795740079,570.8295334105496,195.62471720379835,105.27148087951355,260.09209288391867,-5.992272227923292e-05,-0.1461521394625069,96,69,98.0294079643066
5301,822.9432928998215,155691.51847944103,75311.67663526822,76355.2211938931,531.6915714648203,186.02994834979472,98.89425352154649,230.22195638751145,9.895891417268408e-05,-0.1260940181914641,96,69,98.03139708650752
5302,822.9600526408694,155701.41656845936,75329.74415187573,76342.9335078795,485.79360830347287,174.23293087365164,91.89255742312525,201.77379913721234,-9.976629369129023e-05,-0.1124595838118658,96,69,98.03338335286236
5303,822.9629738257408,155738.55060471676,75354.82069272547,76358.11185232441,433.92145286814775,158.86236952427134,83.14543165932992,168.65453625004739,6.20362625894479e-05,-0.1464674442288297,96,69,98.0353666471808
5304,822.9794159619654,155798.6489170056,75328.56195621911,76340.75755399671,371.766698339954,137.55186368283466,71.57330452205497,137.48210767435376,-3.463324636352785e-07,-0.1365740620527246,96,69,98.03734685349296
5305,822.9832724866343,155806.56836834177,75304.0384330444,76342.18039177396,300.26975522679277,109.86042816416011,56.514612094615586,103.22273216678877,-6.14720952019033e-05,-0.1321342734581935,96,69,98.03932385605536
5306,822.9999657414679,155838.5134814663,75316.24677315335,76341.58237133079,218.53175334690604,76.45006107239169,38.60787661038921,73.12458013361902,9.95400241264312e-05,-0.1434543793273022,96,69,98.04129753935771
5307,823.0028640273293,155889.43573871368,75353.22783104348,76360.53102088577,134.21521081827814,41.87646188479266,20.140215351450024,42.96912207288551,-9.915475431494882e-05,-0.1346719422628536,96,69,98.04326778812973
5308,823.0193823289909,155903.53095470156,75348.08975063871,76333.49874345113,56.77768238133285,13.008576717344113,5.398245993041201,21.32542408554582,6.046839948554215e-05,-0.1334677447963549,96,69,98.04523448734668
5309,823.0232481340129,155935.71692874952,75337.28918503466,76379.57175318232,5.537525575258769,-0.0,-0.0,4.364287132077152,1.572143675640049e-06,-0.1228571618894779,96,69,98.04719752223654
5310,823.0398723563543,155922.87563178517,75358.50054245022,76334.64096727183,-0.0,12.624101335153682,9.976419461192563,-0.0,-6.300009197355346e-05,-0.1321876817830263,96,69,98.04915677828592
5311,823.0427587448868,155939.05199496003,75318.08786500937,76345.29994862646,62.656272981956135,59.20152739151672,39.98675694418489,3.5730984648689628,0.0001000873456157,-0.1422607961134508,96,69,98.05111214124682
5312,823.0593548199128,155919.9950891989,75334.62952415356,76368.13806518941,206.8295657148701,142.4430038999708,91.94661263504531,22.387417158752214,-9.851006708344114e-05,-0.1327639139891735,96,69,98.05306349714284
5313,823.0632187548991,155872.20185682952,75329.23164387167,76331.00985230651,438.32779661909444,259.39245999573905,163.80127987125888,50.29915598311345,5.8880833149513456e-05,-0.097940152862583,96,69,98.0550107322752
5314,823.0797733505354,155841.25299625017,75323.05134765171,76352.78802179502,746.6234390182653,400.0570137906034,249.7462211367092,92.50655369245214,3.489268715891361e-06,0.1237154089912509,96,69,98.05695373322976
5315,823.082658706603,155836.8026906013,75324.52374951263,76347.48686793221,1110.846575668198,550.5745202413818,341.1235264525749,141.21198736992665,-6.450620686288665e-05,0.34904623385203,96,69,98.05889238688262
5316,823.0993328318422,155724.1693432594,75345.8458145033,76359.11705573917,1498.3031871959683,694.962729678402,428.54422325926134,200.59288087647292,0.0001006007086639,0.0229720567743506,96,69,98.06082658040684
5317,823.1031833206798,155694.90461200735,75338.67881474711,76350.37369974151,1875.4601943643065,819.6933462166489,503.6925096330815,261.42473612423055,-9.783246328524096e-05,-0.4484233543155972,96,69,98.06275620127846
5318,823.1196697856818,155650.11212975578,75314.60797016506,76355.9527809887,2209.857439292071,915.0796749700239,561.1005378690897,326.46496760530863,5.727410686049935e-05,-0.2227518931325653,96,69,98.06468113728332
5319,823.1225644366672,155539.11674608235,75314.58834045252,76362.03196846572,2479.4106052780407,977.5474777749478,598.5293674829154,386.31826980243204,5.404397083967436e-06,-0.0869846244617349,96,69,98.06660127652256
5320,823.1393157405064,155522.4156126624,75314.47896872707,76361.34107433022,2671.429985184397,1008.2532701508462,616.935296547992,444.810158137494,-6.598994178386455e-05,-0.1489926397277403,96,69,98.0685165074189
5321,823.1431408133318,155463.5582897912,75330.14601563854,76336.32775887859,2786.1943717484246,1012.6415074122779,619.2862901968911,493.7486039213545,0.0001010799549887,-0.0950857793936394,96,69,98.07042671872362
5322,823.1595629817866,155434.82226665615,75316.52611108457,76340.02011978968,2831.5809186355327,997.5887197333213,609.7400004200463,538.385670572141,-9.71221852781235e-05,-0.1189928635615184,96,69,98.0723317995219
5323,823.162476138947,155372.7211684466,75318.71242079615,76322.61256490486,2822.391687178402,970.5388706580998,592.4229471577419,572.8360189036466,5.564877032951845e-05,-0.0999558797870713,96,69,98.07423163923946
5324,823.1793030430326,155370.85269068176,75339.04482992126,76349.92703914952,2774.431604973215,937.5394381219812,571.1454888146109,604.6806416206819,7.316884411480542e-06,-0.0821303577558403,96,69,98.07612612764848
5325,823.1830900883605,155343.21138490253,75311.5021308036,76343.44009160703,2703.835264368274,903.5181894065609,548.8250303483364,629.0050837929302,-6.745080609953372e-05,-0.0920847769714686,96,69,98.07801515487368
5326,823.1994546889887,155333.41234487988,75317.6303298487,76352.64047518682,2623.348529953393,871.5525276787812,527.7701337638719,653.1763245768088,0.0001015249374619,-0.0841880285382226,96,69,98.07989861139862
5327,823.2023934350124,155298.72587780876,75319.78609556628,76360.13785004291,2542.9330505785183,843.7402096733713,509.3606743318669,671.9690184073115,-9.637948649032694e-05,-0.0729771531166582,96,69,98.08177638807166
5328,823.2192947018814,155304.06415887972,75324.86374010453,76365.99480071616,2468.551561957167,820.8587415440415,494.4260463466635,692.0402912173013,5.400537945317128e-05,-0.0684666766385248,96,69,98.08364837611208
5329,823.22302946488,155251.0060460876,75323.52335057702,76345.82907235595,2403.560264091997,803.1081563040643,482.8794548609294,706.6961185698456,9.226086913022838e-06,-0.0547094295418058,96,69,98.085514467116
5330,823.2393476284595,155264.20084737835,75313.88652769043,76356.4713767038,2348.751357088331,789.7188489537511,474.1863703931449,721.3016673132079,-6.888831736317066e-05,-0.046614224307789,96,69,98.08737455306252
5331,823.2423145852962,155255.3362857957,75325.79585504481,76322.78043533016,2303.2885661532055,779.5056087019766,467.12084684849833,729.3331097020709,0.0001019355207209,-0.0448572427241939,96,69,98.0892285263195
5332,823.2592922358652,155254.5197404599,75323.71664262503,76336.23801375195,2265.168172959995,770.6594507505943,460.46125574136386,736.9900353196135,-9.560463140531057e-05,-0.0276719423154182,96,69,98.09107627965014
5333,823.2629552177399,155247.6228239617,75311.9164383501,76363.33865103322,2231.3660318541224,761.4212047319743,452.8491890964797,738.3472399697057,5.234449545072632e-05,-0.0181175764529985,96,69,98.0929177062178
5334,823.2792476867107,155274.41436161377,75335.0996843482,76351.94575875229,2198.799503292772,750.200412838778,443.5808048094623,740.180282997695,1.1131363038818644e-05,-0.012559714736852,96,69,98.09475269959292
5335,823.2822331197041,155238.1709819618,75301.21980537688,76350.2121825073,2164.2464071948198,736.2715091661084,432.36075203391374,737.7478243449295,-7.030200127131161e-05,-0.0001189633836623,96,69,98.09658115375883
5336,823.2993040666818,155264.2361970655,75308.16575534215,76351.19484830838,2126.2285960812005,719.8572683881212,419.94355741294567,738.4756725727639,0.000102311581442,0.0076748400697037,96,69,98.09840296311698
5337,823.3028526665978,155271.72340792458,75291.46591896785,76369.45118277511,2084.450149374141,702.3154984001158,407.52575707502547,737.1655058729812,-9.479789441776876e-05,0.0231088350398765,96,69,98.10021802249338
5338,823.3191800749303,155266.46042590291,75309.46268902383,76364.05064066897,2041.6158913101535,685.7043152348197,397.04185433345265,740.3910290585773,5.066668573963038e-05,0.0506639497805504,96,69,98.10202622714392
5339,823.3221045671603,155253.4162198126,75308.50189258317,76347.70728346081,2001.2992443213589,672.3215560766694,390.0925321558316,742.6315611749887,1.3032072165919037e-05,0.0548661312151888,96,69,98.10382747276104
5340,823.3394320990385,155259.1629953255,75310.87357958507,76366.80573285079,1968.9584943568916,664.0591293596808,388.0142559404485,749.9236275002768,-7.169139117725833e-05,0.0501242251183944,96,69,98.10562165547827
5341,823.3421942325815,155260.68074120334,75303.96337390353,76344.26266135594,1948.3323392898892,661.9363764688751,390.7934611722594,755.4609892169246,0.0001026530073835,0.0686473144151094,96,69,98.10740867187734
5342,823.3586635855997,155249.84382767815,75324.15009656837,76353.03660647682,1942.7645307216444,665.9455112198339,397.66720842255745,764.8366798139177,-9.395956132865512e-05,0.0622384883368233,96,69,98.10918841899256
5343,823.3622371091068,155246.74576775674,75322.1530477297,76374.65746882003,1951.7161881458014,675.0542351563636,406.6358769739454,771.7250499949441,4.897252315779851e-05,0.043160600599493,96,69,98.11096079431763
5344,823.3792831580035,155223.73188791523,75288.55587781774,76359.28573775532,1973.5285691687022,687.5915097634424,415.6945339308004,781.2231471880223,1.4927575564700524e-05,0.030803865670989,96,69,98.11272569581044
5345,823.3821343652025,155229.63866482902,75342.5149640439,76360.6860560986,2002.8156024708296,701.4338376177911,422.63026897466625,787.0818440947041,-7.305602960969195e-05,-0.0058614843735969,96,69,98.1144830218995
5346,823.398565956467,155236.4120653514,75296.83687864282,76366.43598427414,2034.6521514229826,714.4898677679157,426.27546328827157,794.8362769862288,0.0001029596985257,-0.0368762707349352,96,69,98.11623267148876
5347,823.4022549413064,155235.07789766605,75313.70126187752,76347.43841444694,2062.0347881623893,724.6816777854838,425.8667753569898,798.7485966110544,-9.308992811019368e-05,-0.066338716121317,96,69,98.11797454396384
5348,823.419183501768,155221.0650458017,75291.5949460668,76343.88509728621,2080.3715027021244,730.3197069285088,421.8319575196656,803.722635012673,4.726258552838833e-05,-0.0866250405492105,96,69,98.11970853919746
5349,823.4220413666989,155218.7312920232,75299.3774882794,76354.09294509987,2084.3029803610407,729.9059308329597,414.64976497285534,803.7113479774853,1.6817236870940958e-05,-0.0895489901138158,96,69,98.12143455755424
5350,823.4384988919472,155226.405268124,75324.93386959558,76352.94090236607,2072.0990490062395,722.5448978421337,405.4792201189266,803.6942550281819,-7.43954672228668e-05,-0.0750554261377167,96,69,98.1231524998977
5351,823.4422545408637,155250.35110482128,75324.77065065283,76336.97699132816,2041.6187376926537,707.7180458105868,394.941577201389,798.0122061855218,0.0001032315663173,-0.0700543556319396,96,69,98.12486226759404
5352,823.4590885627179,155247.92026643906,75307.94616992296,76339.74560189011,1994.6469418828492,685.8054671982245,383.967934872926,791.4412857926218,-9.218930135778352e-05,-0.0769866490949284,96,69,98.12656376251894
5353,823.46194151938,155227.95902351855,75324.47223261914,76348.64030898214,1932.3869965998456,657.787035770074,372.69908439723076,778.9478050674952,4.553745590081923e-05,-0.0547239519445541,96,69,98.12825688706192
5354,823.4784463373544,155271.86308184933,75310.99186585766,76349.52488868825,1859.791182321147,625.6152899755398,361.5043894480041,766.3206315501884,1.8700421485625685e-05,-0.0570289456873169,96,69,98.1299415441326
5355,823.4822453463943,155310.2189943064,75280.2224305676,76343.1965266653,1780.166916686052,591.4757014855131,349.8411262712034,749.4302758667327,-7.57092632945134e-05,-0.0660680928320697,96,69,98.13161763716556
5356,823.4989913262075,155317.4846170486,75294.66106445447,76353.68426052888,1699.2369313280215,557.8241516875423,337.48821321694413,733.6975031941838,0.000103468533964,-0.0397514224236291,96,69,98.1332850701258
5357,823.5018413217836,155331.25933312287,75316.8016711129,76364.73528070394,1619.3708900038619,526.4143789632217,323.60142787959194,714.7351450930291,-9.125799800116162e-05,-0.0369201810330258,96,69,98.1349437475138
5358,823.5184037194765,155347.4894212957,75340.45237901025,76347.0105392155,1544.129543458519,498.459172616218,308.22897152171936,697.4679855634458,4.3797722278799054e-05,-0.0523022076770726,96,69,98.13659357437136
5359,823.5222294707125,155386.95290944946,75297.6760352748,76343.53960687589,1472.8298789359978,473.9259691951447,291.23645927297184,676.9492758097476,2.057649779136772e-05,-0.0361188619990311,96,69,98.13823445628589
5360,823.5388898812093,155377.1830899101,75301.0429473139,76374.47446909732,1406.2932173710433,452.24529654222715,273.65104243467795,657.0518389913777,-7.699698625560262e-05,-0.0524563910658726,96,69,98.13986629939686
5361,823.5417437530349,155416.35946036043,75310.76314264194,76371.1025723947,1342.219635348476,432.11889384899405,256.1655967279803,633.0597578512097,0.0001036705366113,-0.0851997986589224,96,69,98.14148901039972
5362,823.5583687803236,155434.0053385484,75300.97466187624,76361.18350843033,1281.39344077243,412.6184896119812,240.23665140481899,609.658852981287,-9.029634472414209e-05,-0.0579971993448199,96,69,98.14310249655188
5363,823.5622073017845,155489.74318821827,75309.94958618801,76339.69250632728,1222.2563163528685,392.9450767161761,226.30793703568634,583.1862002572743,4.204397690237156e-05,-0.0694552210838121,96,69,98.14470666567745
5364,823.5787838268327,155500.13658743972,75330.11317763287,76356.72443926003,1166.4952438625623,373.24207912733254,215.09962434208137,558.4649141725677,2.2444836450073776e-05,-0.1011382737249741,96,69,98.1463014261724
5365,823.5816506480112,155538.06328590887,75318.76298246643,76355.00660858573,1113.0286761556636,353.86520644876873,206.07281967820018,532.2589445088815,-7.825821299519954e-05,-0.0860070334413615,96,69,98.1478866870096
5366,823.5983399308085,155549.73963613453,75324.7222090819,76345.82781028587,1063.5692636843887,335.79451264982345,199.11566669336753,509.13278087065555,0.0001038375213136,-0.0881693433308616,96,69,98.14946235774354
5367,823.6021787074682,155580.24336123298,75307.82235322536,76359.08582939337,1016.5121003071545,319.6131102652871,193.0527353899961,485.1411236037966,-8.930467887817454e-05,-0.1090041660666191,96,69,98.15102834851606
5368,823.6186733926504,155595.4339635027,75332.2151131209,76352.3273905905,972.973489697848,305.93927765084663,187.48037369578378,463.33441543744993,4.027681718715887e-05,-0.0908360097046952,96,69,98.1525845700604
5369,823.6215633205295,155631.90271720756,75323.36882797268,76367.12687151159,930.9600337236188,294.5760772659851,181.193419884803,439.3524204707355,2.430481126082364e-05,-0.0858172066084784,96,69,98.15413093370655
5370,823.638315779887,155659.79755691683,75340.95587030634,76368.80189577371,891.4501912923879,285.2237254494539,174.0646974198462,416.14793070644373,-7.94925300829325e-05,-0.0938892619068279,96,69,98.1556673513864
5371,823.6421434319199,155660.6558469826,75334.88520549882,76342.6867291457,852.1820056060678,276.8541845326108,165.31223796703853,389.8734033148503,0.0001039694466514,-0.0919714397144813,96,69,98.15719373563762
5372,823.6585591229602,155717.0072133964,75331.60877687139,76366.53296043878,813.8515255734674,268.66487186313316,155.51804757289938,363.7989757571486,-8.828334737050001e-05,-0.0980370965651899,96,69,98.1587099996094
5373,823.6614827827871,155739.3977122961,75350.34125273868,76355.40408278501,774.2157025021734,259.58388038557314,144.79066198965302,335.42457784345606,3.8496844276762114e-05,-0.0939798835394046,96,69,98.16021605706712
5374,823.6782949626102,155757.2282453492,75328.52486990324,76353.06080586486,734.5098244010587,249.24339463145589,134.6335073450755,308.87378968962,2.6155798667275872e-05,-0.078408502233994,96,69,98.16171182239653
5375,823.6821012706471,155805.36969671244,75336.41629372533,76368.42891753094,693.3746866146685,237.36091602662054,125.57278934042552,282.116366071481,-8.069953288188534e-05,-0.076410804336075,96,69,98.16319721060886
5376,823.6984417209061,155821.15394346588,75322.20157505682,76323.03714588186,653.0526187398937,224.54470647028938,118.86234344728291,258.5413564162154,0.0001040662832893,-0.0783650512815134,96,69,98.16467213734516
5377,823.7014098467961,155826.95686362652,75317.0266759189,76358.37275940485,612.868850844563,211.38103600530303,114.02408685951377,235.69459257184644,-8.723270732329932e-05,-0.0693954167514101,96,69,98.16613651888152
5378,823.7182760605655,155870.8522849634,75327.56303717018,76341.51308529983,574.7073309756233,198.82941502897302,110.90028269283357,215.7756054404308,3.670466350449762e-05,-0.0659071860886946,96,69,98.16759027213294
5379,823.7220521760664,155901.02396063012,75322.12902273983,76352.72137544552,536.0885441244463,186.93092763664026,107.48697533758241,195.29461053950945,2.799717890813491e-05,-0.0626840142449795,96,69,98.16903331465834
5380,823.7383219375674,155904.03842669088,75338.87779425459,76357.57074665223,496.0949862814159,175.15700269264926,102.63182997179683,175.2189255594567,-8.187882657154892e-05,-0.0453879446421012,96,69,98.17046556466504
5381,823.7413451982045,155908.1693128405,75315.59082747053,76368.31199511938,449.61758599663153,161.5474034519284,94.1487879777851,152.34129992910312,0.0001041280136115,-0.0235699479396005,96,69,98.17188694101284
5382,823.7582575414212,155953.96222944176,75340.64212863716,76356.96780057925,394.37685134192,143.910263825499,81.68490723887226,128.17054010933498,-8.615312523971859e-05,-0.0215314962574633,96,69,98.17329736321874
5383,823.761996354826,155996.17571538663,75326.02737819562,76359.55928444162,326.2721359775751,120.0229715177993,64.57001198956277,100.9796767323569,3.4900884285588853e-05,-0.0375642227962744,96,69,98.174696751462
5384,823.7782004516389,156017.6608963971,75325.1498679017,76381.79666148669,247.2244393460569,89.70372906845296,44.70807680574944,73.62757178337779,2.982833570663996e-05,-0.0324989944236056,96,69,98.17608502658686
5385,823.7812894950068,156021.80230857935,75320.59798675864,76358.62339914778,160.8992941416218,55.23474648932461,24.165457292838255,46.586351660313085,-8.303002536700436e-05,-0.0426799294357688,96,69,98.17746211010856
5386,823.7982376636123,156073.5303467808,75341.43363922775,76352.01284605173,79.66058383905329,22.68398719727702,7.781624473602278,23.951684731291607,0.0001041546318264,-0.0655367081287171,96,69,98.1788279242165
5387,823.8019344151226,156069.72906721954,75352.61325620614,76340.05051077093,18.650677379162516,0.7466090727393748,-0.0,7.159157242102083,-8.504497733073892e-05,-0.04891518161008,96,69,98.18018239177928
5388,823.8180776720349,156100.4531572169,75336.15103185838,76361.81952438802,-0.0,-0.0,6.907748722442193,-0.0,3.308611912362973e-05,-0.0401023611957056,96,69,98.1815254363481
5389,823.821243575551,156104.56346297602,75330.39429969329,76349.54021224735,43.59301297616912,29.790902979962993,32.22459690319374,3.689135790191358,3.164865615238836e-05,-0.0412379352694441,96,69,98.18285698216177
5390,823.8382142365118,156039.90754344518,75331.02841736899,76343.55465882465,167.67381259455578,96.25616946510854,78.94296018444584,20.550510642235167,-8.41527536944863e-05,-0.0350824229934152,96,69,98.1841769541499
5391,823.84186771112,156037.44753037376,75313.06209530149,76313.09100461159,378.20037071284605,199.42079079302493,145.3564137480571,50.37679292567191,0.0001041461440724,-0.0370320497981987,96,69,98.1854852779381
5392,823.8579532578065,155987.55495909098,75314.45664404551,76353.77755479891,670.9574798843241,333.02440099135856,227.90783729750547,93.29574628450791,-8.390864928915316e-05,-0.0291942266927987,96,69,98.18678187985095
5393,823.8612090757528,155942.85194714434,75300.21285441506,76323.35313514649,1025.778427913203,484.66296890085505,318.6967602936493,147.46691070616362,3.126098464920131e-05,0.0274744128655771,96,69,98.18806668691684
5394,823.8781837815559,155899.41271296857,75302.2045342652,76328.65351117431,1414.7039959317772,638.8585260716209,409.91044526791666,210.66875446974882,3.345753130619194e-05,0.2357310902045244,96,69,98.1893396268712
5395,823.8817996056421,155824.9333180074,75300.45980886562,76364.49805942582,1802.3467656667926,779.7044729338959,492.26661196819623,279.3011056794494,-8.524664481681231e-05,0.4340882489393923,96,69,98.19060062816123
5396,823.8978241358678,155750.86141622195,75302.78112458276,76350.85923245689,2157.546124829154,894.7454065850325,559.8811823817232,349.3929284058977,0.0001041025682334,0.0939253818063663,96,69,98.1918496199492
5397,823.9011917133415,155652.28112359223,75328.76813417247,76342.17743162067,2453.9895882536657,976.5619755906082,608.0017080202379,417.15470245241886,-8.274453640710697e-05,-0.3773085460740835,96,69,98.19308653211642
5398,823.9181352430376,155585.42280985776,75308.36840083404,76325.64378460577,2678.2843105623033,1024.0295162336115,636.5484112955455,479.16456122972886,2.942610044295416e-05,-0.139155068637394,96,69,98.19431129526713
5399,823.9217521986075,155559.30350903232,75302.67728409678,76337.53292191942,2825.736781580781,1040.891539071803,646.3170663422497,533.9098797206825,3.5254356650944324e-05,-0.0123405323754064,96,69,98.19552384073238
5400,823.9384714919942,155517.31687476055,75294.11455082415,76331.08181723066,2903.292265073047,1034.4954206292896,641.6410726270842,580.5332454669697,-8.631134309989911e-05,-0.0919310526831326,96,69,98.19672410057352
5401,823.9411717128299,155481.126389159,75319.40591518195,76318.82525310494,2921.755326842889,1013.0833815173537,625.9455677084625,620.4984979946166,0.000104023934185,-0.0270790743615475,96,69,98.19791200758604
5402,823.9580718245638,155444.16868292904,75324.16910431086,76337.31109336947,2896.952323896403,984.4981178074522,604.6251763355976,654.5964422661345,-8.15530427531148e-05,-0.0420244030641301,96,69,98.19908749530288
5403,823.9617457025627,155390.3070172209,75307.06145993376,76370.77398410988,2842.4152083439403,954.4890145983954,580.7807866924122,685.1531216584262,2.758208875765023e-05,-0.0344941360403228,96,69,98.2002504979987
5404,823.9783380855752,155411.2000138853,75295.37142630671,76361.80096741952,2772.0018669085694,926.8136855872726,558.5613526407687,712.253520985716,3.7038531870811465e-05,-0.0185278105580158,96,69,98.2014009506926
5405,823.9811051429683,155327.3202207137,75311.88168501963,76318.45291045771,2695.0541425663396,903.0120236904186,539.2790399436053,737.2558704449038,-8.734650170977031e-05,-0.0295014634909142,96,69,98.20253878915253
5406,823.9980365854017,155340.22119208632,75291.83430824042,76353.27947395633,2620.4059681057697,883.4181957177934,524.9672308725712,758.7725517186336,0.0001039102832797,-0.0180006401573428,96,69,98.20366394989814
5407,824.0017171463148,155299.87908142112,75314.08921608605,76340.86954939972,2552.5795788218384,867.3769313983503,514.6014547917293,777.5991950570024,-8.033458155004851e-05,-0.0115410363345595,96,69,98.20477637020404
5408,824.0182120615474,155286.70468921392,75277.77743309968,76343.55885805072,2495.706238764513,854.0650295682717,508.0670516457758,792.1538517815061,2.5729575193117014e-05,-0.012695335035055,96,69,98.20587598810384
5409,824.0210377748394,155298.3330315003,75278.46144541103,76324.45306869359,2449.8890279908665,842.331339233031,502.81050957512343,803.9487983662693,3.880946067935144e-05,-0.0063071597552846,96,69,98.20696274239327
5410,824.0380102055169,155279.68173701287,75304.29594490345,76332.07516550961,2414.7308364607743,830.9828495495603,497.9951525638753,811.9739771692839,-8.83517847782758e-05,-0.0167966936483131,96,69,98.20803657263303
5411,824.0416763421484,155267.82294292675,75289.42542524356,76348.44962417903,2386.232094970066,818.503396356653,491.1379753287765,818.5871641374833,0.000103761668927,-0.0343017492751231,96,69,98.2090974191528
5412,824.0580878935707,155262.9405686884,75306.43858405353,76360.1174158208,2360.7607655844768,803.4837060919526,482.3300342243747,822.9192402651825,-7.908957528565425e-05,-0.0158743594365295,96,69,98.21014522305346
5413,824.0609745843968,155266.57357120223,75302.99919931212,76334.68667224546,2333.045266937057,784.8615546664078,470.7812696923502,827.2043593137059,2.3869187819679603e-05,-0.0038796378534801,96,69,98.21117992621164
5414,824.0779881933554,155267.6204821496,75299.91043844272,76351.06982237774,2300.2770479233586,762.5990442104376,458.49848734078114,829.8146568014636,4.056655243509517e-05,6.324557646572563e-05,96,69,98.21220147128126
5415,824.0816255576032,155255.46126135037,75307.66265963635,76329.58003875414,2260.3459699328523,737.9058348090475,446.11918591344147,832.6158532639092,-8.932686635227942e-05,0.0168015025786453,96,69,98.21320980169784
5416,824.0979647596874,155231.2762140691,75331.7087331926,76343.91034211079,2215.1077441921225,713.2560921033437,436.1438059146167,833.6448945322772,0.0001035781562835,0.0296823587971092,96,69,98.21420486168108
5417,824.1009172796189,155237.32184051615,75296.98770361014,76336.01555350784,2167.864623500791,691.8379578519962,428.7259276730765,834.9602241289685,-7.781845461312081e-05,0.0531693149780867,96,69,98.21518659623766
5418,824.1179682530425,155273.95085985045,75299.97997230057,76361.47361894995,2124.8570879144827,676.7302623037394,425.06689318365534,834.8796328970348,2.2001556737829624e-05,0.050143333728062,96,69,98.2161549511646
5419,824.1215654881927,155237.73014789994,75290.40815347621,76336.52900219172,2091.6793960331706,670.1197830648307,423.7617926224484,836.1960858925886,4.230922068050062e-05,0.0548755327143978,96,69,98.21710987305195
5420,824.1378433685891,155260.44125214167,75293.2232016785,76354.02222561737,2073.636778448359,672.6056626801146,424.90837067549,837.5260054083192,-9.027143054141571e-05,0.0659968571222256,96,69,98.2180513092854
5421,824.1408659134913,155245.75928325488,75295.8910255612,76345.909085534,2072.5167033319594,683.1512033087638,426.93458906866726,841.5682407656277,0.0001033598222611,0.0253482861388769,96,69,98.21897920804972
5422,824.1579497711127,155226.96729620296,75316.90947662263,76340.2488508723,2087.52550129249,699.1376579597272,430.4392732346023,846.2614029775141,-7.652165945581458e-05,0.033970042182124,96,69,98.21989351833078
5423,824.1614947385301,155216.02002135836,75310.21716726101,76327.12350586029,2113.989520494768,717.2017396588635,434.5189071542409,853.7041653416236,2.012731457535004e-05,0.0295704707623896,96,69,98.22079418991872
5424,824.1777279494128,155217.74080750556,75318.8214401669,76349.20923828849,2145.690003975411,733.6883852665924,440.10505693082814,860.9996175195556,4.403688421647523e-05,-0.0047988706144859,96,69,98.22168117341084
5425,824.180814030935,155241.78356191955,75300.84790648847,76340.76746237293,2175.1960908539477,745.687393718792,446.09109682487906,869.4913155194081,-9.118517245020504e-05,-0.0140818559401172,96,69,98.2225544202135
5426,824.1979456961709,155188.14625116883,75298.70309541549,76331.97169763192,2196.3047793160076,751.1132001414226,452.5405839792802,875.7013297188678,0.0001031067551469,-0.0379680733978786,96,69,98.22341388254554
5427,824.2013724031397,155204.84766627077,75292.17049006595,76331.69586990477,2204.3040856651496,749.3383664474386,457.2246870510571,881.047960911761,-7.519963756668668e-05,-0.0668221817511555,96,69,98.22425951344016
5428,824.2183532521971,155188.5772650468,75272.38754474858,76332.52470001354,2196.926746891695,740.5648655075202,459.4378412075748,882.3261179341644,1.8247095842907676e-05,-0.0651706693434564,96,69,98.22509126674753
5429,824.2208945039653,155186.60105136764,75272.36868770208,76325.9199844687,2173.719516981917,726.094875293973,456.9789708092285,881.7313518247684,4.5748967527126216e-05,-0.0693830865963443,96,69,98.2259090971379
5430,824.2378346064776,155213.90676154583,75309.0304162187,76335.96768910188,2135.6609013427515,707.2653306120774,450.0728345757525,876.8733231057704,-9.206779704701568e-05,-0.0848253845583671,96,69,98.22671296010289
5431,824.2413970906276,155183.95317537655,75294.09204501657,76359.2789870731,2084.6442079643602,685.7682881702494,438.1361066130339,870.8562615691626,0.0001028190552953,-0.0667322043556207,96,69,98.2275028119588
5432,824.2582111643096,155225.82320509228,75305.89149251851,76346.49378684153,2022.9180476513575,662.5883908876567,423.05254705346306,861.9697160051437,-7.3852845502118e-05,-0.0597962195590394,96,69,98.2282786098484
5433,824.2608289841764,155243.01239337586,75293.7331367703,76348.18462793292,1953.2794475348783,638.6800809138804,405.57797918931465,853.2987707217108,1.6361536850415906e-05,-0.0664752719841293,96,69,98.22904031174336
5434,824.277787640816,155231.81871243616,75312.22021801084,76336.15073680549,1878.3286656481214,614.0899696653651,387.9923054012179,842.4717719398031,4.744490013243329e-05,-0.0541777001801582,96,69,98.22978787644618
5435,824.2813817464938,155232.21054756746,75307.66835241219,76330.54458024297,1801.129390078364,589.0650927377428,370.4175105497998,831.7836811702582,-9.291902050069651e-05,-0.0462236597613449,96,69,98.23052126359318
5436,824.2980873595641,155226.7398333387,75293.61083618292,76336.91074602034,1723.8963791144197,563.2168474637001,353.69622997313854,818.3008897167456,0.000102496834548,-0.0486899331733244,96,69,98.2312404336553
5437,824.3007530113615,155296.1174167334,75318.25784009788,76344.41814265812,1648.859588913503,536.7780201089627,336.6156898866175,803.9208012670861,-7.248174784355288e-05,-0.0439730153858306,96,69,98.2319453479415
5438,824.3177580121904,155293.80343848883,75302.5474484813,76345.30087597838,1576.611882951518,509.5779002910858,319.2667242710886,785.761606686865,1.4471275087455962e-05,-0.0328852727612786,96,69,98.23263596859996
5439,824.3213487228138,155292.8168047295,75296.50561553224,76339.31441003093,1507.8462929915986,482.34438529801264,300.6583242857014,766.2835528197757,4.912411750910485e-05,-0.0352293201447444,96,69,98.23331225862022
5440,824.3379695176455,155316.52072587935,75324.63128007296,76337.23470790427,1441.7324018280488,455.3622050364211,281.82089448184706,743.5225473624887,-9.373856931436258e-05,-0.0270366578998236,96,69,98.23397418183528
5441,824.3406753024069,155353.1644557718,75302.17913345715,76347.04006312773,1378.3579165020492,429.7184834865475,263.14348979419447,720.5113571643597,0.000102140216355,-0.0271850366567031,96,69,98.2346217029234
5442,824.3577397733645,155368.1658193638,75282.73058496,76337.56875882817,1316.7960776276304,405.7201014986058,246.6205219332769,695.599878705485,-7.108681685032835e-05,-0.035318263173312,96,69,98.23525478740976
5443,824.3613001198796,155416.43546477918,75297.93059428246,76329.57140994995,1257.9260217745905,384.2906493347691,232.81984173270757,671.7374439177511,1.2576949845654696e-05,-0.0283813578468616,96,69,98.23587340166864
5444,824.3778580475308,155430.73325220292,75323.60679383189,76351.62826575899,1201.5699720486882,365.23380304359307,222.9181788455753,646.9337980076962,5.0786060739420896e-05,-0.020966560594321,96,69,98.23647751292457
5445,824.3805950053784,155427.75533408948,75307.88681540504,76362.37531847322,1149.154633103928,348.826876122519,216.20599249584484,623.234583964193,-9.452618097129732e-05,-0.0454350600782222,96,69,98.23706708925458
5446,824.3977353771755,155468.68067775713,75298.87642447613,76348.78859403936,1100.1005837814882,334.12914608871506,212.37845036626095,597.9755689880985,0.0001017493355764,-0.0572854702018089,96,69,98.23764209958962
5447,824.4012289056105,155494.4007158749,75323.50902611227,76352.91377598974,1055.0635738770943,321.0128627434169,209.64644843363203,572.9105371061887,-6.966853310368569e-05,-0.0569431325933194,96,69,98.238202513716
5448,824.4177657338441,155509.0930537177,75302.39214647128,76339.36804784024,1012.0194829402608,308.4362672333955,207.16008492815308,545.7727639886143,1.0679201312607252e-05,-0.0739889323641567,96,69,98.23874830227724
5449,824.420491710271,155536.4566501463,75300.65509726723,76351.74964588277,970.3442536471412,296.59248544894217,203.3697672181006,518.6952300576086,5.243017723937866e-05,-0.0586376756601013,96,69,98.23927943677516
5450,824.4377838055838,155598.98256650488,75332.90003786968,76356.87490089526,927.0299926378066,284.8617812671,197.98835082072765,490.0565208652406,-9.528160361923092e-05,-0.0548618872248263,96,69,98.23979588957182
5451,824.4410374342599,155604.310405044,75303.2755243691,76344.46507333557,881.8311085689929,273.9117557265563,190.2705875519896,462.33144312005606,0.0001013243386742,-0.0636331312858591,96,69,98.24029763389066
5452,824.4582753914486,155632.07717647206,75327.43671334042,76344.5418937324,832.7692738458281,263.1485479404655,180.6798885735625,434.0378708644712,-6.822738462641775e-05,-0.0527698890541977,96,69,98.24078464381782
5453,824.4607752405678,155630.81341870344,75322.04823870164,76357.02201059076,781.5649632006534,252.99574759451207,169.3554997080355,407.16936485891347,8.77867030124651e-06,-0.0436742933936035,96,69,98.24125689430304
5454,824.4776011859544,155716.16098235076,75321.2732553603,76339.30150087237,728.0823341193027,242.34327163557464,157.53239964263048,379.90550631686347,5.405592063513472e-05,-0.0524306947773179,96,69,98.24171436116217
5455,824.4811013350217,155700.21168826157,75314.509141912,76344.7103620013,675.9037589156651,231.34634266943613,146.13284185453085,353.7186364507943,-9.600459657394322e-05,-0.0545804278955217,96,69,98.24215702107676
5456,824.498129833171,155714.92247368838,75345.22101462127,76345.47659440126,626.0490202697692,218.99206818452512,136.66578598023625,326.94551761529874,0.0001008653836935,-0.0440649904034114,96,69,98.24258485159646
5457,824.5007096554119,155769.3179589514,75328.40026355357,76366.69033441354,582.3577892705798,205.96368988548056,129.8401808567869,300.99901213141857,-6.676386701324249e-05,-0.0473131996728441,96,69,98.24299783113966
5458,824.5175325992983,155775.51166653808,75327.73305070486,76359.76848092493,544.1863140075584,191.735490660285,126.02015968918568,274.47295887896325,6.875998660052755e-06,-0.0357266806220461,96,69,98.2433959389944
5459,824.5211055118092,155812.75278628847,75333.06598983944,76360.77968243476,512.3251135767787,177.29658992645273,124.15112491699983,248.53881847695448,5.566275101542497e-05,-0.0274081538543573,96,69,98.24377915531944
5460,824.5380126377634,155874.62821233948,75308.90613651133,76349.49935901299,481.5716532560182,161.7357037160691,122.33141772379167,221.67157560380292,-9.66949302531761e-05,-0.0262131690877545,96,69,98.2441474611455
5461,824.5406245416231,155868.018218685,75305.73588732627,76335.2155923782,448.02211129979696,145.01535094997962,117.70649010658963,194.2821967577329,0.0001003726398907,-0.0186775548673456,96,69,98.2445008383758
5462,824.5574878368659,155897.35349733772,75336.20988253671,76358.36798200804,402.9209759365185,124.84044724011619,107.56896314979531,164.65047679198324,-6.52784827121641e-05,-0.0211158416469922,96,69,98.24483926978726
5463,824.561090999002,155897.968628637,75348.26229904368,76362.1247183385,342.88635153806536,100.71873415933806,90.25405194304767,133.27437419522903,4.971828536822047e-06,-0.0223682265796847,96,69,98.24516273903114
5464,824.5779007740123,155962.7839640084,75330.0390311066,76354.74832084715,264.70541148190387,71.72696555820585,66.24357655804488,99.9116780400218,5.725013466774493e-05,-0.0254807603086084,96,69,98.2454712306336
5465,824.5805356014241,155986.16120081878,75332.30767205384,76360.74509773288,175.8843746209168,41.243014901774586,38.92907278618077,66.89950317816692,-9.735238576010856e-05,-0.0237245260851594,96,69,98.24576472999678
5466,824.5974563431254,156041.34846383252,75332.24146006716,76343.5672492594,87.25776193442289,14.087135699417558,14.221981401758967,36.62687151925638,9.98462878319946e-05,-0.0343840608940832,96,69,98.24604322339916
5467,824.6010636043529,156044.75760418252,75323.31483098895,76352.66990516648,21.298590997525025,-0.0,-0.0,13.167439354845555,-6.377174210801256e-05,-0.0314605946027732,96,69,98.24630669799662
5468,824.6177905655838,156065.4394066596,75338.10413191732,76356.98770756598,-0.0,8.177726820489625,3.8184450737317093,-0.0,3.066802381890644e-06,-0.010386103096203,96,69,98.24655514182218
5469,824.6204465651844,156072.81219477337,75311.68818331938,76360.49491560142,49.30777925928123,48.501417602965375,31.651972053019563,0.3281814740621485,5.8817545376675023e-05,-0.0150440830519935,96,69,98.24678854378736
5470,824.6374355147701,156022.32170674493,75320.92742894548,76351.4430740172,183.70295784738846,124.65970407737768,85.28545601191581,15.921507533901604,-9.797675612310349e-05,-0.027396591565358,96,69,98.24700689368224
5471,824.641023187426,156035.9585973262,75333.53791714481,76348.21755814744,411.432858405984,236.3256112739473,162.5306679350906,46.716224123578286,9.928651911693731e-05,-0.0097324590731885,96,69,98.24721018217603
5472,824.6576835837012,155961.63709750105,75333.66397086046,76330.21932620059,721.3937423820607,374.46472627510957,256.2707207701751,91.30176867544651,-6.224416195875253e-05,-0.0001084602582416,96,69,98.24739840081696
5473,824.660356056237,155933.27330812084,75325.3596775021,76368.95845913707,1094.186628544645,527.0301607440488,357.1503482903936,146.2443580996187,1.161562485832198e-06,0.0062304897455287,96,69,98.24757154203353
5474,824.6774282134724,155840.7852185807,75337.88573836478,76355.62607990713,1495.2393085157964,677.4266120039538,454.13582595498883,208.19851268886123,6.036446324675944e-05,0.1418916207672947,96,69,98.24772959913363
5475,824.6809625503776,155790.1433491345,75304.43120579806,76353.94817896438,1892.2928242987837,812.445214723004,538.3634116766043,272.4034579602303,-9.856784468027292e-05,0.3830914023630939,96,69,98.24787256630576
5476,824.6975921440054,155717.00387642416,75335.91611998652,76342.6121708413,2250.2944681384834,920.4066901464539,603.0116768083681,335.9293893535796,9.869353700314394e-05,0.3670489181548708,96,69,98.24800043861865
5477,824.7002446228068,155687.82062481376,75297.47965921531,76345.9084975692,2547.917637629609,997.2209119287145,645.9167072789714,395.1376502632629,-6.069626627017362e-05,-0.1714756894559536,96,69,98.24811321202156
5478,824.7174722472736,155619.07651185148,75305.48825532316,76336.16757536469,2768.405898436031,1041.6300480224163,667.2951810782833,449.45365366953774,-7.43249120695051e-07,-0.2803905554966954,96,69,98.24821088334416
5479,824.720787568727,155552.77386613435,75330.79076523043,76359.50898716408,2912.158927609562,1058.890542606532,670.9644505553151,497.0765554946556,6.189037587946497e-05,0.0252975241351347,96,69,98.2482934502966
5480,824.7379732500908,155527.7100949813,75303.27528344265,76359.86111041433,2982.223326018895,1053.963572118606,660.763401435077,539.4658268658095,-9.91254667749577e-05,-0.0299114628514365,96,69,98.2483609114699
5481,824.7406861157132,155496.50905592254,75283.25581218359,76359.24241159992,2994.150907798379,1034.8026679886825,641.9027605714509,575.8161531201331,9.806755567441498e-05,-0.0115431516882771,96,69,98.24841326633522
5482,824.7571993560932,155484.6637895361,75325.32231439535,76351.3511260936,2959.8340354264947,1006.07365451238,617.794405075445,608.3871287957008,-5.912858521495721e-05,0.013089963609834,96,69,98.24845051524407
5483,824.7609938650954,155429.61937269772,75308.93198401426,76350.22058460432,2897.8034606373985,973.7120345397998,592.4433597627794,636.2502786598925,-2.646990340315909e-06,-0.003484930463338,96,69,98.24847265942826
5484,824.7772322924416,155384.77389431838,75290.18389473268,76350.41715999307,2818.9111418534303,940.0824871767982,567.9277214000031,661.2761892951676,6.339477795734802e-05,0.0199750336413732,96,69,98.24847970099928
5485,824.78024281188,155404.4338897228,75301.1095078233,76364.92904807357,2737.5522156110383,908.9878311085049,547.0017245357303,682.0470068412542,-9.96494487506032e-05,0.0197634423659621,96,69,98.24847164294832
5486,824.7972969058926,155357.6484011283,75310.9687668216,76353.69190364028,2658.9566431727726,881.0656921577029,530.3742851454881,700.6852598421683,9.740880025434718e-05,0.0224238628744387,96,69,98.2484484891458
5487,824.8008684153217,155355.4963242788,75322.65060323439,76344.60904793278,2592.150903754926,858.8161564379407,519.3761805716204,715.4715401141439,-5.754165580405842e-05,0.0337646652621529,96,69,98.24841024434124
5488,824.8171518075993,155346.31761187,75291.04992768007,76348.11688353344,2536.662979272369,841.363990870057,512.8862287933589,728.7092431961792,-4.549020454923674e-06,0.0275178432075203,96,69,98.24835691416244
5489,824.8201651156493,155354.95341927,75299.77264036529,76335.06347449783,2495.4573585466715,829.2562659848918,510.2844090535946,738.5697789734986,6.487717179277481e-05,0.0421671527924386,96,69,98.2482885051151
5490,824.8372994768423,155336.476564162,75323.41072384974,76349.8414260709,2462.2313677812926,819.5095047593786,508.7978601717623,747.4101304292271,-0.0001001396286726,0.0485585573765185,96,69,98.2482050245826
5491,824.8407789890992,155321.5657955411,75309.19353231466,76355.74829545316,2435.638497149339,811.0036414734786,507.1391159207269,752.6888787569187,9.67175066770956e-05,0.0531232685471265,96,69,98.24810648082511
5492,824.8570483453767,155312.67520636326,75304.75194550687,76344.10267882582,2406.97293982649,799.9328934851801,502.8899456177314,756.6758200573677,-5.59360210150996e-05,0.0625355869410505,96,69,98.24799288297916
5493,824.8601103890705,155311.69787975034,75300.17028779164,76335.133483922,2374.9171666564653,785.5774572257214,496.04277761862613,757.073685205105,-6.448698738564903e-06,0.0606236458730327,96,69,98.24786424105672
5494,824.8772893721948,155315.81985304668,75297.30651425374,76353.05575246933,2333.6708017080673,766.0621146959165,485.96304842544487,757.0628843745799,6.633706723704334e-05,0.0602798850393986,96,69,98.24772056594466
5495,824.8806896112449,155338.68204651063,75294.42839037697,76361.90885635001,2287.1994526544004,743.7859052029817,474.5113073606917,754.7290951843897,-0.0001005958559526,0.0704824205422822,96,69,98.24756186940402
5496,824.8969423253462,155349.54300959667,75302.04805302723,76379.60836761675,2235.4846382279648,720.143919275477,462.36177772455267,753.8890666861844,9.599392215838012e-05,0.0775114870808446,96,69,98.2473881640689
5497,824.9000667682884,155317.95556619432,75312.93864175149,76358.35648378977,2187.0664086988545,699.7595238022332,451.87541653530207,752.7384743919829,-5.431223002526151e-05,0.0860316328721458,96,69,98.24719946344597
5498,824.9172728505991,155333.146827422,75314.8936002532,76352.54661673341,2144.6278154718457,684.6120322908246,443.46164823597064,754.7850834995916,-8.345386194492876e-06,0.1027356935937147,96,69,98.24699578191344
5499,824.9205957983456,155328.12772479787,75306.7747690879,76350.62099358687,2116.922010538052,678.0461571362976,438.6868429868191,756.8491715171258,6.777398207342527e-05,0.1125311253429081,96,69,98.24677713471962
5500,824.9368382634482,155344.01149720798,75279.9995196798,76343.9881172137,2103.886528048257,679.2790942788561,436.79423452841,761.5029472724709,-0.0001010179911568,0.1172748930502146,96,69,98.2465435379827
5501,824.9400312041789,155320.34121965378,75308.35764483627,76355.68447271077,2109.039153872407,688.2290606100723,438.1661906570662,764.9399286636617,9.523830427026432e-05,0.1189212701917307,96,69,98.2462950086891
5502,824.957250763823,155297.9696044474,75305.87556274462,76366.10362702057,2126.531703740009,701.2810301136342,441.25259780310444,769.6935738234897,-5.267083789172038e-05,0.1030645942606769,96,69,98.2460315646925
5503,824.9604967583434,155342.66172226486,75277.76475773372,76334.30904921413,2154.875685330946,716.6918841429724,446.12900465988787,771.8604517103813,-1.02384449469971e-05,0.0986534621631966,96,69,98.24575322471271
5504,824.97673821017,155310.84551375938,75286.46764873338,76333.1389363768,2184.8025081962114,730.4733264142851,451.202147106902,774.8205511011183,6.918744165070845e-05,0.0831648432922357,96,69,98.24546000833438
5505,824.9800021523309,155317.85555791817,75287.13569049488,76357.26603018488,2213.301308572758,741.4302998746862,456.55279448686633,775.6308540125319,-0.000101405906805,0.0498913069953849,96,69,98.24515193600595
5506,824.997222881122,155319.7535966936,75287.23560051012,76375.16589301122,2232.1103987971437,746.898510044135,460.6667476130533,778.3100593962299,9.44509216274412e-05,0.017954170591063,96,69,98.24482902903824
5507,825.000392703627,155331.73007957963,75303.629639873,76353.92508392529,2240.769284527458,747.1752799538226,463.6690275548899,779.4502952454786,-5.101240558562104e-05,-0.0056981702571835,96,69,98.24449130960264
5508,825.0166434632639,155322.83221099182,75306.25704714756,76318.20857712087,2233.9849620301975,740.9414903600846,463.99830082186963,782.6255700509937,-1.2127238647092669e-05,-0.0244028435870022,96,69,98.24413880073028
5509,825.0199784231079,155324.99961890376,75301.56150596468,76353.33115391755,2213.7258925182396,729.432712445443,461.6695616656798,783.6608821202244,7.057698012859998e-05,-0.0241182677890702,96,69,98.24377152631077
5510,825.0371887161409,155290.7191375143,75298.10896427596,76359.73455058667,2177.146609768446,712.1969548604684,455.282188451587,785.219734139333,-0.0001017594870585,-0.0283571662762183,96,69,98.24338951108965
5511,825.0402842623699,155345.12084362554,75314.69745093439,76353.8915628643,2128.285765631241,691.0796091656957,445.3004517896916,782.079013657436,9.363205321670618e-05,-0.0594126435931834,96,69,98.2429927806679
5512,825.0565549620287,155328.82892103697,75310.06895869225,76359.15247764146,2066.1141349786194,666.0505213756696,431.07231826201314,777.0886077724281,-4.933749913101048e-05,-0.0808377328096738,96,69,98.2425813614999
5513,825.0599588953811,155329.78955935044,75300.44420809265,76345.16342588647,1996.0526566362823,639.054744404857,413.9139830658387,765.8984368982492,-1.4011132342729955e-05,-0.0628376115679923,96,69,98.24215528089168
5514,825.0771477733335,155363.445906924,75315.40940935035,76359.06108059574,1918.7510915198945,610.2218913046527,394.10951316243154,752.5013542411034,7.194213934666605e-05,-0.0603717859359215,96,69,98.24171456699943
5515,825.080172284785,155390.42723404657,75304.31067242773,76343.24881330515,1840.5624841064564,581.4561160444136,373.5621683295467,733.4705951356154,-0.0001020786274031,-0.0602851293053168,96,69,98.24125924882745
5516,825.0964734046516,155399.90277197282,75305.32452723813,76350.3512210511,1761.9742427635356,552.7407207390934,352.67217247976805,714.2362043335161,9.278198843257516e-05,-0.0535761219087562,96,69,98.24078935622704
5517,825.0999424335589,155408.8210619235,75307.88045162674,76363.05029810297,1687.630793193879,525.5129282529961,332.91669998393627,692.3928508387762,-4.764668990750904e-05,-0.0516195103969091,96,69,98.24030491989384
5518,825.1170996449594,155449.45734237897,75307.92450281698,76327.31047397597,1616.0059339943691,499.3184991708986,314.1626692285354,673.4773934424156,-1.588949338196668e-05,-0.0529332787459743,96,69,98.23980597136612
5519,825.1200577553009,155466.49981911553,75313.74598878867,76359.75848194056,1549.3057934014942,474.9085202977294,297.2543061845063,654.1909446205245,7.328246942685156e-05,-0.069591355811937,96,69,98.23929254302374
5520,825.1363992876983,155485.5095065587,75296.65494768263,76345.10613062911,1484.1452533156262,451.2155720413575,281.5776840756589,639.2393397121632,-0.0001023632349347,-0.0856648110370067,96,69,98.2387646680846
5521,825.1399278682441,155518.8424729521,75293.30695250299,76345.31044511366,1421.6137755782693,428.4477720688883,267.5598178533546,624.09395178454,9.190102730194976e-05,-0.0777269786317464,96,69,98.23822238060404
5522,825.1570440574868,155495.52463904142,75299.13948938914,76353.70699780706,1358.9853754908545,405.6273830995633,254.4603558696399,611.8604656476236,-4.594055529395185e-05,-0.0763517612479701,96,69,98.23766571547176
5523,825.1599417393253,155530.0385445662,75308.81968656385,76358.29899084121,1298.4503517929697,383.37527073435194,242.54693590849638,596.6068947468593,-1.7761691027801554e-05,-0.0816654203255331,96,69,98.23709470841052
5524,825.1763329207658,155559.70728601134,75326.37500924448,76339.1065911939,1238.5601021677721,361.57322579505853,231.03140626868117,581.4377020160027,7.459752974174592e-05,-0.0818913356160037,96,69,98.23650939597324
5525,825.1799140007619,155549.71004869518,75299.30950971147,76342.6107839138,1181.9161154822796,341.59227784723043,220.11276446818374,561.1797831755248,-0.0001026132291615,-0.0906984854817034,96,69,98.23590981554138
5526,825.1969808966875,155589.33683163513,75277.30643258487,76349.01368550849,1127.3821419309243,323.9358759776078,209.23938855581218,539.931229405367,9.098948020518122e-05,-0.097449433443146,96,69,98.23529600532206
5527,825.1998253426663,155625.94051823608,75287.1529280969,76365.37884700498,1076.937988743477,309.7209124357032,198.8474708152935,513.6585782245093,-4.421967602437994e-05,-0.1023625969702284,96,69,98.2346680043464
5528,825.2162744339142,155654.47790349665,75291.27849775879,76348.30379032869,1028.8597767993924,298.5532318896294,188.79784359241603,488.01668137079105,-1.9627097313146145e-05,-0.1213642754058704,96,69,98.23402585246664
5529,825.2198996174675,155681.77135654853,75300.4197263038,76327.15430071877,984.2910024130833,289.98511998416507,179.80237686401233,459.7891532931826,7.58868880143392e-05,-0.1402747867808221,96,69,98.233369590354
5530,825.2369102219542,155711.35053605025,75333.42983994969,76359.06293449554,941.4812012457987,282.34061354656296,172.01549225157942,434.2536991017696,-0.0001028285402789,-0.1594852180470677,96,69,98.23269925949612
5531,825.2397096755919,155742.05424646477,75338.71290984846,76353.18872532884,901.1525321363588,274.3228041906841,165.97517783584772,407.25729295925703,9.004766703376171e-05,-0.152261388887377,96,69,98.2320149021949
5532,825.2562237848855,155755.78564521766,75307.60940914831,76366.899199293,861.3943846250186,264.5536574339203,161.43899038026575,383.55203450567205,-4.248463895632394e-05,-0.1800257340450133,96,69,98.23131656156352
5533,825.2598835075228,155772.2143456144,75284.5922777554,76360.5134537517,822.3212414593436,252.75429219981015,158.20103852442116,358.4448204561486,-2.1485085928388196e-05,-0.1927528432098515,96,69,98.23060428152364
5534,825.2768322744845,155792.2732587473,75316.38641122103,76353.87458320314,782.1509720294853,239.27394608731265,155.52687248194707,336.0508830983017,7.715012040610886e-05,-0.1883034300811014,96,69,98.2298781068037
5535,825.27959581814,155864.56738110216,75295.80507100547,76351.5862409191,741.0009056351264,225.2351197214448,152.8602623283805,311.5170618960983,-0.0001030091107197,-0.2058877331112846,96,69,98.22913808293536
5536,825.2961807697234,155872.0111781071,75333.09606287816,76356.94366068416,698.1343052464072,211.97015946316242,149.67855838994728,289.5065978378698,8.907591879832414e-05,-0.2008044945388355,96,69,98.22838425625145
5537,825.2998644804181,155885.28337210102,75349.47534483376,76343.87495881446,654.74307588808,200.41941250459058,145.73243927041767,265.3813264449127,-4.0736034860069154e-05,-0.2099274709098146,96,69,98.22761667388214
5538,825.3167474822776,155905.87250402302,75317.18586522527,76359.27061409659,611.5633726212545,190.97895064069598,140.97388736027642,243.3379703600367,-2.3335034427029698e-05,-0.2281515102974577,96,69,98.22683538375377
5539,825.3194847844298,155928.5970888748,75314.72589163351,76316.10692853761,569.499343003321,182.71102983607852,135.15377569393604,218.3789853338676,7.838681276672097e-05,-0.2318309591278478,96,69,98.2260404345844
5540,825.3361450394607,155979.39781079735,75315.99505288077,76363.958387272,527.6751286308863,174.15997952452744,128.02788804957527,194.88018602412194,-0.0001031548948041,-0.2376218827681188,96,69,98.2252318758816
5541,825.3398413797809,155989.07635830782,75314.14591242063,76352.6626359041,483.2475640117773,162.62749456550227,118.64957247543498,167.92430819952278,8.807457560563962e-05,-0.2390021972117947,96,69,98.22440975794012
5542,825.3566564650603,156030.09287148266,75310.81421971787,76363.47614029968,431.91178340499755,146.03570083261002,106.25514097011182,141.78059466779814,-3.8974458777355166e-05,-0.2258553254426247,96,69,98.22357413183732
5543,825.359377483278,156032.1995459412,75322.7146083224,76347.21344891943,368.6613351989654,122.2766537538555,89.63451594320941,112.09501516027376,-2.51763225795168e-05,-0.220740833495804,96,69,98.22272504943189
5544,825.3761161265143,156099.61984554684,75315.7898168267,76354.68611255394,291.677655300824,91.98230663576396,68.98769197429647,84.43844252373674,7.959655972036068e-05,-0.2630120111968601,96,69,98.22186256335948
5545,825.3798130886059,156114.08734797646,75301.12159503566,76364.17537849845,203.00230851606466,57.31290292821359,45.20528667650069,55.64861009060405,-0.0001032658580989,-0.2693334825213931,96,69,98.22098672703024
5546,825.3965600442822,156134.52239596855,75300.39786025944,76370.19366950974,113.0390351327951,24.70551951575908,22.093068084330298,32.08525799243944,8.704398769248287e-05,-0.2642997899503632,96,69,98.22009759462549
5547,825.3992746697966,156149.64644161897,75325.73240499591,76366.33761073934,37.60647453996353,2.0023342754138866,4.558491883741226,11.637261387426406,-3.720050971794512e-05,-0.2921716418633456,96,69,98.2191952210944
5548,825.4160934875886,156180.86890988596,75322.003760088,76362.38520898235,-0.0,-0.0,-0.0,1.6444913545274176,-2.700833346410944e-05,-0.2917763806583912,96,69,98.218279662151
5549,825.4197785168467,156171.86657534243,75315.82844236575,76360.45367532018,22.355484985222574,27.049763202201575,14.39875549217686,-0.0,8.077896497790137e-05,-0.2833747207216005,96,69,98.21735097427052
5550,825.4364592689833,156180.37474333146,75339.95691549836,76342.50652110422,125.52837452944368,89.9665271310223,53.03966122827842,12.886662512784824,-0.0001033419785617,-0.2920951002888572,96,69,98.21640921468637
5551,825.4391768754593,156153.79547350027,75334.51067047434,76369.04288727565,317.9019424262806,188.30679352126026,116.07390325787128,36.828738906944636,8.598451511002162e-05,-0.2800472689273021,96,69,98.21545444138684
5552,825.4560765790387,156081.65642444402,75311.53004488666,76358.2089256154,598.3062016255572,317.49613214013516,200.8057370572351,76.35182246487238,-3.541479143422344e-05,-0.2812744841279135,96,69,98.21448671311109
5553,825.4597365502981,156048.43118274823,75321.60077960172,76361.31282270975,947.8716844228911,465.16031985862355,298.66055530385347,125.68761502727284,-2.8830453874382638e-05,-0.2937124184405904,96,69,98.21350608934635
5554,825.476355483928,156012.66422272363,75314.16840528749,76348.87872488219,1340.6039615612244,617.8803004978981,400.2452704393945,186.79463912500069,8.193364211655297e-05,-0.2650019716638256,96,69,98.21251263032408
5555,825.4790842836501,155941.9788579369,75309.0608774607,76360.47049878743,1740.2887178438832,759.4859087781806,493.81847354216734,252.1787242758728,-0.0001033832452512,-0.1174681533740795,96,69,98.2115063970166
5556,825.4960650078059,155874.26747089508,75279.37467357356,76350.51608376771,2116.0232922739233,879.0781896683184,571.5115609784843,322.7994827826624,8.489652724658634e-05,0.1319202481518636,96,69,98.21048745113328
5557,825.4996859033882,155791.91586690163,75315.36757002673,76351.48455363562,2437.9563210892957,967.6590349615872,626.6573067204445,390.4262145786779,-3.361791050111376e-05,0.0585260648114552,96,69,98.20945585511724
5558,825.5162505160191,155742.3431315786,75298.7747755175,76375.8591138797,2691.2297078748816,1024.4257471443416,658.8625446286896,455.94763903933926,-3.0642073959579864e-05,-0.5004836176342827,96,69,98.20841167214084
5559,825.5189964495773,155668.22074368084,75302.10932649572,76364.38369903303,2866.2363193452475,1050.4470891041565,669.0717504858476,512.5272788997681,8.306021385160446e-05,-0.5211216622877382,96,69,98.20735496610368
5560,825.536058895702,155629.14339098113,75275.92475373489,76358.56709357079,2968.701452373469,1053.0963860459597,663.2108028703078,563.4001042584423,-0.0001033896595158,-0.2487824144049061,96,69,98.20628580162663
5561,825.5396246842465,155609.29166504514,75309.21157709074,76368.23890753655,3004.9705143572646,1037.874753910699,645.6943794482504,603.9546559745795,8.37804030353197e-05,-0.3144625541785531,96,69,98.20520424405004
5562,825.5561472485766,155548.7770994406,75320.16252488879,76354.36333833198,2991.66856196936,1013.3083202431735,623.3635699237493,639.4194814946968,-3.181047728270756e-05,-0.3008931781279326,96,69,98.20411035942864
5563,825.5589114787851,155540.50195134527,75318.84539044418,76343.72902193676,2940.4660167417023,983.4049489386234,599.3493374852114,667.0693625293789,-3.2442587676588225e-05,-0.3058936473110968,96,69,98.20300421452804
5564,825.5760600230487,155512.39858166952,75301.59415855048,76356.15664757279,2869.498094644281,954.0113923310273,578.1072862066358,693.2321739583858,8.415831258554365e-05,-0.3012369050634056,96,69,98.2018858768209
5565,825.579548818876,155517.06696384074,75294.50186063974,76360.84200442374,2788.045211623539,925.7994426027726,559.6665106797736,714.7513429596729,-0.0001033612341237,-0.2864644010660971,96,69,98.20075541448318
5566,825.5960519078247,155442.65881353978,75311.44045719992,76379.1117909355,2710.1196227165638,901.8556992869708,545.7910605954967,736.8136363940721,8.263653088502779e-05,-0.2930177010275688,96,69,98.19961289638964
5567,825.5988225321664,155460.22771096724,75300.0799948016,76362.35737088966,2639.3693567694863,880.7867012715287,534.5146194835979,755.2689845927816,-2.9993105474183768e-05,-0.2807900653953629,96,69,98.19845839210991
5568,825.6160773473758,155426.59480214532,75330.83182101967,76347.53233028192,2583.673212985799,864.3461178573489,526.5565303277253,774.5031920326874,-3.4231393003635845e-05,-0.2895697425357817,96,69,98.19729197190507
5569,825.6194428963391,155438.9398605401,75298.82961607142,76343.36471973405,2539.4098529261537,849.8015248579177,519.2856054807489,789.299624323583,8.522758036919548e-05,-0.2954690395038294,96,69,98.19611370672249
5570,825.6359905751724,155406.9234663511,75302.10484327562,76359.48198392724,2507.9584872876294,837.9702723056689,513.3294957287726,803.6298295957095,-0.0001032979938395,-0.2708502129983228,96,69,98.19492366819271
5571,825.6386840795378,155408.30868290263,75304.38771133794,76355.60373051996,2480.424421049189,825.5439238984982,506.2058943459706,812.7109631496132,8.146530823071024e-05,-0.2831102333548718,96,69,98.19372192862453
5572,825.6562136775154,155399.33226428207,75292.14033235752,76352.16241314386,2455.3112948837224,813.3628669053869,498.9141965219751,821.4300644911709,-2.816641184311949e-05,-0.2734034038673383,96,69,98.19250856100116
5573,825.6588073194438,155374.07613551963,75300.18834248831,76330.75418704632,2422.600164356234,798.307261874812,489.1218363122316,825.1667406500201,-3.60078920913555e-05,-0.2511391136458233,96,69,98.19128363897588
5574,825.6754478721325,155406.28929977823,75297.71026636557,76337.58452109332,2383.291001629026,782.322693091337,478.47708332233015,829.6151407575526,8.626766957829814e-05,-0.2541958899659574,96,69,98.19004723686744
5575,825.6788130807713,155406.11772655416,75303.04556588405,76328.93741759745,2332.490517436294,763.891658294946,465.6196269731736,831.0421356054721,-0.000103199974708,-0.2479806979829228,96,69,98.18879942965614
5576,825.6960732830655,155391.96019568684,75322.87085322864,76348.91762358866,2277.4236944510485,746.38684606264,453.14439192885766,834.9839522588591,8.026714156856145e-05,-0.2306886463452285,96,69,98.1875402929796
5577,825.698740419487,155373.7665890732,75306.8834266686,76341.58855813602,2219.1706199076725,729.3571224416373,440.5210906548309,837.1638816985651,-2.6331016254246188e-05,-0.229215933084738,96,69,98.1862699031277
5578,825.7153551029493,155393.89071720795,75288.3822510802,76308.36542513623,2169.640066351858,716.8325609970489,431.0131990025402,842.9176084432693,-3.77714915394423e-05,-0.2117739989680558,96,69,98.18498833703867
5579,825.7188233935268,155391.2745246415,75296.84131287952,76367.69073401084,2131.197626258596,708.1763930827146,424.11448775813915,847.489861079288,8.727824211640744e-05,-0.1946907151499454,96,69,98.18369567229428
5580,825.7359845204749,155378.79421062555,75285.26478957623,76324.95434443596,2112.9739315770566,706.3051676239265,422.3022307801002,855.2857041526295,-0.0001030672249394,-0.1945437797385247,96,69,98.18239198711562
5581,825.7386379761956,155372.02596126974,75294.48120659098,76342.7178355125,2111.3815009366954,708.980205208456,423.766473293188,860.7014887272089,7.904244638474326e-05,-0.1889440076914249,96,69,98.18107736035854
5582,825.7552949867238,155377.84097912064,75286.19251654098,76324.4626550639,2128.6374064279953,717.5499849791959,429.6762584982207,868.2633334385464,-2.448754070017985e-05,-0.1812542966743657,96,69,98.17975187150864
5583,825.7588137530126,155366.5633769746,75287.984184236,76339.00541750967,2154.610061968444,728.2462095508818,437.0216057798243,872.50067206315,-3.952160277216649e-05,-0.1840173199857579,96,69,98.17841560067696
5584,825.7759025318802,155352.910416846,75260.41976697536,76370.5781778681,2186.9298459789716,741.0357909059967,446.080806373182,877.9705425895809,8.825897037006428e-05,-0.1920940244962804,96,69,98.1770686285956
5585,825.7785262595537,155375.8274905282,75310.19077290189,76354.76673151116,2214.1317674649763,751.4247615173372,453.6223458186432,879.4065103565808,-0.0001028998043657,-0.2172461458016714,96,69,98.17571103661253
5586,825.7952509766335,155360.9680172856,75286.5303582537,76350.3810664404,2235.8459276712383,759.5548638371838,460.4150801280921,882.3612299033557,7.779164677714843e-05,-0.252979105308395,96,69,98.17434290668676
5587,825.7987963769137,155361.12317352247,75298.10731381176,76326.98563527361,2244.1053179148585,761.7412142295943,463.938362644054,881.9470512477856,-2.263661018853685e-05,-0.2759221170375308,96,69,98.17296432138464
5588,825.8158077169956,155370.00494230294,75319.47492565069,76349.57951902908,2241.9180317897117,759.2349833693152,465.458910377376,883.4150974432996,-4.125764160817079e-05,-0.2915161411416703,96,69,98.17157536387352
5589,825.819173066994,155383.01064511848,75316.5839461443,76344.26630460395,2224.312953778892,749.9002440474578,462.8815005502256,881.4269459820061,8.920953646079642e-05,-0.3130572270455155,96,69,98.17017611791796
5590,825.8352736395523,155377.63124828678,75308.33079766842,76341.42650102517,2196.0231491524028,736.316469496669,457.61852560396073,880.7046668131079,-0.0001026977841454,-0.327932109283066,96,69,98.168766667875
5591,825.8387137924694,155401.1277306526,75332.22235940401,76367.71686457818,2153.175324385811,717.4600149963953,447.85839163168566,875.629089501861,7.651517549432466e-05,-0.3360900953520264,96,69,98.16734709868815
5592,825.8558132397235,155358.7220045585,75334.83184770537,76360.86840753935,2100.784985331993,696.2902258678223,435.34552583127515,870.854909071204,-2.0778851575650185e-05,-0.3511223619619134,96,69,98.16591749588385
5593,825.8590382932035,155382.3521871243,75295.35222598548,76357.5970222734,2035.1946990393335,671.6335021529085,418.81650095569785,860.5118243794714,-4.297902900823475e-05,-0.3665281087712567,96,69,98.16447794556544
5594,825.8752047395262,155437.7416918876,75312.08216389299,76349.12325591956,1962.5259376283502,646.1496340269805,400.8518969216966,850.3176548877091,9.012963297477708e-05,-0.3536052474911135,96,69,98.1630285344087
5595,825.878675205532,155431.36621154676,75323.63009360322,76352.48831545167,1881.1402599574067,618.4913995091774,381.1136980189767,835.6748680929595,-0.000102461247518,-0.3407491494148577,96,69,98.16156934965686
5596,825.8957895351858,155449.95969390104,75343.7676855257,76352.60059406974,1798.7647574373987,590.9548672810488,362.57016949082026,823.0395647233527,7.521347404731723e-05,-0.3327485018051957,96,69,98.16010047911485
5597,825.8989146000051,155454.7463361304,75322.86829700829,76350.56590410908,1714.7016754184733,561.9999995201797,344.74889285687823,807.3050034519983,-1.8914893855747685e-05,-0.3099301422658766,96,69,98.15862201114564
5598,825.9151319241815,155491.78956087257,75335.27162929889,76369.05908604742,1636.6222463920712,533.9631397763442,329.97888703341596,794.6813340146618,-4.468519128546405e-05,-0.3095218638676489,96,69,98.15713403466324
5599,825.9186480776235,155500.19206422253,75320.25569652871,76366.28258249155,1562.6542366301292,505.61000415400486,316.83530184431584,779.31875140802,9.1018963349954e-05,-0.3087440675922828,96,69,98.15563663912911
5600,825.9357525015283,155513.21769956764,75304.23757617884,76343.69524366176,1497.4698077546782,479.2102896093129,306.27169757857337,766.2835742002935,-0.000102190289025,-0.3021905845247333,96,69,98.15412991454636
5601,825.9387930754859,155532.43703243698,75353.60103780699,76363.24321648416,1435.8284399566473,453.4059598955646,295.7669342827867,748.3255152441852,7.38869919132012e-05,-0.303629604451201,96,69,98.15261395145453
5602,825.9550622015391,155534.76494132512,75302.93689438062,76360.33130206521,1379.6943492351566,430.22469799131795,285.78349980092025,730.7866037545027,-1.7045368180338038e-05,-0.2973497908514615,96,69,98.15108884092427
5603,825.9586268317319,155590.70503245376,75312.66057330399,76372.50147558261,1322.824706500105,408.15766078153683,274.17022651273874,707.2753261531761,-4.6375560073406736e-05,-0.2907903280159477,96,69,98.14955467455242
5604,825.9757049188647,155602.3073621224,75338.46700388049,76370.73800708266,1267.1800878102076,388.7018372998864,262.0870035412663,684.1703555867134,9.1877240818734e-05,-0.2956846517448946,96,69,98.1480115444563
5605,825.978672586891,155641.10998012003,75321.65901244868,76386.99552303704,1208.1913433944574,370.0390746548219,248.50896248832578,655.7353625409596,-0.0001018850147847,-0.2912941901818335,96,69,98.14645954326848
5606,825.9949974123216,155654.85628990963,75309.59629829672,76396.2761662793,1150.258137519937,353.5100007208821,235.66846405382967,629.835565444926,7.253618671687536e-05,-0.2804738139103082,96,69,98.14489876413212
5607,825.9986094013219,155698.50135025615,75331.52124024913,76358.73582176387,1091.4590177491773,337.57147635794536,223.3782384598162,601.32618524594,-1.5170906534875742e-05,-0.2901437367643426,96,69,98.14332930069428
5608,826.0156469335748,155726.95058565115,75329.30275762964,76362.17894827038,1037.2020013777073,323.66191659885226,213.80439495501923,577.5323292186949,-4.804957240163669e-05,-0.3024417525071637,96,69,98.1417512471016
5609,826.0185545193792,155763.32040434747,75348.69808764537,76387.7692012062,985.6928204443539,310.5988014871691,206.20391276697046,551.7094561062695,9.270418945068248e-05,-0.3055199114507822,96,69,98.14016469799434
5610,826.0349367134174,155786.7425529928,75336.77917269012,76363.57707335794,941.2028869364294,299.9318200004782,201.61164663374075,530.532189425081,-0.0001015455424994,-0.3104695806543501,96,69,98.13856974850091
5611,826.0385966404107,155781.77991292538,75317.0792545446,76367.16450386202,900.4303560892586,290.4519487698708,198.09214964386774,506.40916023458703,7.116152426180468e-05,-0.298678958425663,96,69,98.136966494233
5612,826.0555748850742,155824.1938883526,75325.79254700815,76374.0335822596,865.1918819024577,282.92931029181636,195.3911165559839,485.3691559668805,-1.3292143372257443e-05,-0.2979645120312334,96,69,98.1353550312789
5613,826.0584463876465,155846.51254933674,75316.85805572724,76351.29968963435,830.6265970945824,275.4742451703496,191.14528062511818,459.5751528594992,-4.970667084008796e-05,-0.3169375902215849,96,69,98.13373545619908
5614,826.0748684032095,155859.2669420762,75352.21672055298,76356.56697039599,797.579734187515,268.1916199986008,185.44485644481028,436.5935077937029,9.349954454431445e-05,-0.3231053560375312,96,69,98.13210786601996
5615,826.0786113425748,155930.41192016102,75364.62130989497,76353.00496689769,761.7210772860562,259.24866710431525,177.21850850473857,409.6405903462728,-0.0001011720014538,-0.3073911343080102,96,69,98.1304723582286
5616,826.09542478419,155981.363026992,75347.15494655316,76374.96657989295,724.7596352603287,249.0379389525915,167.87633152553462,386.4018972904887,6.976347856554708e-05,-0.3009658144941051,96,69,98.12882903076688
5617,826.0990476248608,155928.3850839197,75328.74265476257,76376.10514997375,684.8145742795314,236.84867121600837,157.72376778817852,359.60471770801814,-1.1409713176982976e-05,-0.3079801919219487,96,69,98.12717798202596
5618,826.1150051179692,156005.89864908514,75330.43921351152,76372.10246249761,645.6443131394917,223.99183695137617,148.56554287674953,336.24958179029636,-5.134630495924533e-05,-0.3182732506854832,96,69,98.12551931084064
5619,826.1184764858788,156021.47417002844,75354.37582485267,76370.7072526878,607.2005388843245,210.63749830088636,140.36832256321213,308.2834974701691,9.426305147183278e-05,-0.306426252119392,96,69,98.12385311648328
5620,826.1354642122611,156047.1606552698,75335.7481334501,76395.29915383278,572.4645974177984,197.88641312580148,133.45731829188298,282.414663489908,-0.0001007645322165,-0.2958545267576324,96,69,98.12217949865904
5621,826.1389015493353,156086.09979249924,75324.76285701607,76399.74959388432,538.6013500808622,185.0448090090067,126.11379677674267,249.6007831763418,6.834253001428915e-05,-0.2874311884250504,96,69,98.12049855749883
5622,826.1549414109708,156127.68058084435,75327.2208331627,76392.50000023482,503.5045800144435,171.37699197628535,117.04716552890022,217.5149453569611,-9.524252285133584e-06,-0.2720326270655768,96,69,98.11881039355474
5623,826.1584216497134,156163.52959792002,75337.34637165569,76401.24573549374,459.8934442990576,154.59118944544753,104.08736712494283,178.73604446061654,-5.296792906413422e-05,-0.2551374164877604,96,69,98.11711510779314
5624,826.1754569841335,156231.33835289316,75356.49699012388,76389.30536675715,402.86288683337625,132.79095157957636,86.47756615461549,142.68344827750116,9.499446651731192e-05,-0.256539635857085,96,69,98.1154128015898
5625,826.1787770078638,156240.22886482067,75356.55852560427,76392.85755873029,327.62325092602987,104.66181586073071,64.23838173050899,102.4118262018601,-0.0001003232867099,-0.2643797280186054,96,69,98.11370357672348
5626,826.1948646410111,156260.4452472068,75357.46381334112,76383.68107017157,236.9198651939514,71.37459473917261,39.71863751061028,68.86916869421839,6.68991682354717e-05,-0.2670074089781241,96,69,98.11198753537032
5627,826.1983858803021,156341.33600974907,75381.07120617064,76403.48096631572,139.37097347230883,37.30298968667921,16.916999461129308,36.22018451531767,-7.636397285222475e-06,-0.280610118348696,96,69,98.11026478009786
5628,826.2154321424753,156357.5603962834,75363.18130066269,76418.05232443361,52.76997711561853,10.047244785862858,1.553379604156362,15.694210261979606,-5.457100487081992e-05,-0.2760583302386786,96,69,98.1085354138592
5629,826.218657513108,156377.09247840295,75321.82578974793,76391.81077398807,-0.0,-0.0,-0.0,0.02159087421023287,9.569355735727778e-05,-0.2646890781287984,96,69,98.10679953998688
5630,826.2347865752104,156354.96415348802,75360.8316458949,76397.31963761828,6.37437381525524,17.323137348066666,17.80077724563307,-0.0,-9.984842836702062e-05,-0.2587579469733193,96,69,98.10505726218716
5631,826.2383607965944,156357.16763603076,75356.78943032138,76392.51423162581,93.36244169110432,70.50963952099846,58.66521921381354,7.533322668285109,6.543388888692576e-05,-0.2585257137571377,96,69,98.103308684534
5632,826.255394130234,156360.8075850591,75333.12883084567,76400.66994516151,272.8506792265689,162.05920257998514,122.51008189190179,32.065006490884116,-5.746785627453645e-06,-0.244729036820446,96,69,98.101553911463
5633,826.2585406880999,156322.01982823925,75329.47749185168,76384.77962908441,543.9871915336116,288.9698754763813,206.03061269334285,63.104804524366045,-5.615499995658336e-05,-0.2309422215116876,96,69,98.0997930477652
5634,826.2747098709067,156272.06372066392,75335.42750224669,76351.17249458542,890.2816466867225,440.2131819467613,301.6630830451322,109.37984131538542,9.636010211727557e-05,-0.2227307026156812,96,69,98.09802619858168
5635,826.2783442800937,156231.75621842558,75340.95232789437,76385.3908556793,1284.361173709156,601.5110996782896,400.6170398312388,159.578717859491,-9.934013173168546e-05,-0.096543314826717,96,69,98.09625346939654
5636,826.295342548371,156165.37737469582,75338.36626803647,76397.35129329615,1690.0555377855198,755.2993831424101,492.78520721764653,221.1490933559253,6.39471953224615e-05,0.1676151925843993,96,69,98.0944749660318
5637,826.2984286643366,156126.594869952,75355.01747734101,76362.73661447837,2072.9570358804776,887.8872199158213,570.9149502978544,280.8182066650188,-3.8560545220776935e-06,0.1891449432520062,96,69,98.0926907946409
5638,826.3146325271651,156054.10257735814,75347.42917784819,76372.24948034191,2401.927550438035,988.1814471430116,629.3059031449811,345.9762577320507,-5.7719388695997326e-05,-0.3567798374784857,96,69,98.09090106170233
5639,826.3183393799546,156004.76364865009,75343.04536637614,76405.54427673652,2658.962100681616,1053.4326184026722,667.1655770666548,403.4322807828721,9.6993890386691e-05,-0.4896636378793996,96,69,98.08910587401388
5640,826.3352702432936,155985.5166625789,75338.66922357515,76395.95906156402,2834.9891006484395,1084.26156302038,685.1088290818589,460.5109218203579,-9.879858233394708e-05,-0.189384083261519,96,69,98.08730533868618
5641,826.3383339444158,155883.94867443456,75371.80498224872,76375.00697384558,2935.643490442948,1088.0207913041813,687.5020608697814,504.18008058704436,6.243959797508076e-05,-0.2387082942422051,96,69,98.08549956313702
5642,826.3545350012799,155868.22286194377,75362.37052570358,76370.73675124989,2970.78975437436,1071.1397939645103,677.5461442581436,544.3900721350801,-1.9648418701671296e-06,-0.2192118760372168,96,69,98.08368865508486
5643,826.3583831236219,155827.86358582316,75345.25002918731,76364.03760173968,2958.852947054198,1042.89446822631,660.2456073235371,571.1022303756326,-5.926365250675921e-05,-0.2060674435467977,96,69,98.08187272254244
5644,826.3750834373303,155850.40324053014,75327.54720117031,76371.85377297974,2914.5414470508113,1008.2247608746839,637.8017679208424,596.3585537919425,9.759472260196684e-05,-0.2139749915814423,96,69,98.08005187381102
5645,826.3788656262476,155832.12570325937,75323.82387731467,76356.87152678799,2855.004142916703,973.3561018207256,613.7684410145157,611.899199609179,-9.82239774080302e-05,-0.1868335552990709,96,69,98.07822621747364
5646,826.3947884929318,155815.08970128675,75335.680827975,76382.56153477688,2788.6057161178906,939.5252169294981,588.7908945364325,630.8275661112566,6.091161376893136e-05,-0.2118304220545429,96,69,98.07639586238948
5647,826.3982088347453,155795.44589477716,75341.67246685574,76349.23897489188,2724.73994607199,910.035067219258,565.5377931662806,644.7274864497595,-7.378539060089534e-08,-0.2065070118091002,96,69,98.0745609176872
5648,826.4151434918482,155782.45438241906,75324.17985693795,76377.5046378681,2663.804935673834,883.8002725847182,544.0027207604726,665.6379736682284,-6.078727934244493e-05,-0.1754459749354736,96,69,98.07272149275866
5649,826.4187193151988,155751.50666469967,75359.8987411757,76357.85927453233,2609.917927587754,862.9939630943118,526.663023192028,681.6813139752485,9.816241047829472e-05,-0.1802116514201267,96,69,98.0708776972527
5650,826.4347233385417,155773.31319175512,75343.30076084577,76411.30023096378,2559.458742092247,845.3356875797908,512.7082661690074,702.7702994530264,-9.761652463646925e-05,-0.1708174907643172,96,69,98.0690296410689
5651,826.4381430963742,155750.4469152279,75347.08002568556,76385.10129386238,2514.4487648512586,831.9810410531936,503.43118716191384,716.2816519833577,5.9363766735108415e-05,-0.1469836743203409,96,69,98.06717743435158
5652,826.4551454938089,155721.28997792612,75362.58644804244,76367.94125828032,2469.84225496609,819.5255379928276,496.44953883145354,732.141942842718,1.8164779432325265e-06,-0.1454204732883232,96,69,98.06532118748248
5653,826.4586006906285,155718.45904005883,75323.03119872879,76390.55119762459,2427.7810911151464,808.667706903725,492.00422066662577,737.4416443915106,-6.228976492410543e-05,-0.1390850745509628,96,69,98.06346101107562
5654,826.4746393507418,155721.51792448145,75327.87482165052,76398.45625281475,2383.1182433270733,795.6350951268978,486.9828945903573,743.9056683150702,9.869677725280826e-05,-0.116708092240901,96,69,98.06159701597008
5655,826.478100848501,155756.32376850143,75335.49249974257,76384.07378081609,2338.8116971502313,781.5692600091861,481.7971675027802,741.3706553849042,-9.697644308134374e-05,-0.1174059907268768,96,69,98.05972931322428
5656,826.4951283982112,155734.49501453646,75334.9112227238,76386.33688233742,2291.081489878765,763.9165237852721,474.2234708548058,743.2716453028261,5.779658690812583e-05,-0.0967507413071123,96,69,98.05785801410885
5657,826.4984879416613,155762.00897312595,75334.30152645994,76388.4834358321,2245.626596290851,746.0856320733583,466.32069912701263,739.0511292860901,3.705311102632144e-06,-0.0765158154733682,96,69,98.05598323010108
5658,826.5145513914839,155768.5743034122,75334.16458541866,76384.57474831805,2200.5881769012776,727.4957926386123,457.20543707179604,742.055055661127,-6.377061196410062e-05,-0.069809378946247,96,69,98.05410507287776
5659,826.5180721370688,155740.30743461373,75323.5669179772,76375.5629012803,2163.1865477670217,713.009131519022,449.8857965206844,741.5105608832091,9.919765706569522e-05,-0.0550706584440528,96,69,98.0522236543092
5660,826.5350974642765,155746.12149960388,75339.24012394845,76415.03949351162,2132.033770148002,702.3815479285549,443.74649347987724,749.3824317045801,-9.630396256638988e-05,-0.0328530219537505,96,69,98.050339086453
5661,826.538378029986,155764.37219388667,75333.26026570213,76364.93419785517,2114.4161414945265,699.8137952406832,441.61256595904706,752.7415186022117,5.62106108561003e-05,-0.0333717486564587,96,69,98.04845148154708
5662,826.5544624943717,155724.0412243554,75332.1898178824,76380.81552964283,2107.003151320212,702.8408937106142,441.82890611261246,763.2704115001834,5.592078257801661e-06,-0.0293534689209757,96,69,98.04656095200352
5663,826.5580550683529,155770.49732591023,75321.92837167335,76384.59684278097,2114.332442996558,712.9275176756928,445.9399307986896,768.7924935018818,-6.522933083328802e-05,-0.0260785666958731,96,69,98.044667610402
5664,826.5750517158377,155731.9441260797,75309.08215734588,76387.95034182242,2129.7907745246775,725.159254537808,451.0876229395799,780.8787052133703,9.966489588678872e-05,-0.0760902331632564,96,69,98.04277156948378
5665,826.5782736344917,155747.39867134154,75346.30274049817,76372.61944658632,2155.1492002815357,739.6484949479345,458.051425530517,786.4688482669881,-9.559932374313976e-05,-0.0923808114633272,96,69,98.04087294214462
5666,826.5943698943536,155751.7201224447,75316.45949905287,76374.57194594233,2180.6035315841436,750.7903949758766,463.271277600521,797.4283129668911,5.460638128099261e-05,-0.0970968992525961,96,69,98.03897184142856
5667,826.5980541755699,155713.12970576907,75328.1701031739,76385.20565050683,2205.950400978152,759.0587538584223,467.338386707881,801.2407097085379,7.476144734527353e-06,-0.1460370659099956,96,69,98.03706838052156
5668,826.6149818008258,155754.6324022362,75339.2383985536,76396.86426615686,2221.12836671673,760.1178357389726,467.18790610460564,808.9647134364641,-6.666543932648212e-05,-0.1642646752397423,96,69,98.03516267274476
5669,826.6181900298089,155714.69099098406,75335.02872151771,76369.6966620642,2227.661260662484,756.2893818281591,464.539360707131,807.0768633645202,0.0001000983503777,-0.17197172331113,96,69,98.03325483154822
5670,826.6342500605558,155764.27088551476,75323.35732080841,76377.79195846307,2217.3945270733675,744.7003427475283,457.39266341968323,807.346062434488,-9.486277786312857e-05,-0.1905170814470818,96,69,98.03134497050428
5671,826.638113041027,155748.73706592657,75320.02199748831,76381.09924537338,2194.290666591609,728.8921391576005,448.41102409156156,797.8179847642605,5.29844466808595e-05,-0.1822321581871653,96,69,98.02943320330095
5672,826.6547841999702,155761.6831770982,75344.11519581864,76357.45321250893,2153.0045014165225,707.0721988139267,436.3133986067842,790.4335415722453,9.356876338299765e-06,-0.1676966550986307,96,69,98.02751964373584
5673,826.6586273420222,155800.68568209486,75311.89259368331,76405.22690673094,2100.0659912390984,683.3581307979621,423.88954124230077,773.908633625193,-6.8078463341991e-05,-0.1655813233681691,96,69,98.02560440570876
5674,826.6746203908205,155819.33742093475,75318.73019405524,76388.1492211885,2031.9551009422867,655.9048587622237,409.3853041775874,760.9105995957507,0.0001004978893178,-0.1564837335876086,96,69,98.02368760321646
5675,826.6779127648283,155832.62886938264,75340.05536083356,76362.54725104729,1956.8059250342194,628.417740173667,394.90451396183926,740.8845918070874,-9.409458702546818e-05,-0.1445224222689292,96,69,98.02176935034468
5676,826.6948539703169,155861.34849405076,75329.90169861373,76381.60438068197,1871.942332634877,598.3371116588678,378.06546222418547,727.0456004602893,5.134536139511208e-05,-0.1367136997070438,96,69,98.01984976126256
5677,826.6984878658784,155866.11142193255,75342.14880360512,76370.41212428392,1786.8501413676422,569.2111067376827,361.1095131940383,707.3732896101719,1.1233640876283446e-05,-0.1362107683685033,96,69,98.01792895021607
5678,826.7145515759572,155899.5806080369,75313.97866851215,76369.6549483405,1698.8897003927268,538.3561291577789,342.0797958797484,694.132121937495,-6.946793659960356e-05,-0.1226440919805446,96,69,98.01600703152094
5679,826.7178373319676,155924.0081635595,75339.86157187387,76380.91303763712,1616.460539153486,509.3086136936472,323.72332178396755,675.5650009139208,0.0001008633928909,-0.1186785652417137,96,69,98.01408411955651
5680,826.7348623250991,155934.06657047555,75349.05394132856,76394.29775519445,1535.244795313396,479.6472834037704,304.5799226544332,663.7316540229658,-9.329502412200829e-05,-0.1126069672066221,96,69,98.012160328759
5681,826.7383767802227,155955.96106771624,75329.74641769924,76371.5295927398,1462.5982898208313,453.49797997520363,287.83070467831567,645.5041391734849,4.968968516562387e-05,-0.0977228759747469,96,69,98.01023577361514
5682,826.7544624947164,155979.0109771076,75334.44624362455,76369.2895785787,1392.6829936748254,428.4609806351218,271.85204489025637,632.3676773152838,1.3105807451914984e-05,-0.1064117073924894,96,69,98.00831056865528
5683,826.7577856950829,156011.45038214003,75367.47840631181,76368.76605210727,1331.2258177328622,407.9383682482294,259.0781695174228,612.0094129556965,-7.08334009444259e-05,-0.1071620214117893,96,69,98.0063848284473
5684,826.7748538497568,156045.45229455724,75330.80278373689,76378.38079945759,1271.2766681383946,388.55609944487514,247.05410381831462,596.0406129295588,0.0001011947523963,-0.0970446885486074,96,69,98.00445866758942
5685,826.7782692171841,156022.83716213363,75338.85364550597,76358.81915778376,1218.5226482956787,372.9605487785593,237.62399797292892,571.4741048616415,-9.2464371868213e-05,-0.0993787560659329,96,69,98.00253220070432
5686,826.7943699573948,156071.15195901733,75340.08455288927,76390.22580733785,1165.6849475565832,357.0856445588579,227.84142160086776,550.3019603027205,4.80179830947492e-05,-0.1107433555290105,96,69,98.00060554243213
5687,826.7977466705158,156134.35931776615,75340.8431919553,76385.01014946193,1118.088820571138,343.2112119699159,219.26431813821546,521.3752917463135,1.4972747372209267e-05,-0.1153034032070926,96,69,97.99867880742396
5688,826.8148349706248,156130.2067195231,75340.37769675982,76398.01372862897,1068.82080206729,327.7650970391551,209.27613673720043,497.4815370471624,-7.217440692734065e-05,-0.1157743313812324,96,69,97.99675211033532
5689,826.8181605515513,156169.3452622943,75351.4874130809,76431.28725984867,1024.4622204767657,314.166315919676,200.22886903584003,467.2498632061179,0.0001014918709352,-0.1215289029903941,96,69,97.9948255658197
5690,826.8342788250916,156230.1791811701,75343.02862586714,76414.03286610774,978.7132425500895,299.74492278601974,190.20305543404538,443.65340710344026,-9.160292368962986e-05,-0.1037891521359083,96,69,97.99289928852178
5691,826.8377164679039,156232.93672354444,75324.02032894357,76406.30598648578,938.1459467064706,288.17169469964574,181.8280674039852,416.13292693541734,4.633082568624921e-05,-0.1130326701849483,96,69,97.9909733930708
5692,826.8548071665028,156259.42088114802,75374.39013974623,76394.60606740328,896.5842516296543,276.7102867020294,173.28691439970862,396.77231003923225,1.683383339566924e-05,-0.1247667906218522,96,69,97.98904799407464
5693,826.8580498396816,156275.9931266262,75331.978916857,76378.94684050862,860.8632570804912,268.5673567400663,166.9967778704886,373.35386866432964,-7.349051280917521e-05,-0.1130464280052416,96,69,97.98712320611246
5694,826.8741912495897,156305.62707700278,75369.99174102713,76388.27635995795,824.1111036897637,260.0428802467504,160.56202143989503,357.1813354806509,0.0001017546632296,-0.1053721492873307,96,69,97.98519914372842
5695,826.8776931244848,156339.65072088916,75354.96837467162,76405.3386009912,792.0074515238521,253.28774501704902,155.7096077617607,336.40314766345546,-9.071098341985732e-05,-0.1094908935526117,96,69,97.9832759214252
5696,826.8947705319379,156375.22966479836,75330.83952026753,76364.12255245355,757.3142961605336,244.37585671330453,149.94404899908113,321.4324704964238,4.462878822162872e-05,-0.1047566219626989,96,69,97.98135365365768
5697,826.8979374684473,156375.71427602216,75331.82437111254,76408.13633859817,726.1160645527998,235.8806339014409,145.28233220041147,299.4492552661686,1.868844086378749e-05,-0.1015933104030943,96,69,97.9794324548256
5698,826.9141082245899,156403.21673624977,75344.38749434541,76377.67647418963,691.3250764479744,224.467247245193,139.5697566967865,281.06804215640295,-7.478128614431401e-05,-0.0948291888747081,96,69,97.97751243926804
5699,826.9176754627711,156418.92360343295,75339.24151831592,76387.88966123655,658.9993653424317,213.14234076664434,134.88082288653823,254.89998684177408,0.0001019830558988,-0.0863964011338594,96,69,97.97559372125592
5700,826.9347245024148,156462.21950135933,75328.04661758099,76382.04177170453,622.3762155936565,199.1207766305597,129.06335537706036,231.76794035412604,-8.978886470428168e-05,-0.0895847374015266,96,69,97.97367641498636
5701,826.9378246869874,156512.89761594965,75350.93149070765,76400.72091451527,587.1696002454264,185.42857700024615,123.71103715809295,200.6528230519907,4.291245054945568e-05,-0.09683870973174,96,69,97.9717606345751
5702,826.9540298072512,156521.76192031236,75353.8024329275,76396.91623812554,544.528609643341,168.52986486938607,115.7948388120858,173.5412504558335,2.053594789425475e-05,-0.0751205812299063,96,69,97.96984649405115
5703,826.9576630636105,156549.57894199627,75354.63962695857,76378.41964147266,497.16032870224444,150.1946896910231,105.97540731265326,141.00309528468642,-7.604630266079208e-05,-0.0740418366806298,96,69,97.96793410734924
5704,826.9746677328084,156607.06634591587,75329.21864978489,76372.36692106683,434.5920201627305,126.36033095944731,91.22110506522586,114.51257853442803,0.0001021769865335,-0.0697373048570475,96,69,97.96602358830378
5705,826.9777139205619,156654.44599327623,75365.18939477077,76355.59420836571,360.3903868091875,99.28725754650077,73.09256370557705,83.95869845850393,-8.883689142316276e-05,-0.0738407108100067,96,69,97.96411505064243
5706,826.9939545200826,156676.97816154358,75361.39064473953,76379.04278641852,268.54503101925366,67.05576634184399,50.56758704793174,60.752264070441015,4.1182397561920165e-05,-0.0856397536378358,96,69,97.96220860797938
5707,826.9976572118723,156649.880663115,75352.43700911019,76389.76747664962,171.8436383807566,35.903065369377146,28.13766960866633,35.518755497876555,2.237573444319117e-05,-0.0811315407769282,96,69,97.960304373809
5708,827.0145967075339,156696.6025102737,75361.1705954297,76393.46400342461,78.21538093377603,9.688226411875803,8.651666921068681,19.182878611551132,-7.728514725139626e-05,-0.0874534836624498,96,69,97.95840246149886
5709,827.0176108680979,156723.3143851323,75343.16414788828,76380.60230499372,14.938233812223189,-0.0,-0.0,2.893435244302964,0.0001023364048375,-0.0880251252095324,96,69,97.9565029842842
5710,827.0338760616914,156757.40846807,75328.84904780952,76384.96588178388,-0.0,13.566229332514922,6.895159052248346,-1.0589987609710079,-8.785539740019948e-05,-0.0864458782359552,96,69,97.9546060552604
5711,827.0376661758471,156738.0627137308,75360.97593509052,76388.50782659417,62.15754273097264,60.467939283378655,36.30814318545163,-0.0,3.943921815311355e-05,-0.0820530201685186,96,69,97.95271178737748
5712,827.0544968867085,156730.26872764938,75342.65418881986,76380.45477528848,210.6189887925284,141.46739189332584,89.15075615423848,17.30282681621611,2.4207184145002185e-05,-0.0684282661590309,96,69,97.95082029343256
5713,827.0575406118936,156711.51795848997,75361.87197091886,76376.05144927361,454.2127725961618,256.3828195105016,165.46543736488093,42.21692047742545,-7.849741394333817e-05,-0.0668982520588665,96,69,97.9489316860646
5714,827.0737500806621,156651.11195953414,75336.9153895253,76391.57640333485,774.8037403696217,393.9926497426932,257.71772886574036,84.21499481907813,0.0001024612719181,-0.081127249821099,96,69,97.94704607774698
5715,827.0777917499382,156629.13896584118,75364.73423519354,76385.38663321799,1153.0214751674212,543.4643044053519,357.9845056471531,132.98068200342823,-8.684472611997121e-05,-0.0919776513872099,96,69,97.94516358078155
5716,827.0938405315867,156556.17163539678,75328.20208586556,76391.11283640815,1549.8754361741012,687.8325734773534,454.00062447739765,194.2346484203299,3.76835054408348e-05,0.0562466771599974,96,69,97.94328430729196
5717,827.0970221776477,156516.2761547584,75351.5591027252,76382.80225119706,1935.4192431453266,815.9269518281071,537.039503025735,256.18710696254857,2.6029683379399805e-05,0.3182493755809547,96,69,97.94140836921768
5718,827.1138847387234,156436.30683975405,75352.86857925728,76385.67199941262,2272.851126954134,916.0192082174908,598.5000948984962,324.08666112681385,-7.968270546326527e-05,0.2896166982281974,96,69,97.93953587830704
5719,827.117640734519,156388.4763580367,75344.10465087711,76408.24532461466,2546.496974507696,986.0412742190965,636.6672582111787,385.64950537335244,0.0001025515608542,-0.2750429176892403,96,69,97.93766694611108
5720,827.1337826398386,156311.94188682,75327.92708842353,76376.32639125802,2740.686233912711,1024.4042998660298,651.2850762008311,446.38077221406274,-8.580523091095755e-05,-0.3429526237014073,96,69,97.9358016839775
5721,827.1369226769833,156263.72882885518,75337.87467424686,76378.05053672323,2861.6810781781096,1037.2831184871466,647.8227135306661,496.38224322529277,3.591585643932628e-05,-0.0397337679088905,96,69,97.9339402030434
5722,827.1539043831023,156265.10157992283,75316.72193743862,76371.17246751959,2912.835540702159,1028.5150602253561,630.9246134832792,543.3199088848778,2.784262177935459e-05,-0.1099252839149624,96,69,97.93208261423015
5723,827.1575393165259,156204.30005539037,75339.08774820427,76369.85508843229,2913.958543309942,1006.5711670099554,607.9272176457598,578.8836140982166,-8.084063398418169e-05,-0.0779025658455131,96,69,97.9302290282358
5724,827.173691310898,156161.71077071718,75349.3154072807,76379.95432263718,2875.116136091063,975.2059161228244,582.7121972239984,611.7048078427033,0.0001026072560252,-0.0617471383485388,96,69,97.92837955552989
5725,827.1768540445087,156150.43713753932,75330.32666910959,76395.10677731886,2816.148059386527,941.1060889538203,559.7946850682056,635.2979112816683,-8.473727460861784e-05,-0.0715700609702894,96,69,97.92653430634596
5726,827.1939054925787,156137.0076533319,75326.38517464035,76358.21091188073,2743.452450178447,906.0866661427863,539.7354927107517,658.7447229498357,3.413687241755191e-05,-0.0418273816678759,96,69,97.92469339067642
5727,827.1974429106778,156100.6408958107,75327.58020627584,76396.33874692126,2671.6691883836756,875.0358364925924,523.9897113776096,675.1210402446741,2.964539230062205e-05,-0.0563318250143909,96,69,97.9228569182654
5728,827.213592846665,156137.2993634316,75314.04821701847,76399.74581209633,2601.5432782491553,848.1135579418187,510.9773113034171,692.5401687962003,-8.197082123355485e-05,-0.0492975107656811,96,69,97.9210249986028
5729,827.2168002070545,156092.38919637742,75334.47849341598,76370.49217204425,2541.8489769477164,828.0538435512426,500.773362673528,704.2826378089667,0.0001026283537219,-0.0391999430704184,96,69,97.91919774091804
5730,827.2338975211615,156080.31363696116,75335.00973399155,76383.93608254663,2488.6155586056993,812.814131896972,491.4681674572057,717.8316931010631,-8.364122938269423e-05,-0.0401091022391033,96,69,97.9173752541738
5731,827.2373444907005,156087.6673250804,75336.32085032776,76376.15917523633,2446.826355707366,802.824280415749,483.37623214974883,725.8990967494319,3.23471576294011e-05,-0.0285719912366608,96,69,97.91555764705976
5732,827.2534937543087,156032.40447674118,75345.98633133117,76388.02787829863,2408.976305436692,794.1159824762144,475.19229022599757,735.7284441126394,3.143739201951541e-05,-0.0162651544067594,96,69,97.91374502798634
5733,827.2567565854546,156082.5596014666,75321.95739055924,76401.96020944866,2376.518752361939,785.7711773536575,467.6383965862333,741.3207235673908,-8.307289845208287e-05,-0.0221184152159193,96,69,97.9119375050785
5734,827.273882583972,156079.6833765469,75334.60257681514,76373.74368425246,2340.273461836623,774.012800035649,459.7888904372521,750.1970532949781,0.0001026148618924,-0.0106670240939836,96,69,97.9101351861696
5735,827.2772421474435,156069.59128315252,75342.83587171785,76381.93855063178,2302.3919993006857,759.4296625681018,452.39754824578995,756.181525152846,-8.251747693493315e-05,-6.668990621001947e-05,96,69,97.9083381787954
5736,827.2933970076972,156051.97539608102,75333.67361891741,76380.63355674248,2256.4667573638726,740.7258591206919,444.4328184623737,766.1118688459974,3.0547319879407546e-05,0.0050270910929226,96,69,97.90654659018742
5737,827.2967209299723,156055.5321129777,75305.18404515141,76380.22996620265,2208.5879204525845,720.9682620608073,436.4472180324374,773.8761897504737,3.321802159828637e-05,0.0193188157366185,96,69,97.90476052726764
5738,827.3138610567559,156031.85053480454,75330.68260384143,76368.38302316584,2157.4275547099533,701.1242471166188,427.76983280089917,785.263822771667,-8.414650641908136e-05,0.0245533859941935,96,69,97.90298009664131
5739,827.3171354969678,156005.08665783334,75318.93742882571,76384.85549788407,2113.4803051995113,685.4188336730876,419.72691363902413,793.3974841090676,0.000102566800178,0.0345042102584105,96,69,97.90120540459164
5740,827.3333044205691,156031.45744014645,75326.38829405731,76403.94320345818,2077.3181958029163,674.6322072697803,412.70165130723035,803.740555645345,-8.136640785299424e-05,0.0470358792456518,96,69,97.8994365570737
5741,827.3366916764414,156036.44137016434,75322.20576820601,76393.71930501467,2057.9021005454124,671.2863437523629,408.6589628243819,810.4076326562208,2.8737970158558848e-05,0.0442094390853997,96,69,97.89767365970782
5742,827.3538327775725,156036.47862135505,75335.72862365506,76374.6438353279,2052.226898657682,673.8787801662693,408.0387502637168,818.858706032479,3.498668577888701e-05,0.0337451992213574,96,69,97.89591681777404
5743,827.3570248045863,155988.96743035683,75322.9570934436,76375.38042152023,2064.3128520498285,682.4057217793015,411.8033384329465,823.2542352257005,-8.519129546769482e-05,0.0457578864473732,96,69,97.89416613620617
5744,827.3732172653117,156008.92276119135,75329.49497327958,76390.43678605267,2085.915595197119,693.3326689183159,418.6225298498175,829.0198566422623,0.000102484199494,0.0522649963987501,96,69,97.89242171958504
5745,827.3766674807437,156020.5187739388,75336.39837363787,76378.12303124179,2116.697222480143,705.3732465425128,427.3205766098108,831.1208620975376,-8.018842209893531e-05,0.0437976930841338,96,69,97.89068367213332
5746,827.3937974369358,155999.8485596602,75304.91762428642,76385.11564206866,2146.5964040305116,715.0557285231189,435.12374569216627,834.7534118618642,2.691972229794767e-05,0.0204963487810309,96,69,97.88895209770934
5747,827.3969106765088,156009.47450372737,75322.28606361021,76370.37345455807,2175.221465823124,721.9505941026582,440.4847371005162,834.9922045845015,3.674279397823863e-05,-0.0097817033721559,96,69,97.88722709980104
5748,827.4131364836518,156007.06039289015,75349.17382685853,76379.33302703327,2193.1772743292386,723.8848975780857,441.6040471907763,837.1798189752444,-8.620692621810187e-05,-0.0321673922432157,96,69,97.88550878151996
5749,827.4166470570948,156010.29437607844,75308.98514705164,76389.64064959783,2200.9886443832656,721.5336133989185,438.7180349501141,837.146060130035,0.0001023671029023,-0.055711022130513,96,69,97.88379724559564
5750,827.4337547407764,156007.99866551725,75320.57362072686,76402.38857662659,2191.4053635472665,713.7666628706356,432.1550226894615,839.6094489039679,-7.898392819582101e-05,-0.0770849864798373,96,69,97.88209259436948
5751,827.4367939181483,156016.30111349042,75338.39671157286,76385.68527948188,2167.801290371339,701.8307990067115,423.6489987616951,839.7826609822805,2.5093192946240008e-05,-0.0840129631408843,96,69,97.8803949297888
5752,827.4530627714316,156042.8057576088,75338.60264424013,76390.73814504904,2125.9815344667295,684.8992326436419,414.0455135679513,841.5109386820113,3.848575958965467e-05,-0.0801188846679661,96,69,97.87870435340176
5753,827.4566291182382,155996.28120653256,75317.85803298805,76368.30816512718,2072.131298824912,664.2523090705654,404.4440008790698,839.7661754472938,-8.71930687120175e-05,-0.0663217597253984,96,69,97.87702096635049
5754,827.4737044926284,156010.98145728256,75346.25472527609,76382.56343551002,2004.9052978591644,639.352022875144,394.521160044882,837.4127484473574,0.0001022155646888,-0.0665037562204767,96,69,97.8753448693656
5755,827.4766754510006,156030.95325312237,75352.40768451446,76388.84244694127,1932.2480164590525,611.7767511361744,384.0732632710715,829.4710024913074,-7.775334349002669e-05,-0.0631070274016661,96,69,97.87367616276144
5756,827.492996619171,156032.7173287322,75339.82483100968,76357.23249443615,1853.2035140854423,581.4506235851877,372.01380803831853,819.4445942587627,2.3259001412318815e-05,-0.0555014269961678,96,69,97.87201494642872
5757,827.4966123549605,156066.2421695306,75356.0430267966,76389.55982018888,1775.1539654200897,550.3838881546981,358.05228315785644,803.9735266278149,4.0215000759460935e-05,-0.0687460811675538,96,69,97.8703613198302
5758,827.5136466425632,156078.50866585306,75318.9755919565,76371.57536689083,1696.678581458691,519.1096676521411,341.805933976284,787.2394697462732,-8.814940370314525e-05,-0.0667076333128337,96,69,97.86871538199402
5759,827.5165562512675,156104.45631062586,75346.76424710805,76401.90134659072,1624.0006036109407,489.91441729519283,323.96125719719566,766.8007093972992,0.0001020296509354,-0.0461416640932108,96,69,97.8670772315086
5760,827.5329383384355,156120.5340865005,75306.03381103126,76382.43176871134,1553.584882175317,463.26416625430284,305.1210580680927,747.1691674249596,-7.649709431798179e-05,-0.048478698336014,96,69,97.86544696651671
5761,827.5365954303827,156146.06389576496,75345.54742210747,76370.70372784989,1489.0013887211098,440.8271900168038,286.53831298745354,726.2114033470571,2.1417769107696863e-05,-0.0565956365992259,96,69,97.8638246847103
5762,827.5535813224988,156146.69441972492,75337.83034545646,76397.8618355173,1424.8350981698022,422.21912407831405,268.9754781567899,707.4428038396,4.1929940909679175e-05,-0.0446112568716045,96,69,97.86221048332418
5763,827.5564372940229,156179.34179819285,75330.02717129722,76381.07070272663,1363.4709501295583,407.81179444422014,253.2851078400272,688.1488867065345,-8.907562182625203e-05,-0.0372411251052001,96,69,97.86060445913108
5764,827.5728880886486,156207.92509003208,75337.97627670814,76392.70814878539,1299.4544160618098,395.83722560053866,239.5517891777563,671.075352029322,0.0001018094392369,-0.0391852963748391,96,69,97.85900670843598
5765,827.5765769754527,156227.37175799848,75341.73694221543,76372.02852125783,1236.6001496304525,385.3723674950743,227.78666904987767,653.2157058533921,-7.521561491473025e-05,-0.0566086029104114,96,69,97.85741732707028
5766,827.5935088797635,156228.2551066257,75335.3619710794,76394.58980103086,1172.4024218270206,374.0680990148394,217.4178418975207,636.2662810574402,1.9570119514969817e-05,-0.10282124410915,96,69,97.85583641038671
5767,827.5963194919793,156275.00504198286,75327.50730253478,76376.7650876309,1113.2268532481394,361.124149252224,207.9912007340463,617.0066905123822,4.3630008188137127e-05,-0.0915690681403648,96,69,97.85426405325384
5768,827.6128459160932,156258.90922998442,75337.54927052838,76374.28078145567,1057.6104167546146,345.2503678864741,198.87717549171066,597.006232187472,-8.997142370948396e-05,-0.088056529927421,96,69,97.8527003500502
5769,827.6165555728466,156322.3296088828,75336.82827943617,76388.61337714418,1011.1520511047565,327.25506868409866,189.88868383824592,573.7101370297605,0.0001015550186986,-0.1017785912710052,96,69,97.85114539465962
5770,827.6334299222776,156319.90687977558,75326.67288844044,76411.70191410473,970.5060737736057,307.71059171753586,181.00489884158014,548.9549491152284,-7.390934840373551e-05,-0.0923497631451027,96,69,97.84959928046484
5771,827.6362036142641,156338.10983725628,75334.08252752756,76399.62057400492,938.2529770922847,288.67140999546973,172.64383754931623,521.3658498980512,1.7716678150299002e-05,-0.0809097587572342,96,69,97.84806210034355
5772,827.6528118226894,156387.34021802346,75345.77637957441,76388.1518993095,908.0907262287219,271.1119613809569,165.239930883341,493.64732982742134,4.531463604793676e-05,-0.0811253071938439,96,69,97.8465339466618
5773,827.6565297075251,156436.45427281945,75357.16738632282,76402.04318184851,880.9155954829766,256.45202313353366,159.24627002183115,465.3437564378837,-9.083652110158652e-05,-0.0793498841095027,96,69,97.84501491126927
5774,827.673345401139,156443.82796283695,75351.35767322134,76383.54913700707,850.7166227154667,244.46686337850406,154.78795902241836,438.8162746303715,0.0001012664898615,-0.0702559062520945,96,69,97.84350508549406
5775,827.6760901538648,156478.8565155669,75343.89612702135,76388.53122251552,819.486778799037,235.0279365061433,151.69013173205894,413.3725274738681,-7.257874543491033e-05,-0.0731940652434941,96,69,97.84200456013734
5776,827.692785904888,156476.78439010587,75338.63037580189,76381.74664917443,782.7158564968267,226.6822911420022,149.44914592787973,390.41667793804663,1.58580723374972e-05,-0.0729866277843908,96,69,97.840513425468
5777,827.6964976316556,156505.52423430237,75334.3197449008,76388.87401402419,744.1509067414445,218.6010485920997,147.39607544068713,368.6336092026904,4.698326364113731e-05,-0.059171572389959,96,69,97.83903177121802
5778,827.7132567981172,156533.676734978,75348.11365644648,76387.64962248207,701.2845584085444,209.43604785588104,144.89088044982054,348.35583736456465,-9.16706353537824e-05,-0.0570203096054374,96,69,97.83755968657653
5779,827.7159790554849,156551.29318674697,75342.71002382947,76395.7985064611,659.0039063635631,198.90518417859857,141.41703046904877,328.1083085129503,0.0001009439647197,-0.0624483489631305,96,69,97.83609726018544
5780,827.7327686812783,156588.0052375138,75342.22753240647,76376.28038398449,615.007709667203,186.5376769072027,136.73351487331092,307.7895470248186,-7.122426542159022e-05,-0.0542551828480544,96,69,97.83464458013395
5781,827.73645698172,156606.46575599746,75335.82675113188,76384.51764920325,573.4492090290878,172.76081086319755,130.6559179450851,285.9133604505041,1.399493048846306e-05,-0.0492396021828887,96,69,97.83320173395356
5782,827.7531666416547,156618.68034207504,75345.82145899437,76397.43755014264,530.3729818371357,157.46862926385074,123.01735939143691,261.80032464591204,4.863533546363816e-05,-0.0469883017686072,96,69,97.83176880861342
5783,827.7558689896113,156659.67266118206,75347.60892764511,76376.47080276902,486.77374682819936,140.73837405683298,113.26915780676063,234.20123585648253,-9.247349911111968e-05,-0.0401252370772931,96,69,97.8303458905146
5784,827.7727620617582,156677.56684085092,75330.02009361227,76391.67206714534,435.24624506477267,121.73198552141548,100.69160005208687,202.64942301574047,0.0001005875669795,-0.0476638572378489,96,69,97.82893306548608
5785,827.776403478819,156714.0422374405,75343.00531628139,76405.89443166798,374.9137157629011,99.82223811892618,84.43921289697755,167.21469823803636,-6.98463748434428e-05,-0.0411213811686005,96,69,97.82753041877872
5786,827.7930803668563,156746.4889642037,75347.41026723286,76380.36305008717,299.9684449805645,74.46338021506381,64.45379743631929,128.90078600816196,1.212788237314205e-05,-0.0231838453502381,96,69,97.82613803506162
5787,827.795754577597,156795.0680838542,75355.19827346333,76382.53569573903,215.15132938465104,46.924710328603396,41.905904109502444,90.26218403095845,5.027030175462354e-05,-0.0150654118458291,96,69,97.82475599841634
5788,827.812773575083,156846.6589007117,75367.0062046609,76394.36808197762,124.79435289633693,20.624523917169427,20.068472748505883,54.1970855804102,-9.32448551069614e-05,0.0018773195831381,96,69,97.82338439233236
5789,827.8163241791091,156852.815338782,75355.59630352826,76407.25276442389,47.099379168706946,2.1234159465966513,3.9591382213984616,24.9992732074752,0.0001001974311987,-0.0203226923076762,96,69,97.82202329970242
5790,827.8330179685149,156876.3165650698,75350.29089314406,76383.48375810395,-0.0,-0.0,-0.0,5.706584893778199,-6.844554840713506e-05,-0.027525535394122,96,69,97.8206728028178
5791,827.835604020337,156889.83049053658,75334.53430903071,76412.8415042107,10.528364683734253,23.51401962444652,14.253400792047614,-0.0,1.0257559418214682e-05,-0.0379816017656805,96,69,97.8193329833632
5792,827.8528677600128,156882.98886568408,75352.31572291769,76406.9395413801,96.92885035509244,79.70936521272233,51.13414814666612,8.561387293273583,5.188761905898055e-05,-0.0421257584666198,96,69,97.81800392241254
5793,827.856010510568,156861.28724422815,75356.18242146833,76400.9930458939,275.9432133315131,171.1624849732907,111.47520969904144,32.48733559757238,-9.398445738280891e-05,-0.0414040558434364,96,69,97.81668570042412
5794,827.8722219114717,156820.99020624897,75327.2511610323,76399.39467982539,545.1404809002997,294.15895989230194,192.19902048871154,69.19988800844294,9.977370359574689e-05,-0.0409188162359264,96,69,97.81537839723586
5795,827.8756698759504,156752.21766885486,75345.76082126112,76376.20525309202,893.18692020257,438.8762364180002,286.1432923801476,117.38357017780072,-6.702226825788954e-05,-0.0314803760631767,96,69,97.81408209206096
5796,827.8927916134828,156697.9300738788,75359.73057972494,76380.3898062871,1289.868360804161,591.1184830205748,383.8270266019972,172.5524151775462,8.38459291399747e-06,-0.0287166619715075,96,69,97.81279686348331
5797,827.8959202148083,156653.96553173242,75345.72561616146,76384.5163081721,1702.811892611906,735.356216809203,474.96890122725745,233.0574455554597,5.348675011871975e-05,-0.0218391062298449,96,69,97.81152278945282
5798,827.9121254316602,156591.11393834584,75324.32984833918,76389.79850791571,2092.655352971691,858.1299531061668,551.0758061671804,294.46799743024167,-9.46920701773788e-05,-0.0180712843411669,96,69,97.81025994728124
5799,827.9156605955011,156536.35144168508,75323.7115228976,76390.55979608594,2431.32188009168,950.4913694783754,606.5243256775284,356.05253056355286,9.931654166082995e-05,-0.0033486842372046,96,69,97.80900841363724
5800,827.9327405735321,156472.63134895882,75342.96863238903,76396.4232394174,2695.6625410926645,1009.4074119398283,639.7752874947764,414.12271850396064,-6.557702361782712e-05,0.1516296529648184,96,69,97.80776826454284
5801,827.9358099702936,156419.45508048794,75324.33358482714,76399.78689407659,2880.1011841871077,1037.0834796280105,652.5357224161125,469.04698175372323,6.509615331336775e-06,0.4236144449937317,96,69,97.80653957536778
5802,827.9520464464483,156352.32539196243,75330.50819063037,76390.0833340065,2984.3189154895954,1039.783398845815,649.285899385286,517.6769113749324,5.506716379033837e-05,0.3507118421334718,96,69,97.80532242082673
5803,827.9556470704244,156331.5816582343,75332.2913563332,76377.17927082966,3021.1836658911197,1025.2603135006357,635.2849105061905,561.2899328637868,-9.536746900068847e-05,-0.2325022134903427,96,69,97.80411687497372
5804,827.9726865197996,156273.3949999257,75352.74695019962,76364.38289628846,3002.863280753838,1001.3282685747981,615.8684433846211,597.6565738000209,9.882611405302678e-05,-0.2538595785696721,96,69,97.80292301119856
5805,827.9756948708734,156232.17570069464,75338.27513272826,76407.21373228103,2948.1960070277564,973.9101715348224,594.914565508443,629.4923298925569,-6.411031133866688e-05,0.0254300845203616,96,69,97.80174090222258
5806,827.9919772363199,156218.2021991324,75331.14194998215,76391.24321790184,2870.2814248854993,947.2038046376401,575.1699344935914,655.4752855086699,4.633259684168004e-06,-0.0643492050846133,96,69,97.80057062009396
5807,827.995633155496,156233.5867210979,75337.23241953352,76390.51919914802,2785.575460999855,923.0084240930155,557.686990428323,679.0913659318467,5.6628335583399306e-05,-0.0285661200805065,96,69,97.79941223618432
5808,828.0126259590986,156174.46771591567,75339.01619705881,76398.3711761621,2703.4102383731515,902.1075666543329,542.9464214702602,699.075692974584,-9.601044044125067e-05,-0.0155066901999931,96,69,97.79826582118426
5809,828.015578295011,156166.51138746706,75310.50518632098,76385.22496467755,2634.9034115580143,883.95508383376,530.5497915250453,718.579081556527,9.830260024765014e-05,-0.0248188700901053,96,69,97.79713144509904
5810,828.0319163724636,156125.04501977266,75341.05738657876,76390.6184070527,2582.610946147761,868.2384929667605,520.2896505004464,735.1571482055297,-6.262263484192462e-05,0.0008253411959513,96,69,97.79600917724495
5811,828.0356188174663,156112.6802236263,75346.74528298478,76406.12050940799,2549.5486121511203,853.9939376724797,511.4161520077032,750.9876109399775,2.7561584180822585e-06,-0.0085951682422781,96,69,97.79489908624534
5812,828.0525580157516,156134.25357106142,75334.25796039317,76393.1212204637,2530.219343954406,840.8615473695536,503.4505905425467,763.041985484946,5.816974761573192e-05,-0.0174459744517678,96,69,97.79380124002634
5813,828.0554620210903,156104.15566478306,75329.37772316896,76398.54444691048,2520.269246044394,827.7690053924016,495.3410328969767,773.6461135401914,-9.66207817171984e-05,-0.0018357659708576,96,69,97.79271570581334
5814,828.0718633534618,156075.81562295984,75314.40347562594,76411.82400714752,2509.367339799879,814.3898515976034,486.5379757962801,780.0799633929273,9.77461912186918e-05,0.0012712470936317,96,69,97.79164255012668
5815,828.0756032487072,156073.93913404166,75322.09321987473,76390.50192874137,2492.1424959674478,799.7774784013454,476.31126270469395,785.5044234495144,-6.11145046893788e-05,-0.0108121314562406,96,69,97.79058183877818
5816,828.0924825439475,156108.78845041702,75337.15140880385,76397.95318807564,2462.0526519159903,784.1474046501971,464.9981052434305,788.1717429280397,8.78945069584735e-07,-0.0352671939190401,96,69,97.78953363686762
5817,828.0953474100977,156071.3142782516,75307.80176716705,76404.12380283876,2420.579877897864,767.3864600645757,453.13160917005735,791.9792020852328,5.969088909324342e-05,-0.0516117055157543,96,69,97.7884980087779
5818,828.111817804041,156074.07262003937,75339.11693822368,76383.22989997742,2369.2439948352403,750.8771094727999,442.3895443395304,795.0544374222518,-9.719830135296638e-05,-0.0436612803257808,96,69,97.78747501817288
5819,828.1155854413024,156067.87547487655,75316.93663947417,76380.87852781765,2316.152273168671,735.4559339465486,434.1065282798081,800.7250829836703,9.715708889240244e-05,-0.0208036133841071,96,69,97.78646472799224
5820,828.1323997417338,156079.75213662116,75331.00546652799,76379.02080625597,2266.647803783533,723.116327681244,429.88239102828084,806.2755733093363,-5.9586438108355775e-05,-0.0182406092998698,96,69,97.78546720044884
5821,828.1352356530642,156036.5842385563,75328.36329234678,76395.12715448719,2228.413995292154,714.6665070335293,429.95968912212993,814.0218462342746,-9.977480605986751e-07,-0.0144571332167134,96,69,97.78448249702498
5822,828.1517792811308,156056.7894604475,75316.55395609449,76364.96365910063,2203.202048502164,711.6230008577259,434.23983034014236,820.2468352626311,6.119125638603941e-05,0.0069929846488146,96,69,97.78351067846808
5823,828.1555643594671,156038.72248080856,75328.80325895069,76390.85795076456,2193.341047908296,713.6614076352416,441.1258117739344,826.9390299136285,-9.774281888770614e-05,0.0204149622844706,96,69,97.78255180478855
5824,828.1723100346068,156025.257784026,75324.722704652,76386.23557523769,2195.716574569524,720.8609371550556,449.2357109646837,830.9278345120838,9.653550562561907e-05,0.0293086930780138,96,69,97.78160593525494
5825,828.1751278287793,156024.8516829815,75323.37924000651,76396.49575111605,2208.6913239207934,731.2982180216932,456.5926143746183,835.1037162076973,-5.803895862730949e-05,0.043591134141724,96,69,97.78067312839156
5826,828.1917472190285,156006.83192639158,75326.28306667418,76391.6125356732,2226.9620927803917,743.8155387096776,462.45366674879915,837.1899123321055,-2.873288613794808e-06,0.0345123213931806,96,69,97.7797534419747
5827,828.1955390131952,156055.86041822642,75331.65833092517,76393.72187717896,2247.9751583610196,755.5552244170685,466.00320479873335,840.7477788991819,6.267035249492857e-05,0.0386186791950042,96,69,97.77884693302892
5828,828.2122140267439,156011.60909948434,75349.29738146983,76385.63674429154,2266.7305851954734,765.086477521123,467.72783130421885,843.7584083303518,-9.825416533352744e-05,0.0438930923376747,96,69,97.77795365782468
5829,828.2150249100625,156019.722689617,75351.04441696272,76402.72951751454,2280.924630981928,769.8842165026435,467.5858899499581,849.0252922001237,9.588166569791206e-05,0.0235058035468499,96,69,97.77707367187412
5830,828.2317209178782,156011.28870802492,75342.2454330514,76410.72922032869,2286.1231780803646,769.5923339043511,466.2818001424894,853.2024410313752,-5.647259640962065e-05,-0.0157612700162564,96,69,97.7762070299284
5831,828.2355085002004,155998.58183352675,75336.34614580001,76381.9396624473,2280.709594319691,762.9264113753306,463.3988551988732,857.7902760077559,-4.747045058261853e-06,-0.0378697264384923,96,69,97.77535378597456
5832,828.2521124716294,155990.68335575188,75343.74496373103,76404.2095560497,2261.8142352193245,750.8470426592539,459.1213649911806,858.940211706009,6.412768834294912e-05,-0.0616373614137653,96,69,97.77451399323218
5833,828.2549277544035,155987.76391992654,75324.43978137826,76381.25178357397,2229.6371346289525,733.1055352085095,452.67047224839916,858.1422002274194,-9.873218268541404e-05,-0.0870084933442855,96,69,97.77368770415032
5834,828.2716995491193,156021.32292536146,75326.92797404368,76379.97998172561,2183.873128779931,711.5114016416774,444.30025390788796,852.3988498195831,9.519580292551693e-05,-0.0992669183440741,96,69,97.77287497040476
5835,828.275472035029,156006.39072081787,75313.75301987474,76413.15796880027,2127.217848555185,686.1375912823132,433.49765145248966,844.4986862306541,-5.488788739366314e-05,-0.1076202789690004,96,69,97.77207584289454
5836,828.292006247701,156013.6582960858,75304.70117534972,76389.91895943199,2061.730333872605,658.9668555180106,420.90962238478824,833.0094784029061,-6.618386445644537e-06,-0.1145327935954609,96,69,97.77129037173944
5837,828.2948370906379,156044.55063102033,75341.6775207862,76393.46179569724,1991.117157908564,630.1494845750567,406.30936250221566,821.3399075856141,6.55627824078405e-05,-0.1068023796621783,96,69,97.77051860627692
5838,828.3116821690176,156046.94113388634,75316.58015632111,76386.05694181177,1917.635347123025,601.9049249179516,390.54009968825267,808.0342414386978,-9.917672439922786e-05,-0.0993916201498261,96,69,97.76976059505928
5839,828.3154289715237,156076.1351065339,75319.64279483148,76391.97194345575,1844.1300072054146,574.309430838839,373.33354179761955,795.6205686384346,9.447816255578132e-05,-0.108933547752611,96,69,97.76901638585078
5840,828.3318963342857,156073.0224691598,75333.11157822578,76380.79139349081,1771.8821270155604,549.3294998798374,355.534713480185,781.6881997851597,-5.3285373652974e-05,-0.1195809911294409,96,69,97.76828602562485
5841,828.3347535061885,156076.4330923791,75321.91143963148,76382.33243781554,1702.2709755495307,526.407793767823,336.99975691884174,767.4548770391848,-8.486683418547517e-06,-0.1052772296199067,96,69,97.7675695605616
5842,828.3516677365401,156090.24044120804,75302.99300080587,76360.43942837103,1635.53747406177,506.68543490493903,318.9323103452334,750.0821146170492,6.697516054561123e-05,-0.102415843342933,96,69,97.76686703604486
5843,828.3553788208656,156120.42355521178,75343.24479927855,76393.46807818425,1571.9882942249533,488.3415063010325,301.44815776718315,731.0392467597558,-9.958765516138527e-05,-0.101418693665994,96,69,97.7661784966597
5844,828.3717837860746,156157.69884391068,75350.83934806703,76355.70659091965,1511.41458808491,471.4513576889585,285.88049112304,708.8572462071024,9.37290002763122e-05,-0.0966285530698343,96,69,97.76550398618978
5845,828.3746774369873,156150.12014689128,75351.78326415624,76390.74575639154,1453.6344355210313,453.6135911736055,272.1255948304606,686.1764758526697,-5.166560314979221e-05,-0.0977681697091175,96,69,97.76484354761476
5846,828.3916551337165,156184.6096104896,75324.4446089832,76391.27901387503,1398.5802004019497,435.23719782759144,260.9882923407713,662.8111669383361,-1.0351307509871877e-05,-0.1043060266947272,96,69,97.76419722310804
5847,828.3953212659868,156210.38276798063,75342.4036735577,76369.95901820723,1346.0001181191183,414.74778339227487,251.42237569543067,641.6488488987379,6.836435669167531e-05,-0.1145386566238931,96,69,97.76356505403407
5848,828.4116697057949,156258.15737157894,75325.5033631072,76394.55268817962,1295.9472790925647,393.9477001417108,243.33925110392738,622.1951289104472,-9.996485121974392e-05,-0.1262002876677297,96,69,97.76294708094584
5849,828.4146091610312,156239.422171187,75326.38939201496,76392.86224427717,1247.6850892002694,372.65938635973725,235.13356676336844,605.6787516135955,9.294858241752246e-05,-0.1353456104317062,96,69,97.76234334358269
5850,828.4316431875407,156265.96453289656,75336.90647879388,76401.19315939717,1201.0301616562065,353.7676296464051,226.83546487573767,590.0890297180449,-5.002912896232382e-05,-0.130565332477265,96,69,97.7617538808682
5851,828.4352561721988,156265.43674380129,75344.6720626573,76385.09099929221,1154.8466489209095,337.1512021592498,217.4359762519889,575.0568403685756,-1.2211631933291128e-05,-0.1339464689367533,96,69,97.7611787309076
5852,828.4515552159457,156286.8152082952,75326.58465894572,76378.78943670836,1109.4114134042175,325.0823917617963,208.001785561617,558.2890191950428,6.972991267575147e-05,-0.1323019194060446,96,69,97.76061793098545
5853,828.4545487949165,156271.38931975796,75315.26180523192,76396.41176855468,1064.2939429709222,316.1925011033454,198.49875134209287,539.6099116171827,-0.0001003081999877,-0.1339937174636726,96,69,97.76007151756389
5854,828.471630694503,156362.19152048696,75332.52414333168,76363.23956132363,1021.1070793534745,311.27095099250437,190.57832728902576,518.2243134493765,9.21371854145805e-05,-0.1445366760581805,96,69,97.75953952628004
5855,828.4751835910246,156380.2397266374,75331.36673157185,76381.90040935234,979.9871684554964,307.21341910513,183.98794749352965,495.11223552783486,-4.8376510301527975e-05,-0.1299033532440999,96,69,97.75902199194432
5856,828.4914414347286,156357.08941391518,75346.82192334668,76370.52181910964,942.6005942199845,303.7410720712069,179.68889531862806,470.77663125414983,-1.4067031689311666e-05,-0.1357394489367445,96,69,97.7585189485382
5857,828.4944962861961,156421.30404839275,75321.27439452111,76381.65446453694,907.8001874192269,297.5777013933548,176.44356592572876,446.24348367532366,7.107137874454873e-05,-0.146089412497117,96,69,97.75803042921206
5858,828.5116164586374,156420.61035031363,75349.66395704227,76393.93785199539,875.6727058345568,289.34193402159144,174.30240533623146,422.02159618906444,-0.0001006176005076,-0.1393102159668007,96,69,97.75755646628356
5859,828.5151037391249,156469.7417366788,75336.88933597674,76400.70370139946,843.0558093062718,277.0819941613008,171.2446380640322,398.13239423395135,9.129509626237389e-05,-0.1446805228993412,96,69,97.7570970912356
5860,828.5313294852807,156444.2087697771,75322.4853065376,76373.24738193075,809.2493675405276,263.2190666457318,167.1695135049231,374.7108440877928,-4.670831095683509e-05,-0.1487729038208677,96,69,97.75665233471418
5861,828.5344513561413,156508.53767305033,75320.82151531945,76406.23868448072,771.3095666610752,247.3881001789414,160.55581621304736,351.1027095351019,-1.591688345794781e-05,-0.1366847020647431,96,69,97.7562222265273
5862,828.551599416243,156530.67482330505,75329.7960413002,76394.64290649895,730.3123645029846,232.97441271493153,152.43466956718476,327.70623205194715,7.238831322082891e-05,-0.1462290525566418,96,69,97.75580679564244
5863,828.5550168300857,156547.61397286842,75332.15036580226,76395.31736508866,685.0846955630695,219.2942127569695,142.51288270720397,303.48601251028595,-0.0001008929633998,-0.151381595353029,96,69,97.75540607018522
5864,828.5712207469742,156583.60351169328,75343.86679419936,76381.7836637868,638.5071528452099,208.6727365356346,132.92462581631844,279.1579013260489,9.04226122673721e-05,-0.1517793458310251,96,69,97.75502007743772
5865,828.5744130257435,156599.4320836714,75323.59065393619,76404.90284953397,589.68146158749,198.638344095074,123.64523438163451,253.31874294788577,-4.50250996936324e-05,-0.1686421815916357,96,69,97.75464884383672
5866,828.59157952452,156631.55968588148,75345.09535722127,76382.59495143233,540.4768025893718,189.42620058835018,115.93235803671996,226.9040236287401,-1.7760566359917575e-05,-0.177258532086631,96,69,97.75429239497257
5867,828.59492142707,156644.90891997973,75335.36682514477,76383.04945456094,487.1080953851342,176.3803760043229,107.71624146174872,197.8911291398399,7.368028279259065e-05,-0.199087607332132,96,69,97.75395075558676
5868,828.6111202155798,156701.66351708956,75355.1653251944,76401.30150009254,428.8316958533251,158.77835473827145,98.18616591481259,167.75546594298794,-0.0001011342106711,-0.2013827245732524,96,69,97.75362394957152
5869,828.6143715732214,156741.34740800032,75338.67051908368,76396.28833601193,360.28368400328327,132.69064673576213,84.17209176250617,134.88725561869796,8.952004034394373e-05,-0.2058137980341156,96,69,97.7533119999675
5870,828.6315838182951,156717.1776296059,75319.12184830633,76377.45889943531,282.36691154231085,100.27492878699559,65.7382845171669,102.30963482044172,-4.332745070841275e-05,-0.1828953029587664,96,69,97.75301492896295
5871,828.6340689532702,156801.1079799768,75357.2541779713,76390.08229451929,194.75092241546372,62.189149882120546,42.65747359464876,69.14244010119,-1.959746168177517e-05,-0.1648562274387995,96,69,97.75273275789226
5872,828.6509360395185,156846.95700153572,75333.36178151483,76384.78327850756,108.4812718044268,27.154395477002254,20.004486097983317,40.588304367498495,7.494686314643464e-05,-0.1660514487625063,96,69,97.75246550723443
5873,828.6544156975749,156813.8780872534,75348.24110836817,76406.28855992798,35.71131483028876,2.109308300423436,2.816878283803817,16.678079154371517,-0.0001013412757697,-0.1729842787938215,96,69,97.7522131966122
5874,828.6714542985292,156868.97451207452,75351.58163508515,76382.58723753657,-0.0,-0.0,-0.0,3.4017153464374132,8.858769821657413e-05,-0.1781208157088942,96,69,97.75197584479046
5875,828.6739878354456,156881.29443106844,75318.92530112775,76374.32716582506,21.325349841208663,28.099261544717592,17.315988924150588,-0.0,-4.161594230938039e-05,-0.1884946002306703,96,69,97.75175346967548
5876,828.690885646377,156867.32079359304,75332.29137006789,76387.32350084669,123.25969257525867,95.00940492740483,60.578827300225385,12.063659340696177,-2.1426953351580183e-05,-0.1976814137653375,96,69,97.7515460883137
5877,828.6944025957606,156813.23355113776,75345.75891047844,76387.20208494659,314.30388068332104,198.54434642115666,128.5243020488124,36.582173215720104,7.61876385034733e-05,-0.1966809729651967,96,69,97.75135371689043
5878,828.7113509092958,156776.87762377216,75330.40119378344,76372.34037062128,596.7208130314248,334.81897809394286,217.7124672184582,77.03253788786242,-0.0001015141037103,-0.1954846146697643,96,69,97.7511763707293
5879,828.7138880866443,156763.40103986158,75336.54077127618,76400.8552123586,951.7585519249551,489.2584029571299,317.84462939715013,127.57396063013584,8.762591280518482e-05,-0.1894632977490293,96,69,97.7510140642907
5880,828.7308600903128,156690.3566816606,75328.83488487006,76389.5823829028,1355.9572338669095,649.2996702412347,419.409163885779,190.38649207446724,-3.989115723938644e-05,-0.1875453690469949,96,69,97.75086681117163
5881,828.7343674567792,156623.3533290989,75347.33398366987,76390.206590697,1771.4984283927479,797.0498969374603,510.34295060257136,257.5313111364376,-2.324842785438865e-05,-0.1896169661920459,96,69,97.75073462410442
5882,828.7512580800582,156537.3312772479,75324.69970830002,76393.35180833003,2167.442520206503,922.7901136108849,584.1412754255725,330.16160585239413,7.740220154384203e-05,-0.18594712375536,96,69,97.75061751495592
5883,828.7537775867793,156479.04055043356,75332.52377830428,76365.03244878071,2510.5847876726766,1016.416976065666,635.329076750073,399.58108365911175,-0.0001016526515058,-0.1552584361360377,96,69,97.75051549472668
5884,828.770857602986,156418.45124303867,75350.5416659104,76378.85523543123,2785.0425200895406,1078.6026186733943,665.4910104122973,468.23181017674506,8.663502128343656e-05,0.0244698622742815,96,69,97.75042857355044
5885,828.7743050291266,156349.48560692047,75325.65007151495,76400.18306932061,2977.589582432527,1108.8466074499447,676.067465097949,528.1122735053359,-3.815368269354243e-05,0.2781594223711272,96,69,97.75035676069336
5886,828.7911875824616,156325.08549942315,75319.74145532445,76397.1509974139,3093.342506863002,1114.9712298535887,673.0789438500069,583.3339888377523,-2.5061275058495718e-05,0.0547989163073939,96,69,97.7503000645534
5887,828.7936363741419,156266.33583828795,75349.008719841,76391.65084015312,3137.162394654297,1100.5832115904632,659.6837659305893,627.5371629873116,7.859015490927286e-05,-0.4948775251626564,96,69,97.7502584926601
5888,828.8109166227141,156199.753705828,75312.8114245855,76410.74494783663,3127.5852370800567,1075.0341553188919,641.6705231772648,667.6996278994484,-0.0001017568871,-0.3593076778405986,96,69,97.7502320516732
5889,828.8141278647313,156187.1718151434,75325.24719382737,76394.54384883563,3076.3655399346026,1041.1267666183267,620.6697704176477,698.5758085220587,8.561536993243096e-05,-0.1739663519984389,96,69,97.7502207473832
5890,828.8314613439617,156171.76914410212,75325.54536226374,76363.50413690624,3004.0303821865236,1006.5044313682592,600.7775775192567,728.3914223568572,-3.6404109620368256e-05,-0.2645404127824964,96,69,97.75022458471044
5891,828.8341539972083,156191.1852530685,75327.76568815278,76364.78958113246,2920.4568818110856,972.0203635287035,582.1394621065847,751.9658233904047,-2.686488753736212e-05,-0.1962181163791314,96,69,97.75024356770452
5892,828.8507229822751,156107.30598826232,75336.88287273148,76385.98965278556,2841.890564278583,943.3660710746044,567.5846355478861,777.5137985958718,7.975110936050309e-05,-0.2106495207595846,96,69,97.75027769954428
5893,828.8541782134135,156103.52159707958,75337.5309473239,76395.26337195584,2772.1530622449354,919.4166769189324,556.0297932097455,798.9741617005202,-0.000101826790551,-0.2089968772613748,96,69,97.75032698253764
5894,828.8713565445319,156075.81078128703,75334.59147482015,76403.30400019744,2719.815532152774,903.3187877145247,548.797786238225,823.1294657079561,8.456731517567525e-05,-0.190075755755856,96,69,97.75039141812124
5895,828.874063745428,156081.15020935022,75320.77200400944,76392.351535685,2680.4608000229928,891.2602808011434,543.2948221028055,842.1762391759839,-3.464303303494014e-05,-0.2021525270698483,96,69,97.75047100685995
5896,828.8906490644824,156050.7317218009,75302.07060045545,76372.61651239001,2655.516559765616,884.1664310766646,539.7653972301487,862.9449344954628,-2.865866168360564e-05,-0.1894040554558431,96,69,97.75056574844744
5897,828.8941761318152,156007.23041508993,75318.03786299609,76379.66158317403,2635.085298421036,876.6497794844327,535.0524826115143,877.6108777986374,8.088468576383249e-05,-0.1849470233832396,96,69,97.7506756417052
5898,828.9112744881652,156057.67628340155,75336.81817242362,76372.42367162729,2617.4334340508212,868.9070509300509,529.3873777890403,893.0556907196005,-0.0001018623529468,-0.1851969090015055,96,69,97.7508006845836
5899,828.91395452568,156044.92347307803,75330.6169841935,76382.03126346451,2592.5774072200875,856.2863437516498,520.3261896663607,901.4045347736683,8.349122261830253e-05,-0.1810313605157721,96,69,97.75094087416086
5900,828.9305974236574,156000.74547189026,75328.49992004313,76404.23047083867,2561.814366026956,841.2137573324871,509.48642815448693,910.8916573801544,-3.287105154172462e-05,-0.1738496408760479,96,69,97.75109620664372
5901,828.9341607664659,155991.68221520525,75311.94112809528,76378.59361122397,2519.873030273069,821.8720418968151,495.9948279520031,914.3059046227136,-3.044199716027159e-05,-0.1639217337703888,96,69,97.7512666773675
5902,828.9511943437493,156003.50410649207,75325.30634112695,76395.72589113715,2473.1019229367375,803.0697372136929,482.7729376833304,920.0666980708193,8.199051387772476e-05,-0.169776734879794,96,69,97.75145228079614
5903,828.9538397353522,156046.71945035824,75308.61460793787,76382.25625818665,2421.208334970288,784.6249684995419,469.9053848738549,920.877694842522,-0.0001018635775762,-0.1510319265925735,96,69,97.75165301052246
5904,828.970560218451,156010.92006220442,75333.71532196637,76390.44660523944,2374.639160869119,771.8689554377488,460.75441043669707,926.0722884644347,8.238746715270225e-05,-0.1546757957447169,96,69,97.75186885926836
5905,828.9741356482689,156011.15818552283,75333.17505423537,76372.71897321846,2335.008111143892,763.7528055531002,455.0637477207929,928.1731318895763,-3.10887668734808e-05,-0.1477697860004113,96,69,97.75209981888544
5906,828.9911138122651,156018.5120482988,75313.15315015963,76387.79062575648,2311.694089466764,763.5298598087684,455.068285543035,935.5979940046673,-3.2214297353968014e-05,-0.1215477896199793,96,69,97.75234588035464
5907,828.9937217326631,155995.1976813139,75311.48844385183,76369.46742592697,2303.188875373802,767.9954838339181,459.10891974539845,939.9576346239483,8.306823304718703e-05,-0.115636075028143,96,69,97.75260703378788
5908,829.0105368465064,155994.78915791365,75347.20306699211,76390.76709128462,2314.269576689112,778.6399777817278,467.98714439422474,950.0147546561202,-0.0001018304788684,-0.1094557119451701,96,69,97.75288326842684
5909,829.0140987624376,156009.01604801707,75332.11806461606,76386.64445053451,2337.9364739481243,790.9321167455055,478.63032839944935,957.0320963457343,8.125643271818211e-05,-0.0944616974341229,96,69,97.75317457264524
5910,829.0310355890938,155987.76887516343,75307.35404118762,76387.1298649363,2373.2326158854994,805.3266501245089,490.54973535897443,969.0272659477196,-2.929678427924187e-05,-0.0995401058839095,96,69,97.75348093394814
5911,829.0335980264315,155982.31628176308,75355.19131239368,76395.5558940857,2409.0503044649377,817.09742218889,500.04644719616044,976.7721848563233,-3.397497001741747e-05,-0.1150347941798616,96,69,97.75380233897287
5912,829.0505319244833,155987.0548096192,75326.42248910163,76382.27763186547,2442.365999830712,827.0865140798705,506.79544901812915,988.7215893606772,8.411749239472106e-05,-0.1106167857311626,96,69,97.75413877349008
5913,829.054041364436,155980.1632246708,75320.67675296088,76404.69275126475,2462.2712374486146,831.2304231803573,507.9770356672525,995.0516640371061,-0.0001017630829472,-0.1276961195337377,96,69,97.75449022240385
5914,829.0709721529965,155955.58246561117,75349.79189637853,76376.68887491542,2467.8276109149447,830.9814068162086,504.62269548821496,1003.2163631814183,8.00985124525119e-05,-0.1775415059026831,96,69,97.75485666975275
5915,829.0734509115019,155973.65440693978,75333.35558167571,76378.22567943303,2452.633571218874,823.3306683416158,495.73400110573857,1003.0778040778823,-2.749571204583473e-05,-0.1956280798067753,96,69,97.75523809871088
5916,829.0905767341741,155987.62063489325,75342.55461012525,76388.76289789095,2421.1645504093613,810.8451696083794,484.05411159197683,1003.1378525415785,-3.572342663674432e-05,-0.218546745490426,96,69,97.75563449158808
5917,829.0938972773052,155978.55304813196,75332.48031284245,76398.72597866246,2372.032752801082,791.4262569390121,469.64879785341327,993.6719342926517,8.513795077693369e-05,-0.2632981514712965,96,69,97.75604582983132
5918,829.111132324668,156008.03924860866,75336.81993917417,76374.7369456198,2312.918246441288,768.1600793694379,455.38823704700917,983.8086182229745,-0.0001016614276728,-0.2955955539293901,96,69,97.75647209402544
5919,829.1140398374733,156012.26017335348,75323.60388761632,76393.39143657162,2244.2387964695226,739.6356576960388,440.8321684678667,965.1001504271408,7.891410832166426e-05,-0.277737021505468,96,69,97.75691326389445
5920,829.1304181140298,156060.92059240496,75319.50777964342,76394.95361607466,2173.1140998153132,709.3039653327869,427.6870663134323,947.8890164990153,-2.5686160870637925e-05,-0.2774988388206171,96,69,97.75736931830198
5921,829.1339177932759,156064.57959476238,75320.03872256444,76389.22899669019,2098.5713968262426,676.3321364974108,414.3592055038898,925.1651068299252,-3.745908357740527e-05,-0.2690906679285586,96,69,97.75784023525291
5922,829.1510588231794,156093.449390523,75351.31317730098,76385.34635836283,2025.0244817016064,644.1356348072586,401.3888413181703,907.0492245509522,8.612927660975163e-05,-0.2576803465088553,96,69,97.75832599189404
5923,829.153933335886,156125.34841393042,75311.3490529018,76409.42584721865,1949.5935438336455,611.8303492664563,386.66709859558614,885.5554605038196,-0.0001015255617985,-0.2612295637961472,96,69,97.75882656451589
5924,829.1703470804722,156117.9279995539,75311.74105072487,76384.12520133925,1875.676772007544,582.5711213984177,370.9477348776709,870.2204224404413,7.770363088528844e-05,-0.2399335123562354,96,69,97.75934192855335
5925,829.173905518652,156192.34402592393,75331.12207449756,76414.34231996918,1800.9651638404466,555.2400844675722,353.07837795015075,852.243958788371,-2.38687444583334e-05,-0.2360768667855226,96,69,97.75987205858728
5926,829.1909962045545,156154.33339242297,75330.35688115346,76410.81553561628,1729.385603878356,532.1541705183481,334.8577918361989,839.2527359438536,-3.918136114555538e-05,-0.2372113672765667,96,69,97.76041692834532
5927,829.1938147626511,156204.15865798085,75334.62394448185,76410.35538636657,1659.7514439058723,511.4696594680281,316.22442035141285,820.9737882860645,8.70911486293465e-05,-0.2332255198573804,96,69,97.76097651070404
5928,829.2102920759471,156216.314594142,75333.26463131627,76401.7599914934,1596.297232502373,494.64686671018717,299.61533574183704,805.1216360950202,-0.0001013555464179,-0.2591143952930377,96,69,97.76155077768996
5929,829.2138865945927,156235.33042111664,75340.92924640162,76411.57785787412,1537.6729333235417,479.2142322802829,285.0761805457878,782.30935795611,7.646749987926907e-05,-0.2777578984640755,96,69,97.76213970048092
5930,829.2309310075967,156250.22624294474,75333.23181982888,76404.72908779095,1486.1755447215983,465.75095987934037,274.2853407408984,760.6910858462797,-2.2044078937417103e-05,-0.269002647785838,96,69,97.76274324940772
5931,829.233692690628,156328.2502587121,75333.22160586521,76394.93277688052,1438.499774938624,451.5941479270841,266.2463775172946,731.9956239581807,-4.0889685007631335e-05,-0.2670035518455215,96,69,97.76336139395568
5932,829.2502487574237,156307.37973390333,75342.38852003132,76418.94730233257,1394.5520397744258,437.52728704213223,261.36885142186657,706.2261558448372,8.802325573918828e-05,-0.2715517861164855,96,69,97.76399410276606
5933,829.2538622464663,156367.6320693065,75320.36455540071,76399.91765456214,1349.8500563029665,421.76830725929176,257.5880510326824,676.4191289372102,-0.0001011514535411,-0.2532155692136328,96,69,97.7646413436381
5934,829.2708622581346,156400.90275031346,75352.52753285592,76393.1973033333,1303.6080891194288,405.785662728842,254.35844431762234,652.0115491127945,7.520614275968093e-05,-0.2541415141386047,96,69,97.7653030835304
5935,829.2735685266855,156419.99785272658,75355.66162218201,76399.90988095847,1252.8943589450791,388.77989206273924,249.42149200369022,625.2746103621321,-2.02127819922181e-05,-0.2485493327033485,96,69,97.76597928856282
5936,829.2902173225484,156431.1687252131,75378.96666394689,76404.13045758646,1199.1526097332244,372.70873956396827,242.6302022266318,605.0400369379204,-4.2583485233485454e-05,-0.2406249407636377,96,69,97.76666992401805
5937,829.2938302020078,156487.5873299435,75336.16518829252,76419.4222526334,1142.7508418953512,357.075813405987,232.8380107518169,582.7007635257032,8.892529658899476e-05,-0.2409702987056098,96,69,97.76737495434377
5938,829.3107921860664,156463.532549195,75343.42074595693,76407.82005616733,1087.0901088915416,343.3450238384976,221.1113743710157,565.2780908811546,-0.0001009133671297,-0.2427030793849605,96,69,97.76809434315426
5939,829.3134406305181,156513.3739300021,75358.89599885367,76412.19419592789,1033.9132881058613,330.6975578148413,207.71074927397422,543.527931537159,7.391999570481045e-05,-0.239821573699407,96,69,97.76882805323255
5940,829.3302011883899,156551.2963312567,75366.84065674982,76393.9008350176,985.6172869671136,319.920201976347,194.61950531511684,524.8514528016676,-1.837547397911541e-05,-0.2346190786331193,96,69,97.76957604653214
5941,829.333783962965,156564.92864979096,75340.072445012,76403.4137935843,942.3890730969142,309.7566517584055,182.54615318699507,500.63527334600803,-4.4262197411764565e-05,-0.2425374555671736,96,69,97.77033828417936
5942,829.3507291713005,156574.50599733784,75332.63588669863,76403.26720025938,903.8238675906323,300.189553891556,173.0311676497513,478.0723027048807,8.979698016994897e-05,-0.2256354458150492,96,69,97.77111472647512
5943,829.3532980862001,156627.18087935564,75361.27177016485,76414.17305843982,868.5328138115583,289.8024298008677,166.0363999660476,449.3096468770527,-0.0001006413819621,-0.2167802404590303,96,69,97.77190533289723
5944,829.3702194531628,156656.74902734935,75366.57752879967,76412.61964789178,834.5231058933423,278.5242236608319,161.90836125405622,422.5962392183137,7.260950292810581e-05,-0.2211275619439491,96,69,97.77271006210246
5945,829.3736847157786,156667.89339411678,75344.93141507084,76428.693069023,800.6602189330733,265.7523800322233,159.57333352646674,390.74495849374216,-1.6532776760395595e-05,-0.2060026648327631,96,69,97.7735288719288
5946,829.3907799636387,156727.09671570847,75363.4595291617,76403.7961456662,765.1470122391474,252.23161671651178,158.35796910637873,361.51414449317963,-4.592526254551306e-05,-0.2080114495737004,96,69,97.77436171939765
5947,829.3939312883714,156747.83954551234,75352.57740013624,76423.42963016905,728.2942549524596,238.61342090131075,156.79967701801797,328.0685639347357,9.063802616188908e-05,-0.2050401387803023,96,69,97.77520856071604
5948,829.410119595052,156802.98319063277,75347.83948059761,76396.68067320458,688.7507858385216,225.9091471384454,154.03840860398486,297.69804956475855,-0.0001003356047051,-0.1895279824256092,96,69,97.7760693512794
5949,829.4136656591243,156826.76559582754,75363.87673156509,76436.85512412772,647.5623507344862,214.42595170431014,149.01718701954815,264.089400692028,7.127511696410989e-05,-0.1890492014033189,96,69,97.77694404567332
5950,829.430740690842,156826.77815787678,75357.0748335818,76406.42690646279,602.4836814408773,203.31829915969865,141.2421147726127,233.7819587488775,-1.468531352854025e-05,-0.1793625871950575,96,69,97.7778325976764
5951,829.4338093078094,156882.62242094643,75363.62116901843,76429.14091170112,553.7557245924836,190.8287138685846,130.22403086462873,200.15493395825615,-4.757212693331821e-05,-0.1623196906798255,96,69,97.77873496026272
5952,829.4500518464996,156949.28710610472,75350.79833909462,76433.3583777059,496.5066232273821,173.8657915892545,115.6378038120456,169.77226138027618,9.144816473247297e-05,-0.1441944776749522,96,69,97.77965108560414
5953,829.4536414704924,156963.80678042016,75358.9979416515,76413.69758712569,429.58097755309427,150.2157475915592,97.29920681237127,136.90541147533804,-9.999615293830576e-05,-0.1455822236824319,96,69,97.78058092507288
5954,829.4706967947476,156994.7692320841,75367.98943560857,76428.36318616185,347.9913612205419,118.26769196990062,75.27744741880451,107.74248309535324,6.991729761849813e-05,-0.1510559990637907,96,69,97.78152442924448
5955,829.47368444243,157024.5718101478,75365.06857951097,76428.15331255694,255.5054274913855,80.48588426540664,50.914988738601096,76.8335648139182,-1.2833709047214916e-05,-0.1616873381871059,96,69,97.78248154789992
5956,829.4899921105113,157035.06245855524,75374.29702737287,76408.63213593225,155.65751906478545,41.57319914246909,26.7559289689234,50.93712120622513,-4.920224243930208e-05,-0.1701896714205266,96,69,97.78345223002896
5957,829.4936182912219,157074.23974166214,75382.19057790538,76441.93156115398,65.9690462105209,11.372532056630007,7.806506404798711,26.173577528446913,9.222713567249304e-05,-0.1588541178761686,96,69,97.78443642383208
5958,829.5106453847739,157120.97784579938,75381.38370081417,76406.59217136844,4.266907352081034,-0.0,-0.0,9.656451832037419,-9.962315578225343e-05,-0.1502578323170925,96,69,97.78543407672412
5959,829.5135587209663,157097.70322700124,75362.9238578692,76432.53184390641,-0.0,19.409927606364363,10.449175673071295,-1.5522975033090916,6.853651296730575e-05,-0.1529930621815632,96,69,97.78644513533646
5960,829.5299404759188,157115.0559936202,75352.8745425597,76415.01454301644,72.67687539278995,75.91267169559433,43.90973603556631,-0.0,-1.0978589210536677e-05,-0.1424329826225413,96,69,97.78746954552008
5961,829.5335945685754,157106.18145711996,75347.45709426883,76432.88246448636,242.50985264143674,172.76460702357872,102.98063343713875,11.635602276190184,-5.0815067170048936e-05,-0.1361266056282222,96,69,97.78850725234864
5962,829.5505870728543,157070.93999172267,75368.50592094066,76429.02991470313,507.2044764504535,303.4942400165892,184.73110476325382,38.80818839051062,9.2974690507392e-05,-0.1328728580106439,96,69,97.78955820012122
5963,829.5534324518594,157043.39930235207,75368.40366917061,76424.82912555346,858.4136757647502,458.3444450860843,283.1604150875064,76.91301216758438,-9.921675386461272e-05,-0.1306937846135417,96,69,97.79062233236549
5964,829.5698979286012,156982.43399294012,75370.08160396235,76432.1580307012,1262.7772480277345,619.9862661681545,387.6085701210541,128.66357300974778,6.713323841853959e-05,-0.0111821650998445,96,69,97.7916995918407
5965,829.5735679426758,156955.32595254752,75386.31164021888,76425.92382684522,1688.8715975741507,773.8905019216472,487.896924023662,187.25209468093817,-9.120580876176268e-06,0.2698352149256754,96,69,97.79278992054051
5966,829.5905233895795,156880.71383525134,75348.37338357336,76422.65664398692,2092.529734145559,904.4518609920051,573.43813504024,252.37506639229832,-5.241006513780578e-05,0.2746034717796704,96,69,97.79389325969656
5967,829.5933051198215,156792.2105942443,75358.83768833833,76423.99796453441,2447.0198534473893,1005.0278146298369,638.487331665121,316.1092268471257,9.36905912242779e-05,-0.281156358567858,96,69,97.79500954978153
5968,829.6098662728641,156732.1735027179,75331.40777699526,76418.68932641752,2723.691732192179,1070.4686294824933,679.3005894313974,378.07553605901194,-9.877709835737808e-05,-0.4218295858876399,96,69,97.79613873051186
5969,829.6135347719749,156693.15381253205,75349.09691286455,76428.89766517139,2919.646780714742,1105.0914358207228,697.9268394790415,432.23964625032386,6.570795651124263e-05,-0.1249767670365846,96,69,97.79728074085152
5970,829.6304578569675,156654.5782361939,75364.77312158445,76417.20923510735,3030.862344867375,1112.0700137962122,697.1217657038214,480.08775432169205,-7.260311280432657e-06,-0.1566327481782359,96,69,97.7984355190154
5971,829.6331734938207,156598.05972822334,75329.85333028986,76419.0169092348,3075.377475849178,1100.6250374348456,683.1710403032193,518.7528039308672,-5.398670640664916e-05,-0.1419248281373922,96,69,97.79960300247224
5972,829.6498513922659,156591.66533017094,75355.17434136302,76416.71402479146,3061.3102477839566,1074.7399702881958,660.0548534977424,552.1767297394399,9.437460983881058e-05,-0.1131110595416584,96,69,97.80078312794808
5973,829.6534837991622,156572.16654678408,75356.35423936539,76420.82103364333,3012.272360361414,1042.5314599021804,633.3558812393603,579.5005333184381,-9.830435246272348e-05,-0.1292642039716905,96,69,97.8019758314298
5974,829.6704129305007,156519.92607493492,75363.6605777247,76405.03632220614,2935.7936677741236,1005.7993345820141,605.1181558666867,604.6103719799721,6.426115748649308e-05,-0.1110969402172318,96,69,97.80318104816874
5975,829.6738187626996,156497.2557184845,75325.69139111048,76401.23801870379,2851.4068951145746,970.5584474723291,578.856055856988,626.5330063998699,-5.398408364529923e-06,-0.0948560789738494,96,69,97.80439871268378
5976,829.6898331047444,156477.3498170374,75367.84761800934,76408.6888463563,2760.8169187908643,936.6003424667288,554.8112789979641,647.7632607294072,-5.554446788205213e-05,-0.0871140697313062,96,69,97.80562875876518
5977,829.6934185906529,156472.32799518754,75342.13008903129,76423.16154463355,2677.915944404376,908.1565096652048,535.2256494429603,666.588118489919,9.502653025049856e-05,-0.0873895696477404,96,69,97.80687111947805
5978,829.71040820402,156460.60321612377,75357.0512305073,76414.79838230842,2599.5095826280885,883.132910976914,519.275636258215,684.1405484908319,-9.77986894777432e-05,-0.0813281038616908,96,69,97.80812572716604
5979,829.7136835767426,156439.84702463652,75340.18323561126,76416.2677764748,2536.009326294472,864.1067579499213,508.26060586824315,698.184820735245,6.279333798629598e-05,-0.0728361613914444,96,69,97.80939251345482
5980,829.7297682832466,156429.33841375314,75347.67299264518,76410.64992197703,2479.463590111467,846.8694654215797,499.96251567447325,709.4879621807777,-3.535500477781508e-06,-0.0773474719393076,96,69,97.81067140925629
5981,829.7333816967332,156424.27325598546,75362.51508111898,76417.78801273994,2435.5968278149376,832.3870866121142,494.33994318556506,716.6073002265766,-5.708283256288096e-05,-0.0564675549100983,96,69,97.8119623447714
5982,829.7503812379395,156405.94034513843,75335.79248711719,76431.68619137416,2392.8035375635372,815.848338757758,488.30110183998477,720.8507082911092,9.56461464449248e-05,-0.0495763045771282,96,69,97.81326524949468
5983,829.7535559624797,156409.14214636933,75340.99559420472,76406.89274205542,2355.4295325505664,799.066958391646,481.88740032035275,722.0971685388649,-9.72602944656938e-05,-0.0499975086684438,96,69,97.8145800522181
5984,829.7697024849896,156419.0538865564,75332.88929734277,76406.9148924731,2311.540765695914,778.679610578125,472.7732540318684,722.6198324949073,6.130500232159352e-05,-0.0321329685094349,96,69,97.81590668103436
5985,829.7733538273282,156431.8173932793,75324.12164011215,76419.86995813405,2267.544770986482,758.5712766840588,462.51922259066487,723.3959471197159,-1.6722158702308855e-06,-0.0258962101382142,96,69,97.81724506334086
5986,829.7903418673153,156402.8500028708,75343.13408420245,76416.75910439432,2215.9971890663146,737.5644252380298,450.6798926591582,726.4506923777226,-5.860129085126976e-05,-0.0374573071143124,96,69,97.81859512584433
5987,829.7934303440933,156417.89115778994,75353.75313090211,76403.46694106399,2168.8032941622077,721.1243091091601,440.47176834306447,732.1881628014671,9.62332639417206e-05,-0.0247016801395191,96,69,97.819956794564
5988,829.8096407572204,156405.62978588327,75343.50077728802,76408.93054524969,2122.068719850504,708.0125941261649,432.04127203740063,741.1100132614374,-9.668936309184752e-05,-0.0225068867568846,96,69,97.82132999483592
5989,829.8133303947214,156392.7860025378,75309.10945498454,76383.99283597563,2089.2914461396867,702.4244712204381,428.1449113797571,752.3463161985273,5.979666076590496e-05,-0.0158539914160953,96,69,97.82271465131709
5990,829.8302924863914,156355.32389266457,75340.33463222203,76398.93403340217,2066.521517897083,701.3635356935847,427.7229814164457,764.8690695477126,1.9081748259863647e-07,0.0057531241430286,96,69,97.82411068798945
5991,829.8333057331488,156388.44512537358,75342.95473416771,76418.8422041936,2064.8601251292275,707.2086313237232,431.96676269939053,777.3883173635986,-6.0099339288880975e-05,-0.0018423373633747,96,69,97.82551802816371
5992,829.849585031292,156328.0918903566,75342.81371475267,76412.49624445125,2075.071912958985,715.243446165463,438.20289053948363,788.9266961906396,9.6787698968877e-05,-0.023345869754997,96,69,97.8269365944842
5993,829.8533087952643,156348.86928228094,75349.86105125493,76422.97737349682,2102.1095341516193,726.8631162236561,446.5454767383344,799.2873613185948,-9.608610210646911e-05,-0.0197613459610715,96,69,97.82836630893236
5994,829.8702342233547,156325.4998158287,75345.79375417401,76398.31638922548,2132.053691983456,737.3851231925073,454.076974466705,808.4200689718709,5.8268830382074806e-05,-0.0374657277098882,96,69,97.829807092831
5995,829.8731822169369,156339.83990339632,75339.97819342391,76389.4063691783,2166.6253651579027,748.5254230244609,461.20691888104193,817.2439819239662,2.052971786502825e-06,-0.0708432823947469,96,69,97.83125886684944
5996,829.8895362793778,156322.57543334953,75366.78370861502,76390.87268683854,2190.239103103406,755.657009833114,465.4810888838838,825.8950430077966,-6.157648222651026e-05,-0.0899540220600237,96,69,97.8327215510066
5997,829.89328700659,156286.31101119745,75346.43182733134,76399.63880328441,2205.5290987563785,760.4430030557705,467.83562300918857,835.0647188278963,9.73092788840622e-05,-0.1112626639749371,96,69,97.83419506467604
5998,829.9101679353862,156332.1985211354,75345.74549254723,76429.23889860572,2201.1677926325356,758.6221379631315,466.40591720779776,843.733606885391,-9.545072884146514e-05,-0.129707238516967,96,69,97.83567932659032
5999,829.9130602139351,156283.90428544476,75323.08451959603,76391.24194559875,2184.8296963847242,752.2683393578773,462.4204121022485,851.582525519887,5.672203467402294e-05,-0.1251815616703565,96,69,97.837174254845
6000,829.9294950525908,156262.7080921133,75333.33736352118,76394.59593685278,2149.576267523924,737.7091680179146,454.0395585320075,856.5443255752325,3.913619592486893e-06,-0.1234532783946926,96,69,97.83867976690358
6001,829.9332631964718,156300.78816835288,75345.85641353377,76388.34902714154,2106.1987206852064,717.9939256480138,442.52246792038204,858.1915067087393,-6.303223055527389e-05,-0.1308171959444995,96,69,97.84019577960156
6002,829.950094541207,156280.21892231554,75346.1452868432,76391.87343982072,2050.1528548409115,691.1600337451673,426.4756386659574,854.8804295690206,9.779784242210608e-05,-0.1228823146280622,96,69,97.84172220915104
6003,829.9529401722996,156282.90314829265,75335.83571114716,76376.02377428672,1991.9371725836536,661.7210525981209,407.7608563892718,847.4940704233595,-9.4783471599738e-05,-0.1075053649226269,96,69,97.84325897114572
6004,829.9694617167702,156302.88757005316,75321.071283893,76407.17494412535,1925.0562923870166,628.803869532625,385.7769837200176,835.6236690047372,5.515680343548559e-05,-0.1104819217767404,96,69,97.84480598056454
6005,829.9732355505561,156337.04271193253,75320.55689491169,76409.42572830668,1857.703436544456,597.3957366739196,363.2191160352668,821.3812088892446,5.772134731260796e-06,-0.0934055193859988,96,69,97.84636315177718
6006,829.990015181641,156345.6610657137,75362.1930939254,76420.69630831915,1782.9747071510646,566.7798784991028,340.3221988657315,804.8071092540049,-6.446610359823957e-05,-0.0948324170347667,96,69,97.8479303985481
6007,829.9928224191419,156347.5978983234,75322.40741450367,76392.29626872954,1708.7382410297869,540.870920613248,319.9151108796941,787.9583612647257,9.82532393398156e-05,-0.0989038302783893,96,69,97.84950763404191
6008,830.00943651609,156377.227362972,75348.93330866576,76387.60134543004,1628.644361609884,517.2389731458679,301.708425044606,770.0463304354053,-9.408456914402626e-05,-0.0982275552902697,96,69,97.85109477082702
6009,830.0132023798809,156375.2341331531,75352.90074006077,76387.21957084828,1551.4467922187177,497.7981995349255,287.39524516818346,752.346942081902,5.3573671919288645e-05,-0.0997643635801352,96,69,97.85269172088113
6010,830.0299308169217,156401.42818683188,75360.00738673436,76414.85503032358,1472.7891150666983,478.9261741960945,275.491866929573,733.3541283337108,7.627891636858644e-06,-0.1225005810792636,96,69,97.8542983955962
6011,830.0327083032014,156429.8782779007,75348.87223710012,76429.85940929924,1401.480075221276,461.596270193244,266.3322273105441,714.0874924517993,-6.587762746853504e-05,-0.1224224302167684,96,69,97.85591470578244
6012,830.0494161535564,156431.53216349086,75337.81424611375,76395.87541693558,1332.452946751495,442.2456858194928,257.55108103185194,692.879916965845,9.867533053870856e-05,-0.1172141479552257,96,69,97.85754056167396
6013,830.0531750692357,156494.45354915463,75366.80472600425,76393.84235146476,1272.6822950816131,422.53438236779766,249.180638666905,670.9126334183966,-9.335427062260206e-05,-0.1251435152741541,96,69,97.8591758729329
6014,830.0690807878445,156495.14540379343,75354.76754185185,76432.91645936621,1216.222192041576,400.583074024471,239.4963204950036,646.6514993653982,5.197318165831386e-05,-0.124933025431219,96,69,97.86082054865491
6015,830.0725440044254,156522.4201089004,75355.79035081009,76411.2094724032,1167.0869037372177,378.98492480121786,229.26516611978877,621.3277207930805,9.480266182960716e-06,-0.1349542143543727,96,69,97.86247449737378
6016,830.0894590949898,156526.19209170234,75352.33087256894,76440.76314094062,1118.1869984059595,356.9317522821075,217.94264736876357,593.4891754165001,-6.726633587452791e-05,-0.1444033372839603,96,69,97.86413762706654
6017,830.0930381140921,156562.0549976237,75354.91393801173,76409.0639651271,1073.0947631743038,337.34078198776115,207.284809210425,564.8135006655939,9.906398858566228e-05,-0.1390554102730554,96,69,97.86580984515824
6018,830.1090091715364,156628.29634284743,75329.67926729094,76407.65556496114,1025.822941559134,319.3464624830958,197.45643362920964,534.3973966068006,-9.25928362900986e-05,-0.1651628863426917,96,69,97.86749105852716
6019,830.1124857303278,156612.94099698187,75375.56183000373,76434.98084786613,980.4018919667578,304.785619185277,190.04838934875443,504.52097467237036,5.035587964778655e-05,-0.1898357170437256,96,69,97.86918117350984
6020,830.129455907228,156672.35265358674,75351.8056246332,76423.13534260665,932.8431281542871,292.0098874968535,184.6537243318162,474.74319290858693,1.1328635694685231e-05,-0.1902644801857095,96,69,97.87088009590587
6021,830.1329196215664,156687.2595136025,75351.03595896035,76399.45776057277,888.0433923311648,281.7806406042946,181.57818154466804,447.5102768386423,-6.863177128998564e-05,-0.1811823485211705,96,69,97.8725877309836
6022,830.148926125391,156724.32582318303,75343.89152268322,76403.07970318249,842.7241020553629,271.986764080124,179.09178364093532,421.97899914262234,9.941909700529584e-05,-0.1867173089128579,96,69,97.87430398348454
6023,830.1524451379037,156727.72437206804,75371.04816702563,76429.63805336236,800.200381250761,262.83905881171813,176.20782191262697,399.687240838015,-9.180053613556926e-05,-0.182664640209075,96,69,97.876028757629
6024,830.1694378994567,156759.01406192436,75358.8288559618,76421.86947396,756.6854718229733,252.8003963492083,170.99670747332857,378.753874791204,4.872231817174538e-05,-0.1815229268624942,96,69,97.8777619571211
6025,830.1728033340661,156778.1552187481,75345.25815700095,76435.76800045872,714.2342909633298,242.6235563735827,163.0540624121786,359.76001821333193,1.3172378624940606e-05,-0.1907984914723013,96,69,97.87950348515402
6026,830.1888429909308,156803.53994362918,75338.99473452716,76409.1766186249,669.6303683737642,231.88900778023526,152.06669660587795,340.1582154985517,-6.997348341906086e-05,-0.1868470948618938,96,69,97.88125324441552
6027,830.1924142749982,156804.52109027875,75361.04418543856,76393.75785932384,625.1716801886214,221.6760977756494,139.24064861863735,320.22358995853574,9.97405506408292e-05,-0.1789305635147136,96,69,97.88301113709234
6028,830.209409376752,156825.3465690852,75367.4007294496,76424.36173715275,580.1358100125217,211.95503026818915,125.805575797247,297.7394932716561,-9.097765086007072e-05,-0.1905802413525351,96,69,97.8847770648768
6029,830.2126864222355,156856.27404504863,75379.3855874841,76412.73106564187,537.624574849382,202.88905079504184,113.31457478681114,273.59060527104884,4.707305517976404e-05,-0.1944449732552229,96,69,97.88655092897088
6030,830.2287633159311,156890.6474111521,75352.12895105184,76419.7710206454,497.38015257153893,193.43423795299896,102.51521853840677,246.27424710293417,1.5010876008441003e-05,-0.1910476017320064,96,69,97.88833263009244
6031,830.2323899177266,156939.9818183184,75365.9050732109,76415.40676944409,459.3241404138971,181.87847622617846,93.26371932862094,217.08745651488425,-7.129103069112509e-05,-0.1958069238416678,96,69,97.89012206847984
6032,830.2493715379221,156959.04093084906,75360.09288605054,76407.115259046,419.87114872888196,166.24953137652483,84.52613413281506,184.9427115264698,0.0001000282562117,-0.1787901920835337,96,69,97.89191914389836
6033,830.2525684373283,156962.05799340797,75363.1159971565,76440.80385172414,373.86911260004854,144.22304461328895,74.35291878713178,151.40071191627067,-9.012447108490078e-05,-0.1574360299956822,96,69,97.89372375564449
6034,830.2686888355183,157032.14132567245,75364.72708479116,76419.88520811309,316.45498147176113,115.49479886067274,61.35360221925657,116.02427945638192,4.54086530041517e-05,-0.1848308565777681,96,69,97.89553580255212
6035,830.2723700015484,157023.96665640402,75363.43881291786,76435.60425652775,244.39792416599812,80.72353073071281,44.638408680824796,81.37245269096456,1.6843510338051564e-05,-0.1917326993308659,96,69,97.89735518299788
6036,830.2893247850961,157088.90867278064,75381.38751426151,76399.01371076267,162.3625744197634,44.983592571428744,26.08345880336128,48.74616558296839,-7.258397930270186e-05,-0.1888030370963451,96,69,97.89918179490635
6037,830.2924497478282,157094.6376672086,75379.68268055629,76402.08362736324,79.98602003022097,14.468248639677768,9.01185049689957,22.335319377598353,0.0001002821311378,-0.2168500212099358,96,69,97.90101553575604
6038,830.3086205328731,157141.70635270776,75388.16567597107,76436.95544441405,18.603186563646886,-0.0,-0.0,4.711336632957682,-8.92412975300416e-05,-0.2374843686158105,96,69,97.9028563025846
6039,830.3123528755259,157159.16049522182,75372.24169880741,76399.49139555304,-0.0,10.330202305951389,5.156139386323048,-0.0,4.372967953578165e-05,-0.2280220332466008,96,69,97.90470399199432
6040,830.3292693000294,157097.6415482579,75369.99157033865,76434.20340175612,51.2976138209342,55.248665356775746,31.128398733679205,9.611711519479286,1.866966648493004e-05,-0.2484557260159877,96,69,97.90655850015806
6041,830.3323310895181,157118.6146552146,75380.79572355689,76438.85458522695,186.7460724580451,136.73598212201614,80.01885857782327,35.057137740572216,-7.38519046668139e-05,-0.2404033718905238,96,69,97.9084197228248
6042,830.3485589559851,157061.38220435756,75359.44275807272,76426.55570885283,416.3941752582905,254.55850554272183,151.81881414735108,74.74576844574767,0.0001005021050644,-0.2289237735777315,96,69,97.91028755532498
6043,830.3523370753659,156988.48027558436,75349.01054203353,76420.93490770597,727.4403759103734,398.0229071018839,240.15770515459008,127.08351444572327,-8.832844111708233e-05,-0.2329964621388283,96,69,97.91216189257638
6044,830.3692052490273,156931.99489280456,75360.31490078632,76426.02130855275,1102.0906396036153,555.880221427069,337.5984754829551,188.3531801222416,4.2036706764605074e-05,-0.2243427653307335,96,69,97.91404262908962
6045,830.372213381533,156866.36382136535,75352.20115365765,76407.40017519974,1502.972899282293,709.9361279651785,432.8733236124972,255.69166293676244,2.0488731955609812e-05,-0.1347683755565128,96,69,97.91592965897443
6046,830.3885043404524,156841.0129823687,75385.25700730125,76410.65242925745,1900.3465563642094,848.3864672951313,518.1602951068198,325.3272169146221,-7.50943901148362e-05,0.1145081520194174,96,69,97.9178228759446
6047,830.3923212462714,156727.58294637373,75367.66527695247,76422.72411925478,2256.1245487176348,957.8064057088486,585.374502240913,394.9268336745736,0.000100688118381,0.2600537201840391,96,69,97.91972217332426
6048,830.4091328700263,156664.1863912458,75357.40549649109,76417.8717521433,2552.2215847650077,1035.6490330074303,632.6427243331418,461.7698044182034,-8.738622248345048e-05,-0.220443410623187,96,69,97.9216274440534
6049,830.4120976301386,156624.02501180233,75337.26645728009,76407.16274545602,2768.5314264241024,1078.7123952041438,658.3658480300073,524.5982126579329,4.033031172436382e-05,-0.5651856958770896,96,69,97.9235385806937
6050,830.4284566670425,156539.4600482945,75366.98583549903,76400.72638154442,2909.7351789513486,1094.4723331225687,666.8094378442474,581.9183928544808,2.230009688535922e-05,-0.2535949069936296,96,69,97.9254554754345
6051,830.4323041208453,156498.0408217481,75350.60913517627,76408.30908359717,2975.2868795565446,1086.3129078706115,660.4396724927792,633.6061403827043,-7.631102820405511e-05,-0.221213923866922,96,69,97.92737802009822
6052,830.4490525118247,156460.70601341297,75336.67660619457,76415.91352052738,2985.0643927350175,1064.994409092833,645.6312922426732,679.2788808176119,0.0001008401235226,-0.2690233518083633,96,69,97.92930610614684
6053,830.4519848680543,156389.67336598595,75341.62003246929,76381.79577901641,2946.7483128848253,1033.7426313662581,624.9663317077502,719.7346908899199,-8.641497197187608e-05,-0.2091887308659957,96,69,97.93123962468712
6054,830.4684156943506,156398.87917654385,75329.23590187046,76401.41233277293,2884.6862732685404,1001.8386527237017,604.0030403920246,755.2644336518424,3.86110750418029e-05,-0.2253995939769935,96,69,97.93317846647672
6055,830.472284520362,156339.88367227922,75329.9407462148,76399.30913758987,2805.2663177658105,969.3603899474838,583.3696588587336,786.9215281343204,2.4103153865486432e-05,-0.2208168305880115,96,69,97.93512252193035
6056,830.4889646496822,156330.64443227297,75351.93610335958,76434.01328168985,2728.6445237940643,942.236207320384,566.332312508006,814.7824430860346,-7.750142018296606e-05,-0.2110279799628186,96,69,97.93707168112546
6057,830.4918761108377,156279.41309668915,75330.17624137564,76414.9689538795,2654.557943126769,917.3483333131444,551.232945565207,839.4435149339843,0.0001009580840293,-0.2074758128286569,96,69,97.939025833808
6058,830.5083809815584,156298.95537127642,75326.54193117903,76407.34929441314,2597.0829780927743,898.7606146510079,539.8842969304533,860.4367259343562,-8.541502969781736e-05,-0.2118018713699565,96,69,97.94098486939852
6059,830.5122613667055,156242.72628403618,75347.35795797495,76436.99431011254,2548.230640537513,881.5653563521628,529.5296961320855,878.124120264285,3.6879581741009033e-05,-0.1993565464730855,96,69,97.94294867699855
6060,830.5288698871806,156224.50095635006,75339.04781271859,76384.3324122238,2514.6541821508436,868.5085772903549,521.4316784590046,892.1209681420005,2.589729923769126e-05,-0.1868946531450459,96,69,97.94491714539583
6061,830.5317723231154,156220.01667725891,75332.5414374265,76383.27849594325,2482.116338335036,853.8633671384887,512.6547258530627,903.4242172027007,-7.86651763454869e-05,-0.1940441357207719,96,69,97.94689016307092
6062,830.5483519074828,156233.85906779094,75342.49204192971,76392.51031985048,2454.5535879583913,840.6930889700743,504.75838029995793,912.3171560727351,0.0001010419752215,-0.1980219578058883,96,69,97.94886761820294
6063,830.552233699334,156223.23581865383,75353.83764063819,76418.60403144927,2416.6588759644656,823.6521935469355,494.91703545942437,920.4250510534912,-8.43867449498325e-05,-0.1847132771017927,96,69,97.95084939867547
6064,830.5687689486897,156220.24410890974,75310.93889768228,76396.02583551519,2374.1362905257847,806.6520981881768,484.86864639961277,927.9926544307091,3.5136421159027734e-05,-0.1767303241337762,96,69,97.95283539208305
6065,830.5716743917534,156161.01272717625,75354.39201844436,76394.44055937111,2316.522386021912,785.8796447696077,472.2896913724544,936.2592482318869,2.7681932121095812e-05,-0.1607713797133222,96,69,97.95482548573692
6066,830.5883276884509,156214.46634648886,75295.06619383575,76405.90086015571,2257.0395831422647,767.4257995403168,459.9052865736594,944.4828026472242,-7.980191627375325e-05,-0.1603926029718858,96,69,97.95681956667082
6067,830.5922006943621,156189.56003449715,75329.63800786645,76399.42164749268,2191.5919986296212,748.8253427466116,446.2484795890632,953.1578857710701,0.0001010917834063,-0.1454690191263748,96,69,97.95881752164804
6068,830.6086626645681,156157.10713669797,75318.96063472873,76403.19944988184,2137.5478485457716,736.4629113823466,434.7237703144492,960.905752743507,-8.33304773662497e-05,-0.1232407725755992,96,69,97.96081923716618
6069,830.6115831050989,156156.23294085488,75346.20748672355,76413.32522078716,2092.5934682862717,727.4049422287062,424.4344331243774,968.4061148415203,3.338218508382178e-05,-0.1373584310324845,96,69,97.96282459946455
6070,830.6283073957158,156148.90604715783,75345.11701828611,76390.89560181297,2072.9537051087827,726.9182193147426,419.06403185173986,974.6478600265691,2.945645453176532e-05,-0.1288111989911445,96,69,97.96483349452946
6071,830.6321616846773,156160.4700529578,75353.3832508476,76407.89192096588,2070.9538265579613,730.0454969000857,417.19505111066974,981.289061279007,-8.091126880826445e-05,-0.1074731095529051,96,69,97.9668458081006
6072,830.6485519499103,156145.48132398096,75355.15830013114,76387.69431531375,2094.8122335043736,739.9417472853092,421.2796947766619,987.8463931286824,0.0001011075068952,-0.1074251341719186,96,69,97.9688614256776
6073,830.6514991385704,156145.4006024796,75346.97366369194,76401.17327673936,2129.492837532831,750.6209048530436,428.4643032702734,996.316699547926,-8.224659459468775e-05,-0.1077290679449342,96,69,97.970880232525
6074,830.6682899719152,156122.9305890333,75332.35738443957,76411.6409992691,2177.4856060969178,765.0148470284039,439.696219935664,1005.4737052232667,3.161747074805863e-05,-0.0977036984653343,96,69,97.97290211368026
6075,830.6721161808856,156134.77316957756,75324.60866874488,76396.48852312425,2219.9960828083567,776.9852413957706,450.68654265414807,1016.5440695899888,3.122027463728577e-05,-0.1079562364256236,96,69,97.97492695395827
6076,830.6884377766185,156075.85335642408,75365.65186455562,76413.19921407428,2258.49506282137,789.1969164911425,461.45497457840247,1026.9986419613415,-8.199287110911344e-05,-0.1412871558090279,96,69,97.9769546379584
6077,830.6914230479082,156068.3598748948,75353.01327118567,76400.04940296298,2277.5637925585033,795.8736455148755,467.9562946590013,1037.3277492885827,0.0001010891562105,-0.1536820226023461,96,69,97.97898505007068
6078,830.7082742448946,156124.02169126496,75352.76970387601,76428.59415947965,2283.8195100485464,800.0577447411488,471.2666409697558,1044.2138443235017,-8.113547362641974e-05,-0.1701332598914308,96,69,97.98101807448164
6079,830.7120638944065,156079.5966306632,75324.44308142381,76426.43876978729,2266.949392000446,796.2612047545408,468.7764867602091,1048.5109838833741,2.9842876603216963e-05,-0.1869632964485452,96,69,97.98305359518096
6080,830.7283211373588,156084.18637570392,75318.68338338869,76422.23033196059,2237.2767626866116,787.8029730588314,462.8894896992424,1047.2847424509237,3.297280062278851e-05,-0.1936075933703971,96,69,97.9850914959673
6081,830.7313552728984,156063.6370194334,75340.30624368429,76400.06970570482,2188.391449547431,770.4588815697789,452.24060657975497,1042.4861175419355,-8.304637304829083e-05,-0.1846557592041682,96,69,97.98713166045523
6082,830.7482589353006,156093.8021470518,75329.23905476817,76399.79061164799,2132.360887175426,748.7481314631586,439.670448385441,1031.8684352561831,0.0001010367496056,-0.1809263770436089,96,69,97.98917397208056
6083,830.7520047661422,156111.38522797212,75326.45005638107,76428.46682540046,2062.957956912811,719.4782932592789,423.55293386639096,1018.8132239923289,-7.999750368000215e-05,-0.168780049404301,96,69,97.99121831410726
6084,830.7682029972482,156140.5932073075,75352.83116837968,76411.10554969209,1990.919198190386,687.6974931012664,406.06821588857565,1001.7110317871266,2.805900365397535e-05,-0.1582531959885318,96,69,97.99326456963352
6085,830.7712961574185,156130.00597016586,75347.11081757768,76415.886086064,1910.36016497144,651.2281196053227,385.5314674206602,984.5266214080912,3.471344711749334e-05,-0.1617456710970232,96,69,97.9953126215982
6086,830.7882426505089,156155.09225072854,75354.9001812258,76418.37186644347,1831.6390874653007,615.4057203191915,364.3436879590445,965.0873415648821,-8.407142947656545e-05,-0.1585477455494512,96,69,97.99736235278692
6087,830.7919390089793,156172.71208553828,75347.70320825321,76416.1773586143,1748.8472445284715,578.0709518116491,341.4551055840275,947.2972137656179,0.0001009503245055,-0.1558658531947151,96,69,97.9994136458383
6088,830.8080842235278,156202.07434483524,75350.17265579097,76429.37448254491,1671.3979880327242,544.0754067890957,319.82037281192606,928.0471102294396,-7.883307313477097e-05,-0.1566996735392085,96,69,98.00146638325056
6089,830.8112459988752,156215.37533531003,75351.17818744668,76422.52967795133,1593.9802971967147,511.50740928042796,299.04682015479193,910.6919407073874,2.626646459455345e-05,-0.1598576448286385,96,69,98.00352044738752
6090,830.8282238482707,156209.79807696556,75356.61483834432,76406.62916528349,1524.732771651412,484.71871369284054,281.89369580027414,891.0713207340159,3.644163877062438e-05,-0.1653309575130143,96,69,98.00557572048524
6091,830.8318671841133,156245.83428731433,75339.79886263577,76434.02790220722,1457.224068882526,461.1337909721624,267.3033099944587,872.8305856570369,-8.50677049283776e-05,-0.1661633049828223,96,69,98.00763208465796
6092,830.8479654683703,156257.57313469026,75381.04517083731,76412.35898873593,1397.494740798953,443.6693075168587,256.8927856931987,851.5856791259139,0.0001008299222224,-0.1509507098999884,96,69,98.0096894219046
6093,830.8512051594172,156311.56863419016,75352.86103516714,76418.41593038205,1339.4108275483013,428.9300124915171,248.9291645749763,831.3460099153162,-7.764259578260581e-05,-0.158657885229563,96,69,98.01174761411538
6094,830.8682007279126,156290.65774642324,75340.25000341643,76397.2658850163,1288.0953241402167,418.3161472468055,244.1996964076243,807.4781622549053,2.446585129724316e-05,-0.1836169271324517,96,69,98.0138065430776
6095,830.8717903651027,156318.2259626938,75379.86877934507,76414.84578630052,1237.7047145673423,407.5984161295637,240.49706284154672,784.9198332870728,3.815677884512748e-05,-0.1708073531045027,96,69,98.01586609048236
6096,830.8878469346869,156353.56207894933,75339.7072270155,76403.12876444553,1192.4605383709422,397.52855164509674,238.02845332500874,758.9243125772336,-8.603489502275073e-05,-0.1582393351695954,96,69,98.01792613793084
6097,830.8911743327865,156358.24191147578,75344.20206148355,76418.79731033307,1147.6028740025358,384.9305764937162,234.59913790621795,734.6106040625891,0.0001006755858515,-0.1556375434973251,96,69,98.01998656694067
6098,830.9081709222858,156435.25534611882,75352.59951803241,76413.98643450529,1106.5090173764038,371.49244539077336,230.28999347181525,706.6502869123069,-7.642648417541019e-05,-0.150205242726141,96,69,98.02204725895209
6099,830.911710561864,156415.80527141958,75366.67026210729,76427.56741715253,1065.1113937365008,355.8254084867367,223.45400143583538,680.8533192258619,2.2657790991608503e-05,-0.1528417599105649,96,69,98.02410809533428
6100,830.9277277868557,156434.14301752995,75330.47419591666,76400.73861317209,1026.1790653031203,340.62722228500934,214.870377198793,651.457738509489,3.985832968427343e-05,-0.1466395552178941,96,69,98.02616895739236
6101,830.9311553038525,156474.81402589483,75342.18680798118,76446.70026860188,987.1785235191346,325.7131656174024,204.2880368003971,624.3657249934913,-8.697263901720819e-05,-0.1351356739823424,96,69,98.0282297263728
6102,830.9481305034377,156501.3500541385,75362.77125037689,76396.93476902062,950.1372298608185,313.11313649246586,193.31133002991555,593.4504035850987,0.0001004874338538,-0.1363748339391961,96,69,98.03029028347052
6103,830.9516321241696,156527.8592046801,75338.89088599918,76408.25279296159,913.2920643262914,301.84265917185985,182.37016496123397,565.7510806907376,-7.518511699508168e-05,-0.142127552287013,96,69,98.0323505098346
6104,830.9676041118114,156564.05893949198,75380.81952216831,76418.30256561002,877.2368522978504,292.0796772044705,172.69211828763946,534.8267031848372,2.084291365106332e-05,-0.1319737503856537,96,69,98.03441028657544
6105,830.9711539266567,156587.3576629975,75348.22954413235,76412.54275020788,840.5903450595797,282.2084459642356,164.15729008041671,507.5894599981548,4.154570224686317e-05,-0.1218756758182401,96,69,98.03646949477046
6106,830.9880694619176,156618.84945243836,75363.94040239042,76429.56891155588,802.1142080217833,271.67070309916744,156.69010830306797,476.7300854186469,-8.788070003863334e-05,-0.1219474352052545,96,69,98.0385280154705
6107,830.991569059904,156633.31326793297,75346.86657325635,76420.58534984378,761.3090428722207,259.9877741735545,149.51280839400715,449.6959929941513,0.0001002654365718,-0.1126938151858683,96,69,98.0405857297068
6108,831.0074561918591,156637.03029974314,75341.72100514125,76441.5647419948,716.4893395309919,247.50095245061675,142.04211239580764,418.29161753784865,-7.39190564246482e-05,-0.1212756175391089,96,69,98.04264251849634
6109,831.0112046255856,156691.83481258,75347.5401313625,76420.94456638666,669.7614023012575,235.41954269116104,134.10390796596766,389.7348258086713,1.902170685579299e-05,-0.1175228365266553,96,69,98.04469826284937
6110,831.0279148697422,156734.2051556351,75345.32134646611,76401.06768072906,620.3023424647399,223.91746796816005,125.60898880532477,355.5673430165625,4.321825151318615e-05,-0.1061161866045022,96,69,98.04675284377474
6111,831.031758366828,156739.0087028241,75354.33255742113,76420.81968802962,572.9624118335196,213.7018537776603,117.2201796050067,324.16626018981333,-8.875878484155933e-05,-0.1242719101232177,96,69,98.04880614228692
6112,831.0480290400303,156798.32581600497,75342.54693643912,76446.86158270181,525.2734592979541,202.27667126564484,108.51871879032115,286.671839572693,0.0001000097957937,-0.1258122170790457,96,69,98.05085803941208
6113,831.0510353076514,156802.45466980195,75365.47432123206,76455.51452784658,480.5262524614809,188.42012174801494,99.56052875777823,252.18492007578607,-7.262851032865234e-05,-0.0909488209108182,96,69,98.05290841619424
6114,831.0679436971634,156850.7391895527,75352.84946199729,76418.87063983003,429.85679538483964,167.448713934049,88.32925495749805,210.8291120053036,1.7195107314590395e-05,-0.0945832304668608,96,69,98.05495715370223
6115,831.0716767142919,156885.82103699996,75366.86580467293,76429.34199637419,373.7208569715731,139.31047809845768,74.37515341781545,173.2048490543384,4.4875769118304445e-05,-0.1068508890266273,96,69,98.05700413303528
6116,831.08792663257,156925.1641465861,75360.42103083109,76418.51991918373,301.14899627509294,102.1102295070159,56.01730519125704,130.14310232005664,-8.960632411363424e-05,-0.1081813471550545,96,69,98.0590492353302
6117,831.0909633568335,156963.01132002205,75366.4798036054,76435.36742580176,218.80033758020727,62.014507421365124,35.50555604373221,93.57364295085426,9.972073195757688e-05,-0.1270983384072583,96,69,98.06109234176682
6118,831.1079343975524,156981.506232203,75377.8470208483,76403.64808612221,125.83123674575472,23.460910213718307,14.839722640463151,54.5111213378259,-7.131406368536995e-05,-0.1266372593667458,96,69,98.0631333335751
6119,831.1116089345303,157009.1037904061,75372.57061841403,76416.06408922565,47.83184084633831,-0.0,1.2334605969372205,27.48199166363338,1.53632877763165e-05,-0.1250200651045752,96,69,98.06517209204084
6120,831.1278105243758,157034.87565322116,75365.00206389565,76416.36540687784,-0.0,-0.37279490259243175,-0.0,4.383865742362104,4.65169764621196e-05,-0.149351743520471,96,69,98.06720849851244
6121,831.130908870627,157033.67674312723,75357.62315211556,76426.8371312917,19.75795173161896,35.82374589696701,19.543717191874748,-0.0,-9.042393923469944e-05,-0.1273124841544625,96,69,98.06924243440707
6122,831.1479169673369,157035.81265703987,75365.25202151833,76419.35307683764,119.2810916203889,109.81954807738657,62.216237580636516,4.174673684989102,9.939749853145628e-05,-0.1162840340815058,96,69,98.07127378121696
6123,831.1515394778431,156991.47219704892,75369.61212529232,76426.44103561265,323.45000634656753,225.20570007551578,130.89490669843508,31.15414624780533,-6.997673230777843e-05,-0.1065726501616027,96,69,98.07330242051566
6124,831.167690599666,156941.1931605925,75351.68766883462,76424.56891324479,616.9777175617637,369.5008051781042,219.45987461402547,67.78895580748213,1.3526865456629436e-05,-0.0860340839773573,96,69,98.07532823396436
6125,831.1708665989921,156912.80541397646,75344.66032105335,76406.8395863884,993.6097521855845,533.9965722371999,322.4022711243306,124.96173276621266,4.814207676156966e-05,0.0618368719600886,96,69,98.07735110331848
6126,831.1878931988249,156803.42839687745,75319.30549662825,76430.23593897678,1406.8633300189395,696.8693860487256,426.57427680003457,185.33646442648023,-9.120982766282628e-05,0.3325450352751499,96,69,98.07937091043328
6127,831.191467066169,156755.26999718478,75372.34391275488,76426.94770377301,1833.7251644945354,847.9627465273807,524.0331006958731,259.10456218529725,9.904237440952298e-05,0.2951498416027111,96,69,98.08138753727113
6128,831.2075684684519,156667.14026099248,75341.02597549336,76435.2997693013,2221.5887911842437,969.2827716282918,602.9227534672536,327.6648573341372,-6.861462321463374e-05,-0.2658218905334937,96,69,98.0834008659066
6129,831.2108365857544,156582.42354958222,75339.41583526845,76415.40017542659,2556.3693042562227,1059.9400872779952,660.6419081847416,401.19481559388805,1.1688399484371006e-05,-0.3481028447320263,96,69,98.08541077853369
6130,831.2278608248517,156536.24681611944,75346.69150095368,76397.8065103965,2802.5389989964315,1112.5610989424313,692.3713488511567,461.5821756096848,4.975134844645335e-05,-0.0532636032110718,96,69,98.0874171574717
6131,831.2313941104585,156452.02865447546,75345.86438832899,76413.88829037594,2972.3850226665963,1137.7027879762172,703.5560643443605,523.0025663186971,-9.196465777974172e-05,-0.1167535075339483,96,69,98.08941988517148
6132,831.2474422098633,156404.37571244023,75334.58122248798,76392.42201825576,3052.9206493076053,1135.1635411804164,695.2242443496798,569.6120205100451,9.865250849834878e-05,-0.0849017095980381,96,69,98.09141884422164
6133,831.2508226294373,156355.524853688,75327.90495068117,76436.8039841343,3075.3200555772637,1119.1126144066366,676.4293668609025,617.3649454333936,-6.723309451537476e-05,-0.0654009704012774,96,69,98.09341391735494
6134,831.2678126808898,156326.37184059978,75337.36700788153,76425.84243371853,3037.587629468413,1089.0254470614746,649.024897992349,651.1791102550342,9.84248650700088e-06,-0.0836468046643786,96,69,98.09540498745412
6135,831.2713301441395,156264.04537188442,75347.7329781667,76409.37019311439,2979.0193710206077,1058.0827932313114,621.7198121063411,689.4914477252751,5.133845564546096e-05,-0.0587637231892536,96,69,98.09739193755873
6136,831.287299050303,156212.37260413155,75333.67981303408,76404.0689052485,2896.0439574350603,1022.6229592799646,594.116760455785,716.6815894280153,-9.269200790668128e-05,-0.0806859413412199,96,69,98.09937465087074
6137,831.2908470867911,156221.68254904263,75348.03330575443,76411.3300579449,2822.0306555536226,992.9022876726522,572.2815995842539,749.7025697432691,9.822799333060922e-05,-0.0624949215051681,96,69,98.10135301076112
6138,831.3077028824273,156163.2692627544,75312.03542010373,76377.44438982279,2744.3957825677935,962.6643595846981,553.1547011016373,771.3951714800496,-6.582761051729451e-05,-0.0476512520607547,96,69,98.1033269007756
6139,831.311406080748,156140.03404725922,75329.08583463095,76402.57117285926,2689.9987792811007,941.1844175465667,541.1606607140711,799.4623957317381,8.000100646141213e-06,-0.0552343774218483,96,69,98.10529620464136
6140,831.3279254254733,156097.2648876663,75342.44165331562,76421.68172117513,2636.5978755588294,919.9616285725788,531.2786100855301,815.5029938966036,5.291738121020685e-05,-0.0415947754144206,96,69,98.10726080627288
6141,831.3307287878254,156073.76491247868,75321.89014501724,76401.22843796088,2605.221005464031,906.8639599814196,526.7919366189162,838.0372259515862,-9.337576583324352e-05,-0.0327871005045944,96,69,98.10922058977788
6142,831.3476960230415,156060.7950810261,75327.86405305569,76403.78675891737,2565.9039926569676,890.7005712231912,521.1135815268499,847.3414651141211,9.77821011416628e-05,-0.0328718689248341,96,69,98.11117543946386
6143,831.3513565445636,156048.67790275122,75312.42468471391,76401.16103881068,2538.895302781544,878.8859532607748,517.3000060681807,864.0662976709718,-6.439305142643319e-05,-0.0201316709008103,96,69,98.11312523984408
6144,831.3678087386629,156011.09511861266,75338.3151375667,76394.53335646648,2494.849546837737,860.3524838825397,508.9455001899187,869.856352878589,6.155768504204327e-06,-0.0106784579362075,96,69,98.11506987564336
6145,831.3706586239379,156024.41665257877,75321.82630358159,76402.78774839647,2456.1212630867376,843.4651348871121,499.9036828276585,885.4927244203573,5.446758473427338e-05,-0.016613704376439,96,69,98.1170092318047
6146,831.3876765671868,155991.51375838323,75326.03793310499,76368.33158155443,2394.688395472127,818.1681054545188,484.78942440400715,890.3687009065761,-9.404859547675172e-05,0.0002596287075001,96,69,98.11894319349469
6147,831.391306408789,155969.50706659115,75341.88732181829,76430.79028814407,2339.654411407537,795.9550686793518,469.7849733453186,905.8252170557389,9.727439714106394e-05,0.0175648726891864,96,69,98.12087164611036
6148,831.4076868379772,155951.3364436564,75328.26357645144,76402.5500514377,2268.5952606600476,769.3099440657388,451.5590892541222,910.8551175831526,-6.296909069100543e-05,0.022250763416196,96,69,98.12279447528444
6149,831.4105984653229,155949.50732520458,75322.2694484666,76402.1694512446,2213.9449396882555,750.9058766424423,437.48976372522884,925.6952741910354,4.284195994641876e-06,0.0363530256702607,96,69,98.12471156689186
6150,831.4276562858264,155893.59386231497,75323.96012615663,76371.51056062982,2153.145365525619,732.5402296862303,424.0713953526283,927.4637823518715,5.598793651213208e-05,0.0370441594484222,96,69,98.12662280705575
6151,831.431249860711,155897.80740991095,75326.4488356411,76404.91987612497,2120.794632477802,726.5336004105047,418.2178935985721,938.6453803047771,-9.467679190918805e-05,0.0251769009916034,96,69,98.12852808215318
6152,831.447563540598,155896.43274961587,75294.32407901235,76379.264152433,2092.8916606476996,722.9223477756314,414.7974812577013,937.9340386406402,9.677458927931196e-05,0.0290121513763925,96,69,98.13042727882149
6153,831.4505472048982,155898.7435757353,75336.94076301396,76357.92241218066,2098.8046128319693,731.1463165054593,418.3935931081651,948.1876686029718,-6.145853348086344e-05,0.0325898617672095,96,69,98.13232028396357
6154,831.4676343728619,155877.60472954132,75293.49361015622,76407.22381131432,2107.037934021151,738.205362854118,421.6925118454092,947.0284659416939,2.493141235106003e-06,0.0156468191008662,96,69,98.13420698475498
6155,831.4711870773797,155834.6465041369,75312.20092537992,76402.48932523065,2143.577905998798,752.7245247385872,428.8312266819994,959.0752331241092,5.756666380632511e-05,0.0010884933101188,96,69,98.1360872686486
6156,831.4874394620466,155842.63820112136,75304.22199161892,76400.44367639991,2172.8964018120314,761.3407586299581,432.85875234374544,961.6399119439302,-9.52218211715387e-05,-0.0289266712947901,96,69,98.1379610233814
6157,831.4905056095489,155820.37021572975,75316.11989258282,76391.64477511679,2216.6035668244003,772.4681865244056,438.67086622674833,977.3393215874385,9.624249828419956e-05,-0.0620310313903092,96,69,98.1398281369802
6158,831.5076085023228,155790.65344928327,75331.38362618441,76379.43185732873,2236.9507344505982,773.2598253829201,440.25074832799146,980.9248626461776,-5.999609479177367e-05,-0.0769200136091927,96,69,98.1416884977669
6159,831.5111197527226,155785.14983798875,75312.96285219207,76400.93727559471,2259.7306914062356,774.4158898765454,443.7505647293583,996.2643587476632,5.620834180587631e-07,-0.0925836282834156,96,69,98.1435419943654
6160,831.5273138194458,155753.51521749896,75307.36347896869,76393.6981047354,2251.3106064176536,764.6858248447679,443.2561794973735,998.0118483371625,5.892965461075e-05,-0.1027182413873231,96,69,98.14538851570649
6161,831.5304758787885,155760.58684423557,75334.02296085753,76382.6565097446,2239.9052729076357,755.0396774181136,443.80781393297366,1008.948953896208,-9.594813592765968e-05,-0.1051394770802439,96,69,98.14722795103437
6162,831.5475743184384,155739.21187533694,75300.01209935953,76399.9496538893,2194.79315279593,734.3843329282972,438.29212373151677,1002.908589983359,9.550244410757894e-05,-0.0899903383050409,96,69,98.14906018991188
6163,831.5510526216374,155733.57633468168,75277.773869699,76392.52395491347,2150.0897611584514,714.9031823741534,431.66269573839963,1005.4830604676681,-5.85881440137657e-05,-0.0862341670713841,96,69,98.15088512222668
6164,831.5671814738994,155726.9814980339,75322.26606439626,76395.66488399301,2078.094165407936,686.0769860838773,417.22996396996314,991.2693717616785,-1.2845077896305457e-06,-0.0733313076003654,96,69,98.15270263819676
6165,831.5704671548464,155749.24079484583,75290.72928788167,76367.23430449632,2012.2725340111647,659.708249693489,400.7512192108261,985.100726329023,6.054340588662043e-05,-0.0527562968762811,96,69,98.15451262837654
6166,831.5875138888574,155739.16154706056,75284.36438168347,76395.12435758213,1924.778587523615,625.4938826077268,377.2148064058565,961.2471988948528,-9.619789638746445e-05,-0.0423434682056677,96,69,98.1563149836621
6167,831.5910273650433,155748.0271280661,75306.45671949524,76391.06916367562,1850.9473405832541,596.2434071541647,354.58664669969585,947.2660678198736,9.52773215315636e-05,-0.0229716661721253,96,69,98.15810959529718
6168,831.6078296434582,155769.95325732624,75309.67318935326,76413.05592261019,1761.2143613327644,561.4152052850404,328.9425857407332,917.0917464959784,-5.663484941203555e-05,-0.0159286454537972,96,69,98.15989635487875
6169,831.6104235632822,155796.01172895072,75297.15447871477,76383.74300597595,1689.5537322276505,533.5073177347076,308.45722213285626,899.3839525168587,-2.7837785046626062e-06,-0.0153640325218153,96,69,98.16167515436292
6170,831.6274635777172,155788.9641188666,75286.6153033819,76413.15933992798,1602.3094257204211,500.6640044387459,287.8686071706179,865.9467355732049,6.214019921261858e-05,-0.0228765188450515,96,69,98.16344588607012
6171,831.6310110796134,155807.7249216654,75304.49568297339,76397.39869099483,1532.7076365283574,475.0882177380263,273.80183303073863,846.47881392212,-9.687071934961148e-05,-0.0331550420599695,96,69,98.16520844269098
6172,831.647700596063,155827.40567426197,75343.67706879073,76392.85155564673,1448.8277722617495,445.54780560381187,259.63728548726067,814.1550732861215,9.408016887882308e-05,-0.034948408866066,96,69,98.1669627172922
6173,831.6503548471504,155854.06405366166,75331.17937732533,76388.3654557332,1383.0900560063892,423.8250739892828,250.40170112720807,798.0542218722694,-5.59804660572039e-05,-0.0472198849449575,96,69,98.16870860332148
6174,831.6674332554743,155857.42341869255,75322.78710542695,76372.73738782425,1301.9922626876505,398.06554445941583,238.48291015374707,768.228756214201,-5.722426272286409e-06,-0.040320262056169,96,69,98.17044599461336
6175,831.6709765975025,155869.4828214924,75328.4732674004,76412.86018255726,1239.5916234905017,380.3941373757116,229.35710153719992,754.1513816854858,6.252609086306592e-05,-0.0459982198777706,96,69,98.1721747853951
6176,831.6875769447313,155882.72283257006,75321.18713339094,76409.36179396992,1165.332454384712,359.72755932432483,216.8334619354573,726.4209859489056,-9.801750176735852e-05,-0.0405956477768302,96,69,98.17389487029152
6177,831.6902869186952,155883.01528445113,75316.01252437773,76395.18748273153,1112.2997159349616,347.29293637115916,207.2939026291424,713.3947096700722,9.340699423866258e-05,-0.025634014472492,96,69,98.17560614433114
6178,831.707410521518,155878.83102064926,75296.49964667691,76398.31509480931,1048.0885947188945,330.8517486311903,195.1137363294547,683.2418317154807,-5.348906043620093e-05,-0.0307311970298456,96,69,98.17730850295077
6179,831.7109302961352,155906.96902864982,75330.57993906303,76392.5826986108,1006.5004998154473,321.41678504600713,187.14728885467048,666.4023233806365,-5.6724988135745765e-06,-0.0189637233565663,96,69,98.17900184200188
6180,831.7274552296701,155934.63645879232,75319.01991863294,76409.94338556174,956.387955199345,307.2829996659275,177.83728914149106,633.1699716343137,6.65754174076304e-05,-0.0009252772546538,96,69,98.18068605775548
6181,831.7302233869017,155950.315546497,75341.04200433644,76375.25690281972,928.1878586189705,298.83692144088855,172.90084926763666,613.9043326523097,-9.557657235736685e-05,-0.004127462029796,96,69,98.18236104690756
6182,831.747391751838,155957.1278866726,75320.61640204478,76401.99614573039,887.2080607026,284.3156904184725,165.7300124478934,577.1099547541526,9.505135003915884e-05,-0.0057076348752188,96,69,98.18402670658432
6183,831.750873892969,155981.41891675684,75305.52758369174,76359.75274380053,863.3590613499982,275.08952775663056,161.82432941225125,555.0365385010373,-5.092958113354821e-05,0.0053065721364067,96,69,98.18568293434768
6184,831.7673350520256,155997.81887984168,75308.57842321007,76403.10369676298,823.297532641096,260.83385315297346,155.0855538804608,516.9588827145053,-8.665494356407409e-06,0.0047849188683501,96,69,98.18732962820071
6185,831.7701656471484,156021.99925076083,75302.51289441658,76401.05562160189,795.7218920146115,252.60898806330806,151.09812846127898,493.43501195980934,6.428669175640007e-05,-0.0017524241702726,96,69,98.18896668659224
6186,831.7873747477781,156022.8980088733,75323.87647771604,76380.56453909978,748.659192773106,239.99900571623584,144.2026752231177,451.3716296790226,-0.0001019716639272,-0.0081149070160634,96,69,98.1905940084232
6187,831.7908082069632,156073.1355975857,75334.37125736791,76388.34962067117,715.3888596519246,234.26331872059382,140.61248344925116,423.5848119336297,8.694258193272427e-05,-0.0029595152959061,96,69,98.19221149305054
6188,831.8072168418822,156077.08083945562,75323.14253650738,76412.6992811772,668.4376968553988,225.10465808094887,135.07448007015046,378.3899867104192,-5.640038643324805e-05,0.0029545793309307,96,69,98.19381904029356
6189,831.8101142862879,156125.49423961842,75316.01592467824,76393.59331048216,639.257745321549,221.88015686578,132.95169523221557,347.78056113640196,-1.5122694090526596e-05,0.0128155767436421,96,69,98.19541655043834
6190,831.8273578114349,156141.11178070298,75322.13959047914,76387.24022617695,597.5910436447593,212.9509214303398,128.21819574994151,298.8912800887192,6.565362438694925e-05,0.0053771163957801,96,69,98.19700392424312
6191,831.830733828833,156176.09144315985,75343.7919922833,76419.080687708,571.8604027680703,206.85223725480319,125.56987490877509,266.54581816180144,-9.613772640355286e-05,0.0091577311926113,96,69,98.19858106294348
6192,831.8471013458617,156218.50846118538,75334.9258891497,76411.84809082953,528.3678879292565,191.75736770196818,118.4158837395953,218.63853131388896,9.888483376005398e-05,0.0266233667881693,96,69,98.20014786825703
6193,831.8500694456,156215.24587963565,75339.13416773168,76422.75613818366,489.0846707028686,175.0664604097983,110.27445528309909,188.04256479162723,-3.7019968445468166e-05,0.0411068259014784,96,69,98.20170424238924
6194,831.8673394964998,156240.02040784308,75314.54241589307,76385.55628599331,419.50769113603747,145.94427120834007,94.57517599718994,140.89048026449746,2.4329303013853154e-06,0.0465131428874361,96,69,98.20325008803763
6195,831.8706513315234,156297.305883324,75334.86335967203,76399.29975196664,346.6040527424775,114.47628666993114,76.18559447128791,112.65983700315701,8.293663798449141e-05,0.0359178406818578,96,69,98.20478530839698
6196,831.886989433262,156290.37208371615,75332.08196835144,76430.22401988185,245.45398310938617,74.27711057830311,51.41232487122761,70.1761985332123,-8.977332307724808e-05,0.0235211122435386,96,69,98.20630980716471
6197,831.8900309592319,156338.35621763143,75334.64624441389,76411.26379795441,151.765204979165,39.34774424186617,28.334900730580557,47.599432101182174,9.04407385652824e-05,0.0208917470933565,96,69,98.2078234885452
6198,831.9073185263647,156323.0195815483,75331.48294655923,76416.6902474219,53.84259296162054,8.589938467892352,7.433624936733395,11.524308881023899,-6.004251589786411e-05,0.0257932281186124,96,69,98.20932625725516
6199,831.9105613510874,156329.06710384542,75367.27398473774,76431.61539528183,-0.0,-0.0,-0.0,-0.0,-3.9713991285793146e-05,0.0312170027357839,96,69,98.2108180185284
6200,831.9268819987749,156338.73917171548,75342.77916719393,76403.1651720023,-13.595551041071303,13.869838115104358,7.4904287241224665,-19.418276888754917,3.461464198303665e-05,0.027611648698868,96,69,98.21229867812016
6201,831.929998422556,156327.9674006444,75355.43608594092,76407.68430639942,57.23420169093879,63.93873792323575,38.22763494917308,-10.462828304735012,-0.000137819391534,0.0332371227885605,96,69,98.21376814231276
6202,831.9472937688803,156320.12839672176,75358.0249347529,76412.60502228462,198.61481080763042,143.3951446407591,88.48769490703125,-6.799526947026607,5.824322732616616e-05,0.0371172622531336,96,69,98.2152263179198
6203,831.9504646181143,156259.87978904217,75320.45370944394,76415.5663685281,436.3993672342622,255.66524555486103,159.56935305779916,29.386721708404366,-5.869704973160804e-05,0.041661979612833,96,69,98.2166731122908
6204,831.9667799031558,156205.3267347973,75362.54201971278,76429.2911995626,733.273757697083,383.33561231876956,240.8103431489726,62.05353638640372,-9.127937779970115e-08,0.0391040018671328,96,69,98.21810843331642
6205,831.9699712348032,156145.58505721047,75327.97291184742,76418.69047912506,1088.3780396879883,520.2614817185968,327.6514674893988,124.14492761052679,0.0001213174414967,0.1329113204825425,96,69,98.21953218943284
6206,831.9872642331991,156047.61920317696,75348.99999824715,76416.6901689362,1447.4378298277734,645.6696810038557,407.418947760656,176.88443959513097,-1.848067139598144e-05,0.3962942584416879,96,69,98.22094428962646
6207,831.9903619661598,155978.8200678859,75325.11943936173,76426.7472708647,1802.7583251431352,755.467068516853,476.90828652336495,254.19978364778217,0.0001881649884601,0.4427647583055131,96,69,98.22234464343828
6208,832.0066839317903,155920.81422917824,75334.47272249979,76404.24610391968,2104.1900323958253,835.9155471451959,527.7403557227808,315.7093706812302,5.082354182143335e-05,-0.1111524824124483,96,69,98.2237331609689
6209,832.0099486319656,155818.78997271296,75304.57425868716,76376.13637184999,2354.3468038053834,891.277810109852,561.9409255242645,392.7595943592314,4.39373414925563e-05,-0.2913780991294928,96,69,98.22510975288291
6210,832.0272290751549,155762.21964877532,75311.86451197883,76378.28992392305,2522.492845579516,917.3550932008075,577.133697824509,445.97952276223805,7.19719506089256e-05,0.0125742390954641,96,69,98.22647433041284
6211,832.0302543282213,155659.03570760466,75330.3809784752,76402.10095670413,2631.42537830316,925.2896874053113,579.9753672964143,511.15923779210425,-0.000184008150543,-0.0378394890867996,96,69,98.2278268053647
6212,832.0465947628986,155605.51123840522,75291.23387732585,76387.79383676944,2667.70908017084,914.705062471272,570.8876653714251,550.4644510279759,-8.389020303673183e-05,-0.0260511387835142,96,69,98.22916709012168
6213,832.0499297170614,155541.71228787993,75332.00920037425,76406.13739921447,2664.2506511601387,896.6130210268893,556.8675569074403,599.9257900320808,-0.0002820168878066,0.0135593872986283,96,69,98.23049509764876
6214,832.0671876042368,155527.884280528,75306.75283268072,76383.07862919706,2616.0798133627395,869.8760150853777,537.9041344143334,624.932832021499,-0.0002803581365426,-0.0199544299093648,96,69,98.23181074149691
6215,832.0701427272827,155471.43674445292,75307.45917600497,76390.79467176083,2559.0048687281087,843.5466701777332,519.5576807688485,665.7793770224671,-0.0001396406419582,0.000468327795663,96,69,98.23311393580784
6216,832.0865129405182,155425.13898743875,75311.62709200638,76377.89976032925,2486.307512041356,814.7755888786487,500.28286662176833,687.1008712001203,-0.0001883289767942,0.0145425705990549,96,69,98.23440459531788
6217,832.0899134923421,155390.45835669775,75311.6052239092,76379.0781926399,2426.8196449629613,790.5310071907588,483.94127086972003,725.7307059440645,0.0001921847960779,0.0093064943300881,96,69,98.2356826353627
6218,832.1071392868143,155349.1798506021,75306.13424033941,76380.7882072715,2368.4049832437304,767.4721892135422,468.3598455895117,745.4400476906158,0.0002933550134193,0.0169562988470927,96,69,98.2369479718808
6219,832.11002826666,155291.1653100193,75319.97526348555,76420.26906841453,2332.820164587174,751.6309123971732,456.8056769781397,783.0106715553557,0.0005230679011854,0.0213823223292543,96,69,98.23820052141876
6220,832.1264388469159,155249.61031413515,75316.98318302027,76370.20051589017,2300.5743352375575,738.5839971460664,446.60668011559756,798.9471485073445,0.0007438575019284,0.0207501262194144,96,69,98.2394402011345
6221,832.1298988995813,155223.5320045192,75296.64019616858,76381.69182772987,2285.5649910335196,732.1593717312644,440.0128010275075,826.9642321692954,0.0005413185257889,0.0043700409136913,96,69,98.24066692880176
6222,832.1470837372123,155183.4471555745,75311.60526641858,76388.59024293466,2265.6984536187374,726.5813314916886,433.7691709144856,829.8151423812378,0.0005049857403059,0.0135015412414066,96,69,98.24188062281434
6223,832.1499121305704,155205.80010892218,75299.38016530847,76378.08532500053,2253.5379539629794,724.0054212640534,429.26849857345223,844.9319107269403,-4.011873697716298e-05,0.0168388973570808,96,69,98.24308120219008
6224,832.1663726620479,155165.80400044363,75306.16199324516,76380.68979297511,2227.499729790725,717.9494069832144,422.82451733146445,835.7337509179488,-0.0005869811548174,0.0195536896246118,96,69,98.24426858657448
6225,832.1698848844561,155166.80472520296,75304.66489419922,76368.62032584981,2201.3648825735436,710.5469162268855,415.8099393090379,839.704039032833,-0.0010786645710328,0.032856543972172,96,69,98.24544269624528
6226,832.1870206745864,155164.56150607218,75307.1273487441,76357.71981329299,2159.218873997743,697.5412735633145,405.88025054613536,823.9056997914158,-0.0017133135575934,0.0364819748039922,96,69,98.24660345211608
6227,832.1897956250154,155121.31161169495,75309.84326971488,76367.64751160993,2119.7384674891946,683.4882525921275,395.9436325406714,828.1485548143683,-0.0016746736223533,0.0460533418045759,96,69,98.24775077574029
6228,832.2063142697714,155155.7076927062,75312.12410097965,76388.50211643465,2071.0316650130553,666.6660295707406,385.1823748547322,817.4897032984591,-0.0014839233353093,0.0541672575857708,96,69,98.24888458931494
6229,832.2098705409389,155102.5245771536,75310.11110817996,76406.76758862045,2033.6375016060192,652.8701524516364,377.13367075558926,828.7568566523842,-0.0006322273808721,0.0571932240602229,96,69,98.25000481568478
6230,832.2269497650686,155117.20360500552,75302.59233410087,76386.80836530493,1998.4869273189688,641.1951592918631,371.16301020397805,827.7005482239765,0.0007715844166905,0.0683532555003947,96,69,98.25111137834568
6231,832.2296803755744,155066.73030625918,75253.58187333123,76339.77173815112,1985.187616610201,636.3903299301164,369.8083082369849,850.2848513602512,0.0021373251354788,0.071545633119708,96,69,98.25220420144886
6232,832.2462629397291,155043.81289646355,75284.65687694514,76360.19345592658,1980.972224246536,635.8039021216828,371.0557199905452,858.361186143331,0.0037429034073919,0.0643804570050066,96,69,98.2532832098044
6233,832.249855593567,155035.31160323034,75295.63800679512,76378.2957412774,1999.2398050936754,641.7932075148274,375.89712688220607,884.6483609990973,0.004468425416069,0.0579609189766589,96,69,98.25434832888432
6234,832.2668699485656,154969.50549279622,75270.70324656017,76382.7484140193,2022.6930576621671,650.3133099180704,381.61624106255476,892.8721550293267,0.0043062977412689,0.0435528679431235,96,69,98.25539948482756
6235,832.2695693238098,154949.20511269616,75247.58026452213,76355.16136525437,2059.0553606426693,662.2817902658717,388.68357903334254,916.6491123676242,0.0029288551867894,0.0049757268897197,96,69,98.25643660444214
6236,832.2862157188075,154924.23104804405,75286.2225069299,76370.78129938018,2086.8229705134872,672.9696066695324,394.3732269627362,918.9229780406749,-5.995877347566253e-05,-0.014566342431222,96,69,98.25745961520973
6237,832.2898430782159,154903.63056562783,75300.89658487294,76363.84971988953,2111.96401369886,682.8146366590227,399.24323888559593,933.5994565969158,-0.0036476204678923,-0.0363427875977192,96,69,98.2584684452888
6238,832.3067747867481,154927.38008107842,75281.40889460016,76368.35033344117,2116.6198476586724,687.677902469004,401.2048936768115,928.1923226811632,-0.0077273552757526,-0.0623399754179008,96,69,98.25946302351834
6239,832.3094755748401,154880.92044473602,75295.52607525772,76382.88791556384,2111.1490883159568,688.410633873922,401.23352535720915,937.8742290210212,-0.0107880464615799,-0.0749565741232758,96,69,98.26044327942064
6240,832.3261479667686,154877.0584437664,75270.13273743335,76381.34589517853,2082.977818592917,681.8261210034689,397.81868967443006,928.5882778639498,-0.0116510668932978,-0.0889131003255472,96,69,98.26140914320548
6241,832.3298961551969,154871.58339048288,75236.36521728453,76375.52384207299,2047.0808061065036,669.7574064825167,392.3207427541638,933.5712032940064,-0.0097123104141726,-0.095365702723857,96,69,98.26236054577316
6242,832.3459660191648,154852.0374049367,75262.80115582656,76379.89317382498,1996.362561468617,650.7778163848998,383.85958059823315,921.7729373325419,-0.003890017785054,-0.0851850975356802,96,69,98.26329741871808
6243,832.3491880577919,154865.32873667177,75275.72858845073,76353.20769752872,1945.942233623413,627.7313898418797,373.8168198672938,922.7490261206985,0.004698185842754,-0.0795860443198298,96,69,98.2642196943313
6244,832.3662344680321,154851.10493319537,75274.99839938324,76362.21852431359,1887.5361071840744,600.2958498890657,361.43412738463667,903.9415471031389,0.0149391062552968,-0.0804902832963364,96,69,98.26512730560462
6245,832.3697471018373,154840.70545438127,75268.57730987493,76363.05297764542,1834.257382402022,571.8927403898124,348.13526091192034,897.2574593070603,0.0243017583127698,-0.0681082109719184,96,69,98.26602018623356
6246,832.3859025146676,154850.69869608388,75268.43315334318,76373.10477527062,1775.2680926222238,542.410426673945,333.3413144189399,872.5132442165923,0.0292480852896176,-0.0615794562573731,96,69,98.26689827061996
6247,832.389111802011,154881.8166534885,75287.14616642268,76336.89216437383,1719.9850956593873,514.556306942497,318.3822993245558,860.4373688084597,0.0273899437561764,-0.0664784555164243,96,69,98.26776149387618
6248,832.4062442754567,154891.89797189503,75270.09405028545,76371.86717065319,1656.383653048426,487.5715364457574,302.7484142226458,832.1130778373044,0.0160642797376602,-0.0495948726385282,96,69,98.26860979182712
6249,832.4096312838624,154870.7110843663,75286.78810293399,76364.1003287621,1594.5597153292038,463.3661487195059,287.6128086162789,820.4081086614169,-0.0042917064115448,-0.0422665803715221,96,69,98.2694431010138
6250,832.425817242903,154917.8659948151,75274.46442555603,76389.44941087342,1524.1210266901762,440.71568409664906,272.29327607597224,796.9483183035918,-0.0307633940741266,-0.0456391043937152,96,69,98.27026135869646
6251,832.4290599375391,154887.59349454162,75265.41641570383,76359.01257644928,1455.5616510821856,420.93877618352417,257.5525387772941,790.1721519600251,-0.0575835464736466,-0.045385477697663,96,69,98.27106450285696
6252,832.4462366046365,154895.31281897033,75275.33595941773,76346.9213166534,1379.9216896772268,402.6986109520949,242.71336580917705,770.0808046246821,-0.0748974955579881,-0.0393013406637558,96,69,98.27185247220268
6253,832.4495192735701,154909.18423248795,75275.2396698198,76358.83484771871,1308.9762658341206,387.0859923803364,228.757191136654,764.459606017539,-0.0721408480713003,-0.04084564751386,96,69,98.27262520616796
6254,832.4657289319805,154929.42099174584,75244.75712373287,76325.69750713826,1234.5398966239882,372.5516205161548,215.56230412510922,742.8924715674657,-0.0373469668238242,-0.0374751632743545,96,69,98.27338264491844
6255,832.4690202143819,154905.22628081188,75273.86204975919,76359.13221002862,1167.7582075060927,359.6186759961565,204.43607906778925,730.1716771375213,0.0393855080120979,-0.0360389595661713,96,69,98.27412472935272
6256,832.4862185539513,154902.5251961954,75264.03506212425,76333.79584377019,1101.0453838281683,346.5505407791643,195.41912538767792,698.1192664550617,0.163811892659056,-0.0501730029859837,96,69,98.27485140110586
6257,832.4894060264512,154945.7164140439,75259.66211154107,76323.9497526684,1045.992876475968,333.8800496727199,189.31062607222702,675.0177346045675,0.337569995843275,-0.0561465493092017,96,69,98.2755626025516
6258,832.5056427896262,154976.76224830662,75289.04600675426,76361.68597284798,994.3717394290143,320.33112686780805,185.23692226532148,636.0958156776906,0.5552120084805309,-0.0530188375921208,96,69,98.2762582768053
6259,832.508988447654,155015.46379807443,75282.61015793512,76340.1423870478,955.1624683824484,306.9213460281753,182.77766418873216,608.9108209533442,0.807075635333795,-0.0621920793260655,96,69,98.2769383677262
6260,832.526191986927,155043.17215312552,75280.0231931972,76352.0965233095,918.192946231633,293.0237115765194,180.30231315651326,570.8243882384268,1.0794429329795523,-0.0536212054655304,96,69,98.2776028199206
6261,832.5292902898938,155033.5568427128,75270.32366124519,76352.56682461592,890.6104100525263,279.85892672695627,177.09759477464831,549.3626750509138,1.3565786154274322,-0.0449116625977526,96,69,98.2782515787438
6262,832.5455612890388,155066.38830382822,75259.26014689087,76340.98309115444,860.5514017336536,266.56009442845243,171.8980369908677,520.2598902441096,1.624482643866326,-0.0415531919076803,96,69,98.27888459030294
6263,832.548962242902,155043.4979778249,75291.41524053294,76361.90869823802,833.7171368676936,253.66873891469731,164.65119052521186,505.5817041682021,1.8701438221473723,-0.0330392043278812,96,69,98.27950180145918
6264,832.5661574805804,155079.1316644508,75233.68320044188,76356.68104195107,799.2791457780404,239.9276951487991,155.11916038193158,480.3912173578574,2.084586129596348,-0.0270880650858359,96,69,98.28010315983056
6265,832.5691719990708,155108.93447445918,75288.57129211794,76334.89308355542,765.1112368268659,225.94386757916072,144.21886848207214,465.9116846793331,2.261237523335263,-0.0545332947850022,96,69,98.2806886137938
6266,832.5854859207642,155101.81486182165,75268.49261142308,76354.46630053579,722.5680915134144,211.14256337199186,132.60172985316603,437.6621451477695,2.3947272472729697,-0.037830224173844,96,69,98.2812581124869
6267,832.5889397671958,155117.7179560102,75262.04099168409,76358.50333933324,681.120698814455,197.0951156342344,121.64179300022079,415.45745279698167,2.481208898127168,-0.0083294151001676,96,69,98.28181160581144
6268,832.6061152488256,155117.19936375023,75275.37312570686,76344.35879844775,634.3323277996387,184.13550017378293,112.05332975683268,378.6557132900052,2.5150607342252638,-0.0048188780209679,96,69,98.28234904443492
6269,832.6090515780642,155213.46400391703,75280.48460663392,76352.30799510947,592.8557744209538,173.9673472361319,104.57710590603529,349.106904250395,2.4911790674095773,0.0085336617263721,96,69,98.28287037979246
6270,832.625417694362,155221.30589390127,75259.4468999707,76339.41620891556,549.3341366062523,165.91121423541335,98.7886446256598,307.9780117277114,2.4047201800484386,0.0063037791230347,96,69,98.28337556408944
6271,832.6289193726502,155238.75238296328,75266.55728735615,76340.76826105407,511.6248662585858,159.67288540427398,93.92262107206625,275.1723239129642,2.2527765350369715,-0.016956070784975,96,69,98.28386455030336
6272,832.6460654708334,155249.28123384825,75278.3402783003,76360.66212212427,469.4686935938662,152.289731377532,88.26736010608147,233.5589781619783,2.0381543193321963,-0.0009868211619971,96,69,98.28433729218594
6273,832.6489296590645,155301.4911230112,75243.68272170088,76371.67104059926,427.47171305911615,141.7357889674022,80.29441755119478,201.7569277419825,1.768613547594338,0.0097613535465405,96,69,98.28479374426516
6274,832.6653573411478,155343.5149295292,75287.92598957119,76350.00336025923,372.4519236496417,124.63735498140159,68.53496041032486,162.13435063802171,1.4596445562571814,0.0040020943539466,96,69,98.28523386184725
6275,832.6688994414216,155362.50966545122,75294.98999919875,76344.47550909265,308.8504229366081,100.64228279075178,52.83124083856819,130.63579864098574,1.1321337946716097,0.0353601168613387,96,69,98.28565760101836
6276,832.6860084554489,155377.0272790312,75267.15558904373,76349.48927925112,228.65776792779798,70.23309087462258,34.2965630669496,92.26561176893301,0.8095428609881071,0.0563565354783296,96,69,98.28606491864672
6277,832.6888069160018,155417.52701910198,75265.30581204104,76367.87579602553,146.04431560932426,38.56851509632543,16.09996169846272,63.5165840498812,0.5160233482436287,0.042350076343341,96,69,98.2864557723844
6278,832.7053054392728,155422.26997523516,75269.29138460878,76350.27881089438,65.00939813785953,11.885687466914533,2.7818366649735253,31.847340069012716,0.2702918195564775,0.0431770285206856,96,69,98.28683012066897
6279,832.7088782857232,155452.0998209095,75286.3014659414,76363.31926662168,11.910091341473162,-0.0,-0.0,13.647481303632958,0.0849558814394593,0.0352198118431297,96,69,98.28718792272552
6280,832.7259447709375,155483.93322285128,75282.15436138595,76391.07907959407,-0.0,10.958504668364185,12.898229197016917,-0.0,-0.0362133312754232,0.0166984548151752,96,69,98.28752913856776
6281,832.7286839074621,155452.39404240786,75296.59906338237,76358.88680905562,57.407605478714686,52.44005614896014,45.091326146008214,6.320934542425675,-0.0983613426003349,0.0298178308222403,96,69,98.2878537290004
6282,832.7452625527816,155429.9622007913,75271.97531418139,76391.83668529116,188.8245282031712,125.86627813168161,97.06877635375713,23.065573809784837,-0.1120884055195387,0.0403192765693471,96,69,98.28816165562029
6283,832.7488540174633,155407.3999056551,75301.57974985728,76363.50924386433,405.231649598747,229.1998269892356,166.01474003781914,61.00178199808579,-0.0931090812123855,0.0264951698085657,96,69,98.28845288081816
6284,832.7658754246129,155323.35040754592,75266.13086291602,76380.53752828004,689.1800461229868,353.1442840942909,245.840099595458,109.18968724887236,-0.0569186968030285,0.0224845872798328,96,69,98.28872736778
6285,832.7685608383537,155288.91291010205,75265.13275363742,76397.44579773596,1028.4506547077908,486.7390335501841,328.71064460335765,173.43073723610723,-0.0172698378353374,0.032677184813786,96,69,98.28898508048844
6286,832.7852294896966,155191.04971367674,75265.19941553996,76377.53000749642,1385.9818028561422,615.6386532923207,406.4704010949499,240.75377040394233,0.015320812339244,0.0419910552634952,96,69,98.28922598372456
6287,832.7888242586649,155139.2490738584,75251.2408106352,76383.36976846591,1739.061123392661,729.1659702347097,472.5257484112808,313.7621213865059,0.0360503571801749,0.0744326696659976,96,69,98.2894500430691
6288,832.8058022564968,155047.8965128437,75271.40611484628,76370.72056656121,2051.5764273842215,818.1240263156506,522.7144009154581,381.4375024033652,0.043109268521605,0.2421366473169823,96,69,98.28965722490318
6289,832.8084370226028,155002.8065569636,75254.7538883925,76381.8570638085,2311.17212687328,880.1301595060504,555.7617696697271,446.5194341011811,0.0388907403205899,0.4845709395320239,96,69,98.28984749641064
6290,832.8252079792027,154911.54054400083,75279.60670607246,76372.70211685215,2498.0434033499914,914.903959131756,572.7268630331237,501.57216160855023,0.027460342215584,0.3412231824202905,96,69,98.29002082557857
6291,832.8287852669151,154882.86653022052,75253.16386519946,76381.50896956303,2619.108589591051,927.66652172865,576.2331304119434,550.9609844091174,0.0127807986257779,-0.2145969577459347,96,69,98.29017718119856
6292,832.845729167821,154866.7477496336,75251.82227268808,76359.73327545551,2673.056440391403,922.9852013672644,569.4950740843633,591.6238267664739,-0.000631526922534,-0.151125801249722,96,69,98.29031653286812
6293,832.8483091118435,154809.6677181264,75265.16507081274,76370.84700404381,2680.2036677919677,907.7666454177815,555.5877688175533,628.3989431892405,-0.0108234942995659,0.0863135619009194,96,69,98.29043885099172
6294,832.8652032301325,154784.76946979563,75274.89824616216,76369.42582757284,2646.2548895222717,885.6719865734194,537.1596147633245,660.0928864844609,-0.016389514110255,-0.0013851648915319,96,69,98.29054410678116
6295,832.8687280883245,154726.83045262573,75266.25374745902,76399.33019655026,2593.690474797797,861.4857519029465,516.3001923908014,690.1074929485621,-0.0173748342889084,0.0405156954956212,96,69,98.29063227225788
6296,832.8856682991094,154696.0825888574,75246.93693439376,76383.07116902423,2527.1449989287066,836.6231478625705,494.8916589067667,717.8110533944273,-0.015273405730379,0.0463509585491965,96,69,98.29070332025276
6297,832.8881604602375,154708.48513858253,75272.17384874923,76379.27085271887,2464.9053813233622,813.9852355206822,474.53857462368615,744.2423137723817,-0.0107375797929022,0.0295423894534013,96,69,98.29075722440734
6298,832.9052441173604,154671.9093917424,75246.00569567978,76383.20055416423,2405.7036070295144,793.5636624787294,456.873104027356,769.0424023786036,-0.005621775415143,0.0398955073131989,96,69,98.29079395917528
6299,832.9085927356618,154620.1356616391,75246.84565161057,76350.62601034039,2362.011083487014,777.2129288637225,442.97724688284507,791.3540510885359,-0.0005482508482344,0.0478826985346216,96,69,98.29081349982232
6300,832.9258020843129,154635.37821692196,75241.91864829916,76377.94359857745,2327.04024156963,763.9374446164875,433.5202976120054,811.4806463652349,0.0040917947224557,0.060793949905519,96,69,98.29081582242772
6301,832.9287617204054,154619.59421369215,75273.45587249575,76338.03076607747,2307.003972019651,754.3435007568041,428.0238628185034,827.1159511748701,0.0075618776631661,0.0661714210220712,96,69,98.29080090388426
6302,832.9450991486565,154606.02694164045,75258.40226970239,76391.29685348156,2289.8099304986536,746.1929334595334,425.453680643579,839.7672573750606,0.0104179312915565,0.0511210465602846,96,69,98.29076872189978
6303,832.9486030289993,154561.51662317978,75261.2829371332,76387.50172881702,2277.0437836185447,738.9279080198903,423.85968097278965,846.7106392031419,0.0118629087785676,0.0720887765382887,96,69,98.29071925499736
6304,832.9657380331809,154607.1119201226,75268.7087660129,76371.97148480696,2255.66938250151,729.8534820582136,421.5878697947337,851.2245137522405,0.0118213835023193,0.078646385548439,96,69,98.29065248251594
6305,832.9686501758796,154595.50286814678,75253.81121772462,76359.19734637122,2229.149016204814,718.6648261743976,417.0279220712546,850.3781088718388,0.0099769385330161,0.0838516247014253,96,69,98.29056838461048
6306,832.9850299343728,154568.59223926943,75275.08396805695,76406.91504364785,2188.6880281766644,703.7501146433933,409.9308877291187,849.7545421383402,0.0054472867694985,0.091146031534043,96,69,98.29046694225347
6307,832.9885869742883,154611.7434247565,75271.60246820649,76361.22841279986,2143.3171254162444,686.5029794298753,400.59325479758263,846.6392682893784,-0.0010811091192052,0.0869916725764319,96,69,98.29034813723445
6308,833.0056810595279,154603.3297777915,75273.84727978389,76366.39777633554,2091.1390186343924,667.5507847263652,390.7667405819084,847.7006287265103,-0.0095529618384366,0.0916598687889066,96,69,98.29021195216052
6309,833.0085288938755,154613.42224126018,75271.59071471989,76364.0161319258,2046.0765381677775,650.2029370409582,382.13039709161967,848.6059536266257,-0.0182573242396264,0.089762315286004,96,69,98.29005837045744
6310,833.0249746778053,154603.00033793863,75250.1920152778,76372.06076998099,2007.8341024782276,636.1991967696813,377.01269598066574,856.3035288333194,-0.0248793172275265,0.1033989282617203,96,69,98.28988737636875
6311,833.0285663050563,154589.0316086079,75284.17660807773,76365.31369694913,1988.1910651275539,628.5752064918488,376.4796772661357,864.6578579907946,-0.0274262756198863,0.1157140204751601,96,69,98.28969895495716
6312,833.0456201119094,154551.2145660996,75262.18070472305,76382.29309744993,1983.101334460196,627.6486740739056,381.3121990540385,879.8516359423811,-0.0229787800012295,0.1301650567466263,96,69,98.28949309210432
6313,833.0484049125744,154576.1655646897,75241.78931015325,76396.69948053487,1998.4422489406425,633.8698102132767,390.27553002841887,893.57148410019,-0.0109673877239869,0.1405627462854757,96,69,98.28926977451025
6314,833.0649301086595,154571.3188295534,75226.4958602239,76373.10256465917,2023.9196865996346,644.7432728970743,401.8917283528426,912.746125557489,0.0081655212540324,0.143428373123793,96,69,98.28902898969513
6315,833.0685415505129,154531.54440256028,75269.57294309665,76363.90271777225,2059.9060588507564,658.2763074445684,413.0952044847363,928.3912645147066,0.0315333692227376,0.147200545873035,96,69,98.28877072599778
6316,833.0855546286238,154510.2533159218,75277.1075784128,76364.35050484652,2093.6424603993073,670.8483179537288,421.73867262246495,947.5317114996724,0.0532243518151146,0.1323242544007473,96,69,98.2884949725766
6317,833.0882793427056,154514.75868881415,75241.10580624794,76377.53056408434,2124.4151852720533,680.4133072994009,425.35246775984706,959.8532091673987,0.0669490446629443,0.126383565337448,96,69,98.28820171940912
6318,833.1048966533929,154529.50120500143,75269.87304507951,76352.64726811586,2140.4310016999952,684.4907793230959,423.7669555610628,973.4589485603501,0.0650475501274113,0.1118807141515576,96,69,98.28789095729236
6319,833.1085103740409,154518.48091109755,75270.99284501774,76389.221531783,2143.450231789029,682.6506694237323,416.97883190625,977.4241455158044,0.0426606132922919,0.0797690907360881,96,69,98.28756267784212
6320,833.1254867091591,154502.5523352486,75262.47425225427,76358.82937268792,2126.6110216763336,674.4244858564052,407.1169591435464,979.908300142677,-0.0008446292660369,0.0382176589168906,96,69,98.28721687349343
6321,833.1281507815626,154481.87256731107,75290.9739236987,76353.27306866334,2096.1206150706857,660.9244818500156,395.3535404238937,969.6030805764603,-0.0605138542251691,-0.0029041644032969,96,69,98.28685353749988
6322,833.144877377393,154558.3823185441,75278.6456096702,76374.57390870438,2049.1251589863678,642.951198071969,383.8056137333624,957.3720970157883,-0.122763443044157,-0.0489417220473744,96,69,98.28647266393376
6323,833.1484669276699,154564.44192465377,75263.99994951548,76397.67744934681,1994.1486098403693,622.1736978014669,372.338150105119,933.3423237136158,-0.1681977255015529,-0.058457750378308,96,69,98.28607424768563
6324,833.1654235883702,154588.25106167485,75268.45965390909,76408.3294671933,1930.1020830314956,599.7226323605719,361.40886073473666,910.0750494762033,-0.171599404227493,-0.0356463361375632,96,69,98.28565828446364
6325,833.1680101657225,154637.70112261383,75304.58641465972,76400.70404475724,1864.76204333629,576.9271391584771,349.5187958912866,878.3219787491253,-0.1064337434486123,-0.0473419424122973,96,69,98.28522477079386
6326,833.1848881326007,154672.03390845814,75282.20733537342,76414.03378790944,1795.7011879665079,554.4974264196644,336.90729123877827,852.7077328292944,0.0497561020037055,-0.0395309075377462,96,69,98.28477370401912
6327,833.1883793538414,154688.93335441928,75307.55155560307,76396.03896714786,1728.7996985934442,532.8699847572425,322.6179285472899,823.1145170471573,0.3125176657125921,-0.0137164404672547,96,69,98.28430508229872
6328,833.20544931358,154716.98305722763,75296.10107024685,76403.39274095086,1661.0671992781572,512.0293563956366,308.03935908470885,802.6177493084979,0.6842318666898646,-0.0251357921820565,96,69,98.28381890460834
6329,833.2086492767269,154750.5303942024,75272.58509963818,76404.91263941131,1597.0464543552953,491.4944966522162,293.17259904550156,778.9770227722183,1.154398641368972,-0.0229460049965342,96,69,98.2833151707392
6330,833.2248066461569,154761.70501020597,75305.7864353375,76416.56766571233,1533.560772100056,470.94117025117157,279.9117721549119,763.8311858112575,1.6996749234154789,-0.0086960428633596,96,69,98.28279388129693
6331,833.2283491541127,154797.24087092,75306.07963102475,76376.4972975146,1473.9456749791862,449.8143981278845,267.94769168336643,744.0058121188777,2.286500130416838,-0.0175514788737658,96,69,98.282255037702
6332,833.2454188236727,154813.0404444733,75278.7701907706,76418.94325242752,1415.020250540867,428.51887804063153,258.3743567519414,730.329684437922,2.878263240978679,-0.0051636802000314,96,69,98.28169864218792
6333,833.2485236387541,154842.07811337052,75293.05427257315,76423.70147032592,1359.4525860699941,407.23087757316534,249.71767861759872,708.163172517583,3.438648015510545,-0.0126230651940992,96,69,98.28112469780112
6334,833.2647397722016,154868.14246760533,75284.43871911879,76405.02045644012,1304.1543776507606,387.35828924899397,242.38350553083,689.6397516465804,3.938869328047735,-0.0336787142719135,96,69,98.28053320840002
6335,833.2683217960943,154883.05772692515,75297.75383855523,76399.11272427195,1251.3001863267273,369.2729802567046,234.54594127749442,661.782233335136,4.360515990024744,-0.0184235139324768,96,69,98.279924178654
6336,833.2853793602428,154918.07742407933,75272.69691468151,76440.2998101495,1198.811701083614,354.07628602997283,226.7943327324465,637.8762408647453,4.696174661487675,-0.0217188999884393,96,69,98.27929761404276
6337,833.2883977434725,154962.53163839213,75295.74272059958,76389.45461320951,1148.9920654204325,340.8089787039644,217.64420527775656,605.0891185240762,4.950594065313566,-0.0344774960248854,96,69,98.27865352085531
6338,833.3046786310834,155020.52663795612,75278.83406173727,76399.66920410356,1100.2836708462564,329.48552598789684,208.46884896903066,578.4880274010648,5.13545714463298,-0.0316527636598109,96,69,98.27799190618896
6339,833.3082975367404,155006.57137368422,75318.8583110971,76430.7983475628,1054.0894394530915,318.16838948306395,198.36304388701683,546.1754241103481,5.267400488981197,-0.0419571851569429,96,69,98.27731277794835
6340,833.3253310373408,155089.6938259485,75291.21267284462,76391.55291317939,1008.8125469313818,306.970607613257,189.08222204909544,522.3532760925591,5.362942391825897,-0.0448498560073846,96,69,98.27661614484404
6341,833.3282718056297,155073.51311115918,75322.98068744352,76403.06503184896,964.7997512680595,294.40719751632423,179.5919124345528,493.17780477320775,5.433744319797492,-0.0284831120334413,96,69,98.2759020163918
6342,833.3446245037956,155119.99359561468,75307.97035866474,76424.29304867175,920.6956982075935,281.8509115181223,171.55119992649998,472.60310691565974,5.485908226227914,-0.028846287113343,96,69,98.27517040291158
6343,833.3482740954173,155181.16027266532,75282.78175466886,76403.21826152965,876.6846671113744,268.4764000588184,163.4712383178121,446.4454553100222,5.516413726334039,-0.0349659173709009,96,69,98.27442131552571
6344,833.3652748786557,155173.93399062494,75296.5801852238,76398.40749204507,832.9024526178837,256.00828259807895,156.53436687547946,427.44261755331536,5.515842246102117,-0.0261338206998271,96,69,98.27365476615816
6345,833.3681458534827,155198.5777350425,75297.55380508932,76400.68980242903,790.0413971393136,243.03692279628012,148.68144265245064,400.6939946540806,5.470142304063833,-0.0243045932732152,96,69,98.27287076753288
6346,833.3845785601698,155212.21087502764,75317.94009918132,76398.27948419274,749.5971700574155,231.0995610634709,141.10534735940746,380.5003379844129,5.363316932181196,-0.0303592756452355,96,69,98.2720693331728
6347,833.3882491195205,155265.85761465094,75289.56976600872,76432.92857014097,711.952138415596,218.3768486774352,131.89304728724528,353.463674065395,5.183349691703853,-0.0222485128375442,96,69,98.27125047739818
6348,833.4052122104291,155312.0096892967,75277.148418295,76411.68966850966,678.6703842999414,206.63311556301778,122.82189075206406,333.68831871208386,4.922988048800513,-0.0155534353386125,96,69,98.27041421532536
6349,833.4080196803952,155343.2667355479,75321.09958116844,76434.69249230027,648.3904846173245,194.15630951426283,112.77818885451416,307.33545215561753,4.583602680824111,-0.0257411778548658,96,69,98.26956056286518
6350,833.424542163567,155380.05224236613,75291.63319520956,76396.6449768644,622.0282057205914,183.50703811079438,104.86969967040932,288.9081891370588,4.174801139692044,-0.020332333101015,96,69,98.26868953672133
6351,833.4282197291441,155339.04874742817,75262.88937260315,76387.27254880794,596.558238988684,172.99792973595322,98.7303244813811,264.2029452199058,3.712163476308004,-0.0019526959728104,96,69,98.26780115438898
6352,833.4451453039784,155395.16543349237,75292.06265333027,76397.56540673174,572.6667913694982,164.9726682848559,97.32508838892682,245.83940068041557,3.21688015418377,-0.0001300523362212,96,69,98.26689543415338
6353,833.4478919781171,155417.14399417138,75309.82444444338,76406.86497946268,546.0632784729241,156.57443650376808,98.72745651009609,218.98697973581147,2.710419435224189,-0.011202138951256,96,69,98.26597239508752
6354,833.4645179791628,155469.65877068436,75297.97525727404,76409.88609542871,517.5379415221396,149.31353526310704,103.64415563925286,197.47545048367465,2.21383679322829,0.0010581784160343,96,69,98.26503205705116
6355,833.4681811028324,155510.32216272876,75300.19366688676,76385.64920582822,481.0884232571116,138.83734100993024,107.22013764959411,167.6449602577195,1.7453307067647232,0.0008951713160383,96,69,98.26407444068872
6356,833.485078892039,155557.27469650083,75299.80311191446,76414.72914637654,436.61355193163035,125.84574230236467,107.98172535080812,142.88711234758375,1.3183125584886073,0.0095359971981329,96,69,98.2630995674273
6357,833.4885357674955,155548.95333220734,75280.71104481973,76408.21077051183,376.8936149129877,105.90274580003461,100.59045443503419,110.50734407277196,0.9433217899114557,0.0253305948083291,96,69,98.2621074594757
6358,833.5045221981135,155589.4967106852,75308.45432818079,76404.69216029863,304.33251386188203,81.64481947949389,85.62172522183391,84.16458313030307,0.6258709978638264,0.0020413290078127,96,69,98.26109813982129
6359,833.5081048701426,155624.95708181703,75278.82635117958,76402.05593622728,217.06077524734428,52.03068714764959,61.983166560996324,53.121876579272794,0.3688705796269471,0.0050169959800705,96,69,98.26007163222914
6360,833.5250814427199,155649.42550618426,75301.45841328845,76382.85499110364,128.0783149204217,24.742922062883736,35.97053267800948,31.718547528318595,0.1726865795647583,0.0228997354934862,96,69,98.2590279612396
6361,833.5283988829478,155675.84150105936,75283.41202971314,76378.88825584618,47.087967865983956,3.3784525811934145,11.832352977478877,9.627059981838102,0.0346747932951015,0.0186416742517134,96,69,98.25796715216627
6362,833.5444568550231,155735.8974620476,75293.93859862638,76401.39772643322,-0.0,-0.0,-0.0,2.0274509609444067,-0.0482574744196967,0.0139510961722526,96,69,98.25688923109443
6363,833.5480659837926,155692.88474239974,75268.8039489138,76378.95870134953,3.6946669489261694,19.536577623162884,5.628207399422536,-0.0,-0.081810141108707,0.0359892330121183,96,69,98.25579422487807
6364,833.5650570356771,155679.02933834825,75276.89447801275,76394.61331649017,83.83625766361365,71.70921733649448,36.15122108551441,17.229668961896095,-0.0722602924807606,0.0416153452379277,96,69,98.25468216113846
6365,833.5682725025633,155681.78686498824,75283.57435745167,76349.49139376143,245.01760223758174,154.19942753622308,89.75322637261706,42.50924042833503,-0.026856941630953,0.0479367432386301,96,69,98.25355306826197
6366,833.5843879372038,155636.73650127664,75283.04341057467,76373.28885177159,493.40853476175107,267.32474603793526,165.24173160022474,87.1242845710949,0.0452016174141819,0.0589798337691609,96,69,98.25240697539738
6367,833.5880384483137,155580.29795655466,75250.83874477222,76356.83641894678,807.7352276833262,398.143920612667,252.2055309502175,138.43111258064164,0.1350405940151234,0.0527524795410812,96,69,98.25124391245424
6368,833.6050186593175,155521.15190114238,75277.24483908027,76378.65383296485,1169.7208189317025,538.3705036193132,343.34127529975376,204.48914587052423,0.2319266357046937,0.0541611181827827,96,69,98.25006391009984
6369,833.6081492910467,155445.14858615873,75238.74819780135,76400.48465911522,1538.9199443194084,670.0484107302764,425.9957069858647,270.4244038979814,0.3256063797733077,0.0917066313398662,96,69,98.2488669997578
6370,833.6243215209964,155419.26330325444,75250.45049843463,76379.94527340989,1891.2311129504233,786.1387940116256,495.55982026152196,343.485905156238,0.4066565983337927,0.2595643493328835,96,69,98.24765321360444
6371,833.6280171804501,155331.63497414376,75263.88901722306,76388.81821703582,2191.560632773617,874.3107719041582,545.2333798414184,409.90193767801975,0.4663741414498966,0.5007792740534676,96,69,98.24642258456778
6372,833.6449688464858,155250.29733819122,75253.21912664078,76363.6313816685,2431.2986013645423,935.9586417668179,577.3963236247364,477.01150467191474,0.4998981071541735,0.2952760792948619,96,69,98.2451751463238
6373,833.6480283037835,155212.29100078184,75273.51826042839,76385.68120103786,2594.453984979191,967.1166520431143,591.225533388948,532.3720710777852,0.5044361869839947,-0.2558328058134435,96,69,98.24391093329494
6374,833.6642593089917,155152.83418577584,75283.06582586015,76390.8671856639,2693.4875758254784,976.9575597060466,593.4728973484453,585.5814429908351,0.4812638878580126,-0.1236477719396085,96,69,98.2426299806466
6375,833.6680001091947,155160.62854250855,75270.80060875813,76381.25386475814,2728.255616679322,966.2984947744553,585.1085507826647,627.119794386992,0.4349959272586193,0.094924659432061,96,69,98.24133232428538
6376,833.6849078646655,155087.46938736536,75273.93499309658,76382.25231065215,2721.1256421789876,946.1809827839606,572.5420651729655,667.3003672269406,0.3716228899236249,-0.0067029791840386,96,69,98.24001800085634
6377,833.6879107885377,155070.7604512866,75265.32254668797,76340.99307711741,2675.0375313743716,916.7303902960412,555.171567505764,697.353232931142,0.2994953642685561,0.0506390461305582,96,69,98.23868704773938
6378,833.7042006582325,155029.29869873254,75286.9084281385,76397.59283334506,2613.587656503776,887.873589375944,538.0910122573987,728.2537097157037,0.2255295166169184,0.0586429266480153,96,69,98.23733950304803
6379,833.7079876506116,155014.30251327134,75274.27929822424,76376.63926816096,2537.772219223785,857.6010632152902,519.5010796928545,751.8884134948021,0.1557654752177157,0.0586517484344906,96,69,98.23597540562533
6380,833.7248328365192,155001.89730965465,75275.33711090732,76410.85153225102,2468.1580266176607,833.2685788550589,503.44972623228387,777.9520084350952,0.0942728764340286,0.0768849951723602,96,69,98.23459479504194
6381,833.7278030246237,154977.45989454878,75255.79476175454,76376.55620128565,2401.2167513757013,810.2079610886431,487.2373128703184,797.7016883187171,0.041895786115854,0.0699603804640658,96,69,98.2331977115928
6382,833.7441360250168,154974.4605960858,75267.44559766617,76371.168565046,2353.91611300176,794.2879471282213,474.49376672823564,820.6746428122278,-0.000952868686707,0.0740250284952841,96,69,98.23178419629456
6383,833.7479982147745,154944.00400600137,75285.21730914534,76365.48799173595,2316.4715689298464,779.3070139873453,461.907728385253,838.2902526954713,-0.0356435873430278,0.0737457065078689,96,69,98.2303542908825
6384,833.7646904892895,154927.11818839642,75270.05717937034,76391.29301314882,2297.903087476676,769.523618870604,452.3099419798382,858.7717647266982,-0.062336920595539,0.0826493288294862,96,69,98.22890803780754
6385,833.7684235008064,154908.59162254716,75261.21728107036,76371.87552975887,2280.7040413873037,757.6589607195492,442.0119526911585,873.5810761858011,-0.0792088214763162,0.0873070973371587,96,69,98.22744548023356
6386,833.7842378404384,154903.6917029616,75241.70488186275,76404.54041636427,2269.051320855797,747.5523953466472,433.8886935617047,890.5950527767127,-0.0831266404343337,0.0951770152188549,96,69,98.22596666203388
6387,833.7878795190175,154917.51423705922,75244.97674841993,76370.19141847677,2244.6622101105168,732.4541075125308,424.7603461433755,902.1092111620528,-0.0676860301285829,0.1090659718521795,96,69,98.22447162778846
6388,833.8047274801303,154893.8678212467,75266.13217808578,76386.29837483713,2215.5216213830863,717.5576716085634,418.01438953750767,916.0952028264292,-0.0267256193434291,0.1041360111860267,96,69,98.22296042278096
6389,833.8075253339006,154862.89288713082,75256.13139887869,76355.2840267628,2168.2509235693724,697.3081470100879,410.32368163728097,924.2966899222229,0.0457019642939615,0.1122802432076272,96,69,98.22143309299533
6390,833.8241121078513,154868.06332039234,75238.48087618322,76371.0792843839,2120.056049376726,679.7575858589989,405.38799323205603,935.6426926066342,0.1533049856514812,0.1155395295064756,96,69,98.2198896851126
6391,833.8278905752987,154873.11721756944,75241.21188167731,76374.71100027574,2064.0157774975523,661.2235645188484,399.7326248095924,942.6327642656979,0.2949694161094612,0.1208170631360121,96,69,98.2183302465076
6392,833.8446176601024,154861.44563324176,75254.54818661559,76345.14870125586,2020.0066315017757,650.0514943563321,396.6757231944648,953.6374318090675,0.4665056022669488,0.1307764106209208,96,69,98.21675482524644
6393,833.847430121548,154869.95915014375,75271.22128669523,76368.22685770865,1980.5462924557505,641.7906888153957,392.83932401111815,961.3323784271779,0.6587278332217185,0.1422906636009664,96,69,98.21516347008212
6394,833.8640746954159,154845.4364536038,75245.04767299493,76355.49137859831,1963.754798815935,643.4898356933845,392.2084340028523,974.326137860131,0.8604679650681698,0.1361019961797052,96,69,98.21355623045184
6395,833.8678687499224,154833.34152889164,75263.11920734271,76344.96228744695,1957.4320066273212,648.3710788763274,391.7728559624229,984.9345930764393,1.0601819445324008,0.1338126777844018,96,69,98.2119331564734
6396,833.8845159486647,154825.56365918266,75249.29450536383,76343.18613916678,1973.9098340082564,660.919976081117,395.18872595540597,1000.2273692624876,1.2464005493114914,0.1434228034364052,96,69,98.21029429894196
6397,833.887331820479,154816.53367574498,75215.25816811978,76357.30660326856,1996.1396958890255,672.9893618902279,398.76316780084744,1011.8787119030603,1.411123585140751,0.1353533856609382,96,69,98.20863970932656
6398,833.90404809362,154823.85993233795,75247.23428682197,76343.54474448453,2033.771562467271,689.102011931318,405.30022149241995,1026.835435712448,1.547654424693051,0.1227292017802854,96,69,98.20696943976644
6399,833.9078378640312,154805.4779631847,75226.49318437371,76354.7280899266,2066.590711480123,701.2640878471138,410.0295804646157,1036.51128955069,1.6516521064457717,0.1059868801845398,96,69,98.20528354306768
6400,833.9244115382901,154770.2927154734,75235.27119584761,76344.7023236987,2101.734535484051,713.9358618913247,414.97780916048214,1047.212241565634,1.7199886595172829,0.0687538349884941,96,69,98.2035820726996
6401,833.9272376645031,154800.76196600148,75259.63599346555,76366.21521427105,2119.03760468564,719.5436805780482,415.70819941192167,1051.0369514981867,1.7485980749411516,0.0285240354695577,96,69,98.20186508279131
6402,833.9440275301733,154782.3392688033,75232.65081492653,76356.31866986956,2128.6734405309544,723.209766344371,415.39881907356903,1055.6063967010123,1.7345369125878145,-0.0033177015402626,96,69,98.2001326281278
6403,833.9477997068361,154793.45077375055,75266.7830649776,76357.959815028,2113.593937386642,717.5506362713932,410.6780474234547,1053.8295496686478,1.6741829722379045,-0.028886784713816,96,69,98.19838476414638
6404,833.9643036267494,154814.20007715214,75226.55798265555,76350.34304675684,2087.4305402753525,707.7716959181707,405.3028976065689,1053.3371837685409,1.5661125980965511,-0.0593251029626146,96,69,98.19662154693316
6405,833.9671495437324,154808.21729257776,75230.83807135711,76371.99128558814,2037.8518215607037,687.7358188939397,396.36800591563224,1047.5162324954,1.4125544462681514,-0.0715090615667647,96,69,98.19484303321926
6406,833.9840111533681,154811.7433268313,75236.95252901004,76348.64250266113,1983.2665061247535,664.5721621083067,387.7523492119799,1044.2882784280519,1.2193014839762788,-0.0851886963090847,96,69,98.19304928037668
6407,833.9877543284102,154810.6531611755,75218.59494192785,76351.5655767702,1913.2050678944797,633.7811827321711,376.1662100714748,1036.3005703333183,0.9983982561443654,-0.1029604979704731,96,69,98.191240346415
6408,834.0041927369876,154849.4564468979,75247.84760965813,76353.52444074597,1845.7645042074146,603.521784395125,364.91637536449707,1030.2471876938362,0.7649279548773348,-0.1164568087589429,96,69,98.18941628997716
6409,834.0070683648083,154848.84822170067,75252.13957646684,76352.9808874676,1770.1270823557861,570.3925915818254,350.7413069527829,1018.5622257234354,0.5365693317602602,-0.1178606047930336,96,69,98.1875771703358
6410,834.0239976093636,154864.91177588663,75232.2369712687,76383.00995598124,1703.54590397625,542.6821267326159,337.21726696324185,1008.2769538667053,0.3308096127427735,-0.1184895760385109,96,69,98.18572304738947
6411,834.0277015171001,154855.79417740685,75247.31095532798,76360.27373426656,1632.4760817444185,515.6787109775323,321.2690842107404,991.7132200208725,0.1607984431040899,-0.1254592149705715,96,69,98.1838539816581
6412,834.0440797713464,154904.95672498897,75251.02952119856,76370.01607747475,1571.1129212364322,495.3973488345364,306.56551367003703,975.8510556262336,0.0355472609697711,-0.1387357555367946,96,69,98.18197003427971
6413,834.0469946445306,154922.7828073565,75251.4562427487,76357.95901112974,1504.996554946818,475.6310209980584,290.5332083707326,953.8469811854593,-0.0434374686342753,-0.150278590101269,96,69,98.18007126700608
6414,834.0639856554493,154968.47865795204,75268.37368703619,76379.93538611791,1448.3230523740058,461.22741946659517,277.08149277762277,933.5473593210627,-0.0803426653014799,-0.1563596798028155,96,69,98.17815774219876
6415,834.0676410959958,154974.0196294148,75259.37207462938,76388.71145206304,1386.1034020331572,445.19063667768205,263.34106207071454,907.8071121702378,-0.0836386738802973,-0.1575451321799178,96,69,98.17622952282504
6416,834.0839657824903,155021.80749110685,75246.45736774322,76371.43234461968,1332.2956109602237,432.048178911602,252.4822011734941,883.9789583969105,-0.0653499440168703,-0.1671870964418137,96,69,98.1742866724536
6417,834.0869286504163,155003.43602621218,75263.54778525895,76367.6272144112,1273.613566520915,415.9075324456935,241.24703916846192,855.2265185378201,-0.0364088463940553,-0.1813939831830464,96,69,98.17232925525076
6418,834.103974075007,155076.08406697752,75271.37594453918,76375.93062500752,1225.1458591314731,402.27983572825906,232.39431787031936,829.5678675016388,-0.0070646551336103,-0.2169242027849577,96,69,98.17035733597594
6419,834.1075730125596,155064.3894572076,75246.39309689055,76384.12833531295,1172.8766496968456,385.8401709649479,222.40135289067985,800.0632020958001,0.015828845713977,-0.2236791627124116,96,69,98.16837097997784
6420,834.1238518837432,155129.90816074057,75270.59226361167,76397.38314140953,1130.3588156764745,372.1233356746816,214.02961459362996,774.8007258701255,0.0292492134313423,-0.2348873916447185,96,69,98.16637025318988
6421,834.1268704459246,155180.5818704983,75258.89729147148,76374.77452910223,1083.7171950070187,356.46829871236696,204.50904430862283,747.2320937143522,0.0322385430758862,-0.2572659723886371,96,69,98.16435522212598
6422,834.1439616645577,155188.70279220954,75248.03258396368,76374.14223811579,1046.3439724771888,344.38718977273675,197.12995036298526,725.264818671043,0.0274352839411514,-0.2836717225920671,96,69,98.16232595387643
6423,834.147497372406,155209.74612477794,75257.69514514183,76374.05132519544,1003.7760799494572,330.832112947508,189.27331196001614,700.5155893039773,0.0176705760543413,-0.3060074861724908,96,69,98.16028251610352
6424,834.1637391972329,155227.6197777944,75258.6542670439,76348.18326721464,969.2033980230335,320.54363286684384,183.938246113481,679.2966445063648,0.0063613760621448,-0.3002192148623454,96,69,98.15822497703704
6425,834.1668199110632,155246.51041499208,75234.72045798066,76363.45873195321,930.0078270205413,308.59151566241053,178.45518835730036,652.7103339468304,-0.0032391762031113,-0.305365693585483,96,69,98.15615340547022
6426,834.1839472423909,155298.54911118414,75251.70742042422,76378.43096662097,899.9435848217108,299.3287299171061,175.4016274398018,627.482371510996,-0.0099981829092418,-0.309035653533813,96,69,98.1540678707544
6427,834.1874144530926,155321.77249052303,75268.03591658872,76382.13862344383,865.52916415449,287.60973955162626,171.6858178692346,595.0101988608658,-0.0126466192090916,-0.3184087743845221,96,69,98.15196844279616
6428,834.2036288140742,155349.9951104103,75240.52463839483,76381.9502227757,838.9066930183908,277.6007180276647,169.50459150862298,563.6217405664793,-0.0119391376046682,-0.3250258539887489,96,69,98.14985519205138
6429,834.206776758188,155395.82983250456,75276.57699835229,76383.13048663763,806.5078557839734,265.1127650550916,165.99719280362478,526.9545275954006,-0.0089309906851315,-0.311596411924321,96,69,98.14772818952144
6430,834.2239296631519,155444.34164014214,75283.72665703364,76390.65348905716,779.2675463231863,254.6064421035844,163.30993508273968,494.9257567876484,-0.0044928864814452,-0.3136458652871684,96,69,98.1455875067486
6431,834.2273247095723,155493.3357944643,75264.21536338572,76387.57851168749,742.6397093718988,242.15768990425568,158.55462173715932,460.4894638940459,-0.0004945874896625,-0.3203345793178314,96,69,98.14343321581153
6432,834.2435217579388,155494.21429518776,75281.6308375122,76387.29353184358,707.6476581563475,231.99168604904844,153.78512542822864,432.5293023312115,0.0028180145952226,-0.3217479916853713,96,69,98.14126538932022
6433,834.2467405504232,155559.38856439962,75266.0060058975,76367.85827057475,662.8092782769818,220.6266460166662,146.58838786085835,402.61586759466445,0.00462163989763,-0.3292188693924387,96,69,98.13908410041196
6434,834.2639078314185,155563.63458051323,75253.94279168174,76398.05879929679,621.2505684337812,211.71227223833557,139.23450890704407,378.00194531076704,0.0048491699134448,-0.3309293606112113,96,69,98.13688942274652
6435,834.2672287771843,155568.25258312855,75268.35757594061,76353.19362895878,573.0099866990931,201.21133520884905,129.67680432728957,347.99858275524457,0.0042258698820206,-0.2978813165982769,96,69,98.13468143050116
6436,834.283418947293,155628.59802999307,75270.40782652213,76396.18262498909,531.1364804697805,191.61717836462776,120.3052827262145,319.69627728365595,0.0025568800786285,-0.2880940865470027,96,69,98.1324601983664
6437,834.2867107276998,155664.18135753242,75280.88099616155,76362.86614208859,485.1437558758189,178.4029937410378,109.25240851307171,283.6717599023832,0.0009740470067235,-0.2632741122536142,96,69,98.13022580154116
6438,834.3038807083833,155749.25064420162,75281.32048611972,76376.38799962806,443.7601128243841,162.79174246014736,98.14964705865714,248.80516029227874,-0.0004726086243402,-0.2520437459572495,96,69,98.12797831572766
6439,834.3071274779722,155730.24141587742,75289.27209261685,76382.53536561383,391.7363003370119,140.07868303013674,84.26115804974688,206.40579857851844,-0.0015743488570793,-0.2532703602474617,96,69,98.125717817127
6440,834.3233211506156,155809.21351431252,75305.0923875317,76378.58367632132,334.6470269764541,112.27300078085682,68.55809109858819,167.08930032979697,-0.0017985493323143,-0.2480078675571036,96,69,98.12344438243436
6441,834.3266866473413,155859.17346687175,75298.6326309901,76413.9499199822,260.02577273827046,78.13378393129096,49.18699921129155,123.66032004987937,-0.0018670578027486,-0.2465088000694774,96,69,98.12115808883404
6442,834.343847302678,155879.4509436839,75313.28552830688,76385.74494456,179.97368720709346,43.94806370258448,29.166095453168964,87.55851207746309,-0.0013037014126973,-0.2323523862737354,96,69,98.1188590139947
6443,834.3470218408222,155906.90311424594,75295.44860823889,76404.82162259915,94.30092434387188,14.240159581357148,10.405085757753113,50.92680880124681,-0.000652064696978,-0.2167326784323978,96,69,98.11654723606416
6444,834.3632289226783,155952.111977325,75295.0026509163,76411.99609308434,29.646045050933026,-0.0,-0.0,25.855090974422637,-0.0001549487136381,-0.1965575510996592,96,69,98.11422283366508
6445,834.3666676543064,155989.28538994878,75319.1366215067,76408.99487360448,-0.0,8.920962103074999,3.2001283245626837,4.948710187512916,0.0005088627913144,-0.186155736919774,96,69,98.11188588588932
6446,834.3838066254979,155990.94617574595,75310.01813483579,76401.41451093058,37.09801864164183,50.313985995861,27.12969534326112,-0.0,0.0006046368538263,-0.1723735122163602,96,69,98.10953647229384
6447,834.3869131603284,156000.10381061217,75318.35170519653,76428.78023111254,150.1543390888255,126.33825153786165,73.58540011139121,1.554271663480904,0.000752400988741,-0.1527300564620877,96,69,98.10717467289471
6448,834.4031424907541,155988.84707496813,75311.13001340917,76408.43653170308,354.32476071832934,236.3057336324855,142.62460480330628,20.472204653546214,0.0006549720842955,-0.1220106882537455,96,69,98.10480056816324
6449,834.4066532216308,155927.95305251775,75299.35663109724,76375.79496693033,635.286125667044,371.2766999051091,227.6837950135814,45.8503530168673,0.000306204940158,0.044350028146554,96,69,98.10241423901977
6450,834.4237575556912,155914.40488460925,75308.78498042541,76420.65201660334,980.0116358777159,519.5711383584567,320.86393613074324,86.58261753528495,0.0002419390517646,0.3213210449089357,96,69,98.10001576682971
6451,834.4268031665558,155901.73451672224,75310.42287495584,76408.8350893804,1350.9842417126638,665.6564418519265,411.11769861142966,128.9461722043634,-0.0001465640332222,0.1840510409418827,96,69,98.0976052333977
6452,834.4430614946662,155834.4962412931,75335.29915439397,76421.94342283696,1721.057641509804,796.1275912421843,490.27051432944427,181.36078617573367,-0.0002013857817622,-0.3623377705319048,96,69,98.09518272096275
6453,834.4466432924805,155799.8427289564,75304.51860363586,76410.22231512974,2051.896757693321,900.0067767012806,551.4620722225372,229.9907653267146,-0.0002383523969778,-0.2692485737043102,96,69,98.09274831219344
6454,834.4636984317319,155718.96118672309,75327.34466307396,76417.07123365086,2325.220839066431,971.9705144674808,592.9081016594137,283.26086253646645,-0.0003536157649024,-0.0403560958246227,96,69,98.09030209018212
6455,834.4666945639348,155681.3448840167,75297.44197045853,76400.51294249181,2520.8134618425393,1011.5678357708384,614.8432798085269,327.0921097641112,-9.882445340861244e-05,-0.1204631860646243,96,69,98.0878441384408
6456,834.4829842100595,155688.1822510559,75305.01963479121,76425.24838782658,2641.876092364022,1022.6546116924001,620.9112691208429,372.10971767787123,-0.0001747140314655,-0.0661004332189695,96,69,98.08537454089416
6457,834.4866393688698,155639.66994932352,75290.21813290946,76419.85320221078,2689.7671743135434,1011.836932832899,614.5732513582916,406.1786264926777,5.719689161700089e-06,-0.0806870987274738,96,69,98.08289338187689
6458,834.5036255464663,155587.1095867348,75315.28194635166,76414.5271125942,2683.086993234232,986.0056749784126,599.9524188763025,440.98398572584847,0.000104737041485,-0.0815232855155125,96,69,98.080400746126
6459,834.5065932223396,155584.25177863464,75286.03464242331,76425.73961931099,2632.8693248510826,952.1915857312124,579.5847354571742,464.3661209271522,1.2032684138580898e-05,-0.0558285543593615,96,69,98.07789671877732
6460,834.5229041831764,155563.56122396328,75282.42771912686,76422.54666728426,2560.123257830215,914.9754696475866,555.8608919102699,489.5301829952223,0.0002067887922041,-0.0620633219824495,96,69,98.07538138535917
6461,834.5266498525996,155558.3997361657,75297.83965033233,76395.77324640435,2473.5526651653345,878.5754366763431,530.0787190624251,504.8456469341181,2.1180173343466067e-05,-0.0516318379192315,96,69,98.07285483178778
6462,834.5435242441112,155537.683051618,75299.99141799468,76387.33888423785,2387.136419110233,844.3258148459572,503.8533123045927,522.901318302931,7.343900038196471e-05,-0.0357915957298722,96,69,98.07031714436162
6463,834.5465243245972,155537.205270557,75274.64147941594,76407.75871005839,2302.370752567076,814.1379334428057,478.55180990278313,530.9563345345377,6.758017674315952e-05,-0.0355319132960935,96,69,98.06776840975604
6464,834.5627769778873,155528.75882799664,75306.94428436212,76399.1429781207,2226.1758488188498,787.0981972820737,455.83890153540415,542.4476551725238,-9.991134188407757e-05,-0.0338867952405015,96,69,98.0652087150182
6465,834.5667766108916,155515.97273361226,75300.95846496886,76417.5996197017,2155.0754206276033,763.7609674054984,436.9399155008141,545.0490687012498,6.538460931643541e-05,-0.0216177517249635,96,69,98.06263814756151
6466,834.5828661999695,155553.63146370306,75274.2168841543,76409.26174575428,2091.3889769387897,742.046765420484,422.4812147637713,551.1553503169271,-0.0001104025368082,-0.0093235000688936,96,69,98.06005679516043
6467,834.5860076049976,155529.56070946815,75294.13033948588,76394.31200148271,2029.8249497134238,721.9848586811422,412.1388720438408,548.5242364466831,-2.644228707106002e-05,-0.0050162372222155,96,69,98.05746474594493
6468,834.6029104961082,155549.1914871461,75314.15308742692,76397.02887091758,1972.065603705356,701.0016676645027,404.5570616190089,551.2662895883841,1.828306042034189e-05,0.0043990662634726,96,69,98.05486208839504
6469,834.6066265952887,155545.19577679317,75276.39694179024,76402.16679035734,1913.6699670450762,679.7539037754177,397.97818592278054,545.9436686422268,-0.0001053940045992,0.0082288585065707,96,69,98.0522489113355
6470,834.6228073259266,155576.7157144622,75266.69891291577,76384.15458390783,1857.7859638581867,656.5360783596989,390.4698307198414,546.4883644199872,9.577313179371242e-05,0.0213286000707147,96,69,98.04962530393072
6471,834.6259090874589,155545.55115473428,75277.03717330418,76397.7521777105,1802.7756474894704,633.4901175461418,381.09969783210545,540.0162269317661,-5.852189947657762e-05,0.038741350251716,96,69,98.04699135567844
6472,834.6429292391795,155584.23820737746,75265.58977882634,76390.13251079501,1753.8411651261267,610.2773826835182,369.70096538137295,541.6721127289056,2.611504750114144e-05,0.0419190691700267,96,69,98.0443471564048
6473,834.6465259850239,155593.78467220455,75272.80213576995,76380.25642765553,1710.7735528388293,590.6539320836164,357.68575869855704,537.4316336674092,6.53381670803889e-05,0.0261929466418139,96,69,98.04169279625928
6474,834.662715193847,155574.18066969977,75276.23583815145,76385.39680765124,1678.6226288487087,574.9814572827017,346.72910375945503,542.2693820215354,-7.712511596625356e-05,0.0413009001159322,96,69,98.03902836570823
6475,834.6658412772886,155575.37088697313,75255.68478818721,76392.1245917631,1656.4836995800724,566.816220983208,339.097852277162,542.6891449719551,0.0001058435009133,0.0573195222000496,96,69,98.03635395553006
6476,834.6829295900473,155585.7706576108,75251.9392545489,76387.92412270214,1647.3156098567415,565.1089873871388,335.90939449777943,554.1550905948097,-6.279077012439239e-05,0.0542148223383065,96,69,98.03366965680964
6477,834.6864302478965,155615.4840930998,75271.70651994117,76390.66135768087,1647.9454410026665,571.5799396101065,337.8956271825009,561.0357869199943,7.882203937673125e-06,0.0554580369670467,96,69,98.03097556093216
6478,834.7026160664777,155567.56541859178,75262.04263572326,76383.92121528008,1658.9880327922874,582.7731007061666,344.02895349863684,577.7016756512166,4.599432288512478e-05,0.0402139648872307,96,69,98.02827175957836
6479,834.705788133064,155580.6253399103,75250.53217585814,76376.58282080472,1675.894732308574,598.2344838901336,353.0712617909303,588.4092003231635,-9.757014783391156e-05,0.0163307729795591,96,69,98.02555834471866
6480,834.722920974034,155532.10333331322,75271.36090091565,76359.15513949457,1697.9398226462654,613.0600455821696,362.6399629067746,607.7574091550196,9.082671805898329e-05,-0.0088821242509182,96,69,98.02283540860724
6481,834.7263323849492,155529.8414453568,75231.69038068212,76371.6736039844,1719.6788637284772,626.6870821029879,371.1218009465083,618.5942429646384,-6.90103070011658e-05,-0.0580448620624266,96,69,98.02010304377696
6482,834.7425164263673,155531.91150245312,75263.20359473092,76353.59968931167,1739.6585446627578,634.8717556030024,376.53026287583634,636.1360098696023,5.313273353509735e-06,-0.0890474827891171,96,69,98.01736134303356
6483,834.7457450971127,155564.71381034722,75247.69255709591,76357.69012073662,1752.428692421061,638.2776651650056,378.2178970374807,644.9181447895826,5.206478974705523e-05,-0.0821025211003861,96,69,98.01461039944948
6484,834.7629054858544,155539.60552089565,75246.75219114374,76335.84976803474,1756.6941330096452,634.2396794330853,375.42109083684045,661.2407494248764,-9.076810836599675e-05,-0.0924101519382129,96,69,98.01185030635952
6485,834.7662305074286,155521.190000787,75238.11737182968,76361.17731745663,1747.8140015506651,625.1520116359898,368.74828346798313,668.053566655959,9.843960324567452e-05,-0.0961295299201486,96,69,98.00908115735358
6486,834.7824192286121,155521.0330473541,75230.45643183957,76360.03264720248,1726.058726029878,609.6343973118346,358.45178595135803,681.3619578554062,-6.08419374654953e-05,-0.0791875363842276,96,69,98.00630304627248
6487,834.7857099358928,155521.68709647955,75235.23256226558,76360.76779590143,1689.3097770116874,590.8224191286427,345.79933194670593,684.5233291157056,7.817519947583467e-06,-0.1039850531343549,96,69,98.00351606720118
6488,834.8028834858666,155502.8026265163,75219.52429077547,76346.11722712293,1640.5723198442138,567.8586009080755,331.3781958136242,693.6278194535116,5.516588705178936e-05,-0.1099211700996576,96,69,98.0007203144639
6489,834.8061242472303,155522.17323093684,75234.413017838,76358.11675431806,1580.287370241771,544.0845333008037,316.45131063327426,690.612150235218,-9.22326528591029e-05,-0.0869882488959384,96,69,97.99791588261748
6490,834.8223262721948,155538.3140455253,75261.84841849662,76344.70636243213,1513.5366291360115,518.3104041458282,301.3471638294577,692.5420843528409,9.55292708147622e-05,-0.0853942423205163,96,69,97.995102866447
6491,834.8256810977113,155557.6151443842,75240.99294080652,76356.9724344201,1442.0174852621276,493.0303519386216,286.8949554844876,683.1054410244978,-6.251108234222174e-05,-0.0791192364326172,96,69,97.99228136095886
6492,834.8428548004144,155579.41435387533,75252.0113246447,76338.75904566482,1370.969488591596,466.48644653559313,273.07690132266725,680.0346237409976,3.0656348349011625e-06,-0.0747738391250311,96,69,97.9894514613756
6493,834.8460138820857,155581.7922367227,75242.65434768364,76342.392339907,1301.1883648611256,440.9136615199677,260.36582624999573,665.5062295585813,5.4502876782264814e-05,-0.0741087447377361,96,69,97.98661326313012
6494,834.862238817699,155578.7112290221,75227.5322150713,76350.07808259287,1236.626952662249,414.6990734161809,248.40392957860604,657.6769659972924,-9.398407280239188e-05,-0.067775441733482,96,69,97.98376686186008
6495,834.86565724815,155606.5867362355,75245.12112975946,76338.91101113122,1176.3922175636399,390.29632069394575,237.2104668353859,639.56545926939,9.48927010687399e-05,-0.0632289521820078,96,69,97.98091235340158
6496,834.8828191110836,155661.0105880153,75230.05791912398,76365.32696452737,1122.6079090946587,366.7322292238241,226.18948772150907,629.1845269699406,-6.0395896482130406e-05,-0.069162469634213,96,69,97.97804983378444
6497,834.885900027987,155667.88163860262,75245.3115953974,76375.87137330206,1072.3966025524423,346.73401244527486,215.34065085786278,607.9914935882553,2.351010918637297e-06,-0.0742375534326351,96,69,97.97517939922528
6498,834.902157797338,155676.6050338985,75242.66591554174,76362.67425387705,1026.8101732217474,329.2123396291863,204.55357111390913,594.949379728525,5.718941856464352e-05,-0.074311600094389,96,69,97.97230114612248
6499,834.9056371090356,155715.05917030605,75257.81043887646,76364.62414452255,982.6891955284518,316.06273440711084,194.52376459067455,572.6683946424164,-9.35620399238868e-05,-0.0880237504173316,96,69,97.96941517105029
6500,834.9227761170755,155731.5927249481,75260.23854675813,76358.43334649646,942.0459950522054,305.56898257805733,185.97202506303438,559.7723302171507,9.49878887417724e-05,-0.0976023357516556,96,69,97.96652157075258
6501,834.925783497994,155785.35561863342,75250.15122418894,76355.3542186239,903.1802228518063,298.77733513315616,179.8813335255545,536.969166584604,-5.8690137229350925e-05,-0.0910688528271517,96,69,97.96362044213814
6502,834.9420838992407,155783.8099187656,75247.52425781499,76372.4589541288,870.2165791303269,293.48879611241864,176.72768177834223,523.3825863041275,4.1071837983800316e-07,-0.0875771699364786,96,69,97.96071188227366
6503,834.9456193990712,155814.9874370794,75255.80936624222,76335.90038383768,842.3639407827868,290.28415431207395,176.49619444226846,500.1706790535245,5.830135414057325e-05,-0.0875695878636205,96,69,97.95779598837838
6504,834.9627256169372,155845.48376002378,75283.93935358652,76360.33160809871,823.1713644803385,287.3529853916698,178.5149173460086,485.60506156107294,-9.457209747708398e-05,-0.073515126601172,96,69,97.95487285781876
6505,834.9656652195199,155865.0339451097,75283.3382074361,76380.68481592662,809.1423316085711,285.5231987857842,181.50980419831467,459.33361675424385,9.397163610350064e-05,-0.0784556505339083,96,69,97.951942588102
6506,834.9820176076696,155889.433835654,75284.64658844577,76376.06641834091,800.9985287999734,283.4305805332406,184.11452372625354,441.2863932271721,-5.7525016676400457e-05,-0.0909401535180529,96,69,97.94900527687052
6507,834.9856028137181,155943.5701326209,75291.98745637965,76408.79732060307,792.3586057017092,281.6788563220616,184.78138826796203,412.7960373783717,-1.5799475857218415e-06,-0.0757385223018337,96,69,97.94606102189614
6508,835.0026675571733,155972.54236553013,75293.49619025447,76380.08980405306,782.7115415118751,278.881393868156,182.73783419613028,393.9515807897842,5.97323252954096e-05,-0.080034336815809,96,69,97.9431099210742
6509,835.0055461732045,155987.3674567493,75287.82880844078,76406.26326948975,765.7499408275471,275.0111541397491,177.44149675185326,365.3073547613458,-9.499297254083892e-05,-0.0825687964413296,96,69,97.94015207241792
6510,835.021959229181,156016.99980385986,75292.37767351652,76378.38750049932,743.5369224229944,268.5898938663304,169.7239727396809,348.510251914995,9.3522974359459e-05,-0.0750202566852727,96,69,97.93718757405207
6511,835.0255860197027,156070.0791179986,75273.31727926327,76403.2510881575,712.5164484706474,259.48050202598097,160.3322324876208,324.44748285779497,-5.584041877605751e-05,-0.0709711186615755,96,69,97.93421652420795
6512,835.0426020673369,156053.1489513562,75276.40153240085,76389.68366953616,677.527970655763,247.1493616885855,150.96323272620793,312.8642852506309,-3.2500348479896933e-06,-0.055779439756768,96,69,97.93123902121673
6513,835.0454273372693,156122.69322143035,75284.10729070008,76418.15323156238,636.0634693439933,232.14454861730337,142.04089910601033,292.0037131632271,6.125738556044754e-05,-0.0314468728466159,96,69,97.92825516350403
6514,835.0619089192802,156118.52231459864,75277.01727429334,76386.23547522364,593.5920265892637,215.00334708185983,134.33919401679304,281.74560063440003,-9.544398187154003e-05,-0.0286712645308695,96,69,97.92526504958424
6515,835.0655676506701,156157.27165745277,75303.85252120002,76382.75175006514,546.005639947718,196.23737156609423,126.58376770481118,259.8095377708378,9.2862023738876e-05,-0.0553345443184832,96,69,97.92226877805416
6516,835.0825294934202,156155.3626867215,75280.9299466894,76381.16293658235,496.53952442499576,176.12415324590984,118.08814841631101,244.5502306302369,-5.436807675928295e-05,-0.0420977966198772,96,69,97.91926644758766
6517,835.085309626387,156218.5570037086,75295.45459418008,76385.74882745006,438.1109381990973,153.7133280739945,106.4285225213971,213.09403500534245,-5.135607371221964e-06,-0.0490012702257945,96,69,97.91625815692969
6518,835.1018667213542,156251.57564501005,75294.44251269178,76379.03874162128,373.3939013839117,128.57477374337032,91.15499337523943,187.0064157228917,6.260048150870292e-05,-0.0705985104638067,96,69,97.9132440048902
6519,835.1055462911393,156284.09864492135,75296.88165867033,76380.71620212494,296.09110554342624,99.42109333908593,71.04345795651898,146.0536867841147,-9.594627999879044e-05,-0.0468147298000845,96,69,97.91022409033872
6520,835.1224504429767,156363.89000486623,75305.3817084114,76393.23419565125,213.22282472526422,67.84841828959179,48.31895617800183,113.13373954591225,9.216192752733516e-05,-0.0568340307083302,96,69,97.90719851219814
6521,835.1251938105049,156368.09706686324,75295.47869182176,76385.70220499882,125.4958982069511,35.955466521394555,25.051514570135623,69.52947082932224,-5.2828158860872377e-05,-0.0505345715331135,96,69,97.90416736943912
6522,835.1418326354759,156423.75431447828,75303.68206573238,76406.55545140961,50.931215643766336,11.002998414158355,7.3649094664433505,41.75783809481072,-6.93619448133409e-06,-0.0288856309246934,96,69,97.90113076107406
6523,835.1455204270603,156460.8377925745,75311.5237673208,76413.71850277211,0.4507730802288279,-0.0,-0.0,11.99143840681063,6.401072259256845e-05,-0.0409441799176513,96,69,97.89808878615136
6524,835.1623658677281,156474.52646974733,75314.7867399418,76429.6650181392,-0.0,13.669870499899844,10.050809283420676,4.828910012671258,-9.634160833352344e-05,-0.0548400135434089,96,69,97.8950415437496
6525,835.165080382216,156529.62487637615,75344.01422338546,76400.49520334526,61.59567945357412,57.84535398396838,40.2680137991556,-0.0,9.147866476943626e-05,0.0086996480928394,96,69,97.891989132972
6526,835.1818067574119,156483.04310193143,75309.82078502196,76432.87643017138,205.39644584362395,138.1571174816927,93.48343076207675,21.411573053977918,-5.125385073705948e-05,0.2237178597107928,96,69,97.88893165293985
6527,835.1854883105691,156451.96115876595,75301.01470855223,76418.0012481651,427.3902812853339,250.26870741629682,165.72950629898696,45.78845550958067,-8.742698148567991e-06,0.4339940595667882,96,69,97.88586920278726
6528,835.2022772512188,156399.99179370076,75284.98367460816,76431.63928559303,725.8921618444729,388.15231730985397,252.7428021679807,93.01662544105784,6.53720365326894e-05,0.1022250010840722,96,69,97.8828018816552
6529,835.204969284361,156388.18089113102,75291.51636489034,76435.9503446321,1072.9212220730842,536.3453136267053,344.42526194028324,137.7155988397426,-9.673843115201748e-05,-0.370883981864797,96,69,97.87972978868568
6530,835.2217896066201,156338.32390534863,75325.08155062993,76426.04664970803,1448.5862181741395,682.8002892273798,433.62068837630795,201.0172074594593,9.07326096569772e-05,-0.1336821247390306,96,69,97.87665302301608
6531,835.2254475765785,156301.10790546832,75294.41113638716,76438.14586121714,1813.6631829710095,811.1045339412376,510.4000194965338,257.2003927518963,-4.968688137026061e-05,-0.0118718573716302,96,69,97.87357168377274
6532,835.2421871254977,156238.59977399162,75309.40167713974,76431.71494491816,2147.996027726913,914.5293493687495,571.160723648456,326.12465815155883,-1.0557953815165924e-05,-0.0774206103913688,96,69,97.87048587006612
6533,835.2448591831647,156156.36020869165,75292.52314537994,76420.53627983881,2421.3102162412833,985.4276942977885,611.3607934600441,382.265007548267,6.670942378169152e-05,-0.0185253706397419,96,69,97.86739568098412
6534,835.2617830967405,156136.12133125938,75293.7788989379,76423.1829275618,2630.4468137489166,1027.7778192736005,633.6581315933727,447.71106325436267,-9.70951372053461e-05,-0.0330817494116251,96,69,97.86430121558682
6535,835.2653939412742,156087.81334417546,75291.03219391436,76428.46976319593,2762.6354791804915,1042.053881697051,638.3089726499747,496.73829798877705,8.996851127117758e-05,-0.0158033769300814,96,69,97.86120257290024
6536,835.2821009336924,156036.25044918346,75292.23012953918,76399.26107626176,2831.1407545005786,1037.4489807746286,631.1620478094701,550.4929947722703,-4.809068840829361e-05,-0.0056460526990785,96,69,97.85809985191106
6537,835.2847446894148,156007.47432969863,75304.67722798666,76439.70986475359,2835.5294437133125,1015.839120445482,613.6888948413689,584.4604324004322,-1.2357781911521904e-05,-0.0097283931416964,96,69,97.85499315156072
6538,835.301794769364,155982.81046941786,75279.48069524446,76414.66150869527,2798.342830315756,986.1662124434224,591.9212136330025,623.1179581099714,6.803082966371208e-05,-0.0019595276528952,96,69,97.85188257073894
6539,835.3053144420738,155945.8498068017,75286.63988208032,76416.57617111814,2722.450335397385,948.0639460329257,566.1415088903159,642.7076494849753,-9.741637023813068e-05,0.0036177916066621,96,69,97.84876820827924
6540,835.3220387020092,155987.00019899424,75324.8734368281,76410.09792014358,2631.18085456884,908.8021004243637,541.0793040691206,667.6377227505436,8.917312322487485e-05,0.0125737239315622,96,69,97.84565016295178
6541,835.3245939482714,155947.83922358332,75308.80572829342,76402.56774185618,2525.9596416852437,866.7922486265888,515.7459113321529,675.4135559980641,-4.648294979805592e-05,0.021061027085572,96,69,97.84252853345905
6542,835.3418892840505,155966.41099600808,75310.40782082803,76418.15901258495,2428.453860231384,829.3223447906057,494.23334163060645,692.5752373868891,-1.415770291551652e-05,0.0126927997898032,96,69,97.83940341842876
6543,835.3450000160168,155955.62364958497,75280.45870308603,76412.55251755794,2334.4723715091823,793.5408633581974,474.4103693111974,694.6250473294349,6.932393165240053e-05,0.0241127378981054,96,69,97.8362749164089
6544,835.3612431295118,155951.51842707006,75295.75989452466,76409.80864837336,2259.390516294283,765.3262309083511,459.37072753635584,705.805032537668,-9.770819376268228e-05,0.0282553586520032,96,69,97.83314312586197
6545,835.3646598729102,155945.65959983238,75272.95031544848,76382.8275394207,2192.900138606492,740.0984700317204,446.024131910468,703.403269673232,8.834617415017833e-05,0.0140391205935228,96,69,97.83000814515896
6546,835.3818131696197,155980.2439701284,75287.66910212455,76411.53590049213,2143.877724233258,721.6468432505499,436.288871835568,710.5720518078015,-4.486046917324486e-05,0.0426654329253301,96,69,97.82687007257395
6547,835.3849095680541,155986.3341813561,75275.96740336163,76421.20352628679,2095.8665904944064,703.1349242395954,425.8306112042919,703.0495086649025,-1.5950971550175398e-05,0.0474850960903683,96,69,97.82372900627804
6548,835.4011468634469,155975.07883486262,75300.98408345613,76417.60974522105,2056.0809990732814,688.0567632091406,416.48480715358164,705.0653532426513,7.0594904138358e-05,0.0497735608345729,96,69,97.82058504433412
6549,835.4046504063621,156012.09538226816,75315.08191651889,76401.7879989084,2009.3707363114809,670.4908847179468,404.7042540196562,694.763057612261,-9.796500929321724e-05,0.0878969702059346,96,69,97.81743828469097
6550,835.4217623168205,156022.37287704326,75290.3169472774,76423.3715444932,1966.5490886005573,655.8689690362226,393.82895196255413,696.0920548939612,8.749146917603608e-05,0.0937132957885835,96,69,97.8142888251774
6551,835.4247990543241,156068.86061726062,75303.71500479593,76402.06167591139,1916.498422637931,640.1113640918047,381.86357733036857,685.8219060921983,-4.3222538263399375e-05,0.0969777637202528,96,69,97.81113676349682
6552,835.4410682018407,156022.71267575357,75313.02335999886,76430.82832346327,1876.0193789674086,630.9656052094069,373.90425038782996,688.556828610017,-1.773767616128396e-05,0.0989734017160844,96,69,97.80798219722168
6553,835.4446365888226,156027.96472248665,75314.90869218242,76413.48141420599,1838.1438634753576,625.2422874020267,368.73745423575747,682.3200123288261,7.184133273445851e-05,0.0974232050090807,96,69,97.80482522378745
6554,835.461708544729,156080.19422434433,75292.33229177172,76443.9588603918,1820.619386455859,629.7125873827026,370.8953042666544,690.1860105631349,-9.818928417651208e-05,0.0863844285420386,96,69,97.8016659404876
6555,835.4646835969376,156065.479483812,75308.48441957257,76413.1238673222,1813.6606661619735,638.4030103690457,377.27771244506584,688.355849817046,8.660691492169636e-05,0.061522420735733,96,69,97.79850444446744
6556,835.480999413034,156081.29451186495,75306.80824533352,76445.76229829286,1831.888671974244,655.6301455317152,390.40657062924583,700.4605074525753,-4.157148479288077e-05,0.0288689423974429,96,69,97.7953408327188
6557,835.4846222760116,156068.76549773154,75285.88291262869,76403.59208928049,1860.5708321292768,673.1572965293599,405.02618277279544,703.7604901878804,-1.951813777923121e-05,0.0054323453291818,96,69,97.79217520207428
6558,835.5016483666985,156054.2509034346,75285.99531038513,76395.98532640292,1908.3116992237046,693.848587200453,421.8420538762002,720.1094022626348,7.306272001062091e-05,-0.0090726313791542,96,69,97.78900764920157
6559,835.504566564007,156068.2202655853,75299.10427802862,76424.44857728264,1954.4640627666959,709.1505069323903,434.5997928787838,725.2461048731348,-9.838040631392787e-05,-0.0250527948540811,96,69,97.78583827059862
6560,835.5209390817917,156059.85673592731,75305.82826919522,76407.22745394056,2005.45785940293,723.6028626655898,444.6775026919786,741.9068790106976,8.569373152463691e-05,-0.0362264111897866,96,69,97.78266716258725
6561,835.5246074163531,156067.55826558764,75293.49014750318,76406.9787453036,2040.1607280598837,730.4651199355721,447.3610775418347,747.0849329675548,-3.990689204100284e-05,-0.042626778225627,96,69,97.77949442130796
6562,835.5415809297351,156051.4781897339,75287.41901680769,76423.32886424402,2066.0595404599444,735.3042831532366,445.88769709379994,761.9902751837508,-2.12909394841273e-05,-0.0546645396214114,96,69,97.77632014271434
6563,835.5444497088972,156080.49931836507,75278.9605675537,76434.249843222,2064.8147644291166,731.588005066922,437.3128869573411,762.8645904108707,7.425918872151562e-05,-0.0425570083455048,96,69,97.77314442256782
6564,835.560886734129,156057.53507412935,75268.58090601672,76430.71029958248,2050.1098253705422,725.3967390476028,426.63021937641315,772.3645983302267,-9.853813632849135e-05,-0.0300677460362242,96,69,97.76996735643186
6565,835.5645911701876,156059.7882839405,75282.7137014892,76410.57264986544,2009.3007882905076,710.3336789593595,411.69490922178375,768.2430267547024,8.475213896411852e-05,-0.02745963225444,96,69,97.76678903966663
6566,835.5815061250855,156104.21732976168,75283.7479709103,76389.90082629147,1959.9079943147954,692.4411418630189,397.26661250632606,771.8859420884983,-3.8229622021426855e-05,-0.034582981197279,96,69,97.76360956742346
6567,835.5843343521577,156084.37910922742,75283.27423182662,76432.17514754094,1891.3316314107506,665.8129960733495,380.46330019517336,760.985498087859,-2.305586325357825e-05,-0.0184404721827789,96,69,97.7604290346396
6568,835.6008420387604,156111.1046902074,75285.77552421704,76408.57242224707,1823.1580776224728,638.084298386937,365.5913979643956,758.6692465062661,7.54299915626908e-05,-0.0096633490613099,96,69,97.75724753603274
6569,835.6045724795503,156121.56488977265,75279.03198172995,76407.56650262562,1744.2215364815784,604.5580334654951,349.16529336586245,743.885207463929,-9.866269918898218e-05,-0.0132227238785686,96,69,97.75406516609546
6570,835.6214242079909,156196.95671461977,75281.61929202547,76433.3576354251,1671.487217038637,573.1151650885295,334.78172183057177,737.9304785258428,8.378233009926752e-05,-0.0098670600978386,96,69,97.75088201908994
6571,835.6242216216433,156148.78865317637,75308.01194751791,76441.72971072038,1591.1070822910988,538.934783783523,318.5444257663621,719.2839087882021,-3.654025973150439e-05,-0.0084751530134897,96,69,97.74769818904257
6572,835.6408046220827,156187.78618022523,75285.33546024733,76425.20400233599,1519.6123916245415,509.96490330953384,304.24777795400587,710.2223119002592,-2.481223684496388e-05,-0.0095399164987122,96,69,97.74451376973872
6573,835.6445502299188,156216.28499099924,75309.08347519058,76410.75302960473,1442.2709154931363,480.78193621870014,288.082315192878,689.7430730229535,7.657487987425125e-05,-0.0103519146311344,96,69,97.74132885471704
6574,835.6613356939783,156236.27582157962,75316.8211812206,76399.10043111055,1374.38226952299,458.055045247238,273.7591591529781,678.0801094737544,-9.87539226723831e-05,-0.036876524825725,96,69,97.73814353726488
6575,835.6641124951358,156287.5196735583,75302.10776654315,76410.18627028985,1300.9060323549784,435.44857075376785,257.6928045920795,654.2883167995606,8.278476579477454e-05,-0.0410965422851172,96,69,97.73495791041204
6576,835.68077403135,156289.03596337375,75305.13696666823,76415.09068533605,1238.6556596786832,419.3325918627961,244.2894812670711,639.8591435069102,-3.4839301662145374e-05,-0.0158180420648268,96,69,97.73177206692633
6577,835.6845233024045,156334.14699272322,75265.53600807929,76437.21523886181,1172.6009578676894,402.7176726979087,230.32717437500833,614.3347244207107,-2.655944371720993e-05,-0.0206657368489531,96,69,97.72858609930768
6578,835.7012413356846,156352.95486144107,75304.48470501362,76434.68509769812,1118.304531374306,390.8705883134535,220.04537422739668,597.0561883701012,7.769346480003683e-05,-0.035428484466902,96,69,97.72540009978346
6579,835.7040077758818,156382.36907286666,75317.84080580053,76419.42518099817,1060.0585456235567,376.46722040914756,209.9547566062538,567.7212774564687,-9.881183402610526e-05,-0.036791484072275,96,69,97.72221416030258
6580,835.7207497602227,156408.84982105248,75325.37760458421,76427.4123754533,1014.2425283223856,365.2596037365438,204.03522887139115,546.721712458675,8.175973888990239e-05,-0.0543590147593231,96,69,97.7190283725313
6581,835.7244905707787,156471.9478335857,75298.32122979796,76405.72202943292,964.5523498774273,350.34172833306366,198.08002871338977,514.1948871343338,-3.3127379202380186e-05,-0.0571073078158579,96,69,97.7158428278469
6582,835.741142148268,156500.70229810668,75321.21385100512,76443.59593163192,925.967728563759,337.52497990691336,195.11459265675512,488.82498735844274,-2.829693796039034e-05,-0.0384485707901672,96,69,97.7126576173334
6583,835.7439080158924,156510.35995427016,75322.45263853688,76463.87626603205,881.8343794384855,320.59919246718346,190.48549909019493,451.8065905685653,7.878536007999677e-05,-0.0445527842739785,96,69,97.70947283177586
6584,835.760731337627,156612.86398587175,75334.40658332751,76412.43052064965,848.0356634220225,306.2555291583849,187.29392458184157,423.38785075527267,-9.883643105056716e-05,-0.0469452760925066,96,69,97.70628856165575
6585,835.7644508264448,156569.5956838363,75338.41099524712,76432.45634360524,807.1856701396173,288.63064063309866,180.94622849466396,385.557602165587,8.070761924345728e-05,-0.0343952564692874,96,69,97.70310489714542
6586,835.7810395162363,156660.7914789157,75312.3170221711,76445.00523240532,773.8827291115304,274.1903514032456,174.67088583510485,357.14976217449293,-3.140505427103002e-05,-0.0333205890968544,96,69,97.69992192810348
6587,835.7838133356889,156685.88127084167,75319.6009710943,76437.24666467779,731.2190609371173,257.5549005977664,164.68802107404917,321.22662789069,-3.002411708734459e-05,-0.0228112290557154,96,69,97.69673974406916
6588,835.800718556171,156734.9766639866,75325.66830263652,76459.75917426897,695.9582959922263,245.66750183484692,155.42858638969483,297.1170310144953,7.985022807652319e-05,-0.0055214552320512,96,69,97.69355843425784
6589,835.8044025208956,156779.11206234436,75304.81442823757,76439.09623389682,652.0290570607176,232.86195752459753,143.95423499465687,266.97617639336386,-9.882770862559568e-05,0.0077737916607017,96,69,97.69037808755586
6590,835.8209355392946,156783.54006373385,75338.65362739796,76439.74913429674,616.2164118328365,224.75146714269067,134.90258566246484,246.89918684813892,7.96287777869151e-05,-0.0145414746096915,96,69,97.68719879251525
6591,835.8237229149987,156831.82667232168,75326.12869599905,76420.79521744691,572.9078319495311,214.57153621371253,125.19370284525212,218.71201252692845,-2.967291429139329e-05,-0.0204839680181993,96,69,97.6840206373494
6592,835.8407121685766,156821.42709287684,75312.25589587452,76449.49481666257,538.5336646405049,206.44246731008752,118.53960010109586,198.22994054688024,-3.1740409830253194e-05,-0.0173608115878514,96,69,97.6808437099275
6593,835.844342837135,156905.6819419859,75325.42309919947,76421.44551759414,493.78576747869374,191.86972999454883,110.0230934266292,167.27207239391282,8.088771386807696e-05,-0.0443854282804259,96,69,97.6776680977701
6594,835.8608343597942,156905.41135775275,75300.8241311797,76441.73487670439,450.4032505445648,173.64073744618508,101.399995372165,141.1085326737375,-9.878569250326732e-05,-0.038322287747392,96,69,97.67449388804374
6595,835.8636329921981,156948.35901280164,75328.19267260112,76425.34791895022,387.1315386634669,144.4103672082856,87.12839951520436,104.84614500126918,7.852358420572109e-05,-0.0253371834532262,96,69,97.67132116755674
6596,835.8807169417071,157015.8066119797,75302.7541333331,76434.63236801476,317.58584730833536,110.0899409653066,69.93649847817142,76.48856916007935,-2.7931550004227147e-05,-0.0320654089912491,96,69,97.66815002275378
6597,835.884262870362,157027.70662182302,75314.92644584658,76426.16980746468,225.60312432912178,68.32510602974799,46.84215918069822,42.998886296816636,-3.344524308345909e-05,-0.0321785954106556,96,69,97.6649805397112
6598,835.9007503012522,157076.9103196311,75325.92268265427,76412.79657396495,135.21885455562733,31.06171233500936,24.6054189245624,22.02049794755294,8.189748147124389e-05,-0.0357269994695637,96,69,97.66181280413277
6599,835.9035218815479,157074.1351359292,75322.53635067736,76420.29492272649,46.05824671511073,2.797794376849197,5.349928941344842,2.014924377814168,-9.871040860291278e-05,-0.0411817962320903,96,69,97.65864690134394
6600,835.9207729131219,157092.14495868815,75334.32782688303,76444.35021337194,-1.8076314430800267,-0.0,-0.0,-0.0,7.739242571884218e-05,-0.0333718070163141,96,69,97.6554829162881
6601,835.9240641140639,157105.2216443394,75314.08064768967,76410.1448392997,-0.0,27.5001606374135,12.02227309634327,2.5996622407692485,-2.618155010589041e-05,0.065476042893084,96,69,97.6523209335214
6602,835.9412677355664,157094.1795473887,75315.66188231726,76409.93704295284,91.1428703252459,96.92899491301796,50.1848226536531,24.112952631054213,-3.513804542084944e-05,0.3051018272063388,96,69,97.64916103720782
6603,835.9437976373964,157036.76583279757,75301.9791575398,76385.52083105267,267.30622288328595,203.86535229181754,112.33879917845479,50.17623723644647,8.287920372075789e-05,0.3814970311951251,96,69,97.64600331111508
6604,835.9605972984854,157015.3429859377,75325.46587707938,76398.75518443568,544.9664625128498,347.23211625323165,199.14525446665357,93.51311432075454,-9.860189741455036e-05,-0.1326393466470865,96,69,97.64284783860953
6605,835.964121268389,156982.54124279026,75323.87301395647,76435.35423849027,890.7250199934351,510.023365657049,299.95654665719485,139.98503009194974,7.623569437953925e-05,-0.3853731371293153,96,69,97.63969470265218
6606,835.9811286908644,156920.54283114074,75303.61349425126,76413.52499697304,1291.488279707206,680.6368390745338,408.0609350527229,199.8019905971014,-2.4423509231155517e-05,-0.0616846021593266,96,69,97.63654398579315
6607,835.9837256098434,156875.87947689975,75284.59112585972,76437.14068249833,1694.2731459061033,837.9298010065977,509.1795895786199,258.7450379366346,-3.6818253243458856e-05,-0.0853982663814326,96,69,97.63339577016832
6608,836.0005351870907,156824.3942772582,75331.4457482731,76430.94224315144,2080.7560058837407,972.6516969009244,597.1989710096968,326.4456946993305,8.383256108357428e-05,-0.133643269245563,96,69,97.6302501374936
6609,836.0041190194892,156723.294676025,75314.04265360456,76434.68896843799,2405.460388294887,1071.7114584351075,662.1344938323018,388.81200510339113,-9.84602108730523e-05,-0.0832843434733147,96,69,97.62710716906152
6610,836.021017822297,156712.5219651964,75311.80554274343,76414.50459622554,2665.9625296257436,1136.1885384010238,704.1951642442582,453.4379524551332,7.505379128078837e-05,-0.0980446265974609,96,69,97.62396694573604
6611,836.0236341306651,156628.80770428464,75323.5149643967,76405.50989830933,2838.6641037485097,1164.2071839636628,720.8728634146828,507.0256542720599,-2.2658023464666857e-05,-0.0933854187510175,96,69,97.62082954794846
6612,836.0404969478086,156577.30513270482,75323.85663992491,76433.72824604742,2943.44869447354,1165.764191307535,719.1403240209329,558.2833245435613,-3.8485305166444864e-05,-0.099105102008837,96,69,97.61769505569288
6613,836.0440978916031,156543.00285445902,75276.63310553443,76427.67183544421,2973.6456456480664,1144.5347450025292,701.2259116741334,596.3199367826746,8.475724588469989e-05,-0.1060752235309674,96,69,97.61456354852216
6614,836.0609126087664,156541.0342507647,75273.78763388479,76415.72724575564,2958.558931707579,1111.8477375379734,676.0139135347417,630.6407039524347,-9.828541122613672e-05,-0.1042592861275904,96,69,97.6114351055428
6615,836.0635383694608,156502.7210734243,75304.53824756754,76426.50399019598,2896.646865619172,1070.6544923030306,645.694159163264,653.2424832372053,7.384712630357159e-05,-0.1082732432623517,96,69,97.60830980541148
6616,836.0804725959194,156495.81047191145,75287.86193574332,76441.62341475362,2818.8787492712145,1029.79190980368,617.3839684443083,675.2877083180065,-2.0885690909008778e-05,-0.1071612653969452,96,69,97.60518772633074
6617,836.0840630638539,156457.60209751737,75315.8378217569,76421.00255319936,2721.593721182726,989.1824457344192,590.3959294283559,689.84531525278,-4.013864527875904e-05,-0.1265667958574196,96,69,97.60206894604389
6618,836.1008100823217,156473.42949114848,75304.6859244651,76397.17614140845,2630.923952767451,954.1504449364147,568.4743701083935,706.3341158356052,8.565295868737997e-05,-0.1262231287936226,96,69,97.59895354183156
6619,836.103441246267,156478.78655162486,75318.68240273467,76401.78120462252,2539.039567677828,922.2090639667149,548.4963578877796,717.3526937452261,-9.807757210268904e-05,-0.123790459325186,96,69,97.5958415905074
6620,836.120460469182,156435.97473097613,75274.34924442477,76448.4502464186,2467.579452684906,896.5898520975898,532.7573503286403,730.8434050284559,7.261611700108079e-05,-0.1317672447044494,96,69,97.59273316841367
6621,836.124013281134,156427.32521571394,75277.67737378337,76404.00999103491,2402.0587669021334,873.258605207855,517.6129781296477,738.574373375217,-1.910711196049933e-05,-0.1304118057051757,96,69,97.58962835141752
6622,836.1407131601679,156435.29971457564,75291.9248271626,76403.24466241607,2356.028236553888,853.9683029001317,505.36213422811124,746.9052457637154,-4.177772258906864e-05,-0.1321246052929144,96,69,97.5865272149062
6623,836.1433397325131,156413.3288609592,75299.91967635235,76410.2475585872,2309.4468237928813,834.4991100083716,493.0938817494898,748.8082310711325,8.651941086654396e-05,-0.1327559872708016,96,69,97.58342983378392
6624,836.1604654927854,156440.4662638858,75308.55597769412,76412.08534075071,2272.9916410488077,816.8714629685273,483.6533790183021,751.6285826152598,-9.78367783554411e-05,-0.1342253755183085,96,69,97.5803362824671
6625,836.1639387109694,156428.67609588066,75318.74983755169,76409.99175471655,2225.85376319685,797.7389906472381,474.10251697007334,749.6932406751439,7.136118922780866e-05,-0.1658759722084462,96,69,97.5772466348806
6626,836.1806376044224,156460.1797882302,75277.5663421251,76409.73639264058,2180.783625255106,779.9611353108776,466.67039198908606,749.9503690909769,-1.732288909915236e-05,-0.1621322483961699,96,69,97.57416096445375
6627,836.1832097462429,156474.535313022,75299.56892141153,76434.5121873649,2123.394267853175,761.7084653674829,458.15850386506645,747.2709946265968,-4.340199104684681e-05,-0.148899261177467,96,69,97.57107934411682
6628,836.2005319011906,156432.30219977003,75284.10268575973,76444.65267710651,2073.8339660740457,746.9046601045557,450.8625075839809,747.651884648425,8.735632329565822e-05,-0.1586583453837256,96,69,97.56800184629626
6629,836.2037359112823,156441.5797707046,75301.09582059772,76426.99686271443,2022.1612159247743,734.311007355398,442.10245173139265,745.118827759492,-9.756312596789311e-05,-0.176674082185449,96,69,97.5649285429116
6630,836.2210553931437,156452.88108986116,75294.18440927373,76442.3331758105,1990.0863378592767,727.5976626948104,435.181734942249,744.4824979366094,7.008277647828318e-05,-0.1958193833547708,96,69,97.56185950537122
6631,836.223600929434,156454.74837710304,75290.0261195823,76416.18617806176,1966.4837259809137,725.0449841967202,428.77028888155473,740.6708278155129,-1.5533625795843173e-05,-0.2158040041568136,96,69,97.5587948045687
6632,836.2403348472347,156471.63785456467,75307.24618463294,76394.72313116852,1968.9084840024007,729.063332383681,426.9247759182181,739.2899544627289,-4.501090997783196e-05,-0.2527139273516603,96,69,97.55573451087928
6633,836.2437990252954,156444.5292927438,75296.13189431526,76436.67504925211,1981.3608771333238,736.7590678790584,428.2814618211123,737.4714726140373,8.816342721166606e-05,-0.2719838398927903,96,69,97.55267869415552
6634,836.2609261208163,156430.73941177104,75271.97727060119,76407.11664811829,2014.3907774824183,748.8046673581703,435.3068661124853,740.9805216357636,-9.725672170530616e-05,-0.3000690258486348,96,69,97.54962742372405
6635,836.2635231520469,156520.47048849674,75290.2289466046,76412.97711554,2047.5930010213633,761.3072399714583,444.6183637206268,747.2233407498861,6.878132016538317e-05,-0.3241915765190458,96,69,97.54658076838204
6636,836.280265346407,156476.17892356176,75282.12058940058,76400.12549196578,2089.9319952544756,774.3482892346365,456.72467006763327,760.295207684394,-1.3739927500669944e-05,-0.318313413945461,96,69,97.54353879639314
6637,836.2838000107773,156417.18441324553,75252.98994061946,76416.18865522758,2121.30695565301,784.2528362230951,467.0781916290871,775.5915858613153,-4.660394377216367e-05,-0.3263227649430342,96,69,97.54050157548426
6638,836.3008259814865,156418.3087402246,75281.72320061165,76424.51210361726,2150.515600838349,791.3475604436826,475.75307936873287,793.6931178991217,8.894046385246445e-05,-0.3271471992266775,96,69,97.53746917284175
6639,836.3034237814201,156381.81919004372,75303.42828461117,76406.03722430584,2159.5353725372115,792.8913455512957,479.13170685977093,808.4558852274786,-9.691768345598672e-05,-0.324010579111101,96,69,97.53444165510804
6640,836.3202209821212,156378.5312770454,75274.08009225002,76410.68095281906,2160.6399526600144,790.0514683892834,478.9702462569403,819.9571037646674,6.745726911083025e-05,-0.3227540177030606,96,69,97.53141908837829
6641,836.3237831052381,156394.09671482493,75271.91765100017,76410.3961199782,2139.4256616996718,780.9277106998779,473.562694750668,823.8480116037535,-1.1942400731545808e-05,-0.3152485231099957,96,69,97.5284015381963
6642,836.3407308187172,156390.29580036516,75289.73613802982,76428.3303065828,2109.9739160110475,766.8942878649395,465.9057019696338,821.9871966296923,-4.818056257430462e-05,-0.3120352216192106,96,69,97.52538906955203
6643,836.3433186745325,156420.6387955737,75278.59837434963,76389.52150349441,2060.520168885705,746.5368284878932,455.11682731402107,812.9854874770099,8.96871845077614e-05,-0.3137045880412633,96,69,97.5223817468776
6644,836.3601917891757,156443.0398089968,75254.33570700554,76412.54415059734,2007.3409563172609,721.6748427697021,444.1578046445502,800.3612230978324,-9.654614013135424e-05,-0.3333519479007095,96,69,97.51937963404396
6645,836.3637533195615,156414.86992670782,75271.67735003066,76397.01069098483,1939.3999220549013,691.7106117844814,431.39893808736815,783.7999250913272,6.611107975426238e-05,-0.3346923530135106,96,69,97.51638279435797
6646,836.3806376130043,156457.42900335713,75249.36379524156,76384.8765268377,1871.212159024435,659.0903232831188,418.3965349389473,765.9097907419491,-1.0141653015858731e-05,-0.3299437862180331,96,69,97.5133912905585
6647,836.383210724706,156462.06101391063,75277.09012912947,76396.67066274515,1791.0726567185484,624.1399366707483,402.55716770968866,745.8037909886334,-4.974024249906213e-05,-0.3452275390494983,96,69,97.51040518481422
6648,836.4001764952385,156489.68936575175,75267.7829765346,76410.48351870094,1713.2305055725155,589.7391823990329,385.000213993073,724.8646363783628,9.040335161595832e-05,-0.3392504504366735,96,69,97.50742453871908
6649,836.403708974699,156548.60410944975,75266.82160164784,76403.62655131593,1625.802213117946,556.2544957892824,363.4742004018335,701.8597062590125,-9.61422315404583e-05,-0.3454157228207278,96,69,97.50444941329026
6650,836.4205494000785,156521.84113779286,75275.14871562789,76391.87079712613,1542.2378822180908,525.7430322500732,339.90534188976744,677.5739674241922,6.474321565903296e-05,-0.3548761147350839,96,69,97.5014798689646
6651,836.4230968103315,156557.9964588395,75276.76733946287,76385.85117657641,1452.2286160674412,497.64534143568017,313.61903011755203,651.4861608986394,-8.338292786228102e-06,-0.3454885694274314,96,69,97.49851596559536
6652,836.4401804211923,156620.21334172605,75294.85241775471,76400.75060686634,1371.1915788127808,472.738948712984,288.0711530833796,624.7747807468695,-5.1282465565101886e-05,-0.3495912598441185,96,69,97.49555776244966
6653,836.4436398602653,156630.56419169233,75280.42168358616,76412.6989754404,1289.8177571293782,449.427620807357,263.63158695885795,597.8206196324609,9.10887369601116e-05,-0.361405165667516,96,69,97.49260531820492
6654,836.460481794919,156618.769934291,75301.72391869365,76408.89852009105,1222.1318916036398,427.6082078508043,243.70332466167747,571.7838364318595,-9.57061080348038e-05,-0.3749987821827358,96,69,97.48965869094638
6655,836.4629536542152,156691.07796320983,75263.74575752088,76411.48362092089,1157.539527994406,405.70371498001623,227.92993917068816,547.284078113822,6.335414762905036e-05,-0.365428098632883,96,69,97.48671793816368
6656,836.480245501316,156708.7287272115,75253.79706383955,76415.8103652096,1107.4431919717463,384.0676091224741,218.13071995519567,524.6395342383476,-6.532928745296914e-06,-0.3653087682743742,96,69,97.4837831167486
6657,836.4834525545177,156725.42629543575,75276.74192041476,76383.55047731705,1057.5281243956415,362.07508115880773,212.00417037919397,503.7329146497068,-5.280671968217105e-05,-0.3665279129231198,96,69,97.48085428299142
6658,836.5007880855004,156739.08083843335,75262.32731529148,76386.07061240822,1015.5936175239622,340.82932855101535,209.44181089836638,483.47079697684967,9.174312363244373e-05,-0.3717661468321425,96,69,97.47793149257885
6659,836.503445832314,156740.32403547538,75272.1273752428,76417.31254306644,966.7592924594064,320.3064936934388,207.08355233020848,463.1409064725449,-9.523793133863292e-05,-0.3929152099565716,96,69,97.4750148005908
6660,836.5200501361584,156786.45911182143,75290.13478311578,76381.09035357587,919.7437111228355,301.4276618235599,204.49452061616466,441.0354105110164,6.194435306141604e-05,-0.3797863609301783,96,69,97.47210426149783
6661,836.5235054567486,156828.25443097122,75288.31061034674,76378.44949675143,863.4942045018543,283.691484901341,199.11039101792267,417.0097164483159,-4.726170239664956e-06,-0.3790010840592244,96,69,97.46919992915852
6662,836.5406790492935,156823.9521870856,75270.52739954332,76379.89520892763,809.0503241148544,267.1031547652092,191.5998932844377,390.03446427654126,-5.431249896846071e-05,-0.3735796199955219,96,69,97.46630185681629
6663,836.5433568820657,156847.10132642405,75274.66042726509,76390.96721795129,748.2111414262326,250.68442689609947,180.94455993623706,361.4596543906373,9.236630474406752e-05,-0.3816539821089703,96,69,97.46341009709766
6664,836.5599782363382,156873.7422482324,75267.99049240538,76403.46179285466,693.72723971901,234.3772498764447,169.10969521012157,331.18724172440125,-9.473787306205532e-05,-0.3950031925937652,96,69,97.46052470200875
6665,836.5635031549638,156933.33210695215,75295.01371809794,76367.97108957263,638.1535770820919,217.844458654974,155.99945207094424,301.43096405334654,6.051431643106062e-05,-0.3980794432772976,96,69,97.45764572293363
6666,836.58059434789,156979.13117602756,75266.20565133999,76418.74039885342,591.6260720200953,201.62571944631054,143.52241647191113,271.8106305284891,-2.918627242673102e-06,-0.4094523270306862,96,69,97.45477321063122
6667,836.5832483141685,156985.93079728037,75312.56861040645,76385.65325719683,544.0066490991157,185.72268404821807,131.05495361977955,243.8684486078855,-5.579930460486466e-05,-0.4077014300626195,96,69,97.45190721523274
6668,836.5999292575408,156996.7280368864,75301.28746482068,76401.35312523891,502.073579222837,169.9894935622724,119.39139354633517,215.64502715857816,9.2958084144472e-05,-0.4075441832199173,96,69,97.4490477862398
6669,836.6034866467456,157010.82327670485,75277.76973692252,76383.30574723204,452.9417435787618,153.0515588447306,106.72733308939496,187.64895696987514,-9.420611630918032e-05,-0.3997959002772041,96,69,97.44619497252178
6670,836.62051209257,157073.97098341637,75266.85360429906,76373.24516449195,400.1540776020265,133.10086762948777,92.65329503201065,157.3987137665099,5.906452888925084e-05,-0.3906099308978403,96,69,97.44334882231335
6671,836.6231342192389,157104.75889678427,75277.68036442649,76412.18843518679,331.43311823596014,108.3023927743634,75.15627421526005,126.27328418634715,-1.1109089081910506e-06,-0.3947575608154869,96,69,97.44050938321232
6672,836.6398948379817,157096.70546401618,75288.30767832081,76383.5983308596,254.52962577028666,78.41070236205996,54.82512216811301,93.20651616778923,-5.726664365685595e-05,-0.3769146757246188,96,69,97.43767670217744
6673,836.6434597872102,157175.98853121264,75255.98627812702,76372.55655528963,166.00931031862274,45.90336450142786,32.38385554726119,61.849821874900954,9.351827677343328e-05,-0.3829158482640001,96,69,97.43485082552586
6674,836.6604298475753,157186.9151053589,75291.68870651988,76365.78165012809,84.28432156366762,16.727452132021426,12.325227892200928,33.124126143578906,-9.3642854512351e-05,-0.3508560406159017,96,69,97.43203179893167
6675,836.6630170375932,157195.6565932772,75286.07878629517,76382.84231618738,19.200733844481874,-0.0,-0.0,12.181188700633356,5.759548781943594e-05,-0.1692580607551061,96,69,97.42921966742274
6676,836.679874287533,157247.4352349711,75257.93483184022,76391.58592075536,-0.0,6.14400158591161,3.376840986107709,-0.0,6.963753750336566e-07,0.0484720142811183,96,69,97.42641447537964
6677,836.6834205556873,157211.3471439655,75269.60671861292,76375.94769722346,41.882805581903085,44.650039067913895,28.683573600224918,0.9934552049962804,-5.871403043093349e-05,-0.2248340530042875,96,69,97.4236162665328
6678,836.700350468673,157192.14593975688,75282.47501185194,76363.53360519352,169.02030442439718,120.81442756517208,80.64258301196969,14.422877354256343,9.40467075766441e-05,-0.7320946972796056,96,69,97.42082508396098
6679,836.7028940440176,157170.2063490981,75275.0766489746,76374.72703234076,383.02343801176175,234.20895524587831,158.5648245579796,42.612711330497405,-9.304829145714692e-05,-0.5458097096551209,96,69,97.41804097008928
6680,836.719872503697,157122.52533095938,75292.15097775996,76375.5454014117,685.7571636534994,377.3398078781029,257.6652630161843,82.29214241390582,5.610769672122071e-05,-0.3721422249778821,96,69,97.41526396668672
6681,836.723359719226,157084.43716418938,75277.55715442347,76368.47307169047,1053.117692666303,537.6749765274435,367.95461741049075,133.72661437795614,2.502616680062678e-06,-0.4260808982513122,96,69,97.41249411486504
6682,836.7402873308796,157044.67835999117,75276.0484034263,76369.90134839443,1461.8626184028108,699.3111186100723,477.9014391913661,191.80927094636718,-6.0140986098617214e-05,-0.3744347358407487,96,69,97.40973145507635
6683,836.7427460366664,156957.96546630128,75277.17290469297,76358.70509903487,1871.5912734532612,847.3362731575326,575.6150529889564,255.4873788547702,9.454321285594602e-05,-0.3938143579118452,96,69,97.40697602711188
6684,836.7599234983146,156888.39881913087,75258.45437681771,76393.59982733974,2253.063411108742,969.4576243494521,652.5275861504197,318.60955024760915,-9.242264165236956e-05,-0.3733602961677009,96,69,97.40422787009912
6685,836.7632046427451,156838.13177155476,75261.53457063637,76407.06428064601,2571.9843118753633,1059.1600127185084,703.7688217375398,380.2814910111483,5.4601665564841895e-05,-0.3615375146471629,96,69,97.40148702250144
6686,836.7804774957289,156762.34253808385,75292.14062137391,76377.86317074898,2813.950915204594,1114.4110395006282,729.349091249067,435.31758129951777,4.307206737088501e-06,-0.3828728886257291,96,69,97.39875352211568
6687,836.7833180913833,156725.38491686824,75303.27808653514,76377.4818900884,2966.870082499692,1138.420640314609,732.5822738693969,484.74558669899125,-6.154703875019763e-05,-0.3588306174730654,96,69,97.3960274060706
6688,836.7997547023973,156679.34108613056,75272.22799236827,76400.06687607014,3039.018586772552,1136.2056948874524,719.1248433099099,525.6124875388923,9.500763943962058e-05,-0.3489769010238299,96,69,97.39330871082518
6689,836.803232836141,156657.87880406942,75267.58082198717,76384.8985541569,3039.3976139393635,1114.9576129793713,695.0679514789808,561.1891573652101,-9.17661297537988e-05,-0.350988667952564,96,69,97.39059747216749
6690,836.8203965548274,156626.82635340365,75261.9205537882,76375.95872277903,2989.9253485142253,1080.7571521962236,665.8835585827037,590.2226192673261,5.307791027140818e-05,-0.3339856804855244,96,69,97.38789372521268
6691,836.8232148465713,156578.11322343783,75246.04741851882,76386.48086340375,2906.679270491237,1040.1117635170958,635.813147983572,616.9106693849317,6.109538041292191e-06,-0.3292790952452118,96,69,97.38519750440204
6692,836.8396836994137,156568.26139341164,75290.28750270016,76382.29232950663,2810.7219037219184,997.222970045812,607.4961957862542,639.5048673173296,-6.293172379824941e-05,-0.3199829115888619,96,69,97.38250884350096
6693,836.8432225540009,156574.83507791488,75265.02925865291,76373.85724017906,2712.665021738154,956.5116899057466,582.5963870546257,661.0979081299738,9.543984529736222e-05,-0.3133899885484244,96,69,97.37982777559812
6694,836.8603297847396,156522.1865580288,75285.45877252676,76380.41676158404,2623.8321161901113,919.8586345307558,561.5531295352557,678.6120602447772,-9.107899088211902e-05,-0.3052258294872123,96,69,97.37715433310366
6695,836.8630976388717,156484.68949562433,75272.45444735372,76376.51109773164,2545.595228162012,889.3573582422541,544.6420723789488,694.2452804891509,5.15369520187454e-05,-0.3046920007315623,96,69,97.3744885477484
6696,836.8796304049822,156509.67522194327,75263.26601812555,76387.61503126271,2480.5653912047856,864.1049424312369,531.1182703379309,704.2944412669167,7.909004178414127e-06,-0.2882485936790402,96,69,97.37183045058232
6697,836.8832039102668,156474.99670584334,75274.0157228451,76374.71105059546,2424.41142317123,843.5823310215346,520.4470751665358,711.3455369562726,-6.429458435734316e-05,-0.2683115303963437,96,69,97.36918007197316
6698,836.9002615488765,156498.725726175,75260.55486952537,76394.47255225603,2375.1868965327158,824.6579193042708,511.0273688119778,712.7673661565641,9.58396991305681e-05,-0.2579580945710146,96,69,97.36653744160556
6699,836.9029764222104,156504.29547233164,75283.00002319619,76387.20492908132,2327.1824947439018,805.8224072196026,501.89385517677874,712.5252862018242,-9.036147032077108e-05,-0.2485449247438864,96,69,97.36390258847996
6700,836.9195895109272,156472.05404154304,75288.40141860912,76397.07099459584,2278.189531955635,784.1695735098183,491.2472532860411,708.6715756432386,4.997931798141686e-05,-0.246370219026673,96,69,97.36127554091124
6701,836.9231787452785,156523.26113699054,75283.99299306635,76395.93052560672,2224.8984710688237,760.1198879641161,478.7790198517323,705.5524002918391,9.705000044816187e-06,-0.2430463567829103,96,69,97.35865632652786
6702,836.9401905297041,156472.70710839622,75269.7415136259,76385.04118073998,2167.9389875925845,733.5849890198733,463.8315633718739,701.1169084478461,-6.563517063492613e-05,-0.2375704238452076,96,69,97.35604497227104
6703,836.9428528402167,156507.42186510895,75276.36539190628,76408.80765110845,2108.691355901421,708.0288860862638,447.7627320676402,699.3008434804506,9.620708059848276e-05,-0.2594206102419654,96,69,97.35344150439325
6704,836.9595610321225,156503.4266143863,75287.07198192933,76411.15874312748,2051.349158902827,685.1851365157781,431.24038009592914,697.0848908810876,-8.961382336208241e-05,-0.2891641920886841,96,69,97.3508459484581
6705,836.9631448151957,156491.5504364413,75276.9577923103,76410.27787347823,2000.4964012448327,669.0192786931439,416.7177584943129,697.8352677868679,4.840554043119121e-05,-0.3089672283027742,96,69,97.34825832933872
6706,836.9801191206665,156493.76357697582,75303.9976171414,76410.00781951952,1960.5749845408718,660.0284427358565,405.17398390962626,698.2914747130417,1.1496921696949576e-05,-0.3370235719850515,96,69,97.34567867121746
6707,836.9827249851751,156491.07897777352,75259.93519505892,76396.25683567525,1935.2741813476896,659.9292893986276,398.8586937247019,701.8512853412249,-6.695304093277007e-05,-0.3654151127762964,96,69,97.34310699758512
6708,836.9995487580186,156487.75141071327,75273.17498708717,76396.41754353239,1925.4777450273396,666.2884612765338,397.67015011270996,704.9583358897944,9.654188034942524e-05,-0.3708155254332861,96,69,97.3405433312394
6709,837.0030949582441,156473.51792607585,75298.77959720945,76403.69491482916,1931.511759763409,678.6512540769763,402.5826935610676,710.979600053688,-8.883631561808119e-05,-0.3820938336700348,96,69,97.33798769428552
6710,837.0200568613395,156490.4519824285,75274.4032428498,76404.00337060877,1950.013485803327,693.2774792564305,411.83322341382154,716.1937697411922,4.681615723631783e-05,-0.3819203126956311,96,69,97.3354401081345
6711,837.022580065653,156460.39795620143,75290.72634241675,76409.4905563294,1978.4018035531044,709.5550923838891,424.85358029342024,723.59045079106,1.328416723363359e-05,-0.3692434431096061,96,69,97.33290059350328
6712,837.0395750841723,156473.85536627693,75279.12163248577,76405.28868180167,2009.8440980837913,723.9098646288912,438.27566953765927,728.5602329109679,-6.824776119755536e-05,-0.3595360225683809,96,69,97.3303691704135
6713,837.0429831971048,156449.22513486157,75296.47669880655,76410.89379915035,2040.1469903115649,736.5042434586649,450.75620646047173,733.7858733488247,9.68440002752412e-05,-0.3633348689818289,96,69,97.3278458581914
6714,837.0601350000964,156426.15364516125,75286.72044257128,76408.99980945839,2061.1527403205982,744.3163802801719,458.76938550535124,734.7566539575928,-8.802922247666037e-05,-0.3528211236786397,96,69,97.32533067546753
6715,837.063204445259,156454.525497708,75257.4727536591,76403.94495034136,2069.763352353242,747.9944033769134,461.79275558469817,734.7092762155517,4.521171102877991e-05,-0.344133767750697,96,69,97.32282364017576
6716,837.0794584680298,156466.3470342319,75284.07253302161,76436.07545948446,2059.7308112177416,744.6897806736088,457.6702808824775,729.940009807091,1.506613634000572e-05,-0.3632141443183902,96,69,97.32032476955332
6717,837.0829745420125,156463.293308315,75279.45526623604,76384.31378318927,2032.1206465314608,735.4224514564557,447.820354990341,724.4928214775282,-6.951890539618587e-05,-0.3501033798740239,96,69,97.3178340801404
6718,837.1000873186895,156460.7885443067,75278.61617541368,76437.33760662572,1984.9905743718264,717.9639106577524,432.0295307287015,715.399832113384,9.711335313434566e-05,-0.3384403957692433,96,69,97.31535158777974
6719,837.1030858010196,156443.34819437916,75280.35732005764,76392.38122474057,1924.52472033113,694.6241953074059,413.5367767037242,707.2047117534094,-8.719282916617017e-05,-0.3462917316791386,96,69,97.31287730761647
6720,837.1193903386232,156508.2816425939,75324.65221209289,76397.00643695786,1851.355889160186,664.2900004026305,392.8375262938498,696.409116293973,4.3592749251185846e-05,-0.3289893397273247,96,69,97.31041125409776
6721,837.1229530446099,156519.81959229702,75302.22234686058,76419.78850772878,1773.181857929565,630.5481811085338,373.0793760532106,686.6524541723484,1.6842230605124944e-05,-0.3226680682163051,96,69,97.30795344097288
6722,837.140039241931,156495.83775647866,75285.13148566172,76409.06363962316,1689.7230228138505,593.129532377774,353.7544046800176,673.5677596830938,-7.076605604431108e-05,-0.330357393139674,96,69,97.30550388129296
6723,837.1429617574128,156473.27921179045,75292.7113796523,76410.06217485544,1607.4527101608692,556.0744396382652,336.78555988767766,660.3445719870506,9.734986300776613e-05,-0.3239006664205055,96,69,97.303062587411
6724,837.1593323998273,156554.63270085296,75283.44190272037,76399.78692632592,1522.9472966587637,518.3890662856866,320.1467439336702,642.2119022009138,-8.632743071566507e-05,-0.3139742204586039,96,69,97.3006295709813
6725,837.1629305335495,156539.6562617471,75298.18669356598,76401.69221135613,1440.785408532247,483.22634292756265,304.9712380162382,622.7430436770665,4.195982388622384e-05,-0.3349788958689766,96,69,97.29820484296042
6726,837.1799849363421,156589.99535837478,75286.32780674152,76417.36827110445,1356.337238642387,448.7326338120911,289.10197179846,598.2908137931372,1.8611854490597232e-05,-0.3541680567612594,96,69,97.29578841360656
6727,837.1828361358306,156589.8392172694,75294.68265651485,76402.72759374362,1275.3791243269225,417.8257999598427,274.25658806579304,573.8687480899971,-7.198880302939258e-05,-0.3501341199138958,96,69,97.29338029247972
6728,837.1992835498811,156611.28881901802,75300.6570247544,76410.02934912755,1194.031431846728,388.27642724128964,258.5804315637797,546.5342111250502,9.755346440701253e-05,-0.3524621528336489,96,69,97.29098048844216
6729,837.2029061896404,156664.82721243904,75279.91165144762,76415.11654712922,1119.8960115287919,363.10168053477537,244.1375830823963,521.6604126929014,-8.543333184102325e-05,-0.3405054460005998,96,69,97.28858900965808
6730,837.2199245981483,156649.14838895234,75300.16768321396,76418.8563452653,1049.6118154361611,340.0803984528611,229.13173575120163,496.24509864489664,4.0313491622640206e-05,-0.3358901132313783,96,69,97.28620586359432
6731,837.2227095289076,156695.46318412985,75296.69507761489,76419.93419425412,990.5419124409673,322.1691443485761,215.69752997672185,475.0618628153752,2.037441422794314e-05,-0.3327231858764058,96,69,97.28383105702052
6732,837.2392445818001,156729.46703214923,75291.35517043222,76413.39729411039,935.9286876885453,306.14071321859956,201.6783637824119,453.5564649528242,-7.318674545566848e-05,-0.3051429227428661,96,69,97.28146459600924
6733,837.2428776560836,156726.96977628616,75273.02485129244,76408.37028420407,890.1065983331064,294.05014959027176,189.26261083077407,435.09194627407123,9.77241040163198e-05,-0.287762272853073,96,69,97.27910648593632
6734,837.259859957145,156742.97609954682,75292.28288571772,76407.17537407765,843.5021560036694,281.83161905822635,176.51237838284578,414.27119849040173,-8.451084662547693e-05,-0.3019112970923998,96,69,97.27675673148144
6735,837.2625811139667,156754.39252378713,75290.85526107831,76391.98912982084,799.8814927256317,271.32154446150525,166.02229506228468,394.3150493414141,3.865431321082254e-05,-0.300012893612015,96,69,97.27441533662878
6736,837.2792177392892,156777.99433212116,75283.44317325033,76397.88509603213,749.3474465261679,258.2972869200312,155.6400273036561,369.96435633761575,2.2129318865575496e-05,-0.2985902549298343,96,69,97.27208230466708
6737,837.2828405257407,156808.04545707267,75296.58067672745,76403.03948070694,698.3511302691186,245.5258127024863,147.7908383399772,345.49031693238067,-7.435949064845262e-05,-0.3168653385290329,96,69,97.26975763819011
6738,837.2997958094841,156849.984114732,75285.23475248857,76402.12178494291,640.5095752011985,230.05382159055443,139.93892386782682,317.09991856789566,9.78617387114604e-05,-0.2943569843343851,96,69,97.26744133909772
6739,837.3024456779966,156868.7153978141,75306.01656722263,76399.98373158961,586.3152157359291,215.86675404102425,134.17782016081037,290.1772219662671,-8.356029847599877e-05,-0.2848772229537514,96,69,97.26513340859624
6740,837.3192122608718,156900.1776194771,75280.72777546511,76415.389509574,530.2159915745142,199.84745164249034,127.21109222207451,260.8519288704556,3.698285379003199e-05,-0.2834868370756412,96,69,97.2628338471988
6741,837.3227767186511,156906.57267134095,75280.83564198817,76404.46304501132,482.5350547058624,185.38926642978913,120.82822377671255,234.08201627546805,2.3875980618487752e-05,-0.2732321677737062,96,69,97.26054265472676
6742,837.3397741662793,156943.00124645696,75313.35532619225,76401.40694699882,434.6642122848425,168.05159220474889,111.46936463422026,205.30663351915427,-7.550665472741751e-05,-0.2801151133150213,96,69,97.25825983030948
6743,837.3430904402519,156971.73671528118,75296.58519659824,76404.57476982627,392.43698884459445,149.88155249632837,100.79234137898311,178.60512806888437,9.79663369040212e-05,-0.277314587414935,96,69,97.25598537238643
6744,837.3591718657366,156996.24560401315,75314.90684090019,76420.57456470383,342.0890600743005,125.59414663468488,85.24657310600742,148.88757168781012,-8.258202079901152e-05,-0.2723591495929625,96,69,97.25371927870636
6745,837.3627229714484,157027.2168449784,75313.02128738686,76441.57165192819,287.06353118875995,97.9919739299803,67.21204498785664,120.21917917681276,3.529968245073491e-05,-0.1833867221488346,96,69,97.25146154632964
6746,837.3797614719516,157061.89428548538,75309.92509688273,76416.61026571863,215.83215598738752,64.60078788589453,44.92956897476688,88.50973017371143,2.561381438648225e-05,0.0644262200709655,96,69,97.24921217162851
6747,837.3829576100314,157072.90053457115,75317.03743529136,76439.03188862653,141.35111610247986,33.47305613082426,24.05052442572196,59.834794185095234,-7.66278623663283e-05,0.1676447182052673,96,69,97.24697115028792
6748,837.3991070899618,157096.31940605585,75316.98320407874,76411.46907424669,64.5645787541871,7.6123885986889945,6.171998453384731,31.903668520739302,9.803787842460483e-05,-0.3304007293273845,96,69,97.24473847730702
6749,837.4026886110586,157121.83665066908,75310.1194673938,76409.11723448629,13.150446408020798,-0.0,-0.0,12.351999293809058,-8.157635548198729e-05,-0.5802911043947743,96,69,97.24251414699968
6750,837.4197311562133,157154.7494858871,75318.48521526977,76420.69327285087,-0.0,16.033266885307967,8.609971204714384,-0.0,3.360537103509904e-05,-0.2633086725991588,96,69,97.24029815299588
6751,837.4228295932323,157129.90093012498,75309.72502610757,76407.73369980526,58.47820600471459,67.44391258600808,39.84974297709414,2.7080257365014404,2.7342238262491537e-05,-0.2540625062209165,96,69,97.2380904882427
6752,837.4390437141207,157134.08960432146,75286.37282077913,76389.03286159787,194.27004193380708,152.914163900743,92.33320753922453,17.658125624526292,-7.77227473672939e-05,-0.2620868369464173,96,69,97.2358911450059
6753,837.4426611931024,157080.05718511267,75307.9594014382,76404.32669771642,423.0067278474453,273.80283592602063,167.1409146039514,49.980146907357266,9.807635367825498e-05,-0.2314923871024776,96,69,97.23370011487044
6754,837.4596896961895,157020.29471222192,75290.30686797826,76391.93910139709,724.9778669274529,416.904986836249,255.3524962864467,93.86950239160797,-8.054365362926067e-05,-0.2376186800146485,96,69,97.23151738874222
6755,837.4627028017303,156967.51188363956,75283.17126505508,76379.14970952283,1089.561732057773,573.4247949485871,351.88427280599717,151.75892444243073,3.19004959843512e-05,-0.2198604189301687,96,69,97.22934295684924
6756,837.4789854953044,156931.68026000969,75301.34855211138,76398.39523178739,1473.3807499342365,723.3113279529352,443.8990345388884,215.137139795057,2.9060674220245585e-05,-0.2089980696785774,96,69,97.22717680874293
6757,837.4826369289286,156840.3221265617,75303.39534088288,76402.90487818234,1852.9716233100044,856.9096522597829,526.2100370097905,284.75936512756743,-7.879095265978231e-05,-0.2005454046366921,96,69,97.22501893329952
6758,837.4996389865502,156782.2261546578,75281.70047704916,76395.1784619862,2185.2018232041155,959.2781769074936,589.4669747758016,351.79344989193487,9.808176490652574e-05,-0.1898374594866151,96,69,97.22286931872164
6759,837.5025766526462,156681.24749173183,75290.80243021855,76425.19809055064,2459.324959397665,1030.3306872844114,634.3597901851608,417.9165795117151,-7.94842755320067e-05,-0.1785144986407449,96,69,97.22072795253952
6760,837.5189340135263,156665.26888336326,75269.4584248479,76382.13260036176,2650.4475584162283,1065.4531904785836,657.3865530906769,475.4158715826052,3.018563658607813e-05,-0.1764029338415527,96,69,97.21859482161254
6761,837.5226134437828,156579.15482139465,75287.55214403465,76404.18245247536,2769.345005254727,1074.0457801631128,664.3191169938509,527.8946310252068,3.076854758184794e-05,-0.1636007076349417,96,69,97.21646991213086
6762,837.5395799953537,156546.7555201084,75301.67381966775,76391.94307426349,2811.0682850326994,1058.214473861386,655.2032204184216,570.0364552695246,-7.983213009908979e-05,-0.1413257385410957,96,69,97.21435320961724
6763,837.5424514876753,156505.97449821793,75310.25533904272,76410.13495540673,2801.7090738092666,1030.5130715101259,637.6182597738662,607.7912948420562,9.805412451297756e-05,-0.1322630956359204,96,69,97.2122446989282
6764,837.5588898254941,156477.29031369157,75301.82009231036,76401.39524724481,2743.310007940687,992.11316995995,611.4499950522295,636.8279874826549,-7.839859027744857e-05,-0.1322317521192563,96,69,97.21014436425584
6765,837.5625892946947,156465.76228200796,75314.53368575564,76391.56014843224,2664.360741018958,952.9032523496862,583.5174949090724,663.601819473959,2.84613751909531e-05,-0.1234792904686989,96,69,97.20805218912986
6766,837.5795126221182,156438.47003867402,75277.90189415758,76418.78193682947,2566.003920408897,911.0557078327256,552.9305009368109,683.7512504689803,3.246528716771997e-05,-0.0969875984770388,96,69,97.20596815641896
6767,837.5823296306859,156380.77611196242,75291.59617474441,76387.55576879108,2473.443095830793,873.9193567840703,525.7430820955778,703.3645529044443,-8.084594093301242e-05,-0.0842970314190681,96,69,97.20389224833254
6768,837.5988495416315,156389.95897788682,75271.6050168858,76394.86157592236,2380.7211522141006,837.1626340895164,499.76708550201147,716.8110669041926,9.799345724582392e-05,-0.0673836406619197,96,69,97.2018244464232
6769,837.6025716140585,156383.52748023838,75304.25578114917,76370.85693513682,2305.8165194574976,806.6845888454409,479.812853493524,729.6313099202816,-7.728697548261216e-05,-0.060771216644255,96,69,97.19976473158768
6770,837.6194102190605,156364.34737825586,75286.05640045609,76393.55506967983,2235.8872700633947,777.3669569989725,462.4420314888994,736.2865176236082,2.672829715578202e-05,-0.0723599523496881,96,69,97.1977130840696
6771,837.6229609370096,156343.69231111274,75272.95811442615,76416.48063768317,2181.971545433218,754.0969364059711,450.7920195903571,742.7359393442457,3.4150326294636536e-05,-0.0556046810761445,96,69,97.19566948346092
6772,837.6389055733758,156372.8739459152,75293.41941599436,76392.11795501677,2125.766489133297,730.634422407471,439.8019794197171,743.7827063027071,-8.183205564729669e-05,-0.0432729461922797,96,69,97.193633908704
6773,837.6424696089337,156341.128875147,75286.4793813128,76398.34489920693,2075.2841672520153,710.7885374646139,431.2820513000188,745.6305161047785,9.789979802756418e-05,-0.0538787610040168,96,69,97.19160633809382
6774,837.6594305101,156365.18738874965,75320.56098580269,76409.43396061553,2013.0428946957109,688.0766243055259,419.851527616207,743.0663900419895,-7.614981734539768e-05,-0.0624992738718548,96,69,97.18958674928
6775,837.6628173235449,156348.56867429244,75287.4714888311,76402.07406794297,1952.4647818396916,667.5697564202565,408.3664609717962,742.845966351626,2.4986990620662625e-05,-0.0900348303258879,96,69,97.1875751192686
6776,837.6788433724847,156354.23613127763,75296.36158822112,76388.27727973154,1881.2057095451164,644.158426674694,392.88696088819415,739.2466361520928,3.5823102463745604e-05,-0.134062765789632,96,69,97.18557142442482
6777,837.6824220097459,156331.42871658865,75319.92649637221,76389.34081147837,1817.261678683455,624.4378924723278,377.96277140954044,738.5622319430695,-8.279015451132427e-05,-0.1783996129286986,96,69,97.18357564047476
6778,837.6994158505421,156366.3651989949,75290.35957054485,76387.84793915132,1752.2374810852343,604.9109438453597,361.52683246845845,734.8039024351165,9.777319319386416e-05,-0.1874057530107142,96,69,97.1815877425077
6779,837.70268855932,156336.40310544395,75289.50290617759,76384.68820336087,1707.096555431548,593.4549594452546,349.6338897010428,734.9283034217951,-7.49875107034701e-05,-0.1900933527611708,96,69,97.17960770497868
6780,837.7187740144097,156365.5158375557,75307.55274134433,76419.7984396864,1672.1685844670283,586.1108251219557,340.2946540878038,732.6676659640216,2.3238046098106557e-05,-0.1819824981986767,96,69,97.17763550171048
6781,837.7223885913094,156333.6985986462,75317.22618346386,76417.0429733318,1664.599063443602,589.1103860924632,338.3992833647353,734.7739272774197,3.748305712251788e-05,-0.1709233111265068,96,69,97.175671105896
6782,837.7393861118973,156333.56491227495,75292.6140934751,76391.84623297548,1670.3983935771394,596.6209915939544,340.32806878743577,734.7307703052065,-8.371992705305405e-05,-0.1664345250556977,96,69,97.17371449010088
6783,837.7425631622752,156349.14624149603,75308.27511896819,76438.10782514515,1702.3474394139485,613.1275181554956,349.1807110996742,739.5838061854884,9.761370028649888e-05,-0.158236251515894,96,69,97.1717656262657
6784,837.7587063731133,156343.68718458837,75312.77622614424,76427.11386519771,1740.1063638140913,630.5986498071434,359.3562904613791,741.813702181098,-7.380045855423491e-05,-0.1423534033153114,96,69,97.16982448570845
6785,837.7623623792073,156304.9984627727,75319.02192928774,76412.74982715536,1790.7185793774552,651.7421112061857,372.4909797995351,747.6981358261837,2.1482056345826932e-05,-0.1353471739184433,96,69,97.167891039127
6786,837.7793452267844,156319.59770541865,75291.3885702496,76396.84085544683,1831.3572803486604,667.9956783979433,382.75443250488024,749.2956156633736,3.912963694343581e-05,-0.1266222727303222,96,69,97.16596525660232
6787,837.7824388741698,156319.97166189554,75286.98571326518,76409.27920394191,1869.6897346065962,682.518363045674,392.3446709662967,753.4933180638473,-8.462107261105077e-05,-0.1184841307259068,96,69,97.16404710759971
6788,837.7986434424466,156288.5142235281,75283.0690236654,76397.3654318395,1884.2087796107517,687.2691286065237,396.0612887668249,752.021475730493,9.742138786208128e-05,-0.1144627806429726,96,69,97.16213656097246
6789,837.802340144214,156288.54719574554,75291.41374888681,76429.34470086264,1885.7693293867633,686.5066355687159,396.8607624047436,752.0222341847548,-7.258907192403805e-05,-0.1076230255088601,96,69,97.16023358496436
6790,837.8192946423586,156344.27162731317,75306.820395056,76415.46942311541,1858.6625095433556,674.3113782559958,390.82944960836903,745.6700920347648,1.971961647551853e-05,-0.1056384329921037,96,69,97.15833814721216
6791,837.8223153981633,156333.62947076975,75301.97974707428,76428.08527149426,1819.7853521367651,657.2396991511632,382.15961483155843,741.0144938356825,4.076229260489104e-05,-0.0971017723792784,96,69,97.15645021474828
6792,837.8385866284053,156311.79552914147,75305.56923302995,76408.31904918507,1756.6557034429861,630.7156457464735,367.68233665893786,729.533239663695,-8.549330027360466e-05,-0.0940679632005567,96,69,97.1545697540038
6793,837.8423196949445,156302.48770873225,75310.36551785054,76415.95761626738,1687.7615513313795,602.0321365227719,352.0649112064275,719.0936441684898,9.719633537170648e-05,-0.102203107958633,96,69,97.15269673081129
6794,837.8592351516794,156347.18301543331,75304.00606285098,76423.3688503826,1602.1472941677785,567.2821464170411,332.8186514986446,701.4459534423368,-7.13537703284201e-05,-0.0914023227177469,96,69,97.15083111040688
6795,837.8621931056631,156360.7528897051,75328.97596584284,76408.65995410897,1518.5645741616609,533.8274365380057,314.8445136589289,685.6498203981901,1.79513234191792e-05,-0.0916473594825335,96,69,97.14897285743452
6796,837.8785366533895,156366.3815113011,75296.50707726284,76409.0621240988,1424.2786802274059,496.95792662206804,295.21411479101516,663.3429831331596,4.238048018941309e-05,-0.0815640562601771,96,69,97.14712193594754
6797,837.8822992345171,156404.43259739288,75302.28927452945,76415.02472109467,1336.7528329166234,463.33431641610514,278.0874886419624,644.1008619668137,-8.633632924582319e-05,-0.0922769955793737,96,69,97.14527830941248
6798,837.8991674015599,156395.65744741887,75319.79784886663,76423.34538266904,1244.1023656511097,428.38113575981697,260.1840390113066,619.931578435906,9.693863358290288e-05,-0.0877089773599012,96,69,97.14344194071158
6799,837.902072619785,156434.34429548145,75301.2633888011,76427.82788210208,1164.2611433748389,398.83810716883454,245.19937195040984,600.7385252469103,-7.00949802379537e-05,-0.0760185261724258,96,69,97.14161279214618
6800,837.9184938635136,156468.4832149333,75327.59410762384,76377.86591299516,1083.7575941748219,369.5517398693046,229.35001765284687,576.7904177059536,1.61777757256119e-05,-0.0842618573859133,96,69,97.1397908254392
6801,837.9222771389062,156485.25752342114,75305.2466117979,76417.09255239909,1018.4284349230584,346.4922644608887,216.09211261986638,557.0163976915355,4.398366108862123e-05,-0.0829082976153815,96,69,97.13797600173896
6802,837.9390920955394,156445.60741484683,75298.30169425797,76411.06376772099,953.6506372504518,324.006833511914,202.05635259466362,531.2105189037393,-8.714988835083559e-05,-0.0979234362653717,96,69,97.13616828162188
6803,837.9419546161993,156489.6951287151,75315.35814158656,76444.04923259658,903.0827355644433,307.0645600679709,190.80834204540588,508.8163952708419,9.664838363225568e-05,-0.0746454758200807,96,69,97.13436762509548
6804,837.9584583822352,156544.2756721416,75315.36998059781,76430.90779613022,849.0245898980647,288.7085740908369,178.73363737360341,479.1220777929411,-6.881313716010053e-05,-0.0567348745249105,96,69,97.1325739916019
6805,837.9622518485878,156570.11103809165,75314.00106871646,76448.30616464712,803.6699167125043,273.3952604556398,169.0516278068244,452.616817829723,1.439957325636176e-05,-0.1004958604190635,96,69,97.13078734002112
6806,837.979010112763,156580.28311637344,75307.28608987188,76400.69456753905,750.9991741043632,255.11675888455648,158.31029101155582,419.8041322018544,4.557130146277635e-05,-0.1016644188520353,96,69,97.12900762867392
6807,837.9818396782192,156599.7922095295,75295.04444257205,76399.7693006473,705.1473332915339,239.5261712306674,149.7040023220179,392.2149617783143,-8.793371679970949e-05,-0.1062287482132805,96,69,97.12723481532554
6808,837.9984302366718,156644.5784737325,75310.75534883974,76441.2052379056,651.5985058270162,221.55932120748912,139.81452374221408,359.03138415311696,9.63256983679365e-05,-0.1015811464530613,96,69,97.12546885718858
6809,838.0022217706753,156663.99887578233,75309.6186464435,76436.81588548975,606.2984889734071,207.55354588286718,131.9518124513561,331.3233979662764,-6.750868301277258e-05,-0.0999413559564364,96,69,97.1237097109267
6810,838.0189226304308,156696.68141852113,75311.94554916846,76430.63723829418,556.8305300705251,192.76797124107543,123.06402573402738,297.75349379557883,1.2617317739221223e-05,-0.0905065214712512,96,69,97.12195733265824
6811,838.021728126401,156704.2937675043,75323.23750316977,76427.58525136349,517.9572142363177,182.26889450779709,115.97286895499565,269.19059013025253,4.714287321420557e-05,-0.0820372419826102,96,69,97.12021167795884
6812,838.0384095355156,156736.0694051409,75323.52587337558,76402.22888792322,473.35544546647,169.01134502793138,106.67020280886209,232.82329659591778,-8.868756349648253e-05,-0.080856074492835,96,69,97.11847270186573
6813,838.0421851067739,156769.40833575124,75329.2960302219,76415.65336149826,433.61606049747206,156.04672036606644,96.99746877906728,200.3184327314375,9.597070079107336e-05,-0.0709071639927279,96,69,97.11674035888068
6814,838.0588313458715,156830.20701731133,75325.57359697287,76440.29159801456,380.37969430861995,135.8401367176266,82.90926850159303,160.28809547654237,-6.618206772432784e-05,-0.0624215907593902,96,69,97.11501460297376
6815,838.0616197076391,156839.43686198335,75340.7795333455,76415.40569622254,323.20951470488217,112.09530845114205,66.74469682085328,126.16595819109352,1.0831611390376946e-05,-0.0312041952243886,96,69,97.11329538758704
6816,838.0783968446548,156877.64056560816,75340.1989324863,76442.65715351114,246.3579847640358,79.83187345210172,46.18681809169357,86.60565560212126,4.8697854094091965e-05,0.1599502920826952,96,69,97.11158266563774
6817,838.0821394138713,156882.92820845838,75309.23891302545,76435.27436879632,167.50651483883848,47.47370850331208,26.315047382580815,56.76227994100191,-8.941118813251944e-05,0.4118064215171916,96,69,97.10987638952231
6818,838.0987390591354,156918.98964460814,75298.44479765545,76448.45995193587,84.04637357179308,16.314264731525327,8.358778243215056,26.516650796256727,9.558352509151242e-05,0.1941858250037031,96,69,97.10817651111972
6819,838.1015127807163,156955.02110457618,75315.37000614086,76427.45583390274,25.98460028815316,-0.0,-0.0,11.576499953691382,-6.483374834660022e-05,-0.3540091970939903,96,69,97.1064829817956
6820,838.1183942812061,156940.2694134638,75303.4330380853,76432.78097869095,-0.0,2.814698810776463,3.861188108305214,-0.0,9.043057887112551e-06,-0.2271782459378182,96,69,97.10479575240512
6821,838.1220801292512,156935.68313554474,75320.73352298584,76428.07792433292,39.773326412192546,37.9527890876343,26.974537617730675,7.247437755780993,5.023572720246098e-05,-0.0286805835122407,96,69,97.10311477329807
6822,838.1386517859943,156916.42962412702,75325.38420657579,76437.67662782456,148.10752343194326,105.15207554984954,69.28125846703188,20.432718569238205,-9.010436026310491e-05,-0.1113710882634149,96,69,97.10143999432104
6823,838.1414011533202,156865.0689366009,75322.43819554201,76421.67938847045,344.0044751553214,208.28587843259447,132.45681826636428,53.69334776105825,9.51643163921714e-05,-0.0683000704589679,96,69,97.09977136482256
6824,838.1584103684687,156820.2333413579,75309.17626264518,76449.60570922507,608.8488868561108,335.45594938480644,209.9806003420672,91.22023334464757,-6.346418913538846e-05,-0.0987938948139434,96,69,97.0981088336562
6825,838.1619927536174,156759.60930157584,75320.5188444406,76451.79699229327,938.5997059658985,479.7120715821511,297.2921881338698,146.8654780733632,7.252261011946445e-06,-0.0898839281736717,96,69,97.09645234918452
6826,838.1785923761399,156723.82068060938,75311.42440776937,76444.36293213151,1295.0581793928286,622.0203667594906,383.6819424194982,204.12981850036886,5.1755982334533895e-05,-0.0975108123606928,96,69,97.09480185928348
6827,838.1812476054271,156632.06461755582,75313.4527056995,76421.23111413005,1660.004714507435,753.0685544837179,462.8651701461931,275.87898054515244,-9.076685980738756e-05,-0.1360627601529818,96,69,97.09315731134566
6828,838.1985221811453,156560.2285836513,75333.15515790657,76434.68634500158,1990.6903239400708,857.2106857247563,525.7687350201595,342.8709139371349,9.471323029560884e-05,-0.1064636190448671,96,69,97.0915186522844
6829,838.2016120618824,156480.40147894635,75302.94687751606,76417.49269901359,2275.5833736609784,933.4770593276771,570.5145406125084,418.4035493514093,-6.207386103362683e-05,-0.1041676745723575,96,69,97.0898858285383
6830,838.2178343335277,156402.1406185026,75315.53634084314,76431.12914276408,2486.6016130629578,976.578015008432,594.0270683267881,482.9126537942502,5.459825473141354e-06,-0.1083554971189038,96,69,97.0882587860746
6831,838.2213404205287,156348.8902901836,75330.40061909793,76409.65901256145,2628.85228214605,994.2524426445016,599.934422621649,548.6766316837748,5.325811447069287e-05,-0.0798011172100324,96,69,97.08663747039358
6832,838.2384266586708,156265.1447867853,75303.01992021827,76410.41589222068,2693.637096535822,987.9766607009369,590.0389130449912,597.5130414365849,-9.139847759878056e-05,-0.0762473319107112,96,69,97.08502182653234
6833,838.2415298849,156197.1850481596,75298.4144872698,76426.18726993202,2702.719844536565,968.6965878447809,570.9504570551071,645.312990631297,9.423043328617765e-05,-0.0687363999480212,96,69,97.0834117990693
6834,838.2577350561511,156197.0452474857,75308.13664036612,76428.0028417854,2658.6483747327,937.7772532723611,545.554068517944,675.7329172015307,-6.066324196569873e-05,-0.0573376819015978,96,69,97.0818073321278
6835,838.2613388974481,156176.0129838106,75300.33968614077,76421.01177151444,2588.3175583449774,903.905713317683,519.6867576955119,706.4934907340503,3.666356075370896e-06,-0.047212860069272,96,69,97.08020836938068
6836,838.2783656622365,156124.22770890524,75320.29903672611,76425.86879564894,2496.0280174732907,866.256573938459,494.66268104674236,723.1857511955895,5.4741626018454194e-05,-0.0272903199326161,96,69,97.07861485405444
6837,838.2814224939933,156102.96797233322,75309.50211524864,76425.99857408366,2406.4829967246624,831.6629063027649,474.05685431085294,745.4376823294151,-9.1999014543768e-05,-0.0150265375802448,96,69,97.0770267289332
6838,838.2976575818344,156078.8896391198,75313.08003273048,76416.34772131465,2318.079615659546,797.7226775748131,456.82504494156456,757.0038739810407,9.371610195064952e-05,-0.002604006635328,96,69,97.07544393636284
6839,838.30132943181,156083.19933799643,75291.69645248249,76428.0471625441,2247.582627613272,769.83242263789,444.4017910913972,775.2894171211519,-5.9232816574468936e-05,0.0082161196533021,96,69,97.07386641825592
6840,838.3183036822383,156032.82553260316,75313.2138874212,76414.31124763915,2186.2465550078778,744.5798352657584,434.4716347804642,782.7664462455141,1.872457726811709e-06,0.0257558504714667,96,69,97.0722941160951
6841,838.3213093256567,156011.24112749196,75309.29358309662,76443.04085208412,2143.867885737389,725.922471160884,427.64180167310406,796.9937267364003,5.620602499638552e-05,0.0431811984189439,96,69,97.07072697093808
6842,838.3375913287313,156002.9046404206,75314.97216639166,76449.61325063076,2104.7888725524535,708.4546673250734,421.0864859652647,798.8417236570967,-9.256828190007808e-05,0.0405764958532412,96,69,97.06916492342168
6843,838.3413177278309,156017.0532654489,75290.408207727,76441.84158824742,2073.9182942905463,694.3645077495748,415.10493206922547,805.814064256032,9.317042390439445e-05,0.0339103773964131,96,69,97.06760791376615
6844,838.3582360063506,155992.66002586082,75299.29294865142,76435.62969147292,2034.9808757257997,677.8287410448975,407.1220252219355,800.5018657949986,-5.778307590254893e-05,0.0366890471656703,96,69,97.06605588177968
6845,838.3611947603785,155983.76612235047,75317.61114794908,76435.13011884435,1995.3462862156448,661.6365820171632,397.9848681749427,802.8178575641941,7.873531157179737e-08,0.0122989236624578,96,69,97.06450876686272
6846,838.3775339959004,156026.51056951712,75308.56908638305,76429.39338299153,1942.6327287729364,641.2250017212209,385.9715163149813,794.6982648072881,5.7650826694628537e-05,-0.0138907912412672,96,69,97.06296650801252
6847,838.3813043367795,155973.9537224734,75289.3165716862,76422.53706162755,1889.594341293443,621.3145958593232,373.0434890676406,795.7184020685672,-9.310610226045924e-05,-0.0366177187552911,96,69,97.0614290438276
6848,838.398161409668,155982.8401928718,75312.91149455364,76425.99325107383,1830.0735917101265,599.8206549607858,358.83342088304926,788.2439409879153,9.259359763212236e-05,-0.0657816521553884,96,69,97.05989631251192
6849,838.4010809492081,155962.71957949625,75290.58464281593,76435.8351369401,1781.05765740294,583.2403566438588,346.29969404503936,792.2843708900909,-5.631451718312164e-05,-0.0708228706151014,96,69,97.05836825187974
6850,838.4174846537451,155980.01990373936,75319.07161628938,76424.10374303318,1736.7300299301278,569.7917845106858,335.41568455606466,787.9755032648682,-1.7142068403761397e-06,-0.0642611827741372,96,69,97.05684479935994
6851,838.4212887232585,155945.651872193,75299.57816002776,76421.4615715816,1712.236038627103,565.1080267442594,328.8891697936633,794.4509244642977,5.9075552857109234e-05,-0.0784793417367633,96,69,97.05532589200074
6852,838.4380796462344,155952.80729344653,75297.71936602161,76433.58159542637,1698.888859780447,565.8852523955575,326.054567728861,792.4552064054878,-9.361230835802568e-05,-0.0765245742125229,96,69,97.05381146647426
6853,838.4409694146586,155935.5391151299,75289.4503880024,76431.36396260269,1707.5534939806093,575.4695792242273,328.5289034379821,801.680952733499,9.198583106706976e-05,-0.0633577136298711,96,69,97.05230145908098
6854,838.4574426531213,155939.407724927,75303.45352415342,76418.40867335329,1723.7799343757215,587.8706793660822,334.22035414370475,800.7629890149692,-5.482764363866891e-05,-0.0632755757303814,96,69,97.0507958057542
6855,838.4612700489954,155936.6469943513,75310.13685010676,76433.36724084461,1754.173239424883,604.47787438464,343.4470350173942,808.7125696156581,-3.505764785673993e-06,-0.0487693527200971,96,69,97.0492944420652
6856,838.4779909059539,155885.34524099497,75286.65716238796,76416.30728106199,1782.2175915520056,618.5747621303308,353.2054253987444,804.9206282035157,6.047973239676251e-05,-0.0432641691027726,96,69,97.0477973032273
6857,838.4808614144845,155901.18914356598,75304.14300978712,76418.38622843771,1813.596880745492,631.5528446428216,363.29449909651885,809.0600924669416,-9.40867436971568e-05,-0.049999451033373,96,69,97.04630432410096
6858,838.497407345601,155880.13696344514,75303.74350828212,76415.36146405581,1830.8358908967348,637.0930696950381,370.53677178997896,799.2102255599748,9.134734308993657e-05,-0.0379287336002333,96,69,97.04481543919846
6859,838.5012474130987,155912.67144277523,75270.98065867243,76427.38019797165,1840.8496691639884,637.8511138627218,375.17470735215466,795.9285413851612,-5.332296496415666e-05,-0.0304958381241093,96,69,97.04333058268844
6860,838.5178956416917,155905.1876905686,75292.61226620179,76437.66215413004,1829.044802881137,629.4315393986035,374.8633867831959,779.5906045553565,-5.295335300988866e-06,-0.033811520831169,96,69,97.04184968840067
6861,838.520758043296,155897.92490490552,75289.27101702074,76444.87776595728,1805.543331822846,616.2562651035405,370.74527766913525,772.0521912425756,6.186290119740973e-05,-0.028510312147517,96,69,97.04037268983072
6862,838.5373779964635,155933.0701778482,75301.27224495601,76426.01797627515,1757.9981776978238,595.0477972856315,361.1516830933688,752.2262576975045,-9.452926288798268e-05,-0.0337277159275489,96,69,97.03889952014528
6863,838.5412199528918,155924.06159554597,75303.11491199992,76437.2176434395,1700.2258996348246,571.1725005068583,348.08072156005073,741.9851300839218,9.067836273236884e-05,-0.0309250674261571,96,69,97.03743011218614
6864,838.5577944947498,155917.54930202352,75303.8591651521,76404.00885932623,1623.7162782846717,541.872798976372,330.7748626722314,720.9776931188535,-5.1800996017466914e-05,-0.0299217661867443,96,69,97.03596439847566
6865,838.5606602596415,155931.57217532225,75298.36677726326,76436.52916268667,1544.6944208914065,512.2170395867288,312.0860337821068,710.5472051886318,-7.082316231740176e-06,-0.0305421034714919,96,69,97.0345023112211
6866,838.5773537589486,155958.7392871506,75294.03303032818,76448.72075677883,1454.2262673443183,478.5267320043931,291.6777307864977,687.9079960389354,6.322460275766335e-05,-0.037474311672792,96,69,97.03304378232032
6867,838.5811868985862,155956.76541919546,75294.18163200974,76422.39463126262,1368.3239441152546,445.5678095977928,272.66291823182837,674.5400510069449,-9.493973095401836e-05,-0.02998426431895,96,69,97.03158874336556
6868,838.5976882509256,155966.55175042598,75293.98014682347,76447.7424888125,1277.2269073525677,409.9863679813425,254.4167025045317,649.069003610115,8.99791291470129e-05,-0.0241114413284406,96,69,97.03013712564912
6869,838.6005688891572,155976.39220912431,75306.8948059737,76467.75706738676,1195.4446577780182,377.03312887693755,239.2581774276332,633.1924080589961,-5.026225782090035e-05,-0.033857891735344,96,69,97.02868886016782
6870,838.6173336720153,156000.44768805057,75311.26987378804,76446.74762277973,1110.8174296575598,343.6000958456425,225.24310190303368,604.0939459211659,-8.86610629300141e-06,-0.0228800973849094,96,69,97.0272438776282
6871,838.6211476095277,156015.73878066413,75312.28213065978,76435.54089254294,1038.0537315796246,315.403262354288,213.69448735404876,584.4252983439656,6.45643876846768e-05,-0.0275236274403668,96,69,97.0258021084516
6872,838.6375778059673,156045.25716647998,75307.60930330127,76407.84614554992,965.5277934792684,289.262310160324,201.88600888947258,552.8407153220905,-9.531802414487776e-05,-0.0363001871226123,96,69,97.02436348277864
6873,838.6404846210426,156048.29060865007,75302.99339558999,76437.10730629416,907.4454246766982,269.8321105715295,190.84334352405858,531.540774337278,8.924989168061557e-05,-0.0142820090134277,96,69,97.02292793047448
6874,838.6573166680574,156065.5759322435,75290.66255999832,76449.47312083135,849.4234435462859,252.09849587193457,177.91431871024542,497.2046679232153,-4.870727611629553e-05,0.0012884697592519,96,69,97.02149538113385
6875,838.6611016021178,156112.68159212283,75305.01401869532,76429.87787515769,804.4122638267581,239.52956609810644,165.18646230208105,472.7523568182078,-1.064610586845981e-05,-0.0046382975794702,96,69,97.02006576408616
6876,838.677464132236,156092.46712399684,75321.53889452426,76428.14491476669,756.641104103066,226.46595066055306,151.2843310945318,436.2267771117622,6.58818142396375e-05,-0.0478141194075506,96,69,97.0186390084
6877,838.6804080052931,156144.62176653295,75281.60347712238,76442.72745586152,717.9300503786071,216.19625435952912,139.43289648147766,410.20933162930305,-9.566402937041749e-05,-0.0673651491921059,96,69,97.01721504288898
6878,838.6973015840629,156166.83183112703,75305.19737509477,76408.2175948397,671.4099555329303,203.2588937421824,128.53293505703914,371.4833151678904,8.849090953681398e-05,-0.0636285145908523,96,69,97.01579379611604
6879,838.7010485743048,156179.28811264236,75310.0250894366,76406.21102353491,631.333108990977,192.12891506623419,121.67713587897015,344.0205440914433,-4.7136582663259753e-05,-0.0706608425409047,96,69,97.01437519639892
6880,838.7173482424278,156224.42430310286,75313.8386600895,76425.65296316824,583.0436796006979,178.30939101125114,116.58906846403261,305.824837701919,-1.2421716820103436e-05,-0.0645161920369174,96,69,97.01295917181515
6881,838.7203394554375,156239.08879937613,75335.17975018692,76444.57932225606,541.6394181497162,166.39272596724913,114.55825362540781,279.58138318141573,6.717644868777036e-05,-0.0878560531973514,96,69,97.01154565020728
6882,838.7372871714874,156265.183037002,75314.42944611346,76439.55643532542,490.758595629537,151.05534629801696,111.09507421855233,241.0823578311829,-9.597764436941352e-05,-0.0884503583212387,96,69,97.01013455918756
6883,838.7409884306207,156287.478031442,75307.30458466605,76434.29510686087,445.0370246983366,136.30698787083384,106.29683645998011,213.62350318348035,8.770245193116329e-05,-0.0710561819181243,96,69,97.00872582614356
6884,838.7572311463244,156317.22281105272,75321.6849492299,76443.26381034033,386.10966707160696,116.12510366215429,95.37284663083847,173.85001697469852,-4.5550713637163777e-05,-0.0762725987805691,96,69,97.0073193782432
6885,838.7602792619164,156321.2824799834,75301.28478663032,76433.77338126063,326.797025048465,94.32810453949787,79.69251744513167,144.44823930159328,-1.4192342628333424e-05,-0.06380046377133,96,69,97.00591514243938
6886,838.7772720987845,156349.98675869204,75300.3226362939,76427.00969814917,248.77773753303336,66.02898942005413,57.134892173984554,102.0857523138111,6.844786458074893e-05,-0.0595377142204056,96,69,97.00451304547624
6887,838.7809213138542,156403.70261966746,75317.4344246234,76456.14662042876,172.15273950691335,38.811069442133885,33.580785097088665,72.86813599310699,-9.625877847090964e-05,0.027146028686343,96,69,97.00311301389296
6888,838.7971137939172,156413.1621964274,75322.67366937056,76407.19556590074,88.89891169202747,12.688112060670392,11.409052670293022,36.45049020805163,8.688479792693095e-05,0.2858642035889548,96,69,97.00171497403008
6889,838.8002276249314,156433.36717488538,75301.02587155438,76420.81762038816,30.95179607172031,-0.0,-0.0,19.13507319940254,-4.395021038743416e-05,0.408848961244638,96,69,97.000318852034
6890,838.8172549355011,156441.2416419744,75316.26403217443,76435.82648212052,-0.0,3.747058877386735,2.711377962696133,-0.0,-1.5957388679575643e-05,-0.0729976989559394,96,69,96.99892457386264
6891,838.8208476561593,156418.20778644655,75316.18173152982,76430.06028610667,35.414911314845085,36.78108531568432,27.48579462643829,6.307280736567918,6.969564421426988e-05,-0.3868177545063779,96,69,96.99753206529034
6892,838.8369969893064,156393.2456085468,75292.61984623322,76442.78162576912,136.0206244714791,98.05890300817555,72.79597702904721,16.177851224434562,-9.650735128144644e-05,-0.0665561939478254,96,69,96.996141251913
6893,838.8401847270593,156352.33501992613,75289.37547225902,76426.07984648124,327.8007844816311,192.29081789548218,139.53475883242209,52.939824975444935,8.60382360293874e-05,-0.0504735312025257,96,69,96.99475205915395
6894,838.8572340916872,156318.7959230867,75299.1181659748,76429.26752226958,587.5568817995954,308.13305460612173,218.4435202628665,91.17003974999534,-4.233561913440681e-05,-0.0896882647153538,96,69,96.99336441226824
6895,838.860768282467,156256.74441964432,75308.21687066129,76431.84709395622,918.6531662848429,441.12657951809524,304.738150332676,153.3873784689058,-1.7716262778691372e-05,-0.029020945859968,96,69,96.9919782363489
6896,838.8768812333584,156142.0443389744,75322.83746724491,76431.37988919971,1275.3556127144839,573.1254060683714,386.0462816291256,212.70795787658426,7.091937768952972e-05,-0.0548469499599382,96,69,96.99059345633134
6897,838.8801509018698,156080.55766583292,75302.31868726769,76441.33619863432,1645.0367870512418,696.9779933622776,458.067753082898,288.7359717717918,-9.672329357814688e-05,-0.0353798042172391,96,69,96.9892099969991
6898,838.8972076368785,156012.74141715514,75303.24231818966,76446.71633534158,1976.6821199330152,796.7831225583504,512.1059379911021,353.61389367553056,8.51630648024679e-05,-0.0369980960306221,96,69,96.9878277829892
6899,838.9006846682676,155940.44859625906,75316.43879009635,76439.1964901555,2266.4310337622883,872.2535727152135,550.0696421363391,429.07852153576096,-4.070749005325184e-05,-0.0618448682727096,96,69,96.98644673879691
6900,838.9167663547993,155864.30601877943,75310.62954034969,76429.40463782783,2478.4282591525116,915.9668473368074,569.2044060714397,488.5362337230181,-1.946837490358257e-05,-0.0646514052986999,96,69,96.98506678878164
6901,838.9201270967588,155776.1806683658,75298.4566770903,76437.39491758318,2627.1874982857844,935.7863658776623,575.888499035922,553.2767155347392,7.211866309909639e-05,-0.0734060504639656,96,69,96.98368785717184
6902,838.9371727122982,155733.684789059,75303.08045235755,76441.30387488285,2695.3816908197477,931.0227184288087,569.7235818128247,598.0452112917847,-9.690654739866258e-05,-0.0635610301859752,96,69,96.98230986807056
6903,838.9405997748885,155659.18850534296,75308.79679574474,76449.40658901211,2715.012769342691,914.2007651432214,557.9389659591689,647.6461369188037,8.425959193247032e-05,-0.052859154747874,96,69,96.98093274546056
6904,838.9566502837475,155639.56254017484,75312.938195196,76420.47611737788,2678.6012060982175,885.848957147391,539.2402163040824,678.6111211401294,-3.9066378378795495e-05,-0.0431188410445273,96,69,96.97955641320976
6905,838.9601166584108,155584.00637084895,75286.61116766812,76447.54181289775,2621.6862646302907,856.870745665874,519.4902473025722,715.2703077000042,-2.1213137377161487e-05,-0.0350388498377531,96,69,96.97818079507655
6906,838.9771228144991,155565.23376549734,75289.78145241684,76424.23114393986,2537.145170471631,825.0433668796322,496.5401540435123,735.0884628123313,7.329310753812114e-05,-0.0239702267126536,96,69,96.97680581471504
6907,838.9805225448772,155499.99803856664,75278.1199415628,76430.90712062847,2460.170047504478,798.5569479716651,476.3727229938959,764.289154806087,-9.705706557335246e-05,-0.013076940189089,96,69,96.97543139568069
6908,838.9965208777229,155537.66224462845,75286.73031810104,76421.92907496747,2378.686378913466,772.3593282345246,456.6655379267322,779.7543213427707,8.332813493322936e-05,-0.0068127873640744,96,69,96.9740574614351
6909,839.0001426149113,155445.5195624436,75287.60892999101,76436.20685275491,2319.9687337441137,752.2904191651323,442.70027396555815,804.8066940216231,-3.741284281526444e-05,0.0054330557304319,96,69,96.97268393535184
6910,839.0169952202613,155433.4208380824,75296.3100557228,76401.81142154601,2264.284369075962,732.3945946117165,431.04313351951714,815.8494213867525,-2.29499657591111e-05,0.0274863937859063,96,69,96.97131074072166
6911,839.0196640119158,155408.67399150605,75284.23772232232,76413.63020053128,2232.9114785362035,718.5773044779926,425.6521661764855,837.6266143831308,7.444232631242191e-05,0.0393650687616735,96,69,96.96993780075788
6912,839.0364687220466,155402.155999195,75278.87708224288,76440.95953385899,2196.0579139285837,703.7970244896278,420.62685682147276,843.9356622858613,-9.717481256102244e-05,0.0496730207968746,96,69,96.96856503860168
6913,839.0401334496962,155366.56137209327,75286.68312122153,76454.08215463856,2170.397961953713,693.2954212465702,418.4261573785334,859.6737296150241,8.236902003355601e-05,0.056527248274559,96,69,96.96719237732717
6914,839.0568787519117,155350.79248207912,75310.68707575776,76450.18716554082,2127.0073042809963,679.8210023355932,412.8828091023752,861.1851030592225,-3.574744616737812e-05,0.0594420508739515,96,69,96.96581973994762
6915,839.0595793193138,155349.16603806414,75291.74992114298,76435.26834743642,2086.183519665501,668.2594327802071,407.0940292842279,873.8069319761998,-2.4678278054839925e-05,0.0611148782095524,96,69,96.96444704941982
6916,839.0764331581621,155342.5782096613,75299.297909877,76431.37398035917,2023.6616074724006,651.363522245214,396.0783778245386,872.5416418504028,7.556594354209996e-05,0.0593761431646802,96,69,96.96307422865011
6917,839.0801102857963,155313.7274669917,75303.98050196933,76416.74335118388,1967.6885741185397,635.3483842210262,384.9386880933889,882.7990824985027,-9.725976283337133e-05,0.0249017205771535,96,69,96.96170120049938
6918,839.0967638121375,155283.81642752295,75278.17127723637,76449.89429502495,1901.810040145123,615.2751739364758,370.6856997073919,881.0888176606677,8.138258302245898e-05,0.0009377028501047,96,69,96.96032788778903
6919,839.0994956256452,155319.053020523,75270.83239481188,76418.68789803983,1856.9556495855795,598.9747528490552,359.3623614637763,891.8417790876119,-3.4070755125266763e-05,-0.0181345891857175,96,69,96.95895421330546
6920,839.1164062802314,155266.26803113148,75286.50517449155,76435.86654960216,1813.7531083459035,582.1532172016596,347.8083381137403,889.5584348326083,-2.639749564812522e-05,-0.0351348179239212,96,69,96.95758009980588
6921,839.1200770140019,155253.13182433933,75289.22716234048,76444.69740835181,1799.332580612565,572.7293570162001,341.7129630209238,898.9616078836552,7.66635916857965e-05,-0.0355348279860679,96,69,96.95620547002405
6922,839.1366480311168,155229.53395148323,75281.8052079704,76426.11023650588,1789.8362922692904,565.8624882045406,337.41791587599437,896.6215626287158,-9.731190297773832e-05,-0.0381731131688636,96,69,96.95483024667529
6923,839.1394160805128,155269.56555704915,75268.79543089286,76428.17976452381,1805.7690282895346,567.5083758739929,339.5143507705943,906.9020718258107,8.036916892108625e-05,-0.0480161063825282,96,69,96.95345435246152
6924,839.1563851140263,155233.00710794918,75298.16539125548,76439.02880357398,1817.052967440919,570.4837444561417,342.94055803181254,905.1400714982592,-3.2383340105989024e-05,-0.0364365182667994,96,69,96.9520777100773
6925,839.1600346576558,155202.35135730723,75306.60970929053,76420.80631834963,1842.792927218834,579.1299807772884,351.24956239998573,916.233761499403,-2.81070433087976e-05,-0.0378777057786354,96,69,96.95070024221494
6926,839.1765311730036,155188.8528305987,75297.39892383198,76403.79027370525,1854.5772871655063,585.5998839636304,358.5469424430339,916.7871068743116,7.77349131958532e-05,-0.0591357943624996,96,69,96.9493218715696
6927,839.1793422127016,155189.4138495213,75303.81100988755,76436.47668292542,1872.214401825564,593.5715809276735,367.30071200671955,929.9160153216217,-9.733123021178466e-05,-0.0679794123092441,96,69,96.94794252084502
6928,839.196367698045,155181.93107780712,75265.73249597156,76420.60718360834,1868.089764527569,595.2685004117229,370.96703266243276,930.0111091941362,7.93291310613347e-05,-0.0476414788000445,96,69,96.94656211275868
6929,839.1999835683858,155133.51296374807,75276.80779426602,76416.62933667579,1865.3667077217833,595.4273533881933,372.53409762984666,940.2531799192075,-3.068577432985541e-05,-0.0427515480551383,96,69,96.94518057004755
6930,839.2164137154977,155125.76124923237,75263.30842573612,76393.91901500989,1839.9959174343385,587.8573458962637,366.90751281597477,936.2242915953975,-2.980634912643056e-05,-0.0343529360254908,96,69,96.94379781547282
6931,839.219274871727,155163.75607094282,75290.91481854663,76431.62025587635,1815.3750482890755,577.9986794916185,358.54840433452046,939.8580218809948,7.877955832226502e-05,-0.0314464172032734,96,69,96.94241377182551
6932,839.2363524318288,155153.41074693305,75262.4958110679,76437.71320196886,1767.0678721002187,560.2498436743626,343.98640668662847,926.0044983751432,-9.731775254767992e-05,-0.0367195878261905,96,69,96.94102836193242
6933,839.239923929737,155126.72913963528,75291.47696133595,76423.11203983719,1720.2227537863073,540.7647230216535,329.2648784829653,918.3401720609982,7.826283217271368e-05,-0.0226374865731597,96,69,96.93964150866049
6934,839.2562964540116,155129.13107991804,75293.30226545334,76425.85392289485,1652.5004214690416,514.7371425545862,311.71592412580503,894.211121311906,-2.897863474487586e-05,-0.0143669918958213,96,69,96.9382531349229
6935,839.2592145039735,155176.77645807108,75313.31363476464,76434.58850964053,1588.4075860324083,488.2667247955105,296.58059933187906,877.0178953532304,-3.149484507521409e-05,-0.023496936387385,96,69,96.93686316368397
6936,839.2763378818169,155181.2054160518,75279.50173561394,76460.96732362051,1505.5433714943938,456.85420010841335,279.80798244907055,844.2435958784772,7.979718718756084e-05,-0.0265832448472463,96,69,96.93547151796491
6937,839.279855935372,155223.94304030307,75287.58462027182,76423.48444137737,1430.5268237424316,427.27725211682264,265.49089389212895,821.0402390188829,-9.727148956661178e-05,-0.0162615829472144,96,69,96.93407812084882
6938,839.2961803375206,155218.20837082385,75273.32355039641,76425.23226445292,1342.8247984776972,395.8116517991439,249.0310198268853,786.2077273433097,7.71706436693474e-05,-0.0152837345830116,96,69,96.93268289548608
6939,839.2991612608893,155245.6153448943,75299.58203929359,76433.35138581567,1267.411142989935,368.8802981345216,234.22251582331955,762.7325559478486,-2.7262500840098e-05,-0.023047890020136,96,69,96.93128576509984
6940,839.3163227171345,155283.00352362,75298.62446593046,76429.21658859267,1182.530073360831,342.4073778461752,217.15467518995865,727.7834012580279,-3.3171966920003515e-05,-0.0225294623761877,96,69,96.92988665299126
6941,839.3197798644823,155280.002207444,75268.50680284055,76426.78157981591,1113.503574745555,322.2609393991297,202.8409022251726,704.4703927397204,8.078746899743262e-05,-0.0458443019210934,96,69,96.92848548254452
6942,839.3360663806693,155306.62808656637,75282.07581545149,76416.0665190757,1038.582100684347,303.61995543281955,188.30498396183248,670.1746429060877,-9.719247157213018e-05,-0.0470031141960021,96,69,96.92708217723292
6943,839.3391150510955,155310.04682192596,75280.10612506463,76431.60421831899,980.1112868692144,290.59281308818026,178.1303740682779,645.840351289633,7.605294493770146e-05,-0.0251656108754596,96,69,96.9256766606233
6944,839.3563056929925,155382.30142909964,75282.02727603528,76423.69797709156,914.9946288973442,277.1959440622886,168.46818452855223,608.4681806668232,-2.5537955208460028e-05,-0.0364838942133631,96,69,96.92426885638172
6945,839.3596961151167,155391.3762324425,75282.75111571963,76406.29739152167,866.0931028140476,266.8206752428523,162.7808977792738,580.5923982827808,-3.483715465421292e-05,-0.0360746689353904,96,69,96.92285868827874
6946,839.3759556069757,155401.15491984854,75303.11973803485,76447.8963595906,810.684994828538,253.46601687779184,156.24240581397316,540.6024767950585,8.175008239820678e-05,-0.021053869157643,96,69,96.92144608019495
6947,839.3790755713453,155435.9133068146,75319.48038977287,76419.69711743893,769.2977685494698,240.42747823793616,151.30962618725607,509.8216082577128,-9.708073981877712e-05,-0.0271492773755698,96,69,96.9200309561258
6948,839.3962856541543,155449.6313683586,75303.59951824072,76443.36160125761,719.1256190988352,223.02881384457578,143.34608769832994,467.07804896167363,7.491012443322316e-05,-0.0221044758156681,96,69,96.91861324018676
6949,839.3996052164986,155496.09356882563,75296.94221836077,76426.32120461484,682.2301245751441,206.45824619078485,135.71019996411633,435.30841527465964,-2.3805582681266064e-05,-0.0231256757410434,96,69,96.9171928566194
6950,839.4158490071318,155524.58137290194,75289.21648436911,76416.35759547484,637.028186701762,188.07918699813308,124.95429455512203,393.98016419497435,-3.648985219694728e-05,-0.0396560577800742,96,69,96.91576972979576
6951,839.4190423293985,155565.979292377,75304.21466598885,76421.7112673434,603.7556465100497,173.577167147625,114.89779989188537,363.6800476372882,8.268471542478915e-05,-0.0091890785210332,96,69,96.91434378422382
6952,839.4362615472533,155590.2063822286,75311.13003993135,76453.12246481897,560.6634978206712,160.13347225768666,102.63551324725267,323.0609165299393,-9.693634696934828e-05,0.0074702673240652,96,69,96.91291494455314
6953,839.4395078290992,155606.3794865641,75316.4514383039,76454.47957105479,527.7233458645642,151.5679420504166,91.97686283232179,292.7592436533305,7.37425785453432e-05,-0.023537183972263,96,69,96.91148313557956
6954,839.4557475060279,155627.3296272767,75297.29946221865,76443.31008955311,481.5923673961661,142.31684131809743,79.58364116997109,251.0044048781856,-2.206597087027935e-05,-0.0187279719237988,96,69,96.91004828225066
6955,839.4590146643164,155684.43243892657,75299.22282635231,76442.23577596825,437.94231174100423,132.8007031846064,68.08779472261085,216.54275109033915,-3.812950846240247e-05,-0.0224500306434817,96,69,96.90861030967078
6956,839.4762324368154,155682.53250964708,75322.47737668622,76464.3584677283,373.0213477049256,116.32528142080992,53.811201491596876,169.06065487556043,8.359106559642097e-05,-0.0344282474519093,96,69,96.90716914310644
6957,839.4794047364553,155742.2773634427,75324.80623140412,76462.14173796287,305.1484106302378,94.51825339077914,39.680503534007585,130.4462019536295,-9.675935619592636e-05,-0.0286127251229369,96,69,96.90572470799148
6958,839.4956519358986,155762.67504804328,75329.52658640702,76421.86186678467,216.4395691351383,64.98062374646543,23.451102392020402,83.13004814818851,7.255071207124127e-05,-0.0376927832298127,96,69,96.90427692993174
6959,839.4989917664526,155826.97560707663,75291.06299646749,76444.23107178278,132.42879382771207,35.04874228556582,9.967893764347536,49.48700374481268,-2.031970928061824e-05,-0.044286933067944,96,69,96.90282573471104
6960,839.5161975222742,155836.7985040808,75314.93156683705,76455.34728763283,47.77348645427264,9.303468207886908,-0.0,13.976931292039808,-3.9755576633449744e-05,-0.0316210288266267,96,69,96.90137104829547
6961,839.519296830886,155850.83163807212,75321.27022669105,76427.02905391011,-0.0,-0.0,0.6960298861959018,-0.0,8.446884048962514e-05,-0.022298255093393,96,69,96.89991279683942
6962,839.5355630145922,155840.32484220536,75326.3566804042,76427.77475292735,-8.69255341857206,13.294765841885237,13.682385769760003,-9.24165062783868,-9.654984216456328e-05,-0.0246906146861254,96,69,96.89845090668952
6963,839.5389726980504,155826.1725202404,75293.27478891167,76448.13007447388,57.325220504251774,57.686558386238175,44.19179702163092,5.684495722089196,7.133493753752425e-05,-0.0268009641047721,96,69,96.89698530439112
6964,839.5561561545156,155790.7264610884,75298.74286264835,76443.0165024299,192.51727019331884,132.05515468459635,90.30695736981579,26.292338446277427,-1.8567389361005477e-05,0.0540614361738772,96,69,96.89551591669183
6965,839.5591850943002,155746.11774615067,75309.79546393864,76454.02647316718,415.8722157331067,234.48883075939375,151.93390878729406,70.54045889139525,-4.136751471626739e-05,0.2908519845012158,96,69,96.89404267054812
6966,839.5754813287884,155670.2894596831,75308.27583307929,76457.17545807266,699.4503056242247,353.6708748795645,221.78333216632018,118.06379014326376,8.531775688296374e-05,0.4436687161833603,96,69,96.89256549312933
6967,839.5789564144636,155616.22539172857,75290.37801334326,76453.24267619358,1037.513207461685,479.4708410570456,295.2055920815619,184.01419250818435,-9.630788987407872e-05,0.0131695559861102,96,69,96.8910843118229
6968,839.5961078512378,155555.08316006488,75302.89369670844,76440.85826797683,1385.290771360451,597.5722155645635,363.3032323965308,248.23918943840545,7.009567534573032e-05,-0.365092739850205,96,69,96.88959905423992
6969,839.5990705747104,155479.90751959913,75307.22910255198,76454.17776107226,1728.406596605375,699.3568689800741,422.2546450970549,325.84600522727123,-1.680960440965598e-05,-0.0719293090712486,96,69,96.88810964821948
6970,839.6154073224603,155394.05053344445,75282.27392982038,76431.03109844659,2023.6583523479057,776.4255924738827,466.48174889235815,395.7121783622133,-4.296478582815574e-05,-0.0170658578388267,96,69,96.88661602183376
6971,839.6189417854685,155311.96941240891,75265.15001620361,76431.53968465634,2266.296438133344,827.7688299675938,496.42367409072176,470.9434275800013,8.613754162485885e-05,-0.0771338373451648,96,69,96.88511810339362
6972,839.6360523109629,155223.54915905822,75291.021193187,76430.93482740603,2431.9150276927394,853.35404024327,511.354674472459,531.6684455978684,-9.60335955934294e-05,-0.0203847783888122,96,69,96.88361582145282
6973,839.6389543586622,155177.2614203234,75278.20353415661,76431.96709725399,2535.5721412976854,858.4750898541533,515.2224251293956,592.5411494111759,6.883335411910905e-05,-0.0478469226973541,96,69,96.88210910481337
6974,839.6553412913611,155110.6330826279,75288.67457149958,76453.20157688903,2570.3446438743267,847.2831069999665,509.42429069557693,635.477594756725,-1.504694969110911e-05,-0.0544779844620092,96,69,96.88059788253028
6975,839.6589276154875,155093.3090515528,75273.0336540615,76441.79654113538,2563.098520582891,826.3134649112762,498.2477825826063,676.7464068881818,-4.454685840848187e-05,-0.0581039230746254,96,69,96.87908208391649
6976,839.6759894262589,155011.02566488012,75279.25969181515,76449.77917093885,2515.9059963732143,799.6143532650894,482.95667578370194,702.624658444256,8.692793195951156e-05,-0.0741134710878452,96,69,96.87756163854796
6977,839.6788375391136,155028.03090888553,75308.03827309479,76441.41662301536,2458.178012642893,772.0663909369177,466.97900568261684,732.0740571579081,-9.57270665436716e-05,-0.1030158097619928,96,69,96.87603647626835
6978,839.6952833849984,155007.49001863223,75287.95998899995,76439.07598059444,2389.8815345498733,746.0554932759696,450.8401686044672,751.9493872672028,6.754840959395729e-05,-0.0965151751956668,96,69,96.8745065271938
6979,839.698912660649,154943.59783494967,75300.64887679117,76466.32706809237,2334.3545385371544,724.4276254471915,436.9401178617991,779.3590292215522,-1.3280020843282808e-05,-0.0779726769539601,96,69,96.87297172171805
6980,839.7159192978638,154933.64438039967,75300.54934472391,76466.79732534039,2285.9444996956154,708.0599865926633,425.0939129414619,800.3800216809905,-4.611320599192508e-05,-0.0806925103487987,96,69,96.87143199051712
6981,839.7187211770878,154913.33953743905,75301.66722255199,76452.33943381037,2259.8082684243564,697.7172373038047,416.50403001390805,829.3920468833821,8.768867442496167e-05,-0.0703486331549109,96,69,96.86988726455397
6982,839.7352336189309,154842.73705694443,75282.64990801147,76421.62654459263,2241.404664651258,692.3261804368667,409.9141951922211,849.4577396876412,-9.538842031813482e-05,-0.0625237424978659,96,69,96.8683374750834
6983,839.7388956388053,154832.76521701308,75303.67901158232,76446.72961331974,2237.0602735582506,690.2908553818852,405.35176942999533,872.5473881927028,6.62412849553406e-05,-0.0661365454956518,96,69,96.86678255365706
6984,839.7558422535932,154834.98263954264,75282.88006538883,76447.03912409313,2227.7541913874447,688.9924126703991,401.1279389170959,883.3181979171059,-1.150941571297224e-05,-0.0537326516132081,96,69,96.86522243212752
6985,839.7586062528939,154787.03060432104,75262.74161868624,76451.7493681823,2217.3009998001507,685.8425955339044,397.0328412926028,895.3471883255406,-4.766330784827143e-05,-0.0363641175473567,96,69,96.86365704265393
6986,839.7751919033063,154782.7722222898,75296.41192376697,76457.34792541186,2188.0956976629095,678.8741515658185,391.81220491234853,895.3632618606789,8.841952607642229e-05,-0.0306758121122857,96,69,96.86208631770586
6987,839.7788752247152,154817.10590133417,75283.31922333161,76483.09310109651,2148.7763466368197,667.0215460262407,385.7133498769981,898.5189156451961,-9.501778585475235e-05,-0.030037792355857,96,69,96.86051019006848
6988,839.7957588808664,154816.32754365986,75284.81900435266,76458.87240185928,2090.9700957533205,650.9201633389894,378.2261167130782,894.4092285060615,6.491243073382842e-05,-0.0074321078064852,96,69,96.85892859284704
6989,839.7984935965051,154783.26211615236,75302.26327837969,76426.48300957945,2031.1824466986,631.8576391411771,369.8748467658879,898.0109604397148,-9.735732801656769e-06,0.0013326410944822,96,69,96.8573414594716
6990,839.8151581012851,154794.9514443861,75292.05826693344,76445.72304631035,1966.6413209861494,612.6568934845418,360.5431771384174,897.3465277340438,-4.919664877172596e-05,-0.0020765769683073,96,69,96.8557487237014
6991,839.8188500126209,154751.61216786905,75256.10490824735,76444.0029196989,1915.4887907413067,595.5347041541681,351.05703907289717,904.8845845288597,8.912025422868394e-05,-0.001911676749832,96,69,96.85415031962998
6992,839.8356700947232,154747.72607320882,75299.50026074648,76438.261086712,1874.333098442934,583.430989432396,342.11586088007607,908.3207104823377,-9.461530221001366e-05,-0.0060594723942893,96,69,96.85254618168928
6993,839.8383837700911,154758.0523259875,75281.78586225714,76455.06331629766,1856.0388884716085,577.3943813992082,335.2207176945958,918.6877822860843,6.356230485982772e-05,-0.0209244119584372,96,69,96.85093624465432
6994,839.8551321526811,154726.82853069413,75284.58196512412,76439.11001290056,1850.5062901475467,578.7308279736753,331.6994945218903,923.1856881485728,-7.959571041400012e-06,-0.0369164045243054,96,69,96.84932044364756
6995,839.8588183996807,154747.51228582117,75306.38003409634,76441.74570981025,1864.1500375549658,585.9966173824068,332.7504082353553,932.7519297566032,-5.071271965744728e-05,-0.0717237632190457,96,69,96.84769871414387
6996,839.8755773015683,154705.57366811432,75276.22219819884,76422.31214097784,1883.5350482965587,598.0634613497823,338.601169766509,936.5648957748781,8.979063638311896e-05,-0.1095584792015983,96,69,96.84607099197468
6997,839.8782768236217,154708.2960741107,75295.61575965902,76429.31591793503,1912.1251275272807,611.208358779244,348.1999499480153,945.4364798560273,-9.418111978649168e-05,-0.1201737487443408,96,69,96.84443721333248
6998,839.8951143692508,154700.68430601698,75280.12370844449,76435.69300110186,1935.1933069257648,623.2539009002066,359.35903945428436,948.3059380579507,6.219137168294216e-05,-0.1359879810006594,96,69,96.8427973147752
6999,839.8987782447746,154713.98188701147,75292.6495844529,76449.03367702085,1956.0053254333907,630.3728364388226,368.8812460449699,955.1320038759441,-6.181530288863381e-06,-0.1563357684477007,96,69,96.84115123323052
7000,839.9154828589185,154679.63224209103,75296.34819694379,76431.53621366795,1961.8399603085709,631.7230829248292,373.92349386373826,955.5344831235998,-5.221101731602176e-05,-0.1581619334409958,96,69,96.83949890600108
7001,839.9181716436115,154668.10354895733,75305.6894318253,76437.47300357018,1957.536822280672,625.5890536995576,372.1933283489634,958.3925471131224,9.043046027276002e-05,-0.1759044863043691,96,69,96.83784027076736
7002,839.9351063025048,154655.72407662115,75279.69708153822,76419.62261784227,1933.2799869409646,613.8393716156279,363.50840334985696,953.2261980554904,-9.371539893658547e-05,-0.1805525252160902,96,69,96.8361752655933
7003,839.9387257157802,154702.04646027595,75283.82036626864,76439.3347041746,1897.7117431368679,596.7814775038423,348.7848293649149,949.0580244731682,6.080010287536973e-05,-0.1588809700711063,96,69,96.83450382893014
7004,839.9553917109067,154698.57263865863,75290.62688052983,76442.21725796591,1845.8102124685538,577.5466277297237,330.8673689889256,937.3528158028785,-4.402210454537056e-06,-0.1625510618759262,96,69,96.83282589962056
7005,839.9580635360185,154702.62276031316,75303.67378978642,76443.35075765885,1788.5277359563624,556.5303578534949,312.2864637833118,927.1159808835364,-5.369104478829539e-05,-0.169688740715252,96,69,96.83114141690324
7006,839.9751143629346,154703.99232869627,75299.767586138,76464.37158189339,1721.7187462667353,536.2561408070906,295.99403197836364,910.2500875428377,9.103952393417994e-05,-0.1549372021875124,96,69,96.8294503204168
7007,839.9786496693395,154736.07519028787,75302.78201961564,76468.05626749647,1655.7997842834448,515.6527825038211,282.8881712240982,895.5338366304932,-9.32183109248356e-05,-0.1562083058874515,96,69,96.82775255020438
7008,839.995320701296,154743.72488713183,75301.35465540996,76435.46063616838,1585.9603649684577,495.8708877763129,273.5259847040288,875.7143561063276,5.938897634246903e-05,-0.1601786995597114,96,69,96.82604804671745
7009,839.997927512862,154751.30606679124,75290.99362888379,76440.71121020595,1520.5134692558786,474.8982772264426,266.26055387657834,858.4636062314385,-2.622212014865724e-06,-0.1572556742535341,96,69,96.82433675081997
7010,840.0151834743726,154761.557073192,75277.57386269273,76443.56062570956,1453.1664088365505,453.89351764842286,260.02275127067696,836.3689443479816,-5.515231163880937e-05,-0.16731026155708,96,69,96.822618603793
7011,840.018447327829,154802.86361688914,75292.4126240916,76459.46838544396,1391.5200421295594,431.21650368771225,252.52384967255057,816.745245477563,9.161763598494048e-05,-0.1640334052789255,96,69,96.82089354733829
7012,840.0357131295818,154824.09271827785,75291.83771971444,76453.87136578716,1329.050343551673,408.95946450330666,243.42122365170508,792.9007009806519,-9.269003753378658e-05,-0.1618737603293436,96,69,96.81916152358252
7013,840.0383441032238,154844.72332322827,75279.6073482898,76454.88058048993,1272.1971962393145,386.31694057527056,231.8856777519395,771.4316277276666,5.795847686443026e-05,-0.1728435718500787,96,69,96.81742247508134
7014,840.0549856449452,154853.5305932215,75299.14156330233,76437.70430564371,1213.5042448700988,365.9799540737149,219.428707318526,746.0432724330749,-8.421352368717899e-07,-0.1699262029904684,96,69,96.81567634482344
7015,840.0585084835609,154866.16529945066,75294.28133138917,76448.52992294196,1158.0272045589518,347.12775515082467,206.59627802699106,722.3751958954672,-5.659433366454671e-05,-0.1780263505858628,96,69,96.81392307623445
7016,840.0755887257907,154929.42758735816,75304.24220291615,76450.78740012132,1099.0803360688733,331.788472209897,195.4693907716428,695.1422467041994,9.216461581367014e-05,-0.1910957615437763,96,69,96.81216261318094
7017,840.078263378515,154906.32124338832,75307.43624387599,76448.83108921624,1042.9157706234837,318.1641884547862,186.12067806979758,669.597245177778,-9.21307710768434e-05,-0.1776501042516853,96,69,96.81039489997436
7018,840.0949156165798,154964.19724850645,75290.46887368595,76449.60471312104,984.8338448604336,307.5192997860868,179.5786373449664,640.9615628101456,5.650909521090298e-05,-0.1813998183752871,96,69,96.8086198813751
7019,840.0985088478188,155004.88908812476,75285.26869512328,76458.46520141237,932.8371000081534,297.4162283690821,174.4507257057412,613.8917692883406,9.374201511601708e-07,-0.1973441462836257,96,69,96.80683750259593
7020,840.1154922887715,154991.68074062158,75285.99475734273,76440.40580488273,883.8830489602406,288.7000345822307,170.53811921994202,584.5164625594625,-5.8016633853763146e-05,-0.1879308347709907,96,69,96.80504770930617
7021,840.1181616548032,155037.01993552558,75290.30986737112,76452.60777211051,845.0377806010656,278.8989069666277,165.7944663662929,556.7467543561652,9.268029296669196e-05,-0.1929200924843128,96,69,96.80325044763566
7022,840.1348700354034,155084.84760655707,75300.70894851693,76450.19717834337,810.3162457230501,269.26961149819545,160.26409413910005,526.8308521480649,-9.154071385130228e-05,-0.1977782896093412,96,69,96.80144566417805
7023,840.1384924265434,155095.01372352138,75308.81420565175,76452.46025309974,782.8381037360523,257.785771636758,152.6045053053531,497.73146089180955,5.504132831026995e-05,-0.2047733336363262,96,69,96.79963330599504
7024,840.1553999532093,155116.64344848468,75294.34097398804,76441.61780779161,754.0130536918878,246.0649471530487,143.82576356022037,466.34522369431215,2.715854528299543e-06,-0.2201880041507654,96,69,96.79781332061972
7025,840.1580544890028,155162.27624222,75309.33159616482,76453.50515385382,725.4573616810958,232.58972632129735,133.52104440989206,434.98214465149795,-5.941874138145637e-05,-0.2161686867606738,96,69,96.7959856560605
7026,840.1748392705562,155172.17305831448,75326.21080776406,76441.39226921738,689.3107546081301,219.65602480947564,123.5368488006934,401.21267694057315,9.316450780454066e-05,-0.2150183032061577,96,69,96.7941502608048
7027,840.1784639598047,155238.5315371072,75288.15270179635,76467.98865819757,650.0363349698018,206.228525785089,113.78511845043977,366.98736195862875,-9.092007848792e-05,-0.2236542062827247,96,69,96.79230708382244
7028,840.1953088529025,155270.6079879675,75302.31990458706,76495.49313202314,604.1311683441163,194.56981230489328,105.87552925094496,330.8449334267643,5.355567925384071e-05,-0.2475434463400012,96,69,96.79045607456948
7029,840.197944641727,155286.33554081767,75311.44908275866,76479.8758463421,558.872600122646,183.1329879558325,98.9405005875742,294.1144135122886,4.492568812561587e-06,-0.2386144752994703,96,69,96.78859718299142
7030,840.2148222293712,155339.78379211738,75307.24348612985,76478.09871715099,511.05609076394467,173.00351609740756,93.46401355462149,255.9018779420876,-6.0800193168834593e-05,-0.2077416409120507,96,69,96.78673035952762
7031,840.2184216299594,155370.721879459,75327.0095758343,76467.89308679981,465.6045193154714,160.8692226831772,87.17780139952083,216.8979643250641,9.361711130967896e-05,-0.2283420280559181,96,69,96.7848555551133
7032,840.2352220457822,155432.7892029608,75325.8010433259,76464.08132337398,415.5108395871357,146.05632358288858,79.43357799394289,177.09159109686152,-9.026908827033116e-05,-0.2487506675714561,96,69,96.7829727211848
7033,840.2378290118248,155456.0469362685,75310.06226197333,76473.73381206815,361.3380788200884,124.82119312912982,67.7518972910184,137.0594339814561,5.205265700285746e-05,-0.2407865127795142,96,69,96.7810818096814
7034,840.2548242295031,155448.8997242152,75324.58468402637,76468.95295216337,294.213345874683,98.02731234233943,52.665168564679334,98.53937518780003,6.266965042142664e-06,-0.2538518130723174,96,69,96.77918277304978
7035,840.2583553257645,155545.73585911395,75316.28244090352,76437.24141666904,218.04599963035434,65.62989124697924,34.17432430066401,62.708471654506866,-6.216053268235843e-05,-0.2583358098115587,96,69,96.77727556424688
7036,840.2751547913341,155573.72384987277,75320.49747919315,76467.08337440879,133.3737070338684,33.74904127350601,16.26281174828182,33.061531644896604,9.403796556397033e-05,-0.2432823914472703,96,69,96.77536013674364
7037,840.277685042167,155589.49167928344,75312.13717213049,76490.87803666007,57.24228728970047,8.299497029016493,2.6212592494266573,10.730548065068433,-8.958797650030073e-05,-0.2516277011640834,96,69,96.7734364445278
7038,840.2948857100677,155602.179370366,75307.29440217816,76478.89259975057,3.78144606098067,-0.0,-0.0,-0.0,5.053277563949118e-05,-0.2546429697906736,96,69,96.77150444210746
7039,840.2981759537719,155578.7415096508,75311.07115564011,76486.3949787568,-0.0,16.145463455686695,12.668739506538259,0.3822717558359727,8.038446540385746e-06,-0.2384369463884579,96,69,96.76956408451458
7040,840.3154310213786,155593.84298100564,75306.63814687918,76467.16334856537,61.57224133401178,64.31704526284011,45.19540422881255,15.363685244839871,-6.349931130515965e-05,-0.244400296618695,96,69,96.76761532730757
7041,840.3182007065953,155550.1734218887,75326.65446997709,76471.54604764978,205.9849860801478,144.47400007436227,97.06986285065068,42.07558772811899,9.44269428530176e-05,-0.2366999823395021,96,69,96.7656581265749
7042,840.3346930243058,155537.0328345679,75305.53090585128,76475.23857274173,429.56533818208845,253.6743493332906,166.31865019304678,83.16542167097214,-8.887698598197298e-05,-0.2362090940390798,96,69,96.76369243893816
7043,840.3382256119642,155433.80709255938,75322.90701179816,76451.96048642277,724.4642726872116,381.0555617521459,245.79592374025378,133.99184733972652,4.899655535649438e-05,-0.1581743581529051,96,69,96.76171822155511
7044,840.3553266398322,155412.5902840134,75306.99328065914,76484.35101001125,1062.771864352224,514.9202530458424,328.33716008541523,196.4881038541498,9.806417405919167e-06,0.0901663050156002,96,69,96.7597354321226
7045,840.35811017222,155351.35299476824,75314.3131522821,76452.9928313655,1418.8163911601878,640.521720804798,404.61358765597106,264.126531087677,-6.481608750459169e-05,0.2014324209506696,96,69,96.75774402888
7046,840.3746192727507,155280.43088068033,75310.26599385467,76473.23221493262,1757.0594434362138,747.8386850539246,468.7669467189553,338.7791873002134,9.478392663143974e-05,-0.2888324643617504,96,69,96.755743970612
7047,840.3782236079143,155203.03463054608,75285.77086366872,76453.8341565245,2055.7334978409926,828.7213324655168,515.6317148905073,412.7083859395643,-8.81363699033085e-05,-0.5872217022993828,96,69,96.75373521665088
7048,840.3952442455918,155122.2329589199,75299.20676609503,76459.26765401478,2293.093911573349,882.1356617000129,544.8577818622871,487.53362976561766,4.744452106474683e-05,-0.2936118309397993,96,69,96.75171772688094
7049,840.3980014122511,155048.86800880762,75288.1544175231,76467.09712976987,2466.1350093862857,909.1600909670378,556.7960526529641,554.7302930947335,1.1570283150003736e-05,-0.2973908901478915,96,69,96.74969146174004
7050,840.4145670884467,154998.5514142472,75292.69752881122,76469.30547026472,2571.8860300178058,915.8346169641591,555.4825059581199,617.7873852513148,-6.61104271694553e-05,-0.3162635242741176,96,69,96.74765638222296
7051,840.4182089955317,154949.59337918737,75290.54017172489,76458.94255414365,2622.9194248103304,907.1896636837628,544.0071752611984,669.5863078727853,9.510881067707496e-05,-0.2698148798415271,96,69,96.74561244988432
7052,840.43516309916,154904.77090371866,75280.35679457891,76451.42995350776,2627.044597848493,889.8077224285807,527.4556403825409,716.0195608242648,-8.736639143783643e-05,-0.3172353441012116,96,69,96.7435596268412
7053,840.4378877436905,154864.2635012247,75295.16499988192,76481.93213879202,2601.904381073604,867.2358943402214,508.8220501848118,751.4678763679112,4.587720316231208e-05,-0.3039453821244304,96,69,96.74149787577564
7054,840.4545286959263,154851.14052244433,75313.19429455498,76454.24529886615,2555.549280543928,843.552589890809,492.2150835010543,784.6433932031796,1.332945148557869e-05,-0.2775413127324012,96,69,96.73942715993807
7055,840.4581852520378,154846.26829317762,75282.36354147151,76486.05033570722,2503.1846190413344,819.970165943043,478.9056144760398,810.4847925433423,-6.738190446279407e-05,-0.2893364141178137,96,69,96.73734744314942
7056,840.4750809441024,154775.19804639302,75303.05586643478,76448.602241794,2449.2884329864755,798.6072600754123,470.5839462179574,837.5821264049446,9.540150054456774e-05,-0.2771724727605727,96,69,96.73525868980356
7057,840.4777714957264,154774.20805762903,75280.50765978027,76484.80770177531,2404.3142125924933,779.5372342592891,465.9400254939392,859.2542108652124,-8.656732351423511e-05,-0.2692054867830161,96,69,96.73316086487044
7058,840.4945035076645,154768.76461360516,75295.2108896209,76459.19242321773,2366.915064202447,763.9998156576912,464.3404695644713,883.8720288930635,4.429513695009853e-05,-0.2633989901818516,96,69,96.73105393389828
7059,840.4981503586569,154732.66810181548,75303.45360654868,76461.74189077535,2341.502712062327,751.2670961370604,462.8916008117958,903.1016220309539,1.5083331496209998e-05,-0.2531630027315084,96,69,96.72893786301644
7060,840.5150004709583,154719.85309232204,75295.21425489725,76452.81025723935,2321.1365189623903,741.3682120919402,460.36804724998365,924.2566896305943,-6.863010127160183e-05,-0.2446977554600471,96,69,96.72681261893752
7061,840.5176501927795,154701.00383262042,75297.84391161894,76457.03495775034,2305.3398292767815,732.4458595124743,454.5577461517678,938.0341896816972,9.566191191974618e-05,-0.2433141606588634,96,69,96.72467816896
7062,840.5344961133753,154723.98354944165,75297.28419642136,76481.62854021836,2284.102198771143,723.544306779062,445.8239637817751,953.0619067738589,-8.573944835196065e-05,-0.2331453953955846,96,69,96.7225344809707
7063,840.5380956048366,154682.44487546085,75287.28496777864,76459.34391590631,2257.255152183294,712.5915662269399,433.9012286755169,960.143118127191,4.269886184615056e-05,-0.2129838731888948,96,69,96.7203815234468
7064,840.5549341225883,154687.65915961267,75281.81201112822,76450.15835939135,2218.477918187389,699.1967816538818,420.77151201055676,968.4059499894502,1.6831334339512166e-05,-0.2024591848188953,96,69,96.7182192654588
7065,840.5575061626932,154709.83555054312,75282.10472165314,76460.09474073832,2173.0494529981515,682.9446215500793,407.2389045916643,968.9221969324572,-6.985460741322912e-05,-0.1984983945474097,96,69,96.71604767667203
7066,840.574537781472,154696.98101267306,75270.78977055661,76477.39510639504,2120.2050795920077,665.4722012208367,395.54027104108536,972.684043267247,9.588997175159404e-05,-0.1712663385562567,96,69,96.71386672734984
7067,840.5779547409788,154697.22592227408,75301.9579245645,76466.6853714714,2070.0001457277685,648.324114699979,386.0310002478218,970.5837363183673,-8.488305812222752e-05,-0.1657030497447825,96,69,96.71167638835485
7068,840.595091345888,154691.17316264438,75284.60253285123,76476.37771028328,2024.1065220382297,634.1547569546965,380.0157502527727,973.6480646960263,4.108892268162602e-05,-0.1564446019010879,96,69,96.70947663115174
7069,840.5980986427634,154701.2890122173,75284.87211174061,76479.63839645853,1991.7738640727475,624.5426705668651,376.91609625819547,972.3279076502076,1.8572873870852407e-05,-0.1424283614421744,96,69,96.70726742780936
7070,840.6143746356175,154728.1931736543,75289.324970165,76457.34797451962,1971.3717573479516,620.8904860606126,377.11728356756794,977.6031935432402,-7.10550209356204e-05,-0.1511787765874344,96,69,96.70504875100252
7071,840.6179799685375,154703.12722304452,75278.95690239806,76471.44140561506,1967.0998526180629,622.9600472349412,379.3968405656342,979.6127657550387,9.608561768544514e-05,-0.1563230848446912,96,69,96.70282057401428
7072,840.6350128620296,154707.29824818368,75302.6071245124,76464.06132243563,1972.7645337331924,630.0195561384171,383.55754674208583,988.2193357028591,-8.399845435761108e-05,-0.1623916191491274,96,69,96.70058287073786
7073,840.637997311987,154730.34624985076,75302.98628683695,76464.8192765335,1989.0608288797666,640.2054581875273,388.0882606428495,991.6802315580426,3.946586814783285e-05,-0.2051861846002757,96,69,96.6983356156788
7074,840.6542981908657,154652.5874325207,75277.39228298108,76470.48624691406,2007.3121154295513,651.6554947555851,392.7339549813332,1000.0924570056959,2.030736592837936e-05,-0.2363531042024464,96,69,96.6960787839567
7075,840.6579735152977,154716.35679780666,75307.67662738106,76480.76203542949,2027.0085077360272,662.1262809285108,396.20669092892786,1001.957648684911,-7.223094789754121e-05,-0.2598758801990675,96,69,96.6938123513072
7076,840.6749439802486,154700.95781644614,75302.5482957936,76459.84750730604,2039.7027662920882,669.729291308744,398.49942090960394,1007.4066058441822,9.624879841881144e-05,-0.2805584956236249,96,69,96.6915362940838
7077,840.6778853469013,154728.5773885179,75292.13267937215,76482.2905520532,2045.7828037625295,672.7705472845264,398.75801572903583,1004.6741873771243,-8.308594811873247e-05,-0.2864863189377164,96,69,96.68925058925988
7078,840.6942361960372,154710.480123157,75268.31561442779,76470.66948747236,2037.936130927701,670.1787366416538,397.4495091144199,1005.4490845999971,3.783025120107343e-05,-0.3100902968433303,96,69,96.68695521443011
7079,840.6979621483135,154708.81959447218,75263.05288583918,76459.54680201878,2018.5690038230969,661.5601264849247,394.23133181121375,998.6829965187353,2.2034228863437776e-05,-0.331058485764873,96,69,96.68465014781266
7080,840.7148705854503,154739.85362898954,75319.08765112828,76456.47353106212,1983.6363848357578,647.2065448212816,389.7870591584069,995.6345567539101,-7.338200357125983e-05,-0.3088059341425658,96,69,96.68233536825034
7081,840.7177720473817,154745.93202167322,75303.52895795082,76456.41266386793,1939.0354975831578,628.1693926658918,383.78749823512044,984.2365830866911,9.637947391916126e-05,-0.2963973412573744,96,69,96.68001085521276
7082,840.7341834764411,154764.7688472074,75290.41054699624,76486.48427983643,1883.3086558222421,605.6769105537678,376.6027995436598,976.3486844162107,-8.214585935899119e-05,-0.288341306875891,96,69,96.67767658879792
7083,840.7379480582505,154809.70557589206,75278.00908630129,76480.64289604116,1823.925289702369,581.2901796137885,367.5508186873194,959.8006819611765,3.618262866154452e-05,-0.2796043470851922,96,69,96.6753325497332
7084,840.7547905667379,154777.60450829484,75252.18522817174,76455.71996088736,1759.9427982231136,556.0660108790617,356.72661045695713,945.6897582446982,2.3752884482600488e-05,-0.2702482924910956,96,69,96.6729787193778
7085,840.7576601804996,154813.9414311218,75285.77068872946,76457.11065691477,1697.7766713750316,531.1588185227884,343.7092455084785,921.5217298253556,-7.450781093482734e-05,-0.2649711811123365,96,69,96.6706150797232
7086,840.774138579684,154863.46285375862,75295.84752199116,76460.87603070337,1634.1068371171132,506.93016522091057,329.23385383567074,900.2198828440451,9.647761485386944e-05,-0.2543362166713966,96,69,96.66824161339584
7087,840.777931001027,154895.1637888365,75286.93927030476,76483.29921156442,1573.1188222623314,484.0282716780639,313.73328217995004,870.5338362855546,-8.117851752124773e-05,-0.2457011948644306,96,69,96.6658583036575
7088,840.7947036175808,154929.6449347071,75277.12842082839,76479.09754718922,1510.3754623109126,462.3101072799327,298.4225695603818,845.6041121231683,3.452356147064566e-05,-0.2479963445035236,96,69,96.663465134407
7089,840.7975513481264,154948.10335070384,75296.18695844072,76480.89751675802,1449.7610121920006,442.14650629974494,283.78459649617434,814.2982552511676,2.5462756986333725e-05,-0.2502745020927948,96,69,96.66106209018172
7090,840.8141006721117,154987.4848734026,75296.23231843069,76465.02657785546,1386.9995476327022,423.04131233444787,270.4918996982742,790.7976172428462,-7.560800198305298e-05,-0.2385781502868587,96,69,96.65864915615884
7091,840.8179102281106,155011.22317608146,75277.63150105705,76471.48844275177,1326.8461338756606,405.29673309155623,258.3051541457826,763.3857641147915,9.654320281663138e-05,-0.2405386193417076,96,69,96.65622631815629
7092,840.8346100064949,155051.85245826482,75282.01150532598,76473.60024102211,1266.1944838877534,388.415476772745,247.16617421092815,744.2108881547465,-8.018426104300125e-05,-0.2380646014009193,96,69,96.65379356263436
7093,840.837446773847,155077.73946763354,75307.95692695043,76492.56508697197,1210.2327166734613,372.9251546220621,236.56836300814757,719.9609973643965,3.285361379980627e-05,-0.2324286420433675,96,69,96.65135087669664
7094,840.8540689931281,155088.19455506912,75318.20249787728,76465.76339313711,1155.342782958527,358.3554610924475,226.52423889917554,702.7522454676509,2.7163274285397587e-05,-0.2315619164008268,96,69,96.64889824809114
7095,840.8578849003758,155127.97033832394,75282.16589768579,76475.46161510277,1106.1807030919008,345.2913512462983,217.00494375347625,678.6909217446228,-7.66822176905218e-05,-0.2250968766839106,96,69,96.64643566521173
7096,840.8745102859551,155140.9827884592,75314.75684462274,76458.07390719639,1058.8432222821284,333.08689842412423,208.50713483896106,659.1035932013474,9.65762303567127e-05,-0.214654572638838,96,69,96.64396311709818
7097,840.8773474836125,155149.11981598267,75312.33743547049,76488.48352673453,1017.4087347127497,322.1972671874828,201.42785168654518,630.8893249610846,-7.916343726643123e-05,-0.2218765461150379,96,69,96.6414805934387
7098,840.8940427174526,155236.82458779868,75291.82064630625,76456.1231534489,977.031283280754,311.73747501264734,196.15936167773907,607.7044018353627,3.1173353498680334e-05,-0.2336628777236628,96,69,96.63898808456956
7099,840.8978542242124,155235.2317491038,75282.39526055059,76474.30757763814,941.1717511332245,302.25471278656914,192.53966007300187,577.5311328741082,2.8853867407929564e-05,-0.2241046120784711,96,69,96.63648558147663
7100,840.9144051902088,155280.98109993967,75314.09858161955,76499.8844054403,904.6378149273223,292.9848842685751,189.88516335724853,553.7052126767812,-7.773010780885035e-05,-0.2164638166611011,96,69,96.63397307579623
7101,840.9172543520984,155312.28669285792,75279.70072505805,76483.55038805789,870.3524041679921,284.6372826426232,187.0282946540974,524.2678550866549,9.657670132868666e-05,-0.2260490076877351,96,69,96.63145055981568
7102,840.9340209190057,155340.2340473337,75306.03051919918,76461.47434455885,832.7089439193369,276.22362668288406,182.60647757310653,502.82509417954134,-7.81164019904961e-05,-0.2272757926467751,96,69,96.62891802647452
7103,840.9378175133578,155357.05716627697,75326.40900575365,76478.3840140661,795.2736296160729,268.18194027220306,175.67420720501104,476.13528274954297,2.9483351618944134e-05,-0.2323649267451405,96,69,96.62637546936476
7104,840.9542955830783,155387.82935323738,75310.18468580773,76484.47392424238,753.8701112890267,259.058203338951,165.83291428539087,455.8399844051455,3.053397125198889e-05,-0.2247638401133243,96,69,96.623822882732
7105,840.9571681121547,155419.84192813595,75296.83366987253,76461.2342940827,713.30146396294,249.01334568655875,153.7489493030589,428.5072205098404,-7.875133106770426e-05,-0.2083560511500276,96,69,96.6212602614762
7106,840.9740025673258,155434.44160719984,75273.72226672259,76474.38829918431,670.0478701636894,236.47122544175363,140.5230740660918,406.6873194417858,9.654463007274904e-05,-0.1944343388200583,96,69,96.61868760115148
7107,840.9777742255353,155482.35829456378,75279.50755149298,76452.62855639863,629.2384506250964,222.06527273556276,127.88123808676028,376.9449249205936,-7.704352029694543e-05,-0.18184425056279,96,69,96.61610489796762
7108,840.9941824198662,155539.0810068077,75284.58278807058,76486.90916553322,586.7971027920721,204.8197660956066,116.89993960826541,351.1902183944185,2.778418203014248e-05,-0.1701820252556541,96,69,96.6135121487903
7109,840.9970893547501,155566.17441261787,75301.67222701262,76482.39242273956,545.9663962558261,185.92984640189388,108.28447790970677,316.6762470426911,3.2203024080165606e-05,-0.2079112748039601,96,69,96.61090935114136
7110,841.0139865356628,155577.72997676412,75335.81193307243,76475.07748187095,500.1732253022492,164.47516643103154,101.13165081862826,286.0945387542306,-7.974555532800704e-05,-0.225891346601955,96,69,96.60829650319948
7111,841.0177239892583,155631.52683643287,75302.29443987942,76480.26377375671,450.96547745820135,141.55408351337246,94.08654989887145,246.2970472711022,9.648004239664366e-05,-0.2154621601682909,96,69,96.60567360380077
7112,841.0340667116087,155683.65617437294,75300.4251408473,76486.3002211713,391.24006992403883,115.91644598238054,84.66301438750816,209.40005210068193,-7.594516539774667e-05,-0.2246874912075531,96,69,96.60304065243837
7113,841.0370185296086,155703.7326678947,75313.67864445693,76487.17617099894,323.4345379958977,88.73272705405543,71.38163125189021,163.92677668458782,2.607642159574789e-05,-0.220247972834563,96,69,96.6003976492639
7114,841.0539716122349,155787.36572596044,75313.61261480811,76478.56622382968,243.74751367646968,59.64812997235276,53.35287710640114,124.21184436933254,3.3860468384115446e-05,-0.2058026075164902,96,69,96.59774459508684
7115,841.0576666272023,155820.00157788544,75310.6358935906,76471.53537718084,161.30994818458566,32.32287104653369,32.631198503950145,80.13377136160852,-8.071245764635202e-05,-0.2079080419444938,96,69,96.5950814913752
7116,841.0739494862468,155860.7188474182,75317.12794996156,76507.87801589495,81.48612084623892,9.942850042309146,12.756619184772717,46.81846050018794,9.638297471320464e-05,-0.198171020563418,96,69,96.5924083402555
7117,841.0769559521219,155880.89411942527,75316.8636729641,76481.16403560818,23.170928654144518,-0.0,-0.0,16.072566524584545,-7.482171912590862e-05,-0.1894102005869636,96,69,96.58972514451312
7118,841.0939565090018,155918.382422847,75315.45333076235,76493.08842334314,-0.0,8.235428921761923,0.2373167499608826,3.680405538820196,2.4360649790903244e-05,-0.1938464702381883,96,69,96.58703190759245
7119,841.0976021808957,155932.5482084569,75339.13439228664,76476.71131803896,35.09607623203192,42.28654934016231,19.39052743575303,-0.0,3.550575084070088e-05,-0.196300905351734,96,69,96.58432863359644
7120,841.1138317422747,155900.58800289745,75274.87013327841,76494.62912858983,138.83143495646073,104.2601258145005,59.624787015869515,18.100877620861866,-8.165172484160046e-05,-0.0947169288271008,96,69,96.58161532728742
7121,841.1169018220115,155880.56880597066,75303.57597723181,76498.56404064164,321.98756366665475,194.6580144189502,120.56496928675915,46.72076622629538,9.625347451067004e-05,0.1496059201981776,96,69,96.57889199408642
7122,841.1339398617882,155828.0530038352,75298.36383909485,76464.91456615868,575.3622904025833,306.3408485603868,196.7693609301059,96.42292555145104,-7.367357137728792e-05,0.2067370779882209,96,69,96.57615864007352
7123,841.1375309427574,155797.91456129393,75314.40392804655,76476.59613317349,887.3745487679262,431.1587007486378,281.18202211661264,152.73262009429163,2.26374485686581e-05,-0.3304714334720717,96,69,96.57341527198764
7124,841.1537143886242,155713.88523502607,75286.87552905081,76485.51598855559,1228.35374146502,555.8634531413409,364.10155353939626,223.4226407635433,3.713832269515887e-05,-0.5051092233493996,96,69,96.57066189722612
7125,841.1568562613511,155644.09613784903,75313.61132277992,76475.5357597728,1572.874683040427,670.3440240512864,437.88226541558106,293.77807581581874,-8.256305266152696e-05,-0.1958238983990777,96,69,96.56789852384506
7126,841.173920212962,155602.5281039239,75302.40825605506,76504.51315204457,1887.6525193795096,763.7340827262669,495.75193558313185,371.37579073855886,9.609159995233193e-05,-0.2242032494019311,96,69,96.56512516055858
7127,841.1774535039582,155491.75724019817,75295.95817116172,76481.3174620601,2154.428765896999,831.9538494899898,535.6709816958901,441.40511384926504,-7.250112038081089e-05,-0.2122011413721649,96,69,96.56234181673888
7128,841.19359816321,155451.3967034686,75290.28403959583,76471.79770032578,2354.642123164551,871.7212673932663,557.0845452910726,512.0487323803245,2.09074021299843e-05,-0.1834115833763714,96,69,96.55954850241578
7129,841.1968193782717,155396.65499657494,75306.19482075608,76500.90474867643,2488.066749463207,886.4472502372373,563.2591605875787,571.2269137771509,3.875763927750227e-05,-0.2354871662181315,96,69,96.55674522827655
7130,841.2138959748245,155348.51623438636,75286.02639896574,76456.26338939843,2554.040874790284,879.0026490601595,556.9739083299355,628.95612447639,-8.344614674718938e-05,-0.2123166162942123,96,69,96.55393200566505
7131,841.2173708078205,155279.86282059184,75309.26446460665,76497.29524154593,2567.3034079213394,857.1663943034509,542.9698757000733,674.2598997638852,9.5897420791075e-05,-0.1967443749060894,96,69,96.55110884658178
7132,841.2334835660773,155263.01266987174,75299.28576008613,76490.28345498064,2536.919336627878,825.8360973623785,523.8222732562426,717.9987411141046,-7.130477228734507e-05,-0.1885764093825567,96,69,96.5482757636833
7133,841.2367912670121,155237.88097878933,75292.8311429249,76480.28602375109,2481.8246119004325,792.770182348162,503.23029143485473,751.0997841011558,1.917109636996688e-05,-0.1704329531629055,96,69,96.54543277028144
7134,841.2538655809598,155198.67830387392,75293.29302971248,76458.65045117526,2411.276021493308,761.3058272321214,482.45776383588964,784.5660869392741,4.036316092815488e-05,-0.1669532600069791,96,69,96.54257988034306
7135,841.2572837263604,155183.02611086683,75296.83710873377,76468.70833623543,2341.6562563044718,736.6965582812409,464.1367667471641,808.6203369509312,-8.430072228518231e-05,-0.1471441500493759,96,69,96.53971710848911
7136,841.2733719877943,155159.20016041904,75303.39696648013,76466.53428915246,2277.1723201894783,718.8256944649474,448.43301028071437,833.5039068250335,9.567101665132596e-05,-0.1414944470639567,96,69,96.5368444699942
7137,841.276768676022,155134.7817126528,75286.51106533357,76472.35127993568,2227.3234984748415,709.0397890479944,436.83011814380006,850.0947534587467,-7.008494122318694e-05,-0.1390884568308483,96,69,96.53396198078592
7138,841.2938401014336,155140.6839002286,75295.6721105549,76475.1687638671,2188.9795889006346,703.5657094006456,428.17983334128803,868.0739265518496,1.7429119580259616e-05,-0.1215601168155305,96,69,96.53106965744416
7139,841.2964311944356,155118.32555895855,75292.67512011978,76474.58586232906,2164.7265981637756,701.1546593941894,422.7180234864936,877.4532208012533,4.195435267248337e-05,-0.1247174335516284,96,69,96.52816751719958
7140,841.3132107171148,155126.76180599502,75282.33374890355,76495.39699871159,2144.542148944165,696.4595071399235,417.94331906772277,888.6060780597909,-8.512650407127739e-05,-0.1163128289909723,96,69,96.52525557793432
7141,841.31680915189,155118.95764738455,75298.80492344497,76479.25086466319,2126.6274867602624,688.4997339787515,413.40602868753194,892.2983884876303,9.541247872539263e-05,-0.0828186887395937,96,69,96.52233385817952
7142,841.3337053060757,155110.04031782638,75300.88607693363,76483.26637584654,2100.485885806207,673.9211193760711,406.80172914599825,897.9353348154691,-6.88420488734588e-05,-0.0681458175717188,96,69,96.5194023771153
7143,841.3363575465589,155116.02521904485,75296.84970997927,76477.02752455372,2067.1850164511707,654.6808154758619,398.6766851382563,896.6141838689509,1.568206154289581e-05,-0.0612300927972913,96,69,96.51646115456964
7144,841.3531544534696,155145.5634923127,75273.33493172644,76478.92081170774,2021.6099786112318,630.4821827258129,388.0887090085016,898.1052698709827,4.353068478172724e-05,-0.0436365986516191,96,69,96.51351021101742
7145,841.35680406323,155137.41369688025,75308.98402554671,76499.30136157924,1971.5188346344512,606.0029732106486,377.09036152338376,893.8661427886109,-8.592322705986757e-05,-0.0404286759332107,96,69,96.51054956757926
7146,841.3735885257024,155106.82374488394,75289.19681375322,76469.68556163502,1917.7899705499294,582.7215603629884,365.8704486796778,892.6743608654942,9.512190866753264e-05,-0.0364579326593945,96,69,96.50757924602044
7147,841.376272875212,155159.34442478896,75275.49158156356,76470.9963519902,1871.0358739188523,565.5719107128825,356.89424825573224,886.5556187065667,-6.757652481614926e-05,-0.0411450152723018,96,69,96.50459926874991
7148,841.3931154987891,155141.9627587433,75295.8094283283,76480.9000550735,1831.4928506421857,554.7828289409372,349.9853992283315,884.9394751910004,1.3930512913987084e-05,-0.0535055366229831,96,69,96.50160965881928
7149,841.3967844903701,155150.4912473091,75281.33854252733,76461.32928081484,1806.9913232345716,553.1551189566671,346.94555703266815,880.3917598960979,4.509163292973616e-05,-0.0601144290405352,96,69,96.49861043992108
7150,841.4134736316822,155166.7655624555,75301.45977240086,76499.5407929445,1794.19162072998,558.3766881192423,346.84213523632206,881.3211972592107,-8.669063571012048e-05,-0.0796868890589558,96,69,96.49560163638796
7151,841.4161884355555,155177.9670396209,75294.65543940247,76499.10794190704,1796.950612464163,570.5702037177689,350.69854445566307,880.2911039422324,9.479941893355352e-05,-0.1038643168980274,96,69,96.49258327319114
7152,841.4330859625949,155171.25483412397,75323.13666279973,76468.50284881872,1808.438512744382,585.1618542518845,356.7915114585776,885.0687051008863,-6.628880554746113e-05,-0.1325505359587884,96,69,96.48955537593972
7153,841.4367546906699,155133.84337592716,75259.03087117062,76481.63154748552,1830.2000047521433,601.0374089836114,365.5076237145404,887.2967762365006,1.2175066580334844e-05,-0.1494539630205582,96,69,96.4865179708783
7154,841.4533578351594,155180.61790163847,75301.09558814389,76491.27802298375,1853.9634971329942,613.4937188261974,374.50342707007076,892.8332599538844,4.663667779028897e-05,-0.1577837879895395,96,69,96.48347108488628
7155,841.4561077414585,155165.1347821831,75294.85512998373,76508.52598903982,1879.7514028148144,622.0200807721994,383.48731706927356,893.4050153798016,-8.742848507481749e-05,-0.1611057965381492,96,69,96.4804147454762
7156,841.4730626473626,155141.68812464995,75305.94293758625,76491.81382914497,1898.1904556200025,623.1884366406885,389.6065643400798,895.2415716721734,9.444513281600556e-05,-0.1538576060204507,96,69,96.4773489807924
7157,841.4767158415225,155176.54617046588,75279.62206789534,76470.58840743851,1909.5438089795061,618.3939858105587,392.65865221526474,891.0113514391123,-6.497933533894643e-05,-0.1560282634622989,96,69,96.47427381960892
7158,841.4932407070639,155177.0278913438,75327.2429645535,76480.39148840455,1906.0859553761547,606.3505294950446,390.48380070144776,887.1967449761287,1.0416315644183129e-05,-0.1496859567245128,96,69,96.47118929132895
7159,841.4960325111316,155187.76305626114,75302.06597779141,76477.2465205434,1890.2629275200889,590.1188471994101,383.9181729050906,878.1480421175947,4.816530599464824e-05,-0.1355536346152751,96,69,96.46809542598238
7160,841.5130435003175,155194.8316434665,75307.12751398135,76491.76427409351,1857.1297779338784,569.4542595349194,372.032811271245,871.0258491470304,-8.813653955349806e-05,-0.1286685783984522,96,69,96.46499225422409
7161,841.5166683369465,155225.78419232892,75314.09243396502,76470.79396165058,1812.4416000036872,547.8333677274786,356.99474216361705,860.2362201593933,9.405918391254784e-05,-0.1308498989054377,96,69,96.46187980733283
7162,841.5331226232482,155222.2307814608,75293.3115139128,76473.27258625148,1754.2512253728346,524.8032726079691,338.9791630474938,851.486154713115,-6.364856538001994e-05,-0.1442445537597265,96,69,96.45875811720934
7163,841.5359637220738,155222.2834126452,75300.02432721463,76447.7977519407,1689.8099363723304,502.93272493484255,320.6745680941385,838.8914373337757,8.654854539560983e-06,-0.1398648831802365,96,69,96.45562721637395
7164,841.5530268717213,155273.83635081362,75274.21745163859,76477.3004365041,1617.5697837978369,480.74423395615304,302.2155403397628,827.2534294133948,4.967700961008837e-05,-0.1565877015553211,96,69,96.4524871379658
7165,841.5566123611275,155266.4848495545,75281.92620599415,76496.3863532908,1544.6417480108212,460.0417156271142,285.82524834008655,810.3891600376519,-8.881457413080871e-05,-0.1503643421908203,96,69,96.44933791574006
7166,841.5730043163652,155256.89749860112,75300.89252034825,76478.25818595885,1468.841927319998,438.9281727581256,270.79737252075574,792.6644860357919,9.36417170264732e-05,-0.1382968559775819,96,69,96.44617958406626
7167,841.5759019267501,155314.25167688183,75317.36677748723,76498.48048081774,1395.8996999463416,418.83784625884437,258.215944868949,769.5026023843384,-6.229695389226246e-05,-0.1469474678658738,96,69,96.44301217792696
7168,841.5930112884581,155357.08265221017,75321.66219519895,76470.83421880822,1322.5567117871833,397.84269665234024,246.41823486585054,746.2956027262844,6.891277894136574e-06,-0.1361891916040289,96,69,96.43983573291491
7169,841.5965480932314,155369.45416434007,75305.44712617272,76476.27252417908,1254.2753702415503,377.6708754043502,236.0528115889756,719.5423349666526,5.117128715485462e-05,-0.140736355563888,96,69,96.43665028523142
7170,841.6128866915416,155398.48911331547,75304.91304680285,76474.99654946677,1187.8829586126958,356.88593636100995,225.55052520797472,694.3829787920113,-8.946237399229222e-05,-0.1635107344263141,96,69,96.4334558716846
7171,841.6158473761869,155428.08288877175,75295.97021214715,76486.21223196654,1128.3627101370948,337.48007568568573,215.89183965485427,667.7491535516456,9.319288704636572e-05,-0.1614758716442891,96,69,96.43025252968653
7172,841.6329953757098,155437.56063389927,75310.97229417197,76463.43648509982,1071.9534548649099,318.3062153234787,206.03153331094654,643.7427407675423,-6.092496587257803e-05,-0.1802859999342115,96,69,96.42704029725166
7173,841.6364757960415,155483.5565066075,75305.65954801856,76460.02572740118,1023.0260525442427,301.54123729554703,197.41528349753935,618.4718179881747,5.126181379859331e-06,-0.189528614082333,96,69,96.42381921299474
7174,841.6527707281713,155484.68249890697,75288.44187448465,76475.06725571786,976.9298850004561,286.03258599265246,189.15338268643245,594.6746099224838,5.264764252143178e-05,-0.1710298554340292,96,69,96.42058931612829
7175,841.6558000800097,155522.43872060932,75296.68051365972,76460.359495012,936.6738083613454,273.4539136836538,182.3540402468061,568.7935081912437,-9.00797345402568e-05,-0.1851667209334431,96,69,96.4173506464601
7176,841.6729778319815,155582.97737277663,75284.39077663959,76494.8501559476,896.9764575914596,262.1205965199624,175.68449339052313,543.3092068796104,9.271285942492768e-05,-0.1948714643512935,96,69,96.4141032443916
7177,841.6763958585371,155574.31230059182,75302.93267823303,76477.58413785709,861.1838651344879,253.1390506628377,169.8817958140571,515.2779763673607,-5.953307296132621e-05,-0.1710219175316892,96,69,96.41084715091522
7178,841.6926574152767,155600.32887304158,75327.73797077272,76462.43179928191,824.7010510900873,244.349195045972,163.4348792019009,487.24461171991425,3.360160440816592e-06,-0.1707672126029127,96,69,96.40758240761166
7179,841.6957598437222,155640.31208167292,75309.49285425492,76487.55068248464,791.0368229657179,236.32500194144086,157.02348173447535,457.5334318058449,5.410558665640933e-05,-0.1873499987691825,96,69,96.40430905664807
7180,841.7129574250398,155676.47095635958,75322.36131720869,76496.25271234439,755.8553300740896,226.90500230206817,149.47401703559444,428.693409844127,-9.066646160861092e-05,-0.1870026538363511,96,69,96.40102714077528
7181,841.7163088176051,155711.8966201435,75272.5133353487,76467.36973326428,723.0455359346233,217.08410684298724,142.01299059277517,399.40601734720985,9.22018103616816e-05,-0.1896473071458939,96,69,96.3977367033254
7182,841.7325477008227,155730.73430131256,75306.08741720405,76484.36234700668,688.5702322772122,205.50397386896657,134.0167975812219,371.43161853123456,-5.812175335737451e-05,-0.1828128993339938,96,69,96.394437788209
7183,841.7357262996685,155764.6860524914,75307.41624058339,76463.31969747941,656.1851624373812,193.8180376890814,126.91714569545002,343.4719476919563,1.59381066971993e-06,-0.1785818259418956,96,69,96.39113043991306
7184,841.7529329944299,155780.49060589823,75306.94274337003,76461.85107714933,621.9484234706615,181.32040031641372,120.10781186472741,316.0872864120756,5.5544636432403125e-05,-0.1888520132513742,96,69,96.38781470349802
7185,841.7562153707538,155813.0314277132,75310.82562475125,76479.91186447474,589.3986643960816,169.75256069468742,114.6317596391018,287.72829873807495,-9.122237125648324e-05,-0.1703337090907071,96,69,96.38449062459524
7186,841.7724424453326,155849.77251243155,75313.37549862274,76466.28151702133,553.4521970387432,157.85259680444142,109.09411952405935,258.2064530934731,9.165992581955492e-05,-0.1525014397209652,96,69,96.3811582494044
7187,841.7756989407825,155868.49811830907,75300.54878548055,76471.93284848411,515.423352035752,145.9775574964733,103.3528745167132,226.6924955882132,-5.669149144799757e-05,-0.1429262929766333,96,69,96.37781762469052
7188,841.7929034513096,155931.01884104565,75317.92083296186,76485.46421072668,468.4385743998573,131.5633334885788,95.11055242290604,193.03816656576237,-1.7227247688243705e-07,-0.1602580142893468,96,69,96.37446879778136
7189,841.7961163885486,155947.4502170177,75296.07865944513,76457.20469453208,413.0973561873543,114.1176509779907,83.90187871461967,157.738444019109,5.69643152537236e-05,-0.180949147283408,96,69,96.37111181656488
7190,841.8123423716371,155968.73945477963,75306.86530967258,76456.2494856645,343.57480248011416,91.54222175310133,68.14905593151343,121.2861267971457,-9.174729012064172e-05,-0.1883343188768926,96,69,96.36774672948604
7191,841.8156771661138,156029.1960351511,75319.07342842163,76487.48314391554,263.9217948514852,65.30258804597543,49.17401060814154,85.94769957649987,9.108740281048984e-05,-0.2157795569564747,96,69,96.3643735855438
7192,841.8328677648341,156053.2108145361,75326.14831231585,76479.04987642006,175.47168772557052,37.17895652692823,28.402227304992266,52.95872840908123,-5.524277802633029e-05,-0.2075311697633406,96,69,96.36099243428922
7193,841.836012938679,156080.16524768996,75296.56007903989,76471.22976598979,92.2281874177279,13.340968026168412,10.55286187431193,26.21653335209703,-1.9374937909594493e-06,-0.1931578859884145,96,69,96.35760332582112
7194,841.8522479975672,156070.82064694792,75306.54237287088,76449.64498317505,26.252767961239442,-0.0,-0.0,7.118103558605071,5.836415380803683e-05,-0.1886033641773342,96,69,96.35420631078416
7195,841.8556603543102,156113.204366393,75284.5623135191,76466.5124095322,-0.0,5.645357136701932,2.779037290485576,-0.0,-9.224105547861668e-05,-0.1862532235340385,96,69,96.3508014403654
7196,841.8728249143401,156118.5222371498,75310.03969850673,76472.02319767534,29.23995048587676,35.90529496278032,22.509387928206706,4.886625665443717,9.048444817606592e-05,-0.1754623901152237,96,69,96.34738876629112
7197,841.8759063474845,156079.28884233764,75309.17496395248,76468.12070900585,132.19882551318733,94.8251864391641,61.89374301265343,25.045056733652018,-5.377610977947661e-05,-0.1856694548716816,96,69,96.34396834082423
7198,841.8921595198175,156033.17293364927,75295.6291888539,76463.10278055695,311.4836530943285,180.49317316622182,119.20457694379729,57.645409320655745,-3.701258775165423e-06,-0.1856904182407429,96,69,96.34054021676076
7199,841.8956480062549,155993.5025768047,75321.02914434286,76486.35202469188,564.9668866543798,287.57157351085334,190.6983624281129,103.8186472679954,5.9743689056308296e-05,-0.1527190741290511,96,69,96.33710444742675
7200,841.9127737524854,155948.6449114016,75279.01262312073,76487.41705645432,872.7911022978369,405.6540267850796,268.9165076543286,158.1269508114492,-9.270351514162152e-05,0.0110767045388094,96,69,96.33366108667516
7201,841.9157983714134,155890.58796233544,75303.08487269674,76475.20216536797,1212.997446040099,523.6688911813399,346.3006464700884,220.93450641803793,8.985127876456852e-05,0.264699016643387,96,69,96.33021018888284
7202,841.9320765524526,155784.5440061925,75296.93523399343,76466.1643175501,1553.023040019907,630.031406619557,414.6091596590413,285.76188174140407,-5.229198919177029e-05,0.107519047682255,96,69,96.3267518089466
7203,841.935640088438,155731.90884752112,75336.26980120677,76493.44351545135,1867.8087311639101,716.9040399345686,468.52205211248656,353.5908563618723,-5.462973710623831e-06,-0.4214417453305928,96,69,96.32328600228082
7204,841.9527125960662,155691.9421543562,75312.80043612773,76491.74631732579,2131.891714805388,779.5322350930946,504.6469350639818,418.5460715146328,6.110246537373798e-05,-0.3353200559066473,96,69,96.3198128248136
7205,841.9556917368091,155629.56063461502,75306.22827673874,76480.45610028262,2334.4118159878417,818.0145282811864,523.5450743636611,483.3808703632094,-9.313452750080864e-05,-0.1111648207655863,96,69,96.31633233298336
7206,841.971997349594,155530.1688098435,75293.69366966914,76472.94177449166,2467.4555273184087,834.8276741817972,527.378547790664,542.6276963109849,8.918812196818388e-05,-0.1894137133473055,96,69,96.31284458373544
7207,841.9756381220213,155514.88195369512,75320.37883589839,76481.29946082734,2537.45112983539,834.8782813358994,520.5266471949435,599.8935116834764,-5.079092414129008e-05,-0.1361991541549939,96,69,96.3093496345194
7208,841.9926377208182,155418.6487744252,75272.24620772156,76501.44270099916,2551.430948944122,822.9815263064374,506.87954789205105,649.9594407892728,-7.222045703659691e-06,-0.1277998385383065,96,69,96.30584754328424
7209,841.9955923304054,155384.71242445477,75279.06342602133,76465.2926506782,2526.057449260552,803.9819929632213,490.36560915865994,697.4362025745795,6.244003431829939e-05,-0.140722207399686,96,69,96.3023383684761
7210,842.0119154415098,155343.9664204313,75289.69649671888,76460.99985641256,2473.2317012895364,781.4452818969876,473.1959857888287,736.9469523720036,-9.353396145870969e-05,-0.1112505295416589,96,69,96.29882216903414
7211,842.0156505213913,155328.6165592039,75298.19662588315,76463.16075076112,2409.4898955923854,758.3653017172037,457.23505182437657,773.6815167413151,8.849521479166572e-05,-0.1032753268873751,96,69,96.29529900438727
7212,842.032534462447,155275.56694623354,75277.31274187114,76471.26447245566,2343.346111877996,736.744366693456,443.24262049613753,802.6353398764331,-4.9273428529070045e-05,-0.0952817335660741,96,69,96.29176893445025
7213,842.0355253400777,155238.3398815396,75317.13730561815,76455.75586239954,2285.425952340709,718.0967599175783,432.22954445121286,829.8532313798787,-8.977883059835853e-06,-0.0991314318996132,96,69,96.28823201962034
7214,842.0517863923312,155238.9385032089,75283.43357327048,76459.4835850879,2237.269653893716,703.213614023698,424.55604594026227,849.8876899162133,6.375595456392317e-05,-0.1014565924289923,96,69,96.28468832077328
7215,842.0557791507787,155210.18032952765,75300.78384818399,76473.21865320118,2202.4322805785923,692.1702310679393,420.52844814021955,868.8079591629503,-9.390169675373637e-05,-0.0753206277306054,96,69,96.28113789926024
7216,842.0718739776333,155196.47618781513,75308.73550898823,76462.8149102685,2176.5869447116274,684.3131191032298,419.28209757391596,881.4232842455094,8.777280446673384e-05,-0.0616240393949102,96,69,96.27758081690364
7217,842.0750111495064,155153.20586487136,75294.63959675952,76452.93822425455,2157.93901963986,678.1090146376082,419.22616587278026,894.0567254831258,-4.774002122401979e-05,-0.0530752892427642,96,69,96.2740171359931
7218,842.0919178962218,155188.64686367652,75265.23637831338,76459.41020634185,2138.359809027461,671.7579344024998,417.80122701241635,900.9133954702411,-1.0729895609039474e-05,-0.0556050466440807,96,69,96.27044691928256
7219,842.0956310672161,155146.47158361788,75307.1840902071,76486.41932839948,2114.948308183579,663.1295510370546,412.7158731018135,909.206734372332,6.504979270998856e-05,-0.0252562376935192,96,69,96.26687022998564
7220,842.1118131329756,155164.91513074026,75325.4411992225,76450.39379576952,2081.406199997,651.0169002408657,402.4884141533839,913.3286365681852,-9.423762411676772e-05,-0.0171301586140454,96,69,96.2632871317722
7221,842.1149146581552,155137.4983364792,75254.24770669814,76497.90599305836,2038.998434487381,634.8657722268108,387.4186205720762,920.4704916343617,8.702114775458211e-05,-0.0328697393013032,96,69,96.25969768876432
7222,842.1319346413933,155115.47629431548,75288.61887605341,76479.31607184646,1987.409362511069,615.9716595917707,369.45619428572536,924.2957925962401,-4.619122628152418e-05,-0.0032756331462543,96,69,96.25610196553264
7223,842.1355324136931,155144.58914766007,75256.87137677825,76486.88123457285,1934.0791022199555,596.1924205081741,351.7374932209641,932.2169842753792,-1.2477494535360051e-05,-0.0021828053371748,96,69,96.25250002709194
7224,842.1517189971688,155126.1041198526,75296.13479329293,76469.19458166079,1883.223294794734,578.6536079581274,337.527742020844,937.3779292820254,6.632112255140823e-05,-0.0057998611328868,96,69,96.24889193889786
7225,842.1548489218651,155120.41702779787,75273.72307871864,76488.48413418552,1843.5736017516465,565.6039214003249,329.14603266783524,946.4478277418821,-9.454164482034736e-05,0.031295191264693,96,69,96.245277766842
7226,842.1719329315563,155078.42805305534,75296.00604930542,76444.81749955291,1817.6959829372354,559.2090616532369,327.43852245109156,951.8037476721511,8.624051135157447e-05,0.0442582009924525,96,69,96.24165757724884
7227,842.1754386975001,155076.39384877414,75274.89940909734,76437.62936096569,1810.248150641506,559.4373983469995,331.49829887985834,960.7744152514788,-4.4627572591633286e-05,0.0309767016023405,96,69,96.23803143687134
7228,842.1916178045254,155065.66710863728,75284.12217476877,76451.87330660841,1818.3441329259076,565.8719008928019,339.45668223341636,966.1081443494477,-1.4220092853438511e-05,0.0259061586115491,96,69,96.23439941288642
7229,842.194797922989,155071.71455341345,75269.98687382544,76460.34114763951,1840.8144824864576,576.0931285202387,348.8866443326988,975.2275164127641,6.756952603172808e-05,0.006241834545405,96,69,96.2307615728914
7230,842.211922168679,155077.95367740153,75259.40635718149,76463.49983390019,1870.3561541753588,588.2267125976214,357.9624360856542,980.7047276499507,-9.481367052180448e-05,-0.038547083367471,96,69,96.22711798489968
7231,842.2153429441998,155071.4474517983,75297.47010141861,76464.3089244514,1903.3480200719205,599.2450116931286,365.2873600864259,990.2738935914531,8.543117160374341e-05,-0.0394350630889157,96,69,96.22346871733652
7232,842.231516013311,155044.0625430512,75307.82562368384,76453.42204106103,1931.9541330556967,607.8036439388525,370.5041690560174,995.8061846118944,-4.304959403692269e-05,-0.0597297257872998,96,69,96.21981383903535
7233,842.2347571273947,154992.4857630557,75265.51675825012,76460.94945795776,1953.2583937447635,612.0455794002628,373.3196485244407,1003.8900007951888,-1.595710550436283e-05,-0.0703318821291713,96,69,96.21615341923228
7234,842.2519044226977,155006.1581491431,75273.39261675395,76457.18555589866,1961.432098910329,612.1861768014496,373.9309416696051,1005.873501924536,6.87945927148706e-05,-0.0576978098144271,96,69,96.21248752756333
7235,842.2552432921142,155030.8946311991,75284.93323038747,76448.4835946123,1956.2244405834936,607.5551880401617,371.95312878425466,1009.2652111934149,-9.505362451974636e-05,-0.0756733360879784,96,69,96.20881623405924
7236,842.2714165508949,155019.45551259952,75293.24845906821,76428.64866776668,1934.6895381492795,599.1569254524074,367.33393108905875,1006.1671220095595,8.459341419320803e-05,-0.0727894603493037,96,69,96.20513960914153
7237,842.2747243289738,155051.6495329656,75272.7042240527,76448.63398922214,1899.1873824570212,586.3756641727814,359.47030699859897,1004.4607652205741,-4.145782879997469e-05,-0.0774366391759772,96,69,96.20145772361812
7238,842.2918800250483,154992.4637165356,75307.38556680233,76439.13478229895,1849.4110228145146,569.9165186955215,348.43646730826003,996.7460730559833,-1.7687949632108394e-05,-0.0661625251948718,96,69,96.19777064867856
7239,842.2951394048213,155003.35934928292,75249.61783077457,76419.87914031929,1789.8125681550591,548.7530751871091,333.98630902491277,991.5800745715387,6.999592019443517e-05,-0.0628403266970003,96,69,96.19407845589048
7240,842.3113211832715,155061.3934666065,75274.02892867554,76407.0154173715,1721.2408034217078,523.9053567144001,316.8949735204078,981.139638195018,-9.526144021661618e-05,-0.0863064688987348,96,69,96.19038121719458
7241,842.3146980091622,155052.45045893555,75258.32911514849,76425.17058163577,1648.1663675884483,495.3148109808535,297.6913927872665,972.7939084447571,8.372753470058241e-05,-0.0794251569675521,96,69,96.1866790049002
7242,842.3318487671867,155032.38788355535,75263.6327663188,76434.47072068248,1571.1791659720475,465.4686204636091,277.9326854974788,958.1059836900968,-3.985282001270972e-05,-0.069276089515153,96,69,96.18297189168118
7243,842.3350315982522,155038.62193804563,75265.48135725073,76413.64314089139,1494.3892914025928,435.516977557636,258.63070353647345,944.5396312635858,-1.94120446593404e-05,-0.0567206851282042,96,69,96.17925995057108
7244,842.351231130737,155101.804952159,75241.13683780632,76441.45987174616,1418.1337118577794,408.7119401991513,241.57448280372773,923.559482693061,7.117311487461738e-05,-0.0576766942043741,96,69,96.17554325495884
7245,842.3546768745908,155097.62940924545,75264.2019796323,76437.71189200807,1346.2307870403165,385.9291193696263,227.5359920374467,902.541963475378,-9.543706264609594e-05,-0.0858249526529171,96,69,96.171821878584
7246,842.371810287437,155120.70721419048,75278.40360186735,76456.3779349084,1278.9116277386202,369.1347937714454,217.66442420045496,874.0186245170771,8.283383770490311e-05,-0.0846619434845899,96,69,96.16809589553284
7247,842.3749205357035,155141.54164559333,75299.29353602382,76425.43382114798,1219.405278749182,356.9818373204762,211.63840680508292,846.8738294047944,-3.823511438434465e-05,-0.0808306253207443,96,69,96.16436538023284
7248,842.3911472750675,155174.59861944983,75253.9114889026,76446.64968149384,1166.6260870622937,349.1475599407713,209.38080976181664,814.4647205251094,-2.112881262674308e-05,-0.0858021519493354,96,69,96.1606304074486
7249,842.3946596992241,155196.7528694129,75281.79220621564,76470.43315173242,1121.8425679009524,342.3174121941993,209.27063535395428,785.6807235780288,7.232579053267275e-05,-0.065398180460217,96,69,96.15689105227744
7250,842.411764229842,155237.98250072796,75277.83666184999,76444.56959299668,1082.2688758706208,335.20725869512535,210.19439517339924,754.2224935898557,-9.55804470681744e-05,-0.0744133447797939,96,69,96.15314739014428
7251,842.4148070904902,155278.01204668515,75313.93483207219,76418.35431445048,1047.8432020791224,324.7949154715752,209.94678718046634,728.7494668037107,8.191263687801522e-05,-0.0784261099958671,96,69,96.1493994967973
7252,842.4310702395567,155263.7150150439,75277.34727249919,76407.03405738999,1015.04368321324,311.6399792372831,207.65902824152727,701.7179278990079,-3.660526297787063e-05,-0.0645541631328558,96,69,96.14564744830273
7253,842.4346452697505,155310.93556008168,75299.77164852002,76453.32979680509,983.6927091965335,295.27782779686095,202.04476741605322,679.9336464317748,-2.283767825451087e-05,-0.0620946218457533,96,69,96.1418913210408
7254,842.4517103206175,155302.5825627765,75303.5619775768,76441.5831315408,951.1064682797296,278.71580936001556,193.6596033880487,655.2275137522956,7.345357017293444e-05,-0.0788803979961561,96,69,96.13813119170088
7255,842.4546922690911,155319.08494378618,75290.77618304138,76454.31923807424,918.2787254815921,262.89981147198705,182.69798392808298,634.148335932492,-9.569155984428572e-05,-0.0671964038061384,96,69,96.13436713727604
7256,842.4710004226959,155403.40095214482,75310.21197808447,76448.83090168833,883.6145451058401,251.05538450980384,171.0185082833923,608.4799214157392,8.096425534357133e-05,-0.0761807090553458,96,69,96.13059923505944
7257,842.4746323728278,155368.05077011313,75286.84439453809,76444.75008968402,848.7282743665273,242.8488180905988,159.45421375220758,584.8251311024069,-3.496382051943177e-05,-0.0787038643488905,96,69,96.12682756263828
7258,842.4916484084735,155417.65783451626,75312.89785178381,76467.14710899744,812.4047521518078,239.2583577375044,149.75049182854127,556.355813653412,-2.4538069307349903e-05,-0.0707938655569028,96,69,96.12305219788988
7259,842.4945771593489,155412.86128738892,75292.07146955612,76444.63945199773,776.1804229768459,237.52931802168314,141.9384658781928,530.6590695344494,7.455608469883582e-05,-0.0768361179573288,96,69,96.11927321897652
7260,842.5109380137994,155471.9843475552,75280.82778859191,76436.40151371916,738.6819008176681,237.22396685602143,136.74752470912063,501.3274699643953,-9.577037813563908e-05,-0.0907447022077749,96,69,96.1154907043404
7261,842.5146198015291,155471.88228710598,75304.04690651828,76470.49674425053,701.5560404342832,235.33861636540678,133.16424459055997,475.5268061737297,7.998902520313192e-05,-0.0941775786799254,96,69,96.11170473269908
7262,842.5315784860921,155531.2510768215,75323.24764549319,76467.28575633727,664.1589160627336,232.2830561898154,131.13700326174148,447.014236033021,-3.3311345633254615e-05,-0.0982383044388833,96,69,96.10791538304066
7263,842.5344628902935,155524.08445607388,75284.57745869539,76453.04177362274,628.6877810435835,226.39279744989472,129.18045462243026,422.07104946440086,-2.6229416347638544e-05,-0.1066667515084792,96,69,96.10412273461804
7264,842.5508830019905,155579.42943668037,75299.12942400905,76483.81559576417,594.2342168845353,219.40622031169187,127.1477378338459,393.21837326913374,7.563297438739106e-05,-0.0995664788048561,96,69,96.10032686694512
7265,842.5546063713837,155568.4799498076,75311.59991047205,76456.85188415938,561.436296449916,210.00723544767243,123.50665824257885,365.2928177221329,-9.581689025086114e-05,-0.1063990942351139,96,69,96.09652785979102
7266,842.5715007000199,155616.490638862,75318.17998452956,76475.58493296575,526.8562474974897,199.16603705557645,118.05008804952377,331.07678145112004,7.898728735505478e-05,-0.1197532191839633,96,69,96.0927257931756
7267,842.5743505982296,155638.64226095795,75316.36076563278,76490.51618893977,488.004442883248,184.1044429337926,109.1852287153306,295.69184424888226,-3.1648400389970086e-05,-0.0921589026825957,96,69,96.08892074736409
7268,842.5908351834711,155691.6180408328,75305.65077974748,76475.89287876933,439.08616008999525,164.70431751862634,96.91830572273466,253.00591857379186,-2.791115349207768e-05,-0.0859584249848754,96,69,96.08511280286224
7269,842.5945909413144,155746.91523165966,75295.27418271976,76499.04174467394,377.51341331214644,138.06204252260795,80.18747320160037,209.3339907930931,7.668388775812154e-05,-0.070370508886299,96,69,96.08130204041132
7270,842.6114153522776,155794.00173311585,75341.61704146964,76470.68565761256,300.9592931616353,105.70429405049072,60.16179052522057,161.04613194562262,-9.58310952319538e-05,-0.0617231330368377,96,69,96.07748854098313
7271,842.6142413968984,155820.1658638246,75334.18252473768,76491.07205045731,213.81239294988336,68.47316527321527,37.79849239846226,115.91666288347915,7.795939154336722e-05,-0.095435342986376,96,69,96.07367238577471
7272,842.6307941693842,155859.25453277392,75318.4516366201,76464.6145197704,123.7045130058541,33.432270115983556,17.197943331470015,71.72833578439895,-2.9975549850136752e-05,-0.0676704397786613,96,69,96.06985365620346
7273,842.6345724370793,155893.43253374443,75334.07800484328,76479.93913276427,46.4097846497898,7.001350697639282,2.4444414982863236,36.85412884783,-2.9582718567479037e-05,-0.0718525129699254,96,69,96.06603243390198
7274,842.6513228952808,155922.2245178049,75327.89208751687,76443.72039421993,-0.0,-0.0,-0.0,10.318924325954868,7.770848262933986e-05,-0.0859803612382553,96,69,96.06220880071288
7275,842.6541363510868,155929.26550555532,75316.05197792083,76474.94085961297,6.189979200309608,19.080753888672916,14.377520960959373,-0.0,-9.58130030751221e-05,-0.0667298384910073,96,69,96.05838283868384
7276,842.670759395123,155929.32883401113,75336.5577285865,76484.46468133767,81.60644058889011,70.99419083067914,49.74718834439409,3.9434841444308404,7.690569600301699e-05,-0.0669729413168378,96,69,96.05455463006246
7277,842.6745498757649,155921.5512463233,75351.38125670773,76473.59923222296,237.54174220730783,154.06509917252697,105.3768081770686,27.490305889514275,-2.8293362461270245e-05,-0.0731893925148116,96,69,96.05072425729082
7278,842.6912239208551,155864.38433986303,75322.89270847375,76486.7299196554,472.10840726521565,264.3693644744635,178.32602464340744,66.3497638447152,-3.124355254879676e-05,-0.0706314011940506,96,69,96.04689180300042
7279,842.6940364537802,155804.20966040716,75336.54812034506,76482.77513550523,772.9890377377742,390.0326763350604,260.78711718699196,122.00658908460173,7.870642558131472e-05,-0.0677225838509194,96,69,96.04305735000732
7280,842.7107301312021,155755.27273079834,75328.94772130148,76507.61558940614,1115.069653065293,520.1861462472152,344.8572372140479,187.16513910333742,-9.576263451494048e-05,-0.0873980064630305,96,69,96.0392209813066
7281,842.7145223906942,155660.6389920649,75333.61352424487,76493.5812770257,1468.8115080678253,640.5558957977482,421.034551521152,260.72983438146184,7.582656779547545e-05,-0.1102465352897342,96,69,96.03538278006724
7282,842.7311191435318,155560.17904048212,75331.6494541308,76481.36071433526,1802.2600690148538,742.8164092986699,483.3308321754739,335.2136783043097,-2.660240946364519e-05,-0.0292015750046198,96,69,96.03154282962672
7283,842.7339426075939,155502.0677407971,75329.29050421766,76463.62979289115,2090.348568382673,819.1964841512236,527.0098479407025,409.7268991540477,-3.289310074226599e-05,0.1961835480488111,96,69,96.02770121348628
7284,842.7507054950986,155469.36934154964,75368.76758009494,76479.8252307295,2315.4381117721787,869.9455257380469,552.3313145290158,478.70021003930015,7.967739255349537e-05,0.3673856298520314,96,69,96.02385801530492
7285,842.754489256621,155401.07083203687,75320.90532138501,76479.83341162954,2472.3055820374284,895.317592825435,560.5045943842997,543.0166909627151,-9.568002147467492e-05,-0.0006620795458835,96,69,96.02001331889504
7286,842.7710093779168,155326.8870115176,75296.76950255905,76466.42952383484,2563.822424971848,901.5279012856045,556.2975671844179,599.5938481267658,7.472238230452564e-05,-0.3943324515804985,96,69,96.01616720821627
7287,842.7738556116873,155259.8118320026,75355.68661178144,76501.05216064342,2601.0784970663954,892.0909634060663,543.3620127028989,650.3938514787296,-2.490326451490004e-05,-0.1248585497664339,96,69,96.01231976737095
7288,842.7906844627753,155245.0339555567,75332.19651873768,76489.3542076178,2597.06065972778,874.0811755838222,526.8860245990509,693.7380906785838,-3.4530812503184616e-05,-0.0526238866046331,96,69,96.0084710805981
7289,842.794449915922,155153.42628775383,75300.4875667965,76477.41596182821,2566.37343916134,849.8941934656032,509.1871400355594,732.1653292444535,8.062106847173741e-05,-0.1079372484049513,96,69,96.0046212322688
7290,842.8108955090917,155169.06857177205,75311.76955144481,76490.53764888817,2520.7570721969823,824.774248884205,493.2973014885356,765.2161805494106,-9.556520610149748e-05,-0.0527863914119788,96,69,96.00077030688044
7291,842.8137761562973,155115.353162433,75320.03989272467,76511.06158167319,2470.447255739011,799.414130925099,479.3623391406436,795.5112873768376,7.359352279735552e-05,-0.08364267995106,96,69,95.99691838905132
7292,842.8306658774816,155101.38567181127,75325.21713172445,76504.51040065821,2422.0847298933077,777.8222077056853,468.7796382675442,822.9448169217794,-2.3196504345776215e-05,-0.0650736399790864,96,69,95.99306556351596
7293,842.8344040077424,155097.073941024,75323.77028806886,76499.20086947466,2380.7478241179488,759.3918794740894,460.45433465135284,849.1810132296232,-3.615614084614068e-05,-0.0660611719111645,96,69,95.98921191511889
7294,842.8507784537107,155064.60802145707,75323.33131423278,76491.11143214474,2348.4730126099894,746.8683675984357,454.9288500296825,873.3110250002064,8.153714789375783e-05,-0.0761192607293097,96,69,95.98535752880971
7295,842.8537048285592,155007.8908127694,75330.33668922134,76467.57338950773,2325.5426826172043,738.3254460683966,450.42864543304313,895.2319679030334,-9.54182421569252e-05,-0.0733594317557255,96,69,95.98150248963798
7296,842.8706484514536,154984.10031131844,75293.82437810957,76458.30104018952,2309.6035499177524,735.117673568282,446.9691403173056,913.415059569641,7.244038112554602e-05,-0.0619122303482357,96,69,95.97764688274717
7297,842.8743514042592,155013.75062288463,75287.20152357344,76481.71733875715,2296.9287157646613,733.5532746927493,442.2948645518918,927.253230443981,-2.148270742055876e-05,-0.0425510207639875,96,69,95.97379079337006
7298,842.8906591070623,154967.11525217493,75305.3478799828,76483.5536848859,2282.848397880036,733.5800790254871,436.4528338549717,936.354785853473,-3.7768543920935e-05,-0.0523308935546153,96,69,95.9699343068228
7299,842.8936421359335,154987.10779845258,75278.27640529315,76494.27381547392,2263.158717533748,730.9500047188776,427.9175717113103,941.2624442783708,8.242533460890213e-05,-0.0482232195538396,96,69,95.96607750849948
7300,842.9106307531322,154989.93636458844,75304.45239767058,76476.12539360882,2235.459528321633,726.1843299521279,418.1448385612748,943.6661680622783,-9.523919362497663e-05,-0.0327857845594812,96,69,95.96222048386724
7301,842.9142922614507,154981.98242047196,75317.50590386026,76498.45190557536,2199.4382128916914,716.2430901233456,407.1069860521675,945.0402705777669,7.126335723734143e-05,-0.0301816602404529,96,69,95.95836331846024
7302,842.9305382685639,154962.60610631073,75305.73445969638,76475.61049993438,2157.6760097471415,703.567262152661,397.56615452855476,947.9286178687471,-1.9762454787167776e-05,-0.0214850649350613,96,69,95.9545060978748
7303,842.9335885553386,154975.60878341613,75286.8681578393,76491.22702714434,2113.932965277112,687.2528042971244,390.07681798281556,953.2123859685962,-3.9367484118727566e-05,-0.0135079673741403,96,69,95.95064890776334
7304,842.950611173237,154962.5713937329,75308.05714458725,76491.32255007033,2073.5674983310746,671.5957323756302,386.99856373955845,962.7992211373639,8.32853418359428e-05,-0.0170062178958092,96,69,95.94679183382966
7305,842.9542270853424,154960.87653162293,75326.5910812434,76448.36477572152,2040.545422070194,656.5647810085065,387.36876359464077,975.6090004261641,-9.502813584548556e-05,0.0043372762975789,96,69,95.9429349618228
7306,842.9704165564749,154921.91838716567,75312.02639597346,76478.74643717082,2018.6882521480438,646.761001871273,391.70073689312267,992.143056933186,7.006285842413225e-05,0.0348979172281377,96,69,95.9390783775324
7307,842.973544573037,154926.42351631058,75303.72396132935,76486.9186716833,2008.5929022464552,641.817528166488,397.48025356004655,1009.68288228233,-1.8036328896349664e-05,0.03764663174371,96,69,95.93522216678244
7308,842.9905879576751,154889.15462159552,75294.66116866231,76495.41012891936,2010.4592450482887,645.1885971500014,404.4730643701623,1028.274311426212,-4.095242880040391e-05,0.0551986302670817,96,69,95.931366415426
7309,842.9941566072622,154889.41917840653,75279.93737215949,76475.1118875983,2020.963250031462,654.1084488370834,410.12207517978095,1044.5167096811638,8.41168927838538e-05,0.0614319240726696,96,69,95.9275112093405
7310,843.0102947920907,154862.055526823,75280.99646055349,76466.71917888205,2037.555303001136,669.1946773149393,414.94262304018775,1059.1017638098856,-9.478515421373276e-05,0.0589189501451546,96,69,95.92365663442102
7311,843.0135095416108,154878.63693221565,75300.38856396281,76469.3552372678,2054.94740914501,684.9390249731223,417.4054163269175,1069.317317897483,6.883930030530154e-05,0.0518739399638124,96,69,95.919802776576
7312,843.0305625592833,154846.84399025547,75299.23658980096,76463.69592714193,2070.287108876335,700.0051031428593,418.87024516324163,1077.267424783553,-1.630491447775912e-05,0.0160385794114081,96,69,95.9159497217211
7313,843.0340692424403,154832.30960712227,75310.40517565153,76441.81126712731,2078.5992881581187,708.0535326339741,417.9900859511108,1080.610849981138,-4.2522850053102375e-05,0.0029750045061136,96,69,95.9120975557737
7314,843.0509358916611,154875.73563911277,75272.5586737452,76452.5493506745,2078.7380128497025,709.0826075653604,416.0724465846579,1082.3804800125363,8.491972018737286e-05,-0.0159157591940578,96,69,95.90824636464784
7315,843.0535364697149,154874.50649549224,75312.27211800654,76450.15606158244,2067.408012157015,699.4901446258737,411.42253173311474,1080.0775041831948,-9.451034529237531e-05,-0.0658738346651297,96,69,95.90439623424838
7316,843.0704757157721,154836.88788418716,75298.59919014115,76483.3167470185,2045.8082920257002,683.1081950054358,405.2956040939316,1077.192866222671,6.759310559233456e-05,-0.0531274314372511,96,69,95.90054725046606
7317,843.074078721692,154870.2356559361,75274.78926606267,76464.86777809777,2012.1477731110645,659.5216054122138,396.0512807496416,1070.6791968613688,-1.456879726173235e-05,-0.0510145486262278,96,69,95.896699499171
7318,843.090797341,154874.05420155643,75327.06339271764,76446.87556114247,1969.0791164650582,634.3996402086195,385.2745076976571,1063.8579233787605,-4.40782251741963e-05,-0.0540640287569727,96,69,95.89285306620827
7319,843.0934710655913,154877.84118179083,75262.42299083121,76453.5736771534,1915.5042554237298,607.576174306756,371.8467720294284,1053.363750963268,8.569356655023413e-05,-0.0565406274773418,96,69,95.88900803739196
7320,843.1104340588381,154923.68725909895,75303.0350246629,76477.89528591387,1855.1959348068922,583.7749620444956,357.9922267859947,1043.189937917632,-9.42038162918612e-05,-0.0788071368886222,96,69,95.88516449849946
7321,843.114057791901,154899.08673129216,75268.35348745914,76475.13158960425,1787.4243326423457,560.7025905033952,342.7850068163243,1029.6890956602874,6.632470474030742e-05,-0.073739638893493,96,69,95.8813225352666
7322,843.1306709633963,154956.32077576997,75292.41344212505,76460.58571854343,1716.7208378550713,540.9810667549755,328.37666178200743,1016.8530703122087,-1.282856469034882e-05,-0.0734648616743655,96,69,95.87748223338156
7323,843.1334007784161,154911.57998247436,75292.70805444587,76464.61365823442,1642.6461643929943,521.0052762757841,313.61050274042645,1000.7483336206642,-4.561803718672092e-05,-0.0565312526235985,96,69,95.87364367847964
7324,843.1504047232982,154987.59934446975,75313.80156299626,76467.23313354197,1570.4326148750843,503.22719268643414,300.4890394754475,985.8412895926449,8.643818425719716e-05,-0.0526527361583015,96,69,95.8698069561379
7325,843.1540227399969,154981.82718101953,75300.11231751175,76455.50366273908,1499.1219678245834,484.1400794486399,287.4738251870149,967.593850169942,-9.38656850857412e-05,-0.0658151029677425,96,69,95.86597215186949
7326,843.1705474746822,154992.3264249627,75264.63166883653,76436.29418909988,1433.4505587560125,466.7005964146083,276.2826215038076,950.2525327587791,6.503453533358299e-05,-0.0559120405239656,96,69,95.86213935111827
7327,843.1733329564639,155040.46847382234,75303.28241595611,76449.72692588215,1371.3082579716574,448.0911632440839,265.188586449367,929.0038167086313,-1.10848051157832e-05,-0.0521466261397781,96,69,95.8583086392532
7328,843.1903818224259,155053.47643213204,75301.07817583281,76443.25169790992,1316.8407546284725,431.98237885815615,255.8541128624638,908.6184364293877,-4.714177357417352e-05,-0.049403343220601,96,69,95.85448010156314
7329,843.1939766254617,155064.8015908839,75280.91131219489,76416.95449957966,1266.4545243749162,415.45443422130484,246.1800575016532,883.7549266456917,8.715333589355627e-05,-0.067921116588803,96,69,95.85065382325112
7330,843.2104254940256,155114.39339178026,75308.04398951722,76439.87953619673,1223.4987042843131,401.8701456429844,237.53862388574635,859.2085802984366,-9.349607985210304e-05,-0.0741131303783307,96,69,95.84682988942888
7331,843.2132696623438,155129.03350614884,75292.47251626321,76469.12667802781,1183.459853096574,388.013236372135,227.732821609854,829.8439241200686,6.372304220428973e-05,-0.0870799709753346,96,69,95.8430083851118
7332,843.230363085819,155168.52648646772,75275.72864703948,76454.76719458021,1149.5398305630079,377.129689276524,218.38910800026497,801.4620307942096,-9.33810785237054e-06,-0.0811749870121395,96,69,95.83918939521268
7333,843.2339197831035,155188.74892338,75259.21718987338,76461.99885465638,1115.9958862514468,365.43032966430474,207.53514742400148,768.791564960673,-4.864892884954928e-05,-0.0713934951100025,96,69,95.83537300453698
7334,843.2503062344816,155246.0188321794,75291.84223001802,76458.5169985426,1085.5088440272375,355.87809563803603,197.37410246496438,737.9237292020407,8.783879364771391e-05,-0.0774128398246141,96,69,95.83155929777712
7335,843.2532102133454,155261.56656988963,75285.13303284647,76469.73797193317,1052.0034839572618,344.79345972655574,186.71286544235772,703.7952449884324,-9.309513992305088e-05,-0.0987513778451528,96,69,95.8277483595071
7336,843.2703492095858,155315.72623543142,75306.59374233651,76457.08508470902,1019.3326258464367,335.63470306643285,178.52967630620697,672.9975702239026,6.239067708095825e-05,-0.1181569108745632,96,69,95.82394027417672
7337,843.2738487136849,155343.2440745606,75301.75661722437,76486.68587677772,982.2910551561508,324.8097346616123,171.69375253486214,639.4974407683767,-7.589062923089476e-06,-0.1082981914864503,96,69,95.8201351261069
7338,843.2901970405771,155377.66472437125,75318.20142841594,76468.57077109201,946.8415045042639,316.0890708899824,168.79703187861014,609.4343647101778,-5.013900211441191e-05,-0.1088001699288013,96,69,95.81633299948317
7339,843.2931431058727,155390.67237554,75305.6391699523,76462.04343600098,909.4035887570935,306.21910536174255,167.77608598518418,576.5915514106164,8.849434029904115e-05,-0.1051401562197517,96,69,95.81253397835104
7340,843.3103627119018,155433.4794743613,75305.41380420727,76452.76787057471,877.1543854080373,299.15400312327256,169.93875294234022,547.5900732856244,-9.266301449009865e-05,-0.0992884464024043,96,69,95.8087381466106
7341,843.3136999296747,155473.61257430512,75326.04519615509,76444.13814031993,844.8001489489106,290.9125576059305,171.5486268493405,515.5462708164705,6.103789853624159e-05,-0.1130112761743885,96,69,95.8049455880108
7342,843.3307980649283,155521.8164065455,75287.63069109703,76436.6054591137,817.5769296447979,285.01414399071655,173.03217740551918,487.46544378148974,-5.838260854822716e-06,-0.1218027399440458,96,69,95.80115638614392
7343,843.3332794045688,155542.0180875815,75304.35302081211,76441.14666782087,787.0334410477662,276.8927156303398,170.5983824558789,456.09893254964845,-5.161149930320565e-05,-0.1074653490651472,96,69,95.79737062444045
7344,843.3502275811577,155564.5938607164,75306.2317636177,76466.42730662608,757.3531698861043,270.1889259583695,165.97775578760775,428.86035604655626,8.911976831609159e-05,-0.1309911100518072,96,69,95.79358838616378
7345,843.3537398064959,155596.4210517359,75292.5616128194,76460.94758154674,719.8411311769742,260.3750788999314,157.19810053141555,397.94419974065386,-9.219986336296148e-05,-0.1306064912610658,96,69,95.78980975440452
7346,843.3706513342559,155645.26439913773,75279.11082231403,76447.48420699793,680.4423497528769,250.99876922414114,147.71040455796174,369.93358860816807,5.966517195028165e-05,-0.1082295636781102,96,69,95.78603481207536
7347,843.373216380388,155676.35982506897,75300.59347539168,76513.61359195245,632.786840195593,237.40940117034188,136.51907958762604,336.53436771870474,-4.086292545458859e-06,-0.1072757977433544,96,69,95.78226364190554
7348,843.3901721925225,155677.6363917614,75304.7957418917,76488.88950883121,585.8346104948432,223.2387989434792,127.05881294090068,305.2021798846836,-5.306593210893478e-05,-0.1173627524002092,96,69,95.7784963264356
7349,843.3937331316187,155756.327590797,75322.94053217763,76464.93039656905,533.0231026305119,203.27237061173946,116.80045884213177,267.78880501305684,8.971488093986777e-05,-0.1014103965995842,96,69,95.774732948012
7350,843.410526084185,155792.56139835698,75297.48105335032,76518.54372702319,481.1492499311571,180.6351691702148,107.01506938470993,232.0126463882334,-9.170585703339902e-05,-0.0959309508153382,96,69,95.7709735887818
7351,843.4131403505053,155834.2329186633,75323.62557049615,76460.21961940451,419.926652119495,150.36959688804927,93.46402356724138,190.38197881687665,5.827296889508051e-05,-0.1104686910111136,96,69,95.7672183306872
7352,843.4301358155077,155858.17374491863,75332.32077174098,76483.5125178817,354.5293756381143,117.33774507294584,77.33289391107974,152.31300066708354,-2.33374907867639e-06,-0.1210531275038122,96,69,95.76346725546072
7353,843.433708878959,155930.77813245903,75334.78748771947,76470.46478444869,274.7063701779116,78.98571840459772,55.85231659980491,110.81840813794406,-5.4501818310792526e-05,-0.093085674007526,96,69,95.7597204446188
7354,843.4504058426442,155945.1915602271,75312.28944623972,76501.07665120125,190.94041525141802,43.677225299863494,33.500378131109755,75.76919082281529,9.027949125507395e-05,-0.0826971231981734,96,69,95.75597797945804
7355,843.4530630936463,155987.0847063592,75353.40734446075,76495.19553431617,103.04140764044132,13.146419002718176,11.931579941243399,41.002308875351446,-9.11811761753249e-05,-0.0641268967643374,96,69,95.75223994104864
7356,843.4701100385362,156017.4685864713,75349.55913214109,76462.33152686227,35.680782910843845,-0.0,-0.0,18.013363310543355,5.686176769224918e-05,-0.0744012972679045,96,69,95.7485064102295
7357,843.4736715330497,156049.46823533805,75308.87210152582,76463.80597413548,-0.0,7.680027410024195,1.4916638780559879,0.665658130455995,-5.81221444353724e-07,-0.1053317795157035,96,69,95.74477746760346
7358,843.4902881864416,156031.67432537777,75353.50070812016,76482.12940117347,26.836555193236563,47.32284625987813,24.38662989847944,-0.0,-5.591868283087573e-05,-0.0799004017313171,96,69,95.74105319353126
7359,843.4929873191428,156040.39935766216,75305.27531289996,76480.2489912832,124.19889351155143,117.2972315241932,68.30397641699528,9.186428949498804,9.081342319502914e-05,-0.1118460256982284,96,69,95.7373336681268
7360,843.5100926814865,156004.83405458307,75318.53218691777,76508.49617454651,310.69414226867957,220.68666398330242,134.57980663402122,38.52183357841568,-9.06260113854515e-05,-0.100435507938382,96,69,95.73361897125174
7361,843.5136207645346,155987.70123048223,75311.71462526647,76492.7826970419,571.7626008479274,345.40723739520763,214.70556065818528,78.26689407436061,5.5432052732004304e-05,-0.0915322273785335,96,69,95.72990918251084
7362,843.5301751727783,155930.52469043445,75321.5908927795,76469.15395731556,900.3991579576978,484.95337895367993,303.08198022455326,135.50621984017198,1.1706999156403966e-06,-0.1000961166192636,96,69,95.7262043812454
7363,843.532911108013,155852.4908193664,75342.05222900122,76497.16937001953,1258.9687462791917,621.1634809633979,387.4534016349062,197.84666594077135,-5.731605667980778e-05,-0.0806713323489672,96,69,95.72250464652964
7364,843.5500866973339,155797.4984527631,75309.65395653523,76469.27991551327,1626.661741223419,746.5863749226119,462.66621933845454,270.9448798086087,9.13165105574485e-05,-0.0758566213261346,96,69,95.71881005716482
7365,843.5535495323845,155743.24956056595,75315.09297048913,76460.68429589969,1961.3630467162584,846.3399693887186,520.0882474974933,340.5367375849455,-9.004056397950245e-05,-0.0782872347873547,96,69,95.71512069167385
7366,843.5700791740325,155643.788179969,75299.98647322894,76487.21526394972,2250.003527781286,920.1964537102467,560.5282496302243,412.1792451569636,5.3984314140237176e-05,-0.0782367889122331,96,69,95.71143662829648
7367,843.5728150767483,155586.18618477497,75303.72500328808,76484.44536306872,2466.7352861411055,962.4770053255925,581.8212574845093,473.43338323940407,2.921424857123191e-06,-0.0395441218096565,96,69,95.70775794498438
7368,843.5901288993725,155543.8769212638,75307.03719157453,76470.53805813433,2619.4641275454196,981.9025294374151,590.1376755765232,533.2288984277111,-5.869347780196873e-05,0.1373058917448017,96,69,95.70408471939552
7369,843.593364375281,155512.07925566676,75311.31663764638,76466.95963093378,2699.842192986456,978.6705306886142,585.9869031648559,580.9712661190424,9.178859815063278e-05,0.3383015199556659,96,69,95.70041702888948
7370,843.6106101938886,155470.57134711507,75264.30742555772,76474.62181211021,2730.423372919846,964.8858954422903,576.3669634182152,627.9751838201191,-8.942504499445947e-05,0.0906490676176702,96,69,95.69675495052236
7371,843.6130689866405,155435.5761124519,75277.89085720577,76490.2398072961,2710.9884145623073,941.0681976409978,561.0013424448407,664.5281581829768,5.251904816992857e-05,-0.3811195084861337,96,69,95.69309856104135
7372,843.6299531935877,155396.03930544306,75288.73713088622,76472.86790943501,2668.7189989431063,917.9784373415605,545.770690543839,702.6777166429092,4.670363583051799e-06,-0.2106742862129743,96,69,95.68944793687994
7373,843.6334261809571,155366.0136271058,75315.95887827386,76485.8186371199,2603.451942611835,893.3841475358495,529.1413758638082,732.0252185507852,-6.005049110625192e-05,-0.0656649531302666,96,69,95.68580315415328
7374,843.6504617724386,155327.28893959036,75292.96865048331,76506.04719454063,2539.693898294645,874.5610655194323,515.7322968092049,762.8084444224369,9.222954086334062e-05,-0.1400208508232313,96,69,95.68216428865256
7375,843.653006123844,155323.20341129924,75320.54333017435,76474.64726663072,2473.219210518175,856.3252164533769,503.01366994410637,783.3397810194874,-8.877967569645389e-05,-0.0939918812815893,96,69,95.67853141584015
7376,843.66988508357,155308.4725366522,75298.96451034558,76501.37619881133,2425.1744711221545,844.3071323052282,494.98104819435684,804.5086138081097,5.103675670490597e-05,-0.0814505063102064,96,69,95.6749046108452
7377,843.6734308209709,155322.96593832146,75314.49749321063,76522.54736666768,2385.035102060181,831.9286381768325,488.07151544169756,814.7984312051849,6.416927616761748e-06,-0.0870546125777398,96,69,95.67128394845774
7378,843.690340086371,155283.88974381133,75339.07357810895,76486.78585310467,2366.1161173590226,823.7202536304394,485.00084755726857,825.1779367139388,-6.138664864814755e-05,-0.0748169855053541,96,69,95.6676695031245
7379,843.6929255044081,155286.99535379352,75308.21560066605,76456.71979513743,2349.9043406478595,812.7102382477751,481.1687900903489,824.8137877679255,9.263920446145449e-05,-0.0519171032292124,96,69,95.6640613489439
7380,843.7098392537387,155307.42273430125,75308.05239779592,76468.58595478667,2344.903381519427,804.0319787513436,478.9769262651971,826.7537089176185,-8.810468723187026e-05,-0.0860312656075682,96,69,95.66045955966064
7381,843.7134177190068,155343.92999687677,75300.76023229356,76514.33938794948,2328.8222343168454,791.102110082109,473.7176747030753,820.7038552669401,4.953794706350488e-05,-0.0967601035456814,96,69,95.6568642086616
7382,843.7302227163452,155309.4955791983,75298.8055501542,76515.71857173761,2310.1133567506913,779.5364424339205,468.19804212922463,819.5099538900249,8.160529370993807e-06,-0.0961936823397703,96,69,95.65327536897048
7383,843.7328427429185,155312.221725779,75314.23460453723,76480.90013237344,2270.804096469423,763.7880635916808,458.84371917477984,812.8322885943635,-6.270150946618659e-05,-0.0879005649438976,96,69,95.64969311324292
7384,843.7498048262961,155335.17436310792,75294.0452630839,76499.610418379,2228.356818131171,751.0552972076694,450.1544148514804,814.4956398658687,9.30174650817459e-05,-0.0755125797335002,96,69,95.64611751376192
7385,843.7533932656539,155352.58536550036,75308.5950138516,76486.20098260875,2172.4117468234617,736.3984842190694,439.62808496007347,813.3141470523842,-8.740032066470948e-05,-0.0849651049192096,96,69,95.64254864243328
7386,843.7701052308859,155328.5703954481,75319.31129003616,76506.5965288816,2126.1208025531378,726.9379166581348,432.16953782546625,821.7178122538025,4.8023132137264046e-05,-0.0663848263216112,96,69,95.6389865707802
7387,843.7727626124927,155319.84311031547,75326.5858646465,76496.77202976264,2081.672381993092,717.573275918432,425.24154362114496,827.5087949437147,9.900582593383024e-06,-0.062117347488635,96,69,95.635431369939
7388,843.7897777014961,155365.32839671345,75314.4743415697,76492.8706470749,2062.1149061922333,715.420768068725,423.45250968128676,843.1777736656077,-6.399464031655034e-05,-0.0540662245697148,96,69,95.6318831106544
7389,843.7933593247703,155315.15232899564,75316.84877477083,76476.21898842193,2053.68033411121,714.4707546587888,423.1867749933299,854.9168802119093,9.336420987011644e-05,-0.0401302122665293,96,69,95.6283418632744
7390,843.8099865827912,155292.28711605846,75298.33328672386,76495.67680568836,2071.6882178595406,720.7380006514431,427.79217662196606,873.8535364141862,-8.666682690695648e-05,-0.0403253512984242,96,69,95.62480769774614
7391,843.8126873617005,155264.17677908947,75303.31161020107,76485.7365202004,2095.597128262103,727.5352162597264,432.7165506403253,886.1704579867946,4.649282965335948e-05,-0.0481400280633595,96,69,95.62128068361092
7392,843.8297554558562,155289.4749895629,75278.85267634902,76458.69545155115,2137.188842425414,740.541795861689,440.7747701051412,904.6950590971101,1.1636502504190504e-05,-0.0557259217038492,96,69,95.61776088999974
7393,843.833316570215,155310.43688673215,75284.41519313026,76476.54955684082,2172.4135778906057,751.8834831829008,446.66443098249147,915.820618876256,-6.526561526014503e-05,-0.04681051439028,96,69,95.61424838562849
7394,843.8498668421407,155252.09982246626,75308.16143844671,76503.95501725213,2212.1661564278184,766.0381695537508,452.8226531364344,932.7024133260129,9.367933606297885e-05,-0.0577582822935603,96,69,95.61074323879352
7395,843.8526182691733,155249.72136843568,75301.5362179053,76500.2318543695,2234.105017960246,774.6832446281478,454.3903363036079,942.6024776758277,-8.590446653549632e-05,-0.0504766399977472,96,69,95.60724551736708
7396,843.8697362401296,155248.46032499426,75294.5075730979,76468.46083916201,2252.809930791438,782.6225738478679,454.9285710621916,959.9281178188976,4.494756249487371e-05,-0.0424164955585217,96,69,95.6037552887926
7397,843.8732653242888,155268.34067077606,75320.66965535443,76464.1793622044,2247.1533615345834,781.6526309821056,450.4816343179846,970.6514918631874,1.3367705729993065e-05,-0.0685146902413016,96,69,95.60027262008056
7398,843.8897465516351,155210.5898742993,75285.83193012087,76461.5645175061,2233.4648688213783,777.3430034864869,445.46788302568893,987.8695165279496,-6.651401622214458e-05,-0.1012832035929455,96,69,95.59679757780354
7399,843.8925561079812,155226.74046364598,75322.76890665949,76465.68518986602,2193.71398493537,763.2121683203295,436.70848380270763,997.1146801563445,9.396275218572138e-05,-0.1446644109399613,96,69,95.59333022809209
7400,843.909718436253,155210.22721787338,75275.48790327164,76469.0456356068,2148.558021430741,746.7929022883181,428.92245356847707,1011.8962597442151,-8.511350970348708e-05,-0.1586481631787157,96,69,95.58987063663017
7401,843.9132058556388,155231.49841894206,75285.78101560663,76472.65054664853,2081.498472106119,722.3903223310772,418.1777682318352,1016.3409922787105,4.3387858325975145e-05,-0.1780227203176246,96,69,95.58641886865064
7402,843.9296264685701,155236.51821277168,75282.78504850932,76454.70558986643,2014.7889240392833,697.8984013652516,408.24452426610515,1023.5242853583186,1.5093611112561211e-05,-0.1883744612399034,96,69,95.5829749889313
7403,843.9325013288914,155203.63979818267,75315.47405323175,76450.16679028467,1933.5099973374745,667.9923002496362,394.68560481010354,1018.5628719607776,-6.773943265543937e-05,-0.182580525290827,96,69,95.57953906179
7404,843.9497005274114,155227.94422514408,75287.19990891732,76469.2366617518,1860.7392754096072,640.6292866937001,381.25970220952877,1016.308291583613,9.421437720596606e-05,-0.1827885020294211,96,69,95.57611115108053
7405,843.9531385137997,155239.06016358567,75295.63291244446,76443.7282019973,1778.5815923978807,609.5952995401894,363.6506462303805,1001.5651945622521,-8.429423594924135e-05,-0.17481853186416,96,69,95.57269132018833
7406,843.9695074268855,155307.12684454818,75305.53213000778,76459.74736247986,1707.9293087641126,582.3561350336531,346.46330110079725,989.5889380616427,4.181424934614095e-05,-0.154558578739478,96,69,95.56927963202628
7407,843.9724541558916,155311.97353236098,75304.39189174028,76475.53163020035,1630.4659605597844,553.0578561275761,326.81003537093056,966.3153496013547,1.6813639403799235e-05,-0.162367963805101,96,69,95.56587614903046
7408,843.989681037839,155315.57024253835,75280.10421575492,76440.94171200893,1567.7612470734748,529.6209192010137,310.3826008468168,947.9962636732089,-6.894146211545069e-05,-0.171264965086601,96,69,95.56248093315556
7409,843.9930638079253,155375.8813471206,75291.40459920914,76461.77118622568,1499.9604619755992,505.6496039816848,294.0761721515737,919.1111579879362,9.443414075792624e-05,-0.1283868813102945,96,69,95.55909404587128
7410,844.0093902367622,155386.54028153743,75290.51407819809,76489.32532759826,1448.4314032072434,488.42483392590657,282.6005744016147,895.6437552337884,-8.344693440398924e-05,-0.1527263934217016,96,69,95.55571554815772
7411,844.0124146597979,155386.91937945812,75310.06236540641,76481.70618981888,1393.7624833899317,470.98278929937806,271.5371915875876,863.1255081662384,4.0227272601818776e-05,-0.1471913846863985,96,69,95.55234550050127
7412,844.0296584881042,155484.34789472882,75319.54302661776,76478.62803742095,1356.7804211993353,459.5957216004899,264.1399256864097,838.8162228254077,1.852721354531877e-05,-0.129588424034194,96,69,95.54898396289116
7413,844.0329824752731,155508.11801217412,75318.45566353346,76485.02711657071,1314.1847249438288,445.6678469509061,254.72471302057966,807.2496753998857,-7.011971018147793e-05,-0.1487035697265866,96,69,95.5456309948139
7414,844.049275582015,155529.53019304568,75311.86299012329,76489.8225429624,1284.774301955942,434.9274488165247,246.64777740492718,785.6864980727551,9.462198355296088e-05,-0.1414811803225299,96,69,95.54228665525105
7415,844.0523828476964,155565.4453199808,75299.21038383401,76469.5022984654,1245.4425816391595,419.6451508825412,235.6887046150223,759.0305661718303,-8.257190368943536e-05,-0.1438628174403098,96,69,95.538951002674
7416,844.0696313278071,155561.27136033963,75332.03871941766,76474.07608843273,1216.0525286506163,406.8159368875058,226.94191203414812,744.0648167204636,3.86274687543361e-05,-0.167507079518266,96,69,95.5356240950402
7417,844.0728955787695,155631.32783526948,75317.46363947308,76494.40888360322,1173.00719191815,389.4516091761616,217.13844369183062,722.7750202502357,2.0233758926888616e-05,-0.1863633344063583,96,69,95.5323059897894
7418,844.0891638723449,155618.85817994425,75317.02647446872,76468.60289107442,1138.2163733213092,375.5610454216221,211.6930948755762,710.8590959418216,-7.127379066715095e-05,-0.2085018290374245,96,69,95.5289967438397
7419,844.0923588186067,155635.6365334725,75326.80316438242,76480.28327218599,1091.2457271071034,359.10827321319084,206.86487029865384,690.6186253805936,9.477785670569546e-05,-0.2086730998441414,96,69,95.52569641358346
7420,844.1095977839295,155694.14194176262,75293.17097693589,76454.96457050035,1055.8594967549434,348.0371110927954,206.59022057580296,678.1968132026668,-8.166945123298791e-05,-0.2038763475194064,96,69,95.5224050548838
7421,844.1128047105865,155706.63906107523,75308.4177325017,76473.57186771058,1010.2259772783145,335.1106184568489,205.14354497616296,654.8939685711521,3.701538296509015e-05,-0.2234619631498204,96,69,95.51912272307018
7422,844.1290549522224,155685.2548128674,75287.56441219023,76482.74181430133,978.1462930974667,327.48793674615445,205.40593281583278,638.1809932077886,2.193270356982412e-05,-0.214013032966482,96,69,95.51584947293526
7423,844.1323431154686,155786.58503032758,75310.98209126217,76455.34051732029,938.0666971814935,317.6130244619708,201.81185758803622,611.4535975195176,-7.240332559139505e-05,-0.2120557366137315,96,69,95.51258535873058
7424,844.1495554486928,155783.1614980723,75275.22250213314,76488.80415528327,912.3346483881469,311.9885040322406,197.98083311520168,593.0952772758028,9.490172256547252e-05,-0.2487635084540208,96,69,95.50933043416336
7425,844.1527125435282,155829.91069375156,75261.40222899649,76448.72596579843,875.484724068665,302.11816279866616,189.24050323586562,564.8973574739066,-8.073989386050868e-05,-0.2627015675264018,96,69,95.50608475239196
7426,844.1689473272846,155855.8825407222,75304.63899553017,76477.03909285857,848.7851445446722,294.6741015034495,180.51315993224853,545.2393603208184,3.539156428710019e-05,-0.2367639946677282,96,69,95.50284836602324
7427,844.1723377619287,155869.87609787306,75303.36859844663,76446.22263031422,807.3853651040117,282.13892795171705,168.29172124393517,516.1649513471057,2.362347848460185e-05,-0.2438603598122473,96,69,95.49962132710831
7428,844.1894998845972,155911.20109052787,75298.23001467231,76452.80887611872,772.9747065023403,271.8265261164197,157.78536697427626,495.2793888383603,-7.350794570248916e-05,-0.2543277313308073,96,69,95.49640368713877
7429,844.1926248286155,155953.2054788991,75313.86655456347,76468.32615411052,720.6628974790801,256.41084806730214,145.08568441617535,462.58024976585875,9.499355396680344e-05,-0.2368976240175713,96,69,95.4931954970436
7430,844.2088351786949,155972.86309246754,75294.20338593493,76454.86751300693,675.9265295132063,243.92325254512252,135.20145238915575,436.575900740223,-7.978355725791686e-05,-0.2461453124850511,96,69,95.4899968071854
7431,844.2123508293681,156030.78577088422,75343.90861039351,76464.73699312638,618.4815817966592,227.70353683512076,124.12071811579517,399.02255668566795,3.375656535504561e-05,-0.2862411541322419,96,69,95.48680766735674
7432,844.2294172998478,156057.65894148708,75307.33839754811,76467.55379938608,575.4135388641153,215.28936238129972,116.24512053074432,368.9040937476384,2.5305517512124743e-05,-0.2718256744335852,96,69,95.48362812677708
7433,844.2325631010804,156115.70080976695,75310.13937590849,76457.06439984399,524.3261420902563,198.78933604406484,106.70279887705692,326.8743351760204,-7.458728998658278e-05,-0.2511310323894483,96,69,95.48045823408889
7434,844.2486838092865,156192.26690256895,75307.82487700779,76483.45180611701,490.097704339365,184.93339306158305,99.39938225821243,292.7915479178482,9.50533346002434e-05,-0.2620528399106329,96,69,95.47729803735452
7435,844.2524534710877,156205.13233098623,75297.24454437058,76465.91663133848,446.51420044206316,165.3010414190503,89.19575254642405,248.2521765405545,-7.880077617458345e-05,-0.2648907867433157,96,69,95.47414758405256
7436,844.269070390962,156250.5238145164,75360.15418508029,76502.29311053484,411.262087321491,145.46559781659744,79.33230457580066,211.86327863417682,3.211094230581377e-05,-0.2424570394112544,96,69,95.47100692107507
7437,844.2717844881918,156308.3061662151,75290.03807464581,76488.55880602506,352.6633870273945,116.7856230702746,64.49601108324714,163.91500231900136,2.697825768270329e-05,-0.2156817275550317,96,69,95.46787609472368
7438,844.2887654704351,156339.92211436096,75334.2193093918,76498.18221134889,292.4496046723216,87.40904344699811,49.298646299459506,126.62586297671078,-7.564100627902853e-05,-0.1846957728508132,96,69,95.4647551507063
7439,844.2923659686992,156396.62086061033,75318.8934186362,76479.38457302064,204.9888041059021,51.82809180188633,30.08059053317993,80.98380877898308,9.508105915303208e-05,-0.1884450600078913,96,69,95.46164413413462
7440,844.30898550577,156448.61681266854,75334.98767414842,76516.15579638327,123.44630746991606,22.566478952008765,13.906081714609172,50.21777952299453,-7.77918937919714e-05,-0.2165338373664768,96,69,95.45854308951998
7441,844.3116852964996,156482.05348584993,75316.6322619366,76481.64115417063,38.030448576959316,-0.45330265127995517,0.4520057831541635,17.01425950747216,3.0455254746354947e-05,-0.2129308006594936,96,69,95.4554520607711
7442,844.3287614652261,156517.48168495865,75327.13484698089,76458.81118253787,-2.0214676617179066,-0.0,-0.0,6.829805384477368,2.8641139623280127e-05,-0.2137714241475327,96,69,95.4523710911902
7443,844.332308612316,156564.16813755847,75299.66751380941,76478.80462486557,-0.0,24.802717065031175,13.422820008330746,-0.0,-7.666875136902514e-05,-0.233333057454107,96,69,95.4493002234701
7444,844.3488778905079,156505.50808729604,75333.86203489671,76484.09751819269,90.06407398328884,87.79766802111408,49.508954215445556,18.426036605029367,9.507673300153484e-05,-0.2375528500213848,96,69,95.4462394996918
7445,844.3516058351381,156470.0584232403,75333.54694512345,76454.88854528239,252.98623820225475,182.73565304855583,105.07145636781934,39.81042209023144,-7.675726215263322e-05,-0.2294577926574106,96,69,95.44318896132047
7446,844.3687513377419,156462.5817403722,75318.1779652663,76499.72971423029,515.4569049461279,313.23741604271345,182.575086150493,85.11278597533237,2.879006517981659e-05,-0.2273303575278416,96,69,95.44014864920352
7447,844.3722492367388,156410.80378175736,75331.42165462422,76459.33748954938,835.4298634225852,461.02333776507294,271.199949042144,128.98366699842154,3.0293607358974467e-05,-0.2299640602026464,96,69,95.4371186035665
7448,844.3887649961276,156369.14067641785,75305.210005152,76460.24254560123,1214.5845214681467,619.7664126523887,366.9882815013698,190.84314387562335,-7.767019059879115e-05,-0.2174228048136597,96,69,95.43409886401125
7449,844.3915368400595,156339.93628382508,75296.00889672032,76475.11213921246,1595.216145825514,766.8227327466302,456.1634610314795,246.35926602216205,9.504037217572676e-05,-0.222982722994926,96,69,95.43108946951244
7450,844.408739941338,156255.23005927828,75302.43147960081,76481.70511809704,1974.4236405754345,897.5696000873722,535.5971730318124,317.03898669729824,-7.569724170023436e-05,-0.1731984482419048,96,69,95.42809045841491
7451,844.4121836855533,156228.75309536455,75299.1164395002,76468.9291044686,2297.2209499443998,995.4568822053698,595.1415434694791,377.22463752291515,2.711593918967692e-05,0.0405445006856251,96,69,95.42510186843094
7452,844.428650746313,156151.95230449177,75318.33855064493,76473.1947350564,2572.3204818296363,1065.017154776826,637.2769344562548,447.2389187544468,3.1935108657794024e-05,0.1720514483427332,96,69,95.42212373663747
7453,844.4314764102272,156110.6212056463,75316.5793109348,76474.47072986925,2763.4343194910325,1099.9454903208243,658.2650115143042,501.974733964249,-7.864499877235955e-05,-0.1964213179562834,96,69,95.41915609947308
7454,844.4487275630946,156050.57126755075,75302.7472416745,76481.51727110066,2898.7043364401907,1112.9516079809691,665.8546504669939,562.9266504049883,9.497200355309766e-05,-0.5019039342658909,96,69,95.41619899273608
7455,844.4521108837446,156004.88411762874,75325.00924745921,76457.63762025959,2955.4086428786977,1101.9653333855822,659.2039335912705,603.8647508404974,-7.461220156661097e-05,-0.2781053579218914,96,69,95.4132524515809
7456,844.4685371313614,155979.6173829962,75316.28977423767,76486.34382507666,2971.8095859424793,1081.0732153330318,647.0511523701716,646.9955529508006,2.5433445220944217e-05,-0.2015252515470529,96,69,95.41031651051634
7457,844.471423805643,155972.7085396832,75326.98150714656,76505.25434578468,2933.360217513691,1048.3222903096175,628.4544439409219,669.6479920684651,3.356509541958378e-05,-0.2328349589731367,96,69,95.40739120340264
7458,844.4887135522505,155950.6975540683,75307.81513930461,76465.40722675556,2882.1584982383065,1016.6172880574595,610.9350267694535,697.6082229914318,-7.95928590314286e-05,-0.2059336790699646,96,69,95.40447656344872
7459,844.492030615464,155949.9704620229,75311.52965133854,76500.00447757238,2801.4136880974984,981.6493323962495,591.467976213884,708.3189504787442,9.487166512269448e-05,-0.2123817090730864,96,69,95.40157262321014
7460,844.5084256159678,155946.87571906034,75308.71939906097,76477.98979175554,2730.039801211562,954.0254344994901,575.6904971622862,727.6516888957121,-7.350251894223623e-05,-0.2294874926998134,96,69,95.39867941458668
7461,844.5113784901476,155961.59964822032,75333.44389553559,76499.10526213454,2649.1928824533243,927.7303678580065,559.5522767606308,733.8674173678446,2.3743154165446095e-05,-0.2035828627002389,96,69,95.39579696881944
7462,844.5286970073117,155937.83457725143,75331.6705101276,76470.51017546335,2593.5445065834792,910.9986079024238,547.9247232543712,751.858277584688,3.518302350067918e-05,-0.1832779978876362,96,69,95.39292531648891
7463,844.5319430532462,155934.27044047206,75323.31431540837,76487.09187955558,2536.148234274122,894.6382031590038,535.9234796613891,755.7918663390155,-8.051346476657629e-05,-0.1881857289287874,96,69,95.39006448751265
7464,844.5483174497376,155944.2569041928,75304.9367394255,76469.77825339182,2504.4655054984614,884.407025938257,527.872253489666,768.3279449980473,9.473940529957476e-05,-0.1831881717778407,96,69,95.3872145111427
7465,844.5513398905177,155919.44123877664,75322.9551032428,76505.40143001197,2467.184242926247,870.3788634836092,518.6752937698766,764.66313713821,-7.236857888718292e-05,-0.1627372774091597,96,69,95.3843754159638
7466,844.5686769859665,155953.03423566997,75314.37220070789,76482.12079923776,2447.3000660351245,858.369227092131,512.0208030359354,768.7323844656639,2.2045639339400848e-05,-0.1561378048723778,96,69,95.3815472298908
7467,844.5718486101052,155986.39141286194,75321.36699948602,76480.52175034699,2409.1069113188423,839.1723318059812,501.9483928922564,755.7237554815656,3.678835313185259e-05,-0.1628497745383183,96,69,95.3787299801666
7468,844.5882137498565,155980.2910240136,75315.18181636995,76504.49277741808,2376.350115902489,820.572916571633,492.0810027209809,751.6263686968014,-8.14065182028548e-05,-0.1532012063716894,96,69,95.3759236933603
7469,844.5913073226548,156025.77201825942,75320.46267179934,76475.17430285177,2319.9078674305347,796.2632064346253,477.65939993262873,735.2547307869827,9.457528327566514e-05,-0.1486721848537386,96,69,95.37312839536462
7470,844.6086525953159,156022.22967563773,75312.71044251605,76495.597301975,2270.3659831164405,775.7877164859528,463.8803053278534,733.5011287519301,-7.121077489790222e-05,-0.1435094571546323,96,69,95.3703441113944
7471,844.6117478747586,156071.37753728215,75328.20277773353,76494.18787273644,2203.5832892726175,753.1637413946155,447.4827708005905,722.689455519896,2.0341476041803505e-05,-0.1157864908104544,96,69,95.36757086598418
7472,844.6281155209873,156024.03949963537,75317.86331603535,76534.36529188568,2155.174900631944,737.7485629464791,434.9977384066151,727.9793700862792,3.838054908019381e-05,-0.1056653693898376,96,69,95.36480868298652
7473,844.6312799695237,156075.17629726525,75324.78372919843,76476.07134348435,2104.7903889816953,723.3843683360756,423.8863251278526,725.3171284963028,-8.227173088520151e-05,-0.1001223348008481,96,69,95.36205758557011
7474,844.6486230439403,156063.59371747705,75309.82856159135,76503.15346057355,2085.4106965620886,718.2581409996055,419.7906393838639,737.6748825116374,9.437936900675916e-05,-0.0735758008524172,96,69,95.35931759621774
7475,844.6516415708049,156059.5507308358,75337.40433043416,76500.60752865649,2069.1215572844376,714.7286830412922,418.11495451361407,737.9934047252755,-7.00295082723147e-05,-0.0560947849259111,96,69,95.35658873672443
7476,844.668023656724,156047.01069632583,75325.16512206326,76472.69143822638,2081.9167555781314,720.1481847673131,422.4463742580847,749.3669916593062,1.8631241759994824e-05,-0.070528903012486,96,69,95.35387102819602
7477,844.6712568777191,156066.78092260627,75290.49523934965,76489.39370785428,2091.528167282464,726.6728162882064,426.87329266482266,747.5017986183811,3.995908070395611e-05,-0.0639435384619791,96,69,95.35116449104692
7478,844.6885876803077,156080.4963751726,75326.67846634406,76478.35529129072,2119.29604875308,740.4761246069829,434.0941338206467,756.3858239190013,-8.310882397977977e-05,-0.0361833445407983,96,69,95.3484691449988
7479,844.6915305207787,156093.04373137018,75298.03051798034,76492.14910645096,2130.557297526044,752.1226019011228,438.12646843877155,751.3206170843332,9.415174320246235e-05,-0.0690329800602681,96,69,95.34578500907894
7480,844.7079389384752,156141.96473407117,75340.42174109102,76489.50546472162,2149.5298418755992,766.7539082619187,442.60503457236337,757.4106254125654,-6.882518758761598e-05,-0.0711597256830297,96,69,95.34311210161796
7481,844.711236959819,156081.94694244195,75309.13829788267,76495.22347184693,2147.7674659218756,774.8239748390188,442.94129372460884,751.7651894896408,1.6915515662180616e-05,-0.1002198523266115,96,69,95.34045044024936
7482,844.7285460274635,156089.12011363916,75340.74724745833,76476.03083290854,2152.358121953439,781.2028899465658,443.39627900047344,758.1478024410026,4.152342223666548e-05,-0.1563229079214034,96,69,95.33780004190724
7483,844.7314156064753,156133.91421856752,75305.35706922425,76497.47175385691,2135.3612829498597,776.8334689503245,439.469414033636,751.5643856010574,-8.391752826014944e-05,-0.1539698350470095,96,69,95.33516092282495
7484,844.7478620403206,156120.74254433188,75311.80184754437,76447.69598491707,2124.3591890341486,768.2887852190179,435.4608887002687,756.0805522216833,9.389249714854984e-05,-0.1503636365896226,96,69,95.33253309853364
7485,844.751218994329,156137.56307948075,75313.23739338279,76462.82211887115,2091.699970657355,748.9245437811769,426.95513871114235,748.4733278279891,-6.759822968213704e-05,-0.1451460333354946,96,69,95.32991658386074
7486,844.7684978213209,156165.55635445402,75312.0125807045,76470.20528601178,2061.743055844039,726.5951260279398,417.85440410205047,751.8486546888016,1.5194878660611596e-05,-0.1097906826205761,96,69,95.32731139292932
7487,844.7712977180357,156176.03714694828,75283.57136520307,76452.56870645727,2004.8292605658062,695.45598007839,403.5653998698108,741.7356475866982,4.3073053197903e-05,-0.0937151743847682,96,69,95.3247175391557
7488,844.7877935488659,156193.60068413347,75271.49267853553,76438.00208493782,1947.5954954979825,664.0458539747342,388.451318511361,741.8701992147253,-8.469758440646428e-05,-0.0910182310102171,96,69,95.32213503524892
7489,844.7912016130001,156192.08903263905,75290.40165418344,76437.7205966339,1865.599438477133,627.042913559053,368.792346939852,729.1219895759132,9.360173260919527e-05,-0.0512958938939926,96,69,95.31956389320932
7490,844.8084430635481,156185.0359670426,75303.62889201593,76470.14983723435,1787.8827150649158,592.2715215522621,349.34677909416496,725.5989095095429,-6.634905825748117e-05,-0.0258106356620214,96,69,95.31700412432748
7491,844.8111776788787,156247.64221650155,75295.50085241863,76401.59150239947,1691.9440683296416,553.8244392386259,326.7238775580772,707.0825172595505,1.3469912790139554e-05,-0.0151789029913969,96,69,95.3144557391827
7492,844.8277340146852,156262.8712284799,75291.64766517289,76446.05705221799,1608.7406213651993,519.4782586288056,306.06624414093676,696.8319032079598,4.460745790108112e-05,0.0031641318953507,96,69,95.31191874764244
7493,844.8311832548051,156295.5306591588,75286.33947469524,76460.95650960137,1516.2849804387079,483.629190687323,284.22108657020726,672.5025933000434,-8.544874238446332e-05,0.0013747901467198,96,69,95.30939315886071
7494,844.8483821140807,156308.9027998959,75315.80240116318,76463.80710645643,1441.2185442963382,453.4460150090599,265.862330588483,656.127866926312,9.32795622370254e-05,0.0115555618007427,96,69,95.30687898127768
7495,844.851056114825,156374.44321015826,75318.09818714521,76429.37544342855,1358.115201218985,423.00660176931706,247.4450210565701,624.8367372737848,-6.507810461835698e-05,0.0071696112071336,96,69,95.30437622261827
7496,844.867684077128,156367.3371190409,75295.10112313792,76445.96905363112,1292.7731581867556,399.42906355652667,233.47086698698695,601.8523818730027,1.1741201276915086e-05,0.0042712743587615,96,69,95.30188488989116
7497,844.8711620315546,156437.70499680503,75294.05317751122,76417.78775181585,1220.47393206798,376.68711100555083,220.1401392093685,565.8412393650215,4.612612601224837e-05,0.0089226941489921,96,69,95.29940498938856
7498,844.8883158954009,156466.25902180027,75296.43379939135,76475.05740369996,1165.0794616664643,360.6323945590848,210.99988556618337,538.6174714383087,-8.617076262514183e-05,0.0108484923242566,96,69,95.29693652668456
7499,844.8909331707633,156485.97811242443,75284.28369904807,76489.75444934198,1101.7381062797504,344.36233884426474,201.4694285012083,498.8234543943836,9.292610885492017e-05,0.0068727939280664,96,69,95.29447950663496
7500,844.9076447955586,156577.24248376227,75288.06259096446,76471.01419653953,1055.5513009097776,333.3875187385711,194.76180183008546,469.7804823780607,-6.378580714835793e-05,-0.0302076662806884,96,69,95.29203393337616
7501,844.9111353196208,156587.30934642258,75323.43127010121,76477.46779448554,1002.8268171020318,320.9939487204683,186.3832763711107,431.52616250456776,1.0009328976779996e-05,-0.0238818852873317,96,69,95.28959981032492
7502,844.9282464703982,156654.37138470935,75332.57836677748,76478.39189636763,966.3951741147903,312.4511488246353,179.60851056710817,405.4683067591686,4.762855325737979e-05,-0.018736618924604,96,69,95.28717714017688
7503,844.9308076978964,156655.91347304042,75294.07881341082,76478.88799962682,922.5166631902102,301.6876194168144,170.67479342303704,371.08161608548835,-8.686341485852055e-05,-0.0546778586050005,96,69,95.2847659249072
7504,844.9476187382713,156685.5207585206,75311.8015874325,76448.33729167072,895.5857382063987,294.90267762652365,163.95592204094282,350.21566664465354,9.254150615931038e-05,-0.0521924847391679,96,69,95.28236616576868
7505,844.9510982832281,156745.0484398827,75307.74328411801,76448.61610268406,863.5833381364355,286.76087474396627,156.62385650436045,322.5608886950358,-6.247261118226602e-05,-0.0456910845992829,96,69,95.27997786329205
7506,844.9681789052612,156761.16227821112,75313.05941387394,76469.12713765066,849.0757028525113,282.9437355209957,153.11805223335978,307.3635688989598,8.274880495166734e-06,-0.0660550933645437,96,69,95.27760101728536
7507,844.971453088906,156780.86359028268,75314.15946248425,76453.8576163177,830.2162119936547,278.005334650632,150.55356991887675,284.37526400291244,4.91142405655757e-05,-0.0732567764605956,96,69,95.27523562683376
7508,844.9876209811362,156826.75274320052,75312.55708567983,76446.47298061372,827.0452924106503,276.82424239825923,152.49850650827284,271.6760603476432,-8.752647935464107e-05,-0.0623454985365581,96,69,95.27288169029826
7509,844.9910235057837,156836.42171591235,75305.35273893368,76449.05798234126,817.1736549096531,273.8646497337613,155.144261450856,250.5258554222819,9.212589808894558e-05,-0.0641375793294668,96,69,95.27053920531672
7510,845.0081802967039,156853.63571754252,75317.1173797331,76463.64534599127,817.3580030204612,273.3383435028227,160.56911665818188,238.3576518050104,-6.113896905921075e-05,-0.0571967673299928,96,69,95.2682081688022
7511,845.0113170202677,156865.94584862352,75295.27798286341,76460.71053527073,802.8785223634914,269.40779244119767,163.7106163171993,215.95744617679156,6.538442000724594e-06,-0.0601647485326316,96,69,95.2658885769438
7512,845.0275550706765,156923.89320546266,75309.09733097817,76451.1919951189,790.7463627516408,266.5264381482557,166.30425033092615,201.47664489774616,5.058269478188829e-05,-0.0657863197173073,96,69,95.26358042520592
7513,845.0309850654486,156915.63865531186,75299.04511988541,76441.49547931267,760.7128699130844,260.02794129737595,164.2188993965392,178.57358430008753,-8.815974618446909e-05,-0.0470661486773599,96,69,95.26128370832824
7514,845.048155624358,156977.14230968736,75286.24513212313,76438.325843551,732.3683451960678,254.7317365541967,160.4063129045826,165.23067234782502,9.167943897167964e-05,-0.0626253304767898,96,69,95.25899842032534
7515,845.0511906019028,156965.34586036604,75296.54831459933,76423.12097812555,688.5415817918256,246.17054805635416,152.1929241938342,144.76202041844954,-5.978533945061447e-05,-0.0693273788286517,96,69,95.25672455448726
7516,845.067486443341,157029.40693426246,75312.77387316148,76414.96261154122,650.9628284780192,238.78692005087214,143.69629482142045,134.7303315885656,4.800599388712162e-06,-0.0417659604195279,96,69,95.25446210337893
7517,845.0709571086635,156972.18037565734,75289.17207662451,76424.80048778559,604.139941965288,227.60849444491032,132.8027364226,119.20252404993516,5.20334291079376e-05,-0.0475802224456545,96,69,95.25221105884036
7518,845.0881178505817,157091.15115098562,75297.92792149386,76436.3339587676,565.4117711046711,215.3116849953949,122.7298760835547,113.10705359649728,-8.87630156147867e-05,-0.0620561300951312,96,69,95.249971411987
7519,845.0910664685903,157034.2925323701,75266.10162096345,76416.11894948814,514.0757511166739,195.66167892237718,109.941236714978,98.78422390724882,9.12022932715288e-05,-0.0688148720342642,96,69,95.24774315320911
7520,845.107421243988,157067.1757891961,75307.83390726038,76392.20287502273,462.67607791692717,171.00660664506722,96.36319170318893,90.4533861616801,-5.84121880550967e-05,-0.06203642409654,96,69,95.24552627217297
7521,845.1109344492451,157063.4921784083,75270.27584564478,76418.15848327869,390.2182378298603,136.87165909694158,78.17198894996545,72.37677732825978,3.0619390946927827e-06,-0.078830854045712,96,69,95.24332075782009
7522,845.1280696421829,157122.20307860314,75246.08381113427,76416.52402601203,310.37630457861815,98.42429995743441,57.89592426168383,58.70659100476769,5.346596276706922e-05,-0.0737178807851041,96,69,95.24112659836808
7523,845.1309435136881,157157.95483102606,75261.69159409612,76386.59544637868,210.4686866340926,56.20030977349961,34.161858324252535,35.750068191991886,-8.933609827410089e-05,-0.0579188693852173,96,69,95.238943781311
7524,845.147361367462,157144.1287769395,75231.00884193578,76416.31170002498,117.2318431941676,21.26554526372638,13.42874548965483,20.24184788382263,9.069463635317112e-05,-0.0723852637022282,96,69,95.23677229341924
7525,845.150914788278,157178.45679412884,75263.17109531218,76385.13693143497,34.57851196045522,-0.0,-1.1120185177423991,2.3355046007491183,-5.7019986385408944e-05,-0.0630364527013508,96,69,95.23461212074012
7526,845.1680115329314,157211.11690625057,75232.65165616006,76389.7099420141,-0.0,6.078349633724429,-0.0,-1.2587832266290206,1.323047490926457e-06,-0.0498541578297279,96,69,95.2324632485985
7527,845.1708226793373,157155.98137300843,75276.91086397777,76372.4799641854,23.054200817656238,44.93209137453232,20.58477685545222,-0.0,5.487982116885537e-05,-0.0411292099862394,96,69,95.23032566159728
7528,845.1873065207515,157197.07185049474,75293.5433687691,76390.28782658125,136.38059537438676,124.24132025988365,67.20710459299153,21.640013144351542,-8.987881463003816e-05,-0.0374946742021779,96,69,95.22819934361765
7529,845.1908981393949,157163.01748875642,75280.59030608398,76382.50970501624,335.49376186932204,239.5172491159028,137.5001469332783,53.022924508026335,9.015665296001506e-05,-0.0173885548002363,96,69,95.22608427781968
7530,845.2079411054656,157104.06821205345,75251.93651336049,76420.45765189368,627.4885202752776,385.46690314529405,229.21511014102725,104.4860381858307,-5.560921253809142e-05,0.1279335406843771,96,69,95.22398044664315
7531,845.2107097258468,157042.22283548096,75270.48890655533,76390.83384367735,981.280138442351,546.007499138359,331.51105923671275,161.69674685620703,-4.154890916890937e-07,0.3471733043441632,96,69,95.22188783180844
7532,845.2272477412973,156989.0100603482,75267.47678754051,76407.01733064157,1379.9695353833959,708.062265334258,436.11735834143474,231.36284490357502,5.6274536326986034e-05,0.2107592561951072,96,69,95.2198064143165
7533,845.2309022615701,156938.05597857683,75252.54776498835,76384.51266318468,1778.4792091172421,854.1129786618549,530.4011677716917,297.9720390269649,-9.03909960976431e-05,-0.3088600339973266,96,69,95.21773617445018
7534,845.2478058550481,156842.52314807667,75270.17237451798,76408.22936033407,2154.6207838216797,975.1153324672923,608.3084237054572,366.1017230041034,8.958853861159754e-05,-0.2416555869181415,96,69,95.21567709177522
7535,845.2513234184709,156787.07852570133,75260.10393236816,76421.72736166346,2471.8612975667347,1062.694982560919,663.2557381594379,422.35692125718924,-5.418035064171124e-05,-0.0033836986637122,96,69,95.21362914514026
7536,845.2673558447261,156745.36630037526,75246.8360944102,76427.07730046581,2723.160291793407,1118.2553525054536,696.5950227930152,473.42160067518125,-2.153085086791941e-06,-0.0897313932721686,96,69,95.21159231267865
7537,845.2707784259878,156748.73144443973,75294.96182584259,76422.89938962771,2892.9681724768016,1143.2989622301684,708.9490408858692,510.80639858552604,5.7649647434224176e-05,-0.0412158785990887,96,69,95.20956657180894
7538,845.2878391128181,156694.1343740949,75302.5103977668,76435.8094096195,2992.4780734907254,1145.6184376675083,706.5353601029055,544.0735739487573,-9.08724837954984e-05,-0.0365713260552939,96,69,95.20755189923553
7539,845.2911778409173,156669.0193985193,75315.81423357227,76445.17430042682,3021.121666867053,1129.6503750866832,692.1579446024116,567.1186287473829,8.899049857026592e-05,-0.0378574286343517,96,69,95.20554827095066
7540,845.3072927501887,156670.05840257823,75276.86400215962,76440.20384421201,2999.576820221788,1102.9141346429533,671.8662296108378,589.9782095420815,-5.273389035330897e-05,-0.0042885172261974,96,69,95.20355566223448
7541,845.3107260761824,156637.3182941869,75306.51486401571,76434.7176883187,2934.2196389044984,1068.2207675661339,647.126165918351,607.460695692309,-3.8891553291211766e-06,-0.0223925980958536,96,69,95.20157404765692
7542,845.3278294638354,156611.14320753433,75301.1365836379,76409.76970130944,2847.348442556744,1030.5048057655658,621.8996530286677,627.6091186574777,5.900469940060591e-05,-0.0363268159138439,96,69,95.19960340107836
7543,845.3310517091605,156602.9024654477,75272.60876203979,76439.85936107037,2745.204160070105,990.6217747845221,595.870262169803,643.6544156813761,-9.132312967289556e-05,-0.0157534676297312,96,69,95.19764369565095
7544,845.3472184461283,156593.05501095884,75316.24599193136,76397.02909028446,2646.9492259505205,952.1134314533119,571.7337733747845,661.7524619188334,8.836274818902082e-05,-0.00735733720516,96,69,95.19569490382018
7545,845.3506913028558,156596.8608309554,75293.5976654992,76432.73435570528,2554.7097346073715,915.2835325450142,548.520207182155,675.3708966573467,-5.127032732327261e-05,-0.0030805440911841,96,69,95.19375699732568
7546,845.3678028788828,156570.74701734682,75284.24461102352,76461.41840885964,2479.3929614163353,882.686689884591,528.1027057191823,689.6998922053608,-5.623115216872953e-06,0.0067345950678367,96,69,95.19182994720292
7547,845.3709302192905,156543.84708026645,75274.86096937467,76422.73237636093,2414.5113256908953,853.4929124302726,508.7661853072059,698.7037107580109,6.033924547006572e-05,0.025305148245543,96,69,95.18991372378474
7548,845.3871437048575,156554.46860722045,75312.93533594783,76411.58438537296,2362.400072363438,828.649923743913,491.7698608395003,707.9386934920622,-9.17427961290682e-05,0.0417952717176533,96,69,95.18800829670212
7549,845.3906662475549,156546.71969600895,75289.81529550631,76424.9729457297,2311.853796202864,806.0740223249013,475.2991445863736,713.1560179359221,8.770551255689981e-05,0.0531703730588221,96,69,95.18611363488664
7550,845.4077635395988,156570.3893400638,75275.70134851465,76429.91867661457,2262.872673615464,785.7103235274117,460.7011527866998,719.750799979025,-4.9790163184414375e-05,0.0683861069835706,96,69,95.18422970657068
7551,845.4108111729032,156547.03686263415,75282.03299108634,76425.5117722845,2207.09780405683,765.7127180065581,446.74765116052004,723.7927897100162,-7.354381284240881e-06,0.0730262597694565,96,69,95.18235647929068
7552,845.4270711024625,156548.27934058724,75276.6533798777,76404.5670916902,2150.0921315494925,747.1901952091139,435.5591886501352,730.0138741236296,6.165284466608555e-05,0.0842523794717209,96,69,95.1804939198871
7553,845.4306486883662,156514.12691474322,75289.66941524752,76420.89203701289,2091.136954104004,730.257058754607,426.6193790699472,734.6756412669492,-9.213135592123964e-05,0.1077661944636892,96,69,95.17864199450734
7554,845.4477112840099,156532.02776903086,75325.2721522108,76400.98803196839,2040.6888671997585,717.4895646361401,421.98975991504267,741.1720710531808,8.701902704957507e-05,0.1263770459570012,96,69,95.17680066860652
7555,845.4506964326522,156537.65868549867,75294.17340240836,76413.8838237482,2000.6827085816185,709.788431384397,420.59539025771664,745.5911495101464,-4.82939037277295e-05,0.1479850301089937,96,69,95.17496990695018
7556,845.4669989986562,156519.00887245403,75275.74833624816,76408.7248886222,1980.1138048265711,709.2395584209444,423.57012034906074,750.9079453406448,-9.08237149011484e-06,0.1344188264583748,96,69,95.17314967361484
7557,845.4706410680562,156538.44057392984,75283.29164534544,76425.72503841255,1977.150308442593,715.3759548745584,428.9693683111982,753.9864765369857,6.294506423204819e-05,0.1020365834102799,96,69,95.17133993199104
7558,845.4876398545741,156531.41097295118,75319.59334120098,76410.92708609675,1994.1557672601193,728.1103177363257,437.11629954806995,757.4116851097206,-9.248869240180532e-05,0.0917508372173355,96,69,95.16954064478462
7559,845.4905972955371,156504.2426342641,75297.81831229926,76405.96627852338,2023.512395522208,745.029659912092,445.826305854629,758.724360760214,8.630353640487355e-05,0.0952351717345827,96,69,95.16775177401868
7560,845.5069096524758,156516.07797804012,75282.668407255,76430.31829723553,2062.9523431768175,764.6147821546765,455.6213004103338,760.731686489482,-4.6782061444648754e-05,0.050069491998203,96,69,95.1659732810354
7561,845.5106773109592,156516.6944649044,75296.76138824962,76426.82761479123,2103.1463815316674,783.9589190237166,464.7356353676296,762.0186969340139,-1.0806504690676088e-05,0.0182039339246184,96,69,95.1642051264988
7562,845.5274613363183,156519.27544944736,75272.4933941427,76387.20739908324,2141.4597757166484,801.5990723474679,473.7433148176351,765.1095581942063,6.421547852056724e-05,0.0193975761548316,96,69,95.16244727039584
7563,845.5311485190509,156528.8087016,75281.19207424183,76413.82435323558,2170.85601980309,815.3130487281305,480.8124770371069,768.935206543887,-9.281469960966836e-05,-0.0022550438479391,96,69,95.16069967203886
7564,845.5471336421698,156509.61326793852,75263.21431390093,76423.18553993256,2191.565136045043,824.3845894373808,486.20979045750573,775.1614319577639,8.555929507130368e-05,-0.0053585732142562,96,69,95.1589622900683
7565,845.5505107712249,156498.39036932908,75294.76484665845,76410.54948696723,2200.211026380479,827.3659603724664,487.98706398095237,782.319986614224,-4.525515228484347e-05,-0.004446266152637,96,69,95.1572350824538
7566,845.5675185749035,156511.4877799496,75273.97636101334,76439.46043535513,2199.4357916107983,824.0755212153017,486.5384989728627,790.8121517977852,-1.2526201919680566e-05,-0.0224587852455029,96,69,95.1555180064975
7567,845.5709998523937,156469.8004478335,75265.77833496964,76417.76516179704,2187.076903711946,813.5218194071349,480.39539821850485,798.5993628355209,6.546366921973362e-05,-0.0162565853052988,96,69,95.15381101883568
7568,845.5870709931125,156473.33676953567,75259.10751755978,76395.39894669926,2165.336979899672,796.0420797355473,470.7872300838062,805.4637847632403,-9.310928194234044e-05,0.0092004506283367,96,69,95.15211407544106
7569,845.5904456796842,156478.56656975817,75273.15670259688,76383.93107905617,2131.1628317658324,771.4204191049794,457.2785753268399,809.9918610122113,8.47865670784002e-05,-0.0038735363899335,96,69,95.15042713162582
7570,845.6075207506549,156491.4557786397,75253.66300239124,76403.57160540344,2085.3073843013844,740.886511427947,441.8487702757702,812.2166518912127,-4.371369838926888e-05,0.0114806055138581,96,69,95.14875014204291
7571,845.6108769422342,156454.1745018353,75257.54037649708,76406.34260003005,2024.1813042412978,705.1674835576268,424.42711094010156,811.5556945081626,-1.4240885293286978e-05,0.0268481390316973,96,69,95.14708306068955
7572,845.626991555449,156503.57488678588,75256.49374222431,76376.9590037911,1949.3348595663556,666.3715101918788,407.01430178483133,808.2269642014289,6.6689226046891e-05,0.0216693888337055,96,69,95.14542584090928
7573,845.6304022289918,156490.6340569577,75217.583284286,76383.68001219886,1859.8632475758786,625.8476051324251,389.24915705338935,802.1357733948971,-9.337235484801551e-05,0.026540513690694,96,69,95.14377843539434
7574,845.6475051102547,156489.87224227996,75244.55327919076,76366.50332107449,1760.751897331269,585.8468548747333,372.3832820900134,793.1391850377549,8.398562633478917e-05,-0.0101628385483255,96,69,95.14214079618851
7575,845.6507585368352,156484.91560389215,75207.36119247036,76359.36796062851,1654.6124722877285,547.2841640242987,355.10607554914895,781.1665688290086,-4.215822572523253e-05,-0.0247639846376667,96,69,95.14051287468936
7576,845.6669102539717,156531.32524886908,75269.7024886577,76354.39107677226,1548.8566155338776,511.61647341478965,337.9939950584958,765.7587866001122,-1.594997930238147e-05,-0.0029016425727489,96,69,95.13889462165169
7577,845.6703699084068,156565.82407975986,75236.47895214711,76356.66265946423,1446.6364797591232,478.7119325600215,319.650014537503,747.1676135126909,6.78917462523908e-05,0.0081480076773518,96,69,95.1372859871892
7578,845.6874778155632,156554.67777354826,75226.45889803207,76342.83658381562,1353.485709763132,448.99932549367077,301.06453029610566,724.9740858004079,-9.36038440305449e-05,0.0070798401088113,96,69,95.13568692077816
7579,845.6906404347794,156575.575592987,75225.64686557755,76375.79960449474,1268.9915696514072,421.4658290095249,281.5701911030337,700.0313550019637,8.315675542470988e-05,0.0054459262354891,96,69,95.13409737125951
7580,845.7068316712924,156621.9183362149,75226.74977756284,76357.68024375636,1194.9712817922118,396.21477363005397,262.9577365059813,672.2446109441225,-4.058926501274914e-05,0.027392614427786,96,69,95.13251728684207
7581,845.7103446966072,156645.1723194537,75250.10134764019,76387.28397464623,1128.1830086220289,372.34707308099314,245.02045910607558,643.1367998610076,-1.7652910635168244e-05,0.0281321964436655,96,69,95.1309466151054
7582,845.7274406885207,156681.80752754878,75265.7199339056,76377.33783722068,1069.165222450276,350.53362815345463,229.39502906409325,612.826693787094,6.907083535299575e-05,0.0094865749719762,96,69,95.12938530300244
7583,845.7305216967716,156703.5834825021,75231.55483432386,76358.85139643891,1014.6747610163875,330.4659926397726,215.22859260850237,583.1301650049281,-9.380368609822806e-05,0.0312816370305376,96,69,95.12783329686276
7584,845.7467579345077,156722.8057357971,75245.12394912586,76374.25284888949,966.3874232806847,313.41064629517496,203.4593625641719,553.8266628913698,8.230024671145042e-05,0.0218121843405077,96,69,95.12629054239537
7585,845.7503242089612,156783.22168615984,75238.15795769001,76348.68465913791,921.812580334139,299.0754228310543,192.66615545921377,526.3333053829265,-3.9007351331124506e-05,0.0235111457870876,96,69,95.12475698469176
7586,845.7673943945789,156776.32854527573,75251.85453221962,76404.61291859495,882.5291832639487,288.2424436134752,183.46673815019312,499.64916598409764,-1.9349108014239446e-05,0.0368999017660576,96,69,95.12323256822928
7587,845.7704024760524,156818.25838510075,75236.77233481532,76370.71654796401,844.6305905696354,279.5448645144643,174.41418693450396,474.64730588000384,7.022610661395959e-05,0.0170328049417959,96,69,95.12171723687383
7588,845.7866902048412,156846.3870151659,75273.80824126698,76381.45010460397,808.5574191244668,272.86236776271835,166.45872318791226,449.74186236943933,-9.397182824987576e-05,0.0145442741918939,96,69,95.12021093388309
7589,845.7903066425565,156850.4659154324,75281.71247736723,76347.33174268574,769.6377702745958,266.0681484388624,158.46083352723508,425.71365787819377,8.141640165206773e-05,0.0222955125706129,96,69,95.11871360191004
7590,845.8073392458112,156874.992713526,75261.6335828396,76363.13640569226,729.1493692273507,258.94979454895656,151.48399309554952,401.1750053613796,-3.741302369713056e-05,0.0078254953801078,96,69,95.11722518300584
7591,845.8102833994197,156924.56232280217,75244.40580678717,76374.74761226021,684.2020620568073,249.74687261987128,144.35255326272454,377.4669302518305,-2.1038003009748505e-05,-0.0089875136757627,96,69,95.11574561862324
7592,845.826629122188,156925.88104603192,75276.29297858219,76375.87222543878,639.3044410907314,239.45176125213038,138.30218933420838,353.5773499395873,7.135718154196793e-05,-0.0022089217473837,96,69,95.11427484962002
7593,845.8302904514617,156934.56504268595,75241.88276867494,76359.5419186363,593.8109504979802,227.437390692794,132.35612271606806,330.97428730886895,-9.410822836690942e-05,-0.0003649077924089,96,69,95.11281281626226
7594,845.8472754815443,157008.88485933194,75235.85747182401,76342.08251136569,553.2470259533729,215.57398794604524,127.86060566213564,308.31498487183126,8.050553080415373e-05,-0.0005701608377097,96,69,95.1113594582274
7595,845.8501653239696,157022.65771308137,75242.29338277779,76339.9934846377,515.4354539441993,203.09472599072615,123.62437200476415,286.3022465907561,-3.580682549090896e-05,0.0276727549543539,96,69,95.10991471460824
7596,845.8665749748711,156994.34405194377,75262.67626395242,76372.11862685012,483.59603401768254,191.21158606554673,120.50021128499066,262.6068112861831,-2.27190295151914e-05,0.0048812656927898,96,69,95.10847852391596
7597,845.8702742321465,157052.83020151206,75212.73247654842,76344.18342949868,451.4181180126616,177.5573511459079,116.20414857569267,237.22280033802963,7.246369029950672e-05,-0.0268423984101588,96,69,95.1070508240841
7598,845.8872033855213,157067.58495840177,75266.04650667091,76357.05887489878,418.1431404508767,161.75717804087617,110.2372224664141,207.95970481057884,-9.421285523886504e-05,-0.0250116427884901,96,69,95.10563155247166
7599,845.8900492164138,157108.2888750918,75259.34271160366,76351.08480801241,373.87737872451544,140.25525099714287,99.32444333288004,175.75107685176772,7.95679535392791e-05,-0.054184735063535,96,69,95.1042206458669
7600,845.9065277772369,157143.38402459997,75248.71484055548,76340.83571361136,318.21093462995486,113.41764269799751,83.40155173174571,140.13573198468657,-3.4189303367795214e-05,-0.061949183153395,96,69,95.10281804049072
7601,845.9102566849256,157189.89602146397,75257.64504975431,76342.95129688282,244.99781208101194,80.16780890277005,61.27691858931212,103.99294196261326,-2.439162480111502e-05,-0.0660627645853496,96,69,95.101423672001
7602,845.9271233387392,157223.5579953497,75244.49681372363,76372.34827458394,163.12908192601753,45.691239876818145,36.73124504723819,68.82182408837252,7.354527115348103e-05,-0.0848831698494731,96,69,95.10003747549538
7603,845.9299360809929,157233.1846581047,75234.67040190038,76325.56460320936,79.38257687271107,15.016739491868066,13.438340787251946,38.623278182552895,-9.428568818041528e-05,-0.0848737508148996,96,69,95.09865938551576
7604,845.9464873119898,157262.9802340996,75280.0487501171,76366.50787663161,18.68726492690621,-0.0,-0.0,15.309719901590142,7.860399817522392e-05,-0.0939682820057425,96,69,95.09728933605176
7605,845.950236607043,157291.6429937843,75240.69155352042,76365.1918292939,-0.0,9.744159178750124,2.7935099472815637,2.187978854664834,-3.256100765484036e-05,-0.0929266231596334,96,69,95.09592726054431
7606,845.9670358419928,157293.87435348815,75243.4762234802,76382.68812990857,53.37560382660013,55.913130567991175,29.75093199737603,-0.0,-2.6055229030130365e-05,-0.087970279738301,96,69,95.09457309189008
7607,845.9698269098591,157260.84577293944,75292.40300753518,76386.0091172223,191.00837397848954,141.39878605521517,82.59640269682859,10.11117103236029,7.460157122409853e-05,-0.0875264040425051,96,69,95.09322676244504
7608,845.9864531582033,157273.60337857192,75268.7165936474,76388.64098914994,426.08511723339325,266.9100953670859,161.54121317376848,31.53433027974097,-9.432671758051544e-05,0.0275275379720199,96,69,95.0918882040279
7609,845.9902129000448,157219.18027265256,75320.78640154481,76388.04421320756,743.8643060008762,421.00999089916877,258.83882543447544,63.9047221110668,7.761400172367205e-05,0.2539904143872252,96,69,95.09055734792524
7610,846.0069415217328,157147.7725638841,75284.52403512555,76391.91048424605,1128.3243323714123,591.104691857443,366.10383158677723,105.3568733354623,-3.0922492124372564e-05,0.1996878757562891,96,69,95.0892341248944
7611,846.0097226456805,157113.85743127464,75294.63235842288,76395.97953991924,1539.4226145105204,757.0069069785386,470.1867757081636,154.86889989636256,-2.770928562277046e-05,-0.3374422184178695,96,69,95.0879184651683
7612,846.0264247137452,157111.95313817717,75297.99559960219,76410.85102932488,1947.941088153224,905.0774682118063,562.1286167271028,210.56116728507914,7.563224613048078e-05,-0.3665398929386566,96,69,95.08661029845888
7613,846.0301845836384,157002.0944254332,75279.81441859755,76398.68470417376,2312.7727606277913,1020.8503005258535,632.5976442601241,271.08480802117265,-9.43359437923734e-05,-0.1089463339864718,96,69,95.08530955396157
7614,846.0468411253463,156968.73018330865,75326.71869461286,76412.61928439191,2616.625785738055,1101.6387981627922,679.7458632613125,334.2232656791457,7.659831014226913e-05,-0.1981461841353559,96,69,95.08401616035935
7615,846.0496241521538,156887.09099634684,75280.82699816332,76408.06723611757,2838.6126842183294,1145.607601290234,702.611813801137,397.83060957383714,-2.927431374369616e-05,-0.1755079685586799,96,69,95.08273004582702
7616,846.0664012157507,156819.30061684313,75306.93417665699,76430.53632050709,2986.0055081007304,1161.5802079551067,706.9718330067844,459.277758632059,-2.9353241477878097e-05,-0.1866351662412619,96,69,95.0814511380353
7617,846.0701508122658,156739.99479251183,75286.8499655725,76418.81451492778,3058.5378889280837,1154.748071176582,696.6761089295323,516.2380226186651,7.663696023971331e-05,-0.2168163872172908,96,69,95.0801793641552
7618,846.0867355088058,156758.7459261693,75276.81377268115,76389.12943637505,3078.1593187426333,1136.2296347774827,679.0619191905134,566.8478941236681,-9.431337883109182e-05,-0.2041060120804161,96,69,95.07891465086205
7619,846.0895321907338,156655.51238449133,75256.85912403924,76375.7926683891,3051.7604539559106,1109.4074112237868,656.7910189536924,610.1443662266247,7.555727727030571e-05,-0.2032729033959739,96,69,95.0776569243402
7620,846.1063817607084,156636.7920529822,75280.52851883802,76427.17914305422,3003.0450291513116,1081.5963615615037,634.5385364262911,646.3488922402903,-2.761703247033555e-05,-0.2146630159813347,96,69,95.07640611028698
7621,846.1101108924139,156605.72900559605,75271.9860007195,76360.60842422808,2934.649328043568,1051.407792548911,611.8108557187952,676.3667336262006,-3.098654715356559e-05,-0.2123711072387027,96,69,95.0751621339172
7622,846.1266256183034,156594.1558765914,75266.00971826105,76402.21076708357,2864.154900865804,1022.5538795817265,590.9473131605773,701.9434401439212,7.76153868662571e-05,-0.2084110075806418,96,69,95.07392491996812
7623,846.1294474031673,156551.78588438535,75284.58395017673,76397.33251708197,2788.2552274811896,991.9633019812318,570.4853810651111,724.5755426262331,-9.425904486215714e-05,-0.2226147936918643,96,69,95.07269439270276
7624,846.1463653242918,156571.36844745342,75257.83450377022,76386.88496719704,2720.7080475846305,963.6045018241421,552.9229110015149,745.7896572762693,7.449126586208158e-05,-0.2105234316833633,96,69,95.07147047591536
7625,846.1500642998791,156507.4373434787,75280.00977103022,76399.70256577103,2654.096936121583,934.8949303405534,537.0041423011862,765.8139069470344,-2.5951211265724142e-05,-0.2088043887481281,96,69,95.0702530929356
7626,846.1665124663288,156488.67154207785,75265.56221805073,76375.9963281895,2598.9584296699613,910.1944865414262,525.0576089858077,784.5600508575444,-3.260865710216101e-05,-0.2142340202739287,96,69,95.06904216663324
7627,846.1693703002638,156515.80727453012,75264.70535516854,76353.01060259329,2545.2370404233807,886.7956991741667,515.1373052577837,800.7551562060544,7.85672084577088e-05,-0.2006031640647276,96,69,95.0678376194222
7628,846.1863507802962,156470.0544105176,75264.09537627333,76348.60015078688,2501.6258055387298,868.4403624275001,508.52025132413837,813.5502291908488,-9.41729747264414e-05,-0.1928784042982968,96,69,95.06663937326609
7629,846.1900106970517,156436.66817128484,75248.10277795543,76364.91990220768,2455.1667951996787,850.8914751604316,502.04240647825645,821.6508965230314,7.340064663124338e-05,-0.188151208377779,96,69,95.0654473496819
7630,846.2063971021608,156491.62915026562,75278.82046636904,76366.59011701292,2413.0281812573667,836.5938131149596,496.4428581070679,825.1266034626751,-2.4277415211018415e-05,-0.1838758513079137,96,69,95.06426146974538
7631,846.2093012581422,156441.37446708514,75247.82668247446,76367.5554212616,2363.1540099653066,820.9554224521271,489.1423289780505,824.2576598252344,-3.421902993070562e-05,-0.166855705160441,96,69,95.06308165409536
7632,846.2263369169073,156474.7038533289,75235.58286895306,76361.72334523397,2315.9983478741487,807.147233909418,482.2594859736273,820.8363751518482,7.949211656068246e-05,-0.1877522353664447,96,69,95.0619078229386
7633,846.2299499514953,156485.10849917465,75273.2679907685,76389.27941053988,2262.609766460082,791.5800462128245,474.46416008725646,816.318455916422,-9.40552123692728e-05,-0.1887844431790476,96,69,95.06073989605484
7634,846.2462805752687,156491.89294777386,75276.18390917347,76347.78420337828,2216.9445307950373,778.8346418137953,468.61316570360214,812.8941186933662,7.228579891687675e-05,-0.1691758516270955,96,69,95.059577792801
7635,846.2492405245881,156478.4654060429,75246.12023649184,76369.4723041342,2173.272824065527,766.8024053191912,463.47090643673437,811.6825427301519,-2.2596212355268063e-05,-0.1781658097433163,96,69,95.05842143211636
7636,846.2663224468697,156453.32722392934,75280.21727312515,76385.66974421295,2146.9996085055172,760.8558749337972,461.35831621603575,813.8751882738143,-3.581712830480935e-05,-0.1844689193437304,96,69,95.0572707325278
7637,846.269882159157,156480.08626936295,75266.61249789552,76390.89680087943,2130.198940638278,758.2181608472602,460.0986474319652,819.2493635283026,8.038981193599232e-05,-0.1918693877156928,96,69,95.05612561215398
7638,846.2861638879518,156474.02457732812,75276.4227114623,76401.8716611028,2134.4796698377468,762.808431672529,461.37159964311286,827.6943228493328,-9.3905811839622e-05,-0.2231171328353122,96,69,95.05498598871078
7639,846.2891882409185,156451.75199070774,75267.17815060925,76373.54552183118,2147.953697455174,770.2830362698587,462.97545470049954,838.1388124008954,7.114710911707047e-05,-0.2619752608871781,96,69,95.05385177951584
7640,846.3063060045214,156439.22592597554,75283.80241727893,76357.78617931431,2178.069633751933,782.9855600730807,466.8218619201798,849.8904615555075,-2.09081725808472e-05,-0.2986826024286625,96,69,95.05272290149396
7641,846.3098076799612,156420.06638528936,75247.93131679897,76329.60932577208,2208.3864292837097,795.0299958290416,470.74109986858093,861.6258141112048,-3.740241899833717e-05,-0.3292961071012326,96,69,95.05159927118169
7642,846.3260479280617,156431.94594936867,75230.3832488548,76360.84253875271,2243.812828213733,807.9971949582541,476.4982938376779,872.5841184487508,8.126000440592848e-05,-0.3291394978249176,96,69,95.05048080473294
7643,846.3291444914923,156431.90002737727,75250.35458738766,76363.74311395653,2268.393866385566,816.2907083797763,481.62057083073887,881.7430059112376,-9.372483823681404e-05,-0.3309065429437862,96,69,95.04936741792348
7644,846.3462861140603,156386.0412280446,75244.41160692215,76387.01479017954,2288.8844370487495,822.1319262497564,487.17789648778853,888.5849104775116,6.998497230719744e-05,-0.3185789846886853,96,69,95.04825902615627
7645,846.349727204724,156394.60894371447,75246.33653433296,76364.66332032706,2291.0574205645244,820.4839652004885,489.71943688197643,892.4887900046888,-1.9213868090258345e-05,-0.3102906680355764,96,69,95.0471555444665
7646,846.3659333584287,156415.67256778773,75259.56999225856,76361.11778491845,2283.909923767962,814.3434116080316,489.65488645562436,893.320323477732,-3.897437376594054e-05,-0.308610837572756,96,69,95.0460568875269
7647,846.3691094114722,156401.64962260766,75250.22843118465,76378.26868906064,2256.063370206335,799.8400249019178,483.6475303566258,891.1449905782065,8.210241341752483e-05,-0.3022503284279242,96,69,95.04496296965276
7648,846.3862610889691,156396.94818828377,75234.311904046,76350.98446270882,2218.144261110807,780.8649411101214,472.85321139133885,886.267444382247,-9.3512367102473e-05,-0.3005106125685316,96,69,95.04387370480728
7649,846.389641904831,156426.94028883075,75222.6470468797,76391.93135192567,2159.2641950646066,754.1722368205083,455.245274370478,879.1871992418892,6.879979099427423e-05,-0.2804964075535398,96,69,95.0427890066064
7650,846.4058203958465,156412.50423012633,75212.0669890287,76342.70286279,2091.1464015827514,724.4077660679759,433.82656733784825,870.2198860482022,-1.751387299046428e-05,-0.2846556687341647,96,69,95.04170878832484
7651,846.4090834431189,156439.9054455044,75215.00450956996,76341.88773849625,2005.4497685059905,689.3442897316127,408.56900852007675,859.8417518237256,-4.053246899744246e-05,-0.2808986556183384,96,69,95.04063296290064
7652,846.4262287396139,156466.78147575713,75234.29959987057,76332.76623217209,1915.6961089616525,653.952791243224,383.6502653491916,847.8342031633947,8.291676812889873e-05,-0.2585272070497967,96,69,95.03956144294048
7653,846.4295538331467,156468.48904341654,75230.48883422355,76340.06108192347,1814.4375497716828,615.6699228909129,358.95120720216073,834.3042226819962,-9.326848482306848e-05,-0.2665615797105252,96,69,95.03849414072548
7654,846.4457082446066,156459.4518970805,75230.97795994696,76350.75795549071,1715.8535675145686,578.8749943945149,337.42457601815113,818.6250749510946,6.759197535724058e-05,-0.2665124048425024,96,69,95.03743096821658
7655,846.4490680770997,156472.20189240127,75270.08519164688,76325.35717053655,1613.3483340931125,540.6632223631896,317.1205403122585,801.1779863998818,-1.5808762358683653e-05,-0.2795839520765592,96,69,95.0363718370591
7656,846.4661853958038,156539.11506578178,75239.22707994223,76340.34816794602,1519.9712543739588,504.76569019060116,298.9717188194045,781.7142651874747,-4.207618624689914e-05,-0.2824255088470125,96,69,95.0353166585893
7657,846.4694673179943,156516.33672221733,75222.15425564455,76353.52087320047,1427.1201599208289,467.85568998238887,279.7743712445954,761.4992482640664,8.370280676704142e-05,-0.2789321090619946,96,69,95.0342653438388
7658,846.4855930306474,156564.4177682695,75236.10598940855,76359.37140318369,1346.1361011055415,433.729415565409,260.61054269465967,740.7060147521552,-9.299328788267868e-05,-0.2869936369893762,96,69,95.0332178035404
7659,846.4890689516211,156580.50277548085,75231.06747203963,76342.3239181094,1267.922028363566,399.7691448878322,239.7717244104133,720.8433150282071,6.636194255097748e-05,-0.2768358615014293,96,69,95.03217394813412
7660,846.506121039893,156598.82913555458,75224.21504459095,76342.93232181248,1202.1093810597085,370.00045713898726,220.09471936227055,701.3727540364198,-1.4099113747766707e-05,-0.2701013193078359,96,69,95.03113368777144
7661,846.5093972336714,156605.18282087735,75232.53207316587,76325.03385046175,1137.9179078090237,341.8751124126138,201.24101018719375,682.9920001789578,-4.3605011304941385e-05,-0.2615177928689955,96,69,95.03009693232228
7662,846.5254522545879,156645.96241783063,75229.49218149587,76336.29904299232,1083.6688612224534,319.2713999563275,186.50722907338059,663.850106862199,8.446027757202236e-05,-0.2710471956396524,96,69,95.02906359137928
7663,846.529130380112,156638.22204136796,75211.03401668595,76339.70559778975,1028.5980820219847,299.56481029353745,175.01490348871448,643.9702766339469,-9.268688347264244e-05,-0.2628662495174396,96,69,95.0280335742642
7664,846.5459039135384,156674.38031332954,75248.68612866617,76360.90278699914,979.840613182052,285.6152065551869,168.3350004508684,621.1202536506171,6.511011800052837e-05,-0.2412012663050135,96,69,95.02700679003324
7665,846.5485591976492,156679.7269633082,75218.3199602819,76344.52904206236,926.4270279001212,273.6453949696006,163.5822805383068,596.0932351580705,-1.2385505214982407e-05,-0.267540893645896,96,69,95.02598314748222
7666,846.5654679185898,156733.8144175047,75222.46298298618,76332.1236911089,877.1524393816944,265.61850731981394,160.9162997964595,567.3880473856116,-4.511843611398152e-05,-0.2824102084912638,96,69,95.0249625551532
7667,846.5690847172951,156766.853923052,75191.67653793223,76328.43999398318,822.725326798216,256.92060290044174,156.72227295447374,537.1724476962991,8.518893852025782e-05,-0.2613222566289648,96,69,95.0239449213391
7668,846.585802091735,156787.00082170166,75193.3032180257,76336.88453255837,772.4641505172476,248.7684416500124,151.25287168694194,504.6458329601446,-9.234938940795305e-05,-0.2581756198567126,96,69,95.02293015408998
7669,846.5884667665302,156832.5597603781,75213.16950927261,76285.5115951591,718.633680828556,237.1466766231897,142.15942599522532,472.5116515093541,6.383693328316778e-05,-0.2510153436103127,96,69,95.0219181612187
7670,846.6054474013563,156837.43608318336,75205.98155369367,76331.53834560278,671.1663590357639,224.6008855624532,131.54208434946486,439.32340009423206,-1.0668516386555046e-05,-0.2356577623336724,96,69,95.02090885030594
7671,846.609046579693,156879.34572283996,75219.22575561678,76327.25098781147,622.2505309419939,209.029302703726,118.85551652187132,407.31117904649,-4.6615957704796896e-05,-0.2354223885937484,96,69,95.01990212870724
7672,846.6256901095908,156929.18445918884,75226.60823932389,76321.27992895774,580.1416783522,194.37118819067837,107.21788604272297,373.977627740911,8.588855738460386e-05,-0.256398311727621,96,69,95.01889790355752
7673,846.6283841492401,156942.60098901697,75220.3429700811,76320.72481189943,536.6774951351108,179.6269383282779,96.31563711725175,341.0084492647147,-9.198093392609492e-05,-0.2514335775796238,96,69,95.01789608177744
7674,846.645428852788,156986.59839296568,75250.37067665397,76341.86672336531,498.90081305993954,168.1627919770981,88.32740794323036,305.0433056296315,6.254282749452651e-05,-0.2522326321391998,96,69,95.0168965700789
7675,846.6490019652193,157018.97958034844,75235.08467758833,76346.76410719562,457.102017711557,157.03472883631184,81.16594142411486,268.0908562898112,-8.948727145639426e-06,-0.2674242898998489,96,69,95.01589927497146
7676,846.6655751556426,157062.16673946864,75266.3020922414,76344.41439893705,415.3557469667285,146.4656428322487,74.92593771105749,227.17315145558678,-4.809707864732445e-05,-0.2588028854809895,96,69,95.01490410276716
7677,846.6683086410548,157103.22354176152,75248.25985651744,76357.95248952137,363.0513664035243,131.37950271571754,66.30326490246807,185.5759149379155,8.655891178920204e-05,-0.2555422341327188,96,69,95.01391095958726
7678,846.685412945483,157145.0087184204,75255.22808877178,76357.57696900466,304.17513762624003,111.25910977838794,55.304103505128296,141.31538709576125,-9.15816553570012e-05,-0.250658211268575,96,69,95.01291975136778
7679,846.6889494837349,157182.94530486633,75263.51827337324,76375.78670253835,231.30213811562862,83.13639469616464,40.07978540050681,99.7293469987635,6.12282465500094e-05,-0.2417052722037689,96,69,95.01193038386516
7680,846.7054589143232,157201.72270181513,75254.57558865477,76368.44424491054,154.32937126030447,51.11689818376908,23.484906863595825,60.272715285391314,-7.226718698540684e-06,-0.253045509815873,96,69,95.01094276266244
7681,846.7082402251234,157289.26427502604,75257.33466919861,76364.57763209172,76.92085442476673,19.60579977380985,7.828850315185264,29.67603220581077,-4.9561307399435146e-05,-0.246282454896417,96,69,95.009956793175
7682,846.7253987175925,157255.10673285832,75283.8961033524,76366.977128759,20.66292713896837,-0.0,-0.0,7.343876846018247,8.719978921597888e-05,-0.2453550909832047,96,69,95.00897238065672
7683,846.7288888367776,157272.46167738488,75223.33189647351,76344.2902567101,-0.0,2.1121631413843716,4.980714536621235,-0.0,-9.115170256901618e-05,-0.2554140925804563,96,69,95.00798943020546
7684,846.7453425538982,157287.2563019049,75260.94143050807,76351.83075024364,41.17122974363156,37.86334761908802,29.560401257273043,5.435746798990294,5.98936428790696e-05,-0.105824741705484,96,69,95.00700784676977
7685,846.7481790541779,157235.3724829474,75250.66031599959,76361.21768922838,156.77843041624874,112.35136130568571,75.60863942254218,28.278175478073535,-5.503072572760227e-06,0.1183081382127771,96,69,95.00602753515366
7686,846.7653849687445,157230.37051779358,75228.57895851346,76344.5263963826,360.3062778127496,226.7923451493698,143.70188526192214,63.06745251570828,-5.100815810754134e-05,-0.0166984881851594,96,69,95.00504840002414
7687,846.7688200305835,157171.44950700385,75233.3714138684,76337.07658413134,643.7717829307076,372.56620762019884,227.98431521843304,112.29535383934854,8.781098745301511e-05,-0.4840633282493036,96,69,95.00407034591596
7688,846.7852271774417,157115.88747597937,75230.98228082283,76326.30558021428,994.5749618091504,537.0510160631384,321.7390547666291,168.31896518403664,-9.06912348292818e-05,-0.441930903554039,96,69,95.00309327723788
7689,846.7881251512794,157009.28468620588,75184.8478168121,76303.26288309344,1381.5918616516283,702.3268261148478,414.6614436574746,232.68287814274663,5.853947572979377e-05,-0.2238278685229431,96,69,95.00211709827914
7690,846.8053704743998,156942.84996258924,75174.42231095154,76326.48460140947,1775.2058340141666,852.5832222103054,499.2182645474677,297.43768507186905,-3.778370162934965e-06,-0.2835427522042142,96,69,95.0011417132154
7691,846.8087432559353,156903.14785735062,75185.40219170655,76317.1996096624,2139.2655798562337,974.0811396434437,568.0666855466552,365.7461773857358,-5.243715155478239e-05,-0.2451364383795011,96,69,95.00016702611411
7692,846.8251138753269,156864.7106030331,75176.46681642532,76291.51272915346,2450.1620391413453,1060.3032871145115,619.0377823087329,430.92204477486666,8.839231418187116e-05,-0.2317383787507604,96,69,94.99919294094158
7693,846.8280783591821,156783.83331689873,75189.82547294728,76300.45161580325,2688.3803570392774,1109.7597209242085,651.0208168229146,497.06391377863474,-9.020042119162856e-05,-0.2314312560655727,96,69,94.99821936156827
7694,846.8453540457615,156703.30373367315,75198.48917885614,76291.2041655339,2850.3914345750236,1127.0680900599255,666.8280051026377,557.3608947261819,5.716621035413972e-05,-0.2219295597567477,96,69,94.99724619177516
7695,846.8486588636599,156647.9481725991,75192.66028965166,76282.2035263344,2937.032198795583,1119.0837685168954,668.3718899620872,616.1757385197852,-2.0531931950737987e-06,-0.2317851562794219,96,69,94.99627333525996
7696,846.8650037126954,156575.2191432182,75198.54909633,76288.33959158786,2960.0448311769287,1094.2783686632756,659.4466588714276,666.2627257303393,-5.384781390396231e-05,-0.2062154743915223,96,69,94.9953006956432
7697,846.8680383370486,156537.007436656,75183.79094131535,76262.41974995898,2930.7391605888843,1059.8652767300518,641.9154749728041,711.9535364079347,8.894358724063929e-05,-0.205332443303695,96,69,94.994328176474
7698,846.8853345600471,156502.2575736915,75173.21305057441,76301.95993100511,2864.747363554605,1021.6194269805274,618.9623381076672,746.5719484984584,-8.967944133716952e-05,-0.2090279417021832,96,69,94.99335568123664
7699,846.8885673557636,156488.16266550345,75167.4516987016,76308.15099333513,2774.030219780805,983.1856911027717,592.0697486069985,776.4905162163777,5.577431851848052e-05,-0.1984224397839314,96,69,94.99238311335648
7700,846.904897704573,156454.9174752733,75146.98841408729,76303.37985961742,2671.767032594362,946.5250003128167,564.2587985820719,796.5915918324026,-3.28123742374942e-07,-0.1979770551089675,96,69,94.99141037620608
7701,846.9080045699133,156426.8686048953,75182.22911455129,76269.47216231277,2567.147079051414,912.5965220990765,537.0913800454291,814.2591061640123,-5.523967846534696e-05,-0.1861186724095544,96,69,94.99043737311152
7702,846.9253109835639,156430.16772659568,75155.79997434514,76271.38212242215,2468.7941593239666,881.3760774637776,513.157978213334,824.6900121129584,8.946463491708342e-05,-0.1576816518061124,96,69,94.98946400735868
7703,846.9284693768356,156417.7113236676,75153.38428147598,76271.39020097222,2381.2283716836246,852.9845961510437,492.9769790832652,835.4978732950694,-8.91284848963139e-05,-0.1714924339614235,96,69,94.98849018219882
7704,846.944796789821,156396.49036408827,75142.68577926929,76263.85926419553,2306.894077227742,826.7267391517962,477.2880754854996,840.870501276484,5.436427811757477e-05,-0.1874731075832544,96,69,94.98751580085523
7705,846.947976383497,156400.1175563522,75118.46686949569,76292.91117955749,2244.6709355773637,802.4816183695657,464.54068893479416,846.9945064369531,1.396257156221392e-06,-0.1410871948630604,96,69,94.9865407665296
7706,846.9652823920297,156377.47070656912,75140.97098555819,76263.78852126739,2191.3477306636632,779.1182886694442,453.55789543298306,847.1646314202808,-5.661228490531047e-05,-0.1320862607095623,96,69,94.98556498240788
7707,846.9683657025845,156390.3528814549,75130.42388484172,76269.33086767014,2142.7192291746615,756.5397990685888,441.97803223412484,847.9043029539462,8.995529542242935e-05,-0.1286892404425502,96,69,94.98458835166646
7708,846.9847018066627,156401.40174822888,75154.62627067088,76271.68279527395,2094.3433247009525,733.6802269238979,429.13773652366945,842.9481088091852,-8.854775118398617e-05,-0.1163247340289453,96,69,94.98361077747862
7709,846.9879529626841,156364.4193357545,75135.86103436344,76275.1110801689,2044.0956403667806,711.2101930612989,414.52879075490637,839.4914105316566,5.2936572675624494e-05,-0.1176384968190385,96,69,94.98263216302053
7710,847.0052479883141,156395.48734076915,75127.2194988218,76283.21395174036,1991.116043256654,689.1004639361054,399.7207812438719,832.4459717658465,3.1193684809640884e-06,-0.1182207983988114,96,69,94.98165241147774
7711,847.0082572255394,156417.93581178228,75153.0628212449,76305.89180814302,1938.5600737173809,669.5233635256736,386.1915624628018,830.2121787225769,-5.796517940401793e-05,-0.1120914606223374,96,69,94.98067142605112
7712,847.0246134701775,156415.21174827547,75138.92764140005,76215.99114682298,1889.7812835572404,653.3633067863848,376.3897919237497,827.5700993660721,9.041541749690783e-05,-0.1097942686865005,96,69,94.9796891099633
7713,847.0279333737493,156375.47265041817,75125.7514550094,76254.89340253646,1851.0457852759864,643.1549354951421,371.4579768283875,831.6542637011153,-8.79374498361237e-05,-0.1443342889963285,96,69,94.9787053664648
7714,847.0452071164694,156381.43698688914,75117.91613154515,76243.27718623372,1825.942072658916,639.1082092925062,372.2378714005172,835.9563024035597,5.149169151217464e-05,-0.1812297184818578,96,69,94.97772009884036
7715,847.0481449393865,156365.6648880239,75120.58670664861,76260.24676417132,1819.0138092312263,642.5633049246971,377.80218011618126,846.4038542661874,4.840630213601748e-06,-0.2052268632465823,96,69,94.97673321041512
7716,847.0645323508106,156365.71544113642,75125.29061808455,76225.68795440528,1829.344662224641,651.8015378419805,387.0108044540975,855.0529266743397,-5.929791496465857e-05,-0.221904246348451,96,69,94.97574460456087
7717,847.0679165917383,156358.1218890263,75121.20158937505,76241.37490479495,1856.29816517391,666.3401339504926,397.78366554770037,866.6979034444375,9.084486025761486e-05,-0.2436054593339675,96,69,94.9747541847025
7718,847.0851592691855,156339.5212969154,75082.27980643754,76266.49017143625,1893.5984352070955,682.9069721120613,408.67074871531804,873.694981702487,-8.72978002974284e-05,-0.2597007388891628,96,69,94.97376185432402
7719,847.0880299254271,156323.5564433514,75105.80342498989,76217.73428884697,1936.9978635378066,700.3211837869021,418.20636730248225,881.833338937111,5.003012965942061e-05,-0.2543764862746508,96,69,94.97276751697494
7720,847.1044588502632,156303.6955281556,75106.38595153006,76226.3035228768,1977.8483696226613,715.1073561964586,425.90040781899006,884.4396414263756,6.559463028607251e-06,-0.2502781941965484,96,69,94.9717710762762
7721,847.1079015376793,156306.3465393782,75116.04731910555,76246.8014026736,2012.0007154146442,726.7097061739187,431.2600381815573,888.0210648437205,-6.061005215658254e-05,-0.2469437759212893,96,69,94.9707724359274
7722,847.1251040817054,156334.2036529372,75101.51441425346,76232.1123360047,2032.6517914215801,732.6845093967713,434.22152656514663,887.0802776665951,9.124349314398576e-05,-0.2458061857960649,96,69,94.96977149971168
7723,847.1279133505162,156352.26907944726,75078.6355171682,76255.15386282555,2039.2566135668894,733.723150474747,434.27924497873755,888.4797521479486,-8.662903182512131e-05,-0.2484122687765512,96,69,94.96876817150338
7724,847.1443931634697,156310.7172509572,75092.12115709657,76247.9395058465,2028.482450476382,728.0888533832185,430.93633248022525,886.057962497347,4.8552387439161935e-05,-0.2618469560936723,96,69,94.96776235527328
7725,847.1478871406073,156272.78292985717,75110.6265315295,76270.15830787273,2003.1538718481897,716.9083661273035,423.3559304988885,885.3247290650907,8.275288633671732e-06,-0.2600464529454742,96,69,94.96675395509514
7726,847.1650412909163,156329.65038438054,75104.16316192734,76239.2471934487,1962.2206341230776,698.6629800847732,411.02269022227847,879.7597316510801,-6.190115794273184e-05,-0.2458355953296009,96,69,94.96574287515266
7727,847.1677965056329,156318.03482520368,75088.34239106004,76221.55509649026,1909.8487212419277,674.8628708638425,393.8080915050232,874.6355573919427,9.161119621097688e-05,-0.2476888989717761,96,69,94.9647290197445
7728,847.1843351871878,156309.98699714983,75099.12969758314,76234.6509292115,1844.8261014109012,644.4504288823664,372.43807421872043,863.5671076250728,-8.59313830991841e-05,-0.2613090182285837,96,69,94.96371229329188
7729,847.18787247948,156362.4754871312,75094.39259871628,76210.20216004222,1771.1238806742476,609.9037288332038,348.4107518006349,852.0293809372524,4.705897024061557e-05,-0.2585316120330173,96,69,94.9626926003436
7730,847.2049705802283,156354.87847006717,75110.74003568357,76229.1049503825,1687.7426882080035,571.4055454431946,323.83452841234975,834.8672841250955,9.987530211839128e-06,-0.2384629360002482,96,69,94.96166984558334
7731,847.2076810004652,156370.8325622417,75117.92505922186,76245.48488005246,1599.620504220191,532.5265175545792,301.0166265764565,818.0714227849385,-6.317080696007338e-05,-0.2609977334321661,96,69,94.96064393383536
7732,847.224284205852,156397.3761201159,75113.14851527502,76206.8673520169,1506.5582196426112,493.7018076394161,281.8184717944532,796.7081845633511,9.194785976746244e-05,-0.2671355188612667,96,69,94.95961477007091
7733,847.2278572604941,156383.68196745994,75064.43841887353,76194.00149130484,1414.2688058865024,458.02729712132714,267.35257619817276,776.4465302680328,-8.52051027920645e-05,-0.2629339407785501,96,69,94.95858225941464
7734,847.244890912896,156420.7486212007,75074.82946886003,76226.66005278751,1322.7179284020676,424.86059772806766,257.45452923164703,752.9032849202922,4.555038885925459e-05,-0.2787437217670152,96,69,94.95754630715048
7735,847.247569750722,156460.89396827522,75057.54934644351,76200.41299515085,1236.893093653256,395.90025478646567,250.99482899071882,731.4970420480822,1.1695612194631774e-05,-0.2621756768678056,96,69,94.95650681872824
7736,847.2642372962766,156491.28326972935,75054.91527796254,76160.04911174752,1155.0302581626456,369.0908398278698,245.79916826135013,707.611106655706,-6.441858141629427e-05,-0.2534476264503893,96,69,94.95546369976992
7737,847.2678444776056,156478.99818071062,75058.10980707766,76246.31451031624,1080.5150189619162,345.3394032878714,239.68291809002403,685.8813336323074,9.225338465984724e-05,-0.2573324027505522,96,69,94.95441685607548
7738,847.284795913013,156514.83779633485,75089.18154254305,76201.15390902737,1010.5621803175891,322.55597158860473,230.61321344639873,661.8131281335955,-8.445044895239291e-05,-0.2400587415129878,96,69,94.95336619362986
7739,847.2874757669739,156544.28781657602,75089.15287990546,76201.01209068537,947.8324482294265,301.99874924926553,217.84706429892685,639.3394102028687,4.402715877742594e-05,-0.2511227398683667,96,69,94.9523116186083
7740,847.3041699816667,156540.41187299724,75072.69807494349,76236.38692987239,888.8005939297727,281.94907057310047,201.53655781407724,613.8005002375576,1.3398961149114352e-05,-0.259470909512846,96,69,94.95125303738338
7741,847.3078969264553,156582.8489691023,75045.8735719887,76216.61559288306,835.5977947902866,264.0091501959105,183.29326446721097,588.7109822129423,-6.564407064651026e-05,-0.2695839302613211,96,69,94.9501903565308
7742,847.3239866320732,156625.289463523,75049.25547131943,76201.43148428055,784.5916690793238,246.7977451547049,164.91799772254308,560.2816785891773,9.252768245961476e-05,-0.2647524110571828,96,69,94.94912348283589
7743,847.3271894028982,156634.77617105222,75061.01234340227,76206.86732664432,737.299061043188,231.74712819403794,148.4808827789675,531.6457440799277,-8.366768895246213e-05,-0.2512889731880256,96,69,94.94805232329924
7744,847.3442561080276,156674.00233115515,75073.50311760344,76189.09223093464,689.9353287941194,217.2306393670151,134.93235039524734,499.36159211589256,4.24898000230736e-05,-0.2474153259502425,96,69,94.94697678514396
7745,847.347747992923,156699.64404142398,75046.60337677204,76176.7878785641,644.773032121826,204.61658016357978,124.77454914705595,466.4442611031118,1.5097004848703558e-05,-0.2106039749510426,96,69,94.9458967758208
7746,847.3639230082379,156743.4720071013,75062.13867353278,76207.60773938609,599.3000716013485,192.29582212828973,117.22606456902577,429.95225648075575,-6.684687208948371e-05,-0.218606010203791,96,69,94.94481220301503
7747,847.3671133732857,156789.88849696066,75075.1668457482,76233.37409207564,556.9893567627878,181.6367970208521,111.58778174157487,392.57691476121545,9.277067514712487e-05,-0.2519884080093463,96,69,94.94372297465242
7748,847.3842657249395,156805.63086041904,75035.99935075219,76203.7981859333,516.5730821106117,171.19012296209985,106.57730306484154,352.2963070818223,-8.285709996772742e-05,-0.2224353977940091,96,69,94.94262899890536
7749,847.3876322486894,156820.9769233643,75066.44106934335,76229.17028799737,481.95824311330216,162.3651522621367,101.66340467400732,312.257755758299,4.093883756913769e-05,-0.2501641915444825,96,69,94.94153018419908
7750,847.4038376255927,156879.02092014227,75095.28417116856,76230.34008984949,450.7709538814379,153.31953506091668,95.91202631802298,271.6135251906526,1.6789173582201003e-05,-0.2602666673306558,96,69,94.94042643921796
7751,847.4070617594201,156958.9007609155,75085.1800100694,76228.78610092313,423.6454383053351,144.42341439287702,89.10787902845186,233.25326087750727,-6.802659094009936e-05,-0.228159679469211,96,69,94.9393176729116
7752,847.4242578037222,157007.5470789316,75067.2299956871,76246.01901729406,394.2415935387253,132.76826386063476,80.45137743485975,196.43442371170386,9.298229544245177e-05,-0.2318873379662167,96,69,94.93820379450078
7753,847.427520379806,156998.40547666853,75069.36062603047,76220.75473391738,359.55386438581627,117.96494950742635,69.85985064308625,162.58241186436499,-8.201896773437453e-05,-0.2301377035991588,96,69,94.93708471348388
7754,847.4437491471983,157035.33863164255,75078.58822642757,76233.00951313096,311.98378618829884,97.2927190324408,56.731258532061474,130.204835199198,3.937480015287045e-05,-0.2272745048960533,96,69,94.93596033964292
7755,847.4470223514699,157038.51234534956,75104.11048763338,76259.46267714423,250.83180208090926,71.92535337868321,41.60044118476799,99.46951389621245,1.847489964399793e-05,-0.2328181907720154,96,69,94.93483058304948
7756,847.4642394135747,157089.54971183962,75094.49406589005,76251.84960810459,176.16751339001348,42.86652087244147,25.16325279584271,69.84084148198599,-6.918284022078146e-05,-0.2199620415238681,96,69,94.93369535407136
7757,847.4674073676383,157110.71296857402,75098.64550834238,76213.83251030093,98.91959374520229,16.614130262634717,10.14997588886763,42.515769691060996,9.31624863482621e-05,-0.2012231451587264,96,69,94.93255456337768
7758,847.4836627584638,157159.77137766895,75099.96989647894,76232.95219002984,32.76440834993264,-0.0,-0.0,19.755068922502687,-8.11535878669933e-05,-0.1111662028151206,96,69,94.93140812194622
7759,847.4869909822464,157165.16814079098,75085.50802547722,76226.44532629885,-0.0,3.6903552589647006,0.09367127905716188,4.293895756301936,3.779822119966735e-05,0.111465900962747,96,69,94.93025594106852
7760,847.5042124010774,157171.50760547147,75084.82669182503,76235.75997777098,20.67953378747916,35.442671194527065,15.309440808778163,-0.0,2.015361816743844e-05,0.145181933449526,96,69,94.92909793235624
7761,847.5072919794601,157185.27248462423,75061.3755828544,76238.61958073729,114.51130497537088,101.9088838751195,50.20271717145806,8.409912255767267,-7.031524104881858e-05,-0.3634641947162729,96,69,94.9279340077474
7762,847.5235809118078,157115.26103087352,75079.53749908655,76225.43402364616,289.4170961246127,202.15686238606577,105.87172374935471,32.046058103005635,9.331120200054486e-05,-0.4839329918746813,96,69,94.9267640795123
7763,847.5269652762503,157095.5764118674,75086.42356391893,76241.15691734782,544.2438608882949,331.00143126350304,180.6071402792877,69.05432902864413,-8.026126429274823e-05,-0.198743594323686,96,69,94.9255880602594
7764,847.5441773233341,157042.23905727323,75089.6932726652,76207.34445672709,862.5163609700394,475.9462222716247,268.12680291579454,119.29992466501426,3.620963778797185e-05,-0.2628486408585989,96,69,94.92440586294144
7765,847.5471741749884,156995.80363716857,75075.94081023302,76187.33946796933,1220.0761716666748,623.3699096914934,360.25246838794556,177.26782823420945,2.1824766243224744e-05,-0.2301994996800115,96,69,94.92321740086128
7766,847.5635050703576,156943.23969750878,75067.52105952102,76214.27834458461,1584.8951025202405,757.8792256825254,446.89844400656875,241.276355170412,-7.142342300759814e-05,-0.2010444403633851,96,69,94.92202258767826
7767,847.5669434277601,156873.32618831983,75059.9952075509,76203.45809483371,1927.7008874728926,868.9082329671364,519.9899928223749,304.3212257196428,9.342840671264968e-05,-0.2237109412028542,96,69,94.9208213374142
7768,847.5841343650068,156806.3759528149,75030.27084257004,76192.41768518592,2222.8673255721806,949.1551508809789,573.3580757349846,365.04445859979023,-7.934231068353948e-05,-0.210230249398111,96,69,94.91961356445816
7769,847.587054413704,156768.9990125882,75057.04503440937,76257.24006718313,2455.665421243466,998.3420463414805,605.4695927444554,416.7391454044555,3.460959109480852e-05,-0.2193874460019504,96,69,94.91839918357448
7770,847.6034362031834,156698.41126691143,75104.22696916989,76206.88708575541,2618.970083640772,1018.8531995176163,617.2454978299793,460.67067919729743,2.3487784303527005e-05,-0.208293942187168,96,69,94.91717810990666
7771,847.6069238313297,156694.63053829942,75071.38808845784,76235.33047486487,2715.6617230818374,1017.2193203320057,613.1016332672443,492.701792489941,-7.250702372542053e-05,-0.1956079486938968,96,69,94.91595025898432
7772,847.6240836588497,156649.6084944267,75095.38843659703,76211.18973948252,2752.66313116299,999.1382091381965,597.5854435381189,517.2962587256043,9.351407581468e-05,-0.1828991057954731,96,69,94.91471554672898
7773,847.6269333828568,156642.22913610624,75097.75999840356,76241.34399096409,2741.661324136716,971.1949617762875,576.2344861582678,532.1986085855751,-7.839704884429284e-05,-0.1955130909819608,96,69,94.91347388946008
7774,847.6433749779025,156680.74057184096,75109.06933887285,76286.75524342924,2693.683604125923,937.1585076603951,552.5205142847262,544.0267459805182,3.29986252628878e-05,-0.2010180513542389,96,69,94.91222520390002
7775,847.6469049387415,156627.71742106942,75107.40715673883,76284.2743274401,2620.9907098210533,901.0329210839409,529.7469547069632,550.7640156923735,2.5142115664970485e-05,-0.1811399147372533,96,69,94.910969407181
7776,847.6640254360003,156624.50605118676,75159.09104001673,76253.70186910115,2533.2572350950795,864.4267208511883,508.80361895426176,558.2310864717874,-7.356568938401221e-05,-0.1762253316353618,96,69,94.90970641685044
7777,847.6668118479095,156638.0847796672,75116.33162223705,76272.09281281238,2440.1422210728633,829.7468255945423,490.7400745759369,562.2577191921882,9.356819474720638e-05,-0.1793521212736336,96,69,94.9084361508762
7778,847.6833218655776,156617.98427179686,75135.83371073597,76289.96742037214,2347.779196381569,797.3530189174053,474.6130232970754,567.586963199632,-7.742580958428114e-05,-0.1863384411789068,96,69,94.90715852765348
7779,847.6868851835161,156627.53466895776,75123.34762242353,76301.35155382937,2261.5338197877863,768.479004870489,460.3345427714521,568.9482148717507,3.13772888756874e-05,-0.1702881050595685,96,69,94.90587346600992
7780,847.7039601257651,156623.05532994398,75157.83976555635,76290.13631705956,2182.6906953825383,742.274709295365,446.41860327642644,570.7263531550416,2.678720677094449e-05,-0.1584317968622437,96,69,94.90458088521102
7781,847.7066905322209,156614.37742411828,75167.0231930138,76293.5456587413,2111.7384709707694,718.7348044624232,432.8503229243215,567.7395237043966,-7.459907493284427e-05,-0.1299697362897804,96,69,94.90328070496663
7782,847.7232772341915,156625.6343654576,75147.01468008738,76287.24841602688,2045.7478090023506,695.9671853702166,418.54497701174114,565.9137050882273,9.359076007690004e-05,-0.1579678510511536,96,69,94.90197284543642
7783,847.72686290769,156681.16313309936,75187.8361186294,76303.07859409167,1983.0523065823945,673.6463438501523,404.3099905192212,561.1017116201983,-7.64289322822168e-05,-0.1934873849372246,96,69,94.90065722723486
7784,847.7438884629626,156649.2569912778,75143.66183497122,76289.32433183206,1921.0668743334827,650.515608726404,389.95741576337605,559.4913583285816,2.9746133000360694e-05,-0.1867168854536031,96,69,94.89933377143794
7785,847.746569971081,156637.953164032,75118.11933533587,76325.44175880817,1860.9230815086048,627.7528337210533,377.0542012208898,556.4914089868835,2.8422507340493967e-05,-0.2033559068931933,96,69,94.89800239958792
7786,847.7632414873426,156651.3890242598,75181.04773727697,76305.4638838258,1803.728383545531,605.8970236759051,365.6244836670521,558.146396796219,-7.560684342697687e-05,-0.2268817249048826,96,69,94.89666303369974
7787,847.7668362286433,156643.74198293043,75136.92946898678,76301.17206715755,1754.2802052878542,587.8038892683253,357.16700087935897,559.136027604487,9.358177887978224e-05,-0.2362504047510016,96,69,94.89531559626606
7788,847.7838116737805,156648.73311287613,75162.15115532259,76305.6553135209,1715.5896338807652,574.8729595815676,351.34772509278264,564.4227691404521,-7.540676508031426e-05,-0.2651094129162425,96,69,94.893960010263
7789,847.7864502547179,156664.432897416,75169.00177344253,76326.75207151553,1692.288097123499,569.7008387962996,349.2330034735496,568.1360486682097,2.810571177681233e-05,-0.3116723408378804,96,69,94.89259619915538
7790,847.8032153563728,156649.59696451516,75173.65662165805,76322.59156758459,1684.633532075095,572.1372964460752,349.8663530324993,575.6347395420307,3.0047470827049405e-05,-0.3171769811923762,96,69,94.89122408690314
7791,847.8068027046569,156631.01620865532,75149.14709515439,76314.0343951835,1693.6104875943856,582.6685997785826,353.8989275057975,581.4370177160308,-7.658866747935782e-05,-0.3363267281331841,96,69,94.8898435979657
7792,847.8237319283875,156620.13811101616,75156.97437043567,76295.24629486345,1715.368795750197,598.8902057681844,360.03868065052666,590.8548309258767,9.35412689570288e-05,-0.3388937486020751,96,69,94.8884546573082
7793,847.8263304032699,156614.088485093,75149.47516479583,76304.23520199927,1747.7316572157433,619.5292741129815,368.72826312613324,598.8190474452276,-7.435966414757051e-05,-0.3172437010795331,96,69,94.88705719040688
7794,847.843200707247,156620.62690385117,75171.18232941214,76290.74294989713,1784.2480935711646,640.9608478501614,378.2940511230263,611.099898651737,2.6456582550207135e-05,-0.3106116664927817,96,69,94.88565112325432
7795,847.8467582785876,156625.7430011935,75141.86659560342,76286.6206685915,1822.0185116239008,661.7255849701905,388.9233151821827,622.3659407172818,3.166155441913335e-05,-0.271531995195463,96,69,94.8842363823648
7796,847.8636538288492,156619.34228716753,75137.17848945058,76302.69302073952,1854.7350029844092,678.64765695401,398.5939914920018,636.8773600549321,-7.754422814443554e-05,-0.230193175484214,96,69,94.8828128947799
7797,847.8662062036847,156575.26333022284,75131.2212332275,76286.14336880951,1880.8436877627973,691.2437166480086,407.1805056371377,648.2579879419063,9.34692583798368e-05,-0.2049136405712263,96,69,94.8813805880738
7798,847.8832037099704,156551.70349380258,75125.26963549592,76283.53821207598,1895.0573940664763,697.19073929757,412.27213878172915,660.0221260337566,-7.328799389731591e-05,-0.1733303597869537,96,69,94.8799393903584
7799,847.886692451488,156569.28804606604,75128.35205793746,76253.98594565292,1897.6614089356153,697.0345104250009,413.85048372644815,665.6910477631609,2.4799305206521732e-05,-0.125687628164321,96,69,94.8784892302891
7800,847.9035922467731,156580.3249965684,75126.86258739597,76272.34306660645,1884.6650499253883,689.2103763734049,409.97540506519726,668.844478698069,3.326421906154929e-05,-0.0940160743079828,96,69,94.8770300370695
7801,847.9060565175973,156555.4071767953,75126.6869806635,76270.3269007459,1857.9266062974348,675.048729681017,401.55698505655164,664.7667965325236,-7.84732154350201e-05,-0.1119896096990712,96,69,94.87556174045704
7802,847.9232613738232,156612.4913644716,75134.4013278015,76280.11562515973,1814.074459255091,653.5008676923026,387.6489632437879,658.8945291065902,9.336578612698528e-05,-0.0848928543873951,96,69,94.87408427076822
7803,847.92652604824,156592.85759255878,75150.83857677375,76284.85588178936,1756.7346469483455,626.8698077740846,370.4521959081758,648.133455884119,-7.219212678231666e-05,-0.0961550385024339,96,69,94.87259755888368
7804,847.9438137590035,156602.35260247387,75116.8169710108,76277.68538925103,1683.9805680527352,594.8974224435224,349.96981284715,638.1249496814853,2.3134442097436905e-05,-0.0977740310385443,96,69,94.87110153625322
7805,847.9466090374756,156605.15608748817,75113.46287607105,76283.58191496678,1601.7826383911306,560.6632017340307,328.98303414403927,626.1230683928297,3.4854930019084844e-05,-0.0725250147704449,96,69,94.8695961349016
7806,847.9630845993674,156661.1095014005,75115.1635484879,76285.00468917868,1509.8286907465663,524.0470296004933,307.4294738767785,616.5827020343859,-7.937532876545871e-05,-0.1013852874557203,96,69,94.8680812874326
7807,847.9665606999209,156647.7235656375,75112.01424957972,76258.0278977628,1415.8780564413173,487.96350743407675,287.62691502601956,606.1657829787873,9.323090189010549e-05,-0.0924727701249933,96,69,94.86655692703506
7808,847.9837260350785,156651.76773260807,75129.65279763288,76258.99508505104,1320.3063367399736,451.75766702365945,268.78467664070195,597.3497004543606,-7.107244391805576e-05,-0.0752124213415713,96,69,94.86502298748762
7809,847.9865087234923,156650.70793451506,75125.05855065015,76236.60184842108,1231.3022377857124,418.046104918918,252.49637076701038,586.1435292519745,2.146255781662747e-05,-0.081576359284686,96,69,94.86347940316377
7810,848.0030139464985,156675.12597739598,75104.21054451927,76230.64119196827,1147.1650401586667,385.6189706527075,236.99801130758715,574.4318798367749,3.6433156509036086e-05,-0.0897473920677937,96,69,94.8619261090363
7811,848.0065521092873,156705.60448676944,75069.16179481593,76239.98228940916,1073.8474748686422,357.00948554399656,223.26384977504495,559.2001248750894,-8.025027654113686e-05,-0.0800922572375562,96,69,94.86036304068344
7812,848.0236551541855,156694.51955959457,75107.89349801865,76233.31847985601,1006.5551262677764,330.80587309238035,209.33195640257327,542.339813489758,9.306466550790288e-05,-0.0965454614798989,96,69,94.85879013429296
7813,848.0263930624411,156758.89157833505,75104.34981316945,76221.62208629059,949.2449067221605,309.2901902361482,196.5700788773247,522.0613957713358,-6.992933319732506e-05,-0.0968905967318242,96,69,94.85720732666672
7814,848.0429622314396,156770.42099828718,75084.90535509195,76225.82640200939,894.3962680699769,289.8265009505121,183.40594028984196,500.3844858223456,1.978421918708321e-05,-0.0882915884331896,96,69,94.85561455522706
7815,848.0465338256504,156768.09555695995,75105.28770749434,76243.73750437974,845.4121729337494,273.6098027885455,171.75238547768095,476.3969453056052,3.799837278010094e-05,-0.0975167666799396,96,69,94.85401175801994
7816,848.0635835917681,156810.55288329636,75113.35089308194,76248.99194536985,794.9076813722495,257.1096542237792,160.2596816920559,451.3881489945343,-8.109777636018108e-05,-0.0855552822978519,96,69,94.8523988737209
7817,848.0662732068644,156834.65928151284,75084.96500253571,76218.44707954298,748.0711130172131,241.6828294135048,150.69508487574058,425.1006777025759,9.2867147664831e-05,-0.0596500156155176,96,69,94.8507758416392
7818,848.0829233035531,156844.75054214522,75088.5304234397,76210.50676717017,697.7836385219707,224.2968606846407,140.8815881324408,398.39764539926546,-6.87631911031527e-05,-0.046298782362452,96,69,94.84914260172312
7819,848.0865082188773,156872.4090219688,75117.83254992843,76217.00393811586,650.6096068600309,207.8970412309136,131.97761433036067,371.88739991595503,1.80999947897532e-05,-0.0504651434176742,96,69,94.84749909456428
7820,848.1035097523179,156924.46472926272,75106.60639494025,76240.48525938747,600.088766767818,190.9803004696878,121.60615272138966,345.65472406489425,3.955005693582421e-05,-0.0722328802535447,96,69,94.84584526140256
7821,848.1061509854183,156969.3407060343,75108.93332099402,76230.45345786147,554.2001920427429,177.68115857982775,111.4296477548778,320.654792370653,-8.191755543207615e-05,-0.0668940827263252,96,69,94.84418104413056
7822,848.1228970304868,156964.0460300794,75116.96301354119,76185.4766767212,505.94083984271856,165.95769060440944,99.7482555519382,295.309189277672,9.263842935901856e-05,-0.0756885817171708,96,69,94.84250638529836
7823,848.1264730530651,156986.58768261026,75090.10893294556,76225.03591007962,464.1999679408036,158.83276049265987,89.301178558002,270.21676417047274,-6.757442130361634e-05,-0.1011826051491038,96,69,94.84082122811824
7824,848.1434362050085,156981.97654867574,75147.53501973378,76218.71017525723,421.86600413528504,152.2746020762861,79.05530428222846,242.23849397423328,1.641045517652684e-05,-0.0864310439596513,96,69,94.8391255164689
7825,848.1460242178408,157068.812153066,75144.18073098417,76257.23112038424,387.5200687231845,147.4343154970411,71.60842002971913,212.82975113583962,4.108769248642747e-05,-0.1084938664652891,96,69,94.83741919490038
7826,848.1628875656004,157067.99357518766,75130.8134100823,76248.19358280626,350.27081658743555,138.19501099805348,64.4560793468554,178.72553160280222,-8.270935047884531e-05,-0.1215258596114695,96,69,94.8357022086383
7827,848.1664205282078,157095.7475149763,75112.42818233233,76275.86160860882,315.96840626123594,125.39911387364555,58.531890698039206,143.83663657025318,9.237860240936296e-05,-0.0971466530935159,96,69,94.8339745035883
7828,848.1833736103015,157157.90450474218,75171.9568811063,76243.8167352096,270.918811747164,104.05535343235533,50.009247304842575,106.12009864658467,-6.636343489281936e-05,-0.1094531188908971,96,69,94.83223602634064
7829,848.1858782897003,157206.11404932095,75139.89965668092,76263.6084089422,221.52107979956781,78.1947310907417,39.83243232575478,72.28036704004626,1.4716172047991425e-05,-0.0947520391094794,96,69,94.83048672417452
7830,848.2029205345999,157183.6839741063,75134.51012824531,76238.53331998695,156.57457678666105,46.783085459828726,25.628406030358747,40.15730997559149,4.261076781104209e-05,-0.0938288613715462,96,69,94.82872654506257
7831,848.2062975182798,157231.45952057873,75131.07645878023,76240.4119760874,92.3185396255576,19.43555572135665,11.902790053311037,17.77236589122913,-8.347290759869015e-05,-0.0945888282761694,96,69,94.82695543767458
7832,848.2234790158662,157251.33230276936,75159.03249773003,76240.15500513698,30.12977941700956,-0.0,0.5993442050239537,1.7189083618868608,9.20877686683267e-05,0.0076145936739892,96,69,94.82517335138294
7833,848.2264928298662,157247.39468294266,75126.35903838172,76267.07356033081,-0.0,1.3351098996790824,-0.0,-0.0,-6.513065058057709e-05,0.2099133148088431,96,69,94.8233802362653
7834,848.2427873977241,157246.36464150337,75129.610559123,76246.4844966814,11.381851628073491,26.803241275716573,13.54405876682722,6.746681917342357,1.3017718820346342e-05,0.287144763006567,96,69,94.82157604311048
7835,848.2463000696956,157193.89723907295,75141.22821201464,76258.53932349037,94.59135997109115,84.99126361361414,47.85279539949261,29.019338818703545,4.411877606055508e-05,-0.1667012566973867,96,69,94.81976072342128
7836,848.2634216521897,157152.9551880303,75122.33455485321,76245.617288018,248.813893717248,171.37502312658762,101.51321169966832,58.697553576756036,-8.420798225912841e-05,-0.4007953572441247,96,69,94.81793422941944
7837,848.2663790030858,157147.45074173846,75105.90159746364,76260.08318828195,486.60753182083135,285.2323337173002,174.27235485822894,103.11844391556224,9.176604071515931e-05,-0.0922795482340974,96,69,94.81609651404943
7838,848.2827174863208,157092.1845458355,75154.12391234972,76210.5399602589,781.437055499875,412.18350912175083,256.9825335283531,151.78292420555954,-6.387649382635433e-05,-0.1350883867936324,96,69,94.81424753098251
7839,848.286282663088,157032.96797901535,75110.32955588945,76230.44047000332,1122.0373131728265,544.8291979711066,343.44909345233464,211.59500748390565,1.1315669818834944e-05,-0.1648715085865769,96,69,94.8123872346209
7840,848.3033677556517,156923.89110036264,75146.98754054603,76209.89381657216,1464.773995558091,666.6230402927322,421.9630608635198,270.7158989283198,4.561121619096341e-05,-0.1268973770230081,96,69,94.81051558010157
7841,848.306257578956,156889.6716151344,75121.9542765703,76237.42780726841,1793.3757287340122,773.1199992753973,487.7990188325057,337.22822070244,-8.491434043366079e-05,-0.1217958965399097,96,69,94.80863252330036
7842,848.3226596441887,156799.44817417918,75119.24249756639,76204.25049962164,2067.6384791617747,853.1946245255822,533.5313146591361,397.9180443956866,9.141354150273962e-05,-0.1191113954100855,96,69,94.80673802083592
7843,848.3262624824085,156763.2954634437,75122.71156355605,76217.91311926574,2284.954974436201,909.5740711383405,560.7067950739001,461.73177097490407,-6.260139741057726e-05,-0.1217444454561363,96,69,94.80483203007336
7844,848.3433086702624,156683.0112314381,75099.0160940482,76203.65174200317,2423.957076632767,937.8620213518589,568.406027278048,515.7375850110839,9.610600256029782e-06,-0.0903354784689109,96,69,94.80291450912831
7845,848.3461341262349,156647.18782382034,75112.19477850656,76227.41761546186,2502.3347107591107,946.01548794673,563.3399600020493,571.053546392679,4.7087592527082485e-05,-0.0874440081239502,96,69,94.80098541687067
7846,848.3626115850916,156585.57378198623,75112.26047162228,76221.66122260659,2512.770551194262,931.8370227254782,546.9414347739657,613.5925821577548,-8.559175726658139e-05,-0.0883785668114108,96,69,94.79904471292818
7847,848.3662394575763,156532.59550324717,75118.4279253721,76199.37763465942,2482.990512396849,904.3673336914217,526.0427479257633,655.0630570279318,9.103040373162174e-05,-0.0849086711894542,96,69,94.79709235769069
7848,848.3832441524626,156508.51632329653,75107.99714440663,76230.35431772674,2410.6412164556677,862.0982846343104,500.6664814321266,681.4238176161016,-6.13058005793051e-05,-0.0768200444060084,96,69,94.7951283123128
7849,848.3860095516711,156474.49334749542,75117.7196513528,76218.72348754792,2324.6363637654576,814.9902732891205,475.62465786369285,706.2201730108936,7.903086462529687e-06,-0.0616499817517902,96,69,94.793152538719
7850,848.4025738692936,156452.6738514724,75147.45886240146,76257.08505307806,2218.1535929173697,761.6695031377167,448.7857209321519,714.3482259952289,4.8547414651926274e-05,-0.04270304692416,96,69,94.7911649996054
7851,848.4062112832898,156464.0845921795,75119.71968774358,76216.41087206884,2116.072617712547,712.3772209907474,423.8593859145767,720.7217174477701,-8.624001774811576e-05,-0.0396977623024737,96,69,94.78916565844531
7852,848.4231760808276,156448.89220111383,75140.59153210238,76223.71405116458,2008.2991101492662,665.3801492392959,398.6622669461358,711.5459425819863,9.06167710804961e-05,-0.0322298694355315,96,69,94.78715447949112
7853,848.425882777188,156483.92087236574,75129.51996672031,76258.97856407698,1917.1965707686613,629.3017470879859,377.2708828127652,704.3866501471493,-5.9990149882183846e-05,-0.0128267114777695,96,69,94.78513142777862
7854,848.4425491209993,156440.92062145213,75147.35813007464,76232.15861174795,1827.5944915248547,598.8019945780688,357.3605433590419,684.7583807620977,6.193704889205129e-06,-0.0046364358368023,96,69,94.78309646913024
7855,848.446172851744,156479.32621424436,75138.3874509002,76259.39972322862,1758.529691400705,579.0595447251544,342.6685083732009,671.6280769702862,4.999019855210825e-05,0.0086763578214434,96,69,94.78104957015844
7856,848.4631104641536,156508.57340766722,75127.91478179343,76252.191044893,1692.527247332444,562.3196614980698,330.28968163233367,651.3729675984359,-8.68589171065256e-05,0.0166458594524484,96,69,94.77899069826884
7857,848.4657466552536,156485.65756633758,75131.45171467504,76267.7934174751,1647.117488489428,552.8242271341005,323.12940045044525,644.1903781237779,9.017279733453644e-05,0.0451828176633984,96,69,94.7769198216642
7858,848.4825499251515,156475.54295293897,75140.0446819798,76236.33201898438,1602.0769805762102,542.8665875406441,317.2819750253984,633.7050870454696,-5.865489786046902e-05,0.0512829739256737,96,69,94.77483690934676
7859,848.4860991014142,156494.47307790982,75179.0563919434,76248.2207141371,1575.8230145380367,538.6112802004354,315.45234176074155,639.2359180251369,4.483032655173521e-06,0.0587380651782172,96,69,94.77274193112235
7860,848.5031103064754,156479.8422680973,75138.20096458045,76249.32032834712,1550.901428719866,534.8183642554359,314.2679165895097,642.6029911783116,5.141546580335872e-05,0.0597176633000894,96,69,94.77063485760296
7861,848.5063920524715,156481.1079377621,75147.57353227532,76247.55908719359,1548.0979314464494,539.0237128676235,317.1014861635922,661.2126459060528,-8.744826046195088e-05,0.0320504110287165,96,69,94.76851566020996
7862,848.5224850564282,156430.53773388965,75144.16969150717,76222.74099693443,1551.0831038015313,545.9467111159465,321.2106064783584,673.9759935484617,8.96986457876819e-05,-0.0066960833258278,96,69,94.7663843111778
7863,848.5260603697759,156380.47396450638,75138.68437156413,76224.91367399234,1579.0582858924754,561.4330030495621,330.01062250792165,696.2414792447235,-5.730050366916879e-05,-0.0452848013041064,96,69,94.7642407835562
7864,848.5430856154228,156371.24568411335,75142.51261892077,76231.27874982543,1613.13661731279,578.3182169720967,340.49143142069806,706.5715912317974,2.771646751056649e-06,-0.0561500479714964,96,69,94.76208505121356
7865,848.546265824112,156338.3130842752,75144.03442862886,76225.14513145131,1669.8512173375348,601.1208650258632,355.4129994767136,723.8216063388973,5.282274406545998e-05,-0.0674892864992315,96,69,94.75991708884024
7866,848.5624160916614,156356.19220185315,75152.41771541373,76231.14200796056,1724.6927063976764,621.3700520705461,370.3709670386743,727.7889288112056,-8.800786270561078e-05,-0.0901822454695352,96,69,94.75773687195084
7867,848.5660329150239,156331.64450005905,75150.73623630125,76231.09381265462,1789.29050640465,643.0345135929674,386.60951607493917,739.2261965248908,8.919449067747181e-05,-0.0745559878214494,96,69,94.75554437688784
7868,848.5830472030233,156340.7782159568,75153.95705797411,76242.01561198683,1837.9086258338648,658.3808836891258,398.92394234405947,739.7301242023532,-5.592743292154944e-05,-0.0750130821727498,96,69,94.75333958082352
7869,848.586142413627,156318.95404159432,75175.7483067822,76250.48698832464,1884.6825674817665,672.6530435618479,408.60045458050445,752.4535267491301,1.0601245061967723e-06,-0.0846816430852926,96,69,94.75112246176369
7870,848.602350088789,156260.43409236582,75179.79991525304,76268.80401641771,1906.201777202601,678.6120243353216,410.98239903355716,756.5793402603013,5.4211567450584005e-05,-0.0660499177417494,96,69,94.74889299854976
7871,848.606011163085,156256.21271815704,75159.99550473607,76260.919083985,1920.002502723597,681.6151620261662,408.57119655871065,772.6223918912583,-8.853754935482917e-05,-0.0729449545997407,96,69,94.74665117086175
7872,848.6229980129648,156249.75404426418,75152.88165780727,76251.64255849131,1907.5612733049784,675.0027506874612,398.71490362810437,777.9663796055538,8.866051586400258e-05,-0.088013291588566,96,69,94.74439695922098
7873,848.626020442796,156233.3634722896,75132.53908647696,76241.77745627049,1890.363697038265,664.7760528025246,385.94787931855535,793.3255488205759,-5.4536156965192574e-05,-0.0634194673042225,96,69,94.7421303449925
7874,848.6422892653907,156239.1632006369,75131.53113712592,76247.57782522262,1849.4925395806204,644.4595025296585,368.83426713367226,793.6299401967262,-6.509571427691186e-07,-0.0657246374935481,96,69,94.7398513103878
7875,848.6459923893523,156176.56419428534,75171.96081740473,76232.80493795247,1804.8438397944556,620.5048529930355,352.2243907317752,799.0464671284717,5.558147661628464e-05,-0.0591441626322084,96,69,94.73755983846722
7876,848.6629391714811,156213.32199899177,75146.73870820667,76256.95079809193,1737.847717540455,587.9827083800046,334.4348577770288,786.1936719085788,-8.903715582138999e-05,-0.0644091512032701,96,69,94.73525591314278
7877,848.6659000011845,156197.9146221851,75154.72454107906,76240.57317517491,1669.8299024226144,555.0004783383192,319.3327425093448,778.6531266175734,8.80969150206509e-05,-0.0576440789290366,96,69,94.73293951917988
7878,848.6822345923117,156219.35941755734,75154.02589375793,76233.80356726366,1582.5874960800866,517.5442889408005,303.75768497915124,753.1216367419402,-5.312715317901174e-05,-0.0335190030729896,96,69,94.73061064220062
7879,848.6859746733967,156258.56967343306,75179.47097121445,76254.67975541911,1498.8225797752966,484.0538085201406,290.42614560050424,734.1362363179796,-2.361021861593474e-06,-0.076697400094128,96,69,94.72826926868515
7880,848.7028713368132,156259.0417127969,75139.08993519585,76241.26259445441,1403.5854223945644,450.76279208446795,276.0929115260078,700.2092937959242,5.693201860294669e-05,-0.0776353632552205,96,69,94.72591538597511
7881,848.705781694498,156266.63409124137,75185.99025407982,76288.88395475694,1321.2692668174277,425.18542073946446,263.9151981729956,677.4996606164786,-8.950652758369142e-05,-0.0544035930972466,96,69,94.72354898227472
7882,848.7221864526339,156299.4425677103,75172.08659697346,76278.69371157905,1234.8651403308613,401.42494099235046,251.1266774093383,642.0166170812445,8.750389216380199e-05,-0.0719387489624859,96,69,94.72117004665373
7883,848.7259564400601,156331.09303654026,75215.91680941518,76267.56987194452,1165.8746040135156,384.6641777121549,241.21834797540214,618.5672187580785,-5.170090473634598e-05,-0.0703833695352692,96,69,94.71877856904936
7884,848.7427950636161,156313.85511687535,75218.15311705982,76283.46413579548,1096.0991441931692,367.8236728774209,231.66354449020582,583.4962215977139,-4.069493693785872e-06,-0.1042287107151287,96,69,94.71637454026842
7885,848.7456663389551,156345.40094705095,75214.14871629459,76287.70304451008,1045.3146657461184,355.3079394520173,225.43132793330005,562.2822653798212,5.8262747172084497e-05,-0.0963437886101967,96,69,94.71395795198929
7886,848.762144861235,156382.51699517673,75196.42433900715,76271.4371518171,992.3811426284374,339.8343130432477,218.86726493496099,528.8942959739652,-8.994552061871137e-05,-0.1088045048114283,96,69,94.71152879676411
7887,848.7659363141958,156417.09240383585,75199.94926562421,76283.27743233803,955.4216904308414,326.4966253801249,213.8023842406692,508.4619989107305,8.688166056476205e-05,-0.1369454230448812,96,69,94.70908706802057
7888,848.7827109357036,156402.64179903825,75168.22297287526,76274.37109463262,914.2739253895706,309.9391874915891,206.1844448315096,476.4733198293252,-5.02579002690508e-05,-0.1292519850053899,96,69,94.70663276006384
7889,848.7855548248087,156399.06902992327,75184.07458470394,76299.34607585538,887.020093672385,296.54855165965273,197.8686486139195,459.23657937769894,-5.775797461163149e-06,-0.1218225946814644,96,69,94.70416586807865
7890,848.802109561107,156440.45921854043,75200.30844062776,76282.40199267835,852.0103214753908,281.39735141483834,185.51661344384775,430.3302424350695,5.9573222857892446e-05,-0.1166850877440794,96,69,94.70168638813092
7891,848.8059130719835,156447.4162803359,75153.11096317202,76284.42918654105,826.7042447715648,270.5577318127325,172.49280207211268,416.24761587547255,-9.035400110726515e-05,-0.0909957141069106,96,69,94.69919431716964
7892,848.8226196193498,156436.41222616463,75189.86341290166,76253.34131206159,791.0180394396302,258.86661902100604,157.63780678380863,392.28498907532776,8.623044380746462e-05,-0.0708147249819047,96,69,94.69668965302844
7893,848.8254480402959,156457.9207103055,75171.276238756,76276.30534139775,762.4386627105996,251.18344976590015,145.75572949359776,385.3138331940281,-4.879863425973481e-05,-0.1067528424234318,96,69,94.69417239442755
7894,848.8420800763378,156488.7380910096,75148.18278627112,76253.14766716077,720.029419360857,241.14834533448447,135.92943335982272,367.5534358457662,-7.479359320994831e-06,-0.1245429081853362,96,69,94.69164254097493
7895,848.8458856286641,156440.28113847054,75149.72723421225,76231.00704250624,681.9059892562218,233.04466981557198,131.8720192318433,364.62835043948144,6.0863014032381854e-05,-0.1051215829383408,96,69,94.68910009316876
7896,848.8625218823624,156465.87095697175,75156.52894662984,76258.9958148383,630.3725979900337,221.34966322613764,130.78606264624977,348.8329572826624,-9.073184554444906e-05,-0.1107739700086476,96,69,94.68654505239763
7897,848.8653468221626,156441.72052671656,75167.90599934991,76231.52470242215,584.9176012034877,210.82470156355703,133.64190276604495,344.62618740223115,8.555047510525632e-05,-0.1316836062626429,96,69,94.68397742094372
7898,848.8820557481744,156461.726431207,75143.36735186505,76222.00332132522,527.8142602541484,196.28592137437954,135.1553421514982,321.27522475036676,-4.73236058447334e-05,-0.1269925178141542,96,69,94.68139720198256
7899,848.8858530413402,156506.8883321989,75148.11313888547,76216.2102442603,478.23412711545825,182.2532533971389,134.8200881879311,303.88552812385024,-9.179606182061085e-06,-0.1201070694463777,96,69,94.6788043995855
7900,848.9024185955639,156495.20410495228,75189.43362052989,76265.920461838,418.59012191498186,163.30761036250624,127.57072013104334,264.97175198132754,6.213169502474158e-05,-0.1132066388039304,96,69,94.67619901872078
7901,848.9052519202262,156503.25692865325,75173.25727753517,76224.00522591687,364.9801728070597,142.703510446343,114.18125104127103,232.05776869895635,-9.107894094275878e-05,-0.0901234929227143,96,69,94.67358106525464
7902,848.9220357642707,156571.32187575323,75162.04297186538,76248.11422228687,296.79175030370243,114.67849096117425,92.20729747472797,178.58837157220114,8.484199636010322e-05,-0.0922990151846451,96,69,94.67095054595288
7903,848.9258145178934,156603.34975362543,75174.88205654145,76253.07539040665,230.33972938091028,83.90997552753834,66.0056474058365,135.8785528577282,-4.583331953135013e-05,-0.0914103434164973,96,69,94.66830746848164
7904,848.9423107239163,156653.8557033874,75151.46401242535,76273.36892237642,150.85020373709267,48.94596904507489,37.3646480506286,81.67620349765639,-1.0875966512917026e-05,-0.0959369539664968,96,69,94.66565184140909
7905,848.9451639708432,156666.93562802247,75179.8911796783,76280.35957573647,82.22722485807026,19.588875892120996,14.027022171241697,48.07514349045232,6.337884833242413e-05,-0.0867581740309613,96,69,94.66298367420588
7906,848.9620191854412,156708.37622467012,75206.26733868981,76257.17350470727,20.24007531342795,-0.0,-0.0,10.414462362386985,-9.139518463620884e-05,0.0141434205933912,96,69,94.66030297724669
7907,848.9657694277442,156722.48181986733,75225.17921443035,76291.71571664842,-0.0,3.5905304111365695,3.1865590627130587,-0.0,8.41052603591219e-05,0.2703866618224607,96,69,94.65760976181126
7908,848.9821993108847,156677.2713722843,75250.63510950819,76290.6783902922,25.725447089178488,34.805669561974355,25.467367478267988,-8.541695616062498,-4.432828478798971e-05,0.2840419672322541,96,69,94.65490404008467
7909,848.9850834770979,156665.84962360712,75218.73588143587,76316.96904622718,130.19804830878275,101.41094657428039,69.70127253368264,12.65012057631975,-1.25678706073631e-05,-0.250545315170406,96,69,94.65218582515897
7910,849.0020049715401,156591.2935875107,75184.76656433377,76312.75540836425,305.83859101799317,198.17554006360297,131.28440823408891,33.99851793030393,6.460406364251283e-05,-0.3188620134286336,96,69,94.64945513103392
7911,849.0057173123257,156601.06639483312,75220.2922042254,76326.84681763289,565.7394561285619,320.8907970635628,206.49330312159145,82.81959462427767,-9.168048448760474e-05,-0.0380565173921848,96,69,94.6467119726174
7912,849.0220854579078,156504.09700597657,75209.2476331389,76300.36277394596,879.5409805186209,454.00794879050227,285.96457804038073,129.99228478810983,8.334052830054448e-05,-0.1178125903037518,96,69,94.64395636572642
7913,849.0250107948324,156457.01142685913,75219.22479594577,76353.43689318452,1236.6325674544787,586.3822723025805,363.6210615055461,200.59408593623084,-4.280901592552992e-05,-0.0886822843887221,96,69,94.6411883270877
7914,849.0419920070472,156373.97354815475,75219.61557524257,76304.96428296735,1591.1597750101937,701.9904549944913,431.1200915677182,262.55758285935735,-1.42547499857969e-05,-0.0758988836941994,96,69,94.63840787433864
7915,849.0456578940975,156289.64655998533,75208.87632784524,76318.19378724397,1928.7917584366514,794.8973065832542,485.9690289553837,341.1471667730075,6.580693814973856e-05,-0.0722169963234028,96,69,94.63561502602738
7916,849.0619703002407,156169.55995637938,75206.20147587238,76308.45775109189,2211.883765390725,858.5271088528971,524.8343875827559,405.1034449278668,-9.193475870687883e-05,-0.0656707640763815,96,69,94.632809801614
7917,849.0649461242888,156104.7415282958,75220.51723622234,76307.19155344677,2439.642163427139,896.4900457968033,549.5988417330373,478.409562987712,8.254807093304978e-05,-0.0552691214729905,96,69,94.6299922214702
7918,849.0819791260743,156061.376507867,75229.93382128379,76299.60118692528,2591.9928002172965,910.3947763311153,560.2256444143713,529.5159665159881,-4.127603124947211e-05,-0.0407680645914709,96,69,94.62716230688063
7919,849.0855910837033,155991.06629280708,75223.14804625737,76329.05683331704,2685.296949846437,908.5076300647779,560.3523422230792,586.0849442106555,-1.5936038764220384e-05,-0.0483061402448109,96,69,94.62432008004242
7920,849.1018549797332,155952.48939726135,75203.01487667992,76328.92379027711,2713.394651768089,893.8546499358054,550.6963624987111,620.4826073768781,6.698707704968125e-05,-0.0358768579364774,96,69,94.6214655640665
7921,849.1048895076417,155893.48761227055,75192.11891369078,76333.76355818589,2699.575512586045,872.7557552936923,534.7781155133271,661.0751488140959,-9.215793617530692e-05,-0.0357547430856726,96,69,94.61859878297692
7922,849.1219651361253,155842.76363339694,75197.70427740148,76306.84216853615,2641.7988822079496,845.5570087442757,513.3574215387926,680.6955346450559,8.172816833558285e-05,-0.0311976598776613,96,69,94.61571976171156
7923,849.1255169854414,155845.04729812665,75221.47398750758,76333.67986727478,2565.717579085671,816.0468618812592,490.09088735075784,710.155377184914,-3.9729854107893554e-05,-0.0148487236584229,96,69,94.61282852612251
7924,849.1417406147083,155787.30360454606,75229.9659735418,76315.06655029392,2470.536543461785,783.540377197598,465.9464348790643,723.2054018475756,-1.7611172683422928e-05,-0.0144365849649126,96,69,94.60992510297584
7925,849.1448408330907,155777.76994405227,75213.12791266078,76295.07512551486,2379.570411525434,751.4944177286379,444.16158201295184,747.8017865241854,6.814409296627055e-05,0.0013853687545817,96,69,94.6070095199518
7926,849.1619488391516,155745.58005614817,75212.95782601023,76290.5318674853,2288.9496759757167,719.9689371459099,424.96198020718293,755.4438210868393,-9.234995589667626e-05,0.0008663800637674,96,69,94.60408180564502
7927,849.1654359019528,155718.1540313977,75170.72380420285,76306.5334269016,2217.368627847929,692.7413605816255,410.3024505691719,774.6559022568108,8.088110981717474e-05,0.0094313618433939,96,69,94.6011419895642
7928,849.1816282663037,155698.1761826006,75205.95429824076,76323.61364650256,2154.7880658876966,669.490625242528,398.9277038355649,777.0819111665478,-3.817101192188167e-05,0.0191903500234234,96,69,94.59819010213246
7929,849.1847998470494,155676.45539832354,75199.04380723309,76298.45710003868,2111.3490391382948,652.0893523708946,391.14195357012795,789.1738456788589,-1.9279589960215767e-05,0.0469109857321923,96,69,94.59522617468689
7930,849.2019290475262,155672.55036169876,75188.22754353276,76307.10957529719,2070.889975519676,638.1810901266435,384.6978967595205,782.6746149457176,6.92776069173661e-05,0.0441042522564267,96,69,94.59225023947836
7931,849.2053483404067,155683.65150978087,75160.06030079255,76287.48490183885,2040.439412518579,627.6988979039306,379.55141823529266,787.0238042015699,-9.251076819154792e-05,0.0577322075814382,96,69,94.58926232967151
7932,849.2215188992205,155660.1275419946,75166.70772055838,76300.33140292138,2003.6685492967372,617.4713602726115,373.8331789179065,775.7419167648186,8.000719333256877e-05,0.0728824721284205,96,69,94.58626247934464
7933,849.2247661775446,155646.27390827826,75180.13153518495,76264.27890003304,1968.4002384740743,607.4200706995907,368.1393878828094,776.9044393450895,-3.660003577570295e-05,0.0728024785346428,96,69,94.5832507234888
7934,849.2419045904091,155643.80470449073,75182.81726934027,76282.27361356534,1922.2438706599642,595.7742637228221,361.6385916271538,764.0027473762457,-2.0940731714655808e-05,0.0533547004997714,96,69,94.58022709800797
7935,849.2452550250341,155677.65772644998,75162.8512952399,76293.47430031768,1878.1618721649866,584.2614282467548,355.8340483040665,766.5346700249647,7.038724781389449e-05,0.0263166934437097,96,69,94.57719163971842
7936,849.2614133316278,155635.05043052218,75156.02729072806,76284.27274350543,1828.4930950707057,573.0270065193035,350.47882494993974,757.3647755827114,-9.26403330274762e-05,-0.0111072048660993,96,69,94.57414438634837
7937,849.2647393758429,155630.52372627932,75161.15094380813,76274.59377063184,1788.4823722776491,564.7942205741565,346.9877728088468,762.5669285278418,7.910672602118954e-05,-0.055933450531714,96,69,94.57108537653716
7938,849.281874301164,155610.70969773224,75150.79558875469,76261.32158521893,1752.5088650055695,560.0912729342381,344.78295821743086,754.116262179421,-3.501746063025556e-05,-0.056386953726437,96,69,94.568014649835
7939,849.2851569271772,155629.1209742853,75150.5674219237,76281.00702643687,1736.025991127768,560.8671797937859,344.7178604894434,759.4410907874408,-2.259404123473664e-05,-0.0829577412391872,96,69,94.56493224670228
7940,849.30131216119,155593.92922205533,75174.96280486451,76295.03897879848,1730.8720903116046,566.1977636947704,345.73603550175903,750.8038951737108,7.147265262042216e-05,-0.0894851834691751,96,69,94.56183820850882
7941,849.3047189930439,155586.80588825632,75157.46624318972,76268.32761245502,1746.712685088045,575.9607974642422,348.28355341314455,754.170237972954,-9.273862150321896e-05,-0.0722206750110615,96,69,94.55873257753343
7942,849.321836963699,155621.5838671697,75196.9818394233,76271.27546544255,1770.0218228701851,587.6229235886422,351.26152414485114,743.2983581658336,7.818002392371633e-05,-0.0719763136002788,96,69,94.5556153969622
7943,849.3250553405288,155585.1389458947,75162.48380883023,76291.29668912903,1805.7291942142183,599.9676491052087,355.072374699841,746.7518254858733,-3.3423825826861154e-05,-0.0402859327410879,96,69,94.55248671088891
7944,849.3412156324504,155548.4290406804,75204.74798903312,76286.82523649791,1836.7837360387202,610.3048456086253,358.4273910979973,738.4602498115564,-2.423896491182682e-05,-0.0537652501694178,96,69,94.54934656431377
7945,849.3447047371103,155594.5089302168,75215.67957728218,76268.96030353697,1866.054523135419,617.7973750711099,361.24702065915335,744.4267547570635,7.25334672889827e-05,-0.0555869699679964,96,69,94.54619500314158
7946,849.361791157377,155570.33976461264,75161.64959377504,76291.8398309391,1878.2995794305461,620.7636484023242,361.9367021576327,738.3762721632374,-9.280561503114902e-05,-0.0331792742997753,96,69,94.54303207418218
7947,849.3649520813656,155558.80458908342,75143.17513684985,76273.56188762278,1880.0588705211994,619.3017176248686,360.4238435605366,746.5404293064785,7.722741135487757e-05,-0.0376059167917536,96,69,94.5398578251483
7948,849.3811233396406,155537.39662368412,75154.05074463598,76264.12423661017,1859.917691291077,612.5135706655419,355.64025722350925,741.0118738715537,-3.181967308913472e-05,-0.0277317841786606,96,69,94.53667230465528
7949,849.384696854473,155525.93869327477,75174.8890212593,76275.21531115976,1827.3975879578502,600.8753503855842,348.37088912102627,745.28381127998,-2.5874952398403645e-05,-0.0271666269961947,96,69,94.533475562219
7950,849.4017348005303,155501.05641494386,75167.21884537196,76266.00209205468,1774.9363501041662,583.8953368734656,338.5825951017323,732.8258732337854,7.356934520465161e-05,-0.0302189263995777,96,69,94.53026764825584
7951,849.4048500941143,155507.36076296828,75156.54116869655,76255.30920156391,1715.1475855674362,562.3933524520253,327.69894595936057,729.5650258729002,-9.284130560842892e-05,-0.0093706132443849,96,69,94.5270486140805
7952,849.4210333648053,155566.40186633487,75179.79460144443,76294.78383354904,1641.9302936705062,536.3482114808867,315.69375190668507,709.7699549287208,7.624922174428649e-05,-0.0221351454208482,96,69,94.52381851190532
7953,849.4246973214481,155559.46825570354,75151.77284017716,76246.15505756087,1567.6890772382612,507.0079792712495,303.3823824401479,698.5212393083784,-3.0205548471554445e-05,-0.036292437919375,96,69,94.52057739483838
7954,849.4416635136131,155565.03673470483,75170.32922369339,76260.83325917785,1486.3926552590565,474.86804861672863,289.98620545244194,672.0010063514928,-2.7501456252933725e-05,-0.0418812732741104,96,69,94.5173253168826
7955,849.4447558212598,155553.1774883319,75170.82586935245,76244.60381623617,1409.567634186591,441.5793258637277,275.6863109781698,656.2769900656713,7.457994921565786e-05,-0.0161232533157988,96,69,94.51406233293412
7956,849.4609386732841,155562.63194656203,75130.9616443896,76252.8357522173,1329.2164542063256,408.0042110253562,259.48619500847417,626.3783787447901,-9.284569607461232e-05,-0.0183596988293141,96,69,94.51078849878095
7957,849.4647154994042,155579.8128797101,75160.174398972,76238.05673896181,1254.695707433857,376.06076568774006,241.87552515984862,606.236786620575,7.524579657341133e-05,-0.0281542833152785,96,69,94.50750387110102
7958,849.4815613011398,155634.1886148757,75145.51459453086,76253.49775223293,1177.7754903826863,346.75427552145266,222.71346859278856,572.6998586531263,-2.8582000413064367e-05,-0.0254049061676914,96,69,94.5042085074612
7959,849.4846958698234,155638.54388970236,75162.94573579848,76248.27083910121,1107.989827618294,321.68516240397,203.51714089428424,550.8720259937691,-2.911793300355825e-05,-0.0275905670454107,96,69,94.50090246631508
7960,849.5007934755332,155643.4856130467,75133.77723129814,76220.58990014682,1037.0228635648382,300.9097928107076,184.98735362148727,517.2875473678869,7.556495037885841e-05,-0.0172480239136512,96,69,94.4975858070014
7961,849.504852529577,155692.098331723,75145.02690503512,76226.48826817314,973.9860524508986,284.55547238914005,168.9817487691471,495.2519742693403,-9.281879925476496e-05,-0.0224572644407437,96,69,94.49425858974293
7962,849.5209853194984,155676.2142451316,75128.48676853266,76214.30179153068,911.5059483968071,271.10904437152203,155.91379243371193,463.67666237597587,7.4217486138049e-05,-0.02902721320098,96,69,94.49092087564372
7963,849.5240918405393,155718.37421452437,75136.54836536765,76234.5647443599,858.3183290176094,259.47422285811626,146.55415461366647,444.9846562461462,-2.6949580685915855e-05,-0.0231546097864809,96,69,94.48757272668789
7964,849.5409246578515,155705.56170506365,75172.24684499521,76223.94917442318,805.6286527027842,247.65342949540354,139.74051939634955,415.52237899482134,-3.0723842503475564e-05,-0.00582752330636,96,69,94.48421420573756
7965,849.5447169350442,155740.64433958483,75125.68733761844,76264.54089633672,762.0404095370905,235.1657804524002,134.9245209286746,398.1550542387995,7.652402898091798e-05,-0.0001207334891713,96,69,94.48084537653108
7966,849.5609186252088,155753.67169557168,75116.69762323619,76257.05979982822,718.5725178605644,221.33795641185134,130.29155803538742,370.3860752522887,-9.276063914116248e-05,0.0014705253233106,96,69,94.4774663036806
7967,849.5639935155092,155758.41085606517,75152.01342391733,76230.1922748437,682.7496581182932,207.28413554740837,125.49792236709618,353.5117652451736,7.316464823858917e-05,0.0096506630528375,96,69,94.47407705267064
7968,849.5809363320916,155789.9364128128,75146.13964339723,76209.07453373919,644.585041190323,193.51109894939873,119.58473884681007,324.3548404213798,-2.5308843203853e-05,-0.0124669586438401,96,69,94.47067768985517
7969,849.584631675382,155770.09771462512,75130.92876789022,76217.33572392668,611.8447625483386,181.67864124533662,113.34928010034491,305.34153234399855,-3.231864815184378e-05,0.0018795179549159,96,69,94.46726828245632
7970,849.6008173910682,155836.85479058558,75138.2824032605,76216.85374473763,574.98177954118,171.78880251046212,106.63073297723895,275.04331685451325,7.745687340259042e-05,-0.0225011532089881,96,69,94.46384889856192
7971,849.6039260766386,155829.88841620018,75138.95959142908,76199.27882060192,541.4442989305826,164.19693854133948,100.39535875621368,254.3503252469236,-9.267124966454352e-05,-0.0189057366941059,96,69,94.4604196071229
7972,849.6209306338171,155849.8391694556,75125.24671990452,76220.32864302857,501.41466982703423,157.00532928340544,93.99238836916629,221.45968666646513,7.208764944252605e-05,-0.0194931924131508,96,69,94.45698047795128
7973,849.6245513150614,155868.6478178332,75120.520987377,76201.3231770416,462.7180671427632,148.9066414572735,87.5697288538795,198.19194903748576,-2.366034539260211e-05,-0.0140609540202451,96,69,94.45353158171812
7974,849.6407076049295,155887.35413853265,75125.86934986302,76196.48467813311,415.1401714751846,136.83808988216333,79.5098562950152,164.15683148644166,-3.390181782474041e-05,0.003584056641321,96,69,94.45007298995051
7975,849.6438742560799,155913.1543027223,75115.78028357623,76202.38664380863,365.01602925750194,119.58586499438388,69.36083149307524,139.54318706472986,7.836318181476917e-05,0.0105005322646381,96,69,94.44660477502956
7976,849.6609162359806,155954.2200665576,75090.6178885378,76226.27762807225,301.55862064647954,95.60641933856823,55.73733516849461,104.20413090844522,-9.255067577766358e-05,0.0339557442273123,96,69,94.4431270101878
7977,849.6644694500236,155960.89751024573,75107.69096558199,76192.6661969562,233.5696712222998,67.08387929618766,39.706680680275895,79.7700661579438,7.098686405859896e-05,0.0324208038674743,96,69,94.4396397695067
7978,849.6805950012379,155968.26812042142,75120.57156274622,76185.40029271277,155.41514402639586,36.94147407865967,22.382780504703987,47.92431452157325,-2.2004646105592003e-05,0.0344702008716412,96,69,94.43614312791404
7979,849.6838345118459,155997.23802337085,75112.89036408048,76200.75809114608,83.62057016778272,12.31367405950732,7.873795054591028,29.132234835036797,-3.547282336924316e-05,0.1819127481220998,96,69,94.43263716118086
7980,849.7008942447587,156014.21518200196,75118.87495685212,76220.00268722295,22.750969075830653,-0.0,-0.0,5.916390604194021,7.924266117462178e-05,0.4351440896476687,96,69,94.42912194591986
7981,849.7043850468546,155999.72566692572,75116.79421865342,76231.55942137979,-0.0,8.968521782036987,4.481909748050384,-0.0,-9.239897254007276e-05,0.2892612899627997,96,69,94.42559755958172
7982,849.7204814812152,156007.18597450905,75131.00485720547,76225.12535882412,25.733856060134713,44.18688150346861,24.633069955802057,-5.2157388127816375,6.98626740254286e-05,-0.2208042615015636,96,69,94.42206408045236
7983,849.7238060523666,155997.4629024772,75117.60940884144,76198.67520355179,124.69266524678096,109.26380739476008,63.369056361494586,9.30713431283948,-2.0342307052087677e-05,-0.1399357992621446,96,69,94.41852158765056
7984,849.7408634331288,155965.06936455492,75122.82114288484,76209.45849447488,296.1241071547847,200.85970850667218,119.17994452716084,25.9397439621971,-3.703114087102981e-05,0.0597234104027926,96,69,94.41497016112476
7985,849.7442993591105,155935.37041171567,75119.47203885688,76229.27004502711,546.7909321836196,313.60426299087703,189.2369056751195,62.505520744394744,8.009502759255457e-05,-0.0440970311538075,96,69,94.41140988165046
7986,849.7603668255327,155853.86351268587,75119.28693481948,76220.605205826,853.2322236053296,436.133809918887,266.38110499762115,99.9950548367342,-9.221620585084331e-05,-0.0123274718097937,96,69,94.40784083082669
7987,849.7637900531915,155825.67376059742,75108.42012923915,76244.45948678128,1200.2997688294272,558.3314300833736,343.72526820591884,152.49351825134363,6.871546942065214e-05,0.0174743189540419,96,69,94.40426309107386
7988,849.7808202873254,155772.4645039991,75125.28344818723,76266.76988894393,1549.7608793152613,668.2025265862467,412.67359934045817,200.4285613182583,-1.86738914209316e-05,0.0508430690010757,96,69,94.40067674562944
7989,849.7842166476227,155690.54449046563,75129.59801789143,76294.53911908666,1882.2096335368115,759.3074449281849,468.0560057235125,258.1931900473719,-3.85762512355732e-05,0.0517327628667806,96,69,94.39708187854616
7990,849.8002470485428,155640.22378106523,75147.17038989192,76284.76602227981,2164.200658268237,825.7758534896275,505.47102539337357,307.2427535916213,8.092000620186456e-05,0.0478442602238109,96,69,94.39347857468788
7991,849.8037925184465,155585.24798354084,75182.13361312255,76281.5522710737,2388.163518044108,868.282149767314,525.481111703557,361.2094153443177,-9.2002451646476e-05,0.0571600291933824,96,69,94.38986691972724
7992,849.820754281749,155557.36127265642,75164.96301175105,76280.94888245988,2537.381417323835,887.2887848686805,529.5500902984932,403.6975823582907,6.754564742354248e-05,0.0411641864416597,96,69,94.38624700014124
7993,849.8241521806391,155479.8962818458,75193.09940528606,76272.45715038883,2622.28034290066,888.2451338413084,522.9419471589208,450.1141097448126,-1.699996448266349e-05,0.0578054699093247,96,69,94.3826189032094
7994,849.8401000943702,155440.55120598082,75153.97977778807,76300.1961123025,2641.1787165161804,873.9910129342898,509.4646851834841,485.50033420306863,-4.010763948611455e-05,0.0577860379511577,96,69,94.3789827170088
7995,849.8438524280893,155402.87716713815,75189.53617286946,76261.28606919742,2615.271898836887,850.5968129067769,494.2885415595956,524.1394420310098,8.171733217425933e-05,0.0554889791026656,96,69,94.37533853041208
7996,849.8605808891078,155369.38863777736,75196.22807655095,76290.50843136395,2550.4279313788866,820.4382593116316,479.3082316504442,552.4978583580814,-9.17577965682204e-05,0.0771772546185601,96,69,94.37168643308328
7997,849.8644014570713,155325.20150263468,75177.50610183118,76287.04319995047,2471.2471038587973,788.7498799106979,466.92384398399736,584.9856196925102,6.635361311846425e-05,0.0805664906903102,96,69,94.36802651547444
7998,849.8806346287529,155324.23194655983,75171.68091718334,76296.97274511898,2382.4220599966357,756.6845002499904,456.2024593394017,608.4373105951236,-1.532109298108652e-05,0.0916972270150206,96,69,94.36435886882224
7999,849.8836669024365,155252.07759134573,75146.85302444732,76225.59667951803,2304.0189295362798,728.2740818189195,447.4354439280287,636.3568322001374,-4.162479643251666e-05,0.0811063695702639,96,69,94.36068358514412
8000,849.9006234205664,155227.56789184266,75140.49001586977,76253.93283057606,2233.014801665093,703.0211384601716,438.33568358400953,655.0181041228352,8.248674943338735e-05,0.0738113728246638,96,69,94.3570007572349
8001,849.9043052747297,155221.01759367753,75125.21888645894,76243.69695395613,2181.7380871244823,683.3532554335543,428.82586771194474,677.8670396375528,-9.148233765259388e-05,0.1072296006858728,96,69,94.35331047866325
8002,849.9205391028254,155229.1904254011,75141.69027253671,76249.92757117734,2139.2434865687974,666.824516659588,416.8650467375701,692.0095187944826,6.513977857955491e-05,0.1233718394539075,96,69,94.34961284376725
8003,849.9235948802221,155174.70194533307,75144.2198384034,76242.33309999086,2110.343808153877,653.9599018853041,403.1547353218484,709.2697803071933,-1.3637844840520962e-05,0.1343998573461773,96,69,94.34590794765175
8004,849.9406179592253,155158.81934607838,75130.6041049796,76238.88257195808,2079.058162690082,640.9461067581578,386.9190231633256,716.5241082495777,-4.312721708303428e-05,0.1412870852912717,96,69,94.34219588618348
8005,849.9442288896645,155173.43431561498,75116.7060604372,76216.61245660267,2049.4632568504894,628.2849952252145,370.5496110741806,725.9124756324163,8.322801185259002e-05,0.1348581252323396,96,69,94.33847675598798
8006,849.9604264696353,155106.8625656941,75138.56322276812,76188.17600886732,2007.7912910947925,613.1000400169869,354.64366475489805,725.9935229213734,-9.117618177979104e-05,0.1517345551867235,96,69,94.33475065444512
8007,849.9635434143211,155144.11203511598,75131.91990407,76230.99573210713,1961.988604451064,597.4421009589132,342.0429510154063,728.7062436355336,6.3904563105916e-05,0.1487853057351501,96,69,94.33101767968544
8008,849.9806010617854,155151.19811614777,75085.64082142185,76237.9529663323,1904.0583056308096,580.1263643679267,332.65928543091286,724.0346186109236,-1.195078994188493e-05,0.1112667968184999,96,69,94.3272779305866
8009,849.9841530497804,155150.56105496647,75128.30728201516,76213.44540613203,1849.0740482620895,564.8242057596945,327.88558609067695,725.0300667150877,-4.461440189203752e-05,0.0861554371122452,96,69,94.32353150676826
8010,850.0003090253455,155131.47193460743,75130.67222328905,76226.53004999891,1794.4361304413178,551.1751012566965,325.84063458270975,722.7853401385655,8.394088271490085e-05,0.0360937394469444,96,69,94.31977850858884
8011,850.0035055134362,155133.34185814115,75133.52949185391,76203.441427564,1756.701557510998,542.7975583635707,326.5006871346559,728.3915527682984,-9.083944690910982e-05,0.0043111664049031,96,69,94.31601903714144
8012,850.020575657302,155124.60960832547,75119.12023722686,76202.32320007723,1731.438403233362,538.6857202599058,327.55178860609885,731.8795482943824,6.264839324333044e-05,0.0143537801724639,96,69,94.31225319424924
8013,850.0240758378126,155090.08695652118,75110.03754669511,76198.95311307536,1730.8380533093587,541.5631851124199,329.64195142826065,742.8154341247282,-1.0260498193459371e-05,0.001447577590191,96,69,94.3084810824615
8014,850.0401888314663,155110.52888872,75097.47022446315,76204.11581633658,1743.4574015013059,549.0000468073704,331.5731981708959,750.548809884669,-4.608585701216093e-05,0.0066244236518819,96,69,94.30470280504925
8015,850.0434808442445,155082.93851594647,75141.08641056286,76212.81604874342,1773.3695320650004,561.8836774793745,334.8853811562003,762.5561291319318,8.462513503552959e-05,0.0265053296380708,96,69,94.30091846600118
8016,850.0605395806801,155043.2436009338,75121.51251414815,76192.86533746049,1803.6172619173885,576.0658830990724,338.6775300245208,768.521039564017,-9.047226077918022e-05,0.0281803117054021,96,69,94.29712817001908
8017,850.0639999308942,155053.02388051734,75111.36611672273,76221.55207313319,1836.971318438882,591.2994038749748,344.08911994384835,776.5076039235282,6.137170197161425e-05,0.0312516758787986,96,69,94.29333202251372
8018,850.080063504891,155076.39847596333,75103.7899195472,76209.30931511473,1858.123743901553,602.8724237275164,349.16600433486747,777.6852973117784,-8.56754104830827e-06,0.034181775388128,96,69,94.28953012960004
8019,850.0834738450868,155064.88820598426,75089.5689339826,76189.91576206515,1873.0164488670416,610.683583040518,353.8511651371373,779.7516138942738,-4.754109360254721e-05,0.0412882116616536,96,69,94.28572259809287
8020,850.1004844920897,155062.0160395942,75122.90136574779,76201.96560385506,1871.0635012420826,611.1460692768451,355.56556380019174,774.9639433256525,8.528055181813445e-05,0.0448080735989296,96,69,94.28190953550276
8021,850.1039369872601,155032.8203319184,75101.90695853678,76204.02016430811,1862.6380003345548,605.9295997659356,354.47597650569514,771.2469187189708,-9.007476119023406e-05,0.0480910886367193,96,69,94.278091050031
8022,850.1199167662805,155061.25623169416,75083.01556909876,76218.18886923786,1838.9795316315722,593.1416366754856,348.8141561871453,761.5205013117229,6.007492905666263e-05,0.038650318487798,96,69,94.27426725056506
8023,850.1235131489582,155048.62470747606,75100.25465874652,76220.06840266031,1809.367501672008,575.6630008254142,339.79963344789576,752.7180997254036,-6.872490154953456e-06,0.0377256580898557,96,69,94.2704382466745
8024,850.1403504341359,155096.5991302968,75111.25298774522,76211.67765269836,1764.009693650296,552.6246013366908,326.8068866026297,738.5843064102519,-4.897962895752408e-05,0.0363450183347398,96,69,94.26660414860524
8025,850.1440702692204,155104.38015673295,75114.79930690274,76203.63649928418,1711.7827745133545,527.5476491865411,311.901530275587,725.9749401888985,8.590692533465337e-05,0.030840515006694,96,69,94.26276506727606
8026,850.1605190646096,155105.93169721885,75130.14958250259,76221.7482514679,1643.2990866058972,499.6820451620006,294.7520296029106,709.0713435653888,-8.964709653004629e-05,0.0505735405914577,96,69,94.25892111427294
8027,850.1633661389062,155119.49957803535,75117.95308028693,76230.07787182282,1569.4187087333412,472.2550281529111,277.30281064726296,693.9984288745618,5.8758521179997016e-05,0.0438590188875783,96,69,94.25507240184488
8028,850.1803625496962,155124.75339090146,75139.40996660046,76223.11367174207,1483.0359105798998,443.7870228018437,258.7994607340079,674.9228152582655,-5.17591821803848e-06,0.0372729411729301,96,69,94.2512190428986
8029,850.184004490251,155137.08395248602,75112.2059724373,76246.13515673773,1398.082489159773,416.8072428989108,240.933287693304,657.5877800698217,-5.0400985911645454e-05,0.0542483021537936,96,69,94.247361150994
8030,850.2004090121475,155172.26755823003,75099.51689523454,76213.43461276357,1309.4665640035528,389.3115956059919,222.95291195317986,637.0062752607046,8.650405821651864e-05,0.0576073795115043,96,69,94.24349884033902
8031,850.2032956090729,155194.0144258489,75122.41899793569,76181.92408033289,1230.17552278738,363.34113972779596,206.6683376962028,618.1549036903598,-8.918942498832105e-05,0.033782860118417,96,69,94.239632225785
8032,850.2203478523161,155238.3096534711,75128.94386180004,76201.68677592225,1152.5670968728373,336.8669103282882,191.57629426658968,596.2488192121091,5.742293133502034e-05,0.0327040634920111,96,69,94.23576142282124
8033,850.2239461225255,155214.1607971462,75097.42320685426,76202.38490091724,1087.1186121248757,312.36934202320117,179.73053839275963,575.7204728988872,-3.478397438590834e-06,0.02649826879418,96,69,94.23188654757035
8034,850.2402889658633,155250.93036122902,75087.42118104085,76217.8821072407,1023.8019360505277,288.3980081393529,170.52165723204962,552.3022708952194,-5.180469376721301e-05,0.0312034305991504,96,69,94.2280077167831
8035,850.2432392683794,155247.8744185583,75095.72021876814,76205.99299290308,970.2404922723654,267.47384455491556,165.23204140368034,529.6506342326757,8.70717629176458e-05,0.0212453658340808,96,69,94.22412504783313
8036,850.260328323483,155289.47828129554,75069.26507194735,76198.35621434423,914.9996036874363,247.90943977043207,162.06339752240456,504.1546063623973,-8.870191494699751e-05,-0.0180212377505274,96,69,94.22023865871236
8037,850.2638839597431,155315.44668526365,75100.69437749364,76198.11293284102,866.5283695290564,231.75764009260456,161.000552317244,479.5379253755964,5.6068618359134085e-05,0.0065706896496346,96,69,94.21634866802484
8038,850.2801660757274,155393.83622134122,75076.21881484946,76211.35518433967,815.2216779665905,216.8094269397261,159.10869565416942,453.12584641203284,-1.7805003521786815e-06,0.0216399139122766,96,69,94.21245519498244
8039,850.2831937592297,155350.28398258387,75088.01478636228,76212.287136306,770.3954498608364,204.42550086083065,155.6304586266051,427.8831560315448,-5.319028723317973e-05,0.0496019288434554,96,69,94.20855835939916
8040,850.3003045596952,155390.68723698557,75101.61090643435,76207.58669334027,723.2000048366026,192.2485603914538,147.85825314503745,401.2111326903978,8.760986188733878e-05,0.0468821276749856,96,69,94.20465828168606
8041,850.3038173882978,155429.71554031884,75114.6054584095,76197.84950732502,683.5636613675742,181.98225573460513,136.3907050366397,375.170784743852,-8.818474458623689e-05,-0.0026395717764033,96,69,94.20075508284572
8042,850.3200414964404,155423.0824820075,75076.78319311823,76177.21610422683,642.2262277753325,171.9036545233539,120.69277895247797,347.37005052116,5.4696047761470925e-05,0.0121683086486214,96,69,94.19684888446707
8043,850.3231594697136,155480.6782667046,75110.33229134789,76198.55891348887,606.9893958923058,163.85675106418785,103.57825102520292,319.1572795351676,-8.27997319636665e-08,0.0114268379206322,96,69,94.19293980871969
8044,850.3402742534181,155507.49149450782,75079.20099123052,76202.80534391386,567.0443736693123,155.9473574214353,86.20570512808627,288.8403389341547,-5.455730791104402e-05,0.0041059389339374,96,69,94.18902797834856
8045,850.3437484887501,155556.37414846636,75125.55761586911,76195.31284242011,529.6919924743124,149.21926171363157,71.82556839336758,257.60395412059734,8.811818769398603e-05,0.019686389041709,96,69,94.18511351666903
8046,850.3599138379595,155563.67615517537,75086.24687861155,76176.96173072614,483.7994978298084,140.64008169325825,60.431410152988974,224.53284020590945,-8.763810230897023e-05,0.0236732835075905,96,69,94.18119654756056
8047,850.3631394589976,155603.7271459518,75075.21977603379,76199.5338065507,435.495022584917,129.90516450477298,52.719928735954454,190.47600435145432,5.330569067443312e-05,0.0071174447585574,96,69,94.17727719546129
8048,850.3802315489456,155656.06252838965,75116.00159414875,76211.95292691354,373.73909573530545,113.6633233356697,45.969178063067375,155.37081462534843,1.6141327967988074e-06,0.0160261874108657,96,69,94.17335558536313
8049,850.3836845254887,155640.98740472144,75126.08445802082,76197.33679543172,306.5057167864288,92.57035337355046,39.11407661056728,120.10279245796846,-5.590530425146619e-05,0.0293064510203195,96,69,94.1694318428055
8050,850.3997739769526,155713.19123308442,75107.43341393807,76168.15966122299,226.44208120024996,65.9064612872171,29.525295617320808,85.94863807177171,8.859658298379857e-05,0.0172670227275698,96,69,94.16550609386977
8051,850.4031496974521,155757.82201017023,75109.14646244033,76186.67292892386,146.8625696101808,38.067812256893376,18.246427014411893,54.371957222989295,-8.706218598251613e-05,0.0447588500469403,96,69,94.16157846517407
8052,850.4201443176067,155771.26253413397,75123.27581268364,76196.21951208697,69.27205678686732,13.1724976903497,6.582574918953469,28.167601147841197,5.189802386833359e-05,0.118341829563796,96,69,94.15764908386664
8053,850.4237104466139,155790.60473609914,75116.26789175144,76202.89193265303,17.17746539658401,-0.0,-0.0,8.887663325993344,3.309725355529987e-06,0.3040370350795116,96,69,94.15371807762124
8054,850.4404137011068,155789.2445786223,75115.29748496105,76211.69189305766,-0.0,5.341733096531243,3.1230866511468776,-0.0,-5.723383023287744e-05,0.4335341538712861,96,69,94.14978557463031
8055,850.4430666105304,155790.7430742807,75128.4566647639,76211.88359237385,43.8116871403181,37.29067412742006,22.18008337097126,2.066983271331992,8.904490029307145e-05,0.0135145970259785,96,69,94.14585170359992
8056,850.4601153961859,155791.15189899327,75127.84828992291,76195.2445890385,152.4610328892013,98.1949220472743,59.29306888193241,18.18083174235653,-8.645720344762824e-05,-0.2807199374555205,96,69,94.14191659374364
8057,850.4636787857628,155734.72767011594,75080.0888711479,76184.59395760218,338.8099942924455,188.12797463261813,115.26267379100318,46.72011239564745,5.0473530142467e-05,0.0104804956891038,96,69,94.13798037477636
8058,850.4802890177991,155738.19344630663,75078.9107970034,76198.28319045546,588.1610249905498,299.82996006506437,185.30952184306807,89.00167375273304,5.003406916501093e-06,0.0326894381535621,96,69,94.13404317690906
8059,850.4829988950603,155667.2397037255,75129.22813794426,76219.3759385133,891.9849944661837,424.0429388582561,263.557971000002,140.60967824081308,-5.854244735862072e-05,-0.0221996413931053,96,69,94.13010513084224
8060,850.5000889762445,155607.75548876385,75092.52823610138,76231.12089846864,1217.67676493834,547.4532792191312,340.8790337803366,201.37067357555497,8.946300295737014e-05,0.0140496922865245,96,69,94.12616636776036
8061,850.5036383339611,155526.5330019763,75107.55561798612,76185.89590442475,1546.7578379969927,659.2960581292718,410.41326933403616,264.66510244330857,-8.582337248674851e-05,0.0184883090722698,96,69,94.12222701932563
8062,850.520163970368,155467.28731281968,75103.42850246331,76174.10863556954,1846.370028675883,749.7664192541561,465.4685145007679,329.93213899899274,4.903269734893884e-05,0.0325649557142847,96,69,94.11828721767192
8063,850.5229370007959,155431.7075723018,75105.26011635021,76225.50122774413,2104.8503444730304,814.7945753612439,503.7821759224753,390.64623719343217,6.694607912876928e-06,0.0301604805157479,96,69,94.11434709539904
8064,850.5400655791226,155343.9856128215,75104.73691927998,76192.09695745997,2302.0056038601324,852.8851453876414,524.2208285613015,448.3248627738212,-5.98307240854993e-05,0.018296891180067,96,69,94.11040678556624
8065,850.5435890632024,155321.11806335408,75116.79448057493,76225.32921694838,2441.3718289697426,867.4356558886357,529.5693388919462,497.5970059108804,8.985076418624753e-05,0.0100168805851188,96,69,94.10646642168632
8066,850.560038865893,155287.7130911933,75104.5685893493,76185.30061720341,2517.242555302568,862.4598062453442,522.3853740861377,541.9536966518208,-8.516092020701077e-05,0.0193715583355172,96,69,94.10252613771938
8067,850.5628821418014,155246.9998201442,75106.59494155092,76220.56436560536,2543.1643350874656,843.8883596322703,507.19758991731214,577.1524726356147,4.757601882019578e-05,0.037183964977306,96,69,94.09858606806696
8068,850.5800429726849,155188.79390792278,75170.12358719736,76236.19074316045,2520.168249164999,816.1349476852047,486.8557352820644,608.2636675845133,8.38275935819617e-06,0.0229801662576136,96,69,94.0946463475652
8069,850.5835319605625,155202.74619981466,75148.58748395594,76230.83303805531,2465.9164701754344,783.8279401722393,465.1129533564381,630.7480573114008,-6.109823577607797e-05,0.0434326398030607,96,69,94.09070711147898
8070,850.5999137652634,155176.81120511633,75107.79430791078,76229.54470576512,2383.998867549468,749.6190904577961,443.60836127676885,650.0626560522942,9.020806737062166e-05,0.0553379568091311,96,69,94.08676849549596
8071,850.6028354576525,155140.16056689838,75120.2160088424,76274.92843437895,2292.1389413452707,716.1313010907033,424.5617756464635,661.7476536787872,-8.44700829353261e-05,0.0540849460229887,96,69,94.08283063571965
8072,850.6200188285725,155173.6795532203,75110.9430178407,76225.4910976209,2193.3659266544855,684.6057814064843,408.225585698965,672.2277893591963,4.610399291016129e-05,0.0813174370023036,96,69,94.07889366866364
8073,850.6234683338558,155136.07565728188,75136.05267784087,76236.56236023644,2103.438400880783,656.4558787679562,395.42879791598534,676.4905131696141,1.0067293577835924e-05,0.0990137437940493,96,69,94.07495773124478
8074,850.6397884786498,155150.56793199896,75133.07468376192,76223.19039791886,2021.6773152314126,632.0739636597427,385.12514183853636,681.1818767788645,-6.234456483350982e-05,0.0839216568787421,96,69,94.0710229607773
8075,850.6427982973612,155166.02373631173,75137.4740352292,76230.66461539613,1957.0632590416935,611.7032276984974,376.75973317137687,681.0373255422746,9.05348063566748e-05,0.1175333796595253,96,69,94.0670894949658
8076,850.6599902714667,155165.99160284217,75111.10299893815,76219.25498488547,1902.0428089705529,594.6319631648221,368.3797855252051,682.7909097360971,-8.375110717818079e-05,0.12424876359933,96,69,94.06315747189971
8077,850.6634004658011,155170.20676910324,75170.21169462167,76238.16729107799,1859.494028293877,579.8405775305728,359.12539958182606,679.5888293514727,4.461712306125712e-05,0.1100372920771461,96,69,94.05922703004572
8078,850.6796616637074,155137.17281978394,75126.80922308593,76220.87824898871,1818.188000270864,565.9990275292948,347.6880366545229,677.746289965522,1.1747644767412946e-05,0.1377092911827916,96,69,94.05529830824254
8079,850.6827734073975,155158.77628595915,75165.74382436615,76237.52387816651,1779.3807068367023,552.0828178820084,334.47228101221845,670.3643575813621,-6.356930111207371e-05,0.1435655753513247,96,69,94.05137144569298
8080,850.6999522752201,155207.021989204,75166.55160526176,76243.18077159565,1734.6184372619027,537.89666650031,320.0168466080504,664.7105318118993,9.083088552831515e-05,0.1361702377920752,96,69,94.04744658195868
8081,850.7033337317727,155196.27355848678,75147.7399012541,76263.2838832311,1690.6089555133367,523.946112516147,306.3904415972647,653.7519527018303,-8.300424836695926e-05,0.134120650768977,96,69,94.04352385695331
8082,850.720306795726,155206.46419208107,75119.59126494697,76280.9859781202,1645.401749179,511.7836647061631,295.2472224874655,646.1182729560533,4.31159173910039e-05,0.1217044618275013,96,69,94.03960341093504
8083,850.7227753704493,155241.7318043548,75162.71656736133,76221.81851401727,1610.547000926279,502.81088463997,288.65670644905185,635.0617702351883,1.3423248119989566e-05,0.0699115643494386,96,69,94.03568538450116
8084,850.7398778745294,155219.67352950567,75147.56910172243,76243.09210920286,1586.2017238151166,498.72320685534214,287.3670116721769,630.587938525161,-6.477204204333777e-05,0.0269559248330412,96,69,94.03176991858076
8085,850.7433345287741,155225.02381523626,75184.22916803777,76241.20218545297,1582.007304597646,499.87923213021713,291.70149062553537,625.5242855739198,9.109621944068148e-05,0.0258672154691126,96,69,94.02785715442856
8086,850.7601715271105,155219.4029081034,75156.88049206443,76250.65620341667,1593.8098609576118,506.5180076780525,300.5581321729114,629.0899743801565,-8.222977153500452e-05,0.0110217783955363,96,69,94.02394723361763
8087,850.7627083920222,155251.55529396608,75152.21102916492,76216.67670243832,1623.8052646919386,517.2195673932874,312.474349694181,632.8900276955683,4.1600888392675656e-05,-0.0264576932682317,96,69,94.02004029803314
8088,850.7798408526529,155261.15057189952,75153.42986580647,76261.72002932086,1660.954863464227,530.9444518224918,325.3073070217215,645.6393860428361,1.5093541512502166e-05,-0.0156915896515926,96,69,94.0161364898655
8089,850.7833080936965,155209.50331052963,75133.39039428649,76241.80012003215,1702.3210965653998,545.2299373912538,337.2108853958489,656.6245966590359,-6.595239250052479e-05,-0.0016288301213732,96,69,94.0122359516038
8090,850.8000471830939,155237.8848585444,75181.34558042826,76251.4552314146,1735.7258693037438,558.7435658830364,346.5380130825797,672.6679640177754,9.133073304252704e-05,-0.0033906749081766,96,69,94.0083388260288
8091,850.802637318466,155177.55567944326,75154.81896859012,76242.51793998189,1759.189235779806,569.0941986122052,352.28305031871423,682.2052264037484,-8.142795033284598e-05,0.0144715843336099,96,69,94.0044452562063
8092,850.8198158173367,155164.59462270178,75157.64128931858,76264.83635539614,1764.7604669543216,575.6479482732102,354.00814117561094,693.5062623637205,4.007255330168462e-05,-0.0183982155946467,96,69,94.00055538548015
8093,850.823266896542,155199.66061866708,75134.12464881099,76243.0628822644,1755.8361005699262,576.6105505983578,351.72332754847594,695.9611363552103,1.6757964254449632e-05,-0.001235034577025,96,69,93.99666935746608
8094,850.8399269695495,155189.55189793903,75138.13627474621,76273.0523344851,1730.5376436067745,572.1245429489645,345.9392171179352,699.7027962900174,-6.710996530582026e-05,-0.0009376582907405,96,69,93.99278731604376
8095,850.8425676126955,155227.46717854138,75128.14573871515,76227.83715100348,1695.5587691093097,560.979315584802,337.1769934091717,696.0761308954097,9.15343617779378e-05,-0.0128429200880225,96,69,93.988909405351
8096,850.859798408564,155210.2759885549,75148.54517572113,76225.20556032548,1650.6465633609914,544.1666715569445,326.34398737800075,696.9826050181582,-8.059906811273452e-05,-0.0014874371911849,96,69,93.98503576977636
8097,850.8632125896119,155236.40795739528,75117.19880612016,76273.74223689572,1601.4448148329393,521.176045977365,313.9200121801987,692.3689364488819,3.853143372780637e-05,-0.016792736730412,96,69,93.9811665539522
8098,850.8798110427596,155228.71309472545,75131.69271580713,76228.23181151986,1546.0367811396136,494.08235381441773,300.67951310952776,692.1161941110913,1.841595835877371e-05,-0.0235920979736103,96,69,93.97730190274795
8099,850.8824995764967,155211.35984154453,75125.14164219981,76234.95955010172,1487.0429409290664,463.4005115782784,286.6222485685721,684.4523457737814,-6.824438076866995e-05,-0.0323445578716596,96,69,93.97344196126326
8100,850.8997883680873,155231.19986083335,75139.88749332307,76217.48837648866,1421.2276416152017,432.20646644063527,272.1037986620213,678.9761361913406,9.170705149863588e-05,-0.0293264857853313,96,69,93.9695868748207
8101,850.9031430395161,155255.11913228084,75104.99944189921,76241.23027772184,1350.8570007709204,401.0804213303345,256.50783500884427,663.1019504190772,-7.974341682247126e-05,-0.0426501112108521,96,69,93.96573678895936
8102,850.9197039194229,155284.51909888984,75137.50669795238,76247.06535147343,1274.6126521947444,372.55371904520143,239.9003606752085,647.5053036739992,3.697805477169081e-05,-0.0392304910690164,96,69,93.96189184942712
8103,850.9224279756284,155311.76458157122,75115.78755766533,76250.06521417169,1196.5050045661046,345.8509523530811,221.58490207628347,622.0136938641081,2.0066967763278457e-05,-0.0297430339919429,96,69,93.95805220217436
8104,850.9397928214049,155330.02899273238,75130.44853218585,76224.55499686641,1117.904319449095,322.07754538746667,202.22720571994432,600.1362110888585,-6.935526773153081e-05,-0.03959924415388,96,69,93.95421799334652
8105,850.9430450077981,155403.74681230186,75112.26279423398,76228.35281817814,1043.8883345545619,299.01366153174604,181.98420355428243,571.7502549158235,9.184875878929354e-05,-0.0547708145651982,96,69,93.95038936927736
8106,850.959629211845,155383.33447836147,75123.87622659268,76205.8677344112,976.0200899986085,277.42402863365714,162.78178610358736,549.9747945814743,-7.88612973796662e-05,-0.0600335991963905,96,69,93.9465664764814
8107,850.9623102865058,155422.546497855,75141.2292575575,76204.9414155702,916.7281441723462,255.68304445855028,145.63134807616007,523.7212845062313,3.541294583854766e-05,-0.0584548822923132,96,69,93.94274946164752
8108,850.9799112975174,155467.8304917332,75151.82366200809,76229.30967058052,864.7050272308406,236.06089123037236,132.7083027755143,505.0573074797285,2.1710439441397862e-05,-0.0629692969727301,96,69,93.93893847163146
8109,850.9823618396214,155499.26798710946,75096.55322694262,76208.43528724145,818.6085721430718,218.00716651910625,123.89445020270068,479.55081247515045,-7.044226251338046e-05,-0.0751335024181942,96,69,93.9351336534487
8110,850.9991437421356,155479.18037527378,75129.97499331959,76238.77087254266,775.1841946908971,204.58902658602165,119.61327518269536,458.90027746462147,9.195945013927688e-05,-0.1022051475550467,96,69,93.93133515426796
8111,851.002442301121,155516.7676295325,75139.06403290007,76267.84435147175,731.8979303825181,194.80748169578146,117.59883125615306,429.7502102163271,-7.795301960175279e-05,-0.0941275221152892,96,69,93.9275431214032
8112,851.019757464092,155577.5215052748,75154.6491561311,76247.14512596333,687.1756745917373,190.1660484353779,116.79972802184056,404.49143799822195,3.3836640008349986e-05,-0.0766516077430254,96,69,93.92375770230686
8113,851.0223050284901,155612.25160814918,75150.64778405294,76220.63339317156,640.3658945400966,187.4277275991044,114.48032680698088,370.89364435718744,2.334582285327117e-05,-0.0815759307466074,96,69,93.919979044563
8114,851.0390460079768,155647.41245164024,75132.97129027566,76223.13388853427,593.1898497732473,186.54254243207106,110.64813993638381,343.78650052685407,-7.150501025711266e-05,-0.0729145065640548,96,69,93.91620729587984
8115,851.0424623436363,155687.59398328626,75118.02262295347,76225.04473751778,546.8139427040587,183.50785653751518,104.1951359816594,311.81295780511573,9.203910284416368e-05,-0.0871862595049321,96,69,93.91244260408268
8116,851.0596525218695,155717.08129517874,75148.92970802455,76226.80160654985,504.5068231440382,178.75097046435985,96.90008814889006,288.36113210907206,-7.701890206912373e-05,-0.1212589884213494,96,69,93.90868511710656
8117,851.0622152249999,155726.55533035664,75114.96336875127,76214.86663071609,466.312972466636,169.52485555312887,88.66370380902663,259.6837390738656,3.22496737973158e-05,-0.1293853231469363,96,69,93.90493498298952
8118,851.0789792720668,155769.25053198248,75143.11480223399,76235.37300973176,433.9450339821051,158.13949993585993,81.6721191695251,238.26655595525517,2.4972570870451772e-05,-0.125550796081777,96,69,93.90119234986471
8119,851.0824631205169,155812.7133550994,75142.86296105126,76214.26884530908,403.6780686400016,142.94545354013098,75.06318014865974,209.21019551786594,-7.254316384507579e-05,-0.1380565461696801,96,69,93.8974573659538
8120,851.0995530975234,155821.82561471948,75136.1582302459,76202.04045355614,373.9874504968175,126.42584931277088,69.68089559761574,183.9994390104548,9.20877047843164e-05,-0.146093222548677,96,69,93.89373017955936
8121,851.1021182765408,155839.4703941102,75128.511852765,76223.56207768305,337.648488567851,106.26061142604158,62.98835431554471,148.3273702727456,-7.605927164992602e-05,-0.1392987311321732,96,69,93.89001093905794
8122,851.1189275724901,155924.29224138372,75148.64770505381,76240.96205224106,293.02266516687814,84.66296837065602,54.9987961887382,117.04963108230731,3.0652587019368604e-05,-0.1667959784656954,96,69,93.88629979289264
8123,851.1224540535587,155955.25937322908,75154.05381890196,76232.57655820233,234.82358904741704,59.62063387292437,43.233470426057465,78.6245108084986,2.6590138860068163e-05,-0.1804862926513349,96,69,93.88259688956572
8124,851.139452220506,155967.9204687646,75168.3172446863,76237.80033605323,167.946756608726,35.162652060127584,29.416391742182896,49.30029870013823,-7.35563853229492e-05,-0.1688911137255332,96,69,93.87890237763165
8125,851.1420206926546,156055.97697422534,75164.22970093093,76250.17271166091,95.93873245746363,12.512124295186368,14.085500975808827,18.3683139749337,9.210525408503091e-05,-0.1722269028348451,96,69,93.87521640568978
8126,851.1588862349951,156070.71578398612,75128.88628419528,76217.17709047058,35.60114761785371,-0.0,3.0390076788899023,3.2446211847418454,-7.507446367527091e-05,-0.1423471499633052,96,69,93.87153912237672
8127,851.1624373317344,156020.34343897118,75140.26239145655,76202.05069982242,-0.0,1.973702914241585,-0.0,-7.851822386874119,2.904592298657957e-05,0.0350917236825187,96,69,93.86787067635971
8128,851.1793479899659,156048.14027111442,75145.96345310198,76239.55963965613,12.08053523930721,27.49015995571972,12.102841605897993,-0.0,2.819798646994535e-05,0.2506098912216308,96,69,93.86421121632844
8129,851.1819254568226,156046.01922473995,75145.15381785977,76238.57750923057,83.37313858681591,78.20067712127639,41.42020428433898,13.24473610779387,-7.454434467918257e-05,-0.0180350442841158,96,69,93.86056089098872
8130,851.1988529188402,156045.3604836795,75084.73774927467,76221.49424021918,228.92663599387743,157.50881211238448,90.85824998404132,46.756661943596555,9.209175947729787e-05,-0.4994667777389254,96,69,93.8569198490544
8131,851.2024134052222,155961.22511296498,75125.25360685433,76194.51804421013,443.90745291736675,258.81840256179566,155.86528796693892,85.79146918666083,-7.40648220814159e-05,-0.3153762655576611,96,69,93.85328823924046
8132,851.2192400363026,155926.86876563678,75120.10628144698,76218.29845847971,723.5599741942715,377.04708333910094,232.44231335850782,143.23037896846654,2.7430227334223146e-05,-0.1684303947782233,96,69,93.84966621025578
8133,851.221834371542,155892.03019966753,75147.68937105458,76202.23311229046,1042.5845629810356,499.07634645552025,310.646955648961,203.0161163242883,2.979557599133094e-05,-0.2604787403521389,96,69,93.84605391079543
8134,851.2388259891012,155852.44335766396,75105.35509429994,76221.80319505278,1381.6472683224129,617.1897415166168,384.5011044924322,277.70522299362347,-7.55067207600338e-05,-0.2308234594779885,96,69,93.84245148953372
8135,851.2423821789527,155722.1340870926,75114.58323701941,76239.00041796155,1707.0330933689838,719.2286652391631,445.2590201715939,349.2786156431248,9.204724024273248e-05,-0.2273034822885559,96,69,93.83885909511643
8136,851.2591286471225,155670.7955636813,75093.5559371756,76203.66697624944,2000.4552253785077,801.72199210088,491.07363451307174,428.06801346855354,-7.303069875289678e-05,-0.2220497270502404,96,69,93.83527687615415
8137,851.2617486774182,155596.42335985097,75110.56070677655,76200.65313641701,2236.626652593841,858.6142333185999,518.7227453958185,495.7701832349412,2.5806049209058408e-05,-0.233412704683721,96,69,93.83170498121429
8138,851.2788040514268,155558.062968806,75140.92683945243,76195.97958978447,2412.2745207153494,892.9066071920533,531.942283545708,564.6702249275113,3.13823739826027e-05,-0.2568915703300515,96,69,93.82814355881418
8139,851.2823434031068,155463.63863587685,75129.84871412336,76212.3945971243,2517.612506318488,903.4017912086565,531.2630004673847,617.7355214706331,-7.644320151353469e-05,-0.2392546793830101,96,69,93.82459275741331
8140,851.2990144562582,155487.50796575783,75093.54135372497,76238.15247962777,2564.534009360359,896.3516941845737,522.3273570901365,668.675709774805,9.197172574278492e-05,-0.2392773758213161,96,69,93.82105272540656
8141,851.3016692667275,155430.64119180973,75110.64464615949,76196.9855505872,2555.2107087424374,872.6200611530949,505.951761773671,703.0801400515193,-7.197245367890661e-05,-0.2288100061727764,96,69,93.81752361111624
8142,851.3187857894853,155385.95898356952,75116.93664562845,76198.24185488031,2510.5381012498983,839.9327348509541,487.2652511038759,737.624034509703,2.4173939734559067e-05,-0.203739731690008,96,69,93.81400556278513
8143,851.322296836537,155388.26948030473,75116.55521070832,76216.48455935434,2435.6996773541905,799.6478192727518,465.7957101458742,758.2023860037443,3.2957850444096794e-05,-0.2374594451282339,96,69,93.81049872856912
8144,851.3388982999003,155372.94925574784,75132.87545768332,76235.16245903092,2351.1798611549893,759.4151503619214,445.5332980688836,780.8197374199226,-7.735348314807353e-05,-0.2133997081498508,96,69,93.80700325652948
8145,851.3415967705549,155349.56749715155,75118.03733128008,76218.439634158,2258.7338258430827,719.8506500956864,425.22288077301346,791.5096149323217,9.18652559453396e-05,-0.1951575739630863,96,69,93.8035192946263
8146,851.3587699048641,155335.77407229936,75131.51440514332,76241.81594556058,2174.4773282074602,686.9687546169007,408.4175911557104,806.8477652658767,-7.089045487506759e-05,-0.2003148284641871,96,69,93.80004699071011
8147,851.3622423284498,155356.86435484554,75134.61371622204,76221.52579246282,2093.3358560071792,658.3775992677256,392.9690172400442,811.4864147721964,2.2534453004279943e-05,-0.1773412682045085,96,69,93.79658649251527
8148,851.3787811323501,155348.32045482594,75122.88437771058,76241.61216979094,2025.2580116918543,636.806200607607,381.41746963976766,820.7671359750093,3.452147990766177e-05,-0.176019528390228,96,69,93.79313794765255
8149,851.3815316010413,155390.5217070257,75141.6104895055,76221.6146730948,1960.2133531066356,617.3436633324454,370.6236478362116,819.675504772691,-7.823727143447966e-05,-0.1686170332453294,96,69,93.78970150360124
8150,851.398755096828,155335.5774566674,75129.24973797156,76210.66230892629,1905.653429915721,601.5406919010711,362.3941388320818,824.4947851934994,9.172788163543128e-05,-0.1561942275870735,96,69,93.78627730770282
8151,851.4021798661295,155349.17719287626,75102.44951604072,76224.72207621914,1849.5557408116874,584.3717963925155,352.897915318812,819.3922929606633,-6.97850785188724e-05,-0.1474110184934347,96,69,93.78286550715232
8152,851.4186639641928,155366.9920736822,75165.34909587924,76197.32714986314,1800.0150192206493,568.609497280384,343.9712398456468,820.390192697465,2.08881449909014e-05,-0.136674847129139,96,69,93.77946624899204
8153,851.421473979128,155415.05478454716,75145.12127500463,76225.4797377532,1747.5491155880154,551.3452031013439,332.6286771308223,813.0068242434936,3.607274099296164e-05,-0.1376712984949542,96,69,93.77607968010388
8154,851.4387400568871,155380.56526262226,75113.59540912457,76237.71597498129,1703.9164275398361,537.3525087675662,322.06526101665804,814.6966200058523,-7.909428083921588e-05,-0.1366498655792588,96,69,93.77270594720156
8155,851.4421096089709,155376.55293276723,75148.2850319066,76224.90007570686,1661.4304821850383,524.5821257772186,310.4344935590052,810.0474471308698,9.155966359957268e-05,-0.149376952024247,96,69,93.76934519682422
8156,851.4585478059934,155423.73975364162,75146.9729372426,76196.26228843839,1633.2615944568533,517.8733197924012,301.98833292594645,815.6440694901103,-6.865670779943712e-05,-0.1654780389414614,96,69,93.76599757532802
8157,851.4614239633988,155418.6774829235,75112.34656499152,76222.25191763393,1612.2528933796566,514.7845969610498,295.59927527591935,816.15996619215,1.9235573619431947e-05,-0.1928190975365591,96,69,93.76266322887967
8158,851.4787234632115,155396.72755270856,75099.79130904502,76226.34427353875,1610.895450707525,519.2562435246364,295.4018068930309,827.8195005497255,3.761111650699564e-05,-0.2428872221160334,96,69,93.7593423034486
8159,851.4820319225656,155393.33682524736,75154.47859206458,76215.71862697786,1618.705075190228,527.3845005558833,298.89947416752693,832.8855446090165,-7.992423521032876e-05,-0.2582799459847684,96,69,93.7560349447999
8160,851.498433604087,155393.71472426062,75139.92232727243,76183.77972251808,1644.8421758415643,541.8232086713833,308.338323385542,846.272083033924,9.136067274258494e-05,-0.2523561334736804,96,69,93.75274129848708
8161,851.5013814949895,155393.67983516294,75078.93684972575,76206.77796431088,1675.8837178472313,557.7843269556615,319.453988050489,850.8283791285648,-6.75057340177764e-05,-0.2607753760629997,96,69,93.7494615098442
8162,851.518703957732,155384.59071345883,75128.08985297829,76211.88903524142,1718.229153709719,576.9759638401592,333.1748347157263,862.1769218947447,1.7577298964213433e-05,-0.2619363847178558,96,69,93.74619572397948
8163,851.5219474320928,155411.84447782676,75089.00398693334,76211.34330301551,1755.0371036354918,593.40959078382,344.5633116202662,862.3015475331049,3.913609402368987e-05,-0.2597898498857705,96,69,93.74294408576708
8164,851.5383221458419,155408.84669353318,75137.23600509988,76202.51907972858,1791.3009874605923,608.0946905422024,355.0153002286097,867.2324005181144,-8.072686741287757e-05,-0.2527303848036902,96,69,93.73970673984071
8165,851.5413464872922,155412.74224252297,75108.34792017582,76223.81815074044,1811.129434340808,615.3219783542154,360.9225197538035,860.7337759255606,9.113099097380916e-05,-0.2554265910615198,96,69,93.73648383058546
8166,851.5586800687478,155415.42782757373,75104.78265650067,76217.70184819089,1821.9669697417412,617.0909820842498,364.9545469239529,859.9376632757485,-6.633255576526686e-05,-0.2427310248437556,96,69,93.73327550213128
8167,851.5618571426179,155409.69856252766,75140.06383803641,76232.56386061618,1810.6824760372401,609.241938843843,364.1596264457039,847.803897498321,1.5913882616224835e-05,-0.238302750794919,96,69,93.73008189834526
8168,851.5782138722917,155450.29490218917,75133.23438801001,76223.51432015466,1789.0350459432811,595.9966442924924,361.5261174173502,841.8475572998868,4.064716598031778e-05,-0.2265679630273695,96,69,93.72690316282464
8169,851.5813190447154,155501.39472182785,75101.42094640851,76229.88365297516,1748.505704467534,575.5432961678162,354.26456270110793,826.3204533542157,-8.150191993490945e-05,-0.2205297794592991,96,69,93.72373943888915
8170,851.5986499628146,155479.9545552988,75149.71701332081,76227.95851912259,1703.448582533223,553.3713895009423,345.19150275026914,818.6880068006867,9.087070994714072e-05,-0.2307828771649428,96,69,93.72059086957444
8171,851.6017627877956,155523.20468005864,75146.53146235758,76237.3308290688,1645.027713155956,527.577461207853,331.2681126923417,801.068507116317,-6.513757881754677e-05,-0.2365575870238124,96,69,93.71745759762445
8172,851.6181083690474,155525.16061528306,75124.39487566054,76228.23788458217,1586.4993560727453,502.8320653111732,315.5321137922583,790.231046056695,1.4245887647186982e-05,-0.2330444492650356,96,69,93.71433976548406
8173,851.6213001441129,155539.8072992033,75142.81021910078,76231.89016757201,1517.7294236361631,476.2263788699347,295.6813226300292,768.9132981669391,4.214382949521923e-05,-0.2285390204467717,96,69,93.71123751529208
8174,851.6386105279829,155568.40579413113,75120.82076525039,76223.72334091115,1449.9341957987053,451.1215949902398,275.3797030603746,753.9014625339769,-8.224914444739246e-05,-0.2175203191712697,96,69,93.70815098887428
8175,851.6416681697456,155622.0679239092,75124.69626541848,76223.07857813565,1371.2247116831131,423.5075870807632,252.76413098466583,727.0660758643935,9.057993184609344e-05,-0.2096694211205407,96,69,93.70508032773564
8176,851.658002326882,155636.66450961205,75169.06026985342,76225.72274476996,1293.6180278422544,396.4418732469494,231.90070068262867,706.4576100160484,-6.392121635163797e-05,-0.2633426349411071,96,69,93.7020256730538
8177,851.6612947776252,155672.00262390927,75167.26884349153,76252.06365300287,1208.2450262480415,366.4966374499927,211.2024138859124,676.0844959512178,1.2573878332186054e-05,-0.252158344936956,96,69,93.69898716567155
8178,851.6785523032378,155706.44955015386,75143.18695856724,76260.8117038734,1129.6729061502847,337.46075677510817,194.32305352689582,654.3179339809576,4.362558709429825e-05,-0.217706447677116,96,69,93.6959649460898
8179,851.6815880132533,155740.114053996,75152.64971060249,76234.11731165319,1050.3686108957627,306.87135916885745,178.91855770986876,623.6603463377105,-8.296830233656992e-05,-0.254206511262567,96,69,93.69295915445998
8180,851.6978724204031,155781.64520822646,75158.25026819807,76242.85263006527,985.2256272834493,279.64615581811813,167.9617570610426,602.2201366639638,9.025876909454512e-05,-0.2454206674215972,96,69,93.68996993057804
8181,851.701351183715,155789.39567113243,75154.18810564437,76242.25974949652,925.5208860242856,254.21317166139488,158.7380877408723,572.7232998564723,-6.268388824275989e-05,-0.2217261471807498,96,69,93.686997413876
8182,851.7183222168868,155854.66332392252,75166.85422264307,76236.52999094469,881.7724576426554,235.03798805469705,153.6205222562421,551.605505406711,1.0898420217010594e-05,-0.2369075585098884,96,69,93.68404174341605
8183,851.7207392501977,155859.78074047723,75172.53671250622,76240.23728532575,840.2513994870242,219.247062495735,149.4583145347715,519.488559507241,4.509194625184893e-05,-0.235593645154099,96,69,93.68110305788242
8184,851.7379344309325,155897.58736863633,75164.84024798225,76244.16630191085,809.2886863499298,210.0294022774906,148.62270468554925,495.0934792076587,-8.365916418307257e-05,-0.229645745756412,96,69,93.67818149557525
8185,851.7412608789335,155933.57970917955,75167.77270680922,76237.7545568869,773.7600958409603,202.92731032105803,147.58810060020187,459.25182517955545,8.990734419331584e-05,-0.2206272859831268,96,69,93.67527719440282
8186,851.7582672829878,155984.4324262152,75196.86750184016,76227.12018992974,742.176219072484,199.7672187090502,148.02323731512297,430.8015978508047,-6.142602140065206e-05,-0.1991391437644324,96,69,93.67239029187516
8187,851.7605882245675,156027.10610480324,75169.47271710298,76220.33884602852,702.2989896766958,195.75795783616195,146.10439962684177,391.7770126752148,9.22007965168523e-06,-0.1903681608292718,96,69,93.66952092509617
8188,851.7780003070825,156091.81175197585,75182.21602252417,76249.79119321771,666.4458303278661,193.10480333710439,143.68731831668993,363.42783690054785,4.6542419898616754e-05,-0.2438038223829167,96,69,93.66666923075766
8189,851.7810785991454,156081.06453687605,75168.39536892886,76261.66010071959,624.5412383382791,187.58007918285148,137.60993780370336,326.92199808970327,-8.4321510722486e-05,-0.2751280780148882,96,69,93.66383534513156
8190,851.7985460412519,156159.26324641178,75173.39695112008,76267.58776390567,589.4089376074262,182.07101268148108,130.8467685202777,302.2819858172734,8.952579004139107e-05,-0.2640768968444709,96,69,93.66101940406328
8191,851.8011021744517,156150.56750608815,75169.42591718204,76275.58061506551,550.9180205433513,173.3701611951692,121.71568101402954,269.55471883303835,-6.014804970010519e-05,-0.2717408340031488,96,69,93.65822154296475
8192,851.8178082279358,156225.3590682398,75167.12599353152,76266.28849661177,520.3970029382617,165.063531728636,113.96413528374978,248.08303821616573,7.5394235894506335e-06,-0.2495962255771128,96,69,93.6554418968077
8193,851.8211278947972,156220.92546803958,75167.92405323483,76252.12998625034,486.39348099014023,154.45769022438617,105.84864416217897,218.20997664061724,4.7976526964577785e-05,-0.24179999012732,96,69,93.65268060011604
8194,851.8384418496811,156279.14308388295,75168.93001339199,76245.1758776606,456.7890099125216,144.38615339084936,99.48539417801658,197.87813469278626,-8.495513203056305e-05,-0.2587892261206334,96,69,93.64993778695984
8195,851.841011433142,156321.5222381822,75181.2810487011,76233.19637580524,417.41368148924084,130.94921106939728,91.18152436433593,166.51107051532017,8.911424899005903e-05,-0.2409183454773198,96,69,93.64721359094784
8196,851.8577347541444,156341.4063109638,75148.02800728916,76265.134353584,374.78061594907194,115.74037770254654,81.59911237223423,143.7891168310016,-5.885041307847423e-05,-0.2295167801013229,96,69,93.644508145221
8197,851.8611256459861,156366.57808435935,75135.2239557526,76214.9227615204,315.67988433886785,94.53432049328694,67.06480010226369,110.7511003644322,5.857019566076251e-06,-0.225522399377761,96,69,93.64182158244512
8198,851.8783596667844,156392.12964880848,75189.70189957427,76263.95125491021,249.01789707381977,69.87843794896617,49.64427961860201,87.13205471661058,4.939379144306024e-05,-0.2279253975774046,96,69,93.63915403480486
8199,851.8809023452555,156481.94422924524,75180.36316749445,76237.70112832336,168.34308022412006,41.040401963415206,28.947290339536266,54.33871512164478,-8.555982817506122e-05,-0.1187998083147851,96,69,93.63650563399597
8200,851.89768306131,156461.2802562151,75159.6350717387,76232.85280029697,92.70416046038736,16.007849766378058,11.210489379649516,34.755988881603116,8.86728743105138e-05,0.1316428463649367,96,69,93.6338765112195
8201,851.9011104976074,156507.86732103262,75167.56240836454,76261.25694716586,27.35312529996736,-0.0,-0.0,11.300036676228046,-5.753355828833965e-05,0.1446582841194213,96,69,93.63126679717406
8202,851.918279066776,156522.76983876948,75190.78670585771,76266.4275370217,-0.0,4.769745567857171,3.4532239405671135,5.683101564151002,4.173435518873384e-06,-0.384938753205397,96,69,93.62867662204997
8203,851.9207879854921,156539.98990769396,75172.09084025524,76232.05872465795,20.979203954921104,35.85064880021673,24.618470983899897,-0.0,5.0793743808407525e-05,-0.5020036461151084,96,69,93.62610611552196
8204,851.937645564161,156521.4856877317,75183.30639670826,76246.7385225178,116.03886137373047,100.4945042640611,67.99031933952938,16.804343525291188,-8.613540901878821e-05,-0.1965585962654846,96,69,93.62355540674258
8205,851.9410857711376,156491.45205255717,75168.65333300307,76259.9693340565,285.4220190925407,195.429323385717,130.50496417627437,37.17098784047994,8.82018288475574e-05,-0.2507188538380071,96,69,93.62102462433609
8206,851.9581979262655,156464.0965158076,75196.77506163114,76259.78316780218,535.8470895573846,316.3484719249682,209.02563082438428,80.447849731514,-5.619793841956772e-05,-0.2323224420522286,96,69,93.61851389639082
8207,851.9606705675409,156478.3659627392,75193.73911950356,76275.48232032193,845.4106932430877,449.45692816491646,293.9461061504553,124.80800259605167,2.489239191080555e-06,-0.2352680145956083,96,69,93.61602335045336
8208,851.9776217780282,156382.3767913294,75155.07879012743,76267.29004410561,1199.1234991901438,583.5639905364369,378.1046685684705,188.7094943113916,5.217592033316583e-05,-0.270041897117634,96,69,93.61355311352172
8209,851.9810493500091,156332.74811403052,75190.58500377923,76262.18123100942,1558.8844952728832,703.4606730856904,451.5244215792045,248.2428995485534,-8.668169398223914e-05,-0.2440519018433829,96,69,93.61110331203868
8210,851.9981190339095,156253.40316822563,75163.95902891445,76292.62679159187,1901.1594343286706,801.6470767360006,509.83924145722995,319.13083769837976,8.770128508563268e-05,-0.2395726214320827,96,69,93.60867407188522
8211,852.0005475165539,156220.34462629148,75214.95330597644,76285.8911386292,2190.9288708154927,870.8492663909128,548.6210141357733,377.0752735339047,-5.484401208554232e-05,-0.2374094717841526,96,69,93.60626551837414
8212,852.0176163949435,156114.5347656696,75190.19506119483,76270.5953643487,2417.027773389418,912.8559322212968,569.8340474787983,440.7201449299755,8.049989922540515e-07,-0.229066953768787,96,69,93.60387777624364
8213,852.0209924117373,156136.2771441145,75179.49483229824,76274.02418121311,2563.2577359630377,928.5814421020623,574.7005712593673,487.9196809285786,5.353986353287822e-05,-0.2174524708042949,96,69,93.60151096965038
8214,852.0380549614362,156111.68168347582,75176.97121231412,76265.36977287855,2638.309450296045,924.9397595797782,568.6820630030998,538.4320869704534,-8.719851315790304e-05,-0.194467057463941,96,69,93.5991652221636
8215,852.040401007432,156035.993783927,75191.4521011895,76270.24646366645,2645.0759521356085,905.1936781377153,554.5374495291035,572.0172975717869,8.717142577705953e-05,-0.1871884634940146,96,69,93.59684065675854
8216,852.0576608794693,156030.5366551155,75162.80383620539,76227.94326991978,2605.9905940128956,876.1311287547287,537.2256279760913,611.1511291766074,-5.347224458151976e-05,-0.1704860912516168,96,69,93.59453739580954
8217,852.0608483982801,155990.3193167674,75183.66511205187,76275.31246387046,2530.936222585442,839.6149566563254,517.8143823592691,635.1036172661989,-8.787178072825961e-07,-0.1681494004908322,96,69,93.59225556108464
8218,852.0782160479176,155974.77578685954,75197.15806137012,76282.78549848463,2441.8428505993215,800.6189164360403,498.9160953911487,664.5457178646175,5.488512237741411e-05,-0.1729897255821327,96,69,93.5899952737382
8219,852.0809897650519,155994.77260400835,75174.02354966763,76256.78878695083,2344.1005629681167,759.8998873911769,479.7235345207737,677.9388182885887,-8.768570595956363e-05,-0.1388945988352662,96,69,93.58775665430548
8220,852.0975009774576,155954.46444437886,75176.52354308039,76280.83254366752,2251.520689670462,721.5279768514592,461.36618722684216,695.2642326572386,8.661244329429005e-05,-0.123103463834043,96,69,93.58553982269564
8221,852.1008700424418,155974.55799807818,75169.7422649773,76269.11186057642,2161.7998642918537,685.6848620359233,442.53359010381973,696.3278686510166,-5.208310647350381e-05,-0.1104907218766863,96,69,93.58334489818606
8222,852.1181414396517,155980.74687753848,75150.13290925752,76286.50301999797,2080.852611507755,655.1297564790148,424.20339826197596,700.7164139366942,-2.561343760693571e-06,-0.0928702501856837,96,69,93.58117199941562
8223,852.1208841418897,155975.80422226977,75183.85331866074,76270.6356289964,2001.4419404381188,628.4210744871234,405.4995308285579,688.4080562063027,5.621125206328665e-05,-0.0873089711872287,96,69,93.57902124437884
8224,852.1374292380026,156008.868613466,75178.16491173848,76260.88978965938,1927.2629686062573,606.4637878082431,387.8427451168245,681.4836256816343,-8.814312260939223e-05,-0.0634264947382375,96,69,93.57689275041946
8225,852.1408585862378,156032.11328423154,75170.08120380787,76301.04419464327,1852.3666628610226,586.4483922452928,370.7666463815258,662.6023811371706,8.602453988127242e-05,-0.0537941537255331,96,69,93.57478663422488
8226,852.1580778891818,156076.33180062324,75173.13029432668,76260.42429056132,1782.7090535330935,568.4428576405771,355.5331147201359,653.5479960147059,-5.067707428710548e-05,-0.0640497465164911,96,69,93.57270301181906
8227,852.1607663485128,156073.69469813842,75199.41502747258,76236.959006174,1716.25195252907,550.1543029613822,341.51575565629173,636.015859993262,-4.242312302084503e-06,-0.054986382007189,96,69,93.5706419985572
8228,852.1773736145939,156081.12999525963,75177.61600896767,76283.35196855043,1662.0320008862764,533.2133731524518,329.79368723215885,631.871982400713,5.75178149316062e-05,-0.0655050655101557,96,69,93.56860370911964
8229,852.1808403925342,156093.9837819464,75183.50481684157,76254.5593129036,1619.6867847414687,517.5556660358416,319.9365777874191,622.2944012452208,-8.857062231691182e-05,-0.0795246784020604,96,69,93.56658825750549
8230,852.1980118156896,156134.87727190304,75197.04349681019,76271.04904918186,1596.3108663322637,506.48660700213804,313.2025585641968,626.066868189926,8.540792739036278e-05,-0.1130281722288596,96,69,93.56459575702664
8231,852.2006450329072,156111.8076304948,75197.50483622261,76268.49901700385,1588.3953455886804,500.85277908288117,309.5483497438254,622.2093767787155,-4.925462988851758e-05,-0.1511738932341783,96,69,93.5626263203026
8232,852.2173297121602,156120.22802860592,75188.065477459,76244.6469594165,1598.8694057533285,503.5101090888056,310.2700548522698,629.812151424092,-5.921057667133361e-06,-0.163913144479523,96,69,93.56068005925326
8233,852.2208167196848,156114.92766782633,75175.53338009608,76275.09574216169,1621.0383914787672,513.708659620781,315.0161971570924,628.7684123076615,5.880437962926891e-05,-0.1970906043947546,96,69,93.55875708509406
8234,852.2379422264789,156109.29293714053,75187.34718752051,76257.39256332738,1654.7742735826178,531.625708382504,324.0546406801441,637.3414563632687,-8.896807562329085e-05,-0.1768869263105612,96,69,93.55685750832993
8235,852.2405216149792,156153.56672693198,75185.44107920755,76264.51947267882,1692.328312908765,553.9021781668998,335.8842946309305,635.9129200649331,8.476282686751531e-05,-0.169344124163122,96,69,93.55498143874888
8236,852.2572977180755,156132.36726126896,75213.41010137141,76297.21825618086,1733.0497206044965,578.6207429927163,349.5767676405376,644.7018135783728,-4.781626044718451e-05,-0.1683128428761384,96,69,93.55312898541692
8237,852.260785297519,156151.48510169066,75210.86143501295,76291.81482860139,1769.6724836532376,601.488296558251,362.97499283138313,645.1010139634018,-7.597015083401803e-06,-0.1309532313223741,96,69,93.5513002566719
8238,852.2778713594312,156155.82396378112,75199.2885845999,76300.24628399429,1801.4749980032793,620.6539576580544,374.93121294499724,655.4799524144037,6.00705220109897e-05,-0.1305458091873137,96,69,93.549495360118
8239,852.2803944411263,156118.71970300612,75198.33286453428,76316.1994218792,1822.3267474934692,633.1545881148195,383.8462325469591,656.3568964934384,-8.933536263709604e-05,-0.1481622809910885,96,69,93.54771440261966
8240,852.2972810682702,156133.63478684507,75174.7194653728,76287.66898463485,1832.6493638185784,638.998233178223,389.39564482454443,666.5900921274151,8.408946949308418e-05,-0.1317801832866527,96,69,93.5459574902966
8241,852.3007395932524,156138.67953533996,75200.28777318406,76292.42431421811,1828.2916526754852,637.1744021610066,390.99914841444115,666.8198754929763,-4.6362458172135154e-05,-0.1071969309499963,96,69,93.54422472851736
8242,852.3178076555895,156147.0616467233,75214.70162974583,76271.87668352837,1811.0466320816195,628.9900810025138,389.0035268838983,674.2700468495314,-9.269620992469748e-06,-0.0890598063160359,96,69,93.54251622189427
8243,852.3202524958668,156133.20499139954,75197.02775128768,76279.11400708248,1778.9764326244476,614.3229501021415,383.34304331746534,669.7747688794043,6.131582514734454e-05,-0.0819302270323116,96,69,93.540832074278
8244,852.3372990368521,156218.73642705558,75204.49443892193,76279.63388990203,1735.4130730847246,594.7948480240884,374.4312968288723,671.9171420463827,-8.967237369904169e-05,-0.0724806553003233,96,69,93.53917238875135
8245,852.3406404114348,156183.59614418988,75191.91179943692,76272.24475843825,1679.9940651228535,570.416201118016,362.18462138672476,661.9108787130972,8.338809542617123e-05,-0.0509908571089874,96,69,93.5375372676247
8246,852.3578591467098,156178.0600682784,75185.0289767318,76259.59930452211,1616.2718807418132,542.7502685752697,346.8541290155554,657.0974881462753,-4.489372044804159e-05,-0.0602512668313394,96,69,93.5359268124296
8247,852.3608860281165,156173.52956310989,75195.62679973335,76267.79900620482,1544.2888998053386,512.0478280545067,328.5631274681946,639.743703161861,-1.093831321565794e-05,-0.0529481506148136,96,69,93.53434112391406
8248,852.377197486895,156225.11457699622,75174.67289165285,76288.66690634652,1467.0074044202338,480.0258059360349,307.971489986754,627.733983358863,6.253987883910483e-05,-0.0472340285710125,96,69,93.53278030203704
8249,852.3806226833108,156257.092387984,75189.41282016716,76255.32327040062,1384.722239569819,447.18511607381515,286.0148752699315,606.0916448151984,-8.997900958242753e-05,-0.0513872733599926,96,69,93.53124444596274
8250,852.3978186582104,156322.7575959691,75198.36474658699,76280.47122613108,1300.413569234719,415.07586068206,264.03162041516043,592.6633356125385,8.26589545991033e-05,-0.0274515636450981,96,69,93.52973365405596
8251,852.400764991644,156304.40394341425,75194.47398006632,76263.54981719727,1215.5159313228796,383.8746915050142,243.40532996039838,571.7757209817937,-4.341054945995173e-05,-0.044863866614827,96,69,93.52824802387607
8252,852.4171289443691,156306.546803771,75174.12633068883,76293.33616521137,1133.6595589772915,354.55957980167295,225.17174311025883,560.6513840949337,-1.2602531204095462e-05,-0.0287839640667079,96,69,93.52678765217252
8253,852.4205994203379,156363.86729071493,75191.96632378058,76270.5624607848,1056.8907598226797,326.85863334851456,209.88663192637614,543.5056703774899,6.37422807931083e-05,0.0003153076482954,96,69,93.52535263487908
8254,852.4377737545539,156348.7426591439,75187.8758095711,76294.20040873332,987.6283022159478,301.2938824448647,197.2533265160746,534.7743140250386,-9.025518134012958e-05,-0.0218091097210154,96,69,93.5239430671088
8255,852.4406409573475,156362.0397955828,75196.17034167178,76281.43915862308,926.1897960477509,277.50514333297906,186.6423540097603,516.8401730233745,8.190230541362072e-05,0.005922354880792,96,69,93.52255904314931
8256,852.457068507033,156424.78983950004,75199.84854942496,76271.33146876139,872.0325441372115,256.0419334975886,176.86831555637764,504.02844132471364,-4.191345156947398e-05,0.0126047452179282,96,69,93.52120065645742
8257,852.4605770853562,156451.33754648158,75215.41967211489,76290.91761260663,823.2628086882178,236.6972959639097,167.21791942958953,480.50153126893565,-1.4261716213262186e-05,0.0114632073408284,96,69,93.51986799965395
8258,852.4777213761071,156448.3060721704,75219.297888559,76248.28591053981,777.4177769815433,219.86405407333223,157.0365511950804,460.48120634185034,6.492263591253083e-05,0.0425792061518918,96,69,93.51856116451904
8259,852.4805160597904,156463.38648650702,75194.99697572789,76275.53128850675,732.6219453855883,205.12179995090992,146.7006400450191,429.27203801012365,-9.050081028738191e-05,0.061196454122059,96,69,93.5172802419871
8260,852.4970161906956,156539.53927249208,75218.0099691385,76259.78248551048,687.0603675752645,192.52861209475668,136.47873588194489,402.91461006365716,8.111841617808037e-05,0.0506943554719894,96,69,93.5160253221416
8261,852.500554174083,156573.28566196654,75218.47719048409,76281.77064597595,641.016255885479,181.5679128300544,127.30369349344983,368.898926920403,-4.040293830242148e-05,0.0412335525915885,96,69,93.51479649421098
8262,852.5176621030657,156609.86188325542,75194.79531855715,76279.05916987007,594.5993398192222,172.28598498919746,119.24814384689671,342.0906320664799,-1.591531126445236e-05,0.0377422115237913,96,69,93.51359384656266
8263,852.5203906325656,156622.37830603105,75234.18428649845,76293.08662616267,550.2265435260488,164.4140333826217,112.62996537951403,309.1667878176959,6.608055689757522e-05,0.005042230023171,96,69,93.51241746669956
8264,852.5369729605783,156698.74331108783,75191.59550384649,76297.88444475771,508.4191316316719,158.06629179503943,106.6214003417117,284.06912904803175,-9.071582801830036e-05,-0.0001973988522779,96,69,93.51126744125423
8265,852.5405283376128,156690.28206835856,75216.39681323197,76310.69361356493,471.3170955091482,152.75160845530627,100.97756722310442,253.15268936863868,8.030756376630864e-05,0.0153164196112027,96,69,93.51014385598478
8266,852.5575974652088,156720.80334840415,75205.91763325401,76290.1985757006,437.37802521843696,147.6892110140907,94.6025273053092,227.98952309507877,-3.88795250471686e-05,0.0158900763256202,96,69,93.50904679577006
8267,852.560264156174,156745.62195003658,75215.22969017658,76294.4862663404,406.1698379343143,141.17152710212395,87.31336360046407,194.91803126657032,-1.7562761699272153e-05,0.0175463959404932,96,69,93.50797634460488
8268,852.576940631559,156811.2481961767,75224.41886721127,76321.7350407495,372.2787147870986,131.1380806492234,77.99445102005848,166.5788310644857,6.721566373295121e-05,0.0104824944328597,96,69,93.50693258559554
8269,852.5804959070878,156861.6149883807,75222.84357645884,76301.13377785259,332.6492417313275,115.4392167560436,66.61813137427089,131.523391646886,-9.090017639869216e-05,0.0113416174732938,96,69,93.5059156009556
8270,852.5975310380562,156899.8190700021,75237.7610254607,76291.26176051213,281.0075200620922,92.99700777279213,52.45052541419864,102.27492482378148,7.947003450254726e-05,0.033726396941408,96,69,93.5049254720009
8271,852.600133309544,156870.84177186326,75243.62267157597,76291.03617673722,217.742379755422,64.80854622497282,36.532513468759134,68.71999886649428,-3.734373126970284e-05,0.0552947442045733,96,69,93.50396227914524
8272,852.6169252487912,156961.76456067376,75190.83765433443,76262.66493954169,143.83794141100952,34.82276010628266,19.92031414277153,44.19321978127118,-1.9203515212366187e-05,0.2214997270230695,96,69,93.50302610189613
8273,852.6204452827844,156967.88274325186,75241.97351376772,76282.71375163065,71.75662555359304,10.15617768568336,6.396325055975467,19.516608554287814,6.832758512745858e-05,0.4639314250837366,96,69,93.5021170188502
8274,852.6374862719455,157002.08655961094,75198.63403666683,76263.4114749112,15.85055218054913,-0.0,-0.0,6.4541292724898085,-9.105380811562692e-05,0.2406051568537131,96,69,93.5012351076891
8275,852.6407796880474,156996.64706806475,75210.87719120254,76296.46830219327,-0.0,13.898129120643716,6.782111493725097,-3.643382165930234,7.860612315155438e-05,-0.2667315880006696,96,69,93.50038044517515
8276,852.6569046356746,157013.29342208285,75237.43167505093,76289.29160582638,42.64346404914977,58.83381245164492,31.000266235671006,-0.0,-3.579608056536039e-05,-0.0916905540508451,96,69,93.49955310714697
8277,852.660381828892,156952.07066694248,75210.74065804185,76272.28469939041,162.1862543488387,137.28832382854307,76.10735535324784,9.814689322782215,-2.0837021834800234e-05,0.0713308236878186,96,69,93.49875316851548
8278,852.6774799558152,156998.40392457286,75212.68297506585,76317.32992265213,361.03721621999284,245.4492940728087,140.85708620786318,35.37204432915314,6.941595679805097e-05,-0.022186278029746,96,69,93.49798070325964
8279,852.6806458215099,156954.77012348312,75228.23523148148,76293.9513281732,635.153769366385,374.1700090485392,221.50418026492116,68.31219853161019,-9.1176685640398e-05,0.0558461814873982,96,69,93.49723578442226
8280,852.6968385839385,156884.60926666568,75220.85764031677,76310.38531480341,961.8096199546126,510.23555290090735,309.52865409330116,116.46508799828007,7.77161333511631e-05,0.050401351181582,96,69,93.49651848410626
8281,852.7003463431123,156863.86440832182,75216.11096733641,76326.81968590421,1316.6030433264095,640.1370060481859,396.1664723212598,170.8141336661356,-3.42371000118751e-05,0.0307967549746406,96,69,93.49582887347032
8282,852.7174515014755,156786.8846223667,75184.27483903263,76294.02335270116,1665.2653210431454,752.128469333591,471.593121967715,236.0227348812623,-2.2462734728104247e-05,0.0287979101591821,96,69,93.49516702272513
8283,852.7205195359626,156725.3846739536,75219.59568379678,76307.03796755662,1983.6323227399844,839.252836247586,529.9148495269474,301.0604291931377,7.048042328890816e-05,0.033058005042997,96,69,93.49453300112908
8284,852.7367715141097,156664.34897681302,75220.71637305836,76306.81915888301,2246.360009826545,898.7455846569064,567.0676842552493,368.8579697124078,-9.1268782216135e-05,0.0318606314680381,96,69,93.49392687698511
8285,852.7403199523075,156595.73764146707,75199.55804116068,76310.04366803706,2444.924178399204,932.5374062177871,584.2175999071042,429.29883878675173,7.680037742718003e-05,0.0265885351379518,96,69,93.49334871763622
8286,852.7574105139684,156522.10088465447,75177.83335972848,76300.14629610413,2571.451317887113,944.3141408276424,583.691589664697,485.5184268899902,-3.266732040739368e-05,0.0267060771425471,96,69,93.49279858946193
8287,852.7603954155472,156504.79389311344,75208.2291847277,76296.29330847651,2634.196814171213,939.3518052595318,571.1813685884408,529.7751025244943,-2.408010925739529e-05,0.0229634868951941,96,69,93.49227655787476
8288,852.776708346467,156452.8978429512,75177.14300052314,76339.04818350416,2637.3101683831774,921.5755062502576,550.8950124137918,567.4999443532142,7.1520637144438e-05,0.0359777736340507,96,69,93.49178268731583
8289,852.7802981745374,156491.0789632398,75187.92586149347,76298.90209963356,2597.351258542214,894.8413827328186,528.2752257391985,594.2103584340366,-9.13300813374074e-05,0.0250538612428598,96,69,93.49131704125227
8290,852.7973592919695,156427.24222347923,75229.46234702699,76312.31414067531,2522.645488081209,861.1175427514827,505.7096250548202,615.8938760341553,7.585917604891556e-05,0.0216248879086548,96,69,93.4908796821727
8291,852.800272568715,156416.72049983218,75212.02834197118,76299.16246990858,2431.3973308180575,823.0659485760116,486.06152661753003,628.8553158017166,-3.108727615094505e-05,0.0592289881907779,96,69,93.49047067158406
8292,852.8166509117136,156406.2193844987,75212.51412418486,76318.0934479043,2329.6634168478777,782.236731826386,468.70947141133365,638.6531662158959,-2.56886045181642e-05,0.0617034264278947,96,69,93.4900900700084
8293,852.8202785072621,156377.74798645015,75206.39351198763,76299.51820389573,2231.9154083012254,741.7431205457397,453.9413253858511,642.1543975632812,7.253625911204012e-05,0.048175862761101,96,69,93.48973793697864
8294,852.8372988590322,156387.75842041947,75209.76430076623,76277.00742421369,2138.726449149195,703.4720773637091,439.3726774737879,644.0763987149694,-9.136057685916455e-05,0.0753232800774514,96,69,93.48941433103586
8295,852.8401511990902,156411.4374558936,75191.70713183268,76317.34355966581,2058.784610427334,670.2890023968794,424.7053817054257,641.9302840043965,7.489285865960539e-05,0.1019559053119875,96,69,93.48911930972604
8296,852.8566000523058,156416.43132410562,75206.69756427107,76277.72978706185,1985.465478110942,642.4721344338614,407.84187234108686,640.3761434699409,-2.9497504494006787e-05,0.098149397490626,96,69,93.48885292959584
8297,852.8602590671035,156435.5975492093,75203.28563861844,76304.21333770022,1922.2933312309324,620.6598430590384,389.70587768469704,637.4275255504472,-2.728768241416764e-05,0.1177498198102874,96,69,93.48861524619036
8298,852.8772299220036,156444.19994441062,75194.62016616858,76270.45581297985,1859.8620942275156,602.7955188786582,369.78070011286763,636.2376167523907,7.352695860451009e-05,0.1364163161633586,96,69,93.4884063140494
8299,852.880031895336,156395.70655532813,75221.2431788702,76288.28081907102,1802.5767008779221,588.2356205811666,350.48193882551277,634.234822233615,-9.136027309178396e-05,0.1148945448011136,96,69,93.48822618670414
8300,852.8965561261637,156431.4117598937,75202.6694236288,76259.69061934564,1743.0947715530056,574.6938623158057,332.02649754015147,633.5044099771185,7.390176294883903e-05,0.0862851276277976,96,69,93.48807491667462
8301,852.9002382347367,156378.44398713694,75204.05269270517,76280.9031392106,1690.25394294929,562.752787627498,317.07387542075594,631.9828367178561,-2.7898545997922485e-05,0.0974833627285259,96,69,93.48795255546624
8302,852.9171531652103,156409.2542755869,75241.03858860646,76270.30196319522,1640.8870901257033,551.8738137479231,305.57362106017536,631.726223312231,-2.8876808508861118e-05,0.0688343264956049,96,69,93.48785915356667
8303,852.9199153702473,156456.32803574178,75185.38866020556,76259.48444306223,1606.870438617305,544.4352256732236,299.6192295475921,632.0918482874404,7.449241350671555e-05,0.0257411127706318,96,69,93.48779476044338
8304,852.9365192006319,156432.75292148985,75188.85691015646,76280.73609448639,1584.0917738293647,540.6171115668403,298.13729806710035,635.3964184404758,-9.132918488268791e-05,0.0393012730366466,96,69,93.48775942453992
8305,852.9402145226203,156433.85141960037,75180.9858858031,76300.03117304776,1582.2794244649122,542.7742422496522,302.251722687477,641.2051874069439,7.28862344279808e-05,0.030372916959978,96,69,93.48775319327396
8306,852.9570693798611,156417.77689785758,75205.6936959742,76265.22640120592,1593.575985553849,550.0011673187109,309.9058649521612,650.0540436819429,-2.6290943770379945e-05,0.0132626665467222,96,69,93.48777611303372
8307,852.959802316792,156390.13321756807,75160.0375744593,76268.77004871501,1623.842405732954,563.1103855098336,321.3449837786902,660.3867866864603,-3.0455451917695003e-05,0.0334703080954272,96,69,93.48782822917572
8308,852.9764891670634,156353.76342809593,75187.13506390755,76273.85118541254,1660.1713087945827,579.1325103879353,333.58450012406684,671.1055718991265,7.543231032510775e-05,0.0406452434953743,96,69,93.4879095860218
8309,852.9801864998518,156381.28548993135,75209.99249280737,76286.0039636532,1705.8380673695356,597.5187101196789,346.49084352568025,680.6765514604922,-9.126733696159404e-05,0.0404507467001191,96,69,93.48802022685646
8310,852.9969795518494,156390.45802624963,75179.22843568437,76254.54400597439,1746.8054539441946,614.5762306637189,357.17099555314053,688.0360856270709,7.184662710856822e-05,0.0362443358323286,96,69,93.48816019392424
8311,852.9996932860957,156336.13337471188,75226.7698816782,76252.97006726214,1786.999056581466,630.0034066069638,366.05184025038034,693.1970301989641,-2.4675243919996374e-05,0.0297334123691362,96,69,93.48832952842746
8312,853.0164658538288,156387.50812733936,75193.77457450393,76287.49466590695,1812.5819412957644,640.4722042274952,370.88421890468453,695.7647437563865,-3.2023085293696884e-05,0.049219930678652,96,69,93.4885282705232
8313,853.020152705827,156388.5191089561,75198.15877875978,76297.43349192775,1829.9444547164603,646.5337416733673,373.1113176307408,696.7135189078108,7.634634448899717e-05,0.0635998425296355,96,69,93.48875645932108
8314,853.036884970958,156349.5638222638,75183.10312699266,76291.3401824975,1827.838949274039,645.405037598408,371.42530793789774,695.185254229873,-9.1174765151754e-05,0.0771045616853782,96,69,93.489014132881
8315,853.0395885251199,156368.35210175512,75197.0926512298,76281.46302785228,1815.1652281802963,638.1590815062227,367.90327163858456,692.0871376967989,7.078330278539753e-05,0.0871710279333106,96,69,93.48930132821062
8316,853.0564492049647,156354.0799018951,75179.22999251648,76287.28292235728,1781.0684888713295,622.1827840963961,361.16159028944094,685.6341834807245,-2.3051994617758942e-05,0.1191306613373722,96,69,93.48961808126276
8317,853.0601114750467,156397.7688728517,75193.4541404009,76241.13125050612,1736.2112235334353,599.541464652677,352.9937703712494,676.9695591649215,-3.35791858955348e-05,0.1375532123497373,96,69,93.48996442693388
8318,853.0767874549747,156392.23332306475,75194.15613624839,76256.33756401748,1671.2951257589739,568.9545910276502,341.45764716656413,664.3734670148988,7.72342199125486e-05,0.1198821782416781,96,69,93.4903403990612
8319,853.0794876572085,156380.906999389,75183.43392801982,76259.07777893328,1598.884082183009,534.2583906448563,327.86599515820853,650.0799035035598,-9.105151486343988e-05,0.0861108322798293,96,69,93.49074603042072
8320,853.0964396771558,156426.6922189557,75245.25311447796,76292.51950209068,1510.3270823333878,495.38386900990736,310.03517105733044,632.6411192227679,6.969663092659477e-05,0.0508219188623705,96,69,93.49118135272522
8321,853.1000604671358,156480.07477544193,75191.7256671196,76286.79145549328,1420.793542368221,457.3228242869518,289.9838189649163,615.032598003163,-2.142174684470289e-05,0.0637097083063581,96,69,93.49164639662216
8322,853.1166899719748,156453.30033988072,75222.4864471917,76278.485457042,1323.322350112372,420.105138824234,266.7017677334952,595.4279046574375,-3.5123234425692693e-05,0.0562793942293253,96,69,93.49214119169176
8323,853.1193888065261,156464.5026444672,75199.23081972479,76268.0247631742,1233.6174863897613,388.0203823665652,243.40898354229284,576.4923137805308,7.809565006280915e-05,0.0327306374210209,96,69,93.49266576644467
8324,853.1364394327578,156500.66988775667,75198.23194832525,76272.53953250714,1142.5292436803575,359.234307552324,219.67245383991394,555.157451049512,-9.089764223523672e-05,0.0420287397445498,96,69,93.49322014832084
8325,853.1399950418455,156530.86665532857,75209.55781725106,76265.61461927225,1064.824249566882,336.4316100860742,198.94595339434454,533.9133445904881,6.858698905861018e-05,0.0493542565355824,96,69,93.49380436368666
8326,853.1565989800467,156522.4201705071,75202.16995130166,76315.39039333691,989.37682052952,316.0494620128011,180.30503940526978,509.4815472646733,-1.9785052988800327e-05,0.0500410662888581,96,69,93.49441843783416
8327,853.1592850690053,156566.00046931708,75198.20009218963,76245.86810565519,928.7761391369277,299.6536898577906,166.20087873892044,485.0479417788447,-3.665471638787583e-05,0.0553006785717343,96,69,93.49506239497856
8328,853.1764578177471,156589.52774589483,75168.72647092825,76277.9467523487,868.6735541455564,282.8643291332992,154.31629248242825,457.61937968910206,7.893035692692589e-05,0.0373710108261269,96,69,93.49573625825684
8329,853.179899332935,156624.93946194844,75187.98574533558,76250.98086646287,821.5453521924792,267.8689114312292,146.1510860324488,431.49523130772286,-9.071321374906822e-05,0.0363823735423218,96,69,93.49644004972632
8330,853.1965401862772,156659.5394221638,75180.50214281949,76255.3042479512,772.6219220582861,251.10315628016542,138.60187081474578,403.9377068077738,6.745476196859833e-05,0.0577362679930778,96,69,93.49717379036268
8331,853.1991332957424,156666.0986488134,75242.87366264865,76293.9633290501,734.0450481527369,235.81978576476104,132.75973211129894,379.29540179108153,-1.814246803629049e-05,0.0441355535440379,96,69,93.49793750005858
8332,853.216587067279,156678.91942558112,75212.0538134169,76299.0475016858,689.2367623258033,218.87131005320407,125.40606761325034,353.77906631628866,-3.8173121239086e-05,0.0343913028459011,96,69,93.4987311976223
8333,853.2194193737846,156701.5545769884,75207.84678500601,76301.23998084925,651.9871063928585,204.54623368677858,118.49119761338807,331.4752696888463,7.973807168533712e-05,0.0583551476203414,96,69,93.49955490077642
8334,853.2358518844226,156755.80410489597,75211.25491639052,76289.0765998235,606.0831826489884,189.90500738896662,109.70694139710395,307.6862645801448,-9.049830591976708e-05,0.0504392978949731,96,69,93.50040862615587
8335,853.2392542861015,156744.06210709462,75238.7796509654,76274.30881876453,565.5734406178817,179.11028112546774,101.75707473888178,285.7887758539582,6.630034189740103e-05,0.0432114595548718,96,69,93.5012923893073
8336,853.256466646567,156778.9572687723,75216.92757121279,76279.01718853867,516.3504098020494,168.8864525247045,92.94870961841661,260.7066251614888,-1.6494548396145726e-05,0.0357402213412629,96,69,93.50220620468752
8337,853.2593480322151,156814.7782349692,75229.31447256391,76278.21394579718,475.65765310870484,162.95910190130235,86.13543991785264,236.19602410064545,-3.9677943569744175e-05,0.0341816430286582,96,69,93.50315008566218
8338,853.2757499505336,156819.8249466567,75210.5994955053,76287.45025098458,428.9872783581959,156.25732947446522,78.7331148890953,207.10636150973733,8.05185351106879e-05,0.0400696187518258,96,69,93.50412404450483
8339,853.2792627460668,156868.9575894764,75210.56640726991,76280.32003621262,391.8375056873192,150.58944573256304,72.33909985999344,177.73467768522096,-9.02530057077669e-05,0.0237398608829117,96,69,93.50512809239564
8340,853.29639086455,156872.37699202145,75235.24519955913,76273.74797654575,346.76439227495575,139.2144356399367,63.33290882894653,143.87165262902272,6.512412855675367e-05,0.0146073147260626,96,69,93.50616223942058
8341,853.2992457272817,156930.41889150484,75209.47861131743,76289.44316711005,306.82171293883584,123.82968909961346,53.15815444983309,111.42923188817804,-1.4841852027844678e-05,0.023788625988423,96,69,93.50722649457002
8342,853.3156749381052,156971.7951496382,75209.17085182242,76250.66820352737,250.82224546256475,98.7227033124509,38.846461133187404,77.16357884608442,-4.116868258908153e-05,0.0303538748561018,96,69,93.5083208657383
8343,853.3192584051327,156938.9552904335,75229.70277416742,76256.21161230678,192.91888270201162,69.4129457949457,23.942363621288678,48.158116853039246,8.12714970426659e-05,0.0574524368220484,96,69,93.50944535972256
8344,853.3363168598261,157021.31850916691,75217.49983641137,76273.43891246531,119.16100659873337,36.09354417715804,8.663382950559026,22.179538799391594,-8.997741015157074e-05,0.0714379302807553,96,69,93.51059998222168
8345,853.3391365309359,157032.15814597585,75226.67159910237,76267.21177952348,56.82890163292177,11.29869826520735,-0.0,7.072097065742128,6.392652871295781e-05,0.2284718471677995,96,69,93.51178473783614
8346,853.355613032568,157036.99914016575,75213.05382637861,76260.15994699544,4.260183256643359,-0.0,0.27224644168745726,-0.0,-1.3184937990217647e-05,0.4827866193049446,96,69,93.51299963006632
8347,853.3592490995502,157005.4916558629,75217.28002525761,76246.44353202044,-0.0,16.599386636531563,16.876125842303736,7.955747207248351,-4.264484269051066e-05,0.3162605237908536,96,69,93.5142446613132
8348,853.3762385332095,156993.408902511,75190.28195353861,76261.27340784005,47.4794555248227,63.262316331776674,50.26791663200129,27.12538455586764,8.199671682155351e-05,-0.2270885941168688,96,69,93.51551983287628
8349,853.3790259994738,156941.89486795786,75197.17241764846,76210.58663266824,180.9217406261596,147.15124361641938,103.76575741314446,63.486548791697714,-8.967162638528659e-05,-0.1168645004539537,96,69,93.516825144954
8350,853.395560843193,156880.7332029361,75198.44112997157,76241.39131606411,386.004120214202,258.93163755719434,171.84677003702382,111.3796350749908,6.270795610563002e-05,0.1333840148887861,96,69,93.5181605966429
8351,853.3992361188816,156856.52299503642,75154.4063836017,76236.22296400962,673.5466862000758,394.20593213502434,251.96383421047358,175.14757882244885,-1.1524367136684894e-05,0.0276235594010884,96,69,93.51952618593717
8352,853.4161542559599,156803.52362627847,75172.21755738996,76246.40206233082,1004.9817941366928,534.5892472065025,334.2255731272162,247.4497666747484,-4.410593310189522e-05,0.0820790367791348,96,69,93.52092190972802
8353,853.4189167262674,156687.41111720193,75179.55767582684,76225.38639086673,1371.5819032409345,671.5900552212115,414.12249352547224,330.8624761280953,8.269396291412498e-05,0.069114490813845,96,69,93.52234776380404
8354,853.4355168761928,156564.3529771223,75174.2869239227,76223.155312339,1721.321225873602,787.3587500791473,482.0476273026725,415.61786515734275,-8.933577211437078e-05,0.0440716207853697,96,69,93.52380374284996
8355,853.4392192978304,156511.2261339092,75139.98006645973,76209.01200915784,2045.0615381492535,879.3318209244317,536.2963422383473,503.10278761727386,6.146883142160519e-05,0.0877056604920577,96,69,93.5252898404472
8356,853.4560636767488,156428.51294626648,75156.92049805286,76194.00395256802,2301.5535449991585,938.4739903623413,571.6243870119652,583.6753215137287,-9.860700565737903e-06,0.0548381836624127,96,69,93.52680604907307
8357,853.4588104120185,156322.5635810919,75158.2772214713,76178.26526678013,2499.2434772959678,971.4562309364555,591.1150555669446,660.243562689895,-4.555146855923248e-05,0.0717168984263516,96,69,93.5283523601012
8358,853.4754801151358,156257.21560562748,75148.65118560923,76216.04509718626,2614.1354542204062,975.9560475735925,593.5312327529828,724.7623997220944,8.336301376778943e-05,0.1038152226896467,96,69,93.52992876380122
8359,853.4791980411779,156250.0554681987,75164.32745094955,76194.26278570316,2672.6378105633194,963.4616483531427,585.2803874104575,782.7732272840221,-8.896997458749329e-05,0.1072096579683102,96,69,93.53153524933845
8360,853.495966994628,156172.95956170766,75146.6282989153,76197.0314961001,2665.540711378504,934.0260433603689,567.1911775739281,828.5654090916214,6.020958188595435e-05,0.1204286661176026,96,69,93.53317180477416
8361,853.4987083662098,156138.9557857598,75135.65031648411,76211.71308897699,2628.153722908057,899.4422675692767,546.0812174994207,869.2788825651514,-8.194500623125672e-06,0.1353165986979848,96,69,93.5348384170662
8362,853.5154496399731,156082.59926143917,75167.76939973918,76137.55458259565,2552.1946639253874,857.9691011057876,521.4081289780152,898.9551309075032,-4.698096897129946e-05,0.156824725212792,96,69,93.536535072068
8363,853.519171644431,156060.16552770822,75127.01297691975,76153.07595152043,2471.953218698909,819.7610170021362,498.10105038419715,924.7907752243336,8.400365721977349e-05,0.1639179775896139,96,69,93.53826175452964
8364,853.5358647176922,156056.3941784143,75186.14786700298,76190.32232835639,2376.1144683159655,781.3724211177614,473.7209364780865,940.7334022759751,-8.857437111329585e-05,0.1721926191624441,96,69,93.540018448098
8365,853.538611662388,156021.40498094368,75150.0398879959,76206.86243931863,2293.602148517559,750.986791996911,451.6915197093913,954.194033098087,5.893064174334429e-05,0.185204727974291,96,69,93.5418051353166
8366,853.555424501648,156027.19503541433,75164.1047695636,76194.43953654153,2205.2686616223655,722.4244044489751,428.6373702061537,958.6907341559127,-6.52633012449993e-06,0.2139289071919497,96,69,93.54362179762646
8367,853.5591394267576,156008.527712718,75159.02405314083,76190.23530417685,2135.701170076325,702.0901768526674,408.33457642176654,962.5223372764885,-4.839396070806751e-05,0.2313350613197606,96,69,93.5454684153661
8368,853.5757575570098,156019.1485846149,75133.64146524774,76192.3110101137,2063.4620758439996,682.4656847634178,388.3475702566793,959.9259475880826,8.461569077103255e-05,0.24637986073388,96,69,93.54734496777264
8369,853.5785211910231,156040.50876596017,75159.75687483416,76222.18516025189,2010.6875037104473,668.77152449805,373.04214313512784,959.6450413646817,-8.814910938430932e-05,0.2426409798685843,96,69,93.54925143298114
8370,853.5954036799071,156027.09916660716,75173.35756393283,76206.98079667408,1952.1974589973688,652.3044303079805,359.55983019672567,954.8866555017012,5.76324513214777e-05,0.2629279902596085,96,69,93.55118778802677
8371,853.5991007996524,156004.7743377276,75150.94056072625,76185.07950006468,1909.6680483325035,638.8149783826375,351.4001123246271,954.3001638133719,-4.856752192929438e-06,0.2695502235842637,96,69,93.55315400884386
8372,853.6156463655878,155998.19321020597,75151.09147118416,76228.64623658692,1858.5329879387864,621.0812829038478,344.3780389135645,950.6540564961033,-4.978997474730999e-05,0.263617712314757,96,69,93.55515007026764
8373,853.6184376776328,156025.93238995835,75160.7320557138,76230.7523589345,1820.2793303399812,606.4715196118195,340.586641857255,952.3221877765609,8.519892171877618e-05,0.2670452752137732,96,69,93.55717594603472
8374,853.6353860732622,156000.41451368292,75146.11333198764,76226.29898400277,1769.7997356843553,588.8842904007615,335.0672213298967,951.0181450177624,-8.769434702323571e-05,0.235462524552636,96,69,93.5592316087834
8375,853.6390553093843,156026.37875029517,75160.4040626467,76193.89561418408,1732.4350961919408,577.2005675229157,330.8612092805852,955.7353188036941,5.631545727938884e-05,0.1827093257516003,96,69,93.56131703005528
8376,853.6555320930853,155980.06240420224,75151.5501189932,76195.5392795787,1688.1500804608804,565.9677621871087,325.0294995565491,958.4240891309164,-3.186330096587362e-06,0.1647345654570631,96,69,93.56343218029548
8377,853.6583616898146,155995.2432280416,75141.50515357514,76221.40382513114,1665.091969571833,563.2198268758366,322.58131009407225,968.1343778771115,-5.1168548840073095e-05,0.1532779496197918,96,69,93.56557702885416
8378,853.6753705023226,155964.9097349356,75106.4975329099,76203.85713697101,1643.1178685411578,561.584250545784,321.55238199798623,975.6257388407248,8.575316721422782e-05,0.1291602256790948,96,69,93.56775154398696
8379,853.6790026677186,155974.18876895486,75119.13559944677,76212.12175931614,1650.6393309219857,567.9213486878871,326.8743704192457,990.2409392233822,-8.72102508803956e-05,0.1316312023826494,96,69,93.56995569285642
8380,853.6954157446381,155926.35201795722,75154.2224758698,76226.43484349328,1664.9723558304831,573.8942891125043,334.89935950303334,1002.3352370469365,5.498011234972128e-05,0.1323294905810184,96,69,93.57218944153308
8381,853.6982936436007,155920.86775348123,75128.68089925639,76213.52799680982,1707.662292271445,585.2478866545134,347.6263015331933,1020.7478555699636,-1.5156274710447557e-06,0.1365634368089651,96,69,93.5744527549966
8382,853.7153557172986,155900.63441090955,75114.43942469216,76206.03884490381,1747.6937287985347,592.7883370787604,358.5125370697933,1034.4077171701647,-5.252922690272762e-05,0.1675213295853909,96,69,93.57674559713662
8383,853.7189427781299,155897.87145419128,75120.90251160484,76237.70125219955,1802.2832503296668,602.7813579408976,368.39233102989965,1052.7129978601006,8.627825414868005e-05,0.1639434166419014,96,69,93.57906793075465
8384,853.7352983375658,155842.64499412192,75128.88591878492,76179.82262456228,1838.1488988089259,606.742369186657,371.2942929372075,1064.4730386110023,-8.669699814848265e-05,0.1605190307764282,96,69,93.58141971756504
8385,853.7382338157207,155831.43105534356,75089.24816173986,76185.52020248407,1871.0126950356644,611.0968202498043,369.9055157007242,1078.9226222191646,5.362687532609823e-05,0.1719437608830375,96,69,93.58380091819625
8386,853.7553404029729,155864.30328766175,75090.52604774879,76161.16907163494,1869.112393739866,607.436526361882,360.8785470156581,1083.8308039835538,1.547925025973445e-07,0.1537098831308175,96,69,93.58621149219272
8387,853.7588757635733,155835.62356466602,75095.25711840278,76185.34346395107,1855.419798375864,603.1573002153164,349.84630984574324,1089.4969280619116,-5.387155834781156e-05,0.1527335224964432,96,69,93.5886513980157
8388,853.7751808499306,155833.45816599645,75091.44705823036,76164.63422615844,1806.3891888216604,590.6361710136989,335.27763657076866,1083.8687325474457,8.677401933230742e-05,0.153273029118096,96,69,93.59112059304528
8389,853.7781823691269,155826.69153721991,75129.16433146143,76169.75919162318,1750.7666971908766,577.3920293229312,322.8236034207803,1077.5782971869048,-8.615477579185243e-05,0.1422560239778173,96,69,93.59361903358212
8390,853.795323172513,155817.96961319048,75113.66078090575,76169.84433917039,1669.5032343564671,556.0517885602603,309.60107075737324,1058.5170384906232,5.225621100986167e-05,0.1308857641692516,96,69,93.59614667484824
8391,853.7988020049678,155869.51584105982,75102.62156113413,76184.39972995412,1595.993231148459,535.216209274382,299.55472428372013,1039.8580545438163,1.8243670095440217e-06,0.1242548364008836,96,69,93.59870347098985
8392,853.8150641506427,155893.59753424453,75112.33231775818,76206.6125569925,1511.6403834184166,508.1012668807816,287.8898060711508,1010.8330374424404,-5.519509989793631e-05,0.1212508998303749,96,69,93.60128937507822
8393,853.8181394048775,155897.65365958566,75126.33747805964,76191.04880565258,1444.8529208263499,482.8324063314358,277.00484422643785,985.4461172695155,8.724030977887312e-05,0.1075432974156161,96,69,93.60390433911196
8394,853.8353025335804,155944.5342620237,75121.65828043145,76207.50205673918,1371.031590087281,452.10941770946374,261.77745271121967,952.3068582169362,-8.558378039112128e-05,0.1274976877685603,96,69,93.60654831401838
8395,853.838722210041,155958.19056139252,75150.17986302872,76207.75854350606,1315.134938574105,424.2857839399221,245.86979886327754,926.1997641041817,5.086858945065621e-05,0.1211182431937502,96,69,93.60922124965616
8396,853.8549488870855,155988.93801677035,75130.19233825806,76191.14935977818,1249.3090958134271,392.10541591985384,225.93643119727494,894.1382421849121,3.492533560763588e-06,0.1057574958483592,96,69,93.61192309481648
8397,853.8581050716149,156009.51986801808,75148.43333191391,76199.73656884448,1195.2153643151396,363.5543306112668,207.1858676019183,868.8321779745747,-5.649941402958531e-05,0.1246223307866147,96,69,93.6146537972257
8398,853.8752767861581,156009.7124372195,75156.82437237434,76231.05495937867,1125.5003969441168,331.68994399804797,187.4149192139157,834.9182792350475,8.767698211671268e-05,0.1134753720788377,96,69,93.6174133035469
8399,853.8786375645168,156069.0054293308,75149.4455844352,76207.43812377192,1066.558589772496,305.6067054953601,172.3776360542397,805.8636477596592,-8.498421787808333e-05,0.1161892416681155,96,69,93.62020155938234
8400,853.8948352626201,156085.0915331081,75175.909551599,76238.54634196316,994.76780669461,278.7959974813566,159.02911968863918,766.0699942086358,4.9464486440943366e-05,0.1254828767323903,96,69,93.62301850927548
8401,853.8980798233682,156115.40089132584,75189.50614038818,76269.38467984402,937.0433105728589,259.564378252966,151.19751583584002,729.506142016442,5.158730936156898e-06,0.1198535896856064,96,69,93.62586409671302
8402,853.9152437286232,156155.1294610137,75175.4692714951,76248.56282669924,870.2641229068977,240.55296085767623,144.01034633538802,681.2068672566675,-5.778407038742338e-05,0.1251715191014753,96,69,93.62873826412785
8403,853.9185501346396,156209.626118536,75168.48643236306,76242.0108073918,822.0794924334623,229.36048241969547,140.3779997334059,638.2262429831899,8.808390327726241e-05,0.1367282296703435,96,69,93.63164095290016
8404,853.9347224682666,156264.8385912605,75210.7634789774,76264.64781186785,767.1656835758477,217.30608509977174,135.0830306939897,585.9862021457811,-8.435630389176244e-05,0.0932645224824369,96,69,93.63457210336144
8405,853.9380651631008,156295.54654614377,75227.49071657704,76297.11575496018,728.6210668903077,210.31331912112364,131.23937418157584,541.273778917297,4.80443830830033e-05,0.0789435108122756,96,69,93.63753165479515
8406,853.9551996774768,156332.8931746908,75219.32092063343,76301.92134195205,679.5715558305383,199.3990505081165,124.57090624116245,488.5821286555147,6.822398096651815e-06,0.078830793129044,96,69,93.64051954544048
8407,853.9584642648744,156342.04726574462,75213.44037960353,76310.0184066729,644.5536960258614,191.4609190136398,119.39820786082419,445.94683970013284,-5.90486453275172e-05,0.031842599244684,96,69,93.64353571249424
8408,853.9746066116028,156415.53026003548,75235.8444138303,76290.9421843998,597.4277250561863,178.542006742573,111.84852115585818,396.53445645186,8.846095045420761e-05,0.0006824559484826,96,69,93.64658009211377
8409,853.9780667497445,156439.3680568346,75283.80411464417,76300.40372280151,561.9658967481228,168.03104171199084,105.81916901282966,357.2692855425121,-8.370026372797654e-05,0.0169660357227481,96,69,93.6496526194194
8410,853.9951345877661,156486.75995176687,75252.33501835896,76322.63778300676,513.5690868640668,152.8597223059769,96.97864588134689,310.449198733957,4.6608765558916016e-05,0.0046432290264781,96,69,93.65275322849696
8411,853.9983948705283,156534.44579549457,75253.99512415055,76308.45602974453,477.7220033406047,140.87582228562678,88.96734098199522,274.4175693967554,8.482975597634514e-06,-0.0248047279473475,96,69,93.65588185240075
8412,854.0144651264147,156579.5727907906,75258.40170621763,76309.29267691306,428.51598795846803,124.27884144714335,77.14350774884224,230.05866615014384,-6.029272214568043e-05,-0.0166877040455329,96,69,93.65903842315656
8413,854.0181290294548,156573.3646197611,75216.82411250021,76315.66379159603,387.38758610613877,109.29197312935139,65.11791243840707,194.64814458272303,8.880801056980513e-05,-0.0104631348624819,96,69,93.66222287176352
8414,854.034916256344,156590.91210235274,75247.97458946558,76318.54434395909,327.97230398264946,87.92797609882837,49.25071044231299,149.38227397741866,-8.301633157644346e-05,-0.0146492723606599,96,69,93.6654351281985
8415,854.0375576712084,156627.56253708756,75245.3808771744,76318.00548990694,273.4483134400798,67.4358042973472,34.69658107991563,114.88373199870693,4.515812525787734e-05,0.0426067561979955,96,69,93.66867512141734
8416,854.054480493612,156696.41524298326,75226.23379287653,76330.104013691,197.69177626626333,41.1278738710389,18.668708449607948,71.3763453962165,1.0139905342565463e-05,0.2518539610118774,96,69,93.67194277935928
8417,854.0580838161454,156706.30610830447,75248.87902887023,76288.22817234139,130.33716371149058,19.721959702670574,7.59557108496665,42.464646187698236,-6.151589134405932e-05,0.3751081187753326,96,69,93.67523802894908
8418,854.0748138604453,156741.36868526312,75206.94417927024,76294.82365409612,56.586118188279215,1.3102951030887198,-0.0,10.504164210578892,8.912498084587563e-05,-0.0727994116217579,96,69,93.67856079610029
8419,854.0774658602871,156730.22807422202,75237.48375614225,76274.73653870123,15.855915677908342,-0.0,3.0005384606774896,-0.0,-8.230475163626288e-05,-0.3977073659931408,96,69,93.68191100571872
8420,854.0944593962747,156745.63475765858,75228.90300479294,76257.97868737095,-0.0,14.976628949545557,15.094629724393599,-9.940602522052359,4.369295820311442e-05,-0.1081000471852766,96,69,93.6852885817052
8421,854.0980462573697,156700.97706685812,75194.1654529656,76296.70208905874,51.51348226715345,58.717380007656175,42.973699680762365,4.506639021099545,1.179263053423286e-05,-0.0884863894402189,96,69,93.68869344695898
8422,854.1147012261583,156687.7541151137,75218.45796643662,76274.30205332239,159.12460246961564,125.82207898233901,83.69804640841903,20.923977222235408,-6.271775067286979e-05,-0.1097251602053128,96,69,93.692125523381
8423,854.1173839277315,156616.7122832065,75217.52264472611,76316.18722462033,351.1170185506344,220.59526357719733,140.70196756217047,61.173507632280234,8.941176887804336e-05,-0.078039896200348,96,69,93.6955847318771
8424,854.1344402123035,156577.89383812685,75202.5530601564,76302.53769414165,595.5307425002102,328.525540316783,206.51211056072498,98.82323973267921,-8.156577649687741e-05,-0.1064190339275598,96,69,93.69907099236168
8425,854.1380022609889,156562.71771613174,75195.21789797815,76276.10591991294,900.2798107411945,446.6840725812508,280.1893654280284,155.94052496552467,4.221376494407095e-05,-0.1119221201086061,96,69,93.70258422376064
8426,854.1545855885947,156471.12436819097,75234.67297850279,76282.82839582473,1217.7242872156785,557.0999239861849,350.97944433396333,206.36743321752874,1.3440596295645577e-05,-0.1165750702243548,96,69,93.70612434401502
8427,854.1573091420299,156367.26444948174,75225.39521217639,76265.83316798435,1544.2748161672498,656.6879407747474,416.15294393571094,271.7314167212753,-6.389790488583971e-05,-0.1355695182552334,96,69,93.70969127008524
8428,854.1744236289433,156341.38367156123,75190.41615814698,76290.07391269338,1829.7780223867157,731.3692120487394,465.5844260541926,323.85644613407203,8.966829223407508e-05,-0.1797102383480006,96,69,93.71328491795326
8429,854.1779504291881,156258.8828590677,75178.41090012259,76279.69384528155,2078.5480145952897,785.0289457283652,499.91177994008467,386.3305192065309,-8.079966833237784e-05,-0.1631475531432774,96,69,93.71690520262725
8430,854.1944686371173,156190.38616331117,75179.57947948988,76272.64069299206,2255.4510504714563,811.573189718998,514.1169628588541,432.72428120599943,4.072105085490342e-05,-0.1757165533812749,96,69,93.72055203814506
8431,854.1972414834102,156134.32976102244,75170.1999838676,76279.09011603837,2379.4006788131665,820.6591653551877,513.9484995567473,486.929845976294,1.5083249033661034e-05,-0.1809033683186155,96,69,93.72422533757752
8432,854.2144086841369,156112.52380641203,75190.69747394446,76279.13402807107,2429.856601178122,809.8304701768648,498.90738175874867,521.524618233525,-6.505596664548976e-05,-0.1678204816500909,96,69,93.72792501303272
8433,854.2178904658653,156068.11991199883,75162.88487007793,76255.98322680981,2439.417967949412,790.3738057380251,478.07848500995897,562.8007353918802,8.989447893900536e-05,-0.1661016138539484,96,69,93.73165097565938
8434,854.2343515377944,155997.0955929705,75187.3000652032,76268.13942884772,2397.9333862831118,760.0357894988556,452.3258963854896,584.9362711744616,-8.000669827741523e-05,-0.1714926429020716,96,69,93.7354031356508
8435,854.237181106709,155961.3785833968,75176.74576310614,76285.47483697235,2340.833903762803,728.6123241293972,429.4868598917092,613.7577253623167,3.9215325636608285e-05,-0.1728178616930477,96,69,93.739181402249
8436,854.2543941736699,155959.03332882468,75194.27955392179,76263.49954151074,2257.7600143923773,692.7834705743298,407.76683432181017,622.4452312887879,1.6720037908002477e-05,-0.1385911106614374,96,69,93.74298568374812
8437,854.257822382561,155928.41471455814,75182.693023141,76281.26621251748,2182.5990325127495,661.9542465106351,392.00937953035464,639.2560288714885,-6.619155627406368e-05,-0.1645849664219907,96,69,93.74681588749915
8438,854.2742353890159,155928.23076973937,75212.19438857627,76277.6065222383,2101.835409329564,632.6174058658944,377.7681072158448,638.947067236295,9.009026710959808e-05,-0.1612665524370512,96,69,93.75067191991305
8439,854.2771280389862,155913.06475032106,75181.49740333763,76287.27583789176,2041.8089060390485,612.4594798517501,367.65950781761785,648.8012465207721,-7.91871466183579e-05,-0.1442238562735585,96,69,93.7545536864658
8440,854.2943788677298,155891.4714551394,75211.18707236134,76282.49779140824,1982.2791684165713,595.8600369205815,356.51331711391686,642.3706941903802,3.7697102799411326e-05,-0.1899172789149263,96,69,93.7584610917015
8441,854.2977463767162,155895.47829674484,75196.46313568183,76246.0281329924,1944.6095082737738,588.0222244660399,347.62892320216633,648.4797894843214,1.8350414049985977e-05,-0.1751474665584415,96,69,93.76239403923732
8442,854.314121275148,155861.396614819,75187.80674687779,76236.02357736125,1904.856438483519,581.0113814201322,337.21144468861166,641.0455900211819,-6.730430162479952e-05,-0.1754166499348275,96,69,93.76635243176734
8443,854.3170821280468,155866.75740731214,75182.94753595482,76237.54051721479,1879.45461949741,577.6221586173779,329.40103346435353,646.6592640472227,9.02556055067206e-05,-0.2198495321701042,96,69,93.770336171067
8444,854.3343615714844,155849.733467022,75167.11414935667,76278.44475913107,1843.6033452365082,569.5619721493713,321.03831704176264,637.8361774085206,-7.834130189547521e-05,-0.2330970105860816,96,69,93.77434515799706
8445,854.3376628066067,155872.0710474292,75161.05174122998,76303.06024456238,1816.454032020003,561.0578302008216,316.3489529545477,642.4924808875949,3.616690007525843e-05,-0.2464133820652043,96,69,93.77837929250832
8446,854.3540102544106,155862.78865748047,75176.71261807818,76250.83660118261,1777.6057425587787,546.5407148592494,311.6935038623633,633.4029524713405,1.997383100323757e-05,-0.2829037347853105,96,69,93.78243847364544
8447,854.3570430388268,155849.2364899734,75163.78205256477,76261.67630088785,1748.1909399807337,532.4789375118417,310.1500719441392,636.2623947922257,-6.839383850062722e-05,-0.2892634555703026,96,69,93.7865225995523
8448,854.3743411556452,155813.5497167402,75174.50376219777,76219.07279627444,1711.0533163964865,515.8126135643251,307.69665488947066,623.4743444505148,9.039045242034916e-05,-0.26756349368266,96,69,93.79063156747549
8449,854.3775721821926,155828.8497870837,75154.53753346228,76249.7600831361,1689.7307944327476,504.5521446846542,307.7680909015471,623.0882136046421,-7.746946183613226e-05,-0.3670424503774047,96,69,93.79476527376931
8450,854.3939033342913,155804.50933112885,75171.01905604501,76254.71710303536,1667.3087499166722,495.8716983905324,307.18763695607777,609.0543459914625,3.462523877292876e-05,-0.356924454319678,96,69,93.79892361390048
8451,854.3970102625965,155860.78333372995,75182.48004300965,76237.45618957731,1663.2897495916695,495.82276196961175,309.74835419122246,608.3575686382246,2.1589744550791283e-05,-0.3226997510132429,96,69,93.80310648245208
8452,854.4143165798481,155814.14897918995,75174.24601794421,76273.46609117877,1658.4308888021042,499.42484686977696,312.6246779245266,595.5593109347101,-6.9459810695751e-05,-0.3242011122889546,96,69,93.80731377312884
8453,854.4174751561375,155858.58866579246,75180.20044207004,76224.94466116301,1670.6714441676158,510.24487150459026,319.2237354486133,599.1061024288647,9.049477728440355e-05,-0.303820935199529,96,69,93.81154537876178
8454,854.4338014459105,155806.09572844283,75152.05662318114,76260.65520555389,1679.6208456765162,521.2818799446104,325.6564809947449,592.890452570311,-7.657193270643342e-05,-0.3411888651261532,96,69,93.81580119131236
8455,854.4369831312895,155798.37576499252,75170.91036014834,76246.82876636114,1700.218741428398,534.2414776902588,333.55173321807524,601.5802699094929,3.307264400784385e-05,-0.3397370672934664,96,69,93.82008110187768
8456,854.4542869135744,155750.26234247393,75167.15927172606,76237.13236449298,1712.0801646143082,542.2679811395356,338.1947728852392,598.0625824721064,2.319761417549016e-05,-0.3342163254093337,96,69,93.8243850006954
8457,854.4573725115815,155780.38230210484,75170.27799812806,76264.3610070197,1730.5493237923947,548.1471280668775,341.24911206241813,607.6414878291835,-7.050187015610144e-05,-0.3348546851833903,96,69,93.82871277714844
8458,854.4737054204811,155777.43358962215,75204.3808129419,76249.59582152245,1735.5717897281866,546.8253758510255,339.01933596492745,603.3311404296255,9.056855904270208e-05,-0.3493943874855261,96,69,93.83306431976946
8459,854.4769608348863,155760.47146706234,75168.95902625081,76243.802724334,1740.834798819269,542.2413797373592,334.25984646726283,608.6062359067728,-7.564902932412475e-05,-0.3582884402649033,96,69,93.83743951624646
8460,854.4942513552559,155742.873667962,75180.5741671477,76256.32957757235,1727.6774217115017,530.9627359457518,324.839979596436,598.0459100379958,3.150964446420257e-05,-0.3446531977310934,96,69,93.84183825342744
8461,854.4972651461377,155766.91448398083,75166.17209249824,76252.70482104144,1711.1458238088526,517.7077784435678,314.3281795560906,597.063738721743,2.479690145924773e-05,-0.3356465084182868,96,69,93.84626041732504
8462,854.5136159688924,155729.94362032734,75146.0101251079,76266.63373346716,1673.7600039262907,499.38256719722995,300.6782580156578,580.8971629873267,-7.151967706677788e-05,-0.3552046978864884,96,69,93.85070589312248
8463,854.5169424411118,155780.34149725095,75178.16804997505,76248.9807018008,1629.8359887075494,479.9868705265835,286.50527288526064,573.0869659957243,9.06117879744975e-05,-0.3519317798445053,96,69,93.85517456517768
8464,854.5342092493931,155747.50589748664,75170.8648476216,76244.07156089309,1564.3493252354674,456.3959784281906,269.2601010122162,550.4511167240853,-7.470107456660106e-05,-0.3415044517818609,96,69,93.85966631702894
8465,854.5371540523531,155771.28188114875,75155.78677117956,76277.09214013595,1493.9759444331867,432.2315082436544,251.17836588976206,537.8037418192544,2.9936771778362216e-05,-0.3399053002584091,96,69,93.86418103140028
8466,854.5535336649942,155792.3892554862,75148.88348679266,76243.61048076558,1406.3693991733016,404.30898805268225,230.08159017859725,512.2798421766201,2.6387071299581283e-05,-0.327683217747134,96,69,93.86871859020565
8467,854.5569269169096,155790.00230253523,75168.64453320854,76185.01058873265,1319.2002471862943,375.78641395606974,208.739565091033,496.63924703304656,-7.251289999456423e-05,-0.3488919112162373,96,69,93.8732788745556
8468,854.5741601014093,155842.16152075352,75151.99683268327,76203.14167424677,1223.4916621644516,344.10786542552523,186.32985663664294,469.5439796366554,9.062446364405797e-05,-0.3521248802052478,96,69,93.87786176476143
8469,854.5770402949212,155824.6253786043,75125.33754505002,76246.50416973069,1138.0355201655766,312.8020751987351,166.40623717731796,454.05961408969597,-7.372840003632885e-05,-0.3334312863902444,96,69,93.88246714034088
8470,854.5934589331366,155815.0409655103,75122.52134476491,76236.31942584125,1053.2149866548716,280.0427831480338,148.4642683030106,428.3622673234495,2.8354560720413616e-05,-0.356559533613991,96,69,93.88709488002344
8471,854.596913151026,155855.9827262748,75147.98604291631,76218.94810086336,983.9119711503736,249.46834603899333,135.20411301369313,412.8316427328973,2.7967592483277333e-05,-0.3469975729223909,96,69,93.89174486175612
8472,854.6141035900454,155885.15149309995,75138.28879900083,76245.54343737435,918.4649853744777,219.97507768397918,125.2246820651053,386.93501528695924,-7.348121572374037e-05,-0.3292156614828853,96,69,93.8964169627082
8473,854.6169249850153,155858.5042403119,75138.97264013493,76225.8553783875,868.2434402714716,194.9935700308415,119.59535532831796,370.75409620036953,9.06065963093206e-05,-0.3339276994902883,96,69,93.9011110592773
8474,854.6333920404008,155910.1993996743,75162.66274829126,76211.04201716086,818.8720687162131,173.09824688918889,115.5502228976693,343.3490259711107,-7.273134540576138e-05,-0.34404485120496,96,69,93.90582702709432
8475,854.6368999769345,155947.91906540203,75173.70028285567,76193.82056935887,778.6548237230745,156.46019223290205,112.8018662686809,322.5307715306117,2.6763549162673348e-05,-0.3422068066501229,96,69,93.91056474102965
8476,854.6540395774239,155905.9396866779,75152.3779271517,76197.66529260183,734.2471321008634,143.00875748957333,108.56165867153322,289.43877426625113,2.9537936641842183e-05,-0.364772086471772,96,69,93.91532407519816
8477,854.6568092517355,155953.89291624108,75143.81955164466,76200.06153122583,694.4942809205968,133.7124852934212,103.00616849103244,262.15116688233684,-7.44243099064178e-05,-0.375239236224842,96,69,93.92010490296497
8478,854.6733330944495,156000.35288477715,75107.91897773852,76211.3330854258,647.740237508202,126.00614055612823,94.97486724084592,222.8707372197532,9.055820665043926e-05,-0.3662643418810236,96,69,93.92490709695122
8479,854.6768861947753,156034.10775769403,75166.04093298907,76219.59068534356,603.3947696266696,120.19201622305263,86.25016230336041,189.10577671104693,-7.171025825722328e-05,-0.3952311033214927,96,69,93.92973052903974
8480,854.6939681174564,156061.39590015853,75164.26680514352,76216.02901529183,552.8656143275439,114.1507386781741,77.51748444873374,146.6051820499706,2.5164277401098198e-05,-0.3923680912308675,96,69,93.9345750703806
8481,854.6966942104145,156074.37856734212,75152.72030125781,76204.98429837941,506.18039275950287,108.17557114610099,70.88595516429632,113.34044484209153,3.109757937944707e-05,-0.3793119967705007,96,69,93.93944059139704
8482,854.7132820481191,156108.9436134569,75173.87030766075,76212.68022621988,455.1620707648108,100.71279611795035,66.41721655419678,75.842247549881,-7.534187663824909e-05,-0.3795548525265685,96,69,93.94432696179094
8483,854.7168705904237,156157.01865880893,75134.88137739936,76209.90710213593,407.8910831847461,91.95527055130515,64.02097752946429,50.13498223826173,9.04793255928703e-05,-0.3926877528121245,96,69,93.949234050549
8484,854.7338894640586,156183.71004713696,75132.33958160043,76213.77316735922,355.96685885149054,80.8408800351317,61.70597952703247,24.15611566460575,-7.066549418315862e-05,-0.3790202749918794,96,69,93.95416172594854
8485,854.7365809263277,156168.78102862823,75150.17092922365,76213.79286157369,305.00792646757327,67.3660077873501,57.418521137471544,11.69853525533108,2.355728857940129e-05,-0.2436861862531009,96,69,93.95910985556333
8486,854.7532387132289,156165.3007962396,75145.44949484846,76197.37419318335,246.0072311287513,51.237747572376975,49.235516276123235,-0.0,3.264600010542596e-05,0.0114050186392434,96,69,93.96407830626896
8487,854.7568519482452,156170.80453218214,75122.26470275772,76214.30369311638,184.7364445447456,33.35313437637524,36.66340084755211,0.4176675901398994,-7.62336186789871e-05,-0.0530015556822728,96,69,93.9690669442498
8488,854.7738040826873,156173.8009762664,75087.66236742961,76172.29420299522,117.85165963222971,16.018681838948396,21.556123910151655,2.2880505857465323,9.036999412207848e-05,-0.618820809359733,96,69,93.9740756350043
8489,854.7764703702811,156131.9786638652,75063.57082558348,76135.56620936096,57.89514583721757,2.9110229846992297,7.396243324445095,16.043200079438975,-6.959741656732061e-05,-0.5868885732231522,96,69,93.97910424335096
8490,854.7932027885956,156123.19587348533,75079.25343264265,76149.55434150274,11.69569243665319,-0.0,-0.0,32.24309965479188,2.194312768018712e-05,-0.3418672709959421,96,69,93.9841526334349
8491,854.7968290506727,156137.7955483343,75085.42882831855,76125.14376833053,-0.0,12.863203296961728,4.378832410555333,59.92265705234604,3.4182682149566894e-05,-0.4254988358376224,96,69,93.98922066873332
8492,854.8137126729126,156055.4958933199,75090.49696535381,76111.9323588227,35.99667020177003,47.60363808054535,25.64720988229965,90.88904677130631,-7.709924787104952e-05,-0.3598175863053419,96,69,93.99430821206232
8493,854.8163633571302,156054.18844473656,75082.26876668782,76122.11836850771,137.27323449548567,106.05891775767668,64.76879979512887,131.31378041699645,9.023026372486368e-05,-0.3566745213583892,96,69,93.99941512558163
8494,854.8331739141012,155977.78016815253,75067.0604790295,76122.8720530368,306.66443791391794,188.39526103930257,121.35984222980915,171.89007782482076,-6.850639647007618e-05,-0.3571594928842589,96,69,94.0045412708028
8495,854.8368006490131,155906.66711113352,75061.75525634494,76094.53013310932,542.5923572449246,288.12586697161896,189.60260103756445,215.9830298847519,2.032234251940191e-05,-0.3327038794226497,96,69,94.0096865085938
8496,854.8536162214191,155917.0869246377,75064.5044365932,76119.24983520855,827.2609477218357,397.94063402249594,263.65323401562637,255.3242600838421,3.570711343672553e-05,-0.3301229754724959,96,69,94.0148506991858
8497,854.8562604432719,155863.7828501745,75089.43370935043,76146.40579776291,1138.653150891536,505.750079640231,334.1559501577867,292.71295058110263,-7.793848497857624e-05,-0.3204220623283826,96,69,94.02003370217946
8498,854.8731517820806,155792.25380046028,75096.90326860515,76177.29329060476,1447.0219212374068,603.1322618037666,395.3957185250765,322.6223296006501,9.006019574379146e-05,-0.3157984440967084,96,69,94.02523537655112
8499,854.8767653638663,155799.22312583652,75106.04422936888,76188.66579825869,1727.1579323461046,680.2945926333923,440.6014219847275,349.39396746168495,-6.739281282020603e-05,-0.3128290571550853,96,69,94.0304555806592
8500,854.893516139545,155800.43870493604,75108.74313119698,76164.70531271135,1957.592274324852,734.7011127600563,469.03816692753753,371.3496010219678,1.8695482431131796e-05,-0.3133865141815,96,69,94.03569417225025
8501,854.8961617120202,155776.8844250024,75137.83830995378,76189.69572228903,2127.3947319983854,763.7288682494982,479.4396378719539,393.45272732831654,3.721878581792244e-05,-0.3109505076427244,96,69,94.04095100846584
8502,854.9131364023142,155708.8616874269,75147.60364228189,76171.71513567273,2233.86651969963,772.4116395718884,476.5426470533275,415.5219496906502,-7.875105965122318e-05,-0.3019225131075809,96,69,94.04622594584846
8503,854.9167213828719,155700.8104673433,75168.09628435223,76193.62045179814,2282.750323629065,763.3909908100759,462.5957500857912,441.06140572894947,8.985986223959971e-05,-0.3109150106389364,96,69,94.05151884034788
8504,854.9334146685461,155666.57919200798,75137.02109598099,76196.62697112687,2284.6920199575834,744.6610896961793,444.160342872201,469.45278739961213,-6.625705153659949e-05,-0.312769148452936,96,69,94.05682954732842
8505,854.936066189409,155651.98755829938,75161.98819279167,76189.7816747118,2251.9411636749282,719.0310421087925,423.34572596207727,501.23517792703933,1.706309864648121e-05,-0.293086541833843,96,69,94.0621579215744
8506,854.9531288910518,155628.41000785498,75075.03703377972,76168.98652068223,2197.197379039484,693.0673830521991,405.49482320973766,534.609936993249,3.871719600640948e-05,-0.2854215481586805,96,69,94.06750381729712
8507,854.9566654098562,155585.25716949944,75093.1699174402,76145.33149325704,2130.2251510554343,666.5305692150287,390.15119623043574,567.5413047328475,-7.95367107604574e-05,-0.2761141394010437,96,69,94.07286708814138
8508,854.9733163762716,155535.18552855434,75085.43437221673,76179.38968086927,2060.11104676174,643.0504083309643,379.93039813739597,597.8713349346945,8.962934496740267e-05,-0.2525836570347697,96,69,94.07824758719212
8509,854.9759696094865,155504.68456728698,75095.29541528139,76150.97510789565,1991.9462720051524,620.1623622001352,371.88965460666805,622.537701581401,-6.509950596108882e-05,-0.2546071502706837,96,69,94.08364516698094
8510,854.9931348537425,155528.63858667723,75093.0639353171,76174.84151472659,1930.8464837329811,600.5415958820377,367.0086211587186,641.0013716458052,1.542574397848622e-05,-0.2481738037202622,96,69,94.08905967949224
8511,854.996587362409,155505.29447050954,75075.60488372919,76141.80043479944,1877.3980793266674,581.0523247364181,361.0899444265815,651.0479866130045,4.0201845137313766e-05,-0.2516121783156502,96,69,94.09449097617028
8512,855.0132370398926,155489.8655914201,75108.90135301709,76144.18939530021,1832.5823041317053,564.1559449779597,354.8242720720882,654.7575432424492,-8.02951862273748e-05,-0.25458277762921,96,69,94.09993890792629
8513,855.0158482365853,155503.42826803628,75083.97022725632,76156.24800501892,1792.9726902915863,546.7478699288331,344.77159116920666,651.4109776135301,8.936873609077334e-05,-0.2757219262553962,96,69,94.10540332514412
8514,855.03319764242,155485.80735023253,75091.98225261537,76163.7317879301,1756.92008863698,531.5674574464501,333.3537908384751,645.5674130093539,-6.39205766752686e-05,-0.2975259218525317,96,69,94.11088407768754
8515,855.0363838526447,155512.74593569245,75086.11059627858,76140.55577279223,1719.8410733618075,515.5475162522343,318.9481206894561,636.6210124610225,1.3783972647588227e-05,-0.3432303936253165,96,69,94.11638101490688
8516,855.0537077782218,155537.59123458754,75081.50737353516,76161.98074925678,1681.1112276283093,501.8330999143509,305.78540147811873,629.4262091644341,4.167223937383034e-05,-0.3869675315134498,96,69,94.12189398564612
8517,855.0561817757209,155572.69689390357,75071.00131185073,76139.61688173578,1638.9467961188057,487.9060177787178,293.3299405903381,621.5735082254105,-8.102624336519344e-05,-0.3832122902693011,96,69,94.12742283824866
8518,855.0730087030352,155533.57742122092,75067.30460995107,76165.48059037006,1596.5031178490026,477.39562705166463,285.8499031396932,616.6142159190786,8.907813799925994e-05,-0.4055097078241127,96,69,94.13296742056497
8519,855.0764462268844,155535.57146795598,75096.35271934018,76181.4026470737,1555.9932232900173,468.1188534374669,281.8375852391764,609.9626636520261,-6.272067140571142e-05,-0.4064106854621365,96,69,94.13852757995942
8520,855.0935717354183,155556.9026335697,75082.63492423602,76163.3939305732,1523.2157062314218,463.3919172320893,283.5635873482388,604.0391871447791,1.21383401540462e-05,-0.3895514163455966,96,69,94.14410316331634
8521,855.0961081731455,155560.2366974677,75108.30978639633,76167.2428459313,1501.5878537492827,460.9640933207993,287.6652785468905,593.7707681720494,4.3127890041045946e-05,-0.3954960851640962,96,69,94.14969401704792
8522,855.1129417435604,155581.5024886236,75082.43307671027,76168.43780722884,1495.480496371747,464.13996675606177,295.0703467350395,583.4102534743433,-8.172964920335476e-05,-0.3940050020759157,96,69,94.15529998710016
8523,855.1164470796905,155577.64844249113,75084.41049192623,76168.70254585899,1505.176707393839,470.5569837459916,301.867601224425,569.6353704943904,8.87576625782353e-05,-0.3904733979687327,96,69,94.16092091896012
8524,855.133464706926,155640.05171662456,75133.78258556096,76167.29715068534,1529.8646061132895,482.4829423521878,308.91130455365055,558.4439264915127,-6.150020428936768e-05,-0.3785451735764812,96,69,94.166556657663
8525,855.1360138758293,155622.25392330994,75087.21807311251,76175.63411462441,1565.0000198985217,496.3708995066845,313.25654124302673,547.2241045369301,1.04894028849107e-05,-0.3719257999594959,96,69,94.17220704779872
8526,855.1528994151064,155634.49983255492,75086.71441979319,76154.41151844247,1604.9718192474684,512.8578641269414,317.0316459903552,542.280979395,4.456831345473247e-05,-0.3579634057164372,96,69,94.17787193351936
8527,855.1564294718509,155633.21000130216,75097.65601778278,76186.95484349735,1642.8707796123344,527.091141825018,318.52293716112035,539.4631901611283,-8.240517955202701e-05,-0.3525899260348307,96,69,94.18355115854538
8528,855.1733629720902,155642.8260183413,75044.79756766562,76145.86005970302,1672.011271030875,538.6405032499897,320.12326441088226,542.6361432746926,8.840743236597185e-05,-0.3538890207537178,96,69,94.18924456617329
8529,855.1759146343464,155624.01875593796,75081.97585946316,76176.77734709083,1687.547575441422,543.2668749010918,320.12406370337703,545.3676054302196,-6.025959655749388e-05,-0.3443979596778707,96,69,94.1949519992823
8530,855.1928715912849,155638.9770749403,75075.47414287596,76150.14120630448,1685.3736762147164,541.9069207191496,320.22483176898095,550.4525244360266,8.837718388049762e-06,-0.3403625874876171,96,69,94.20067330034156
8531,855.1963985860017,155601.45038796574,75084.49401323884,76176.62322052328,1665.2784409851301,532.4585098321841,318.05163160027587,550.999104431452,4.599303144710846e-05,-0.3407813307086382,96,69,94.206408311417
8532,855.2132634900838,155637.83552829086,75095.62525330034,76150.26181217689,1626.7808738602907,517.29833718593,314.40719273133436,550.0535953380167,-8.305261987756587e-05,-0.3298313210656885,96,69,94.21215687417832
8533,855.2158133826839,155666.0130347141,75058.38383983928,76166.24940161695,1573.986876607465,495.931674366846,307.0022378844151,542.2775901266723,8.802757944012066e-05,-0.3167393772515764,96,69,94.21791882990634
8534,855.2328567974863,155657.45659654698,75095.82171984954,76149.20976359342,1508.2644372458453,471.3323089324549,296.8988411433238,532.7452172480407,-5.899927623014807e-05,-0.30283530175367,96,69,94.22369401949967
8535,855.2363529319307,155660.81421801093,75097.57998202251,76157.2613224555,1436.198964146024,443.60362904488284,282.75456286000554,517.6647415761545,7.1838445042912525e-06,-0.2882243728362053,96,69,94.22948228348258
8536,855.2531692891076,155666.70707272898,75067.68364923142,76161.17868804515,1359.3842297641677,415.4625775899185,266.3425920481677,502.50666799154715,4.740157121866208e-05,-0.2704911114965397,96,69,94.2352834620112
8537,855.2557069714868,155746.9312090738,75066.78808861475,76157.87388333204,1285.209553739638,387.3954952562344,247.71203219119343,483.99845723828184,-8.367176560151931e-05,-0.2603016340670241,96,69,94.24109739488117
8538,855.2728602678657,155725.61265410646,75085.85148493385,76153.81219710743,1213.1630414170795,361.6978707575181,229.3745088846481,467.3380094622553,8.761824619783791e-05,-0.2309276723863977,96,69,94.2469239215344
8539,855.2762823073573,155746.66430815117,75094.31483265838,76140.47824132441,1149.6970494013513,338.70831203844864,212.0068119445932,448.5945583503053,-5.771967719105197e-05,-0.2076056173006587,96,69,94.25276288106706
8540,855.2930963454722,155758.18984630902,75084.75561792546,76159.39865664225,1090.934102139785,319.4875855508144,197.43608970873174,431.52423842146527,5.528339732404007e-06,-0.1960323595921876,96,69,94.25861411223568
8541,855.2955712580754,155785.5189109183,75082.99289800855,76153.12693509272,1041.3387440791703,303.6543428243167,185.56784872309072,412.0859987907461,4.879346582488785e-05,-0.1554206400390126,96,69,94.2644774534652
8542,855.312925916386,155812.1762720556,75083.80671729673,76110.92879958558,993.0848716502078,290.6008438481367,176.44600454202737,393.8096304991632,-8.426242157456263e-05,-0.122046261653438,96,69,94.27035274285552
8543,855.3160865233418,155792.8276411611,75043.5575901492,76120.12850631872,950.6184142744169,279.1732974929473,168.88311807613354,373.02739693626063,8.717958450292014e-05,-0.1181817817962536,96,69,94.27623981818924
8544,855.3334588712132,155893.5346575507,75066.61583606109,76153.97117006862,905.0539979285095,267.5526240688778,161.82592176485923,352.98947874613805,-5.642124006845128e-05,-0.0753006015049603,96,69,94.28213851693836
8545,855.3360159301308,155886.6119587519,75075.530034595,76167.12734443779,862.9268167561968,254.92603442128166,154.54084466191125,330.76501068129437,3.871763152787242e-06,-0.0553897969041995,96,69,94.2880486762722
8546,855.3527246867095,155892.56736158388,75095.49808052195,76157.23468310083,815.0354906343273,239.56442409982265,146.34648470007232,309.1471233316115,5.016825419714291e-05,-0.0400271699479095,96,69,94.29397013306392
8547,855.3561486304453,155899.22835093952,75056.76572613233,76132.92326799143,769.4266827137908,222.2625599609746,137.7930497980269,285.816337064869,-8.482440232961628e-05,-0.0178410498098026,96,69,94.29990272389831
8548,855.3733362180891,155940.49716384802,75087.8938948548,76148.20462511833,716.5639807682601,202.3585966550454,128.57270678464556,262.7000361531391,8.671175619570498e-05,-0.0152203724852968,96,69,94.3058462850788
8549,855.3759354145631,155973.8299877138,75084.31445790113,76142.03560546046,666.4941229071701,182.5834899546462,119.92699919184088,238.1500979315606,-5.510441148260509e-05,0.005476343487377,96,69,94.31180065263472
8550,855.392651237025,156002.75411804466,75067.40388402362,76148.84430406398,608.2715958104236,162.41629970444774,110.89366666506976,213.767320228857,2.214673164796226e-06,0.0313285971618369,96,69,94.31776566232844
8551,855.3961510440836,156025.217635021,75053.38148190783,76144.01599676175,553.7287537840311,144.86521978817473,102.5520762745291,188.7673152736097,5.152548095233608e-05,0.0458536634517213,96,69,94.32374114966372
8552,855.4132407644405,156055.72280483865,75078.53027877933,76123.5867091306,491.9380171588855,127.92209673690377,92.9903354353155,163.88491197291296,-8.535753179566217e-05,0.0699565333481772,96,69,94.32972694989128
8553,855.4158340814687,156065.56832080465,75077.90918317332,76134.98159900468,436.5419577953289,113.62855495321855,83.27082336210879,138.99839511237224,8.621493281889283e-05,0.0924150427595573,96,69,94.33572289801742
8554,855.43260193595,156071.19886852452,75052.66942988525,76152.29627594896,373.0572525879834,97.6134254145436,70.68120323316543,114.03758930889308,-5.376964419906967e-05,0.2633508591648839,96,69,94.3417288288109
8555,855.4361373866506,156134.03596334645,75072.61878310177,76125.10586245252,314.56532112834975,81.50544350768905,56.921558894595364,89.79699341548258,5.576288901875131e-07,0.513463144775225,96,69,94.34774457681053
8556,855.4531489165183,156164.2947010308,75042.58538025386,76105.76656184002,245.00814590702066,60.97776431577222,39.940116832673084,65.7015885990113,5.286469687204279e-05,0.3353198723883544,96,69,94.35376997633182
8557,855.4557272785507,156151.83744494728,75053.0293792406,76113.57107644291,180.69830323074711,40.51398405821237,23.795500206266297,44.11351681756787,-8.586164463377043e-05,-0.2248115891020238,96,69,94.35980486147542
8558,855.4725673579201,156170.33052632245,75025.62906745618,76099.86830912554,107.12345576070948,18.52278178987035,8.169936407590285,24.17976538007497,8.56892960986996e-05,-0.112476849866215,96,69,94.3658490661334
8559,855.4761122770661,156207.73589408505,75056.93436112317,76088.6257143233,49.52267457800917,4.4184568256896455,-0.0,9.871092558867531,-5.241739638358944e-05,0.1112410369108467,96,69,94.37190242399711
8560,855.4930578054388,156206.00979067155,75037.16281025791,76103.92360921799,2.044217900838703,-0.0,0.29703323362628,-0.0,-1.0988115952498866e-06,0.0314537537094875,96,69,94.37796476856477
8561,855.4956177922467,156217.318580281,75047.0794515014,76122.68217873076,-0.0,17.087033822506783,16.55812326245359,-0.0995075567625463,5.418545960292165e-05,0.0946001035898885,96,69,94.38403593314835
8562,855.5125464236776,156182.3183172359,75016.2439680262,76104.21481721266,37.756599954736885,54.823396300154855,46.880424301867606,6.89637839916395,-8.633658426240265e-05,0.0824175057564519,96,69,94.3901157508813
8563,855.5160739344509,156180.0554938553,75032.63536078384,76090.2709895157,148.80241662153276,120.6990771114215,95.14369018981233,26.67660984644317,8.5135036417987e-05,0.0828739250145285,96,69,94.3962040547258
8564,855.5329703310543,156143.37542895746,75047.94987785858,76091.94284801421,315.6655141146621,206.0650044244394,153.98563899018336,54.67054186851601,-5.104813236756297e-05,0.0999873562320657,96,69,94.40230067748016
8565,855.5355027291841,156109.799296943,75045.55754690676,76100.82986608314,555.8077226913883,310.8435525326786,222.61693788084085,96.26223815674894,-2.754089800705222e-06,0.1063208446076401,96,69,94.40840545178622
8566,855.552544242013,156049.7202114156,75043.85459128645,76145.69062262925,827.7497146712849,418.2995290238614,289.184543565294,143.8174990475818,5.54873324884597e-05,0.1184339190321197,96,69,94.4145182101367
8567,855.5560125805075,155986.65075260212,75044.1638006438,76110.99066434913,1132.9429881429533,525.1824743662437,352.25585701229284,202.08756586143863,-8.678220490825896e-05,0.1238715971052021,96,69,94.42063878488273
8568,855.5729011277588,155927.78084713433,75020.65083126408,76114.33523270124,1418.9487676616409,614.6389018953923,401.5605617487454,261.3443828675081,8.45523546925944e-05,0.1568664201831155,96,69,94.42676700824092
8569,855.5753605795783,155859.48080041245,75005.30652241003,76086.0290352522,1687.1478201040882,687.5589407156804,439.8907565597183,326.14780046758824,-4.96623218107772e-05,0.1879409672633375,96,69,94.43290271230128
8570,855.5925993203869,155818.01645064264,75010.25098989751,76101.91315565092,1889.0040299720713,731.8639101768349,460.82305365511274,384.5783029602899,-4.407648632213802e-06,0.1852110261982293,96,69,94.43904572903423
8571,855.5958440723507,155747.33936886923,75024.36948579056,76091.9066455859,2042.8486996688298,756.1299357190583,471.9399266833934,442.3708924531238,5.676988593715431e-05,0.1917600589876095,96,69,94.44519589029817
8572,855.6131456674692,155691.6749948362,75053.09395362274,76086.89649163705,2117.5235870892648,754.4693128063664,469.465917543057,487.88060656478046,-8.719837032664347e-05,0.1775699020378071,96,69,94.4513530278467
8573,855.6159001380361,155623.1531653818,75030.22449864222,76097.32749618028,2149.7569063269766,740.838798278608,462.40488056562026,529.4584250102635,8.394146055390776e-05,0.1661720221511973,96,69,94.4575169733364
8574,855.6324082170469,155615.99138391786,75057.27763483803,76105.58653545084,2119.9316521925502,711.6270420011133,446.2745465991902,556.8765110250097,-4.8260439703915065e-05,0.1614845251494185,96,69,94.4636875583338
8575,855.635892391893,155559.6429890294,74999.98887005288,76094.34057213656,2071.751582252851,681.3873187374265,429.01651108467195,581.1829257424106,-6.058931630737313e-06,0.1661778285161898,96,69,94.4698646143231
8576,855.6530434409068,155603.2740632115,75029.23245360392,76112.77425972388,1988.1092747395742,645.5230744770379,405.3365603443672,593.9103057372267,5.803269678593253e-05,0.1776883037772531,96,69,94.47604797271366
8577,855.6558108842854,155569.33582411573,75018.30792406572,76118.63864753328,1912.9030160219409,617.1004168284999,383.4554887908889,608.3188350817654,-8.758495401915127e-05,0.1767598674066792,96,69,94.48223746484705
8578,855.6723296598049,155538.44281945145,75025.1266542868,76071.20617022732,1820.8360839387751,587.5853266677586,357.6420896064956,614.2981741636759,8.330257356838864e-05,0.1718998778671043,96,69,94.48843292200442
8579,855.6758938358324,155539.5677116066,75011.29158710391,76069.9611983267,1749.0271645901375,566.8171240077208,336.41904459751095,623.8697847923322,-4.6842966001406826e-05,0.1872597804165995,96,69,94.4946341754146
8580,855.6929597284717,155521.58297665956,75025.28018329438,76076.9970150721,1667.2400718308054,543.8566311963077,314.2974657153536,625.1182740073709,-7.707383166501245e-06,0.2039212827644697,96,69,94.5008410562609
8581,855.6957059822191,155484.5802267117,75021.17800790942,76074.98020247568,1610.2439940100303,527.533277778115,299.7322839674016,629.8581450580677,5.92753487606649e-05,0.2041102384981281,96,69,94.50705339568856
8582,855.7122700173409,155507.42891366073,75025.38165720573,76081.20768783007,1541.1056807043497,505.33299520399305,285.2658008085855,624.3097061914159,-8.794184026725942e-05,0.1851871653104651,96,69,94.51327102481224
8583,855.7158856895959,155544.45968568267,75042.63533686993,76076.64721938536,1491.868410261406,486.54018999777327,277.6562245870591,620.8500482117815,8.263592280347947e-05,0.1734636997631181,96,69,94.5194937747235
8584,855.7328744705862,155505.85274063068,75011.0349495557,76081.65695428677,1426.2532162070274,460.59701850930287,268.359115529689,606.9326868747885,-4.541038618355265e-05,0.1591841152138227,96,69,94.5257214764981
8585,855.7355986453052,155528.2533969108,75005.16722725928,76092.30825063551,1379.2586225248524,439.35348970301857,263.8409599739243,597.0604328591144,-9.35244900375812e-06,0.1103957488646939,96,69,94.5319539612035
8586,855.752221238991,155545.39675971903,74992.32168174592,76087.76946052747,1313.7954820818268,413.0336199184094,254.98593521135626,578.018968230579,6.049743284623187e-05,0.0894284440365899,96,69,94.538191059906
8587,855.7558721211038,155589.1202998429,75014.46731774167,76104.52433486418,1267.8724113856442,394.4506665894296,249.06896453158697,564.6745121624845,-8.826892276219504e-05,0.0814537991189155,96,69,94.54443260367847
8588,855.7727842818564,155548.49967924118,75045.87938738245,76061.07932883529,1209.4773394376389,374.63540539331734,238.77960544152302,544.0606402408739,8.19417454691986e-05,0.0730872003550265,96,69,94.5506784236075
8589,855.7754927008713,155544.6035922934,75052.89776220011,76073.99402354065,1180.1760805426748,366.31507300598605,233.2232015535992,531.5418089478044,-4.396319025045317e-05,0.0877045647894124,96,69,94.55692835080065
8590,855.7921808355171,155597.05637273056,75006.16401124174,76102.47363687605,1144.7875989677268,358.5762524688762,225.62714857028914,512.509981929179,-1.0993576301069462e-05,0.0792213827790775,96,69,94.5631822163944
8591,855.7958536395025,155588.85902118855,75030.35055692731,76112.65863783701,1142.8774265538086,362.8762553600827,225.5138513262791,502.54141052413615,6.169854691434125e-05,0.069986069135505,96,69,94.56943985156074
8592,855.812688458822,155607.06562523084,75009.79836314236,76121.27391147261,1138.0650827067439,367.7664724294009,226.00932135173935,487.78602089048945,-8.856610559999485e-05,0.0843458304646676,96,69,94.5757010875151
8593,855.815390138555,155620.4228620513,75021.80014015757,76105.78823257913,1166.681351917854,383.65652165858774,235.10958454859792,484.3470078504761,8.122028935027934e-05,0.098715769751262,96,69,94.58196575552331
8594,855.8321474317858,155581.57037142073,75044.60158420618,76117.13294236206,1185.1212235446437,396.90448934996675,242.97793532031938,476.4833985925943,-4.250187296860731e-05,0.1109375918646718,96,69,94.58823368690922
8595,855.8358299022569,155594.55436246813,75033.1094949863,76114.12858274265,1226.9710553375771,416.7319035832479,255.46875913412077,479.70355598960305,-1.2630213933438236e-05,0.1255730528051984,96,69,94.5945047130621
8596,855.852587150883,155584.5838345999,75024.23476585794,76116.83594499863,1249.8592523396364,429.5333703789365,262.1862728331471,477.95922339567915,6.28782961612747e-05,0.1398802429474221,96,69,94.60077866544351
8597,855.8552923166899,155581.287370066,75066.0399343307,76092.29546544133,1288.0227167026023,444.48393795073207,269.2805293396814,485.8944562181714,-8.883330273554015e-05,0.1435843993906792,96,69,94.60705537559524
8598,855.87211992388,155577.1736164209,75021.86868319742,76109.37505425212,1297.6650976891397,448.06267730970285,267.3674300322891,485.005644545221,8.047181031652445e-05,0.1576553816821339,96,69,94.61333467514604
8599,855.8758003485177,155558.84146159678,74988.58584219207,76111.7703992927,1316.1479565428453,451.34028119957657,264.98517610901035,489.6210335192154,-4.102693363083269e-05,0.1636102080879934,96,69,94.61961639581928
8600,855.8924808996904,155557.59927436605,75028.07257470794,76126.96207523177,1305.5807605427108,444.02970531149185,255.66559170596884,482.12312056677183,-1.4261812230931111e-05,0.1576821214676061,96,69,94.62590036944027
8601,855.8952002717199,155560.8965954779,75047.99602561614,76140.9687793208,1305.98662286927,439.08182966991444,249.25547766068485,477.551699804957,6.403629311497609e-05,0.1678570191042602,96,69,94.63218642794332
8602,855.9120972468831,155566.68670332126,75032.20127440256,76138.2447358856,1278.7822838638676,426.64267391689646,238.98816072457703,458.2998113204958,-8.90704387297932e-05,0.1532102516792283,96,69,94.6384744033789
8603,855.9157644091404,155599.31747903055,75054.82977805895,76154.44695090322,1265.814185656258,419.72003019659314,233.85623565671267,441.69153629086213,7.969657372460052e-05,0.1368915670884423,96,69,94.64476412792143
8604,855.9323704736969,155595.35390013654,75064.10045261728,76136.68841995478,1231.2400224127923,408.35174179813475,226.1407696940587,413.1630426774209,-3.953887568627106e-05,0.1434796509226942,96,69,94.65105543387632
8605,855.9351148149185,155622.062517701,75071.44504253964,76177.98408362898,1214.7681363746524,403.5931948238431,222.88904811104294,391.5459292542946,-1.588782377609417e-05,0.138577537547898,96,69,94.65734815368673
8606,855.952078303766,155627.32142911074,75066.50787189695,76179.18534800928,1176.27176676417,393.4637854441389,214.91044651341508,362.08356585406,6.51721578361408e-05,0.129175249074585,96,69,94.66364211994124
8607,855.955721595723,155694.61260767412,75072.41435245622,76176.46748734458,1155.1145970478537,388.29649317477015,209.31974994088523,344.1606836353312,-8.927744780175018e-05,0.1383096017228182,96,69,94.66993716538136
8608,855.9722567895013,155665.98429743096,75086.49086903229,76149.29085040199,1113.686250721279,376.8958806486771,198.51396289176773,323.05708185915137,7.88948536711384e-05,0.1443993022383939,96,69,94.67623312290796
8609,855.975036563365,155666.49008364478,75046.35841233395,76159.89313259293,1090.2702687836718,369.3317486807791,190.53118649160024,315.75172727627796,-3.80382074411084e-05,0.1452428979535491,96,69,94.68252982558911
8610,855.9920619504104,155693.68396338006,75065.95582623941,76144.49668880268,1045.687236120517,354.52558718112414,178.5751277040108,304.141801210877,-1.750770318829271e-05,0.1646064056104803,96,69,94.68882710666708
8611,855.9956715437238,155669.29946802522,75049.1015431111,76149.25665165872,1019.4964015555452,343.18862306777737,171.1991333833139,303.667838072055,6.628551837338884e-05,0.1720255104338888,96,69,94.6951247995653
8612,856.0121408656798,155668.65359895106,75063.5681380323,76121.00949766005,974.4670900186175,325.4025173684495,161.79051656424417,295.88344988031895,-8.945427476404931e-05,0.1794860746166048,96,69,94.70142273789556
8613,856.0149659454298,155678.60684485568,75050.42018970726,76120.0891103998,946.3020990172517,310.9637779367913,157.1676676859497,295.0698376147193,7.806693314519978e-05,0.1800755707143447,96,69,94.70772075546562
8614,856.0320470075045,155669.47669191222,75057.7298714882,76137.33738353178,894.0301716052345,289.3399523507833,149.0946135772101,282.51996339135803,-3.652544026250187e-05,0.1695935063594917,96,69,94.71401868628573
8615,856.0356140294816,155671.46361695268,75057.9541813425,76141.91287366174,853.4420713529689,270.2544168192835,143.40801746569923,274.5055537644366,-1.9120907402023346e-05,0.1617165270104024,96,69,94.72031636457592
8616,856.0520237964996,155706.8241108174,74999.75119465122,76129.16928614124,786.5552737099933,244.36049984730198,132.2586038566078,254.97059753231588,6.737600994130005e-05,0.1668636747710888,96,69,94.72661362477338
8617,856.0549031879691,155717.4000947518,74997.18341528795,76099.1860565507,728.555793075182,221.26960396324284,121.58163220362621,240.58269149289117,-8.960087446009104e-05,0.1744268815606018,96,69,94.73291030153904
8618,856.0720322978474,155694.84505199365,75051.20215784055,76090.01426758028,643.3639218079043,192.56220819344162,104.99963228058186,215.44447293091798,7.721310350858927e-05,0.1781040884792558,96,69,94.73920622976522
8619,856.0755489554425,155748.6012794538,75046.53351969729,76103.63091514257,570.9192779209698,168.5974616441672,90.2720349218871,197.0137780387886,-3.500109013912662e-05,0.1847550264445214,96,69,94.74550124458212
8620,856.091906759089,155761.47743097582,75049.24037462834,76119.25302607543,480.1736427922151,141.72185229029856,72.89267864066642,169.94894285019836,-2.072689578881621e-05,0.1817049519645464,96,69,94.75179518136498
8621,856.0948482627953,155777.24491926862,75018.91761503043,76096.44060988424,408.86011963832425,120.36395799947786,60.096848397137364,149.8695173211163,6.844327594038734e-05,0.1755779735539408,96,69,94.75808787574157
8622,856.1120167441442,155790.20973278765,75020.63363068733,76104.6581576822,323.9343582211295,95.6921353002399,46.48529970177333,120.54468619986437,-8.971721181598878e-05,0.1771448602586398,96,69,94.7643791635984
8623,856.1154762490837,155797.32940671963,75040.73315736944,76078.22364587619,261.65272496576654,75.17030914261704,37.61724263292854,98.27045254359837,7.633366506308387e-05,0.1798759793428157,96,69,94.77066888108844
8624,856.1317911368069,155830.17088162978,75012.9524517322,76080.62629822639,188.3354044064763,50.88673582278716,27.133750456152484,68.4202285874635,-3.346567623527663e-05,0.2281550196628905,96,69,94.77695686463748
8625,856.1348006675836,155872.0448576626,75019.80056565956,76093.6968404045,135.68230049143312,30.7771433868038,19.337872102827532,47.24964273758815,-2.232513076718304e-05,0.4531936725081483,96,69,94.78324295095148
8626,856.1519997194389,155860.854875894,75021.49982895331,76063.25224737557,71.59821374388412,10.093115674055298,9.161709359643282,21.570972830115352,6.948696801194651e-05,0.6736526213052084,96,69,94.7895269770233
8627,856.155395371559,155869.50179898235,75015.07895243067,76086.49939946162,33.97834472131217,-0.0,3.263864404609194,9.661632975155953,-8.980326220016145e-05,0.3183978074532251,96,69,94.79580878013968
8628,856.1716792526412,155895.04385716352,74988.13186621101,76076.90641994814,-0.0,-0.7869667472696165,-0.0,-0.0,7.542892649193346e-05,-0.1675110372162296,96,69,94.80208819788804
8629,856.1747582108204,155874.08585661615,75028.69511890083,76076.8717999651,11.23104903352214,18.657433129948913,7.312666658719536,9.419398058467777,-3.191972132510056e-05,0.0646801991067891,96,69,94.80836506816344
8630,856.1919831161533,155853.06375096567,74991.28963406873,76077.86104992633,49.33416892983951,55.82602378012962,24.130440637032734,25.56160550878849,-2.3915077061809425e-05,0.1592681467376536,96,69,94.8146392291753
8631,856.1953016759737,155791.59222179852,75037.93986876721,76087.01937076508,155.25413273571758,117.12342091914616,56.20981738725095,63.93762126786169,7.050674548468179e-05,0.0882716199884029,96,69,94.82091051945422
8632,856.2115814009505,155722.8493520358,74994.36180104151,76051.25960836941,304.00537968054414,194.56667599263892,99.13134311861359,110.38800350285601,-8.985901107313779e-05,0.1456183818467357,96,69,94.82717877785932
8633,856.2147012493242,155703.7989798422,74990.45287063226,76080.37743279462,519.107134887774,286.9961153190088,153.2950626456295,176.11678056858364,7.449920487372433e-05,0.1062281953051376,96,69,94.83344384358364
8634,856.232018598195,155629.34660077747,75014.11987807532,76036.43835629492,759.5801416064496,381.5754011304962,210.56425961240893,244.40153372878558,-3.0363751606280347e-05,0.115817276126383,96,69,94.8397055561628
8635,856.2344773865502,155555.3433725498,74984.34740984604,76072.19867636265,1035.5386609642883,474.15596030221786,268.6791981860588,324.8926432392909,-2.549620290689641e-05,0.1193233108744371,96,69,94.84596375548016
8636,856.2513287487867,155419.0813025036,74989.66337604367,76073.2342266237,1295.473842589534,552.4071827352309,319.21869871768286,399.0923841508629,7.150227604383595e-05,0.1183645339059101,96,69,94.85221828177411
8637,856.2547758336971,155344.52617905271,74964.21693908771,76047.00971260206,1545.0521938026068,614.6329855554795,360.86158485863416,475.56287845096085,-8.988445424563086e-05,0.1272730585448665,96,69,94.85846897564514
8638,856.2718733031564,155271.7767281776,74963.53233029532,76036.9999492555,1741.9767142034834,654.7273019807035,388.8047232251556,538.9272151042242,7.35448255540921e-05,0.1201502199643829,96,69,94.8647156780617
8639,856.2744107871029,155244.17754172932,74967.67773255601,76034.73039390618,1902.5697409639251,676.6005055534479,404.94893166417023,600.1167591142002,-2.8798296478540717e-05,0.1185747255889535,96,69,94.87095823036763
8640,856.2912582378618,155211.5585138888,74955.97696357635,76032.39638763078,1998.0880197087536,680.0762135895202,408.2886695587804,646.7770131758589,-2.7067979616000684e-05,0.1338885956430185,96,69,94.8771964742882
8641,856.2947814034186,155135.93020917033,74970.41717463003,76055.17231811005,2056.6446366945165,672.4232232764189,403.10983376577497,691.7869456218614,7.247323603114078e-05,0.1207796038510397,96,69,94.88343025193709
8642,856.3117576941057,155092.28668029513,74965.8284658234,76037.63598218789,2063.1352051129797,655.9652868845587,390.7075727907213,725.865248996095,-8.987959754443967e-05,0.104473285401677,96,69,94.8896594058227
8643,856.3143248466189,155047.317944475,74943.60724738128,76050.52220837101,2051.3463135480415,637.1300334341795,375.5932268290053,761.7486125542782,7.25661219153447e-05,0.1172112889788431,96,69,94.89588377885472
8644,856.3312106486494,155033.65817048063,74922.45436156813,76034.6699807423,2008.488286245556,616.8778896314761,359.03721216077975,789.4767647430126,-2.722388778398452e-05,0.1201817640647804,96,69,94.90210321435104
8645,856.3347699281634,154964.85467475414,74947.0603978621,76024.40952045527,1966.614299986395,598.8626205990004,344.2370796810428,820.0618701212225,-2.8629881789153536e-05,0.1162121279482107,96,69,94.90831755604368
8646,856.3516456766713,154985.11521696366,74958.04062766721,76012.34711854834,1912.772198510589,582.5578842925752,331.60865865387314,843.7484400763933,7.341930958915917e-05,0.1343420555392266,96,69,94.91452664808553
8647,856.3542364508088,154924.03963302475,74981.8084598418,76007.39879683798,1873.1316685677739,569.5402721097926,322.47635061567416,869.8641768133384,-8.984445735095443e-05,0.1220555400889013,96,69,94.92073033505696
8648,856.3711747937444,154921.97906188085,74932.33966440301,75981.81472277346,1828.8665378988953,558.6529313152569,316.04164261356345,887.9617974552093,7.156343573618862e-05,0.1242479190160116,96,69,94.926928461972
8649,856.374747808862,154894.99660328293,74964.92295032204,76021.0443674443,1799.85696133296,550.2870213340211,311.8791934185865,906.4846213430865,-2.5641060695633436e-05,0.1419836355689477,96,69,94.93312087428474
8650,856.3915327701625,154857.51961085122,74962.41229131135,76031.09503634887,1765.5311978235259,543.0431724318478,308.4146425222425,916.3652399247512,-3.01813879385953e-05,0.1453061152762585,96,69,94.93930741789578
8651,856.394150382201,154878.19139676323,74974.59450285579,76035.0289992974,1741.7333320133039,536.0440963040455,304.2335962567013,925.693354931369,7.434019007547761e-05,0.1412175803480403,96,69,94.94548793915868
8652,856.4111467395513,154877.61390188287,74936.96699447441,76035.31740682368,1706.9370143531705,527.7623807045311,298.22449340501043,926.3005902160367,-8.977905978390334e-05,0.1229156154931839,96,69,94.95166228488586
8653,856.414716720494,154848.61513588837,74952.928530855,76048.9096789145,1677.4243349163444,517.0194683119335,289.67130529513815,926.7080511623062,7.053711626572341e-05,0.1175677718166664,96,69,94.9578303023555
8654,856.4314179562174,154869.50081032343,74965.09940631806,76053.58098666409,1636.4892507784534,503.697405028448,279.4315661106957,920.9542367144313,-2.4050352868364176e-05,0.0979481221802967,96,69,94.9639918393172
8655,856.4340688962543,154839.89737395724,74926.3012483364,76028.13150762576,1602.0374410259537,487.99926595701254,268.3168164022645,917.4955564301636,-3.172197995239992e-05,0.0716654627887273,96,69,94.9701467439986
8656,856.4511242065914,154882.900044462,74927.62255801278,76043.99389674979,1560.2307666522101,472.385088696552,258.88895186236186,911.1159968949505,7.523557898770879e-05,0.0503048391652296,96,69,94.97629486511153
8657,856.4546771536511,154872.06772781216,74939.2635170933,76032.20491403232,1530.5058118125307,458.4296271349158,252.0271618863917,909.618747917033,-8.968344155147885e-05,0.0140658006905355,96,69,94.98243605185772
8658,856.4713013329211,154877.79879226457,74917.7976105216,76048.15291588423,1501.6271284694085,449.60701500710275,249.74188297269575,908.0885621263005,6.948752075984217e-05,0.0130230685785238,96,69,94.9885701539357
8659,856.4739933005802,154868.83190261712,74951.0676359134,76062.48402141791,1490.2300101359142,446.4090119263128,251.0392681115336,911.9792829712387,-2.245230387927201e-05,0.006764495284489,96,69,94.9946970215463
8660,856.4911054632094,154864.88942749117,74926.12267579266,76040.10965113938,1482.4927859773743,450.72593435169256,256.4213506213855,915.1931289402128,-3.3251143714006994e-05,-0.0173762360657254,96,69,95.00081650539916
8661,856.494629247682,154809.28388140476,74916.63114995876,76034.1980266606,1491.406971858465,459.90357174498786,263.09715714497725,921.1959120643733,7.610518696024629e-05,-0.0106150163636146,96,69,95.00692845671828
8662,856.5111834833065,154872.62337491225,74945.09663787499,76031.4577997735,1502.0393426546943,473.4167682731495,270.99384067428764,924.06168726139,-8.955764935588219e-05,-0.0111485111442899,96,69,95.0130327272486
8663,856.5139244033127,154846.2327035769,74955.97312958543,76049.77189302008,1523.7417333133053,486.5640318573278,277.2544689661736,926.1933032369998,6.84150141395038e-05,-0.0147074475963331,96,69,95.01912916926156
8664,856.5310889955771,154851.66715484828,74961.8675335683,75997.91261579978,1540.74361575488,498.80736840130703,282.98444678622764,922.9054353666725,-2.0847456034643715e-05,-0.0065767275033758,96,69,95.02521763556126
8665,856.5345730770872,154844.87154242664,74935.71952243157,76027.18968744701,1561.7861444644514,505.8803449775878,286.1465054414002,917.0857564047619,-3.476836945077733e-05,-0.0105274637755288,96,69,95.03129797949012
8666,856.5510652320044,154837.23013282983,74932.4848700465,76039.4098764058,1572.917698973266,509.13229538177256,288.8795494718652,906.2566240465676,7.694873316446783e-05,-0.0138416031394999,96,69,95.03737005493548
8667,856.5538626799141,154898.37679980914,74991.08718783864,76066.11860045597,1581.9465093580075,506.1065753340663,289.3391065833566,893.4473746349977,-8.940174002177372e-05,-0.0078186704505303,96,69,95.04343371633448
8668,856.5710733913626,154879.92814643044,74951.5011522802,76078.10843406516,1576.3138176671346,500.2825917900045,289.6630854163668,877.5965434963291,6.73199690297914e-05,-0.0046648323766539,96,69,95.04948881868074
8669,856.5745087738504,154919.83301327712,74952.75396239318,76059.41687109176,1564.9218426141306,489.8283858167706,286.99282463802956,861.0485558687069,-1.923635360303497e-05,-0.0183304034823335,96,69,95.0555352175296
8670,856.5909475233444,154923.77722149433,74974.30613482388,76081.81346898682,1538.1971551557654,478.6244709603925,282.9780268872855,843.0856135398208,-3.627315157431911e-05,-0.0163988227546215,96,69,95.0615727690039
8671,856.5938083491518,154938.25612066264,75001.12475843352,76074.39886431533,1505.1315925080562,464.40124376583844,274.67594501360145,824.3067864901386,7.776594564527095e-05,-0.0199933784453438,96,69,95.06760132980033
8672,856.6110572980087,154977.59640093002,74987.26715343498,76085.27667110933,1457.90651452163,450.74445768458827,264.69777793281537,804.113833679934,-8.921578050899011e-05,-0.0290455828423763,96,69,95.0736207571944
8673,856.61443658789,154960.31121415223,74973.86814553184,76074.17724985615,1405.9764432368684,434.2334663286456,250.8760892066639,781.8362836315646,6.620276522985918e-05,-0.0233422557344153,96,69,95.0796309090464
8674,856.6308313446863,154999.9096280666,74990.27084556822,76058.39260663645,1343.1257318474236,418.0618704192457,236.9663253352628,757.7680292071891,-1.761954263633591e-05,-0.0348062187567498,96,69,95.08563164380706
8675,856.6337614168962,155040.96237747985,74953.07720173443,76062.48774811426,1277.9231637946796,398.72931649586826,221.4254639002902,730.8136458881781,-3.776498865233411e-05,-0.0510181480494688,96,69,95.09162282052296
8676,856.6510394097395,155085.4291937432,74971.61892722959,76048.0090633998,1205.7028657859191,380.13556313446315,208.24360718377284,702.7158567044535,7.855656193607109e-05,-0.0618981526049244,96,69,95.09760429884264
8677,856.6543569212018,155110.26480908078,74968.68582760938,76086.53462434921,1136.0450211962452,359.0096604426799,195.00140250936965,671.5766387430194,-8.899984793440293e-05,-0.077151517031039,96,69,95.10357593902096
8678,856.6707176670303,155140.9478420899,74980.37133730447,76062.36629868943,1066.5704903331352,340.04717999992135,185.0265585758316,639.8626559287659,6.506378994776147e-05,-0.0730292709438024,96,69,95.10953760192628
8679,856.6737217109925,155143.34480660444,74974.71045061531,76092.35130188336,1006.0851177190198,320.52723059816344,175.38904522292432,604.7082140044658,-1.599757046666557e-05,-0.0727281265467571,96,69,95.1154891490443
8680,856.6910184632976,155195.86420359722,74990.77180575611,76115.68252973605,951.993377464707,305.4310775068152,169.29589507784112,569.5319413263351,-3.924338413460407e-05,-0.0822664458139477,96,69,95.12143044248424
8681,856.6942703523491,155254.99976333784,74976.26818313013,76096.36012639933,910.2642401041812,291.09526135354827,163.28059999406105,530.4708171091916,7.932032785103867e-05,-0.0840791574276282,96,69,95.12736134498434
8682,856.7106073888805,155298.55367096522,75021.40402850177,76119.88638420522,875.6785409821314,281.7160166652757,160.35476883783122,492.303739624389,-8.875402948078198e-05,-0.0757047221281902,96,69,95.13328171991697
8683,856.7136889206572,155327.65015490545,75004.81604065651,76109.4608282455,849.4888876021141,272.8215386371885,156.80006542277988,451.2098456810054,6.390343753295583e-05,-0.0728339691243426,96,69,95.13919143129384
8684,856.7309932288349,155366.25072523102,75007.86697934741,76112.51849748517,824.5293137747794,268.0123152160959,155.39711286654347,413.6085575938341,-1.4370986746516247e-05,-0.0720948196355357,96,69,95.14509034377144
8685,856.7341776644523,155414.55631837234,75029.80744837665,76113.11515741074,800.5239181723446,261.92341952094284,151.93682506223558,374.5552595249319,-4.0707846229052775e-05,-0.0533485396942074,96,69,95.1509783226562
8686,856.7505012700789,155440.32929244265,75020.93669750291,76119.98366421091,771.8407641715021,258.14724388085597,149.47630878485506,341.2950918698625,8.005699907970205e-05,-0.0441174782010446,96,69,95.15685523390988
8687,856.7536626554255,155479.98575696087,75030.35141420219,76120.23639542484,739.4965934840147,251.67131283695926,144.47038634627825,307.9483007242088,-8.847842236811339e-05,-0.0914988997177451,96,69,95.16272094415454
8688,856.7709624779393,155535.13293326017,75021.05411968287,76137.68064730034,701.5275125618791,246.3424172118539,140.53450029343367,282.0519633422664,6.272210933845005e-05,-0.0897740041492684,96,69,95.1685753206775
8689,856.7740798976743,155539.53948052297,75012.69375794735,76138.0618768462,660.8763259958359,236.68263796127576,133.9593218093214,255.14085373081616,-1.2740341605926026e-05,-0.0931151085555948,96,69,95.17441823143687
8690,856.7903998309455,155556.95304862203,75019.08127199888,76108.86002288572,617.2881894538878,226.33536966699467,128.14288890632452,234.75396317543346,-4.215788808241266e-05,-0.1141445725847374,96,69,95.18024954506625
8691,856.7936425549241,155585.41313319694,75027.92624936358,76122.0045763499,571.9328364655958,209.61898273414408,118.93307011685101,211.22278910223395,8.076634053424526e-05,-0.1043534107799196,96,69,95.18606913087982
8692,856.8109248880666,155623.8791641113,75002.26840966535,76101.08961755232,522.5847102121916,189.83432178881776,109.01241452098475,192.56959556005313,-8.81731338352749e-05,-0.1287928942200903,96,69,95.1918768588775
8693,856.813978478585,155631.92461562974,75013.006298521,76097.43870340024,466.44482598704053,161.13057855967782,93.5727447004756,167.23328116943594,6.152021365288169e-05,-0.1292671677083058,96,69,95.19767259974944
8694,856.8303031484255,155699.10107991312,75017.24013177586,76110.22128719838,399.73585765773896,128.28777738875942,75.88996169783059,144.76194893440697,-1.1106186754919324e-05,-0.1049400992070919,96,69,95.20345622488122
8695,856.8336285414067,155723.6151855786,74994.8818140555,76097.29539665236,319.9224733687006,88.62275899549422,53.090007566992426,114.21741658792598,-4.359302770109138e-05,-0.1049639944659548,96,69,95.209227606359
8696,856.8508787572976,155726.5224454753,75007.4331238485,76108.93635298399,229.3675701082102,51.04031298775226,31.210592262010323,87.49848126838333,8.144812603245763e-05,-0.1003176017134625,96,69,95.21498661697385
8697,856.8538756007586,155768.2704811504,75035.48844827124,76118.95326857576,134.87929196702316,17.212743120267987,10.491298092441866,53.80814167050994,-8.783828096389667e-05,-0.0994033926052494,96,69,95.22073313022622
8698,856.8702103042666,155789.10963423926,74991.05479531609,76102.7743632344,52.277828138147015,-0.0,-0.0,28.953538359783124,6.029816526286813e-05,-0.0344608745083658,96,69,95.22646702033192
8699,856.8736215679063,155825.41948353912,75011.99342819412,76073.80553054379,-0.0,2.813790020547458,1.5452164103917312,4.439516494981945,-9.469074737179284e-06,0.1902082504973246,96,69,95.23218816222528
8700,856.8908210085053,155857.0585616183,74994.27456459771,76108.8852431285,1.6752500599250197,36.200857372095925,22.858519036817597,-1.6489148725522682,-4.5012788779669146e-05,0.3687849740254108,96,69,95.237896431565
8701,856.8937756442581,155867.88038095404,75000.14100656682,76143.70126196198,73.55700778734172,97.36707520470372,61.606798003660515,-0.0,8.210213892200478e-05,-0.0793842842047898,96,69,95.24359170473834
8702,856.9101172575141,155852.61805078105,75016.97381038491,76120.2195327191,228.1841857006075,188.3087831872981,119.71575643515098,26.906021505536046,-8.747399092245884e-05,-0.4875960437715619,96,69,95.24927385886534
8703,856.9136268508051,155814.89419238197,75041.26384978606,76125.50282348185,460.82526463049,297.0784361492988,188.64794131135568,64.38657026350847,5.905638604198849e-05,-0.1742942235528394,96,69,95.25494277180374
8704,856.930742106544,155719.3199873166,75025.54944199922,76132.54680226184,759.4439851736533,417.5560890682391,264.8749359784706,125.63556509037153,-7.829558521931188e-06,-0.1306160372983182,96,69,95.26059832215364
8705,856.9336937232893,155690.21319215087,75011.39662082908,76160.708520958,1095.0698486872716,533.262228399195,337.000047102556,189.51118913845858,-4.64166999746501e-05,-0.1914217055523416,96,69,95.26624038926153
8706,856.9500011947089,155599.13776076693,75044.14892401148,76136.56321518467,1440.1440758457757,638.4530962268182,402.1107407407835,268.03625870822,8.272817243207937e-05,-0.1145091205850342,96,69,95.27186885322476
8707,856.9536862784579,155554.18871523,75047.19537410232,76140.45441895523,1760.2211170642404,721.2648071086733,452.25828658729733,339.38181065840763,-8.708040046700934e-05,-0.1550560707332923,96,69,95.2774835948962
8708,856.970540609772,155482.82218082005,75025.5708775869,76155.46553766128,2034.268306699465,782.4501155602338,488.94732892347383,416.53610139572993,5.779530366186427e-05,-0.1541363373814495,96,69,95.28308449588828
8709,856.9741887533293,155429.41805670972,75037.3361839915,76108.24532699095,2242.2761219236418,817.5045002230327,508.96475741172617,478.7456600081641,-6.188191996032523e-06,-0.1464364166353849,96,69,95.28867143857728
8710,856.990305536477,155366.2570253994,75028.41668571309,76130.59118795852,2382.951714595838,833.3794076725171,517.5837137747585,542.6194757401245,-4.780429580387516e-05,-0.1500113683595574,96,69,95.29424430610784
8711,856.9935033061777,155328.38370025516,75040.45655872287,76145.68256898443,2454.9019002879504,829.9006393896416,514.1270285311912,589.6348000365542,8.332602871369087e-05,-0.1517569469134902,96,69,95.2998029823967
8712,857.0106010798905,155314.89853514216,75012.72638717825,76149.50005047013,2472.624438680359,816.0565557495429,504.96309524026583,639.887587371486,-8.665765631604183e-05,-0.1621855887121354,96,69,95.30534735213745
8713,857.0140505046651,155278.90737416293,74990.5964944615,76145.99893642835,2443.606269629614,791.5225971114123,489.0567163209489,673.2256972656469,5.651535280665805e-05,-0.157991533105051,96,69,95.3108773008039
8714,857.0302332799397,155199.10267030363,75007.5853648962,76134.73405397321,2387.0402662192355,764.4365212019184,471.93336358631495,710.6083350998233,-4.545529264032373e-06,-0.1594854396987221,96,69,95.31639271465484
8715,857.0334383028546,155218.40037532555,75012.04141796882,76141.06783274004,2310.4378407382756,733.8433734410355,451.8415376962075,732.67698548318,-4.917511629770216e-05,-0.1581634233344666,96,69,95.32189348073749
8716,857.0506009460864,155192.7514556526,75023.03737508615,76120.11969373898,2230.801127885992,706.9778242914326,433.45371968678955,762.0248136444716,8.389551984164776e-05,-0.1576714479391219,96,69,95.32737948689204
8717,857.0539409154326,155183.82871838257,74991.89468816464,76122.26667290922,2150.416771189426,681.5493059560977,414.1710037085577,777.1476100804575,-8.620591519347061e-05,-0.1751937495327561,96,69,95.33285062175509
8718,857.0701409338234,155199.45708825628,74987.78051304552,76117.17503822758,2081.3729165206896,663.2488666357531,398.2160060155584,801.3304203427979,5.521697371994247e-05,-0.1700800551206276,96,69,95.33830677476377
8719,857.0733975598907,155164.8275725853,74995.98898891259,76097.40588396773,2020.4203671909636,648.1297433102009,382.92962107433414,813.5796118899307,-2.9021247710331324e-06,-0.1712983598597045,96,69,95.34374783615944
8720,857.0905821365358,155172.10439417334,74997.30721794582,76104.10061166715,1974.5563617130974,639.4603329353267,371.96612965568784,837.1128584907565,-5.052870760781939e-05,-0.1737708435139707,96,69,95.34917369699184
8721,857.0938367812436,155178.69616236867,74986.8915608434,76105.77647724305,1934.745443717169,630.8222486618033,361.6144160827971,846.9886148584192,8.443646761820234e-05,-0.1597427076927484,96,69,95.3545842491226
8722,857.110044015184,155113.29697531444,75015.22333050148,76107.3500187184,1904.5933480733656,624.1037124615541,354.53119929322565,865.8072777577036,-8.572534318373479e-05,-0.1535046928677573,96,69,95.35997938522851
8723,857.1133709804151,155155.5373838885,74980.44453242772,76107.99446186055,1873.273150228837,613.2809859394911,346.57632737082895,869.0902044683171,5.390061294266895e-05,-0.1503398936469284,96,69,95.36535899880624
8724,857.1305498597375,155164.95265999075,74986.1504532832,76093.47783552021,1844.7792720224243,601.542206978047,340.20455430397124,880.2371027297631,-1.258532516166917e-06,-0.1462609503616049,96,69,95.37072298417492
8725,857.1337350804106,155142.522952923,75026.2848634166,76121.08171889975,1809.437207614712,584.9482831452187,331.66444519574,873.369977664901,-5.186462158749879e-05,-0.1626140888977642,96,69,95.3760712364802
8726,857.1499454639875,155184.4879806234,75009.68883946797,76118.28925149202,1774.9197192023275,569.2003692753788,324.52606914396165,874.3834614005464,8.494870334573022e-05,-0.1904555545653858,96,69,95.38140365169784
8727,857.1533569861224,155204.61590586902,75010.18873280226,76114.71985873494,1735.508059283893,552.66386236166,316.57006956740224,860.327720113477,-8.521611605648391e-05,-0.1966584247741513,96,69,95.38672012663716
8728,857.1705027459745,155252.26365256295,75005.13160979205,76121.84759785091,1702.080991928582,541.6161735704663,312.1321056174929,858.3038042570406,5.256672282101079e-05,-0.2237834470871144,96,69,95.39202055894408
8729,857.1736387907598,155211.35321729546,75006.39697935605,76115.39224142517,1669.7758588605793,533.5312923168967,309.00860002444824,843.2576468474581,3.8469324489942617e-07,-0.2690057051158541,96,69,95.3973048471052
8730,857.1898421807152,155247.6159817274,74982.02569311624,76115.292136647,1649.9178515807143,532.8843928635033,310.9979677273659,842.9918815040146,-5.3182416740272655e-05,-0.2883471988783866,96,69,95.40257289045051
8731,857.1933606744478,155260.69350510815,74984.46261537142,76104.55079908014,1636.6487261916045,535.1963490300113,315.1063367170718,833.1488057108363,8.543206820735535e-05,-0.3105155372955395,96,69,95.40782458915712
8732,857.2104307438702,155272.25192663984,75029.40522100849,76112.79287039852,1639.0310114462045,542.6720427598775,323.73399204087036,840.183308394975,-8.467841941543995e-05,-0.3215150849410795,96,69,95.41305984425222
8733,857.2135638428931,155278.2297775738,75010.33934506237,76149.69053295912,1647.7659392671194,549.4796582738636,332.6750765865145,836.3969776477024,5.121576147475175e-05,-0.3141299151536758,96,69,95.41827855761647
8734,857.2297099470943,155300.4995255096,75022.65992549261,76084.85220500815,1669.4898991610971,557.7949022373941,343.6435624825099,848.2211905842123,2.0269989201748248e-06,-0.3116407155620168,96,69,95.42348063198732
8735,857.233426320709,155283.6069899497,75008.9300285883,76116.6180622659,1692.5359918139875,563.018400558678,352.3999115890474,848.461962859903,-5.448165753366807e-05,-0.3234931617309868,96,69,95.42866597096145
8736,857.2502315704762,155328.7570625988,74974.41419475245,76116.8511999399,1720.6908900723793,568.255321462595,360.44507068370876,861.4017910049006,8.588641319522556e-05,-0.3103199149845456,96,69,95.43383447899885
8737,857.2539542606737,155302.96476338682,75019.10523341523,76131.29103997674,1739.9213874666602,569.8446307592967,363.8020835598436,858.0820280865591,-8.411244790741988e-05,-0.3037157959369416,96,69,95.43898606142484
8738,857.2701284569823,155285.56100868166,75009.4190487409,76115.3629188768,1753.373032974021,571.1020540483587,364.4516444928013,863.2403934062459,4.984819214612826e-05,-0.3031544852200626,96,69,95.44412062443378
8739,857.2732256493774,155297.26522672654,74992.58424105078,76116.79353492487,1747.9842690172372,568.1800069731544,359.34101538608957,849.2371373203059,3.6678313230364153e-06,-0.2938887039017554,96,69,95.4492380750916
8740,857.2902955800139,155379.36353448042,74987.20742214387,76121.80476269929,1730.3313368782983,563.8210551251104,351.51988676493056,844.3488312904665,-5.576191480950469e-05,-0.2966918517983329,96,69,95.454338321339
8741,857.293826969311,155406.53392443893,75004.24663421155,76124.14496608671,1690.8864859899622,553.4918096282054,338.8022621271666,820.2810998188797,8.63115990207437e-05,-0.2983590213617257,96,69,95.4594212719938
8742,857.3100504664726,155424.4663386587,75005.76735387379,76147.0048310807,1640.923398709041,539.7632526914385,324.89561714351294,805.9967273566581,-8.351840606824435e-05,-0.3067260727961561,96,69,95.46448683675423
8743,857.3131530880682,155438.5863471044,75028.7337034332,76104.65058278416,1575.5945012269658,519.1441978022049,308.2548958741245,775.3542998817575,4.846448417189452e-05,-0.3624717146331949,96,69,95.46953492620126
8744,857.3302984792863,155505.95228871616,75037.58596580029,76139.91276105642,1509.0805950007634,495.5048054566578,292.50323636247776,758.4184124402818,5.30663824912385e-06,-0.3532086910915328,96,69,95.47456545180157
8745,857.3337279101971,155485.51675076477,75027.63635521769,76129.86964190306,1436.0352205662057,466.71615395152185,275.4929043300799,726.1896845261217,-5.702276626381522e-05,-0.3376371426764634,96,69,95.47957832591024
8746,857.3499512756846,155541.69237303085,75022.30186946914,76121.67000513285,1368.5455090188188,437.7225743532472,260.10984780458966,707.5480854576163,8.670749660735018e-05,-0.3379318471053678,96,69,95.48457346177304
8747,857.3531051421736,155602.4723016261,75016.30079270861,76140.6445982958,1298.527430820861,407.3374782924657,244.00270221367828,674.8284052532399,-8.289650770899957e-05,-0.3156815007447925,96,69,95.48955077352907
8748,857.3702844428263,155667.80955966067,75032.45735387238,76120.74885667051,1234.7876755116158,380.20593945201836,229.8118627035292,657.1380254568357,4.70651113445903e-05,-0.3087532993606078,96,69,95.4945101762136
8749,857.3736330594647,155667.6183799404,75047.85813484692,76146.79938010249,1166.0888315376942,354.002844661838,215.04743535883608,623.9619221554603,6.94286821097739e-06,-0.3048039129700406,96,69,95.49945158575996
8750,857.3898465916443,155699.2988076678,75045.07297193754,76139.32364078578,1100.617145086755,331.80821187319816,202.26245915159234,603.6196850790002,-5.826379632407888e-05,-0.3125620872604663,96,69,95.50437491900249
8751,857.3930720359143,155741.21026268488,75024.63631001623,76138.71373148091,1029.38625852752,310.36351899460715,189.23155929966015,567.6763779682224,8.707398635406841e-05,-0.3113593063159731,96,69,95.50928009367826
8752,857.410258348096,155766.26815928757,75047.99144880289,76147.5572799612,963.55758609646,291.9725083269004,178.41017863890738,545.2723876272503,-8.224697559280263e-05,-0.299006623796923,96,69,95.51416702843024
8753,857.4135394217367,155822.76162136183,75090.12226246485,76164.22188151407,896.3358972605783,273.3972207127663,167.44827819115017,506.72621785016963,4.5650553070626736e-05,-0.3023765453169146,96,69,95.51903564280882
8754,857.4297393012996,155878.15610623613,75052.55404321683,76156.04511187838,840.171278321417,257.57261844001187,158.67557529659825,482.16957522332086,8.575970928039823e-06,-0.2979677074256021,96,69,95.52388585727418
8755,857.4330525492285,155930.16083775973,75044.41482436884,76156.95819248122,787.9759039629716,242.55442436590965,149.9265259062522,444.9570086202002,-5.948459625532298e-05,-0.2867027739510059,96,69,95.5287175931986
8756,857.4502185033344,155947.82501050204,75023.57065654993,76178.61506319762,748.7834888530197,231.71655065385858,143.24746157648042,425.00282173234154,8.741095896957219e-05,-0.2902082182611898,96,69,95.5335307728686
8757,857.4534499324841,155995.34100927107,75037.46655229191,76173.25543860909,710.459411186981,222.81604639151192,136.1188484079903,392.59853423325694,-8.157004224822767e-05,-0.290013392875064,96,69,95.53832531948684
8758,857.4696264267494,156021.46533772387,75043.41045777107,76157.5022184182,678.2685279634316,218.00708292449417,130.24475738566252,376.25141504517524,4.42212935369688e-05,-0.2826205079360999,96,69,95.54310115717418
8759,857.4730518722486,156055.92600836555,75027.5077139663,76169.5036813357,639.5288491802057,213.78853210565285,123.30226135789417,347.2418697333487,1.02053974979579e-05,-0.2854511153297516,96,69,95.54785821097168
8760,857.4901549254266,156074.94784838893,75060.76761020358,76147.85109742531,601.0627996583935,210.76420715128188,117.1212290651456,332.6278408555372,-6.068476432731797e-05,-0.2601757984372819,96,69,95.55259640684244
8761,857.4933797279878,156119.93281116046,75051.94705957508,76164.74645478778,554.024786114227,204.87679541761463,109.8201643518114,301.90298945858376,8.771831530993192e-05,-0.2411139152735418,96,69,95.55731567167372
8762,857.5094855256235,156139.61739219414,75071.38930924417,76151.68676494731,510.2526713478728,197.15248730269377,103.59725406885264,283.2146907345741,-8.086594878727003e-05,-0.2718615315985154,96,69,95.56201593327836
8763,857.5131103544364,156200.4023307415,75083.74120606671,76154.30288687364,465.2054144340218,185.12646779384522,96.93250959768193,249.89750730519881,4.2777821215043904e-05,-0.2810774776542181,96,69,95.5666971203967
8764,857.5299784992358,156248.10479435662,75010.18921634105,76137.19578946309,430.3879436145653,170.96838051168015,91.51540378728532,229.7696446054033,1.183060055014041e-05,-0.2766091642808375,96,69,95.57135916269864
8765,857.5336537661486,156268.37163470697,75033.6223004783,76135.80106504993,397.5279503859929,153.11634912689624,85.16551668080501,195.5842524424952,-6.186390589293638e-05,-0.2994619966186521,96,69,95.57600199078472
8766,857.5500038464883,156336.9806280668,75037.25857710619,76155.62702311088,371.9322016342776,133.67970500109368,78.69976300938288,174.6357879737916,8.799596581857044e-05,-0.289812565714015,96,69,95.58062553618817
8767,857.5529137472789,156337.85318130473,75057.49208963894,76156.54284251336,339.3820301123196,110.84574335023353,69.51027419682941,139.4841257451917,-8.013494561284645e-05,-0.2925962686316646,96,69,95.58522973137622
8768,857.5700322884309,156373.8191389564,75023.42775475887,76172.96374294058,301.89453499700176,86.46741636967636,58.418514849065104,118.3805155173759,4.132062978515072e-05,-0.2982333296797864,96,69,95.58981450975212
8769,857.5735449814172,156422.1665828269,75032.96579497069,76133.8074494397,246.1364751358633,59.49060562133673,43.66474367282353,82.59845623737783,1.3451034215023564e-05,-0.2820104829604693,96,69,95.59437980565576
8770,857.5899178302192,156481.79420323364,75044.0130190066,76151.33587682141,180.52433895337163,33.63058504485525,27.726257558446378,60.05963710206561,-6.302163357070553e-05,-0.2844217385125377,96,69,95.59892555436566
8771,857.5928353428408,156477.92844241735,75050.2554166079,76128.46987044683,104.32018109940691,11.367353233174072,11.74132092227228,26.1284489002428,8.824383109413904e-05,-0.2897768570949933,96,69,95.60345169210063
8772,857.6100353127563,156528.42156719472,75075.26231662866,76161.83769424098,40.25804369186517,-0.0,1.233124282618519,11.965397154854145,-7.937729228788482e-05,-0.3056386884043386,96,69,95.60795815602025
8773,857.6134571062473,156561.5927372321,75079.71101987478,76162.1824114875,-0.0,4.908357859647367,-0.0,-6.743315922445618,3.985021679231504e-05,-0.2462318805348081,96,69,95.6124448842268
8774,857.6298148517305,156575.43671176783,75074.26125906793,76163.1029800269,12.768822338315658,33.82625820560497,14.522235484531848,-0.0,1.5066154736670769e-05,-0.0243761868646901,96,69,95.61691181576631
8775,857.6327770733487,156593.40471917536,75045.32102546004,76164.89447629837,89.40632946457481,89.82709208996675,47.48317663324997,8.71133203592035,-6.415756760720367e-05,0.1551721915203551,96,69,95.62135889062972
8776,857.6500273458342,156531.28567558475,75041.10353506781,76196.18256548107,247.9102796340012,174.5523928909679,101.21027278614929,46.91514517442556,8.84618423301752e-05,-0.2077329225790455,96,69,95.62578604975386
8777,857.6533686169038,156483.48867339012,75077.79248658776,76172.64491338313,479.7415465131635,282.7070091537462,172.1440303743584,86.05145349676604,-7.859325678555107e-05,-0.6556364547506218,96,69,95.63019323502272
8778,857.6697091197777,156468.20490977427,75059.16539891918,76158.50410335789,779.2251553814276,406.7488611997687,255.42434023486567,148.86848470123368,3.836708428915105e-05,-0.3811511690658537,96,69,95.63458038926862
8779,857.6727301255575,156389.24708591253,75038.80622325992,76177.95287488012,1116.5962315023062,534.4107976132218,341.73577404156094,206.71786476054695,1.6675420241597233e-05,-0.275572191213392,96,69,95.63894745627267
8780,857.6900130873576,156342.3557874019,75064.363661212,76164.74396593754,1470.1687829788425,654.5306206409005,422.9741616942483,281.51688062559697,-6.527133553635976e-05,-0.348635096056639,96,69,95.6432943807662
8781,857.6932757968538,156276.92103288887,75062.56950336556,76187.97208744219,1803.4659624505439,755.9999592007662,490.3558720263827,343.76026992089464,8.864994003923818e-05,-0.2761377199492003,96,69,95.6476211084313
8782,857.7096047376706,156242.6502667653,75048.10638903329,76185.19631282009,2097.956254729361,832.624947437158,539.5644197027723,415.93475510322605,-7.778311625578325e-05,-0.2961692209650465,96,69,95.65192758590194
8783,857.71269172309,156172.79263751314,75054.99713356445,76190.9815214297,2329.7671379660605,881.1748856415506,568.0914274632378,472.8581084225152,3.687173847843852e-05,-0.2804730080429038,96,69,95.65621376076447
8784,857.7299932578413,156117.0047314127,75045.77734286971,76165.8867776101,2496.8476142231957,903.5893966819858,578.1340383256611,538.6142648591194,1.8278291203553743e-05,-0.2664451309055577,96,69,95.66047958155852
8785,857.7331778448317,156081.72230868472,75038.16827301186,76180.68672678198,2592.8687056581257,903.8566857636906,572.7080959569721,587.948215068347,-6.636257264581708e-05,-0.2655405881428219,96,69,95.6647249977775
8786,857.7495037872956,156040.9605811789,75036.98156753996,76200.00309046182,2631.049095412367,888.5567349818157,557.2075808412483,644.9143304584431,8.880807541250549e-05,-0.2537673319502962,96,69,95.66894995986954
8787,857.7526603414155,155982.90583260887,75061.15983607854,76149.23978928632,2617.4374456760706,863.8713814723887,535.6564224467147,686.7113158172579,-7.694715614506939e-05,-0.2507327297110974,96,69,95.67315441923787
8788,857.7699676301065,155975.5982479617,75043.36747740417,76176.48003372867,2572.0526183894835,835.7394168294122,512.2762788864493,736.716268029908,3.5364689061987484e-05,-0.2476032454497356,96,69,95.67733832824112
8789,857.773074889565,155927.4576676903,75046.37677122792,76173.4441403018,2503.5025614637416,808.1415594539576,489.03724730500835,770.5923095244798,1.9874230377811063e-05,-0.2473546609484844,96,69,95.6815016401944
8790,857.7894076462526,155873.5289010618,75028.43517857732,76154.63502683662,2430.312527934846,783.6578689888993,467.86922889074776,811.1941485646239,-6.743092203329655e-05,-0.2411086359749385,96,69,95.68564430936888
8791,857.7926347859376,155904.45792838794,75016.98994632594,76165.85325464266,2357.3185355822206,763.1409316386853,449.1700641014613,836.5284256340819,8.893620970258654e-05,-0.2428088654957264,96,69,95.68976629099312
8792,857.80993572156,155854.62250618762,75051.35678048595,76175.38654097955,2295.9600741561735,746.3600556966558,433.7570332533942,868.9521274897561,-7.60856708703756e-05,-0.2266355322295632,96,69,95.6938675412526
8793,857.8129674829064,155860.00480414866,75022.07537024071,76160.98374508075,2243.2208249749965,732.5072691610112,421.5290957821999,885.5924180950096,3.384644969259131e-05,-0.22559212448346,96,69,95.69794801729044
8794,857.8293173329436,155835.42481759467,75031.53025347256,76162.25392873341,2202.899539519858,720.300371581252,412.77181356101937,908.905781857,2.146270321205981e-05,-0.2244717523067711,96,69,95.70200767720767
8795,857.8326139335379,155810.42127240813,75038.20342427201,76171.31787384074,2166.832776388095,708.7710485781718,406.8529399961262,918.3283860517549,-6.847603473859022e-05,-0.1967944487080157,96,69,95.70604648006284
8796,857.8498970248927,155846.55637645329,75043.30974409239,76151.28958581497,2135.2052544424077,696.6743746500724,403.1222844375734,935.4519708641456,8.903431406812998e-05,-0.1768635994385696,96,69,95.71006438587324
8797,857.852856416007,155832.11289679012,75030.8497532736,76190.08814868378,2099.474730979535,683.6272117994813,400.1591862368514,938.7647589265544,-7.51989630267246e-05,-0.1599773418997832,96,69,95.71406135561352
8798,857.8692336185312,155818.4325237894,75032.6846586694,76156.49308431678,2061.7497546415543,668.9344298768992,396.7625268908305,950.0147980201582,3.231753735724961e-05,-0.16889969544945,96,69,95.71803735121712
8799,857.8725966504131,155812.63610016406,75050.91851972837,76171.01309315141,2017.6994905351894,653.1656215201801,391.8146347985894,949.7697704974562,2.304317781931228e-05,-0.1639471977434519,96,69,95.72199233557532
8800,857.8898511062731,155870.84612105953,74988.82664666281,76150.13356799069,1973.0226077677798,636.5223436728847,385.052706731527,958.6969872976479,-6.949756925842655e-05,-0.164147916625771,96,69,95.72592627253752
8801,857.892742630956,155824.78949171669,75020.98167138171,76125.7624237964,1926.778157473018,620.7142397651187,376.9762160109094,956.5739170011366,8.910236969912177e-05,-0.1628504852773902,96,69,95.7298391269114
8802,857.9091570671576,155851.32210027677,75023.46697803895,76175.34246813622,1886.4933916336158,606.5778666020778,368.81602438578557,964.3517095013231,-7.428734354050669e-05,-0.1497366343143807,96,69,95.733730864462
8803,857.9125817700929,155827.97598825087,75000.66707510327,76147.00417130716,1852.1430737088085,596.1535685749259,362.1225863831787,963.5521549014084,3.0778472535700573e-05,-0.1721520461930283,96,69,95.73760145191233
8804,857.9297976549707,155838.11258108407,75055.05918529148,76163.41069428045,1829.8035618612776,589.8041489043244,358.0864632779558,973.5726025071053,2.461512540824964e-05,-0.2065501139477749,96,69,95.74145085694252
8805,857.932627165936,155880.51922706675,75070.1769626552,76153.58533836834,1817.532699225936,588.6986526521941,357.35075001475343,974.8233124765102,-7.049519321599681e-05,-0.2218351166786292,96,69,95.7452790481898
8806,857.9490880514961,155854.89612549543,75029.15627352674,76166.28511040621,1818.662965409516,591.6527708464855,359.41976971902477,986.4242831453157,8.914036846598781e-05,-0.2246593051577089,96,69,95.74908599524812
8807,857.95256809563,155845.32773106755,75063.03312156623,76179.03658966837,1828.9127522483468,598.3937475976272,363.3170964816527,989.5405023037747,-7.33511317784169e-05,-0.2343038397746557,96,69,95.75287166866764
8808,857.9697365113835,155836.4208907825,75057.94326697047,76157.70284523805,1848.4214329636889,606.4237213728775,367.3724156956596,1001.0024198897881,2.9229779252404463e-05,-0.2252023473312688,96,69,95.75663603995422
8809,857.9725111133529,155846.3682965399,75044.67492529069,76157.83815082746,1870.5417490731343,614.8169233545923,370.42632515098376,1000.9799063320097,2.6178020310771147e-05,-0.2196872916848496,96,69,95.76037908156928
8810,857.9890267604743,155893.81830312044,75020.41049394336,76161.03131473206,1893.1903206781717,620.7371824193251,371.34206149222155,1006.807475536014,-7.146858164456643e-05,-0.2140945958300296,96,69,95.76410076692862
8811,857.9925544123363,155826.43388935053,75064.70844895416,76134.76531206894,1908.9378895199043,623.725739846137,370.10830699997314,1000.5865662216383,8.914831194082954e-05,-0.1928590579700211,96,69,95.76780107040229
8812,858.0096676837543,155881.18882078034,75044.82844757836,76181.95227713606,1915.4500632680138,621.8656193680945,366.7022613875597,999.0252487642283,-7.239065508852499e-05,-0.1868333356574825,96,69,95.771479967314
8813,858.0123955830126,155911.5346548943,75024.09179102392,76178.04608669542,1907.3054838870885,616.0309298745851,361.9373240693094,985.0428138506832,2.767198386130388e-05,-0.1836240444045455,96,69,95.77513743394012
8814,858.0289732061964,155898.48918464084,75044.13145906897,76156.10803763088,1885.1403783274,605.2400463053636,355.9005195457721,976.9080147355271,2.773134012835196e-05,-0.1756646608149582,96,69,95.77877344750873
8815,858.03253950468,155947.53521613273,75041.98818960348,76159.93765328614,1847.6295928844484,591.0535101551795,349.0886737589026,959.3591232021281,-7.241741815426143e-05,-0.1649157458868656,96,69,95.78238798619957
8816,858.0495913582712,155964.96417841397,75056.39328386809,76171.59031997515,1798.3517335143988,572.591187403159,340.9711697520106,949.2105244135018,8.912621187652562e-05,-0.1575531210570016,96,69,95.78598102914276
8817,858.0522816667888,155935.1506920693,75056.85376112169,76169.70423631396,1738.4282380530494,551.216471115782,331.55698861312703,930.8252570975164,-7.140624897522084e-05,-0.1484540148424793,96,69,95.78955255641765
8818,858.0689272338553,155998.03209756376,75063.03282103453,76155.52693262039,1672.0212549494463,525.493535628324,319.99805784391356,920.9684400454862,2.610561559243929e-05,-0.1364921076910861,96,69,95.79310254905198
8819,858.0725221735039,156032.2090448551,75079.0299640858,76171.92629367656,1600.2939488561242,496.7635868907091,306.4587956905889,904.0842001795827,2.927456581505147e-05,-0.1404609440349498,96,69,95.79663098902154
8820,858.0895079056563,156021.12298069187,75054.54878124871,76173.10618937679,1526.2792496380862,464.2133233334316,290.567692386976,894.3033435147954,-7.334139464973992e-05,-0.1309379140835241,96,69,95.8001378592483
8821,858.0921704024428,156058.85185701007,75051.5408438608,76164.85785493162,1450.6753996147308,430.5111839418678,273.2158469246933,875.2618245828489,8.907409044051786e-05,-0.1249330015600245,96,69,95.8036231435998
8822,858.1088885374636,156082.75055945,75037.16830112091,76164.71817801234,1375.677365906071,396.1124401358102,254.6576166447485,861.0964297688624,-7.039825692185991e-05,-0.1243412540071834,96,69,95.8070868268876
8823,858.1125012499116,156112.61727969724,75023.08975497162,76160.48056483308,1301.7839207930956,364.72682361774787,236.31812498514773,836.2116847839789,2.453120697751222e-05,-0.1221793862450062,96,69,95.81052889486676
8824,858.1294178873882,156094.94928366962,75042.10481229851,76147.46595851699,1230.3488638042472,336.8978526179708,218.67422899833764,813.849739546451,3.080718218616121e-05,-0.133678014187657,96,69,95.81394933423384
8825,858.132062733724,156166.92072623858,75049.72822231645,76161.44545421541,1161.6556053670938,315.29752249740704,203.02478483790765,780.061689901835,-7.424021183926371e-05,-0.1420130305889287,96,69,95.8173481326264
8826,858.1488566851972,156196.5339531446,75072.61749334104,76147.75785898362,1096.3284683088423,298.2851201930753,189.26348422272713,750.2476034253486,8.899197940190593e-05,-0.1216406852999361,96,69,95.82072527862084
8827,858.1524756009482,156288.28094392916,75065.75870424397,76172.68769823194,1034.7003021998098,286.3056331800908,177.93435568964924,712.34492885074,-6.936702968549506e-05,-0.1252112242333968,96,69,95.8240807617318
8828,858.1693220669018,156286.27575203692,75084.17958104482,76174.37981638918,977.052316258254,276.0470969670714,168.15351956363884,680.7233458027185,2.2949292195651843e-05,-0.1285245259323103,96,69,95.8274145724104
8829,858.1719594613236,156326.06097169526,75079.89549439448,76164.97116931497,923.9558704197407,267.36210766133445,159.91654563948396,643.4282147854392,3.232867769070256e-05,-0.1189152205753411,96,69,95.83072670204264
8830,858.1888311613392,156360.58383568743,75078.15626870826,76170.37878124064,874.9824652674142,257.2959597105073,152.1239783646015,614.3274259470927,-7.511357893023807e-05,-0.1113399002325914,96,69,95.83401714294811
8831,858.1924441176023,156375.099603408,75093.4063450481,76177.4925218314,830.2148801355506,247.05314387254475,145.0267541272624,580.714258196007,8.887992105569183e-05,-0.1084952138226466,96,69,95.83728588837836
8832,858.2092214367323,156428.525520007,75057.24471678387,76184.9232884841,787.9812411551247,235.20270635554334,137.99603456663317,554.0338425806258,-6.83129264640478e-05,-0.1116983816737808,96,69,95.84053293251544
8833,858.2118611718346,156492.2578034076,75074.18379343956,76190.10726860944,747.8869182107737,223.99866896025196,131.659930999449,521.7060889157583,2.1360408395361683e-05,-0.1073546191649762,96,69,95.84375827046996
8834,858.2288114412653,156478.47638428496,75064.24496450169,76169.30904637954,707.7822525919764,212.20226721769723,125.47540377874975,495.51397734563216,3.3838545156388473e-05,-0.1073235972163674,96,69,95.84696189827945
8835,858.2324056637102,156571.4574965959,75100.37678559238,76189.57751275897,668.4273266332457,201.92919531733787,119.98925719049294,463.32529006004916,-7.596121388809877e-05,-0.0959356974083121,96,69,95.85014381290706
8836,858.2491172886728,156530.24564831826,75054.45790075592,76190.90874230942,629.0608660119469,191.58162025875936,114.48652780559496,435.76102943351725,8.873796760952888e-05,-0.0797709485193411,96,69,95.8533040122391
8837,858.2517681109097,156610.54332376958,75064.21525326108,76183.13721949127,592.3944351963,182.8179679543391,109.29353164264467,401.6225404580764,-6.723631334894878e-05,-0.0764490005458134,96,69,95.85644249508375
8838,858.2687971436139,156632.2542747889,75059.31491996006,76176.24982587846,558.0673318626359,173.47152671149524,103.48475054977462,371.96504271336016,1.976509422612076e-05,-0.0607314089848696,96,69,95.8595592611688
8839,858.2723589268181,156690.58629858177,75106.49815219463,76167.64458365011,528.3405796298757,164.7861240241764,97.26070080406498,335.77528829398216,3.5336280878104814e-05,-0.0757989860178663,96,69,95.86265431114012
8840,858.2890114047758,156724.31131395538,75070.3056677874,76197.17036561827,500.01145074673695,154.01682284937124,89.61290381284198,302.74906956451014,-7.678284324831724e-05,-0.0858089295702408,96,69,95.86572764655934
8841,858.2916798970788,156768.43753435538,75112.314522989,76202.45764726156,471.5426636026241,141.5858336361125,80.62603195785778,262.64812570641516,8.856618146987287e-05,-0.1025995116483249,96,69,95.86877926990176
8842,858.3087884007267,156791.99533224924,75051.8407922643,76208.93906521796,435.2022140054032,124.07122457512014,69.2743582877738,225.56361815423588,-6.613756426626314e-05,-0.1179247979713721,96,69,95.87180918455488
8843,858.312301975117,156821.94841453258,75077.38646694536,76212.23985298426,387.67502509988844,102.30850388335239,55.90944265111466,181.9850442861789,1.8163890423585165e-05,-0.1106524889754792,96,69,95.87481739481588
8844,858.3289066445685,156897.45725478092,75112.55338077362,76223.34538559643,322.66840374923777,74.74204220880347,40.255148550117156,141.98008788193692,3.68213862104249e-05,-0.133524461240272,96,69,95.87780390588928
8845,858.3315946825359,156948.86392861095,75104.28363745866,76239.47654207725,243.40173716429854,45.55009874778625,24.02243827530765,98.37830744730309,-7.757820289327811e-05,-0.1271382765322557,96,69,95.8807687238848
8846,858.3487870243533,156988.4526971437,75129.7706345194,76181.80170521056,153.82460753963096,17.645798790239496,9.118586643307935,62.77392416988732,8.836463460105367e-05,-0.119220795299857,96,69,95.883711855816
8847,858.3522306517962,157006.75276863316,75123.3163643673,76208.9510951892,70.88939017272787,-0.0,-0.0,29.104868705471745,-6.501705983695613e-05,-0.1185230957972704,96,69,95.88663330959666
8848,858.3688092745916,157042.70007356623,75133.57306589645,76221.04311962234,11.126085967640392,-1.0971284126571845,1.075588438223349,8.418818840465974,1.6557339832994977e-05,-0.1005943385404727,96,69,95.88953309403932
8849,858.3715055980288,157030.58639889988,75092.30796228792,76197.25451829171,-0.0,23.623259162297472,17.74062683797092,-4.652851309132529,3.829336642505073e-05,-0.1141922284090836,96,69,95.89241121885271
8850,858.3888021057527,157066.33355918358,75109.3408458688,76198.95016345014,54.189974562381394,76.90835911236354,52.85481649602298,-0.0,-7.834703723066502e-05,0.0058666453280908,96,69,95.89526769463924
8851,858.3921293100707,157045.8886108528,75125.47534018372,76204.60664109483,190.84421161731007,161.0196650904545,107.43156800538418,15.449378891906235,8.81334097208636e-05,0.2711908478058975,96,69,95.8981025328927
8852,858.4087456196461,157005.56099757736,75116.92549876362,76218.9653939419,408.6871113587986,269.29705695901066,177.89385850983672,48.87712990355794,-6.387518871405616e-05,0.2962333464331532,96,69,95.90091574599556
8853,858.4113669152746,156973.8140430205,75114.38150811066,76234.89202465533,701.120524560276,394.27800670760917,258.36693174528773,91.89108316873899,1.4945986344606336e-05,-0.2510907487904059,96,69,95.90370734721664
8854,858.4289359670352,156914.31570270995,75084.58433093734,76247.60818824059,1041.425665344228,521.885303527335,340.11182091085357,149.31752899769344,3.975173196783408e-05,-0.4172202253527341,96,69,95.90647735070856
8855,858.4315252516515,156854.08926416008,75072.73728382816,76208.05585317827,1403.4439972626278,641.7614052972203,415.3574149010092,210.63158662058413,-7.908909986327711e-05,-0.1025965131297113,96,69,95.9092257715046
8856,858.4481694366389,156798.85421050395,75090.2718978695,76235.42115917856,1749.3849376722937,741.6743800024269,477.09777784140897,279.0647828913352,8.787259888001456e-05,-0.1473260747181136,96,69,95.91195262551682
8857,858.451501842841,156689.91727416095,75066.74222007029,76174.64783608782,2053.914199069666,817.1329926007311,522.0571810087567,344.967607500701,-6.271234584485073e-05,-0.1390840658245193,96,69,95.91465792953284
8858,858.4687930375765,156681.02275971373,75098.97066982655,76200.88322725442,2291.4290007196832,864.4539875261689,549.1336992775905,411.2999714294565,1.3330375368761913e-05,-0.117030575657441,96,69,95.91734170121316
8859,858.4714633572299,156630.98853094032,75053.71706934363,76196.42093254975,2456.857904437871,887.7591416619398,560.5618203195336,469.8871164995071,4.1195997645122216e-05,-0.140754352722468,96,69,95.9200039590882
8860,858.4880688315152,156525.43769313357,75086.41618614804,76182.19406905163,2546.713649398298,889.997930737256,559.2298241066746,525.2291035474045,-7.980415379591093e-05,-0.1265579882078502,96,69,95.92264472255602
8861,858.4915183489354,156504.11647154548,75081.01255534409,76202.42820547003,2576.1364263920696,878.9790310677636,549.3416219615756,571.6120966830058,8.758230435495953e-05,-0.1368326594738187,96,69,95.92526401187872
8862,858.5087001173821,156501.25582086455,75072.02036002271,76175.78940504215,2556.186195543327,858.59978109246,534.0646409011242,614.318567832699,-6.152893341610935e-05,-0.1246380767054528,96,69,95.92786184818029
8863,858.5113676041352,156403.3935090413,75063.0416755445,76163.20000599095,2509.373721131182,835.3249015756592,516.6820870595839,649.0426052052353,1.171105363619204e-05,-0.111334597798261,96,69,95.93043825344292
8864,858.5279986784523,156403.95120822906,75090.31119765852,76171.89170700732,2446.2399113681167,810.4254093628551,498.9956517243263,681.7872411678545,4.262568377450074e-05,-0.1130514784903302,96,69,95.93299325050448
8865,858.5315176331135,156384.6510363617,75076.18361523558,76175.29330136646,2383.9179271998582,787.627584709262,482.9560175247898,709.0653281215928,-8.049197098685296e-05,-0.1045787988084073,96,69,95.93552686305514
8866,858.5486114676098,156340.29312461545,75051.51339715687,76200.03371935092,2325.0493319911766,766.2094469783187,469.3187800802989,735.830352441495,8.726263816564017e-05,-0.0888784025396078,96,69,95.9380391156347
8867,858.5512645304576,156358.08366731985,75039.32323711534,76185.6513412589,2278.407465663273,748.493007198631,458.99498417308496,757.9650050158671,-6.032536023834664e-05,-0.0832980831960324,96,69,95.94053003362914
8868,858.5679430539087,156330.0793040867,75095.37921703006,76195.57025683777,2238.5631663986132,732.7077377416135,451.5103940193803,779.3011168802332,1.0088568458122748e-05,-0.0694355087249983,96,69,95.94299964326724
8869,858.5715089943175,156273.51121390844,75066.16697136367,76165.5109241428,2208.4982430054806,720.3268676633161,446.24564813557663,795.200246743043,4.404031528867285e-05,-0.0665966329663222,96,69,95.94544797161838
8870,858.5885201038542,156277.3439557714,75073.94254771926,76180.2779645834,2179.4606546955765,708.9159563438443,441.2105627329147,808.3811528424558,-8.115233288387068e-05,-0.05947557565021,96,69,95.94787504658775
8871,858.5911605317003,156283.8028540308,75089.0010502895,76186.20226377662,2152.9998357014847,699.1533258834388,434.6911403090926,814.7196611100808,8.691372231155837e-05,-0.0412753003768676,96,69,95.9502808969148
8872,858.6078976251489,156292.32113640534,75057.14025372664,76217.71011656504,2120.1120391084114,687.9651605460094,424.6822616613499,817.9396002464637,-5.9102041533681047e-05,-0.0211732709849105,96,69,95.95266555216824
8873,858.6114943703143,156265.64734324077,75080.34289976615,76201.84923588278,2084.2425256424467,676.0510784320504,410.83707433589734,815.6961425432819,8.463468669264718e-06,-0.0182139412405967,96,69,95.95502904274392
8874,858.6284241354989,156304.88791907224,75068.71034397681,76202.37102315013,2040.2002617930993,661.383811197782,393.7179433600977,812.5168995647982,4.5439422643865967e-05,-0.0191069012079164,96,69,95.95737139986096
8875,858.6310585275422,156299.23641342437,75080.13994187792,76204.62654723552,1995.7468885023845,646.2174080487748,375.78917830121645,807.2068152489664,-8.178502998705307e-05,0.0059574451419925,96,69,95.95969265555829
8876,858.6478603368909,156295.43160578058,75064.64403475764,76183.26042685864,1949.1390829369193,630.1777517952578,359.6436797711649,804.5238243762287,8.653568843058357e-05,0.0040641053933899,96,69,95.96199284269107
8877,858.6514739872467,156290.87064509818,75073.08662886772,76184.6963021035,1910.496782840346,616.7768340610928,348.1758868911129,803.0764977562067,-5.785939944112386e-05,0.0023166451038575,96,69,95.96427199492769
8878,858.6683231666024,156312.9427169627,75077.37065278974,76197.6586356183,1878.701339277206,606.1576728645596,342.7370134683006,806.1420779784967,6.836302946086365e-06,0.007815202932871,96,69,95.96653014674553
8879,858.6709603271281,156307.93844393836,75103.19714230445,76196.90914291625,1861.815603376308,601.0935372591193,343.7523409181449,811.3214889475494,4.682254190626794e-05,-0.0182039293168821,96,69,95.96876733342788
8880,858.6878297781756,156274.96019136574,75116.055132595,76185.9272962841,1854.7098708618432,600.1642914915574,349.8548635305924,820.6821917897323,-8.238986258747992e-05,-0.036294927680285,96,69,95.97098359105996
8881,858.6914475480214,156252.5090376926,75065.27069017236,76177.59238314015,1861.3343959219637,604.4247840745084,359.3322644456348,831.0306128986704,8.612867821369727e-05,-0.0568243307512196,96,69,95.97317895652571
8882,858.7082174364942,156262.75595983313,75069.59788122546,76200.58316862381,1873.5732785286382,611.225423204145,369.7947241775255,843.3574601596629,-5.6597861901850754e-05,-0.0822927375618289,96,69,95.97535346750364
8883,858.7108672328046,156300.38843098222,75095.83089537131,76209.16314989325,1893.1410242071142,620.7087983892416,379.56197539842105,854.3472690337803,5.207620805978161e-06,-0.0924928070490406,96,69,95.97750716246324
8884,858.7278047269854,156258.88504606712,75078.23339452727,76169.99615950146,1910.976962822082,629.7323106815747,387.0980317689973,864.9340639180155,4.8189214522966525e-05,-0.096627197124397,96,69,95.97964008066153
8885,858.7314146133432,156220.77298322495,75080.07661964018,76207.73097870382,1929.3318947463995,638.2285643340292,391.9242854508193,872.14014867472,-8.296664001627864e-05,-0.0992370450609921,96,69,95.98175226213831
8886,858.7481075228228,156221.23223844302,75088.94174584432,76184.08886088812,1940.6638616137789,643.1270175091195,393.6717036734626,877.1219304239785,8.569284272507664e-05,-0.0932451968033975,96,69,95.9838437477136
8887,858.7507802406273,156224.1765245375,75075.7598368238,76195.53724483085,1947.8108512557228,644.3921112835378,392.6329350915039,878.0099627773452,-5.531786356800527e-05,-0.0851723329050109,96,69,95.98591457898289
8888,858.76778399423,156225.60697641296,75056.964998734,76223.52843713149,1943.2611379576847,639.3780991478561,388.813296077642,876.9968756622111,3.5779721181471463e-06,-0.0867809515761371,96,69,95.98796479831348
8889,858.7713747601517,156262.70962281644,75079.93321027953,76203.41225423054,1929.8664711915771,629.0396190339961,382.55248028160713,872.9821912387852,4.953898788995932e-05,-0.0745131106966775,96,69,95.98999444884058
8890,858.787994207114,156295.26216071914,75062.18246846544,76187.54404673238,1900.9948930493556,612.3218966497516,373.7778257025493,867.9396252133592,-8.351518202201941e-05,-0.0621508014750571,96,69,95.99200357446296
8891,858.7907001179415,156249.56332467127,75079.01184341652,76176.93051518043,1860.5118611807702,591.6657181157789,362.7074368366302,860.3464286896633,8.522834274699308e-05,-0.070479722709347,96,69,95.99399221983958
8892,858.8077663670432,156257.56639876412,75068.93754892929,76171.43018513401,1804.0742539276835,567.2399866103078,349.28991390709416,851.3537952925253,-5.401984449437262e-05,-0.0633446473046712,96,69,95.9959604303851
8893,858.8113276619227,156254.22929157515,75069.0476713869,76182.86087768324,1738.667705392174,542.0573951794358,333.93221156625077,838.907414531539,1.947906363379645e-06,-0.0529420687281362,96,69,95.99790825226572
8894,858.8278783966214,156290.2645968967,75036.00331268703,76177.26130986841,1663.3094976200373,516.1755287174165,316.93240235134726,824.1400847819168,5.087141515176888e-05,-0.0658193765301744,96,69,95.99983573239538
8895,858.8306274383201,156306.62893161114,75045.87422711217,76191.08390551197,1586.2247306704521,491.5971017030097,299.0265434209723,806.033736523008,-8.403531679232815e-05,-0.0845275162998198,96,69,96.00174291843126
8896,858.8477505903494,156344.21208724548,75044.18123025651,76205.85698667604,1506.3187644988066,467.1851108299452,280.78139517159434,786.879503066797,8.473534888111014e-05,-0.0654499797790413,96,69,96.00362985876993
8897,858.85127313708,156388.85028302207,75045.07808518715,76163.94506127319,1430.2917693443014,443.93985310378775,263.08391178480815,766.2973420562921,-5.270425095835803e-05,-0.0731806742725543,96,69,96.00549660254292
8898,858.8677610665233,156375.2283510926,75025.98727362641,76163.85065380501,1355.334991349373,420.34772896759387,246.59642020912725,746.298138292419,3.179734083128305e-07,-0.0878072221876293,96,69,96.00734319961268
8899,858.8705626028878,156386.21197093194,75043.02559817489,76167.59125422486,1285.6991435760283,397.39875834870327,232.19072806547047,725.7435417052766,5.218605548901083e-05,-0.0820173177786577,96,69,96.00916970056768
8900,858.8877353629756,156413.60931025745,75075.60313234184,76154.53327020786,1217.5438820262207,374.16320404001453,220.37909425908583,705.5478962195339,-8.452688300736903e-05,-0.0772601910309259,96,69,96.01097615671902
8901,858.8912111842668,156449.15146687062,75044.3487408262,76165.66999650712,1155.041911811917,352.37531097073224,211.5793513492681,683.5701058688574,8.421404095577762e-05,-0.0799064997519628,96,69,96.01276262009516
8902,858.9076432071696,156450.7800516435,75040.4939671313,76150.76692581791,1095.3861842482584,331.7621961201512,205.50670534052188,660.4101706068323,-5.1371535046958575e-05,-0.0739208777127627,96,69,96.01452914343858
8903,858.9105058620064,156492.83626071524,75061.87965290196,76167.97915619447,1042.5872410054435,314.0233549570985,201.49994426453486,634.5781049482466,-1.311277670103213e-06,-0.0741848985047189,96,69,96.01627578020012
8904,858.9277193355753,156522.8246119802,75034.44141415198,76143.1054181336,993.4826277622487,298.5078960970568,198.25703345882357,607.8764446544519,5.348247484326352e-05,-0.0735872003123726,96,69,96.01800258453584
8905,858.9311420154879,156557.322049902,75033.92351374413,76175.01297421784,950.4398815639433,286.1669336146733,194.45952213890268,579.8463109179283,-8.498972881296367e-05,-0.065838322197113,96,69,96.01970961130117
8906,858.947525766225,156573.02958530615,75029.78936332135,76135.3944556011,908.6275532565778,275.58565264330537,188.75962743672426,553.0542543502233,8.366460850267006e-05,-0.071266271538789,96,69,96.02139691604768
8907,858.9504573480607,156576.6260751281,75025.90030912332,76148.78690920689,868.0836548399529,266.8044892834296,180.41143705431023,527.2108478858427,-5.002215428612036e-05,-0.0735321019096405,96,69,96.02306455501778
8908,858.9677010987327,156644.602425041,75005.09983021235,76165.27797662461,823.8213273969595,257.93165787564067,169.19968631045776,504.30514170392416,-2.939297963292492e-06,-0.0632837742544541,96,69,96.02471258514048
8909,858.9710660990451,156653.7737288986,75021.35907653382,76147.64589058868,777.2020812690607,248.87887325337215,155.80431904710713,482.4499574951187,5.476024447825122e-05,-0.0883789190677633,96,69,96.02634106402644
8910,858.9874095728352,156709.61884714477,75014.96950991897,76172.34276367792,726.757884380524,238.20666317961877,141.44358641988947,461.9719937162881,-8.542371199618736e-05,-0.1030431581370181,96,69,96.02795004996383
8911,858.9904171350465,156651.3454817412,75072.44086296261,76154.34057457477,676.79275848018,226.48237964171858,127.86928027737304,439.63861257146345,8.308725026766609e-05,-0.0967084077276321,96,69,96.02953960191348
8912,859.0076791419926,156720.5196022756,75030.50297819173,76136.54012039717,628.6889795223833,213.33131633380253,116.7577348331979,415.3804743192741,-4.865657133911804e-05,-0.0978373536165531,96,69,96.03110977950398
8913,859.010984234856,156738.79228848786,75033.24599211937,76132.85494656958,586.8856207985664,200.16488457708328,109.45488811601535,386.2677960926958,-4.56553919375604e-06,-0.0925828530538057,96,69,96.03266064302696
8914,859.027295216469,156774.83661156343,75050.00837110814,76158.88902116993,551.225844281842,187.03141120083455,106.32923763248255,353.8662866046943,5.601894320005908e-05,-0.0804600030597529,96,69,96.03419225343328
8915,859.0303853599987,156815.79983152883,75031.38863396,76162.07094977799,521.7954552560113,174.7830157638964,106.6620857900707,317.28189672730514,-8.58287004573908e-05,-0.0820815966173532,96,69,96.03570467232667
8916,859.0476517384899,156861.43316762362,75043.11949969339,76159.68586807567,494.3642110126675,162.42601685864793,108.48328237532405,279.94491191525594,8.24821743736168e-05,-0.0725276721652211,96,69,96.03719796196027
8917,859.0508977202339,156930.02727936444,75018.56420065236,76165.50282521531,464.63728248816915,149.372903657204,109.06131049821852,241.36933523108019,-4.727525440124035e-05,-0.0462816334369566,96,69,96.03867218523152
8918,859.0671828048864,156919.22746944183,75021.70021100953,76164.24905733249,426.4382470398559,133.5859149126918,105.43865932355402,204.74178093115916,-6.189454386996958e-06,-0.0467784495716086,96,69,96.04012740567656
8919,859.0703625076435,156979.7754315301,75035.74384218377,76144.53043004514,375.09190659126034,114.04101523983991,95.42717935444671,168.44942673746846,5.7258155937332125e-05,-0.0642445375357069,96,69,96.04156368746622
8920,859.087616617112,157003.98612722795,75041.50065965067,76138.94444408383,308.3394906518515,89.70328725062427,78.36422423433396,134.63598677501432,-8.620457142222318e-05,-0.0545173849310839,96,69,96.04298109540096
8921,859.0908087955547,157032.41554101877,75048.17620033187,76150.53637984674,227.91602003580192,61.88831861203653,55.77497554101865,100.67666328779887,8.184959808647219e-05,-0.0693393316201239,96,69,96.04437969490571
8922,859.1070713363156,157071.46645648594,75021.1274032976,76142.08352028555,141.8923756253207,33.47113831881143,31.381118605437223,69.39470092990086,-4.587867671084116e-05,-0.0803717169191511,96,69,96.04575955202483
8923,859.1103502383622,157094.7988875375,75048.69663558152,76162.42555472463,62.77543065487407,10.371337782649789,10.694625066622393,39.758245536271716,-7.810496927633894e-06,-0.0781200625626742,96,69,96.04712073341771
8924,859.1275698634388,157136.02417129878,75009.18689615806,76169.62323890347,9.429320917464793,-0.0,-0.0,16.974449521076167,5.847747413166538e-05,-0.0725087496348279,96,69,96.048463306353
8925,859.1307222131006,157136.19298781117,75024.78871892669,76152.42234822037,-0.0,10.745342926151352,5.091953487251885,1.5459663005021866,-8.655121270127554e-05,-0.0714433013318909,96,69,96.04978733870422
8926,859.1469563692524,157166.25771004727,75024.35254974688,76137.75915157648,53.47311981441453,49.19236611643282,29.877595014113467,-0.0,8.118974813939428e-05,-0.0675746599921455,96,69,96.05109289894446
8927,859.1503549049768,157141.7031256681,75042.02460671226,76146.80174153668,179.0518866069615,118.49520426358504,75.28356295620324,12.448333877662662,-4.446731635965776e-05,-0.0749123177704847,96,69,96.0523800561411
8928,859.1675003611642,157117.95292440162,75036.78779415121,76133.43684782628,380.28366099495906,216.5720759560354,138.74879142842838,43.63419275850174,-9.428122092571611e-06,-0.0770321491295984,96,69,96.05364887995118
8929,859.1706547397586,157037.23803859673,75013.30799819801,76162.97288764764,644.980308354774,336.0722783861711,214.52120752463816,89.93713120731991,5.967649673311908e-05,-0.0641202110694982,96,69,96.05489944061593
8930,859.1868120182219,157004.86495841248,74986.60128191521,76132.35359246432,956.249227504828,465.71766147181916,294.82027015750646,152.62638803763548,-8.686852135529582e-05,0.0991842137811899,96,69,96.05613180895551
8931,859.1904280355483,156925.7243793274,75035.50937629497,76131.3406533844,1285.0733638636302,592.454094745015,371.4245615204709,224.5058153171558,8.050286005769693e-05,0.3691829851148248,96,69,96.05734605636434
8932,859.2072505007952,156894.86120486463,74989.02317756452,76131.69064142453,1606.6612342019216,704.5232944882737,437.41361983207753,304.1010400855157,-4.30416562877867e-05,0.2373330828607175,96,69,96.05854225480546
8933,859.2098288336136,156751.82975239508,74995.4079823054,76114.66414621544,1892.5267765785102,793.0229566034832,488.22269373814925,382.1251587245788,-1.1041786399454688e-05,-0.3504593752247959,96,69,96.05972047680548
8934,859.2268472011193,156708.1550399935,74997.80058834946,76146.92503566973,2128.5791822600877,853.8775945498492,522.173338049106,457.96606730183703,6.085482944384869e-05,-0.2914281639596228,96,69,96.06088079544936
8935,859.2303709035212,156618.3187653171,75003.10877127854,76136.19507845766,2301.119237490755,886.8063943580346,539.9447609926283,523.7216014750011,-8.715640456234932e-05,-0.0268988180521877,96,69,96.0620232843754
8936,859.2471532519544,156582.7072746194,74991.11624717829,76097.0692723174,2413.4506537700654,895.70508249267,544.0017046854191,581.730382076581,7.978917831844331e-05,-0.1230884964978253,96,69,96.06314801776888
8937,859.249734354535,156553.8011975456,75015.51620088927,76135.59366370809,2466.901544135122,885.9136417795526,537.491244537363,627.4873586327594,-4.1602183759132496e-05,-0.0672596358614935,96,69,96.06425507035868
8938,859.2668312543092,156496.11709986877,74988.07715053236,76072.06730189372,2477.2293355888105,864.4608149987616,523.8838842696423,667.3445513067418,-1.2650947597263814e-05,-0.0583485402303398,96,69,96.06534451741013
8939,859.2703277943705,156469.08783050213,74993.3007005111,76107.02724547738,2451.8928138186457,836.9731391940004,506.2193869224866,698.7566332667775,6.201208487795997e-05,-0.0723703908083421,96,69,96.0664164347206
8940,859.2870422854987,156439.83180471623,74970.6141900941,76122.50085466346,2408.855433432851,808.9317307064339,487.300427914146,728.8744985243247,-8.741477972432992e-05,-0.0550619232475573,96,69,96.06747089861396
8941,859.2896524216645,156454.5478364618,74986.69766351633,76109.8086425118,2353.4865103856428,783.0576423322491,469.14294688888185,754.4278924307728,7.904895673898089e-05,-0.0513385822351942,96,69,96.06850798593496
8942,859.3068151291768,156375.333221068,75010.1656099439,76097.11118057648,2300.472829558421,761.7882592950482,453.42373000744556,781.5831390894309,-4.014939094100767e-05,-0.0521992926883192,96,69,96.0695277740448
8943,859.3102793583381,156373.97589469756,75000.92279288183,76118.32521923131,2249.12402447185,744.7679357558809,440.86975414451445,804.5759080864373,-1.4255065668045749e-05,-0.0463039767246164,96,69,96.07053034081407
8944,859.3269277409595,156368.03580672888,74996.87044341254,76087.18500988209,2208.4620816964307,732.1460058803641,431.896103988518,827.8153480021283,6.314788339515923e-05,-0.035167495207059,96,69,96.07151576461877
8945,859.3295784781653,156333.34036214615,74998.93045166448,76136.48159533188,2171.949399132107,721.8599422217521,425.9635783690028,844.7538506895071,-8.764357428540871e-05,-0.0371055375934743,96,69,96.07248412433398
8946,859.3468006692566,156290.61232208705,75001.3599384219,76102.76014804986,2144.5983983459882,713.2921313906845,422.4313158005971,860.8578023267619,7.828245744446495e-05,-0.0460127245776204,96,69,96.07343549932918
8947,859.3502234281262,156324.20641398907,74992.47266916803,76102.86671752411,2115.5272917298716,703.9203346783761,419.8399802693166,870.2374107167416,-3.8683773673332257e-05,-0.0312886071718293,96,69,96.07436996946176
8948,859.3668119274918,156321.67575851356,74976.03646763315,76106.78541920838,2088.1681719888,693.4329334146751,417.0353340989532,879.6672842082335,-1.585360226767036e-05,-0.0459506198261871,96,69,96.0752876150723
8949,859.3695119911976,156305.99697463942,74970.44105344577,76100.20021549342,2052.211812272726,680.0423283579876,412.46923490629706,884.1958923385246,6.426185249994318e-05,-0.0323360970462536,96,69,96.07618851697896
8950,859.3867872537182,156328.57988406718,74999.92487700123,76112.46959825045,2014.8225548855262,664.9108262768132,405.5951830252743,891.2542433120252,-8.784272495963973e-05,-0.0061740053734965,96,69,96.0770727564717
8951,859.3901594859909,156310.99454676703,74994.31455263234,76076.87358224294,1968.978817368974,647.6951900312561,395.96830731137015,894.3532324916159,7.748995184970648e-05,0.0013509423114701,96,69,96.07794041530656
8952,859.4066962452067,156320.33780887016,74972.25462781523,76106.11634261895,1925.989109654969,631.1802246376028,384.6057648926071,899.5512201619276,-3.720583241463278e-05,0.0160054520745935,96,69,96.0787915757006
8953,859.4094528700687,156261.09633355148,74976.62969710004,76103.24707963275,1881.677518336568,616.0507453608734,372.5157017656311,899.5065607801953,-1.7446021498073875e-05,0.0229169661793705,96,69,96.07962632032589
8954,859.4267738314984,156300.49199794335,74976.72348077079,76139.58549134833,1848.983668098983,605.4754195590504,361.7558259530924,900.8677673841885,6.535362754780431e-05,0.0317069755962291,96,69,96.08044473230431
8955,859.4300874697911,156292.7018268854,74979.57380023065,76138.85411825244,1821.3724790661945,599.1354116769362,353.439710183462,896.5179570511973,-8.801217933934089e-05,0.0443416075495759,96,69,96.0812468952014
8956,859.4465819058329,156336.0869842794,74984.30178000545,76094.6817587144,1808.710261527449,598.6116355695704,349.00495307991514,894.5558863039769,7.667171915585397e-05,0.0519773283866298,96,69,96.08203289302143
8957,859.4494009822505,156341.9260361552,74981.89800092486,76121.52087256148,1800.888721553376,601.5269499443239,348.2802236357966,889.3351708943082,-3.57160711820739e-05,0.0393833799422374,96,69,96.08280281020065
8958,859.4667592679267,156354.61747603482,74968.74414117432,76093.09684333892,1805.5073878043913,607.7918898428761,351.2904445107997,889.9831698319176,-1.903178940649897e-05,0.035882091338789,96,69,96.08355673160293
8959,859.4700075551572,156323.58983415656,74970.51757922763,76088.95187056491,1809.833572634263,613.6441716885165,356.45612831223116,889.419590611622,6.64228509133738e-05,0.032767785162873,96,69,96.08429474251336
8960,859.4864700569746,156316.1606419595,74997.07373622942,76082.83303545321,1821.3498016456724,618.8900394466182,362.96643239779223,895.3900409086782,-8.815189472801272e-05,0.0024464128918204,96,69,96.08501692863264
8961,859.4893560496118,156296.8915948278,74978.0756119449,76124.74605103336,1828.155733403808,620.5922579967737,368.91643608205777,899.4698289455264,7.582804789115504e-05,-0.0174786298635404,96,69,96.0857233760712
8962,859.5067424466633,156328.4511888672,74975.97133600598,76073.01408949171,1839.0130079161027,620.2342336654401,373.8098222997942,908.6189178104105,-3.4214997762405013e-05,-0.0434899249730309,96,69,96.08641417134407
8963,859.5099200964345,156356.3762200283,75004.2605805965,76114.03232407937,1841.061432854156,616.2097217000992,376.25102433345455,912.7538914892939,-2.0610374775820005e-05,-0.0652492378445218,96,69,96.08708940136468
8964,859.5263617963681,156337.57796789476,74953.36643738279,76104.28679719505,1842.863192027784,611.1084282190131,376.53728689996933,918.7454055995913,6.746917338389875e-05,-0.0653717146463509,96,69,96.087749153439
8965,859.5293176248387,156284.9801443603,74943.3489461207,76116.59324002704,1831.4731938625919,603.4244066445099,373.8912084194162,917.2123954524577,-8.826183806092444e-05,-0.0619528820715518,96,69,96.08839351526044
8966,859.5467223175361,156323.98811849154,74987.9056032254,76082.88658753327,1815.94527820457,595.1194256754679,369.05585528031224,916.3099284846103,7.495923500542438e-05,-0.0646058205211333,96,69,96.08902257490348
8967,859.5498256013965,156338.42876801637,74975.45116453966,76071.27346992087,1782.8039498815197,583.2420125102071,361.2121042836079,906.8340232581832,-3.2703123706491585e-05,-0.0631662115496377,96,69,96.08963642081795
8968,859.5662581604684,156363.33585621664,74953.8328786885,76093.81189442099,1742.733947003202,569.0037004520709,351.0997376835585,898.2760815878864,-2.2181249061741147e-05,-0.0521313634485179,96,69,96.09023514182378
8969,859.5692850907222,156352.33791832134,74963.26082359241,76094.60812957186,1684.7515037461417,549.4835669928725,337.9225558746257,882.6373559159983,6.849225335330544e-05,-0.0661003064700007,96,69,96.09081882710454
8970,859.5866979294357,156425.2976426453,74971.64515529608,76097.66297251059,1622.3301892405143,526.9837681895297,322.8254793623928,869.9505908779101,-8.834198721220388e-05,-0.0756705748922636,96,69,96.0913875662019
8971,859.5897247118783,156421.1568351181,74967.8259962902,76073.38829913817,1545.6041899814154,499.82669047066884,305.498294688412,850.7500029436196,7.406558523768214e-05,-0.0558394575265051,96,69,96.09194144901024
8972,859.606160108053,156435.16075800444,74990.66090726817,76098.2529775093,1470.3074791559484,472.0085226155352,287.8858526839467,834.5897952069063,-3.118096377972235e-05,-0.0688727606986181,96,69,96.09248056576992
8973,859.6092576674067,156405.0681598991,74972.17179030864,76101.93484247109,1388.3114880986395,442.94731128407875,270.1828868451994,811.8328168169246,-2.3743886506235675e-05,-0.0662679212334042,96,69,96.09300500706244
8974,859.6266684585952,156487.3822910385,74977.43105456678,76086.01307742363,1315.7758431715774,416.9691803954629,254.42184681052458,792.1684468018357,6.949175725441578e-05,-0.0523996092670679,96,69,96.09351486380388
8975,859.6296181823194,156518.61435712565,74992.19983489119,76093.1572101485,1242.2463045869372,392.51285911753075,240.0298702517175,765.3251559236378,-8.839232938684315e-05,-0.0624738349746387,96,69,96.09401022723937
8976,859.6460685057352,156569.72818473418,74971.866045574,76098.46196138687,1182.1289561623125,372.7890149968589,228.02949242736213,742.1128338360286,7.314741188866012e-05,-0.0594234467815612,96,69,96.09449118893724
8977,859.649234422178,156557.38080997785,74985.14139297199,76088.8045846903,1122.8113025600323,354.80771410015586,216.62423856227542,713.352749031008,-2.964903615285631e-05,-0.0576678611498091,96,69,96.09495784078308
8978,859.6666332360176,156594.73081968504,75022.02763200892,76085.79609167155,1076.3157588448375,340.5997932954924,206.0421281210729,690.2300379222143,-2.5297764183853856e-05,-0.0636665234879531,96,69,96.095410274974
8979,859.6695068528916,156632.77072471014,74992.54599994869,76112.20719735498,1027.2324173477245,326.11571760932566,194.1783196539036,662.2970522190444,7.046735972942717e-05,-0.0580746051929129,96,69,96.09584858401251
8980,859.6859841192913,156643.06433229664,74972.82058181231,76073.59600248067,987.7535247394117,313.5701328408468,182.05607191851595,640.8022296256677,-8.841286221448632e-05,-0.0633313387619725,96,69,96.09627286070074
8981,859.6892142782,156714.80579716575,74962.38329880328,76096.77140338067,943.571985685965,299.5702048301755,168.8135813283152,615.2001258071687,7.220503662424074e-05,-0.0774996559654132,96,69,96.09668319813493
8982,859.7065917768384,156706.82802099796,74977.07082205679,76089.10222103551,907.6830562563846,287.2585541089502,156.82341778848786,596.2036539190158,-2.81078616023632e-05,-0.0707990344900588,96,69,96.0970796896989
8983,859.709391614208,156726.63539113235,74977.72889730221,76091.51755582598,865.4147527744062,273.64769061388506,145.81102970903157,571.7940232733963,-2.6842363004135372e-05,-0.0629874461667304,96,69,96.09746242905857
8984,859.7259076148969,156741.00873923965,74945.05894036272,76062.90609996293,831.1570144797442,262.4998322996398,138.19530282344203,553.1954686557292,7.141874337163617e-05,-0.069337313090058,96,69,96.09783151015596
8985,859.7291960174597,156789.24439384232,74965.58084513307,76094.24015184212,791.3938033571467,250.83738727204036,132.78257238553488,528.8743856374349,-8.840359301576937e-05,-0.0729077168677628,96,69,96.0981870272034
8986,859.746543816163,156865.18252012983,74994.92680620929,76088.52591543121,760.6173569045495,242.07446518469078,130.6985230911523,509.990739732777,7.123878833425635e-05,-0.0667908326814358,96,69,96.09852907467736
8987,859.7492733582745,156827.17273350045,74983.79953854842,76081.0074438011,724.1173063951428,232.42423250305,129.33911085803993,483.9613653595152,-2.6557964504971997e-05,-0.0626061200510045,96,69,96.09885774731258
8988,859.7658395776228,156860.14140220816,74964.6761686348,76088.1095534969,696.6591787554207,225.2797515028069,129.31736848742003,462.7787108498742,-2.8377166729109797e-05,-0.0629953171789022,96,69,96.0991731400966
8989,859.7691782690797,156896.91380152525,74979.90319218398,76089.86745880339,663.1205300270813,216.851214372291,127.98039175817394,434.4158924657677,7.234559946190626e-05,-0.0684488806815974,96,69,96.09947534826313
8990,859.7864893614232,156920.553937781,74969.77889004638,76096.23422749643,636.8706736724707,210.6289983348397,126.39460397162475,410.8992417033878,-8.836453967526092e-05,-0.0688546881018317,96,69,96.09976446728682
8991,859.7891529034036,156973.60772185845,74957.1841701741,76093.89986828007,601.3303473714041,202.61387466840097,122.32819099107292,379.58273376504076,7.024900470796436e-05,-0.0589652051184094,96,69,96.10004059287664
8992,859.8057805634667,157017.55913439757,74983.14627356316,76089.2105202886,571.4485547079239,196.68230856809532,117.6681168738578,353.8055880739412,-2.49998711810236e-05,-0.0595979880291783,96,69,96.10030382097064
8993,859.809159462122,157027.94557884714,75013.90920379905,76109.45837451682,532.6425862236065,188.77586831600638,110.68741483881604,321.3961828284082,-2.9901662716814383e-05,-0.0576488434321141,96,69,96.10055424772943
8994,859.8264287867543,157058.79119736116,75016.48476000172,76110.56777823996,500.94081398349954,182.4525865815085,103.66011342560523,295.0778260799707,7.324762729835032e-05,-0.0502456600931446,96,69,96.10079196953076
8995,859.8290308604887,157116.72233333305,74972.19681810423,76104.73582537974,461.6441147447913,172.93685896345414,94.84893797672703,261.2766716759361,-8.829572962937323e-05,-0.0421333031282862,96,69,96.1010170829632
8996,859.8457312282468,157126.8031791912,75009.8555677197,76119.5600699686,431.121226763702,163.7362528303347,86.70502947407658,233.39814094163012,6.92360306072567e-05,-0.0439152519206954,96,69,96.10122968482035
8997,859.8491376855008,157179.16113489197,74996.83297614145,76122.55942887279,392.62788367510075,149.64650552418607,77.07477220191504,197.97307787972386,-2.343411091884777e-05,-0.0749469375150363,96,69,96.10142987209488
8998,859.8663630453311,157213.27886185158,75013.76569277205,76094.54701570969,358.40244015696226,133.75478093141282,67.72076063774875,168.0935779385909,-3.141534209752868e-05,-0.0952434415914311,96,69,96.1016177419726
8999,859.8689073380183,157271.82096483078,75038.78727434583,76099.28682680357,308.1212415077025,110.69116816358292,55.628935795801226,130.05251685602707,7.412453513848254e-05,-0.0969367962181336,96,69,96.1017933918268
9000,859.885692676062,157293.03273014093,74992.07812670716,76115.75759836468,255.06852342461934,85.14844710093166,42.75964411479072,99.22934062039712,-8.81972005890509e-05,-0.1183319861821461,96,69,96.10195691921164
9001,859.8891102535201,157316.61348304764,74998.99826391405,76111.93385823473,183.23929223296,54.348241969855735,27.10400122750434,63.40910481486935,6.820021884210307e-05,-0.1153028118126084,96,69,96.10210842185704
9002,859.9062942890477,157366.59316357432,75002.57116912329,76099.74687565074,113.68347464012913,26.86546744046791,12.945410775166238,38.69083777695778,-2.186121513411029e-05,-0.1087263539365396,96,69,96.10224799766198
9003,859.908781057778,157378.89967197285,74981.19894587192,76104.03798969132,41.73958226077957,4.3590353633480845,1.325842755381018,13.097816820867592,-3.291770009549432e-05,-0.1114527197373776,96,69,96.10237574468918
9004,859.9256676828187,157413.4951011181,74976.537651571,76098.95654312792,2.310769989679102,-0.0,-0.0,4.404641984991031,7.497603956978202e-05,-0.1106676789401785,96,69,96.10249176115906
9005,859.9290719332713,157440.73186507323,74999.63664539505,76103.60711344171,-0.0,17.172447703938815,11.690133541618707,-0.0,-8.806900014684201e-05,-0.099083464482118,96,69,96.10259614544304
9006,859.9462286420777,157434.13399277287,74975.93819399342,76106.8185747694,70.44595417275559,66.89897025193204,43.267562137014465,15.339415234950138,6.714192950886055e-05,-0.0882690299047509,96,69,96.10268899605924
9007,859.9486447525762,157375.72555652307,74981.14628005006,76117.3617167734,209.51342740433756,146.05153848168266,93.38079946179641,34.93330740305828,-2.0281717516888916e-05,-0.0800893896736122,96,69,96.10277041166458
9008,859.9656689820416,157352.4367895775,75000.88084540647,76117.38368687168,436.47229618835263,256.5784137449955,162.9294324576913,73.53531840842334,-3.440823575639952e-05,-0.0762481790111361,96,69,96.1028404910506
9009,859.9689974206269,157320.65625507158,75001.76865496025,76120.74636378686,723.2846185567905,384.4356635027798,243.2889121909975,113.88260065639042,7.580186574656762e-05,0.0796325549179279,96,69,96.10289933313648
9010,859.9862297391552,157268.56520170698,74994.16257129064,76108.29113787178,1064.1211242352147,522.2702905460319,329.3001239571313,169.34392639555153,-8.791118600415878e-05,0.3574548161590952,96,69,96.10294703696351
9011,859.9892892952558,157238.1279904854,75008.8335404199,76125.83060130499,1412.4689512855257,651.023743857193,409.11074352521973,222.5320940997335,6.606153013290435e-05,0.2602180042549641,96,69,96.10298370168918
9012,860.0056045012741,157186.5291348652,74991.47636403018,76103.31385690504,1754.3109953166568,764.0630508242175,478.198152008772,287.414622754819,-1.869615358829808e-05,-0.3294115993935941,96,69,96.10300942658093
9013,860.0089578798559,157120.34731235311,74987.78554710092,76103.97372224365,2047.2476663718116,848.2599442374922,528.6037345804798,347.71013755130116,-3.5886452207634994e-05,-0.3096527187756223,96,69,96.1030243110111
9014,860.026206123831,157040.54751851028,74995.94569706263,76083.60188509389,2289.5950462963665,905.9029785692546,561.6406400639244,417.26805514789885,7.66017479345119e-05,-0.0285747753849986,96,69,96.10302845445024
9015,860.0291616506478,157000.94047291618,74968.41733837365,76098.77393096559,2455.356365135638,932.8539576842159,575.1366716836492,477.9147970340855,-8.772382572127654e-05,-0.1183449396716507,96,69,96.10302195646132
9016,860.0455372259208,156968.56880368057,74976.12263599988,76121.91368126501,2562.089458240487,939.5505686010001,575.6694079835434,543.7558616589813,6.495939595234391e-05,-0.0731054983951123,96,69,96.10300491669422
9017,860.0489285908885,156867.93086433652,74947.71917011181,76103.8232756562,2600.602832492441,926.9606496641791,564.2973000631173,597.1504045638139,-1.7105060655890436e-05,-0.0750368226499573,96,69,96.10297743487956
9018,860.0661697382433,156842.20397258483,74967.09375549585,76070.34163206069,2599.3729955413146,907.1501201859501,548.6023848066106,652.2225543314416,-3.7351857504773326e-05,-0.0876498708317206,96,69,96.102939610823
9019,860.069035883197,156804.943895299,74963.43499117943,76097.76309609832,2554.1560058127507,879.7413780708011,528.5504447375861,690.868322815164,7.737542918904296e-05,-0.0566910233986291,96,69,96.10289154439926
9020,860.0854738868204,156788.0424378013,74965.11541359496,76090.78932443904,2496.110962506151,854.8067068135424,510.1697339562088,729.65874853477,-8.750699670030765e-05,-0.0663657509348768,96,69,96.10283333554638
9021,860.088903987599,156758.88385681965,74966.4953904079,76093.73282331353,2420.3190338735003,829.3246351349953,491.48821397051506,752.9749340376584,6.38359086578088e-05,-0.0688027897124516,96,69,96.1027650842597
9022,860.1061236266095,156749.02022452498,74989.78190186078,76097.53471610526,2353.5812400566647,810.4566477634944,476.7689429778693,778.4477612808696,-1.5508977865252308e-05,-0.0703709970527849,96,69,96.10268689058624
9023,860.1089104547087,156717.33563036978,74967.28541056572,76099.68051861465,2284.45711194881,792.3342785785644,462.5336692337878,790.0793117253052,-3.880396375767968e-05,-0.0842194656152136,96,69,96.10259885461872
9024,860.1254169071798,156747.81727541314,74970.13990519989,76080.29644934546,2234.654363174748,780.5884260210587,452.55600799089007,806.8007434425235,7.812266125717321e-05,-0.0703706219998746,96,69,96.1025010764899
9025,860.1288810955105,156732.0472187828,75002.94312065668,76131.91084691441,2187.188944730442,768.0635695741366,442.8731109924556,812.7590026524849,-8.726078665356423e-05,-0.0448075636237574,96,69,96.10239365636642
9026,860.1460692086624,156720.80316292128,75001.22322926336,76100.75243933764,2157.407939130615,759.1508954594174,436.5932579854998,825.2250773577834,6.26914576599331e-05,-0.039777803802062,96,69,96.10227669444362
9027,860.148785118478,156724.47983570152,74978.44923026564,76130.4840576224,2123.0177095807157,745.9062678966147,428.9186341515597,826.0500561277149,-1.3908445524944809e-05,-0.031610961210383,96,69,96.10215029093897
9028,860.1653676405662,156734.17071810568,74982.5670787472,76107.80024532984,2098.558007517655,733.6799934949377,422.9455821857846,833.0581592959643,-4.0242288179369296e-05,-0.0060995266266911,96,69,96.10201454608692
9029,860.1688575581405,156730.10986597117,75003.41390013188,76115.89051434924,2062.8317539462587,716.1247849336505,414.0832919642562,828.6044332531746,7.884320544313419e-05,-0.0044601413760647,96,69,96.10186956013294
9030,860.1860076351061,156722.3415647986,75012.5537805651,76130.9004057442,2032.2678363677696,700.2874999179912,405.96858377647004,830.309708066663,-8.698529260875134e-05,0.0095214532807513,96,69,96.10171543332766
9031,860.1886599339025,156766.99260825117,75019.2689152088,76124.33179901628,1988.8253741573426,681.3779582606076,394.8800109528529,820.512793130707,6.152643862177423e-05,0.0374219828327048,96,69,96.10155226592106
9032,860.2053270636999,156795.09341664048,74998.97924999885,76137.73055932768,1954.637918411172,668.1478977925872,386.04312990329345,819.3457390847616,-1.2304005276395788e-05,0.0476225629288267,96,69,96.101380158157
9033,860.2088311791197,156774.08151313727,75014.2060617908,76141.55827402939,1915.362087362446,656.0570302598644,376.67684148825356,810.2965951103834,-4.166635260334106e-05,0.0481278369078913,96,69,96.10119921026735
9034,860.2259400476642,156803.0619251477,74999.92149111428,76171.90884155007,1893.3721075748908,652.5350625795545,371.9315593680949,812.6475052275055,7.953683175560049e-05,0.071593871369866,96,69,96.10100952246631
9035,860.2285353289718,156767.20069863033,75000.27906418814,76158.61948311048,1872.372891180159,651.0885019960697,368.04565830965294,808.4979067137756,-8.668062174911028e-05,0.0656477892815618,96,69,96.1008111949446
9036,860.2452949359061,156815.2593664905,75007.75853529375,76116.8700055296,1873.2735209103557,657.9262126568792,369.2383390261093,817.7763904971653,6.034125432697755e-05,0.0521646354469571,96,69,96.10060432786358
9037,860.2488029139055,156810.3378753941,74991.05200880581,76125.64618397104,1876.123004035151,665.2596339081647,370.48146054754034,821.7439069981629,-1.0696199850358576e-05,0.0662023562883012,96,69,96.10038902135048
9038,860.2658557336194,156770.80703061432,74993.77997257118,76140.2691679978,1896.8607574332273,678.0365039591561,374.97926605760586,838.1019691519323,-4.307568383063971e-05,0.0474988713090384,96,69,96.10016537549156
9039,860.2691744934375,156792.440213315,74985.65356022364,76106.82984994358,1912.405316764256,688.0504661565647,377.59621056419564,846.9472962335567,8.020331934143898e-05,0.02086808817803,96,69,96.09993349032716
9040,860.2853228773353,156790.62314387306,74959.6748004327,76111.93377143005,1937.1895218185382,700.2493428235321,382.173995658668,865.2164346970967,-8.634689088641746e-05,0.0114345625262312,96,69,96.09969346584596
9041,860.288714624866,156786.70902209732,74981.11750867216,76083.49502394852,1949.1420258732396,707.1068724317738,384.65834055657615,873.5306773702614,5.913631411825534e-05,-0.0095349821735456,96,69,96.09944540197914
9042,860.3058667284126,156775.0285239059,74957.31756229195,76146.36817724499,1964.2258949703537,714.210516862091,389.59178865735885,888.9863458309555,-9.085572709607749e-06,-0.0072339450349935,96,69,96.09918939859512
9043,860.3090342891193,156748.34698992682,74948.44326230476,76135.13957862303,1960.6998000279418,714.2269989240303,392.50262732000556,890.9515849244199,-4.446981419053197e-05,-0.0080321182836154,96,69,96.09892555549366
9044,860.3252591183624,156791.34160990576,74974.86054010491,76097.2640371705,1957.281476843229,713.6680783420743,397.3424821018998,898.1265083523176,8.084245694975445e-05,-0.0068645309597466,96,69,96.09865397240048
9045,860.3286715145125,156749.4841591981,74989.3553180819,76114.498920098,1935.185763560643,706.1397310903558,398.72629934034194,892.3581362237164,-8.598422669290916e-05,-0.0031888959148678,96,69,96.0983747489614
9046,860.3458471586396,156811.34734557822,74991.08409913385,76119.18792534586,1914.3145622925367,698.274572748458,399.5827102707408,893.4053826249437,5.7912033644217285e-05,-0.0174585154717359,96,69,96.0980879847373
9047,860.3489064667756,156846.36846386743,74977.28404104787,76112.14254984827,1874.914588109008,683.1149318938405,393.8452541777515,882.0877572790196,-7.472668110022682e-06,-0.0327851523389296,96,69,96.09779377919808
9048,860.365190272255,156821.0576825899,74953.73285486875,76106.8782310251,1837.8706137557747,667.4992183372815,385.3355459749,878.8268019747047,-4.584828103736427e-05,-0.0296430224673856,96,69,96.09749223171768
9049,860.368640925565,156851.52259938163,74970.43908776439,76090.27946319876,1784.385425962857,645.0779656257946,369.81066577488673,864.8858460177144,8.145404240527697e-05,-0.0264996922947222,96,69,96.0971834415677
9050,860.3858132500712,156834.1462842535,74971.32131943156,76090.786574707,1734.686246347439,622.9509252326243,352.9491833638749,859.3529310569284,-8.559276541833608e-05,-0.0335720201756397,96,69,96.096867507913
9051,860.388781750639,156872.107323801,74953.86045861276,76094.29915722436,1668.1220876956359,594.8262900403643,331.80928615594166,841.2068689212028,5.666883501209411e-05,-0.0322244677796959,96,69,96.09654452980556
9052,860.4051237039467,156916.64348807497,74945.74200720397,76082.14099389486,1606.0549015200813,568.5601110131538,313.20496968668886,830.3547339313081,-5.858030894338169e-06,-0.0153659648923951,96,69,96.09621460617925
9053,860.4086169377347,156937.74469874005,74957.53186627566,76067.6537384003,1529.6168132050661,538.4979283584835,294.3988341431541,807.2943548286858,-4.721062738777265e-05,-0.0147977045280733,96,69,96.09587783584406
9054,860.4257681051431,156959.91902585552,74958.39801133565,76088.73606134369,1460.8671488073887,512.1714988909371,281.1844846861204,792.0102661380952,8.203788294069205e-05,-0.023846163132195,96,69,96.09553431748128
9055,860.428658714704,156999.61931287358,74965.8929445415,76081.98952360969,1380.7526422278024,483.2064276379824,269.06828963695443,764.2282624040672,-8.517265335417117e-05,-0.0292187729573527,96,69,96.0951841496379
9056,860.4450615235802,157003.45652855767,74965.06417148103,76064.80803218103,1313.3969135225634,459.1638868016016,262.53074525334523,745.5776543330285,5.540714646049219e-05,-0.0232526378496722,96,69,96.09482743072064
9057,860.4485972265993,157047.37274705883,74950.49405219572,76079.94523114375,1240.6417745692306,433.8610027952527,255.9149770004733,716.9631342600624,-4.242206135053031e-06,-0.0277592945888822,96,69,96.09446425899164
9058,860.4657121184924,157083.31008131156,74980.63958421939,76090.89426642154,1184.7858043749002,414.4493435766053,252.57087953883456,698.9257039757795,-4.855640207481583e-05,-0.0145489029090758,96,69,96.09409473256224
9059,860.4685385098961,157122.40556434778,74965.15228669245,76091.1101312769,1124.4304316485068,394.2556121998059,246.23684885469265,670.4159920476959,8.259379527298546e-05,-0.0223411922166696,96,69,96.09371894938825
9060,860.4850031153775,157156.3506354305,74964.76251950325,76078.30769372125,1081.18059176323,380.4975176142907,240.95598612478352,652.4174827396346,-8.47240456309809e-05,-0.0194454167784437,96,69,96.09333700726404
9061,860.4885824089805,157196.53075569886,74970.93140131903,76090.26153398395,1032.6843199920258,366.28401729636244,231.6648462472367,623.8979527086194,5.412740225637267e-05,-0.0002507322798993,96,69,96.0929490038181
9062,860.5056418871864,157186.99152907345,74961.18050634427,76052.9478764923,998.5814329425339,357.75142156843503,223.4586611542618,604.2518041342846,-2.6257389452808302e-06,-0.0111969089850266,96,69,96.092555036507
9063,860.5084283629253,157227.5009709694,74975.77152488145,76048.2221374358,955.150590958423,347.1686814283021,212.1864227153419,571.4459346276708,-4.988515939045549e-05,-0.0109670031278966,96,69,96.09215520261048
9064,860.5249371335012,157282.18809868378,74964.65166669666,76094.29677588839,924.1122701669228,340.901419904636,203.87058891545166,547.1960468055913,8.312160574902394e-05,0.0062175719011463,96,69,96.09174959922636
9065,860.528594755934,157322.25278868846,74958.64446771514,76114.62590472265,883.2417561388575,331.75028467514494,194.37637149792863,511.5939395551395,-8.424710754278933e-05,0.0029368688217289,96,69,96.09133832326516
9066,860.5454944101645,157370.97380377928,74968.94458655706,76088.75668614818,853.718352873344,325.9882756750885,188.5832561972784,486.248138813331,5.283004253856793e-05,0.0085245359777516,96,69,96.09092147144511
9067,860.5490291487678,157388.98757026377,74960.38857914413,76102.34959955416,813.4878951574792,316.71453381242463,181.24223967303988,451.7211506445601,-1.0091745777812746e-06,0.0162566000433521,96,69,96.09049914028664
9068,860.5650730774663,157451.19491979782,74976.78327049913,76112.66420995648,784.009567405039,310.0986709049175,176.35824894963298,429.332642010937,-5.119645978859967e-05,0.0108923360748869,96,69,96.09007142610764
9069,860.5684592494812,157489.4988813202,74969.55306836347,76081.25094466124,744.1984066971927,299.34606160147814,168.63716944225598,399.59945962642087,8.362115003142244e-05,0.0121369183819513,96,69,96.08963842501804
9070,860.5855348846325,157453.6069115458,74990.51495455053,76078.69261691303,716.1713998717023,290.4701806525554,162.54337671992835,382.87361157653504,-8.37420135803721e-05,0.0101810008568946,96,69,96.08920023291512
9071,860.5888815597364,157513.72239789294,74965.77664674957,76078.78380778116,676.7019348542672,276.2767310097406,153.13959163441905,356.3081179417204,5.151551324472918e-05,-0.0213830208843699,96,69,96.08875694547822
9072,860.6050110023973,157568.08774090436,74979.57588999062,76064.92369174633,648.2413447103463,263.45749524523853,145.75930430091103,339.624452004442,6.069421657991742e-07,-0.0280749974785436,96,69,96.08830865816354
9073,860.608402968669,157593.2396892019,74964.76088297756,76086.74723377058,608.65762863704,246.34022724996612,136.26217990909936,311.17510761492304,-5.248986984658156e-05,-0.0214560315385339,96,69,96.0878554661994
9074,860.6255291890104,157649.9983264396,74976.8515978807,76098.05897699192,580.1110678358818,232.3878235242155,129.83304380747722,291.17206901989994,8.409227350891741e-05,-0.0176763354807615,96,69,96.08739746458096
9075,860.6287550721536,157632.05807036563,74946.56542799529,76082.04777401293,537.4505614291993,215.4363888643711,121.1456888828543,256.94504809647333,-8.320894758615798e-05,0.0052080093299232,96,69,96.08693474806584
9076,860.6449363650345,157664.04239057886,74955.1807658514,76051.49841686864,502.11870904202806,201.77146304365306,114.29069951767451,230.2697406541265,5.018426569607364e-05,0.0105231416530211,96,69,96.0864674111684
9077,860.6483651831239,157762.658622822,74992.7825707364,76080.93404252158,448.9416009010165,183.53299778029032,103.1902011106431,191.15395100341993,2.222066618027895e-06,-0.0158030394524956,96,69,96.08599554815537
9078,860.6655065058479,157785.4437293231,74961.39701019433,76115.51571419102,398.4699470784399,164.60644059265906,91.38463257614058,162.20003697511856,-5.37649622509821e-05,-0.0172043081060562,96,69,96.08551925304084
9079,860.6686328840481,157832.86460413202,75000.43401925624,76091.04990910486,324.2065637311316,135.83438685444708,72.99393888717168,122.23890593094984,8.453483127447136e-05,-0.01641237165674,96,69,96.08503861958135
9080,860.684861386468,157867.77090214542,74968.09275970297,76117.45641717834,250.93328333558748,103.02570676259347,53.50453429520712,94.68861197066144,-8.264810331089058e-05,-0.0383615876845145,96,69,96.08455374127084
9081,860.688336910429,157926.25403044457,74951.7104966624,76087.1978467248,160.16972087416798,62.49534434710222,30.318042696279008,59.71103027503705,4.88367567115158e-05,-0.0504873797353661,96,69,96.08406471133624
9082,860.7054720437161,157908.0678456192,75006.89352164985,76078.25050880364,85.83417921536602,27.092366526456317,12.34846395778004,40.1650540290284,3.8356550321457616e-06,-0.0405730634189949,96,69,96.08357162273248
9083,860.7085116565419,157971.06993636265,75006.51534466972,76083.49282635632,17.914751853910275,0.25697279172891285,-0.0,14.74487380636856,-5.502131608780398e-05,-0.0473445760240667,96,69,96.08307456813768
9084,860.7247899477433,157968.77790258348,74987.60360593042,76105.08905621471,-0.0,-0.0,4.425687924638623,7.780579792452045,8.494868812175887e-05,-0.0458158121371612,96,69,96.08257363994846
9085,860.7283144478951,158000.64467934362,74966.59650390374,76092.00372520882,26.834252506203484,30.31750206882134,26.10950050104293,-0.0,-8.205968293548692e-05,-0.0313161731850567,96,69,96.08206893027511
9086,860.7454274793994,157997.00790725148,74958.91584079707,76098.41438391927,137.39712456217967,102.90053464265657,72.81221496226499,15.173910671379417,4.747344859028389e-05,-0.0380738197313391,96,69,96.08156053093757
9087,860.7483907558405,158007.72593153766,74953.0679347155,76096.53910399812,312.456726641336,210.1069984977221,138.73613771240343,31.670611681736773,5.447164192622644e-06,-0.0289653862998303,96,69,96.08104853345937
9088,860.7647238326433,157952.15512164123,75011.32126337508,76088.59487971208,573.80592938466,349.8804717010498,224.2788517861918,72.46093119352008,-5.625851723362585e-05,0.145286157355189,96,69,96.08053302906455
9089,860.768295490013,157924.3944094364,74953.09098202936,76100.56716718676,881.8203669507639,502.1739989345515,316.644364797452,114.43479613718227,8.533371848505099e-05,0.3946379237985095,96,69,96.0800141086722
9090,860.7853735355015,157877.12548930274,74963.27519261776,76110.47444812312,1237.323764961271,656.4031635503488,410.9618950888107,176.6613201132859,-8.144389818332759e-05,0.2202057728570726,96,69,96.07949186289191
9091,860.7882704731265,157789.1911652434,74955.71328247798,76082.8857151711,1584.7597556579276,790.8711545748956,492.8056470740703,232.2270310438762,4.609480848989e-05,-0.3316560428836072,96,69,96.07896638201964
9092,860.8046639581465,157760.3999648994,74956.42395881744,76061.5927082865,1921.3879133916926,900.6577661388583,560.1917579003784,300.3605992066441,7.056051962973328e-06,-0.2462865786882737,96,69,96.07843775603246
9093,860.8082782566654,157715.19603498772,74963.21406928412,76073.69330383974,2197.3334888065,974.5438113689452,604.6784402594494,355.49508993150084,-5.747615791323891e-05,-0.0079399401590313,96,69,96.0779060745851
9094,860.8253106510253,157664.32112306496,74955.61767115178,76076.72113457641,2421.4731886597,1018.8093306441151,631.0464070900343,417.1381054192898,8.56898066966598e-05,-0.0920499596857274,96,69,96.07737142700483
9095,860.828151497466,157638.8241110622,74958.7535723287,76077.14565524766,2559.817581381125,1031.9867081884295,637.05272739465,460.5557261846261,-8.080097022261457e-05,-0.0595515517850116,96,69,96.07683390228648
9096,860.8446107545226,157574.63986515658,74956.63413868356,76047.96200679708,2641.2635020844173,1027.0536912951502,632.1641059344984,509.0169529354025,4.470130840386145e-05,-0.0739475796677097,96,69,96.07629358908956
9097,860.8482612202323,157574.4922678889,74971.53272807733,76079.29795769943,2648.304442139808,1005.1416904871294,616.1866828791244,540.6000195048691,8.661777387474601e-06,-0.0707255242561518,96,69,96.07575057573254
9098,860.8652392193892,157518.3332833688,74959.5497831342,76090.9164347689,2619.4749060218455,977.8047019207879,597.8598381886259,578.5666455741739,-5.867383721085816e-05,-0.0793164290408096,96,69,96.07520495018908
9099,860.8680347016116,157526.973409161,74940.92614575838,76060.7617999712,2541.7961504259147,943.2213547623396,575.026866142769,600.5335349804081,8.601684675014531e-05,-0.1020503707873159,96,69,96.07465680008336
9100,860.8845643161434,157500.568036797,74951.16128356152,76088.38272115501,2457.1666752421297,910.3339819919493,554.5972136014607,631.4522707918368,-8.013112883677208e-05,-0.0827592470413195,96,69,96.0741062126866
9101,860.8882430091826,157492.83065398384,74941.97530206536,76052.95420666576,2351.3286269853124,875.4124876802671,532.7952756636514,649.1076742816367,4.329342538615025e-05,-0.0870800063154496,96,69,96.07355327491182
9102,860.9051596874092,157481.5601249475,74931.38595799905,76065.56204171384,2260.6429150116746,845.8338347030949,515.0263228220865,676.2111680480011,1.0263800682489296e-05,-0.0853947442415985,96,69,96.07299807331012
9103,860.9079210327287,157449.17810318994,74931.43226543891,76076.36563095414,2164.7086311388994,817.1694311309693,496.7311571481405,688.9086403819674,-5.985116111789236e-05,-0.0776110745435008,96,69,96.0724406940665
9104,860.9245244740544,157481.411411641,74926.85889143449,76055.67066753766,2096.3941931846784,796.4916626054619,483.214785290329,711.2795669340703,8.631474262289874e-05,-0.0836893999518069,96,69,96.0718812229956
9105,860.9282223764652,157421.11162017574,74934.38904778103,76050.21933345639,2029.7021211468964,778.2366878436296,469.52833795477636,719.8579363957106,-7.943461290547721e-05,-0.0877590045807502,96,69,96.07131974553764
9106,860.9450725981114,157472.92055488372,74954.12489257337,76088.63664972431,1989.7397427879623,767.1044984792243,459.92761352605885,737.540500759671,4.187164114071514e-05,-0.0814061314951767,96,69,96.07075634675432
9107,860.9478114459513,157414.72008618125,74933.0666271156,76014.14066476545,1944.4002923308872,755.3853934347571,448.6613472242898,740.8395360086288,1.1861583720112968e-05,-0.080476720726564,96,69,96.07019111132438
9108,860.9644908380815,157460.8125797754,74940.62606581819,76045.84322954612,1917.5790928447386,746.7484637089947,439.89997004935867,755.1523704103602,-6.100774292512512e-05,-0.0844117740332282,96,69,96.06962412354017
9109,860.9681981950828,157481.4966284896,74938.27654634445,76070.0114540231,1876.7192872322048,733.4126698835025,428.1030998574861,757.3197715488495,8.658340840679827e-05,-0.075000121960266,96,69,96.06905546730351
9110,860.9849786064965,157455.65700140732,74946.0413189396,76071.69196871591,1846.5429903739132,719.9110120886762,417.87761302042054,770.7855853605433,-7.871167045182267e-05,-0.0786224595542964,96,69,96.0684852261211
9111,860.9877068585765,157427.00531823994,74933.14753672606,76047.17173398813,1799.1952335599926,700.8422239141655,404.94094140830566,771.3410203926906,4.043644126152879e-05,-0.0749498038775045,96,69,96.06791348310162
9112,861.0044628264641,157460.64896280612,74950.95742507947,76045.9038613309,1767.682248318626,683.8723549181886,395.60487980089965,783.765562302724,1.345458997394257e-05,-0.0636952431478504,96,69,96.06734032095083
9113,861.0081694657908,157464.16026089236,74955.53970759202,76074.19045225074,1728.6160269128159,665.7350415229739,386.5262084377755,783.3120793077105,-6.214320278908558e-05,-0.0694867536973992,96,69,96.06676582196836
9114,861.0248784800298,157485.36126291312,74929.01833834757,76071.07573145338,1714.7590058177593,654.5359267211752,383.76728068475495,793.1608184853685,8.682276728868645e-05,-0.0804181718388425,96,69,96.06619006804344
9115,861.0276081160587,157451.00758334855,74960.05693333065,76044.23378168933,1700.7321317362366,646.4665474161884,383.229459754104,788.9943255100516,-7.796255749240224e-05,-0.0914042982262792,96,69,96.06561314065152
9116,861.0444396903059,157476.34455904298,74957.34296257913,76029.87484794238,1716.9931728810188,648.295446744829,389.8362688746711,796.8938250428764,3.898831655738747e-05,-0.1097517875093597,96,69,96.06503512085015
9117,861.0481353302357,157508.89499407716,74969.15928065492,76047.32276544662,1731.854876246245,653.7448938625894,397.6872974940925,792.9150263769552,1.504228509466727e-05,-0.1359779497369863,96,69,96.06445608927552
9118,861.0647730892512,157481.33533758888,74932.57518998312,76059.16133118194,1768.6750704548322,666.7826251976367,409.8283580164134,801.9199085746077,-6.325716835578581e-05,-0.1674411399429206,96,69,96.06387612613813
9119,861.067515966177,157508.3409360196,74945.13461274779,76070.04750065619,1792.8518112074817,679.4499571442138,419.623174344335,799.9782959580771,8.703275317804308e-05,-0.2130908417315795,96,69,96.0632953112202
9120,861.0844205359613,157486.84741958353,74922.22902567658,76072.70008199666,1829.5607867241488,695.3264407780953,430.5180752914748,813.2142035949219,-7.718753989066252e-05,-0.2547348162607205,96,69,96.06271372387089
9121,861.0880950862381,157527.5215021232,74951.42177595742,76055.35905405362,1845.223155187443,706.4273726187239,436.5813192658243,815.6341378670768,3.752776097814534e-05,-0.2719065300655507,96,69,96.06213144300348
9122,861.1046633911023,157532.24393188217,74964.52856766536,76068.14643307512,1866.2672281853738,716.6866800435237,442.0337086627551,830.2320298972481,1.6624136204976584e-05,-0.2862312608711395,96,69,96.06154854709152
9123,861.1074310400493,157476.89469302472,74931.42038195368,76046.60267218268,1862.8868355355808,719.2791758961539,442.0737945338187,830.2483004930255,-6.434927449817438e-05,-0.2959673994905893,96,69,96.06096511416524
9124,861.12440434629,157497.1461971756,74937.71439800801,76057.71944195706,1865.972189917462,719.5579565560329,441.79319127148483,840.2590369256213,8.72133096787964e-05,-0.2875011485596183,96,69,96.06038122180809
9125,861.1280482037707,157529.7714575805,74931.84128869014,76078.85329136509,1845.3291062812787,711.2840333192289,436.31240684195654,832.9947175651905,-7.638689124268113e-05,-0.2956495120673575,96,69,96.05979694715346
9126,861.1445504061043,157556.89547702912,74970.97560668676,76039.99939107911,1829.4005305134342,699.992543913424,430.169071875338,832.8331984983815,3.605527328882606e-05,-0.2913171429729653,96,69,96.05921236688094
9127,861.1473538399605,157555.3053155178,74946.13668601585,76091.10241522462,1787.6443734997883,680.0073875013477,418.4662212205876,814.9167429901718,1.8199612981229404e-05,-0.2772142007874948,96,69,96.05862755721304
9128,861.1643900004726,157585.83125187302,74957.06008678986,76066.52470029303,1749.7965043690056,657.6284951132984,406.0915177993884,807.0913465096673,-6.541916408254435e-05,-0.2863029226095167,96,69,96.05804259391202
9129,861.167994341462,157607.3312821662,74918.50221221463,76079.77842848527,1684.3727316083969,627.3866954474652,388.3452438588138,784.0801802854985,8.736439009805569e-05,-0.2835615000884947,96,69,96.05745755227636
9130,861.1844351894985,157653.14990620088,74957.65695319086,76111.77418982814,1621.409757809015,595.9384763415292,370.4370177075907,772.3891557479219,-7.55608939337687e-05,-0.2930771922454539,96,69,96.05687250713729
9131,861.187284735043,157686.43189436122,74964.23673457962,76085.0923575383,1533.7263452128973,558.8911441278178,348.59657504223287,747.0133146680018,3.4571355201722464e-05,-0.2975793633601788,96,69,96.05628753285625
9132,861.2043762908614,157687.23687262557,74961.17659515153,76072.26845856264,1456.6285952270264,524.1347717452009,328.89438111596974,735.1547674154863,1.976818780767629e-05,-0.2849365406468286,96,69,96.05570270332066
9133,861.2079333646045,157727.36741280675,74990.23783057378,76068.97686472784,1363.845575909887,487.54415537235036,307.68237288628006,709.1338318276976,-6.646648696034154e-05,-0.3040383257730584,96,69,96.05511809194157
9134,861.2243187950834,157747.97892080923,74937.68160609376,76089.03564828378,1290.1410380956368,456.84091596351936,290.74766945187,694.2720467078325,8.748595799754903e-05,-0.326045974837983,96,69,96.0545337716502
9135,861.2272239672919,157785.8313189459,74992.21028861459,76077.43504867773,1209.683669343125,427.6144839056069,274.2715978510387,664.0613062107586,-7.470983883538572e-05,-0.333538858567093,96,69,96.05394981489484
9136,861.2443619334853,157834.98021554787,74953.6280216481,76094.88203210327,1156.07849379885,406.7084953265585,263.4271841595473,645.9594107587764,3.3076512911499934e-05,-0.3252241119853162,96,69,96.05336629363742
9137,861.2478653680353,157877.3254908563,74974.81701100885,76114.02890291173,1097.660526887572,387.6299221213412,253.0535543204751,612.3594112847932,2.1329335140319226e-05,-0.3291673464255177,96,69,96.05278327935164
9138,861.2642022281066,157912.82256492376,74979.70767617782,76107.7067266863,1062.751906693331,375.2879925601883,247.02575932026957,590.3790913366538,-6.749090160177171e-05,-0.3361440591296359,96,69,96.05220084301816
9139,861.2671716732395,157933.34628695736,75001.42846860788,76135.66567740073,1018.3755455524661,362.2507004683721,239.68158189559472,554.2418129630387,8.757798707848812e-05,-0.3225019871663539,96,69,96.05161905512364
9140,861.2843455653017,157968.7805371719,74985.39695188732,76113.51301596084,992.9229555911734,353.2987679664511,234.68069491526694,532.5989495081885,-7.38340249714273e-05,-0.3210592824140325,96,69,96.05103798565584
9141,861.2877907115289,158044.1175305868,75007.34475734642,76111.73483481101,951.8509449734702,340.9632760713139,226.1038936371042,497.502598416002,3.157125528199981e-05,-0.3234386782880583,96,69,96.0504577041026
9142,861.3040863780868,158058.07338175486,75024.37360921488,76107.00235174084,924.4644011535565,330.8803854765283,217.84038549117395,476.6354547495139,2.288253233547705e-05,-0.3178479651313474,96,69,96.04987827944755
9143,861.3071279334622,158086.74188381748,75001.1469551062,76124.57259615004,880.5859745520283,317.0819437460159,205.0513725974888,443.42566253320547,-6.849207326919122e-05,-0.3196269457423032,96,69,96.04929978016814
9144,861.3243257124443,158119.0318638165,74991.67111190631,76135.83752901352,852.6185071460786,306.30736935997265,192.7937357944611,426.4708207490621,8.764046038368587e-05,-0.3144823341187399,96,69,96.0487222742323
9145,861.3277100867093,158181.07603452748,75002.52554394594,76114.81633094001,809.102595319855,292.3374472372816,177.11892796942266,396.6461776951328,-7.293375960473798e-05,-0.3251133965068416,96,69,96.0481458290962
9146,861.3439719081475,158206.306469803,74995.38985579132,76118.0371390533,781.4713863973157,281.5097524093435,164.06137738909456,381.7334062624723,3.005609488202788e-05,-0.3269552489511629,96,69,96.0475705117014
9147,861.3470928805842,158232.16932021803,75009.96401771836,76110.03491695946,739.1426857659244,267.3629472606117,150.70256708428496,354.0354707617371,2.442726002767786e-05,-0.3371181860486958,96,69,96.0469963884718
9148,861.3643006893572,158250.29277480298,75007.9528053477,76123.33896913598,712.6909439993324,255.8995273245382,143.07940085386508,341.9462408113468,-6.946967653384894e-05,-0.3527994613786097,96,69,96.0464235253116
9149,861.3676246671077,158289.45206706002,75026.60544577106,76129.9128424463,668.0214522614842,239.98337691600318,136.9804317530361,315.25663682524464,8.76733713512689e-05,-0.3809175880088379,96,69,96.04585198760232
9150,861.3838590334233,158297.85199203985,75022.50506808891,76117.13609169236,635.322026618931,226.06698464638612,136.65614998631645,302.3073729269672,-7.20093581973257e-05,-0.3593900784494693,96,69,96.04528184020062
9151,861.3870669564049,158369.35156351767,75027.86006004896,76127.26174918628,584.1915048161172,208.3433681816532,136.28432517725741,275.0405497585598,2.8531547257685625e-05,-0.3311598223138682,96,69,96.0447131474352
9152,861.4042683052928,158396.8207770647,75030.76555466725,76100.0140026017,547.6857159528881,194.3770088681922,138.48430523771094,262.5578611382516,2.5963001464304432e-05,-0.3241612419048914,96,69,96.04414597310502
9153,861.4075365105241,158397.65841700791,74996.31281471028,76111.69885206553,495.47242534934776,178.204401822848,136.26053601919557,234.2455373670673,-7.042339291571956e-05,-0.3346844735190352,96,69,96.04358038047612
9154,861.4237469525349,158455.6882736658,74994.78156773584,76123.93803120291,461.6044444402796,166.91858679743018,132.36490597442025,219.07417928584618,8.76767235528362e-05,-0.3311813462370515,96,69,96.0430164322802
9155,861.4270516561921,158492.30683714137,75033.51804443478,76136.22844931828,416.6576044996036,153.4369375389506,121.23705861021881,188.06884018387063,-7.106114413439835e-05,-0.3312354517300187,96,69,96.04245419071134
9156,861.4442248826189,158526.11786358623,74999.34775026824,76130.16399599658,390.6680583858979,142.83448823973595,107.22348229549243,170.27785979851615,2.699813085612441e-05,-0.3505618322518489,96,69,96.04189371742407
9157,861.4474499591297,158519.19900295805,75031.4321426128,76147.9860749403,346.5219403366209,125.61083904499537,86.25950945026125,134.49413712508976,2.7489243372673597e-05,-0.3365504007771026,96,69,96.0413350735312
9158,861.4636317724431,158641.3269842357,75013.77003781935,76084.82607829434,310.28204518707935,106.4851708169881,64.46634854396689,111.1747584034747,-7.135291293349908e-05,-0.3289803746434694,96,69,96.04077831960149
9159,861.4670526425107,158653.85597042815,75013.19272702378,76144.86415252507,246.78874275274575,78.07427516191092,39.7955642658344,72.65865020509227,8.765053002616744e-05,-0.3297154959014018,96,69,96.04022351565726
9160,861.4841603656055,158628.7834982228,75014.12278134306,76129.45340704602,186.89939036860596,49.2777180284902,19.82739871548256,50.974866173026385,-7.008944860763258e-05,-0.3209002086238802,96,69,96.0396707211724
9161,861.4873799532533,158746.30145342066,74993.06070653636,76124.29988547372,104.2570737018832,18.236092090141028,3.6459083883382846,17.522314911679132,2.5456366885584875e-05,-0.3259773301963612,96,69,96.03911999507068
9162,861.503490875591,158756.78546414396,75008.41687526267,76140.85460284204,45.01922821026528,0.6387173668190371,-0.0,5.919441699952586,2.9005476177113908e-05,-0.3185163393226121,96,69,96.03857139572246
9163,861.507114479203,158788.5642592032,74997.77572576179,76117.24251498825,-0.0,-0.0,8.787957647960866,-10.386468855896965,-7.225793509177109e-05,-0.3049951430613304,96,69,96.0380249809441
9164,861.5239421205649,158783.01212351845,75012.38449024696,76104.29673539432,23.690244455705397,32.91374697476567,37.774400751746725,-0.0,8.759481443521431e-05,-0.2136056713440809,96,69,96.03748080799512
9165,861.5265423012366,158786.2299258018,75020.15049281972,76119.62822013185,104.5227806494222,98.10916513533448,84.09107306232909,5.578061212203465,-6.909461075040165e-05,0.0367818737885676,96,69,96.0369389335763
9166,861.5435072348218,158765.98929819046,74993.90391982261,76106.07530485433,288.9674535872764,203.96903547263355,151.82605066592805,39.09348100039642,2.3906778848027065e-05,0.1020966360893845,96,69,96.03639941382784
9167,861.5470684261353,158743.7731004492,75014.56088235082,76111.33941960115,543.0670657877345,336.7393272203335,232.7783815334842,66.18821922663483,3.051119361853483e-05,-0.4373334174569087,96,69,96.03586230432772
9168,861.5638404407456,158683.2313450038,75024.79312573117,76126.34629854742,883.0196714861668,491.99611435009865,325.32427023895434,116.23302718438208,-7.313816598484774e-05,-0.6202747213829752,96,69,96.03532766008938
9169,861.5664498187698,158686.69236747644,75007.54920367709,76108.21775031633,1248.1039043104975,646.8882130738202,417.24321874277666,154.48338787598186,8.750960946737643e-05,-0.3012653836451871,96,69,96.0347955355604
9170,861.5834868514859,158663.2841287513,75014.03181302907,76120.5149095303,1637.1796937538893,794.1836673856451,505.34701346384827,213.11198466733913,-6.807697685126075e-05,-0.3450038759653168,96,69,96.0342659846204
9171,861.5870301489019,158594.56390858447,74996.5262639277,76112.8664770524,1981.6999211537768,913.6755491080403,578.164424866758,256.7372183755506,2.2349893390188785e-05,-0.3308468511587683,96,69,96.0337390605796
9172,861.603728455489,158584.7060014444,74999.1911888594,76114.85676273452,2284.6729596645455,1005.5766939117893,635.3133862361428,315.6750992234447,3.200589326005112e-05,-0.2932747252708512,96,69,96.03321481617672
9173,861.6063672652174,158540.7992282379,75001.4351332085,76089.72029789793,2496.150032863079,1060.2554624325858,670.1793842457992,355.29936996882316,-7.399332150324699e-05,-0.3146198588698613,96,69,96.03269330357764
9174,861.6234683431802,158466.2110931445,75022.93313930643,76088.55378117507,2644.8477688654675,1088.5706380806514,687.785708990632,408.7338702941197,8.739495869905624e-05,-0.2929342121541519,96,69,96.03217457437393
9175,861.6269854533979,158465.22594859995,74986.17862694015,76083.70328276455,2703.4371620250167,1088.1265889955394,686.0410183368804,440.7053876768623,-6.703690135642664e-05,-0.2999209777111746,96,69,96.0316586795812
9176,861.6436134583824,158432.35064953793,74995.49070637545,76073.8308898103,2716.8474935497507,1073.220166437677,672.9836148637696,483.22346970348735,2.078623821072092e-05,-0.3024209966585118,96,69,96.03114566963728
9177,861.6462918704059,158443.8783006044,74999.76685805239,76100.73514379225,2669.9547178345383,1042.2971996896522,648.5579000696598,503.17936399858445,3.348907656503044e-05,-0.2847780359314977,96,69,96.03063559440088
9178,861.6634524236362,158437.32732300396,75000.59578911419,76110.8648342406,2612.648963870888,1008.4178451909247,621.3581726076372,535.8461603825563,-7.48231253276415e-05,-0.277036111864717,96,69,96.03012850315037
9179,861.6669329223149,158409.3242937342,74995.72092690582,76097.77777395147,2525.6370342790033,967.0372971256729,590.4430957057921,547.074350261013,8.725091495252613e-05,-0.2843327237480829,96,69,96.0296244445822
9180,861.6834971555354,158411.63641789628,75002.64420492179,76109.93898484671,2449.8803476374014,928.2537581390061,562.6327076296147,570.1220851941907,-6.597474571939329e-05,-0.2711784806318953,96,69,96.0291234668097
9181,861.686223599823,158402.04716378817,74998.0755669976,76085.0447575851,2359.6841168922256,886.2246954780712,535.5438533216075,571.969513343618,1.921634423486608e-05,-0.2501993169577373,96,69,96.0286256173613
9182,861.7034381424387,158435.62229976183,75035.82415346093,76100.15007232464,2290.0802219875623,850.5028382251185,514.4463879183168,587.6675318632915,3.49602495757759e-05,-0.2511138303415412,96,69,96.02813094318
9183,861.7068722500215,158399.07418531692,74981.2519359606,76133.90232324624,2208.35421090771,814.2272457877116,495.2676723731274,582.546624594368,-7.562731048891653e-05,-0.2424341110385477,96,69,96.02763949062133
9184,861.7233807227584,158439.64379843656,75038.00126495746,76107.65176887834,2144.086245851824,785.635292371866,481.6388812510122,590.3511227604176,8.707754136114122e-05,-0.2391966200525199,96,69,96.02715130545288
9185,861.726162598389,158457.2852033537,75031.92668868593,76118.93053557788,2065.240573254705,757.2167388061353,468.76780944829807,578.9690184969804,-6.489087879889068e-05,-0.2328577957736793,96,69,96.0266664328525
9186,861.7434243036286,158481.91757686523,74992.03807446582,76111.81937006545,2003.1314579507452,736.3378942282143,459.74554065585835,584.4927386523923,1.7640743315159113e-05,-0.2100385265504186,96,69,96.02618491740772
9187,861.7468034411633,158497.43674166722,75002.53323444938,76092.05602124144,1926.169254601642,714.3633897776454,449.4570933570212,573.1370015678403,3.641892205234219e-05,-0.1958333624173533,96,69,96.02570680311428
9188,861.763265266078,158497.4626347945,74985.23922345659,76122.43362628816,1866.5712330035167,698.2025805441954,441.0031347016047,579.1725040088932,-7.640561799543884e-05,-0.1959103438419148,96,69,96.02523213337544
9189,861.7661088847314,158499.82566961998,74991.1632815693,76097.45549071927,1797.6640286107431,680.5466613084427,430.3135305127653,570.3311371199088,8.687491045335439e-05,-0.1852407333003943,96,69,96.02476095100045
9190,861.7834096846956,158520.69465934113,75001.88726292006,76094.30508673257,1754.3914077677764,669.6776648080267,421.513777768414,581.3810000637895,-6.378567667365641e-05,-0.1741285710880693,96,69,96.02429329820416
9191,861.7867266871283,158545.85367722443,74984.6130222966,76095.76914688692,1709.0092412749073,658.9886446866876,411.4498613898468,577.1897118251654,1.605996932450659e-05,-0.1936459890814762,96,69,96.0238292166063
9192,861.803151876687,158530.55706875617,74970.69169228403,76099.13899875012,1693.6680939029902,656.7702869200293,404.87002258191933,590.5872903011332,3.786460856500541e-05,-0.2154096847127296,96,69,96.0233687472294
9193,861.806062298715,158563.24364119433,74988.96905277563,76083.64703294715,1680.2855158807943,656.5688256210124,399.42484672323917,588.5085852188058,-7.715779877454562e-05,-0.2199210818606949,96,69,96.02291193049918
9194,861.823393097907,158532.97580862005,74958.05647347806,76080.04191185503,1697.9378324105055,665.496599571954,399.66895208336064,604.6046857833571,8.664310492735611e-05,-0.2616779053619557,96,69,96.02245880624326
9195,861.8266423403716,158556.80527217835,74962.62015977755,76067.16586690489,1713.6809828127734,675.1933857320982,402.27827120400616,603.8466374383424,-6.265952190592215e-05,-0.2940507187563917,96,69,96.02200941369072
9196,861.8430416193067,158568.30915555678,74969.62977215642,76094.19388497945,1752.8854571880074,691.0322109611006,410.22315833874745,619.2392479418486,1.4474557776341855e-05,-0.3032559703722671,96,69,96.0215637914707
9197,861.8460224975114,158566.2733792213,74971.3873247579,76064.99274764734,1783.8285278532421,704.5371473807754,419.0583831721451,618.8669361783541,3.929682815328094e-05,-0.3246691274670216,96,69,96.02112197761244
9198,861.8633734211049,158550.99617796525,74975.06578148437,76063.93489937668,1831.5256255870918,720.9388578729995,430.5404442859581,636.5937257669866,-7.788361142963349e-05,-0.3314152388499696,96,69,96.02068400954448
9199,861.8665509050741,158571.01155261227,74969.54076972867,76060.30926199497,1862.9098262416082,731.9468934710021,439.70007259899285,638.4647050054919,8.638221729692045e-05,-0.3506164991446855,96,69,96.02024992409372
9200,861.882935507654,158572.1025863732,74961.30236580136,76075.30704190671,1902.1943190070451,743.1756372254749,448.445905599423,657.2874072604463,-6.151280470745839e-05,-0.3562112678609679,96,69,96.01981975748537
9201,861.8859889648285,158585.87813102925,74949.53158352744,76090.14185850961,1918.9573946542223,747.6283040561975,453.0246090358414,661.085977988143,1.2885045202971814e-05,-0.3322631072155223,96,69,96.019393545342
9202,861.9033496210241,158590.57921450853,74980.79318692679,76050.81731136185,1937.1314056992996,751.0552281010459,456.1370199342782,681.577455681545,4.071510449504196e-05,-0.3296358534667293,96,69,96.01897132268336
9203,861.9064530283129,158538.1180874298,74960.42917217215,76081.33515502597,1925.6156031450373,746.323483138578,454.62324212805834,683.6004282633949,-7.858282476963731e-05,-0.3237146361954346,96,69,96.01855312392584
9204,861.9228344785988,158580.67970183646,74960.75479768,76087.39020102638,1909.3095665443107,738.9295532127289,451.28048219293123,697.7531751932111,8.609234974302526e-05,-0.3035715825377141,96,69,96.01813898288228
9205,861.9259610256194,158592.0548561704,74954.1111076056,76093.66578017536,1862.467142481939,722.5713085648022,443.24452213948825,691.747760296741,-6.034592150242e-05,-0.2928811216915475,96,69,96.01772893276114
9206,861.9433207736968,158614.8426672908,74991.39057420421,76064.0414419014,1812.5324033962097,702.8063100321306,432.9208710802195,696.6229047676316,1.1291969487301776e-05,-0.2998884849828608,96,69,96.0173230061668
9207,861.9463494884474,158617.09969932618,74972.01928566735,76072.47231950474,1735.7330651053926,673.8706951051863,417.3240831590665,679.6653681887256,4.211896673310401e-05,-0.3039814969785944,96,69,96.01692123509874
9208,861.9627393677874,158646.00369379902,74957.10908959951,76060.45908852706,1661.3737659354229,642.0710878586106,398.97530788896256,673.5831521729706,-7.925521591188895e-05,-0.2838665484917868,96,69,96.01652365095175
9209,861.9659378645306,158646.94382603388,74954.11149673272,76055.34530886266,1569.4862183211371,603.4925155255041,375.97613402217394,650.1037809945992,8.5773613979887e-05,-0.2780118823222145,96,69,96.01613028451548
9210,861.9832860822268,158727.58053924373,74988.66133552005,76065.81391313532,1488.3560173225706,565.0870679567015,351.7051002980734,642.0316873274278,-5.915927543005468e-05,-0.2728832849146843,96,69,96.0157411659744
9211,861.9862411807234,158733.4031471359,74933.44554842146,76029.18082158174,1396.2101123853936,523.5744937669224,325.35288290696917,619.2871268555173,9.695869234060414e-06,-0.2599889911625754,96,69,96.01535632490774
9212,862.0026508872318,158773.30318453134,74976.05997034856,76059.39324587998,1319.5103885697317,485.8273846623051,300.766885345889,613.6605296804628,4.35079485067584e-05,-0.2659265619222396,96,69,96.01497579028936
9213,862.0059185481014,158779.27776007893,74970.4964481314,76101.12506895608,1237.1054489885573,448.8133439231169,277.2968495815876,595.8959138835198,-7.99005713206714e-05,-0.2524833356262703,96,69,96.01459959048762
9214,862.0232448908462,158768.8780698887,74976.77184718549,76063.52306171553,1172.1740018251585,418.0035897081689,257.5756072009681,594.4016714179888,8.542613160975007e-05,-0.2345947733301433,96,69,96.01422775326547
9215,862.0261291015178,158805.35036705105,74949.6854257861,76098.885752972,1101.3024929595413,389.25251241610385,239.6562954209512,576.7641841664736,-5.795327640030345e-05,-0.2341047109724899,96,69,96.01386030578084
9216,862.042569603926,158847.11030515848,74943.85781722066,76070.19315836293,1046.4002454494475,366.6750338256825,224.85449975021766,571.0046676960483,8.097283928555943e-06,-0.2277700558096486,96,69,96.01349727458614
9217,862.045902052088,158883.6784764994,74976.47893993602,76058.1007403792,985.8328915502061,345.9513875906414,211.06092671130318,547.6507234731107,4.48815887843549e-05,-0.2092362762876763,96,69,96.01313868562868
9218,862.0631966924295,158908.89407238035,74985.79428043553,76070.0143798992,939.7344418817665,330.220153235452,199.67281871137675,534.2952833952149,-8.051868677881913e-05,-0.1935645932920785,96,69,96.0127845642511
9219,862.0660143346713,158903.92409329145,74977.95461929473,76083.93038023854,886.3009552347357,315.2172700878582,189.55914092660532,501.964531410631,8.505003415763293e-05,-0.1961362675995794,96,69,96.01243493519104
9220,862.0824959159115,158969.2876063136,74949.79877149794,76057.34347945098,845.9381719949888,303.82827466525487,182.67508544476004,480.54033545893617,-5.672834023010062e-05,-0.1717895329337136,96,69,96.0120898225819
9221,862.0858872985441,159029.24976157886,74971.86786671137,76083.52114572831,799.3444190828013,292.35613534667937,178.14737731043715,444.92617628982407,6.496753648343368e-06,-0.1560230857632787,96,69,96.01174924995289
9222,862.1031411225665,159032.03075850144,74951.45951740193,76093.90044608616,765.1025923857233,282.94076740843593,176.6580646771181,423.79772914829664,4.62394327050529e-05,-0.1493486227414652,96,69,96.01141324022936
9223,862.1058980491323,159104.00083101654,74984.54920389132,76081.96233046583,723.4527661153115,272.0162058737769,175.91849522385746,390.96423378711916,-8.110936744338206e-05,-0.1260088761454712,96,69,96.01108181573308
9224,862.1224300146307,159109.0134902326,74987.93324639469,76086.83933334477,692.184338659863,261.4745998574217,175.0021214951703,374.52696244599065,8.464546201621335e-05,-0.1185770987268606,96,69,96.01075499818305
9225,862.1258732174183,159158.01162605797,74930.47531098641,76092.93986118374,652.9476914492552,248.8045194758306,171.40297324888525,348.66579755430575,-5.548488884698356e-05,-0.1542378361390921,96,69,96.0104328086956
9226,862.1430779191512,159173.2783725399,75028.0667575275,76076.09978868057,621.5399817626458,236.19912816198485,164.74285638253787,337.3111323505873,4.894818791620423e-06,-0.1529527366371699,96,69,96.01011526778495
9227,862.1457815368184,159205.43775085788,74955.93827228309,76105.63397378962,580.6478200122365,222.65599107991147,154.65645068563754,312.6139840417309,4.758102942862147e-05,-0.1469534698763548,96,69,96.00980239536356
9228,862.162371794478,159217.70428224525,75016.47833938498,76083.61817387758,547.2329057021416,210.8460069529101,142.7975934916758,298.56115738188964,-8.167242746205741e-05,-0.1603912247696124,96,69,96.00949421074318
9229,862.1658588873081,159257.405999678,75002.60274200844,76061.66143760784,507.10376705561066,200.4290272883518,130.71314417704707,269.8159552249417,8.421256586158784e-05,-0.1351642847421706,96,69,96.009190732635
9230,862.1830067688081,159292.01394011723,74951.6446096655,76107.85538737878,475.7933909710846,192.50172900067992,120.17588412383338,249.47253385398653,-5.422335073192133e-05,-0.1357828924064449,96,69,96.00889197915048
9231,862.1856664050866,159358.4969034317,74994.81229050961,76080.06598166052,439.07114641123917,185.22339499434747,111.94614391645882,214.00659582193475,3.292019931749372e-06,-0.1302383015222148,96,69,96.00859796780225
9232,862.2023205415803,159347.10030373483,74961.92234539779,76067.53897568455,410.0970966377063,176.71652324456954,105.38509201799752,188.8837778052548,4.890593539054325e-05,-0.1100024370378275,96,69,96.00830871550416
9233,862.2058440087347,159424.48518096394,74995.28492266087,76098.00133272844,373.1024219574756,163.66353442320542,98.99730386876035,153.33155432797503,-8.22076905686851e-05,-0.1049858756420533,96,69,96.00802423857311
9234,862.2229266458452,159463.4390557239,74975.18634632189,76092.53746683103,336.023030540382,143.20138409330684,89.99035158703919,130.31925077477354,8.375150516079269e-05,-0.1014352118612838,96,69,96.00774455272855
9235,862.2255555557274,159492.69007532118,74992.95587980235,76103.17131926997,282.52558471483644,114.62361113798397,76.7733629210561,98.43873845165945,-5.2944159816243e-05,-0.0749221021179907,96,69,96.0074696730946
9236,862.2422733510471,159520.96802637723,74955.15768473374,76092.77529750977,222.1666005301522,79.03131352635683,57.923069440876134,79.86018777178833,1.6888977238824096e-06,0.0761314653628476,96,69,96.0071996141997
9237,862.2458315450926,159523.2916479734,75005.07287386378,76099.76149185249,147.01364297390683,42.5718137184449,35.84293898777105,53.60399532469455,5.021371205009509e-05,0.3411680266209945,96,69,96.0069343899788
9238,862.262831225707,159586.4345617469,74962.55265145509,76095.56008987538,76.17647731566103,12.348542107225512,13.959918980428483,38.98797574942,-8.271498999040929e-05,0.2403091660769353,96,69,96.00667401377336
9239,862.2654619155335,159583.5508777375,75015.18969027809,76093.23239251917,16.932212596875615,-0.0,-0.0,16.46507290491718,8.326244922882805e-05,-0.3306797103060371,96,69,96.00641849833264
9240,862.2822058992178,159608.87142930456,74971.59739403415,76091.85106324886,-0.0,13.318024246851564,0.23165815163520165,7.325151880795602,-5.164775609364806e-05,-0.2936626074984572,96,69,96.00616785581464
9241,862.285883936346,159612.79757829936,74996.22663024339,76059.07957503508,39.762165432737675,61.48344269953668,22.580719664198114,-4.652129083755426,8.599294413064013e-08,-0.0205141441065628,96,69,96.00592209778756
9242,862.3020208633527,159667.27348802742,74958.54122154196,76104.49602731828,160.1262363481219,144.6995903793868,69.2713527365704,-0.0,5.150392678484334e-05,-0.0982428616510013,96,69,96.00568123523055
9243,862.3051772732756,159644.7100665396,74967.59968902072,76102.20693977289,361.4666550279362,262.3861233007483,141.14770491005038,7.424848939408548,-8.31941684978859e-05,-0.0606595392976821,96,69,96.0054452785347
9244,862.3222910809789,159615.69332932937,74989.40657343199,76079.15891546973,642.6510243558441,402.99891791303526,231.11572234149207,35.487226662400644,8.274557674160573e-05,-0.0680482260419528,96,69,96.0052142375045
9245,862.3257356921599,159577.38848471956,74989.90807140851,76089.6451849943,978.2492499885266,557.3025228128972,332.03148887649877,67.3573498899932,-5.033458486560471e-05,-0.0773809626209951,96,69,96.00498812135922
9246,862.3419565502729,159558.9411106888,74977.32498760958,76101.68053266304,1343.4515703473007,707.5743786068924,430.97295125600067,116.41184074777993,-1.5161544707850066e-06,-0.072025890049863,96,69,96.00476693873364
9247,862.3451020411337,159487.41053885303,74981.82802456332,76085.25953679188,1701.4579982900177,844.0077918955649,519.429033160035,165.21043967959122,5.277615368865122e-05,-0.0627904448663784,96,69,96.00455069767992
9248,862.362299933802,159452.0498266002,74979.20397065174,76069.2437874094,2025.3184237716487,952.1692213161004,587.0495290095569,224.6658520582714,-8.36450785748115e-05,-0.0495322353084789,96,69,96.00433940566862
9249,862.3656205979713,159363.06250050542,74980.99492862243,76069.61736084889,2288.9466517932015,1030.5228369191027,632.018834463146,276.7589705073915,8.220107546768062e-05,-0.0675508681862333,96,69,96.00413306958956
9250,862.3818704771438,159352.10287915502,74991.76272608613,76075.02544696338,2481.3407387578627,1073.3286903796106,651.782657032687,331.88408190989867,-4.900509695306688e-05,-0.0806222696368771,96,69,96.0039316957546
9251,862.3850512617992,159330.4508211428,74964.13985703638,76058.62672297489,2597.360262528411,1087.8702378085145,652.2192017228226,375.3324033636309,-3.1170050663548364e-06,-0.059442047433248,96,69,96.00373528989768
9252,862.40229117297,159304.92683838937,74935.33072315503,76072.02165446081,2643.1752088826033,1074.5213276137947,636.1350161973969,417.96386138288653,5.402997260206148e-05,-0.0517050967132251,96,69,96.00354385717698
9253,862.4055094655573,159243.0958006606,74998.56700633404,76090.83252404645,2628.7837487265933,1045.2009019898833,612.4364299169101,446.2211692937126,-8.406758174257671e-05,-0.0437390131051496,96,69,96.0033574021764
9254,862.4217812297592,159219.25942744082,74934.89248158502,76075.6172907186,2568.4350838799146,1000.9677235017443,583.4175194877316,471.0496996025031,8.162914247737965e-05,-0.0374371799168622,96,69,96.0031759289068
9255,862.4250127781249,159214.57830664824,74984.00057380128,76097.62456368621,2477.1762454406708,952.8066032426723,555.5438103226188,481.95137932893704,-4.765974836919197e-05,-0.0240411491226446,96,69,96.00299944080793
9256,862.442271825642,159195.97292461462,74983.43111204202,76058.48994533585,2368.2350256101927,899.3454619293625,527.6771506709047,490.40859294644906,-4.716019442222155e-06,-0.0101493069359125,96,69,96.00282794075008
9257,862.4453973154216,159219.21188134886,74953.80932611781,76044.36213493813,2254.56600678619,850.0764432069845,503.7341396276024,487.7122686818184,5.526496979252343e-05,-0.0001921701159574,96,69,96.00266143103508
9258,862.4616939574772,159248.22970934137,74990.06902503094,76071.1870964529,2143.366594733845,801.0357378568297,480.35716606804635,485.96558780409396,-8.446154971618985e-05,0.0078450301543655,96,69,96.00249991339902
9259,862.4649824548462,159250.4898155203,74963.4049337235,76068.14000598682,2041.8686124066007,759.6182107008935,460.35602264813497,478.67208280277555,8.102998400904333e-05,0.0276222181612276,96,69,96.00234338901296
9260,862.4822437066399,159249.48748962194,74982.14514921038,76090.10451301445,1949.5330500782002,719.7415625473805,439.9495342411392,476.3129488567938,-4.629900061125276e-05,0.0346700390652151,96,69,96.00219185848566
9261,862.4852829501614,159242.28671480596,74970.34368756626,76089.75222099741,1868.1634581474354,687.9517444376252,422.3731075095129,470.9816287418944,-6.312659835831309e-06,0.0422719030330137,96,69,96.00204532186422
9262,862.5016110758226,159278.25657793065,74991.89498277225,76072.73882535308,1791.5520776442136,656.5002467482409,403.75376447851886,470.44854374960414,5.648073838513917e-05,0.0458266103583129,96,69,96.00190377863724
9263,862.5049579523044,159250.2784976487,74987.24816523684,76095.06170639773,1719.6335715756286,631.1748825227987,387.32879490047344,466.4430517052824,-8.482686371217645e-05,0.0387041225692672,96,69,96.00176722773544
9264,862.522207335483,159269.4081606408,75006.17439748283,76053.14345676918,1646.2009599580197,604.3567489180714,369.4047549359675,464.80230649810983,8.040381552708283e-05,0.0245248046147228,96,69,96.00163566753444
9265,862.5251663725929,159282.82129453175,74961.47707644149,76056.85167727422,1575.4418143288349,583.5459341009846,353.9976669572061,457.83997976238606,-4.4923319771404726e-05,0.0091567512735958,96,69,96.00150909585636
9266,862.5415340009766,159241.62939359617,74959.90568805419,76080.48450408064,1505.1103306734003,561.9712927623477,337.8050905660202,452.18463329735096,-7.906389221053028e-06,-0.0201232670387481,96,69,96.00138750997174
9267,862.5449375125311,159318.5055132531,74973.2122474017,76050.49543774004,1444.1781667457544,548.0935266419401,325.41720026847906,443.16426551993936,5.767687806247648e-05,-0.0606208378634029,96,69,96.00127090660168
9268,862.5621628459115,159320.49081976194,74946.5690214994,76066.0761571139,1392.7786762209726,535.9292954729317,314.26008524012286,437.8992942283512,-8.516341457391327e-05,-0.0962126949940172,96,69,96.00115928191958
9269,862.5650481004526,159320.7216388163,74981.76165952897,76067.43189800163,1361.1012803841732,534.6585366975341,309.6906967393006,432.64719137354405,7.975086111019452e-05,-0.1035277718799372,96,69,96.00105263155376
9270,862.5814636373882,159314.4769853181,74987.76193868506,76069.33646223311,1346.3986981685157,536.9991286509903,308.80876011707005,433.4641933632374,-4.35331767794603e-05,-0.0995971299887552,96,69,96.00095095058892
9271,862.5849195980209,159314.91475672225,74973.52650486879,76066.33824124998,1355.0927883190452,550.3129471230495,315.98121149261715,436.13701476561255,-9.496671707070684e-06,-0.1001648659207394,96,69,96.00085423356882
9272,862.6021102973443,159302.12592371338,74955.57501480429,76051.47292009178,1379.6267962761922,565.6334290426894,326.87601165339584,444.0072477507929,5.8852995029927775e-05,-0.0996875349925453,96,69,96.00076247449807
9273,862.60492890448,159292.67595273218,74959.21760616587,76080.18595762554,1422.80236030597,589.1414527891029,344.1579304797342,451.89259936090093,-8.547110302603082e-05,-0.0965524378619297,96,69,96.00067566684454
9274,862.6214005589857,159274.66545302508,74986.44071514744,76031.05419368876,1472.6519925626344,610.0093128745066,361.3367613678565,462.12898249877617,7.907135407895626e-05,-0.0843566360049588,96,69,96.00059380354143
9275,862.624902761752,159298.51359282783,74989.37092356481,76067.74063176497,1529.2679545285646,633.4228005905461,379.6680542664835,470.64317811539513,-4.212904752654238e-05,-0.080147873899758,96,69,96.00051687698988
9276,862.6420498100587,159259.73434755887,74955.4305049592,76060.96163201446,1579.1973308489542,648.9720961022103,392.71394024131587,479.71663005827577,-1.108297310575446e-05,-0.0848171654645279,96,69,96.00044487906086
9277,862.6448096763177,159279.98896256648,74959.34644948611,76080.79292674793,1623.1175415670732,663.1098082180833,402.94474439905025,486.5679346777615,6.000870301249349e-05,-0.0735758546939314,96,69,96.00037780109751
9278,862.6613450937255,159283.1661133404,74984.45216131251,76106.45320492987,1648.3965093219886,666.1004765322723,405.3760263567965,493.5413806166616,-8.57498395969725e-05,-0.0685123751728196,96,69,96.00031563391806
9279,862.6648855956735,159261.70341412767,74963.57385131637,76076.60638561388,1658.6484871833236,665.4231797312095,404.14373481299845,498.5055754806672,7.836553663174865e-05,-0.0724623909894585,96,69,96.00025836781732
9280,862.6819816366345,159245.98055078415,74966.6977607624,76032.84815915844,1645.6133303272654,653.0768295590824,395.9697560486384,502.70518763462314,-4.071141181067645e-05,-0.0639981928980885,96,69,96.0002059925701
9281,862.6846913418447,159258.60560626307,74955.96325501561,76061.5482765457,1617.825351196865,638.0149572433438,385.9564017356897,504.15053990195156,-1.266476059699588e-05,-0.0737004401519197,96,69,96.00015849743292
9282,862.7012973768669,159246.80551690928,74921.51458959366,76078.86462360687,1570.1090255559538,612.6243891708873,370.7435751556186,503.7208432747575,6.114362233920967e-05,-0.0830437398948407,96,69,96.00011587114685
9283,862.7048667059197,159252.87134565483,74966.468288382,76043.84189517422,1513.1587514021667,586.3116226621496,355.0855122055509,500.48112756444607,-8.599954456127215e-05,-0.0700207614988342,96,69,96.00007810193978
9284,862.7219062105352,159271.93305488006,74963.15212020473,76035.02116705757,1443.0248796199448,552.6388894479023,335.75444316645735,495.50209618886583,7.763365954685404e-05,-0.0713236542188893,96,69,96.00004517752932
9285,862.724574786849,159263.3028043378,74918.1873645061,76073.00114305662,1370.3935571369948,521.6173910870712,317.6569647481083,489.05397294129943,-3.9280754451953503e-05,-0.081885541986055,96,69,96.000017085125
9286,862.7412574016065,159307.3418513955,74943.82756624905,76031.80725154938,1289.9307614609133,486.2967651362851,297.5471481301065,482.11469816669705,-1.4241503263949292e-05,-0.1011417877765041,96,69,95.99999381143144
9287,862.7448446889216,159266.07610797038,74945.27641670879,76028.75338485577,1211.2920246798894,455.92604679944634,280.2935391376086,475.0592793423275,6.225738077985036e-05,-0.1009729130799789,96,69,95.99997534265007
9288,862.761824195131,159307.31004681584,74952.63272622546,76055.53798872697,1129.1008497065632,423.3157522315596,262.73318510878016,467.4898714242154,-8.622014795260382e-05,-0.0988404822564819,96,69,95.99996166448294
9289,862.764460772995,159317.86395577685,74957.66253834689,76053.87979958278,1052.6122584584518,396.72946228433284,249.03222962317523,459.1178463230899,7.687598208503807e-05,-0.0988517929781093,96,69,95.99995276213436
9290,862.7812250902005,159301.33748066766,74944.37792035588,76030.92009699618,975.4753866708488,367.6036251535552,234.78787418242428,448.31001997360727,-3.783756390305289e-05,-0.1046297861812825,96,69,95.99994862031429
9291,862.7848180828935,159303.80217474894,74941.88730828997,76033.55749944359,906.12151276652,343.45869076302915,223.03729312936775,434.9112194929912,-1.58126720732558e-05,-0.1085879950107192,96,69,95.9999492232411
9292,862.801736561356,159341.34970056047,74914.69670212085,76018.97408178476,838.2698590763612,316.43507394414337,209.14892438871902,417.44789544382365,6.334961318543637e-05,-0.1017735791787335,96,69,95.9999545546439
9293,862.8043498118282,159386.62824572518,74957.49934494562,76052.3516841907,779.5300285995472,294.3041334424488,196.1140643513063,397.2304212145391,-8.641158948932126e-05,-0.1057341659057433,96,69,95.99996459776588
9294,862.8212004251754,159386.3730972415,74887.6420412061,76044.87696177533,722.5352263184614,269.23810190219956,179.7481236923777,373.65844092328916,7.609277263384265e-05,-0.0935892543487082,96,69,95.9999793353666
9295,862.824785244623,159403.0197563409,74947.30970513621,76027.4109712533,673.8745607402525,249.1340146381699,163.95874947853736,349.3255734363629,-3.638233281787867e-05,-0.1005303834107381,96,69,95.99999874972544
9296,862.8416447572303,159440.67136975686,74895.71616073766,76049.19457241279,626.3605996981496,227.08868203333986,146.06172998418333,323.83299543417525,-1.7377740514846054e-05,-0.1117178355877418,96,69,96.00002282264433
9297,862.8442419152801,159464.1399379334,74919.5223030657,76020.54336982065,585.8146146178478,210.77756907386356,130.65413402643753,299.92766692413716,6.441996220150206e-05,-0.1185629810622079,96,69,96.00005153545024
9298,862.8611837492036,159494.490228509,74931.74426169424,76028.7665964802,544.6639424838941,192.88491405543755,115.19077668437967,276.22802326339297,-8.657381944177157e-05,-0.1310813440415041,96,69,96.00008486899868
9299,862.8647440043094,159482.26773538755,74917.5771317607,76004.97382648586,508.37462535884697,180.70985844751704,103.81739922135603,254.8655893455143,7.528430745412776e-05,-0.1216870573273515,96,69,96.00012280367665
9300,862.8815511709329,159515.86574191638,74959.65817471835,76036.17780844582,470.3269716393552,167.37354298749415,93.56074085499858,233.44973429501988,-3.491555751146186e-05,-0.141370158300733,96,69,96.00016531940535
9301,862.8841359415645,159556.6179504006,74944.2001920775,76032.84868071054,435.55376015004003,159.21077350276755,87.30862683971645,213.6184568395256,-1.8936183543601117e-05,-0.1469795950818445,96,69,96.00021239564342
9302,862.9011766353765,159568.31829630208,74916.24241471222,76035.96721008957,397.4340010265005,148.24717118284025,80.97082723848871,192.17308137036161,6.546807750552335e-05,-0.1288952727425844,96,69,96.00026401138976
9303,862.904690510813,159594.03714762928,74933.2845818019,76035.25611548637,360.2619184041396,139.59934622807486,76.4844165154791,170.77069824072532,-8.670679705693763e-05,-0.1375213233562643,96,69,96.00032014518732
9304,862.9214607677895,159614.6762286555,74915.69821210833,76025.30072907334,317.55038349342067,125.21736766690447,69.60787885426544,146.33348326009582,7.445087160514683e-05,-0.138939594406148,96,69,96.0003807751253
9305,862.9240271770174,159608.71081675656,74944.84280365142,75999.88390982147,272.0213475174387,109.59240674429748,61.91195159929339,121.26695464385557,-3.343773802494974e-05,-0.1567039126837585,96,69,96.00044587884274
9306,862.9411855072867,159657.33151426614,74940.1536407609,76062.655521374,217.42638254747726,85.69728761485021,49.69196344050579,93.30241138278507,-2.048747947332737e-05,-0.1138143112723124,96,69,96.00051543353196
9307,862.9446136106052,159696.6267388108,74934.18998336799,76057.23393049036,158.1891276385868,60.514609320656746,35.87969250109745,66.4808048560808,6.649361685128854e-05,0.1271596630855233,96,69,96.00058941594126
9308,862.9613904049172,159724.628088983,74920.12701080572,76071.64872291738,94.36758242489304,31.854309161004494,19.642256544844713,40.08755073312204,-8.681049224926037e-05,0.3306365589162325,96,69,96.00066780237842
9309,862.9638906171192,159722.77219485334,74955.12244477327,76019.38575305518,38.08783052209765,10.948120501590893,6.862112922652159,19.455849581048824,7.359275841533875e-05,-0.0691595369921196,96,69,96.00075056871388
9310,862.9812553149031,159747.58193388477,74917.78692804696,76036.37777215068,-0.0,-0.0,-0.0,4.293735920218751,-3.194937809438101e-05,-0.4954279219326126,96,69,96.00083769038422
9311,862.9844104188131,159726.22929170006,74908.3313391183,75998.76192771073,0.31953039061045274,12.50416773337929,6.941416199464584,-0.0,-2.203110878445209e-05,-0.1995032650613322,96,69,96.00092914239494
9312,863.0017850129175,159763.5304510342,74948.52512081787,76000.82414428744,54.25983360200189,50.40231650264468,30.30549046152737,5.373558224411681,6.749624596799983e-05,-0.1087289310578397,96,69,96.0010248993244
9313,863.0043050954985,159735.334078046,74916.07353669498,76032.28284425505,177.14380262041232,121.93562516577367,74.71106990164844,24.209944494941738,-8.68848842114115e-05,-0.1662693675326252,96,69,96.00112493532656
9314,863.0210582002353,159717.44208004352,74917.83898750885,76034.9140097806,372.539903954952,221.23175972426543,137.4337754205044,53.12731765440549,7.271026900128564e-05,-0.1068905557876577,96,69,96.00122922413514
9315,863.024471023437,159606.49428001384,74902.70760236778,76012.67962953213,635.9085949606961,345.89743419706065,215.90550474857446,93.68308296080795,-3.0450984456636515e-05,-0.1233760338566086,96,69,96.00133773906607
9316,863.0416609856387,159612.40360343628,74920.91919031688,76031.58190303417,950.0600423947908,481.41481887233385,301.4043392651074,140.82159535872051,-2.3566554937725612e-05,-0.0914493030544591,96,69,96.00145045302168
9317,863.0442239027024,159545.8886583246,74919.86617922559,76040.6113537166,1290.448400963156,618.6642981153855,387.01745415467303,195.07811995819793,6.847563765609052e-05,-0.0908631706678493,96,69,96.00156733849369
9318,863.0609888108127,159503.95360266388,74911.21059216082,76029.25932826895,1628.2779065531213,741.5220568486257,463.22617317485856,250.71275014142157,-8.692996234782761e-05,-0.1020221002889887,96,69,96.001688367567
9319,863.06447083472,159436.35267685796,74912.57350410991,76034.78981656251,1935.7419985192246,843.4609259509743,525.1823232079623,308.3092583885591,7.180371300983632e-05,-0.0790271325305286,96,69,96.00181351192296
9320,863.0815649155146,159371.19036791904,74938.5109254361,76020.31165308262,2191.9421315944637,915.8497691545635,568.3158766150882,362.6092257993296,-2.894306718311321e-05,-0.0813209790966267,96,69,96.00194274284269
9321,863.084121750663,159345.1771868322,74923.4942536869,76032.4927384036,2382.9080760361976,960.4696664513322,593.149340723874,414.9637583553849,-2.5093304750954183e-05,-0.0672745343646051,96,69,96.00207603121112
9322,863.1009438367913,159275.97501048888,74929.04423669956,76048.9270634746,2506.310919084586,977.0856400957127,600.3558609673346,460.644683058752,6.943147368244196e-05,-0.0591536317032442,96,69,96.0022133475203
9323,863.1044538670717,159233.72314740668,74928.08775857702,76008.24784213013,2564.6700169491814,973.208510103912,594.0431472675409,502.0768801543745,-8.69457259761596e-05,-0.0614559294686474,96,69,96.00235466187284
9324,863.1214729294885,159176.06907987173,74913.03208617943,76033.38714540104,2569.384808891802,952.3674344474857,577.2908560196811,535.8099058571679,7.087340763681445e-05,-0.041311272301694,96,69,96.0024999439854
9325,863.1240142031162,159181.23182265394,74938.77904449374,76021.65344292318,2530.41185206268,922.2564836867969,554.684225992969,565.6735284044407,-2.742613910590183e-05,-0.0264903963300909,96,69,96.002649163193
9326,863.1409136391329,159167.03071583083,74924.78452406965,76043.29416928066,2463.120058046654,885.2413910563773,528.9808174278587,588.8501725227397,-2.6610847498513223e-05,-0.0148055848868638,96,69,96.00280228845187
9327,863.1444248650948,159114.41766905735,74925.5260791392,76020.21289920484,2376.6309129211586,846.6539014577138,503.4555965321488,609.7185542706284,7.036344316933931e-05,-0.009722819991811,96,69,96.00295928834343
9328,863.1613821631234,159097.5182067599,74918.28581099276,76021.66656127381,2284.0896218144335,807.4239225697092,479.5666043833189,625.29478768853,-8.693218405729149e-05,0.0043950850962914,96,69,96.00312013107822
9329,863.163904018128,159122.37602794272,74887.31187355699,76047.93662320981,2190.230079603498,771.1963990306394,458.7649505448062,639.3875391394831,6.991967832925664e-05,0.0272064618313758,96,69,96.00328478449902
9330,863.1808971248668,159082.24036970222,74917.5459055167,76039.66800472832,2104.3235030504293,738.0040265945427,441.00385304295924,647.6563498550968,-2.5900715989535048e-05,0.0350619495207015,96,69,96.00345321608484
9331,863.1843820093295,159065.45593894908,74931.66424946496,76046.46465953073,2025.551317404199,710.0697989148757,426.15484757712693,653.3929683373135,-2.8118676266334657e-05,0.0514070631848046,96,69,96.00362539295526
9332,863.2012956823818,159068.5615865857,74913.56391798002,76062.33338078251,1958.1596892374218,686.2552813359944,413.2901211597491,652.2280685280857,7.12712439477054e-05,0.0453403591024238,96,69,96.00380128187304
9333,863.2037880843674,159084.29066293596,74948.39504460136,76063.04877485971,1896.1901062825928,666.7300004590506,401.63420264964225,648.3553915276134,-8.688935571478223e-05,0.0366678047330826,96,69,96.0039808492489
9334,863.220899620945,159073.74211800084,74919.08756828839,76016.02390196979,1841.2868736544042,648.9659146200138,390.470159508026,638.2430680117104,6.894285784441369e-05,0.0468327754135354,96,69,96.00416406114456
9335,863.2243151735469,159114.184535032,74921.2292769888,76048.5825038767,1785.7810330426437,632.1634416874294,379.4295363210258,627.8453431156522,-2.4367316181977904e-05,0.0335997575684468,96,69,96.00435088327724
9336,863.2412287765965,159105.43718618667,74899.86658801501,76015.14666295634,1732.4038068486843,614.4894192167849,368.67291796731297,614.8035142500012,-2.961628782429841e-05,-0.006736684120398,96,69,96.00454128102297
9337,863.2436437933447,159112.70424343427,74909.01032582347,76045.34916554535,1676.0629438545438,596.4715731843462,358.4589502432791,605.6862939355196,7.215458181435417e-05,-0.0319250092429903,96,69,96.00473521942064
9338,863.2609616637253,159135.35846052947,74945.57744308496,76046.63107157212,1624.193662248901,578.6565767576831,349.67365557388985,597.0713464974251,-8.68172696733734e-05,-0.0471158350665394,96,69,96.00493266317606
9339,863.2641350038222,159121.65246872895,74938.51357157687,76039.66249415105,1575.1772135159117,563.497744127817,342.81831532364595,594.6729412826244,6.794328706211623e-05,-0.071767065150466,96,69,96.00513357666524
9340,863.2815069952134,159119.6898607025,74909.04002223116,76057.24485292984,1539.3945154030225,552.9486523005617,338.958186984004,593.33332829969,-2.282646047196999e-05,-0.0669099787587944,96,69,96.00533792393908
9341,863.2841578808583,159136.37041779124,74909.25150225306,76027.05650812009,1515.7251301030628,549.1468587884592,338.2850713439402,597.5470251540828,-3.1103182194682007e-05,-0.0691080761880251,96,69,96.005545668727
9342,863.3007690996885,159109.38398494333,74904.60410664139,76044.94431828817,1513.1044319713255,552.7560032133479,341.4599253456108,600.8814683741657,7.301317099435834e-05,-0.0824586353904373,96,69,96.00575677444009
9343,863.3041845616582,159079.16428744167,74900.26517704486,76026.1003528403,1526.2905904636136,563.3918149804522,347.8208895357093,607.6717560864345,-8.67159645779164e-05,-0.0702652785225292,96,69,96.0059712041765
9344,863.3214026396024,159086.25160756824,74924.36640125261,76041.20671401234,1558.2442150853458,579.221869323359,357.09812304453226,612.0308650297229,6.692131394706945e-05,-0.0660011400590672,96,69,96.00618892072433
9345,863.3240671510772,159116.77369779194,74912.6960152203,76034.55431215689,1597.1936858274275,597.4822123211052,367.5407895639073,619.7312754757877,-2.1278671899193776e-05,-0.0623769532634242,96,69,96.00640988656602
9346,863.3406957254135,159079.38927517927,74930.21567664189,76043.43484051593,1641.9114041923895,615.1375484817836,378.2214961037971,625.017145291029,-3.257886349637966e-05,-0.048029913997434,96,69,96.006634063882
9347,863.3441822751141,159053.56991319568,74925.60321661171,76027.6915381868,1678.6538010618533,629.176601081097,387.00319419195876,633.833175228443,7.384673435259136e-05,-0.0500156821595908,96,69,96.00686141455552
9348,863.3613203811141,159090.58235640707,74918.86238011158,76013.98447318318,1706.8631078954204,637.5869182391762,393.0959824989259,639.7770380078582,-8.658548924866033e-05,-0.052170343179435,96,69,96.0070919001757
9349,863.3639581405658,159066.62708674523,74920.2186982532,76046.1529291759,1715.7722932618926,638.9250145333936,394.804597000184,648.2401303581137,6.587729400742587e-05,-0.0365141590021125,96,69,96.007325482042
9350,863.3806439709691,159035.93196801472,74920.04633477228,76025.25705494033,1709.9544572175946,633.1828070067422,392.25847797250026,651.0411570760771,-1.97244755493634e-05,-0.0413462252040466,96,69,96.0075621211686
9351,863.3841673149552,159028.20787808517,74903.56453947618,76038.1584293223,1683.4617527875234,620.5709862315271,384.75672648489126,653.2661355056334,-3.404283981012573e-05,-0.0644347325367173,96,69,96.0078017782878
9352,863.4012394129714,159040.3747312868,74910.3528855902,76049.73225733938,1644.2437084633857,602.2993305671116,373.455035099847,647.2921165368462,7.465500316756897e-05,-0.0640800162735152,96,69,96.00804441385482
9353,863.4038442105095,159039.34077966868,74911.09973656276,76059.35410319429,1588.3082340498804,579.0779428576934,358.439695763489,640.2068604490778,-8.642590195474296e-05,-0.053611926553376,96,69,96.00828998805116
9354,863.4206060282578,159065.4357773389,74891.20005715438,76038.73837553863,1524.7127044160734,552.1947200249415,341.40680059604347,625.355204764317,6.481159019190545e-05,-0.0570578173619964,96,69,96.00853846078935
9355,863.4241431788458,159073.20847053145,74889.53440138153,76025.98936449924,1449.204411994724,522.0509330786008,322.457914573577,611.4974546270096,-1.816439853946763e-05,-0.0537304539507219,96,69,96.00878979171674
9356,863.4411574695004,159124.94324408748,74907.72583812478,76020.54248221447,1369.6938394732424,489.5609002923011,302.95958153909305,592.5863733498263,-3.54946237308255e-05,-0.0569484809492431,96,69,96.0090439402196
9357,863.4437276955447,159122.51011945357,74915.42109690145,76020.5468232005,1281.505071733438,454.9131219402043,282.64867763387156,577.4567736515892,7.543771779521757e-05,-0.0574099074816032,96,69,96.00930086542766
9358,863.4605813048338,159111.34192399826,74910.79949183937,76025.8047161422,1193.3493413802353,419.1443645039981,262.8357031013875,557.940331935708,-8.623727048694116e-05,-0.0516053410734904,96,69,96.00956052621753
9359,863.4641078471002,159099.78235071112,74885.19271369645,76028.03218032901,1101.7161653056392,382.91303582512774,243.44007288338616,542.0356294967933,6.372457217130406e-05,-0.062884016865186,96,69,96.0098228812178
9360,863.4810772510821,159144.73197709135,74897.47420236786,76038.73603540387,1015.950101526978,347.87002220677095,226.0002949795744,521.1265041789447,-1.6598969377579776e-05,-0.0845707233338571,96,69,96.01008788881236
9361,863.4836061057547,159157.44776150346,74899.54321136975,75996.41946354666,933.1767295505852,315.31705038639484,210.5058833232033,504.006275481137,-3.693373166749348e-05,-0.068324546964007,96,69,96.01035550714532
9362,863.500574407995,159196.3402090711,74927.24936614963,76025.42435247728,862.5253855212359,287.0553742876509,198.12502527539618,481.6751621249132,7.619462666423077e-05,-0.0596112276726586,96,69,96.0106256941247
9363,863.5040525795386,159217.9031361532,74903.35959040653,76020.57917170087,799.380795510835,263.9143425314978,187.95357479227823,463.9480167716101,-8.601967309921711e-05,-0.0579072467870559,96,69,96.0108984074268
9364,863.5210112530618,159212.7211740199,74887.30681529647,75998.28797121452,749.3443119094009,246.32176138972864,179.92939863802167,441.89721192393336,6.261661677870153e-05,-0.0419194631582959,96,69,96.0111736045004
9365,863.5234616829817,159247.0859159174,74898.11188730564,76022.47332114332,704.555921846535,233.4151889902423,172.20671792310895,425.14592217758764,-1.5028718589015912e-05,-0.0400537908317753,96,69,96.0114512425713
9366,863.5406167604114,159263.32145068524,74895.47207239215,76009.31684947817,667.832390888303,223.7799937518721,164.3415668650414,402.44294795030146,-3.835968483195669e-05,-0.0495621078311995,96,69,96.01173127864602
9367,863.5439107694384,159216.4994038256,74895.24548479817,75997.31532352333,629.62477505469,215.49435579995043,154.85149953395012,383.2135374046047,7.692548740802662e-05,-0.0704351944697446,96,69,96.01201366951652
9368,863.5611704223253,159294.95314010305,74911.15138374064,76022.27408049366,592.2360929390998,206.88529628112155,144.14720772748115,355.95723048367654,-8.577319721242417e-05,-0.0700453018100542,96,69,96.0122983717644
9369,863.5640529521651,159327.1558890613,74847.28414479818,75991.94568280627,548.295971287007,197.0738863900915,131.98821991300792,331.19118426088244,6.148810787613336e-05,-0.0890555697596835,96,69,96.01258534176448
9370,863.5804533837764,159333.79460481592,74897.81788394887,76007.40197040513,503.0525298360735,185.79744643555023,119.75848782702815,298.0439528161951,-1.345417762068956e-05,-0.0783445277403672,96,69,96.01287453569044
9371,863.5839360668448,159367.03023762009,74924.20945368415,76011.19068275156,453.3454435096355,173.77702415559907,107.88204323826358,268.1292626320792,-3.977200914124552e-05,-0.0620523168920942,96,69,96.01316590951764
9372,863.6010918977667,159410.1256656243,74907.21554494288,76013.50851274449,406.57710341276834,161.30306268409186,97.57693615346216,231.49557348748203,7.763006652169699e-05,-0.0710747386604127,96,69,96.01345941902864
9373,863.6039514258243,159418.07746618695,74903.98664152366,76033.0567817516,360.36515279696323,148.8611953301588,88.56316998458351,201.33309223657125,-8.549794018861729e-05,-0.0582412067780948,96,69,96.01375501981656
9374,863.6203773154365,159455.78863218197,74888.24111341823,76033.01079449482,320.10924070648616,135.20140081830323,80.69825678499183,166.44079457424232,6.033943609720357e-05,-0.0563141110151272,96,69,96.01405266729014
9375,863.6239293413607,159458.21283812384,74914.35267568617,75987.35398792052,280.05883033928694,119.38328631331387,72.3214181221847,139.2918087002763,-1.187587962990652e-05,-0.0504454908596378,96,69,96.01435231667726
9376,863.6410231828659,159537.77670379265,74889.68699258236,76032.96760109418,240.55845776910428,99.18580011228914,62.15226921174326,107.93886082872632,-4.11702351296924e-05,-0.0387412582453337,96,69,96.01465392303028
9377,863.6438391336989,159524.87765663728,74905.9039169939,75976.53391694101,193.5558733390062,74.80078099732054,48.75759096402908,85.44297179073328,7.83081395766898e-05,-0.017586108270224,96,69,96.0149574412292
9378,863.6603158173117,159520.4704524124,74914.31195878798,76018.00331840814,140.90094994480023,46.7750028121809,32.58764986891765,58.392535271821544,-8.519400903090317e-05,0.1311980023992992,96,69,96.01526282598716
9379,863.6639175802633,159559.1902990145,74906.16245777345,76002.77790108159,82.30585888511268,20.328003152113524,15.747695885016583,40.200602505821735,5.917099838005513e-05,0.4046036888172976,96,69,96.01557003185368
9380,863.6809500446824,159601.6483988542,74897.84930116823,76015.56519165137,30.809602790744975,1.3899393724714173,2.8680812159727793,18.54223444039235,-1.0294358149657956e-05,0.2793315158200167,96,69,96.01587901322004
9381,863.6837254486632,159552.37859619403,74909.82100553568,76004.73877039335,-0.0,-0.0,-0.0,9.322557198727736,-4.2553898671246594e-05,-0.3214934938409979,96,69,96.01618972432276
9382,863.7002636650208,159571.15843213958,74906.69785707262,75982.215227129,13.161452788219322,23.325838616336114,13.457013581530191,-0.0,7.89594910329867e-05,-0.2689583397449327,96,69,96.0165021192487
9383,863.7039030048163,159591.9242928495,74901.6643515702,75995.63447066616,87.51298309036065,78.85017401182267,47.96002900620806,7.290273489808897,-8.486152035000108e-05,-0.0141867498747331,96,69,96.01681615193858
9384,863.7208703559563,159572.21006905125,74893.84601911741,76004.95720948228,238.43216032412602,166.30786863841058,104.71397429142962,18.761882551421877,5.798319855962105e-05,-0.1159141177808488,96,69,96.01713177619222
9385,863.7236131492626,159505.01859870533,74888.37651421643,76015.99142437332,466.33972981025,283.0070210832346,180.9475581042352,51.06056859125965,-8.710147851480016e-06,-0.0473150955208767,96,69,96.01744894567234
9386,863.7402193963541,159448.07659051806,74894.42126275053,76002.68884033618,762.4095817516209,417.1000496613415,269.4068307350972,87.94147903143312,-4.392254041941533e-05,-0.048847840146661,96,69,96.0177676139092
9387,863.7438853744305,159431.02122600537,74890.30774152698,75984.2695125563,1102.8328833351843,557.1710870858806,360.7651160887035,143.49203535122797,7.958391440708503e-05,-0.0626140394672636,96,69,96.0180877343046
9388,863.7607838138085,159370.03384542716,74863.56665770724,75971.37462001592,1458.6019364005188,687.134598283752,444.59009179932764,199.0791689819307,-8.450060012407878e-05,-0.038911868972316,96,69,96.01840926013703
9389,863.7635038330301,159258.810887478,74875.85339137788,76012.74454619305,1796.508298752713,797.5645219703583,512.9623406436585,267.5032353364513,5.6776446139446526e-05,-0.0403965340753363,96,69,96.01873214456504
9390,863.7801821801642,159235.0371582014,74856.46570063944,76007.97628733442,2088.863949152117,878.7328977700527,560.3186415907403,327.0254942429601,-7.123784177085349e-06,-0.0376985480660994,96,69,96.01905634063252
9391,863.783863934451,159121.34841393563,74871.78572349613,76005.1385033616,2315.1296099873725,931.0042036824016,585.961377945845,390.79909714712994,-4.5275706562870735e-05,-0.0448845334306419,96,69,96.01938180127242
9392,863.800690698805,159066.86684551468,74863.21155424826,75981.82313948289,2466.2953538112924,954.2788316125225,591.4915926230024,439.0844649829378,8.01812127563617e-05,-0.0560143652654555,96,69,96.01970847931176
9393,863.8033987111642,159035.2365322283,74846.76238590361,75993.20738748973,2543.6181381675997,956.5626057707123,582.0619216024934,488.40298928215634,-8.411138432740121e-05,-0.0415142799515851,96,69,96.02003632747534
9394,863.8201512655619,158997.86067899878,74871.84850473962,75989.1178663016,2556.5808720112545,941.2156819213415,562.4326407120097,520.0306052775995,5.555115752177794e-05,-0.0272989579883364,96,69,96.0203652983906
9395,863.8238378335072,158966.18037258403,74849.67688479045,75963.66061129034,2520.266973955382,916.9634821826185,538.6828311036807,553.5736829671077,-5.535802899136004e-06,-0.0206303860574807,96,69,96.02069534459191
9396,863.8405915815833,158920.5351830492,74882.7265931792,75992.98484667872,2450.4985797748086,885.499186104731,514.3068113760673,572.6495068043878,-4.6612948390102135e-05,-0.0188481148887328,96,69,96.02102641852512
9397,863.8432987905575,158910.3537973342,74849.38253589241,75987.85404354964,2363.468089097587,853.3086947654956,492.97695720146294,597.9705692665593,8.075119792251643e-05,-0.0078829654924361,96,69,96.02135847255126
9398,863.8601258435398,158856.36634894257,74896.19000289598,75990.83144920492,2270.880751139892,819.4792382989399,474.9783487081295,610.5189452162012,-8.36940178151716e-05,0.002602081740337,96,69,96.021691458952
9399,863.8638062596705,158849.28216152333,74860.2024156677,75997.76509117919,2183.3577594024246,789.1923854911438,461.27058573818067,630.4517749693478,5.430775480292095e-05,0.0153895858103167,96,69,96.02202532993296
9400,863.8804872209294,158834.79815437517,74857.81504822614,75975.66938349043,2105.5287202095496,760.5222717038705,450.00915306361276,638.1954581556492,-3.9467398352708486e-06,0.0287974719561661,96,69,96.02236003762924
9401,863.8832049194575,158812.8887686177,74863.56861797418,75981.7196764156,2041.6235480661271,737.7077007147018,441.06355350496597,653.3287657592737,-4.793382342476607e-05,0.0206554535495611,96,69,96.02269553410872
9402,863.9001050120611,158799.2165603681,74822.59349226399,75968.0093814131,1989.380136597727,716.9397108938574,432.02669731131755,653.7686454508803,8.129369124743045e-05,0.0035427138941519,96,69,96.023031771377
9403,863.9037685007554,158794.26233436193,74844.9205911834,75985.69877132917,1947.8159758108086,701.0001921588846,423.1023990633548,660.2441234767903,-8.324865527792814e-05,0.0364303666187634,96,69,96.0233687013818
9404,863.9203785133634,158776.1660429484,74879.36229706957,75984.87380706689,1910.2203944935463,684.6941566838068,412.4918099012284,652.3208733880601,5.3046666031061344e-05,0.0384008051388925,96,69,96.02370627601714
9405,863.9231177947635,158789.36909564643,74880.1426371341,76009.08367741454,1873.7724252644111,670.153509796015,401.369607165223,652.0201037504012,-2.357131431656484e-06,0.0325635421192107,96,69,96.02404444712798
9406,863.940087775072,158778.88347259746,74831.59493187301,75999.74856617977,1831.6965032915468,652.0521055230347,388.7612110389164,637.866803442681,-4.923789411175844e-05,0.0286154957201631,96,69,96.02438316651444
9407,863.9437239779767,158757.35675203262,74902.41007591024,75977.38322940134,1784.656417893886,634.0884789739939,376.8928351791401,633.7391140909458,8.18085236404219e-05,0.0090913607746918,96,69,96.02472238593604
9408,863.9602664583742,158850.07218903967,74874.40842121166,75989.5387235213,1730.6733780837967,612.9750006008253,365.360461830016,619.1348886168853,-8.2775460712783e-05,-0.0179688638776792,96,69,96.02506205711624
9409,863.9630379582168,158769.71422827186,74867.05793881121,75970.3410977358,1676.112344509398,594.3822899132356,356.4941312742885,617.3356551064062,5.17683249635212e-05,-0.0408056018257077,96,69,96.02540213174728
9410,863.9800730550099,158770.35046664657,74882.14013369223,75994.3303062428,1623.044807334314,575.9977549174364,349.2530525950424,604.8240656018606,-7.67513705833436e-07,-0.0581538752803547,96,69,96.0257425614932
9411,863.9836722677155,158775.99378581072,74851.54538466882,76024.88433650818,1580.9162229943904,564.2386021208076,345.4105636962631,605.3543067426654,-5.052472959427488e-05,-0.0686254485098117,96,69,96.02608329799595
9412,864.0001521282802,158787.681407723,74867.31920323141,76001.84101732234,1551.8503849664703,556.3319427217357,343.2835120742675,595.6562609000248,8.22955350643795e-05,-0.0687787475149524,96,69,96.02642429287812
9413,864.0029657906848,158771.22416895648,74883.25704561523,75966.36975318748,1542.905236238963,557.1932688701781,344.2962247833493,599.0483459668176,-8.227460724910612e-05,-0.0554658852567322,96,69,96.02676549774884
9414,864.0200597113404,158751.19520768884,74869.8026655612,75977.97790255237,1550.7821977494168,561.724327530741,346.4875813588442,590.5727601078688,5.047317092722003e-05,-0.0581996230135526,96,69,96.02710686420666
9415,864.023613116553,158739.13484128387,74852.09524265278,75971.74043086017,1576.6077459689695,573.2037201846397,351.45492624701,595.7025163154758,8.215778016537894e-07,-0.0617178408940191,96,69,96.02744834384472
9416,864.0400366387686,158764.58450841854,74856.03755194627,76000.06688666128,1610.5524507325608,585.0457376226841,357.07581882871455,590.5113369564642,-5.179390428707006e-05,-0.0736480372655171,96,69,96.02778988825528
9417,864.0429015083857,158749.7004666225,74830.63546263066,75987.07652514195,1648.8287369663012,599.3845462571335,364.4314383174351,599.6231796956854,8.275457511627485e-05,-0.0898646643352263,96,69,96.02813144903337
9418,864.0600465616628,158720.06265166658,74867.45641583503,75991.72068352606,1678.9735342207714,608.9877891404903,370.4595073390228,596.4512365101546,-8.174627737339262e-05,-0.0703901821515146,96,69,96.02847297778176
9419,864.0635464518208,158721.3549096625,74852.26874720032,75972.50354061856,1698.8693493795581,616.806397468652,375.7568535967439,606.5202600877674,4.916164890692887e-05,-0.0603139905511034,96,69,96.0288144261146
9420,864.0799211187237,158670.9546752389,74865.11328450455,75995.90618388435,1699.984682397102,616.7901209084666,377.0731579812709,602.9962678352313,2.4096074569425547e-06,-0.0668914561037732,96,69,96.02915574566264
9421,864.082845163079,158672.29383848957,74835.39437267311,76007.57758839197,1685.5941555590834,613.0601264701545,375.4674044844578,610.157350097521,-5.3044999222491617e-05,-0.0531043615644569,96,69,96.02949688807666
9422,864.1000324032005,158688.62474251335,74842.08581389749,75971.56080171476,1652.1398756348062,600.5750378740922,368.62962394137867,599.7666928049875,8.318550298322409e-05,-0.0430901297322452,96,69,96.02983780503206
9423,864.1034723889749,158673.7340941104,74856.2308464775,75972.1658538497,1607.6508037913009,584.8718843395618,359.1887813315843,599.175958793232,-8.119066283962359e-05,-0.0437218935982422,96,69,96.0301784482337
9424,864.119806678356,158694.15820554618,74840.9506807114,75957.64180212982,1550.9574923032196,561.6953833106236,345.98013803130016,581.7242212811252,4.783420896353146e-05,-0.0461212548746865,96,69,96.0305187694192
9425,864.1227966476753,158696.33508743942,74874.92275877613,75980.03078940258,1490.4782915358082,536.7753245681088,332.12926689049345,574.604491968319,3.996040514367127e-06,-0.0362454787891627,96,69,96.03085872036417
9426,864.1400160325486,158683.5694503957,74871.25401837024,75968.13093803797,1423.692544383346,505.99501567860716,316.2072140109667,550.3167183751939,-5.42776017924711e-05,-0.0421098953385736,96,69,96.03119825288574
9427,864.1433912373852,158673.3693329224,74857.0789097439,75982.06344011682,1357.7502775235334,475.91735281440197,300.96171869375394,538.8555616641243,8.358818722552759e-05,-0.0343444173370799,96,69,96.03153731884724
9428,864.159694374584,158701.61189706696,74856.12505343006,75959.37981224095,1288.0631395813543,442.8714340065053,284.1923022174451,513.128571816691,-8.060796415566886e-05,-0.0303736795842607,96,69,96.03187587016242
9429,864.1627557093406,158723.75891852606,74824.59505585862,75942.56542517908,1219.8213451324846,413.19352475019696,267.9587011258991,501.65864102513297,4.649130643884212e-05,-0.0475661538986207,96,69,96.03221385879954
9430,864.1799962609314,158719.25182932615,74830.89366483898,75949.77285987546,1147.082347548625,382.64210788329365,249.72192846777034,475.62216944087413,5.58034323878327e-06,-0.0407770111242568,96,69,96.0325512367858
9431,864.1833035070609,158745.07011870106,74837.46866181547,75965.75966297124,1075.5086751310155,357.1590974703431,232.0411347830959,465.28336498656427,-5.549130545557833e-05,-0.0302326312337228,96,69,96.03288795621124
9432,864.1995851713143,158739.4766325201,74838.0268051374,75951.73109184782,999.9551654052921,331.5780744690419,213.00755023927195,440.71208538435167,8.396250607166502e-05,-0.0380016142259233,96,69,96.0332239692336
9433,864.2027219732955,158754.0580123234,74824.37116651345,75974.06874756553,927.2656786595471,310.72120071560494,195.89081632677699,429.63905368812266,-7.999839140791673e-05,-0.0326699474537943,96,69,96.0335592280814
9434,864.2199719202924,158749.09412048728,74832.86828161693,75950.08790955697,853.6111723036738,288.9856394400704,179.3471188203257,400.7464825955103,4.513340157886692e-05,-0.0335979757925458,96,69,96.03389368505944
9435,864.2232099213181,158725.6383092005,74827.4933864576,75964.44059673366,787.3877268875949,271.74037063679134,167.08859255354037,384.9624201851839,7.161982496877871e-06,-0.031508376311001,96,69,96.03422729255207
9436,864.2394798892846,158785.12396698052,74832.73313697898,75966.09659888777,724.6436147426139,253.7455596246582,157.2563591695798,351.94118264553254,-5.668571045109567e-05,-0.022881599643577,96,69,96.03456000302796
9437,864.242694984472,158804.14942238823,74836.93175805791,75955.56265747389,672.2898163122009,240.24544372566743,152.31495243348763,332.5652717300982,8.430834729508151e-05,-0.023547712876983,96,69,96.03489176904348
9438,864.2599418507758,158816.10104925063,74838.20117955987,75953.1578408284,624.4046512008645,225.8677723090077,148.8169446871325,297.18830372410594,-7.936216331209432e-05,-0.0232674938748891,96,69,96.03522254324776
9439,864.2631114465828,158847.14910646563,74822.28594181617,75927.92963386961,586.5585954545531,215.77213591939653,147.9927477548772,279.95746666687774,4.3760959523874006e-05,0.0074767140554167,96,69,96.03555227838638
9440,864.2793791323882,158839.92187267522,74842.22386334292,75948.03085363777,551.3161545962794,203.8621870286006,145.36203899030806,249.8934683324187,8.74042655737806e-06,-0.0210361854315448,96,69,96.03588092730516
9441,864.2826742837866,158834.25823578498,74837.36027134818,75962.44563311109,523.1604804437957,194.32602713920642,141.92916695951135,237.80548409878975,-5.786042394173317e-05,-0.0419256450757184,96,69,96.03620844295509
9442,864.2999048475222,158839.67055314023,74833.70650664957,75941.57360002008,494.36797664983897,180.9164002344187,134.00485268581542,210.64227052329807,8.462560856745896e-05,-0.0308652696982363,96,69,96.03653477839568
9443,864.3030093670294,158856.78050754248,74845.66796387489,75943.41970485727,469.5702782004955,168.4426878506929,124.23035249431268,200.6695826681389,-7.86995071238513e-05,-0.0586428247971309,96,69,96.03685988679932
9444,864.3192831557984,158879.788499511,74833.08763340753,75939.72341533349,439.96759361977456,151.0972619101667,110.20277336912113,173.21626083512092,4.2374450045734855e-05,-0.0649517290652033,96,69,96.0371837214557
9445,864.3226595643629,158863.8519856291,74823.58842440642,75938.16515045532,408.4656686580274,133.81295281165512,95.31942901047296,158.9947484677832,1.0315144922587764e-05,-0.0516212866369586,96,69,96.03750623577515
9446,864.3398595064997,158888.8256087907,74815.92251816666,75925.00093473557,365.38946730969474,111.28035498934332,77.45551595266443,124.51537214542623,-5.901505947941729e-05,-0.0560905578586622,96,69,96.0378273832934
9447,864.3429054836533,158915.72592283762,74860.31945960635,75943.65733194002,314.556555001589,89.08256372196774,60.11828797784983,104.92529982651467,8.491419683531855e-05,-0.0576340259689646,96,69,96.03814711767508
9448,864.3591915700893,158931.8218520095,74821.8868336665,75939.32767546043,248.82784498133697,62.42120336649532,41.0027128085203,67.15408068546094,-7.801065976471859e-05,-0.0479233817148787,96,69,96.03846539271814
9449,864.3626510517076,158934.1420263068,74802.57011038323,75916.92341715457,177.1586194204283,37.94623334695643,24.01121971066459,46.21237190277316,4.097434762615986e-05,-0.0339577903691929,96,69,96.03878216235736
9450,864.3798037696779,158933.20025601753,74825.02831624175,75932.49401288353,100.75787376792869,13.673894818610279,8.288332120864652,10.938711561233504,1.1885608740593071e-05,-0.0363446720926391,96,69,96.03909738066916
9451,864.3828027179032,158960.91855814634,74812.48771900503,75885.14019069119,38.50207934802165,-0.0,-0.0,-0.0,-6.014923802765563e-05,0.0260799960944318,96,69,96.0394110018745
9452,864.3991024816003,158978.47835783343,74832.27150975134,75915.64822227083,-0.0,-1.9539313096174737,0.09106354290270247,-19.274904907186283,8.517402931391895e-05,0.2222772707556811,96,69,96.0397229803438
9453,864.4026506926319,158936.07955075044,74813.1648744482,75925.69209684336,8.86513811093755,19.404511933011236,15.530222221917938,-10.61995743153966,-7.729586599503279e-05,0.3954865916379129,96,69,96.0400332706004
9454,864.4197332910081,158923.0375855845,74781.03442887901,75888.93840270839,74.35806569230044,64.09067996130034,46.51571509707719,-7.150074628472794,3.956113052213109e-05,0.0140926823265507,96,69,96.04034182732453
9455,864.4227074782785,158903.8678162518,74792.33068320155,75899.06105757295,212.6456826114445,139.06051629802096,97.24818953327485,28.00330640183529,1.3451290723016574e-05,-0.4096646508100783,96,69,96.04064860535703
9456,864.4390088916159,158822.13752208842,74796.24211718995,75918.56437137663,418.08105896390043,236.39631029464363,162.9247356368869,57.65678720889264,-6.126258719335982e-05,-0.1190934162514107,96,69,96.04095355970402
9457,864.4426678065491,158732.21780359952,74771.5421670251,75900.71292087024,687.2104710294516,353.7232602267177,241.83926463790704,115.03166235444951,8.54050324023409e-05,-0.032246240225075,96,69,96.04125664553966
9458,864.4596321218853,158699.94327093367,74786.67584996222,75917.05248884275,994.9786104005761,475.61089963636186,324.01822833836195,163.0538504057331,-7.655537973475464e-05,-0.0819329124000356,96,69,96.04155781821125
9459,864.4626463254361,158626.54223671358,74791.45076976402,75907.26751137202,1322.2091070530005,595.2272634250112,404.4096234116005,236.15521622265805,3.813528183306602e-05,-0.0160548282708896,96,69,96.04185703324148
9460,864.4788650497575,158556.6500036983,74795.52233692871,75901.31888390389,1635.077061971766,696.8246969002212,472.1404541567317,294.73735144370585,1.501166549372291e-05,-0.0429930811379663,96,69,96.04215424633422
9461,864.4828035430646,158483.49532104362,74780.2750933096,75918.87239899261,1914.5133026863914,777.4142956798751,524.2977910237969,370.8834820135962,-6.235474206272943e-05,-0.0448350143793957,96,69,96.04244941337652
9462,864.4990564253146,158355.81521303378,74784.44643479638,75904.3379413815,2136.3854618670302,829.1052106997086,555.1586847883009,428.05060953256907,8.560714259449209e-05,-0.0533517707518875,96,69,96.0427424904434
9463,864.5020418920958,158277.4490674093,74762.22916575869,75908.04851752176,2296.385398028535,857.1774664177647,568.0082545958285,499.1512114574725,-7.57894631987845e-05,-0.0541934010304784,96,69,96.04303343380188
9464,864.5189978295248,158235.36042015234,74782.10387405392,75878.30219658668,2386.932435287861,860.6101554308552,562.747880262119,544.7158098133223,3.669728839262624e-05,-0.0394772483074897,96,69,96.04332219991336
9465,864.5226661509197,158201.908262803,74759.03617760872,75928.14819302462,2420.0571677528787,849.6678492079081,547.1809284561023,601.6502989594301,1.6566209585580123e-05,-0.0497696287390832,96,69,96.04360874543896
9466,864.5389915281354,158111.82743498115,74788.39612135733,75907.10470290479,2401.1276930863387,825.5047991715401,523.2927359752648,633.6978931115591,-6.342534516683191e-05,-0.0680742251027936,96,69,96.04389302724218
9467,864.5419417558668,158063.37913894074,74769.3369324981,75862.13566583137,2349.686694095435,797.5593120084959,498.33892037242185,677.8929850515851,8.578030604195858e-05,-0.0453330484429193,96,69,96.04417500239327
9468,864.5590115154092,158014.4385201406,74734.42014887965,75866.09508384294,2274.081086254737,764.9705411535251,472.1617670779233,696.787821961625,-7.49983873763303e-05,-0.0367162329283391,96,69,96.04445462817228
9469,864.5625786638797,158007.59450465196,74784.6589183222,75891.86292076345,2193.324047223199,735.2123037003184,449.7155403193028,730.3882910567336,3.52476407918096e-05,-0.0244411945709723,96,69,96.04473186207308
9470,864.5788925730558,157972.5367362582,74756.47817606496,75868.55034944796,2112.3672986533493,705.9117649334221,428.9059315130289,742.8418605257466,1.811440220812076e-05,-0.0252457047251663,96,69,96.04500666180678
9471,864.5818719900811,157895.12852281096,74779.31735270812,75876.05362451223,2043.8478433791315,682.7543325081788,413.16108362172963,771.7611322673911,-6.447404612864899e-05,-0.0417793735735171,96,69,96.04527898530604
9472,864.5990083821602,157894.72279054913,74769.22545065665,75864.00448368737,1985.4289703253307,661.9884776277759,399.56540844833944,778.7785316961526,8.592447855884586e-05,-0.0251061837253688,96,69,96.04554879072772
9473,864.6024954526166,157843.38158478442,74750.8165869967,75843.81036755936,1942.3800725608016,648.0423202420061,391.21340952595347,803.2937138018315,-7.418243099067493e-05,-0.0005636707712048,96,69,96.0458160364568
9474,864.6187857705722,157844.31252059515,74776.58565755805,75876.50074350629,1905.7142080951598,635.8349188928842,384.63198664668016,807.6944794116134,3.378683345745063e-05,-0.0002908300136913,96,69,96.0460806811102
9475,864.6218170744115,157831.59145174676,74750.1743919972,75864.71652100391,1874.9016629821854,627.8638957467629,381.6957035367086,828.5738690585422,1.965572442982223e-05,0.0086490103029487,96,69,96.04634268354012
9476,864.6389973862342,157794.3163276939,74757.30467249351,75863.98898058946,1838.607862603676,617.9912520406069,377.86387784659746,826.7403215882659,-6.55005022453761e-05,0.0193767653033172,96,69,96.04660200283766
9477,864.6424097922796,157733.03006427165,74730.83630553882,75878.05793207517,1797.8101954121958,608.7233872602374,374.6506757393363,841.4923934890539,8.60396261200841e-05,0.023570764615042,96,69,96.04685859833586
9478,864.6586772257896,157747.3367344951,74745.87715808743,75867.08869881027,1746.222584041243,595.0508753094618,367.9774306656036,835.213532961905,-7.334188171584209e-05,0.0267289075766827,96,69,96.04711242961392
9479,864.6617730346409,157738.6634957441,74761.33975359838,75847.80667383876,1691.0765674866852,580.8120067957061,360.3629036550992,845.3201135786367,3.2315364314012936e-05,0.0242417789156591,96,69,96.04736345649984
9480,864.6789801371982,157746.65043062338,74762.52268134571,75881.22992269578,1633.107788956666,563.1659805092349,349.55865293423994,834.1835833978548,2.118966021488824e-05,-0.00568449121734,96,69,96.04761163907492
9481,864.6823200590303,157689.9876060051,74748.87014366072,75856.82617229299,1584.6917233643471,547.9591717325675,340.0654752209666,842.4960595432494,-6.650437866825456e-05,-0.027580789709312,96,69,96.04785693767565
9482,864.6985695433004,157711.21572039582,74748.6065278234,75851.22031906027,1548.3854377171374,533.6123041385872,330.90412951557664,833.5910797115357,8.61257242587459e-05,-0.0456937748669483,96,69,96.04809931289866
9483,864.7017382322229,157688.64849706716,74737.58480687406,75832.67032282069,1533.5141682196409,525.5264658559172,326.38589114541537,844.9329473167309,-7.247703486570684e-05,-0.0827495822259428,96,69,96.04833872560287
9484,864.7189564338121,157635.62855647074,74731.71697672692,75865.6186466978,1536.9744911802118,521.2105668739387,324.51624426437775,838.7317163826665,3.083373482647236e-05,-0.0999347434779199,96,69,96.0485751369138
9485,864.7222262509819,157656.65963992066,74760.01661200091,75858.02154706627,1560.5174668751424,524.5008848019497,327.8811430594069,854.057562168513,2.2715696100678203e-05,-0.1064277948252608,96,69,96.048808508226
9486,864.7384640652729,157617.81212147148,74726.60763884103,75861.27622608496,1593.7897015871713,531.157080811201,332.464154204994,852.5256111597118,-6.748534829057303e-05,-0.1155366137172496,96,69,96.04903880120692
9487,864.7417118699184,157608.9171426268,74726.82420264762,75857.11629452834,1632.4792098341277,542.7919601435278,338.8831084695994,869.25762122366,8.618275818447824e-05,-0.1108199554902068,96,69,96.04926597780002
9488,864.7589252926639,157585.83021379006,74702.2156689967,75869.66914854583,1664.3309317360981,553.9143319729774,342.4933427159267,865.3980238506047,-7.158819390423558e-05,-0.1038917723534168,96,69,96.04949000022788
9489,864.7621293197863,157586.48574496128,74714.59290331796,75846.78933629599,1686.5074632012984,565.3849415867444,344.528451304941,878.3976265367819,2.934244900469732e-05,-0.1150833539940033,96,69,96.0497108309956
9490,864.7783612436323,157520.53242054806,74727.75716903934,75832.79315677856,1691.3341868313146,571.7430977359036,341.9211153896176,869.9633457295422,2.4233321730746943e-05,-0.126858302084874,96,69,96.04992843289403
9491,864.7816938226687,157541.0888331475,74726.03927863343,75867.86055163394,1681.1799865168869,574.0638104833924,337.5551041998842,875.5155084293219,-6.84430916070331e-05,-0.1238563580171947,96,69,96.05014276900268
9492,864.7988849650217,157526.51048386027,74717.79518798109,75861.2004906874,1654.2894429222215,568.3486192925047,330.1194352073362,858.9053855497914,8.621072307691569e-05,-0.1191656386873803,96,69,96.05035380269304
9493,864.8020313472557,157527.1466532115,74736.76199027673,75884.79383633066,1617.0239577320172,557.3347804720834,323.3069688795076,859.2878104785341,-7.06756705088832e-05,-0.1239250196391621,96,69,96.05056149763172
9494,864.8182602159044,157535.69994991794,74745.2113527785,75834.60113637253,1569.703603461152,538.8374551028537,315.4501453580451,841.1920485478477,2.784201473271181e-05,-0.1295864836976205,96,69,96.0507658177834
9495,864.8216853205928,157531.56721269595,74673.39478645023,75854.46054533972,1517.8620460163802,516.6174072570138,308.6397732338519,840.5937033434457,2.574202986368254e-05,-0.1266378806766311,96,69,96.05096672741422
9496,864.8388319401508,157542.91204966136,74694.12021344881,75855.31582306456,1460.5107905496843,489.64003262936603,299.7608966558473,822.1363116560096,-6.937729746072452e-05,-0.1271418623599059,96,69,96.05116419109446
9497,864.8419370428281,157495.09907127405,74741.6235522221,75860.37662754305,1400.8471811242052,461.9363928870007,289.77767154265894,822.1818884417298,8.620962411289926e-05,-0.1314840869384986,96,69,96.05135817370166
9498,864.8581565133068,157523.17580478158,74735.1648319549,75846.32772237566,1336.3430095182848,432.37592290401517,275.4310445097217,803.4151622393692,-6.97397838979205e-05,-0.1475360042621558,96,69,96.05154864042365
9499,864.86169245263,157489.96856000554,74725.6933381905,75845.6855485747,1268.9193293947028,404.14752543075883,258.3142061911349,798.4112785198668,2.633294186405785e-05,-0.1483524663021983,96,69,96.05173555676168
9500,864.8787554350175,157514.2955293727,74698.88435099572,75807.32165328196,1196.9570728664403,375.93468631012365,237.06262476972188,771.9004593324207,2.724131597221993e-05,-0.147869809388651,96,69,96.05191888853304
9501,864.8818629566713,157519.33016719393,74716.35945427453,75827.76071622233,1123.5347833004198,350.50201511620253,215.16051111815614,759.3884451980412,-7.028766234266508e-05,-0.1652076901858642,96,69,96.05209860187428
9502,864.8980253976412,157541.39093342243,74729.21752585321,75834.27217802728,1049.0202981107868,326.37134584710293,192.7352723229269,726.7656318034569,8.61794757826382e-05,-0.185851341977512,96,69,96.05227466324348
9503,864.901760004042,157570.76803865455,74719.96929429627,75839.10122463363,977.3980902799522,305.5964237658918,173.49609571963083,707.8734830988396,-6.878086103032296e-05,-0.2127166576970333,96,69,96.05244703942434
9504,864.9185514739222,157571.18848552473,74699.3035789481,75841.2324830015,910.1641889405437,286.55514983966714,157.23388953486574,671.6624864323239,2.481574369826148e-05,-0.2094091224777551,96,69,96.05261569752756
9505,864.9222834762417,157585.87881538327,74716.1838152475,75852.13269382711,850.6484698547283,270.6804929549544,146.16061008450924,651.8140733148612,2.873067971589697e-05,-0.2000973387166305,96,69,96.0527806049949
9506,864.9384139367553,157610.52968893995,74718.18383299012,75844.21256553687,799.4902855172986,256.2801511499565,138.4698514029733,616.8670715613116,-7.117389169018792e-05,-0.2037232591871434,96,69,96.05294172960085
9507,864.941563779408,157591.45937274717,74739.68493948269,75840.02662138826,757.6987364616944,244.4796459794161,134.64286399204866,597.8491978430538,8.612030284361813e-05,-0.2146708201571834,96,69,96.0530990394563
9508,864.9586140879942,157624.929487454,74719.46114811052,75816.19341278802,724.0734723170754,233.8129510173021,131.92318733109278,561.4866951452277,-6.779923657809856e-05,-0.215241788799765,96,69,96.05325250301058
9509,864.9621543758452,157641.2430194808,74748.78369539835,75841.95805026463,697.1662419802742,225.27271564905823,130.35917108308058,540.4561560032016,2.329093551071477e-05,-0.2108439677669851,96,69,96.05340208905496
9510,864.9783359715505,157678.9529030012,74705.78622643235,75830.5675920595,674.4981821673573,217.40910370531492,127.52263534010854,503.38567891626735,3.0209623785901823e-05,-0.2232062587576683,96,69,96.05354776672417
9511,864.9814946080328,157692.40249858153,74700.66039185898,75855.76757437283,653.1674006166868,210.49797855679935,123.76951491544605,480.7383411916089,-7.203569822404097e-05,-0.2221059800524318,96,69,96.05368950550026
9512,864.9986149094138,157685.54805426713,74720.56466176809,75854.76695850524,631.0325543960207,202.95365109018167,117.65814806977869,441.33297611866146,8.603213961204452e-05,-0.2315799031632356,96,69,96.05382727521422
9513,865.0020541008591,157737.36514839367,74729.01060473999,75830.2247169174,605.569078266737,194.8496827735944,110.51136047928594,417.1749437696126,-6.679525277139454e-05,-0.2355399855674041,96,69,96.05396104604914
9514,865.0182367287099,157761.71436166915,74705.98780917564,75853.28122962208,576.6187390772393,185.28746652705013,102.11754679787555,378.1396568528435,2.175903493532823e-05,-0.2247646073704605,96,69,96.05409078854258
9515,865.0214502902797,157782.16369371023,74716.00669134237,75815.25847908582,543.0947219781228,174.85233529783727,94.3134647855477,352.8119788277545,3.167765503440344e-05,-0.2218586366617695,96,69,96.05421647358908
9516,865.0385980702374,157743.67390463437,74695.89952440897,75860.89215953568,506.899779374653,163.72097141722043,87.21085850917734,311.09769800447975,-7.287280404661008e-05,-0.2176295513172264,96,69,96.0543380724428
9517,865.0419585777381,157820.90223169938,74707.48969553968,75854.74041138073,467.1014360182453,152.61738630433683,81.8876669369638,282.98326362876105,8.591502996515291e-05,-0.2357927628058322,96,69,96.0544555567197
9518,865.0581319962828,157841.91645765377,74739.35208410502,75860.6276759652,425.5884062720579,141.50977379032702,77.29712949934765,239.96017890999792,-6.576925891358933e-05,-0.2399490479694503,96,69,96.0545688984002
9519,865.0614209166775,157893.37983070614,74730.77550234078,75843.15818752472,379.60694476548815,129.5804268649954,72.67345759939053,209.61126194731332,2.0220561975620075e-05,-0.2508101921656616,96,69,96.05467806983172
9520,865.0785685304326,157902.29258180977,74680.46790560489,75824.53656362796,329.8378011501627,115.49447651633818,65.95238045279984,164.7988415742293,3.3134284030302063e-05,-0.2621663328374681,96,69,96.05478304373044
9521,865.081864838238,157908.05264038374,74737.59743302027,75842.83392354066,271.97779683198314,97.1971338817093,56.03850234815036,134.6386434737069,-7.368493893732682e-05,-0.2675401520542408,96,69,96.05488379318447
9522,865.0980246216011,157963.841528145,74739.42986245028,75852.3684320562,208.37892565928632,74.28539321832068,42.31586638808949,93.27491465536878,8.576902798873149e-05,-0.2711658499592526,96,69,96.05498029165564
9523,865.1014052515503,157949.19004099377,74706.45727118,75855.32658446582,138.64222417905694,47.39333964930847,26.104887480207253,67.27063724689651,-6.472161196049716e-05,-0.2616786515353165,96,69,96.05507251298188
9524,865.1185245770704,158009.53267258435,74711.82187296916,75838.26681913702,73.07180779066402,21.37405327730812,10.487029836833244,32.665693720191484,1.867603844877187e-05,-0.2551147092162321,96,69,96.05516043137952
9525,865.1217759550012,158007.52807210042,74712.942409382,75826.74309614231,20.111847291176673,2.325199719882221,-0.0,17.703138743818272,3.4579025375079915e-05,-0.2531393362306393,96,69,96.05524402144562
9526,865.1379114476846,157985.21018441295,74721.21234044032,75878.30860256706,-0.0,-0.0,0.21688141804770567,-0.0,-7.44718415199064e-05,-0.2573125718385439,96,69,96.05532325815992
9527,865.1414086455458,157998.4853808634,74735.99716005406,75824.23032498863,26.770092388789635,21.635162841863348,15.708200694265543,5.29160346716526,8.559419706123836e-05,-0.2454183025197251,96,69,96.05539811688726
9528,865.1584559679579,158001.88838292693,74689.75177480713,75854.70028402326,120.17992661963217,73.98686269058089,49.946125254704384,12.485788674210198,-6.365267551806058e-05,-0.1346699862093783,96,69,96.05546857337934
9529,865.1617075877887,157902.4158917607,74705.64762652929,75864.40892926414,283.86797005467815,156.17672850072267,102.60653167116106,46.51548296585679,1.712598780392197e-05,0.1321227364113887,96,69,96.0555346037774
9530,865.1777691328629,157928.04920604776,74717.85129614147,75814.43360653156,520.7767302182037,264.77790399006335,171.22868018236477,84.66560953980661,3.601139787186885e-05,0.090408725006896,96,69,96.05559618461383
9531,865.181473143077,157811.1400329157,74682.12345234264,75827.6247482297,812.6945254713646,388.38238644134253,249.1745988779876,146.09956088667968,-7.523325922479593e-05,-0.4990923065616487,96,69,96.05565329281428
9532,865.1982689893812,157770.54744359566,74691.56504440459,75835.95793077188,1141.8795532622607,516.2686688428948,329.4474561512179,206.9501742325083,8.539061049134084e-05,-0.5223079408085677,96,69,96.05570590569997
9533,865.2020150698892,157667.97401581152,74722.21542170818,75845.29359107015,1474.3641906083212,634.037304539248,403.1600161170354,283.6546301515773,-6.256282077012427e-05,-0.2329176595953132,96,69,96.05575400098914
9534,865.218260548126,157574.65961391412,74691.77590665196,75828.34215429293,1787.0030973905232,733.6026005369495,464.4973873513809,351.8655108755338,1.5570935374760393e-05,-0.3098494272261496,96,69,96.05579755679932
9535,865.221276711787,157506.99356227918,74674.99382126691,75822.42087640589,2049.7757726615528,806.6562885277963,508.10254542922485,427.0495319793408,3.743092516671352e-05,-0.2670669260289939,96,69,96.05583655164972
9536,865.2383230540426,157432.55917917352,74683.0893657252,75815.22828657094,2253.0425305952667,853.5603971951059,533.6955529977713,486.26266916349414,-7.596894798948642e-05,-0.2669945502289881,96,69,96.05587096446186
9537,865.2419047257233,157392.20150679076,74688.2918798311,75817.79143961858,2383.8016320270253,873.482135006183,541.3132992469909,548.0653393266839,8.515835110683458e-05,-0.2883234954282778,96,69,96.05590077456276
9538,865.2581727379151,157337.15989047548,74670.22823070195,75809.22379366802,2451.3648937191465,872.9953559984715,535.4408075098036,593.9317049005476,-6.145242510161842e-05,-0.2697082408903406,96,69,96.05592596168589
9539,865.2612038762242,157266.0983696878,74674.91662427598,75824.12558476474,2459.2118962820387,855.0963192508061,518.9631697923032,642.7691516971099,1.4011407805079245e-05,-0.2943303530429348,96,69,96.05594650597337
9540,865.2783218249795,157224.11154873294,74622.63638333208,75810.38819094517,2428.9088852009736,828.3967834759242,497.52582586422795,677.4140946195112,3.883713478861543e-05,-0.3208664182329765,96,69,96.05596238797754
9541,865.2818187338728,157174.61418985654,74670.22894145388,75803.71076263851,2368.9692283665063,795.6490846585657,473.1962487870187,717.5090717659332,-7.667867250766964e-05,-0.2902293927955461,96,69,96.05597358866268
9542,865.2980653549425,157150.73386742992,74660.64544854728,75794.16235222119,2301.0294096713187,764.4040442435216,450.2064612763061,746.7399725841533,8.489751139333005e-05,-0.2819784268151229,96,69,96.05598008940682
9543,865.3011539150189,157124.42937519262,74662.25050493694,75813.05174180737,2229.301807467069,735.4696909747872,428.90648404005333,781.9696275625902,-6.032187320477181e-05,-0.2837866964441663,96,69,96.05598187200329
9544,865.3183064184086,157051.51122114423,74659.91829433278,75813.6418619708,2168.50979360973,713.950962627976,412.1122380121378,806.1035326705314,1.2447932957202048e-05,-0.2705023019446903,96,69,96.0559789186625
9545,865.3217351320817,157048.36578204218,74679.59022303295,75807.90851105704,2113.7871243843692,697.2269938588724,398.5507688084035,835.7428132161149,4.022955949997095e-05,-0.2634318423342636,96,69,96.0559712120135
9546,865.3379525423605,156991.92176666306,74656.42850308404,75805.73996597214,2072.1069266654667,687.2654808816733,389.7360200594703,854.4593797607813,-7.73622065846884e-05,-0.2611104628059053,96,69,96.055958735105
9547,865.3411184234888,156995.1137641519,74656.40903358787,75753.67301761477,2033.0906701899949,678.9018338191672,383.1190993000928,877.1169801277574,8.460819376676819e-05,-0.2479225838520664,96,69,96.05594147140808
9548,865.3582807204659,156992.46392144586,74640.0233330327,75782.89111464602,2000.6316565632587,672.6594856149313,379.19762928874115,887.8492282432271,-5.917155614293418e-05,-0.2285805728949539,96,69,96.0559194048161
9549,865.3616514654035,156961.67404441757,74674.76198561722,75803.37704366,1962.9962572085205,662.9722620586108,374.52322678870405,902.434302996844,1.0881040077889747e-05,-0.2281921274881454,96,69,96.0558925196478
9550,865.3778367565053,156914.70200939276,74671.51079051507,75816.78707735719,1925.7669700353872,651.7841651495401,369.615007098706,906.1934024645307,4.1607737040755e-05,-0.2221922146280395,96,69,96.05586080064764
9551,865.3810966944922,156919.45056543083,74666.53962926727,75793.51645769394,1881.2240816510748,636.1777144633961,361.86591469403356,913.828102524596,-7.801933287729997e-05,-0.2002021571143838,96,69,96.05582423298723
9552,865.3982427218924,156936.4410161309,74672.64436093021,75807.44534484691,1839.3189296233468,620.8211694968486,353.2489767240186,911.6649829469679,8.429050941323197e-05,-0.1940657528651045,96,69,96.05578280226749
9553,865.4015705880539,156924.82999344938,74632.69734916747,75806.88525384128,1795.4511062878883,604.4964282622386,342.5987814349355,915.6131851044192,-5.800187142829087e-05,-0.2022768974626408,96,69,96.05573649451912
9554,865.417715269206,156913.3848707004,74650.91656446307,75814.69456258044,1761.4564632589463,592.5474250311236,333.303270865581,912.96158401703,9.311258312319722e-06,-0.2139738774945658,96,69,96.05568529620425
9555,865.4210936309522,156915.70609705997,74656.9027288277,75790.77022283188,1732.855900461902,583.317724123568,325.0439624225837,918.3160354623105,4.297120964454608e-05,-0.2037936739311684,96,69,96.05562919421769
9556,865.4381831713334,156880.45898599838,74625.93304497506,75799.98496615313,1718.712969622924,580.5010271348438,321.0819580925454,919.160600072617,-7.864984277911892e-05,-0.2057573308002812,96,69,96.05556817588815
9557,865.4415059197655,156860.43293022714,74641.54124935842,75732.67621588288,1710.265427289356,580.369406944752,319.988665324403,929.9891653493978,8.394457970318492e-05,-0.2138701082542509,96,69,96.05550222897963
9558,865.4575687950436,156886.46292059595,74632.40256720224,75799.57205663875,1713.0320905982517,585.1644449334126,323.59582000001683,937.430124084407,-5.681322273195243e-05,-0.249778865187357,96,69,96.05543134169204
9559,865.4611434084381,156871.9842704075,74675.08999682461,75794.49337508608,1717.0410021947464,590.7653881635633,329.12993791984627,953.1490129940503,7.739118851997439e-06,-0.2901990531892367,96,69,96.05535550266276
9560,865.478029023772,156851.95999794445,74646.19222548822,75828.62256067949,1727.503825322783,599.2248673954164,337.2275769789994,962.7870811845933,4.431952522020926e-05,-0.2929899262973259,96,69,96.05527470096764
9561,865.4816964322697,156795.54551453094,74681.41001173292,75795.69904191229,1735.706647684332,606.5684750078508,344.4972852289793,977.1326309794385,-7.925353709126157e-05,-0.2988149556926274,96,69,96.05518892612211
9562,865.4981413619053,156822.1109595299,74640.65078134592,75796.61843206927,1748.5356536987238,614.9972553548723,351.69746420977754,981.4869557430502,8.357053543191597e-05,-0.3038595628065865,96,69,96.05509816808195
9563,865.5009722472597,156782.65692744934,74659.67572241688,75786.8127157562,1758.4161366162007,620.580919924163,356.03629327955423,987.1259374096117,-5.5606020425106345e-05,-0.2941201373300911,96,69,96.0550024172447
9564,865.518059479947,156759.76413262408,74667.19259807453,75786.84116538505,1771.839563102927,625.3902025395801,359.1028365631355,980.4757715714513,6.165152353696558e-06,-0.3058149447057232,96,69,96.05490166445026
9565,865.5216131960793,156814.3152467254,74635.49285665473,75793.66747053081,1778.9197403324652,625.2083156115696,358.62881284122705,975.7254386237182,4.565223670930473e-05,-0.285975822817973,96,69,96.05479590098204
9566,865.5380401717026,156846.06463274345,74657.94356260469,75788.82507622724,1782.666326459439,621.9080549343344,356.41420553374337,962.1587630236172,-7.983022566659293e-05,-0.2642244258721981,96,69,96.0546851185674
9567,865.5408993842833,156801.7694394489,74666.63368812624,75797.53291809109,1771.6071225722553,612.0948538268858,350.50575063808355,954.3177222766681,8.31685161962895e-05,-0.2620005983545405,96,69,96.05456930937927
9568,865.5580512149213,156831.89667918277,74623.15093382403,75791.33804636371,1748.5113785378635,598.6407364755578,342.9080914105871,940.4757792530581,-5.438068049631893e-05,-0.2469183665315598,96,69,96.0544484660362
9569,865.561544239123,156818.52725339806,74643.98766993803,75753.87512179046,1704.2809084220207,579.329258095895,331.89786324172746,934.2514526769519,4.589890655277702e-06,-0.2174793264934492,96,69,96.05432258160356
9570,865.577924981835,156836.60488600298,74647.91271051131,75809.85719929483,1645.9407024883549,557.824102118102,319.7443554100464,922.391315899149,4.696890262194138e-05,-0.2098729779588176,96,69,96.05419164959434
9571,865.5808442799672,156838.78423806073,74670.16336523836,75792.86027731892,1571.2491142444778,532.9195124043763,305.3295038151555,916.0571574317873,-8.037972756051463e-05,-0.1933012941881448,96,69,96.05405566396956
9572,865.598034497675,156820.18065312537,74644.57345688085,75787.0035171779,1492.4444828403648,508.35966243981966,291.1563225905702,900.5761031128059,8.273867180685387e-05,-0.1817817791730356,96,69,96.05391461913923
9573,865.6014739190615,156849.94732392428,74633.74336701097,75794.69949704257,1410.153246453905,482.6577590465895,276.0067306836718,888.3510997424601,-5.31376250052214e-05,-0.1747538338634133,96,69,96.05376850996286
9574,865.6178056501011,156859.38993782125,74670.17014788574,75804.80728784867,1335.3981324175256,458.6721535209799,261.8847473380738,866.4174971627071,3.013865029795696e-06,-0.1533160148233213,96,69,96.05361733175002
9575,865.620801821454,156898.10580043207,74669.23158344455,75787.31243110984,1266.156042224844,434.6216111413232,247.36061913866433,848.1886896292854,4.826908729397767e-05,-0.1319283953338421,96,69,96.05346108026092
9576,865.638010846364,156912.1090404156,74653.3573752509,75814.58304100527,1208.2124260182027,412.64436990018294,234.10033352405299,821.4139117955638,-8.090187093124034e-05,-0.1332071009120723,96,69,96.05329975170724
9577,865.6414014106277,156916.51023244677,74654.41758779598,75765.19641527328,1155.1305383024737,390.70450785975845,220.64037485347944,801.018477351201,8.228116087336711e-05,-0.1206342529277305,96,69,96.05313334275232
9578,865.6576830928209,156958.50761839116,74648.27183728393,75802.70879700322,1109.04183644586,370.56418428711186,208.63425234972965,774.4408642622875,-5.187728179062242e-05,-0.1069336532445575,96,69,96.05296185051154
9579,865.6607731072451,156941.63471220317,74667.73893456037,75789.23540392405,1063.386667877494,350.7537196854246,197.01897216471843,754.823272493406,1.437607201421842e-06,-0.1022541215472649,96,69,96.05278527255328
9580,865.6779763537156,156976.26269429974,74645.75769288154,75802.79770198396,1020.4919515216607,333.1368883403484,187.39861784220557,727.7695155456022,4.95523605808124e-05,-0.0923972076103689,96,69,96.0526036068987
9581,865.6813317556588,157018.23768238034,74657.00007511475,75817.30264369266,975.8376245857216,316.7683291405847,178.657003046741,706.8025201622513,-8.139649353084643e-05,-0.0851733108767036,96,69,96.05241685202247
9582,865.6975509556423,156986.53807667358,74657.82818984408,75814.88736538039,933.0911373136332,303.4066083837388,172.0327674926666,677.3765926931228,8.17961512422348e-05,-0.1130933757593608,96,69,96.05222500685316
9583,865.7007700815341,157044.95175969077,74656.56021990166,75813.6029818118,890.3037623673445,292.4129904540605,166.41314892281662,652.9751101488073,-5.0600084125756346e-05,-0.095387262682547,96,69,96.0520280707732
9584,865.7179063929776,157063.08681898937,74657.23762292213,75804.30322508662,851.377719444572,284.78731053337106,162.63558293125243,619.6111256422591,-1.3835131531744817e-07,-0.0646827387936179,96,69,96.0518260436193
9585,865.7213281355076,157092.2848880201,74662.93308759636,75785.34791397407,814.7111887657666,279.38593977502023,159.41011108880048,593.1357006358157,5.081829826940821e-05,-0.0714217812685375,96,69,96.05161892568316
9586,865.7382008834204,157112.79549088326,74632.97694234307,75811.29352610078,782.3563986537629,275.96520864445483,157.11777988934773,559.5330475901137,-8.186344213134605e-05,-0.058072495938332,96,69,96.05140671771063
9587,865.7406994510006,157160.181350246,74657.9834754559,75786.81796352917,751.7229199199355,272.9083027609595,154.39799994861824,535.0717803323932,8.128382014859822e-05,-0.0504793065733876,96,69,96.05118942090276
9588,865.7578733951467,157152.58517785935,74697.44071415487,75803.54097090158,722.5415627456387,269.16765421818127,151.41156756263808,503.30427222681465,-4.9306470906454434e-05,-0.0564901853326374,96,69,96.05096703691576
9589,865.7612974226407,157196.44877016533,74643.0493412477,75786.49779208344,692.185616607836,263.6112298777007,147.19378801141283,480.1564429522841,-1.7134796010362208e-06,-0.0552134402498425,96,69,96.05073956786072
9590,865.7780809539196,157177.53705888503,74704.88597413867,75791.2922745556,660.0313759292476,255.53091629987466,142.21105249013635,448.66742175567197,5.206648222535193e-05,-0.050664131455691,96,69,96.05050701630404
9591,865.780623688869,157208.81711821264,74674.44772176121,75783.67698265481,625.975959578529,245.29028783459216,136.43585182982497,424.4839470263105,-8.230257336362153e-05,-0.0430755108700719,96,69,96.05026938526724
9592,865.7978535763925,157244.81031692505,74655.41217054054,75808.70238862927,590.4832386035123,232.7341912468546,130.65776242726133,389.1303932869632,8.074435384078597e-05,-0.0309072864227652,96,69,96.05002667822691
9593,865.8012504233853,157299.84180463006,74685.99549577135,75795.74532402163,555.5688102259301,219.1365583431034,125.03769382735481,360.0595126863336,-4.799688652728793e-05,-0.0153983534461271,96,69,96.0497788991151
9594,865.8179671081771,157335.97082974334,74671.96804490012,75794.81101917833,520.4326286920696,203.68665613651683,119.42502923993743,319.89637295904686,-3.287247048848832e-06,-0.0326615938502389,96,69,96.04952605231853
9595,865.8205468058839,157318.96214068294,74665.73348058555,75771.7950579354,485.5961015067296,187.07841335856938,113.03958741636598,286.7455898858025,5.3296500818398586e-05,-0.0263006958597887,96,69,96.04926814267895
9596,865.8378446006512,157342.10879507894,74648.80122146332,75819.73423530956,445.4215299296775,166.6165330761869,104.30895033210982,241.7327934090281,-8.271375279148253e-05,-0.033692068290689,96,69,96.04900517549312
9597,865.8411860707981,157427.31697871425,74671.812707137,75829.25336114934,398.0656894077547,142.60288813197985,92.17314224669826,204.78818858304294,8.017794773619104e-05,-0.0406245806434531,96,69,96.04873715651208
9598,865.8578632359729,157439.0652718365,74677.81726551123,75808.01162351204,336.1238491004915,112.40474581389572,75.4069824955368,157.70731453839107,-4.66717801093632e-05,-0.0317285146766029,96,69,96.04846409194114
9599,865.8604638068692,157498.654776067,74700.65365340073,75802.07302696446,262.05034651304595,79.15862916897458,55.07479333694209,121.13280511207995,-4.859123886847231e-06,-0.0267140399534944,96,69,96.0481859884401
9600,865.8778540501437,157503.18406772104,74652.14476326012,75786.24465518982,175.51593728351872,43.90384045778774,32.599755202332744,75.824005784787,5.450794822225573e-05,-0.0337541899843627,96,69,96.04790285312234
9601,865.8810899534689,157522.44945064597,74664.69169091152,75779.564714184,92.5244598314166,15.72482178088103,12.825596325477818,45.494990848732414,-8.309685585859934e-05,-0.0260984530562222,96,69,96.0476146935546
9602,865.8977946384152,157557.79166017365,74652.94215324371,75790.23218048307,25.05559898429783,-0.0,-0.0,12.031805770093342,7.958480612099929e-05,-0.0161753544898547,96,69,96.04732151775694
9603,865.9003298198967,157536.4419508193,74675.05123563972,75790.75166466301,-0.0,8.568935666204197,0.8644615128869191,-0.0,-4.533160609516671e-05,-0.0172636621814185,96,69,96.04702333420208
9604,865.9179835389224,157605.98527646146,74656.04337523198,75810.38342674474,30.64717686473159,44.50522567004373,18.68379256123444,-10.935663733573165,-6.428581295902207e-06,-0.0340547528140189,96,69,96.04672015181488
9605,865.9204894699725,157552.78276819794,74670.74886089005,75802.74010306195,139.13186591630802,114.63706646025821,57.47995566989994,5.7902289381599985,5.570042560585909e-05,0.0987458457880303,96,69,96.04641197997236
9606,865.9372151209895,157528.68651286664,74662.64078344585,75821.6175635836,321.7691263600718,212.09601974532416,114.88876252894988,26.644125516089844,-8.345176738963674e-05,0.375881752332746,96,69,96.0460988285024
9607,865.9404684201187,157439.46852237367,74656.97781379297,75774.57723956103,578.9727067553322,333.12062570336275,188.58744942676276,74.16647676069988,7.896514215463375e-05,0.3492091253640117,96,69,96.04578070768392
9608,865.9578370585914,157382.8846765191,74676.22772094517,75804.65465731858,883.0162147061201,461.26046988189046,269.84720811175066,122.24333912337897,-4.397682376506547e-05,-0.2312620124014819,96,69,96.04545762824624
9609,865.9604309093579,157342.35174056035,74629.17285903342,75783.28977075953,1216.6878093925188,588.144032288561,352.3448366727098,192.8741944572248,-7.995091531496289e-06,-0.3150513837664795,96,69,96.04512960136805
9610,865.9771113891575,157251.19749704274,74659.7892945789,75807.89455373307,1540.272799523722,696.5875569548662,425.51806115816,256.41305699793156,5.687354014057605e-05,-0.0125496258962166,96,69,96.044796638677
9611,865.9804879454603,157158.5466828132,74649.2869556785,75763.0784835211,1836.9685894334689,783.3926447992271,484.9411157598661,333.91066181025235,-8.37783817122642e-05,-0.0889414481185933,96,69,96.04445875224908
9612,865.9977412092455,157067.7483507705,74636.85835994856,75792.90651323613,2076.059717870725,839.4905963417987,524.4211790017434,396.7923176769982,7.831917791586457e-05,-0.062987818903898,96,69,96.04411595460807
9613,866.0003379174483,157042.0852196153,74665.84264799139,75794.53854968154,2257.8874165712623,871.5589813438855,545.9347655673628,469.12709726471803,-4.260789699583388e-05,-0.0501871024317664,96,69,96.04376825872428
9614,866.0170386470254,156964.10916067462,74614.8113718329,75792.68004360392,2368.0298610348254,877.6291234382661,549.0365319037955,521.587985132297,-9.55812789250066e-06,-0.0789577653465993,96,69,96.04341567801453
9615,866.0204897415953,156863.92067906613,74637.88798612068,75782.42764783166,2423.733252959675,869.6754236512352,540.6945047345798,579.5194020064664,5.8026906196917306e-05,-0.0416952395963222,96,69,96.04305822634076
9616,866.037650097433,156837.4936931441,74640.19247982586,75783.71739016318,2423.1818268425995,847.7526202766894,523.1774676644709,616.1806351055275,-8.40766029516308e-05,-0.0419500537234097,96,69,96.042695918009
9617,866.0402371774038,156745.87892259733,74650.14144158276,75769.65176708608,2392.870144905406,823.9035071679682,504.18149705423275,660.161758402799,7.764714408434196e-05,-0.029741005780542,96,69,96.04232876776938
9618,866.0569808371845,156761.93248009062,74587.99745658025,75788.87967305361,2332.4097324138274,795.1577364218392,483.9965413493919,683.6526191562298,-4.122529409028255e-05,-0.0176993320696295,96,69,96.04195679081433
9619,866.0604832288071,156732.9794947635,74619.71733117345,75774.06889967744,2267.8775897414307,770.8568785843527,467.6888932072907,715.9104177674162,-1.1117165215619364e-05,-0.0192885293138147,96,69,96.0415800027783
9620,866.0775566292759,156683.55180151796,74618.465107233,75782.6888568284,2195.4842243105522,745.5034280115215,452.6647815889737,730.6106708715088,5.916014490073712e-05,0.0006543188273676,96,69,96.04119841973622
9621,866.0801351853657,156626.69460547058,74643.77551051026,75782.88811276256,2137.2135772429174,726.9783715435624,441.9430435365357,757.9599987288238,-8.434634442505381e-05,0.0057102365560848,96,69,96.04081205820286
9622,866.0969335334739,156603.59711854815,74625.87279252191,75781.29831651266,2081.2652799356147,707.6025148041808,431.09982228965964,768.2365836483659,7.694928041771231e-05,0.0135953837277383,96,69,96.04042093513176
9623,866.1004704300792,156610.07421867643,74614.3950037301,75797.30644159587,2043.4929463152657,694.457418811915,422.67876266734675,790.6113649750769,-3.982948825001652e-05,0.0220465775866831,96,69,96.04002506791396
9624,866.117458837106,156573.14796385542,74645.90792366827,75778.09692931658,2006.3899104835,679.2884080279327,412.3533206906868,796.016569064639,-1.2671680159495328e-05,0.0163658742924218,96,69,96.03962447437712
9625,866.1200349324444,156540.3891833217,74646.2917729043,75767.04742384382,1981.8840383790084,668.8728680718195,403.2287949709571,814.0753848356544,6.027288412194864e-05,0.0299071611470752,96,69,96.03921917278424
9626,866.1368946133256,156532.86093485585,74582.6398362137,75789.32302821675,1947.7544875075691,653.6591955481854,391.0949806832941,813.0011508203752,-8.458752977772945e-05,0.0379740340294336,96,69,96.03880918183243
9627,866.1404516334712,156531.09474357517,74611.55697302305,75787.4538932323,1916.0888111321256,640.7577323935402,379.86008514036075,822.9762015261804,7.622583493380933e-05,0.0415413018413896,96,69,96.03839452065192
9628,866.1573562689674,156492.38628644633,74597.1296212998,75776.78712252184,1867.6887521204771,621.9317610419675,366.28840145276627,814.7793493797944,-3.84209562881906e-05,0.0433738275518261,96,69,96.03797520880464
9629,866.1599382800102,156500.16587849546,74632.21283084726,75744.44990308664,1820.0119043759769,606.258505600752,355.2966872428369,820.3111140295805,-1.422115094087106e-05,0.059133487887736,96,69,96.03755126628282
9630,866.1768626158322,156490.18541594196,74619.69070673088,75793.53952988563,1758.0121309990063,586.5588678281783,343.9185780217231,808.8914711321413,6.136475910263382e-05,0.068019386114437,96,69,96.03712271350824
9631,866.1804265882678,156464.08009775062,74620.32242423939,75767.12013964365,1705.7044804071193,573.5961452605261,337.5074259356479,813.6879886258976,-8.480009158989268e-05,0.0666718188703108,96,69,96.03668957133024
9632,866.1972491223315,156467.76775245924,74609.8891620678,75798.24146494476,1653.2561646997929,561.1040181040007,333.0967537412653,806.0693285606685,7.547706419517693e-05,0.0722335451962903,96,69,96.0362518610246
9633,866.1998465695247,156496.92766383843,74630.05425710861,75773.36700161295,1626.486250415619,559.2972852297971,335.39067746468936,818.6195399652643,-3.700017937695239e-05,0.0474061637261994,96,69,96.03580960429235
9634,866.2168362809985,156446.55447100953,74593.61624634328,75767.75359208752,1611.3920380103518,559.446109856377,339.8281881281582,818.6099933579098,-1.5765057814270934e-05,0.0321787852741837,96,69,96.03536282325793
9635,866.2203948908316,156417.15915357266,74651.11234895565,75773.82571188698,1628.7013583807275,569.9508320351597,349.7901139439491,837.4378342892451,6.243541241824236e-05,0.0098296259362204,96,69,96.03491154046816
9636,866.2371379427983,156341.82686077344,74594.3531629049,75775.21785184818,1657.4253953840816,580.6089171702333,359.48195470834617,842.751298744668,-8.498397278990394e-05,-0.0425266139996878,96,69,96.03445577889028
9637,866.2397608269454,156358.59533466637,74596.80696390277,75779.86349742638,1710.2250761466566,598.3571321648633,371.15948940094677,864.8111701453745,7.470323293395178e-05,-0.0655398156752956,96,69,96.03399556191069
9638,866.2568143902341,156345.66463683947,74577.28673037418,75740.86750063658,1758.0022568065324,611.4091305550392,378.15474233817076,868.8601125677815,-3.556764235500412e-05,-0.0866188604873457,96,69,96.0335309133335
9639,866.260356146155,156329.0378974369,74637.51414539827,75757.84294191698,1811.24309938238,626.7724572447332,383.21826370214694,886.751711695717,-1.730288303242291e-05,-0.0981787120535095,96,69,96.03306185737875
9640,866.2770234868257,156323.3449249942,74614.72663054132,75782.28119411164,1842.7876250802656,633.3632866390108,381.0966817305016,886.4768265830062,6.348449340668258e-05,-0.0836616732684838,96,69,96.03258841868086
9641,866.2796818428887,156270.9219485861,74610.2061838585,75778.70409416546,1867.1235852510436,638.5828168300941,376.2621803461516,899.6161078739678,-8.513912550247851e-05,-0.083324451231824,96,69,96.03211062228657
9642,866.2967957073615,156279.8439451148,74602.83719713918,75771.22668557097,1861.552433103323,631.6821391627454,365.1455496479757,892.0388981302094,7.390461492313034e-05,-0.1137051249241165,96,69,96.031628493654
9643,866.3003100502528,156247.39671512286,74594.1409436515,75778.5827416724,1847.6650121147395,622.0176320254541,354.11620909394696,896.5850411156425,-3.412383404461443e-05,-0.1146816890845043,96,69,96.03114205865062
9644,866.3169066416287,156252.62403516323,74601.60717563628,75784.04431880164,1808.4173997855978,601.3770524245047,340.7214889896277,881.3500880952342,-1.8834111366522866e-05,-0.0881034944288857,96,69,96.03065134355089
9645,866.3196102093307,156242.19395882552,74596.04729834254,75762.61449455317,1767.061015962332,580.7861132064281,330.8715514221112,878.6046538952796,6.451165930156172e-05,-0.0934669072998004,96,69,96.03015637503542
9646,866.3367789585839,156299.37032223173,74591.54712427099,75790.49925332161,1705.1301707181847,552.8362284909963,320.4631228299404,855.2684363026056,-8.52655115764193e-05,-0.084178369004583,96,69,96.02965718018866
9647,866.3402564400055,156249.64193274966,74607.57765037814,75786.84675072855,1645.8737386760185,529.3304074264161,313.73198543771286,845.8859774797747,7.308149136753442e-05,-0.0782740985936676,96,69,96.02915378649718
9648,866.3567883660364,156273.63175704225,74617.96415516785,75749.205323486,1570.8653510612785,502.5942760783655,305.1529684473644,819.8436449359579,-3.2669246887339655e-05,-0.0804319060661565,96,69,96.02864622184754
9649,866.3595463421866,156283.10945550443,74617.96118518311,75745.51904772449,1502.3104551126598,482.3449236862798,297.8550197829027,810.3083656366798,-2.035822990910767e-05,-0.0707884483039511,96,69,96.02813451452498
9650,866.3767628274687,156268.84389518126,74593.79176388065,75796.23228407254,1421.1460694291163,458.61567735511926,286.2580623925023,784.6508790070948,6.551657478718504e-05,-0.0659332235970009,96,69,96.02761869321064
9651,866.3801953294704,156293.18480256916,74588.27464638403,75783.33312919814,1351.5365498016472,440.24352412170265,274.79634173726663,776.885661818611,-8.536310295187545e-05,-0.0620523075220271,96,69,96.02709878698028
9652,866.3966696367761,156300.43137296962,74607.61813476752,75775.35616637739,1275.5081342243357,417.29868137612357,259.6482264143415,754.9928851841833,7.223415216586864e-05,-0.0681604643374561,96,69,96.02657482530222
9653,866.3994905039142,156299.6949614731,74639.60269324009,75769.83054903228,1215.056809844391,398.4326214361063,246.270284064929,749.8400070639327,-3.120437630391654e-05,-0.0636611599291122,96,69,96.02604683803467
9654,866.4167459520728,156298.82938414736,74633.07725845449,75767.06505292094,1149.27178299363,374.3565928680473,231.306972006656,726.9620141559863,-2.1874728640874705e-05,-0.0659590297457141,96,69,96.0255148554247
9655,866.4201269437555,156301.25166023572,74593.11298618768,75769.26252424586,1099.3204283639207,355.328302302034,220.22466353682103,718.35746081869,6.649891232821634e-05,-0.0924149307615179,96,69,96.02497890810524
9656,866.4365513898757,156295.67036699314,74610.32416180812,75731.01607567286,1043.7698855983908,333.33697807650606,209.021534231666,691.2164709577046,-8.543188113944742e-05,-0.0862672427026836,96,69,96.02443902709354
9657,866.4394428370035,156312.27532295938,74594.54238991818,75806.57447036206,1002.1047647153027,318.08793750462064,201.67071209987625,676.2747047741723,7.136289488316922e-05,-0.0786433586042745,96,69,96.02389524378869
9658,866.4567269123743,156333.4968360324,74594.79854032316,75756.61651297209,952.9165578926331,300.8069188967347,193.11236618855037,641.225506335526,-2.9729721374615895e-05,-0.0819431372264306,96,69,96.0233475899696
9659,866.4600517625447,156354.44023012457,74642.266010436,75759.05979888454,918.2315424415283,290.6929865364218,187.08899918364477,620.08935062011,-2.338310006402199e-05,-0.0673667858916993,96,69,96.0227960977927
9660,866.4764344442575,156381.41812712303,74619.16229619902,75763.3936281547,878.460836668266,278.43887434896897,178.92314515259932,582.8064774008817,6.745835215496172e-05,-0.0753313178093786,96,69,96.02224079978996
9661,866.4794034241344,156415.6424301361,74620.99594433159,75770.32660027419,854.2646041129483,271.85575069604965,172.57964231236838,561.1107084536634,-8.547183739097898e-05,-0.0805827712605924,96,69,96.0216817288665
9662,866.4967041887827,156392.87349973843,74630.73064106535,75759.30600274692,824.7783202782739,261.44460235531733,164.07690584711963,523.7664874259499,7.046802501944823e-05,-0.0802632634219537,96,69,96.02111891829784
9663,866.4999705959273,156432.1886686006,74619.06875360078,75768.05140411007,810.113023735641,255.71269156914786,158.06233159761177,503.2428074350173,-2.8245783977317728e-05,-0.0954178793086225,96,69,96.0205524017286
9664,866.516319380072,156423.0246949289,74593.05296384144,75764.54693925376,787.7376026245765,245.98228108572948,150.83574646204943,468.3304335132125,-2.488283990261193e-05,-0.0944826562093912,96,69,96.01998221316887
9665,866.5193724101694,156452.86610050782,74595.57611347034,75753.71253189148,773.9340264458442,240.30248116089206,146.34701769816456,448.3627523619216,6.839458214110071e-05,-0.0840306613681252,96,69,96.01940838699312
9666,866.5366760462052,156487.62151774683,74630.71732974987,75762.96059960179,745.0509060442564,230.25292492544395,140.48278141301125,412.05367300318903,-8.548297224678904e-05,-0.0881873408076994,96,69,96.01883095793686
9667,866.5398847507089,156478.5251405451,74601.39512296038,75779.05495277584,719.2798299489077,224.23286218866997,136.90331102529308,390.82708896053373,6.954985605358847e-05,-0.0842876756379509,96,69,96.01824996109472
9668,866.5562062960358,156526.42131627904,74633.10083755567,75766.47496502208,676.0315633559367,214.06633306934964,131.3826175092545,354.50285079397145,-2.6753068751325853e-05,-0.0790375001885365,96,69,96.0176654319177
9669,866.5593502875295,156544.5749066411,74614.43221257422,75743.11132157102,635.3033073639963,207.20744446817844,127.05634264784749,331.85475067264633,-2.63734468631504e-05,-0.0784120893091161,96,69,96.01707740621086
9670,866.5766402053691,156549.18634271412,74611.11907550525,75773.44274560198,580.0175352644874,195.568753920772,119.85914289549692,292.77809545531636,6.930729810034387e-05,-0.0876205454329598,96,69,96.01648592013068
9671,866.5797964771085,156562.81733789275,74626.61129758497,75789.53844790465,532.6221028283471,186.4920638302574,113.0588109260425,267.2412594925263,-8.546529661906036e-05,-0.0653282970108895,96,69,96.01589101018295
9672,866.596094180337,156610.37938512332,74616.38596256335,75775.01246070165,475.0984835125273,171.459430491901,102.66144566613366,225.47706770247896,6.860870924856312e-05,-0.0494205177978348,96,69,96.01529271321948
9673,866.5993387258425,156641.03045425017,74616.13767347747,75780.78560461987,424.4823836161522,156.12998383554805,91.36127222079085,195.0520018071984,-2.525208346016574e-05,-0.0371540522035754,96,69,96.01469106643584
9674,866.6165927415125,156620.40595528937,74603.65955728428,75755.54214644426,359.3830936985323,132.05999536564923,75.44061963097192,148.0150024294271,-2.7854422975517422e-05,-0.0406640149663967,96,69,96.01408610736904
9675,866.6197105407086,156676.8046382769,74603.99797830061,75777.18058125894,295.8710981255281,106.0008733724826,58.31283603029442,114.92098999297014,7.01962045638687e-05,-0.0538656251265563,96,69,96.0134778738948
9676,866.6359785758224,156744.65133671428,74607.79569164573,75740.04809443004,215.2000365536078,72.3798804905964,37.952017932519084,69.97444644174539,-8.541883061203735e-05,-0.0520544082433972,96,69,96.01286640422424
9677,866.6393440959494,156750.9033257827,74626.61829883473,75771.33141950112,138.8972040938679,41.24773577530868,19.717259202181594,42.564821102045244,6.764491302038394e-05,-0.0594633295582855,96,69,96.01225173690196
9678,866.6565225139307,156746.3135274614,74607.1449679095,75764.83114508224,60.235722321725916,12.401912649249425,4.565626897616312,9.057396676769713,-2.374333792408001e-05,-0.0653261151516517,96,69,96.01163391080291
9679,866.6596437462358,156752.62929870762,74646.12723240652,75782.64022812665,13.237757477443665,-0.0,-0.0,-0.0,-2.9325274049758277e-05,-0.0733567902601453,96,69,96.01101296513008
9680,866.6758335336419,156753.10317693185,74603.39406833028,75776.30972714059,-0.0,5.7172682739037555,7.742287709697848,-8.788954639574513,7.106101341185523e-05,-0.0798039198210019,96,69,96.01038893941104
9681,866.6794180554837,156734.31907502055,74624.09263935359,75751.97210462896,54.23070760036353,40.778115312656155,33.246680923970416,8.87878047709819,-8.534360443874882e-05,-0.0808929812245008,96,69,96.00976187349542
9682,866.6962714509494,156699.3060152014,74592.02269659277,75765.7912489001,172.04917104059132,101.58700280365883,74.72516259911936,28.54951157409232,6.665880364276504e-05,-0.0865564414281265,96,69,96.00913180755256
9683,866.6988186997296,156662.3258791999,74615.30353003627,75766.4798420871,371.79533647582866,190.59028188056254,132.2789600964461,74.91322425263934,-2.222734481170164e-05,-0.0685203513265308,96,69,96.00849878206805
9684,866.7158684101232,156594.12024249748,74636.47207235663,75758.79098375599,627.0612914714147,294.4940429275739,198.6373755846871,118.97905945949606,-3.078550929232528e-05,-0.0813519016931932,96,69,96.00786283784116
9685,866.7193613573648,156536.4455891391,74590.3345267976,75744.540590377,934.1217512227595,407.75671660955413,269.6097542650532,183.10189499642001,7.19014451161848e-05,-0.0032821806308305,96,69,96.007224015982
9686,866.7361736515738,156443.46552680503,74594.28799178218,75767.51574524757,1251.4255070804502,513.9885276156856,336.4648263496056,239.54146690745256,-8.523965790470499e-05,0.247306238935008,96,69,96.00658235790804
9687,866.7387248160361,156383.1116481072,74576.84098222402,75717.03311153964,1566.1365137149114,608.0733587660798,395.473219691572,309.54142211793805,6.565072470142361e-05,0.4100903612999422,96,69,96.00593790534204
9688,866.7558519106577,156276.21245366096,74591.92771354293,75739.13426888338,1838.016601684969,678.8132984431868,440.73833440747694,365.62709228979656,-2.0704618621544744e-05,-0.0195915831914446,96,69,96.00529070030856
9689,866.7593187934001,156241.2189299085,74622.67838817852,75753.74428949438,2064.3590964989853,728.4339528850833,472.2499370772857,430.9414442097186,-3.223464157604892e-05,-0.4265148378473672,96,69,96.00464078513096
9690,866.7760620705092,156192.89632866142,74600.66089499193,75753.12817511983,2222.27068125183,754.1960206175572,488.42115480113716,482.26887433740194,7.27172289066619e-05,-0.1241175098744199,96,69,96.00398820242847
9691,866.7786435307904,156129.05346487308,74610.5577612693,75768.95442385973,2325.23093011335,763.8381412968592,492.385637335552,542.6082364172325,-8.510704014370838e-05,-0.0637755555403781,96,69,96.0033329951133
9692,866.7958351884271,156069.47390276732,74560.04216751792,75769.06161948112,2365.4594986705924,757.9846359097428,485.1458080542652,588.0347982133972,6.462102705507293e-05,-0.1197505068389397,96,69,96.00267520638744
9693,866.799270931783,156009.90917773568,74597.50597752469,75766.25673875984,2367.6889131588396,744.7162212716066,471.243689707524,640.8080612046178,-1.9175675991437697e-05,-0.0634805777285712,96,69,96.00201487973936
9694,866.8159468898798,155942.28356564985,74579.597007932,75726.45715780105,2332.0091479338007,724.037630959865,452.61345773766516,677.9157990090316,-3.367218852207273e-05,-0.0968154125554351,96,69,96.00135205894136
9695,866.8185702629169,155902.170943667,74590.35365457332,75725.69233515188,2283.742272422416,701.7588902881835,433.39727157659945,719.4843089187634,7.350810191572564e-05,-0.067337587648846,96,69,96.00068678804604
9696,866.8358200996183,155838.6301591054,74565.05681029573,75749.38459128056,2221.0101604934316,676.6835407935141,414.7946293858986,742.3445874982572,-8.494581024213943e-05,-0.0608637296926386,96,69,96.00001911138357
9697,866.8392155994244,155840.031176335,74580.46125463548,75746.35125165612,2165.10298134241,653.7934257359593,399.4580456162512,768.4503702305374,6.35700682714678e-05,-0.0665313757250449,96,69,95.99934907355812
9698,866.8558304218492,155822.94653406847,74573.31075719323,75747.22688526228,2110.3626539133256,632.2366409100068,387.2253833914874,778.475779438857,-1.7641035287388113e-05,-0.0618503737663342,96,69,95.99867671944476
9699,866.8585044785891,155834.82727829574,74583.10384783485,75735.47234934848,2071.4581240068073,616.223095350666,379.0044330829696,794.4297826283437,-3.5097670854895106e-05,-0.0743110071562183,96,69,95.9980020941863
9700,866.8758060211404,155797.21368204302,74584.25382071988,75761.2713928362,2037.467130849196,604.1984723676578,373.56304857847863,797.218575612671,7.427381006670669e-05,-0.0753400154854561,96,69,95.99732524319036
9701,866.879152283267,155779.51491483417,74576.47649657703,75780.43405396017,2018.4082310806261,598.5034548314434,370.8534050711896,808.7865531712596,-8.475603678083895e-05,-0.0561017315639202,96,69,95.99664621212553
9702,866.8957140617244,155753.39166242536,74618.51271395329,75759.33395486066,2000.8158893795917,595.8936640410539,369.32067439175444,810.3598761881876,6.24982133206235e-05,-0.0609669452833429,96,69,95.99596504691829
9703,866.8984460920552,155727.76012394048,74569.22255327042,75765.19636391652,1991.220167542342,596.3208413857938,368.4660521580954,820.8828451771988,-1.6101216846488957e-05,-0.0492483661719807,96,69,95.99528179375028
9704,866.915791894999,155737.6236743838,74595.46723455704,75774.38990512166,1975.784316380159,595.7228296189423,366.98360829250305,820.5558352812077,-3.651061439357489e-05,-0.031264742714176,96,69,95.99459649905396
9705,866.9190809299535,155716.73588663177,74604.68773197479,75755.6278297229,1962.3780902593862,594.0687321628211,364.7974206729268,828.8291999151697,7.501410772297302e-05,-0.0256234711813757,96,69,95.99390920951024
9706,866.9355990126446,155748.64901433638,74590.97978120681,75751.17938107804,1940.8115791433374,589.0970990030764,361.72436982335057,827.7889419063285,-8.453779822429865e-05,-0.0407310458496186,96,69,95.99321997204436
9707,866.9383949790545,155702.91621228802,74588.93029319822,75759.1054434163,1920.968498072587,582.4877843868162,358.6211310905637,835.8895842898055,6.140583407271733e-05,-0.0322308989215736,96,69,95.99252883382336
9708,866.9557765765768,155688.10066816298,74626.7451152898,75752.3139883734,1895.8640630050213,574.313063274938,356.34421974173165,835.6105282333447,-1.4556741996346465e-05,-0.0231283107360379,96,69,95.99183584225162
9709,866.9590017269958,155687.49878502163,74584.92653590484,75772.11815185197,1877.4453306540963,567.3697778229107,355.9465907935228,845.9692121376866,-3.791054890788078e-05,-0.0094642227677494,96,69,95.99114104496827
9710,866.9754864103429,155683.11846338195,74610.87465904772,75793.8256839949,1860.384904784325,562.3000117994379,358.0422268588154,850.0690825456404,7.572875817681495e-05,0.0057129200578326,96,69,95.99044448984378
9711,866.9783508729454,155654.27225439614,74593.75526114753,75787.41213706772,1855.030321185477,560.7952548150497,362.52545232337434,864.5143254970899,-8.429118204513306e-05,0.0080976468774777,96,69,95.9897462249757
9712,866.9957589364304,155636.1185554621,74578.85036389962,75779.32786115457,1854.9349949615425,562.4849022188573,368.83846640537377,871.811522971926,6.029330883284812e-05,-0.0061710429729784,96,69,95.98904629868602
9713,866.9989150440678,155619.00122936713,74591.79909891998,75755.65150200108,1868.10919722385,567.5415439293865,375.5451415612479,888.6967296585208,-1.300813383673534e-05,-0.0053617039226346,96,69,95.98834475951756
9714,867.0153773368554,155600.30714836065,74561.99633841,75767.40568857551,1885.9324927197886,574.988670054925,381.57344138843473,898.4332079594024,-3.9297009155304e-05,-0.0099317682091002,96,69,95.98764165622966
9715,867.018313341887,155569.93766157466,74590.96348758267,75767.67558611602,1912.2162052624626,584.2410786971886,385.50402995650074,916.3069264119549,7.641753313876146e-05,-0.0351360413053416,96,69,95.98693703779604
9716,867.0357379071932,155559.73166343386,74604.54682476362,75760.86842666709,1936.056037424889,594.328553472893,387.2435381904361,926.1233148749161,-8.401628583823263e-05,-0.0602527791983328,96,69,95.98623095340022
9717,867.0388214087875,155537.22736158146,74576.31269076474,75759.94284700906,1959.349159673322,603.9824944816064,386.4269228630874,943.777234728972,5.9161022833222887e-05,-0.0912078545060223,96,69,95.985523452432
9718,867.0552728078087,155550.68447171012,74597.01838168647,75745.42651619062,1971.324197218346,611.7855023403681,384.18527787947096,953.2757590901165,-1.1455916569587272e-05,-0.1002036510365819,96,69,95.98481458448433
9719,867.0582817896569,155495.41873335288,74574.99524645648,75740.51669317856,1973.9035564395017,615.4516159577906,380.66941759811016,968.0530360297707,-4.06695347039027e-05,-0.0984261057835147,96,69,95.9841043993498
9720,867.0757125147474,155538.34200500834,74580.5520691555,75749.13549532404,1959.3090906194993,613.4965170803334,377.0048335859319,971.5539020625874,7.708021386264187e-05,-0.1164107003594242,96,69,95.98339294701616
9721,867.0787214892979,155470.84925762945,74610.66083711998,75729.37330642618,1932.7016886725905,603.9699856974039,372.3621195399319,977.2307226316188,-8.371321604625932e-05,-0.1140268519881344,96,69,95.9826802776638
9722,867.0951737538188,155457.68998648704,74548.37418251975,75734.76242104043,1890.5157345240004,587.4086985141766,366.8020266733947,969.413420590543,5.8009367318665874e-05,-0.0975040510674982,96,69,95.98196644166148
9723,867.0982554654115,155486.5953400089,74613.2828685353,75748.90394095791,1840.2534051515395,564.2706699066621,358.4554098115477,961.6548012821586,-9.900614838910558e-06,-0.0970780205639718,96,69,95.98125148956254
9724,867.115681903654,155490.76127558108,74587.1011039607,75759.13560423562,1781.2005375644076,537.9476925905619,347.238827903755,941.2264644158422,-4.202766968672704e-05,-0.0907614185436319,96,69,95.98053547210196
9725,867.1186160759863,155571.42145952964,74591.14218609213,75724.92582546717,1721.4038936345023,510.26652826499776,331.87409033681615,924.5888872276118,7.771658926557001e-05,-0.0792134721074837,96,69,95.97981844019166
9726,867.1350810023891,155523.20512150973,74584.88433367127,75736.56491838206,1659.840755263518,484.972639741929,313.9855636800057,900.8126080070797,-8.338208910360157e-05,-0.0797442398265869,96,69,95.97910044491807
9727,867.1382334776484,155554.5651923795,74601.19324922159,75735.26573472247,1601.7789169533644,462.3123679820128,294.1377721504832,885.0218114541785,5.683874037609843e-05,-0.0713165679282269,96,69,95.97838153753676
9728,867.1556453598405,155584.63227753705,74564.43686905986,75761.41973828521,1544.4955623529386,443.8988924237492,275.4615335116687,865.4673444670334,-8.34275458718586e-06,-0.0549986306531131,96,69,95.97766176947052
9729,867.1585060600046,155550.2595890683,74577.02216272725,75757.29380383046,1490.9807763390709,427.3892483001837,258.790503035445,855.2441686772509,-4.337096338489744e-05,-0.0583876900515201,96,69,95.97694119230424
9730,867.174995263053,155606.6645672093,74605.75301230914,75747.27393239317,1437.7883220625226,413.2850685572921,246.69799409620464,840.115750252764,7.832645870170055e-05,-0.0571472126525682,96,69,95.9762198577818
9731,867.1782148100541,155560.05135468717,74592.6574003708,75738.2838460934,1386.7889951806283,398.98946507017536,238.5218556652544,829.9798143708904,-8.302303075168838e-05,-0.0435115125962137,96,69,95.97549781780204
9732,867.1956023317429,155614.82369617108,74548.15612127988,75747.94850327056,1335.286990940629,385.8893211354589,235.07624289178057,810.616809582425,5.564954614759128e-05,-0.0471394890421269,96,69,95.97477512441544
9733,867.1983924074632,155626.12077212753,74591.47917967144,75738.60220832736,1285.0137710359995,371.9758516717702,233.85481648839777,792.9421244424884,-6.782862352058337e-06,-0.0396696249187759,96,69,95.97405182981947
9734,867.2149171175898,155624.66689520073,74577.70047664265,75762.90890881086,1233.9305624961853,359.4278925745748,234.56429716545972,764.5181536396267,-4.469897067296091e-05,-0.0492341662071152,96,69,95.9733279863557
9735,867.2181983373979,155668.71353006852,74585.86612957565,75744.17556382057,1183.347121474566,346.11061456047173,234.10044361077598,737.4504491241532,7.89096294825776e-05,-0.0567562900219589,96,69,95.97260364650528
9736,867.2355524509971,155690.35927654363,74572.64225669332,75736.24800384295,1132.2339343745844,333.87278510695614,232.26308613445144,702.2273836510722,-8.263617581954714e-05,-0.060471534643303,96,69,95.97187886288572
9737,867.2382761281858,155747.1550375181,74563.14797843916,75732.05727617744,1082.0557371200412,319.86457618251734,226.50028304115403,672.5731565447059,5.444219455579971e-05,-0.0683999133414529,96,69,95.97115368824652
9738,867.254847017459,155749.90525975582,74569.43042500244,75743.19030861632,1032.9833823150839,306.3006598932552,217.97618740916369,639.1054081292241,-5.221464669981936e-06,-0.0638929989015851,96,69,95.97042817546532
9739,867.2581828388983,155763.16479986857,74557.69318645899,75754.84536302074,986.5151420759503,290.95975374564296,205.70718709597713,613.6931660994305,-4.60112515590511e-05,-0.0598382046772369,96,69,95.96970237754458
9740,867.2754955547392,155817.4904635808,74568.59197630429,75740.69561691485,943.5499770573806,277.09582603340095,192.39180610745098,586.1731037261488,7.946591850337271e-05,-0.0461915501829444,96,69,95.96897634760714
9741,867.2781582367894,155808.44345721777,74564.38193325014,75748.03811459513,904.5212196143693,262.94792410961236,178.06277012548526,566.8332160922291,-8.222166858618099e-05,-0.0504692996978478,96,69,95.96825013889249
9742,867.2947852919503,155832.19985437917,74565.05843005117,75735.53357521047,869.5634659610805,252.20011455571512,166.0216540210531,543.9962279162137,5.321710166540292e-05,-0.0518212261301657,96,69,95.96752380475326
9743,867.2981670046939,155855.50760008022,74562.74946374662,75695.7122062256,836.8757576654898,242.36296806541213,155.94364295023843,526.5680527965887,-3.659088905361199e-06,-0.0328037601383114,96,69,95.9667973986505
9744,867.3154317138899,155833.05255934948,74573.03145627023,75716.90857843406,805.4375736248912,235.79595211878768,149.92781025188742,504.0121035288903,-4.730737136226934e-05,-0.0357713052333291,96,69,95.96607097415044
9745,867.3180397010753,155884.3197661602,74582.8325962306,75718.11471381767,771.8995877410052,228.2850163820258,145.8866552717227,486.17741047096206,7.99951517225357e-05,-0.0393030986315453,96,69,95.96534458492022
9746,867.3347321740921,155915.74973237733,74546.53571733476,75649.55629419418,735.9591689640074,221.63210589057417,144.46072725270642,463.17837981137563,-8.177966273131524e-05,-0.0287082768436373,96,69,95.96461828472444
9747,867.3381494264466,155935.02591112637,74535.8075983471,75728.28495329968,695.1134878995363,211.6631934629404,142.5377613947785,444.5681323904719,5.197468936235435e-05,-0.0262029460785409,96,69,95.9638921274203
9748,867.3553612776807,155933.8120110118,74548.87927993549,75708.46621320349,651.462483760668,201.08832114958204,140.4827941087715,420.9556721196568,-2.0962619328260898e-06,-0.0330178939687424,96,69,95.96316616695448
9749,867.357921365351,155952.69978832218,74546.44434052453,75752.73945754752,603.7882914794027,186.84577988133242,135.62988543559914,400.93860647425754,-4.858690154678853e-05,-0.0250726761633636,96,69,95.9624404573589
9750,867.3746878606325,155979.23188273798,74552.23683036462,75721.78422885592,555.9070735077839,173.13436438194185,129.41345158335753,373.72355657967273,8.049716411352388e-05,-0.0239644846065577,96,69,95.96171505274656
9751,867.3781285508326,155986.16484416294,74555.45878442457,75729.19323712286,506.0098589422996,157.19529469094414,120.00424399340409,346.6338516959222,-8.131032094305981e-05,-0.033862639209567,96,69,95.9609900073078
9752,867.3952849608016,156056.25218509324,74547.22534316216,75738.96692159951,456.79815725557273,142.45130156891537,109.15281922981376,309.84836716606515,5.071538516039773e-05,-0.0263701779449012,96,69,95.96026537530636
9753,867.3978038150708,156073.94821221606,74562.70134390233,75706.665549237,403.55359601334203,124.57557383863605,94.98482765787048,271.78909700457007,-5.335107924949008e-07,-0.0428616580338736,96,69,95.9595412110749
9754,867.4146526510091,156092.75974589074,74553.94251501866,75716.32884899965,347.5097088646726,106.15712756571884,79.37356320110848,224.3308973351959,-4.9849419022110165e-05,-0.042692852539336,96,69,95.95881756901149
9755,867.4181025357993,156162.11136470523,74540.01414706037,75726.99645365692,282.75816722476156,82.68982355674962,60.75875029969029,177.86040449814755,8.09718002115915e-05,-0.0322192075428314,96,69,95.95809450357558
9756,867.4352040534008,156205.92982262754,74531.4024125377,75725.4220392514,212.71422107098624,58.188065566384466,41.80022706184536,127.27888383186655,-8.081381508475513e-05,-0.058396601609845,96,69,95.95737206928364
9757,867.4376870735092,156257.38558083685,74541.03216742649,75724.91182570244,136.37251425156137,31.312818721067742,22.483765454147942,84.38276643815334,4.9439621844800166e-05,-0.0810224062754062,96,69,95.95665032070546
9758,867.4546273186,156322.96692090086,74581.22129013609,75731.53124134333,66.93117880215868,10.943042718339711,7.78562984947348,44.27195755401044,1.0286377377920514e-06,-0.0874796577264375,96,69,95.95592931245989
9759,867.4580687899505,156295.20526653994,74575.66241778342,75711.30016484325,13.824831393780187,-0.0,-0.0,17.92917477953597,-5.109450671340908e-05,-0.0857455890331558,96,69,95.95520909921096
9760,867.4751210750488,156294.04314350447,74590.96574909777,75723.00510270034,-0.0,9.73381753571448,5.609925714932615,-0.0,8.141891383437273e-05,-0.0764293652147656,96,69,95.95448973566364
9761,867.4775696457544,156334.79818721724,74564.6725857956,75725.92620429436,38.699039375118446,42.350060356999165,26.877384570485447,-0.19133108857204206,-8.029032606480701e-05,-0.0696242742286634,96,69,95.95377127656
9762,867.4946144767432,156297.496091426,74583.39760895024,75740.13002507709,149.8081289427937,105.19949669379275,68.03127212583786,10.224653582670726,4.814783772342515e-05,-0.0868923172217635,96,69,95.95305377667532
9763,867.4980219356079,156299.6662346291,74549.24902639684,75717.75100055934,333.0108220514376,192.93160575236834,126.47383176683798,38.9926441796124,2.589657455564433e-06,-0.0665757288463532,96,69,95.95233729081347
9764,867.5150430929868,156230.05834646407,74548.5087984127,75736.21831943124,588.1893190157134,303.69319628378435,199.88449637015583,78.30749159818515,-5.23217536079633e-05,-0.0464062773829739,96,69,95.951621873803
9765,867.5174426014655,156187.78767752327,74543.48532120063,75720.7025426755,892.0242427313351,423.7233797440713,279.3145074992208,134.16846027915017,8.183836798704032e-05,-0.0520378844961058,96,69,95.95090758049382
9766,867.5346307469315,156109.73323563105,74554.65114111378,75708.90074540394,1226.1659036576748,546.0939144178847,358.2393928368401,196.91670945324586,-7.974004403501662e-05,0.0205148595761682,96,69,95.95019446575196
9767,867.537918327255,156037.23096382007,74559.78631144045,75737.26514204472,1555.5082708254922,655.4886751474696,426.654160994658,270.8614488589228,4.684047617709783e-05,0.2555899345637492,96,69,95.94948258445646
9768,867.5541843192201,155937.3287853932,74553.0681826173,75719.56843076793,1860.5433013746515,747.4445460583956,480.4978797496151,345.86976485711057,4.149022608428362e-06,0.4361994471984385,96,69,95.9487719914946
9769,867.5573649841956,155887.2261459811,74533.99851326007,75719.4650772891,2114.684011756268,812.8484415769199,515.2795661447453,424.49156201424194,-5.3530755170747134e-05,0.0320019475654573,96,69,95.94806274175836
9770,867.5746350612507,155845.99180587882,74549.04549262983,75718.21720471019,2313.731969186396,854.7374647662364,533.4124181775987,496.5186754138849,8.223003495918414e-05,-0.3566171217186795,96,69,95.94735489013996
9771,867.57779545724,155728.5998831969,74534.67706345319,75728.28589188839,2447.0826700328034,870.6987701171456,535.9955000630143,565.1046902816743,-7.916316757496824e-05,-0.0726133989029012,96,69,95.9466484915278
9772,867.5941041652653,155651.04767315846,74543.33194461068,75711.81121812406,2526.4722620005487,869.4754459500837,529.2981981110352,621.6206640142773,4.551798579946256e-05,-0.0146757076130035,96,69,95.94594360080292
9773,867.5973225689356,155624.9336924929,74532.245815614,75708.31478638024,2552.8332186198677,852.3194743674394,516.0045686604717,670.7052476680255,5.706208700690929e-06,-0.0501380831375076,96,69,95.94524027283389
9774,867.6146184460027,155584.82328230425,74528.31906520226,75712.05288753234,2545.0756306901458,829.2928848081938,501.84515604077023,706.9401749851822,-5.4721112808308376e-05,0.0037359185405084,96,69,95.94453856247344
9775,867.617677682874,155548.1394793882,74496.68210920843,75700.58984006026,2505.645755288657,800.6492149453261,487.47187499320717,737.9989332528494,8.259379680336687e-05,-0.0192428034945429,96,69,95.94383852455452
9776,867.6340224520178,155536.4176744643,74508.56452981464,75728.35106740233,2453.8519210172235,774.8231496747176,476.2748210367572,761.1045593161543,-7.855990477663674e-05,-0.0020681195609152,96,69,95.9431402138855
9777,867.6372906408056,155515.94181769236,74520.96580135943,75713.49176618784,2390.6846309060347,749.9367615508818,466.66140228608856,784.3569319365197,4.418081993471773e-05,0.0052429644537869,96,69,95.94244368524684
9778,867.6545909217596,155482.56114810574,74543.67413628653,75716.97104587223,2333.4504276132793,731.9717024982092,460.0814676041191,805.0062362264143,7.260691702018126e-06,-0.0007058624410647,96,69,95.94174899338624
9779,867.6575594279137,155463.30173986344,74520.89988348263,75718.08238378185,2278.773442697129,716.3222289240366,453.4469373068423,829.2802255596034,-5.5892434682553054e-05,0.0204095535387797,96,69,95.94105619301514
9780,867.6739442756341,155423.11687099215,74513.58619807215,75704.56465130553,2240.0098581936327,707.1919185639854,447.70615458718385,852.0889720733103,8.292954480217345e-05,0.0151154023476313,96,69,95.94036533880426
9781,867.677265004736,155433.6421575166,74521.71777950133,75697.92724363728,2207.8254055695143,698.6286142159079,439.97341049008537,876.3981515385094,-7.793047201126229e-05,0.0066781038284615,96,69,95.93967648537972
9782,867.6945543411874,155353.32371118895,74498.88855892324,75720.33771468005,2188.887862861622,693.7219872499118,431.76894496244495,895.8737266242097,4.282943647065075e-05,0.0372084197970613,96,69,95.93898968731894
9783,867.6974397846018,155355.38420140857,74510.12262716456,75675.02371474702,2166.669244760531,685.6645658067864,420.81295774763566,912.8365702057199,8.811949017926106e-06,0.0514797041551822,96,69,95.93830499914634
9784,867.7138717109659,155383.84179702034,74490.70707024593,75658.20676759457,2145.409674346738,678.1512440143997,409.5171806673752,922.1527186568419,-5.704433564725186e-05,0.0564620081732547,96,69,95.93762247532936
9785,867.7172433263117,155338.71119958977,74477.15034950149,75714.13820935675,2109.6357296593487,665.7054198124388,396.3662124609109,927.408875631314,8.323718008301777e-05,0.0693854754159633,96,69,95.93694217027442
9786,867.7345093262467,155361.28428235,74477.68771134023,75683.134937649,2068.420450765232,653.5365317574324,384.29675915144617,926.3444864527555,-7.727509451927216e-05,0.0613660481637381,96,69,95.93626413832273
9787,867.7373189467135,155334.32393325845,74475.08853480878,75697.8694739915,2012.1539088691352,637.424077543692,372.0232011672633,924.2456718982139,4.146429832759039e-05,0.0743793550439597,96,69,95.93558843374636
9788,867.7538058820082,155368.3831123126,74507.15361839772,75725.92160191476,1957.7935113932472,624.1643052679865,362.850153654872,920.3887627116055,1.0359459534218072e-05,0.1035306093379257,96,69,95.93491511074384
9789,867.7572238352118,155364.8470658076,74525.05425506084,75699.97564509184,1900.6596522111213,610.3107104982482,355.5250062981504,919.5644699842087,-5.817643716235178e-05,0.1126444136478973,96,69,95.93424422343652
9790,867.7744561524636,155351.74101012287,74487.51860055054,75676.50005672964,1858.9453773609712,602.2965462940774,352.9251445006812,920.7342935531051,8.351661262785255e-05,0.1345742057707854,96,69,95.93357582586412
9791,867.7771975977821,155342.77406943648,74511.94980591747,75682.34728946873,1824.7392465255107,595.4538455514266,352.87519014894497,926.6068563768058,-7.659400636414064e-05,0.1549855612682595,96,69,95.93290997198078
9792,867.7937473371752,155353.39594487415,74506.48119726738,75686.5476326839,1812.9354333373485,595.4500548822543,357.4100583489344,934.653016178374,4.00858722267079e-05,0.1481273995964294,96,69,95.93224671565088
9793,867.7972051299723,155314.16256745707,74512.6620542018,75704.35628101655,1810.6325899588992,596.6601219128934,363.2996961946483,945.3260210563603,1.1902703352339016e-05,0.1459936944934543,96,69,95.93158611064506
9794,867.8143948233284,155307.8146931512,74494.88554227607,75650.36434400328,1827.7929568275576,603.5818223573442,371.55530051724054,955.6213209490525,-5.928836717454288e-05,0.1421780296956125,96,69,95.93092821063644
9795,867.8170769888243,155310.9214818793,74492.61322919646,75665.19973165788,1846.7961699920124,609.4841558709013,378.20557944866596,965.0796285801625,8.376776271817864e-05,0.1295355533744706,96,69,95.93027306919596
9796,867.8336957108135,155291.6677787278,74475.63457045215,75652.02761309696,1876.4971089552273,618.771531814753,384.46180635894416,971.4824499549286,-7.588744980321292e-05,0.1145964150681611,96,69,95.92962073978876
9797,867.8371868953858,155345.3372839595,74499.41384637653,75699.15394112768,1898.305387868837,624.5860059982951,386.9303960069956,974.5256715447176,3.869462976641833e-05,0.0830662096840882,96,69,95.92897127576984
9798,867.8543237626244,155288.00588956647,74455.86729164263,75684.48564689491,1920.7423672105651,631.0516073885956,387.6405421072559,973.5598719537957,1.3441162398591228e-05,0.0483241448281744,96,69,95.92832473038035
9799,867.8569614107738,155291.60737097048,74471.55231474049,75637.24293338905,1925.2451703062397,631.2062883660838,383.99816993888817,968.7616529544175,-6.037976154798256e-05,0.0209673287960834,96,69,95.92768115674328
9800,867.8736446495475,155303.30964620196,74488.07465680897,75673.6198086078,1923.699935607845,630.1028368147963,379.0395250720903,961.3067430225492,8.399055965401261e-05,0.0180841752433531,96,69,95.92704060785957
9801,867.8771816682219,155307.63486296858,74465.9383652253,75654.11955958066,1900.4266101600952,621.5922634611052,370.6009868727124,951.8976330970763,-7.515567604582999e-05,0.022414025883062,96,69,95.9264031366039
9802,867.8942033160037,155341.17860947055,74488.223268422,75675.37028644147,1870.0128080901923,611.2743891451682,361.66044197272277,942.9085024567903,3.729104617949719e-05,0.0154420921351801,96,69,95.92576879572071
9803,867.8975873126917,155365.0815287209,74471.73264261601,75660.34608330074,1819.4122913549072,593.7832543963596,349.79342621564865,934.2614708840265,1.4974320871540597e-05,0.020627007470041,96,69,95.9251376378203
9804,867.9137228774516,155372.55988770002,74484.76463262815,75635.24344176643,1765.8659083314706,575.4603279598232,337.80502084008185,927.8760059681372,-6.145026223336152e-05,0.0203611006510095,96,69,95.92450971537497
9805,867.9170710688076,155309.4555336737,74478.87353679517,75668.2126556059,1698.0462200827315,551.6018698870321,323.2657847600058,921.4162509553717,8.418494269357457e-05,0.0245997862587259,96,69,95.92388508071431
9806,867.9342281582409,155389.48980853482,74471.37465561529,75639.44838096012,1633.9484530445188,528.7770980262867,309.21476226247614,915.5919217295304,-7.439894415183884e-05,0.0361658262119953,96,69,95.92326378602236
9807,867.937444300092,155374.06043042548,74502.04035560641,75659.06069178987,1559.9144633280812,501.58975255575206,293.19139699084917,905.8223833207157,3.587560046451063e-05,0.0287691216341392,96,69,95.92264588333224
9808,867.9536586417365,155406.22041216516,74473.09910212096,75658.9136814603,1493.5124001728254,476.6502526370459,278.5999330842751,893.2472563252959,1.650166413131092e-05,-0.0040421152589808,96,69,95.92203142452324
9809,867.9570228847965,155387.47092960743,74478.59300856486,75661.69053630599,1420.7680538387503,448.9526152940671,263.1476617573353,873.9031129336217,-6.24995191096197e-05,0.0055179497479743,96,69,95.9214204613166
9810,867.974214275696,155418.72596830272,74500.82104909113,75666.5784006884,1358.8739295873092,425.40046889381483,250.10683228378184,851.7231745593599,8.43508605686125e-05,0.0192620735156649,96,69,95.92081304527105
9811,867.9773183418743,155444.33921897368,74440.56462977809,75649.1722686537,1291.750410438457,400.68965700888657,236.52076930896146,824.2221850361093,-7.361752173796458e-05,0.0052705817950942,96,69,95.92020922777952
9812,867.9935852781284,155500.75954311105,74484.45317920968,75652.56127588314,1236.9280585920205,381.8989723385457,225.47642638970865,798.1469513103366,3.444877613245461e-05,0.0189045477883371,96,69,95.91960906006474
9813,867.9969905879664,155553.1316289475,74471.53708474539,75634.93273495507,1178.4428485597018,363.5192686441442,213.94433142256457,771.3638299945742,1.802268065316562e-05,0.0078743218177059,96,69,95.91901259317544
9814,868.0141842866035,155562.24215276126,74471.6912431614,75627.9158500291,1133.1194109693752,351.59784893460164,205.02424948086264,750.3281374138605,-6.352718911282921e-05,-0.0104325835719641,96,69,95.9184198779826
9815,868.0171965404676,155572.8200285931,74475.27811309502,75633.85497631783,1082.5230932010454,338.9666685380362,195.46468704534345,729.4480982276727,8.448827138882519e-05,0.0115966529574856,96,69,95.9178309651752
9816,868.0335123756934,155554.91856923993,74497.23123386818,75642.11438247077,1043.8488949371385,331.11632563993044,188.68967931772931,713.3976094365353,-7.281168476320818e-05,0.0056973065601026,96,69,95.91724590525646
9817,868.0369670053427,155602.97146466447,74501.06036636028,75653.36106541895,999.2597823810065,320.91500994336093,181.6396964644664,694.2314415200381,3.3011059730943336e-05,-0.0002586829382149,96,69,95.91666474854006
9818,868.0541419706107,155619.473776018,74474.95800092093,75628.28766212771,966.212966253981,313.9978353300394,177.6711520756653,676.6028251597891,1.9536860732596407e-05,0.0046360544513243,96,69,95.91608754514596
9819,868.0570770035297,155641.65466954125,74433.08188620416,75658.70146603773,926.0342801531078,303.3427202814346,173.12170813218108,652.1816020811093,-6.453293672924761e-05,0.0034782933247061,96,69,95.9155143449968
9820,868.0734423064152,155707.2512573141,74419.85040587162,75661.41357976223,898.1124696776387,295.6737737576477,171.097666115209,628.6001704916125,8.459714353519369e-05,0.0084915877942396,96,69,95.91494519781406
9821,868.0769499284029,155703.36018851644,74471.17438816457,75655.57699332862,864.719852256123,284.9083006451692,167.47903722539195,599.2381501138152,-7.19817168550253e-05,0.0189443367124043,96,69,95.914380153114
9822,868.0940872967085,155739.48052477313,74474.52297150786,75655.06015771255,844.2015198619338,277.9543391924235,164.9579761948262,573.5247238717857,3.1562940977998625e-05,0.0095925694175342,96,69,95.91381926020368
9823,868.0969614227421,155816.9052368432,74457.72191776909,75643.10811749309,815.7524323968682,268.30524779629195,159.1806132310012,543.6537157792482,2.104369723016974e-05,0.0028362641662674,96,69,95.91326256817756
9824,868.1133736977076,155789.8554255739,74467.15475843588,75640.18863888495,797.3105820800993,263.04768362035975,153.77853159519145,519.5299929074245,-6.551643376005118e-05,0.008874880711839,96,69,95.91271012591336
9825,868.1169412735377,155834.5093386281,74510.12169930087,75625.82333018041,767.5964200070594,255.52604127625818,145.51776295964373,491.74815591724473,8.467745434410826e-05,-0.0026726554230566,96,69,95.9121619820685
9826,868.1340148535508,155851.4252017922,74487.18830737301,75653.19875260144,744.0622035107808,252.10404855581874,138.92963629259611,469.3504211900872,-7.112791020254975e-05,-0.0155997550968175,96,69,95.91161818507588
9827,868.1368598870739,155874.74320831557,74452.39347733586,75663.69970445556,705.4172612199909,245.38045144290663,130.98232033842942,440.8456888862711,3.0104913920916283e-05,-0.021019927705934,96,69,95.91107878314088
9828,868.1532907156328,155949.22302124646,74489.45462477735,75659.40559733383,672.8379626271199,242.06652794485854,126.38997884312994,416.80173090449534,2.2542686497955364e-05,-0.0149084812309615,96,69,95.9105438242364
9829,868.1569714935298,155958.00652879316,74483.31791378326,75640.03679133629,627.9113164030714,235.015929019748,121.52428798488108,386.0153267686255,-6.647736028673764e-05,-0.0193694844438453,96,69,95.9100133561002
9830,868.1738438708007,155985.16612592398,74479.80725198115,75653.28249828667,592.3186831639614,230.493281224175,120.02137411152944,359.792187671148,8.472919118148005e-05,-0.0208383675074553,96,69,95.90948742623084
9831,868.1774317880191,156033.43379413793,74476.86151723171,75671.53380021773,547.2944347663433,221.0337622357183,117.20543301457656,326.3182878389198,-7.025056408867794e-05,-0.0194431447143693,96,69,95.90896608188346
9832,868.1934821008582,156059.78304504324,74490.4681485714,75647.86560085733,513.6204176355968,212.63391942178714,116.07444979535649,297.6691898658755,2.863747419079136e-05,-0.028168665161732,96,69,95.908449370067
9833,868.196816865028,156113.10181956374,74488.54084883821,75646.32365764715,470.91752655344317,197.7307622868102,111.50936423029634,261.4413045172405,2.403332666791124e-05,-0.0244157705350426,96,69,95.90793733753964
9834,868.2138940144434,156136.61485733665,74459.71775888375,75674.36888455071,438.1744052412687,182.31309358416183,106.47679331456311,230.66134617791977,-6.741540326865767e-05,-0.0199448019241197,96,69,95.90743003080529
9835,868.2172850705131,156198.80324162982,74494.92089561773,75638.64666470683,390.12593607680174,158.08760099609208,95.4630868419481,190.74355916836066,8.475235098800211e-05,-0.0210054445276757,96,69,95.90692749611053
9836,868.233417642249,156216.33888545472,74461.2158804444,75645.17623381947,344.35349149099784,131.67035040198243,82.19018510286696,156.1304130096687,-6.934998642762726e-05,-0.0297266573146654,96,69,95.90642977944024
9837,868.2367570709914,156270.38767428402,74515.4335306501,75642.18036661664,277.0350464346702,96.79142968154338,62.681631440558704,113.55518088137615,2.716112157428924e-05,-0.0070440057714843,96,69,95.90593692651431
9838,868.253891161275,156297.29287518852,74475.48701661415,75653.46507392787,210.05054704553913,63.21963710698765,42.964463205687935,80.30257801475818,2.5515119728619524e-05,-0.0156448158100528,96,69,95.9054489827837
9839,868.2571634709417,156359.39286008207,74494.08596505136,75649.42686235024,125.31019495934015,28.316877039091196,21.30243816183065,42.62852819095133,-6.833025826008948e-05,-0.037705759513031,96,69,95.90496599342757
9840,868.2733368449282,156388.99602532265,74486.7976998391,75658.1197489502,56.702475288300775,6.737276109663071,6.743640056723962,20.113008343614638,8.474694006774413e-05,-0.0413581479460867,96,69,95.9044880033488
9841,868.2767189525338,156434.13979181793,74511.29276860727,75614.81389529779,0.12132107827346772,-0.0,-0.0,-0.5759349970030598,-6.84264922812574e-05,-0.0692894807814195,96,69,95.90401505717088
9842,868.2938695328266,156451.18899489276,74495.4823779739,75628.16393784939,-0.0,23.762448847162887,10.99663394279196,-0.0,2.5676358268244027e-05,-0.0681594236380073,96,69,95.90354719923438
9843,868.2970476797346,156392.48949666342,74465.29809637903,75664.97724239244,53.689750768768135,75.85460484665236,38.48907033717842,4.035606754361652,2.6987570561823412e-05,-0.0651421036826757,96,69,95.90308447359348
9844,868.3132531422011,156399.98595832387,74502.42723352798,75632.37893089248,200.2121046744869,164.96725142470677,88.71993497622316,29.855391981865978,-6.922162847234093e-05,-0.0782873003153093,96,69,95.90262692401195
9845,868.3166932520571,156384.0166772017,74478.04240430928,75652.21945252332,421.5936129388283,279.3007276880817,154.85094608273357,57.875432258530054,8.471297489306491e-05,-0.0785826176160829,96,69,95.90217459396015
9846,868.3338340344773,156348.80920707533,74512.57244006096,75648.56277391598,732.3399916074704,416.8271292285208,236.691546016169,105.64840030748746,-6.748040460763289e-05,-0.0950572132315993,96,69,95.9017275266115
9847,868.3369349672796,156303.3921962994,74487.07853016048,75656.31424218781,1085.4753236987744,556.6704463248316,321.4435667444777,150.35898890852695,2.4183688725308852e-05,-0.0990080967958202,96,69,95.9012857648388
9848,868.3531693879954,156252.04065446142,74486.86797057604,75624.60752379183,1473.8369050393812,692.9955083671957,406.15264391119126,210.84219204814872,2.845018779522316e-05,-0.1021080508700306,96,69,95.90084935121104
9849,868.3566779639266,156207.72040003378,74483.7349814903,75655.40999758738,1839.2716751835542,806.5338951416052,478.40087190034683,264.7254988013883,-7.008922523559078e-05,-0.0931852163999872,96,69,95.9004183279894
9850,868.3737839532338,156178.5193580039,74485.99422173675,75645.2197486786,2174.7330516253132,896.9462071570888,538.1770772447053,330.9949837840395,8.465048121151193e-05,0.0798919788134083,96,69,95.89999273712476
9851,868.376827796248,156115.36483472132,74509.38717468806,75646.69705831145,2432.799442881602,952.8633334776678,577.4002549886063,384.51541982544586,-6.651205343284244e-05,0.3064387960284537,96,69,95.89957262025366
9852,868.3930831193148,156032.45573001864,74498.1958921576,75673.86382001273,2628.1453089006827,983.3915120019228,601.5863249567046,445.7962682945072,2.268362007302538e-05,0.0116417675041445,96,69,95.8991580186949
9853,868.3966769865307,156021.81632106367,74498.80918354577,75658.09710720637,2737.45740773133,985.502253222352,607.430610930649,490.5945098520024,2.990248294447844e-05,-0.5300735656521294,96,69,95.89874897344652
9854,868.4137108678768,155986.92144244557,74475.0382194111,75671.04859964311,2794.3204416642548,973.3812904404622,603.4166477498511,540.2608890781121,-7.093276802053481e-05,-0.3457875920234785,96,69,95.89834552518238
9855,868.4167403300215,155933.41429610405,74467.67170434911,75685.51196002164,2787.257845799788,945.9771795010893,587.4417036690429,569.8337676107767,8.455949417876711e-05,-0.196545116645115,96,69,95.89794771424864
9856,868.432972346774,155951.48358162664,74483.47917812085,75640.53883684245,2757.64033718477,917.6706764424889,568.7140948611632,604.5172443637857,-6.552177645130149e-05,-0.282630093674139,96,69,95.8975555806606
9857,868.4367314768409,155912.22535191724,74476.86454913944,75645.18099628911,2696.0040369794588,885.8371869739203,545.1090662869392,622.0561986399698,2.1176661794662974e-05,-0.2231222710123473,96,69,95.89716916409944
9858,868.4535139992531,155917.86210021758,74501.39336784613,75637.87658904932,2638.7057052130695,861.2921858104964,524.836998949293,648.1462841843313,3.134397190270881e-05,-0.2837895523950975,96,69,95.89678850390936
9859,868.4572317108366,155910.47553922428,74469.8223223139,75637.98646439552,2569.7830015690997,837.9827666937053,504.61587685445556,659.5867741941474,-7.175198465878383e-05,-0.309353504305758,96,69,95.89641363909334
9860,868.4732799408426,155906.09030389934,74479.80918378642,75650.42538274886,2518.806278879347,823.7473542473745,491.33553575674887,682.0234657060937,8.444005887408463e-05,-0.2985378081718249,96,69,95.89604460831092
9861,868.4765448544662,155910.05974021612,74488.74925424212,75658.61284016946,2463.879062551656,810.447696817937,480.14013353845803,691.03372671752,-6.450991855486797e-05,-0.3060373058726278,96,69,95.89568144987486
9862,868.493578025705,155867.9758789984,74454.04901031607,75642.45482039466,2429.8745464101667,804.5699555657775,476.29594886137056,712.6193210997444,1.966332530075437e-05,-0.3068958356521536,96,69,95.8953242017472
9863,868.4970899842582,155861.83793059026,74495.61171550513,75662.97856522801,2388.162672349077,796.3261220948334,472.6889686200593,718.1303199848044,3.27741741244334e-05,-0.2988306358352208,96,69,95.89497290153705
9864,868.5132109613354,155886.14944490563,74479.74124491723,75666.09097941384,2360.4489162501413,791.7830238058232,473.3577264697815,733.2192497646029,-7.254661128666574e-05,-0.3129880396131811,96,69,95.89462758649712
9865,868.5164768339012,155919.72669958192,74491.74759939373,75646.15978355266,2318.895061806019,782.1490118416841,471.2018885234429,730.4792010049277,8.429223012971636e-05,-0.3204904907409902,96,69,95.89428829352042
9866,868.5335807735812,155923.81893403508,74504.23362944009,75680.5214245033,2286.9240899023134,774.7280153440952,470.90608412693837,737.497654142644,-6.347683170584798e-05,-0.2910746391247628,96,69,95.89395505913762
9867,868.5369775668024,155926.3614718324,74485.92710684735,75665.38735363225,2237.5766299839597,761.6284699969401,465.97868739970727,724.8830785673053,1.814412384274055e-05,-0.2826122519179083,96,69,95.89362791951348
9868,868.553121287225,155928.2921555181,74495.83106360331,75625.94395923818,2198.109593570174,751.6099850088212,462.3476695914869,721.8302181607578,3.4192613467900144e-05,-0.2858800274246483,96,69,95.89330691044417
9869,868.5564336499845,155954.01555993652,74464.61554857608,75679.62612281354,2147.6634408396785,738.6484793139243,454.9959767833061,701.875677280972,-7.33163922031876e-05,-0.2707213766843275,96,69,95.89299206735448
9870,868.5735642852883,155985.0431659673,74468.57822509605,75665.07996243349,2116.893863435369,732.2269730616244,450.50020085906726,696.5994092248438,8.411607170263373e-05,-0.2640399900141341,96,69,95.89268342529414
9871,868.5768711345326,156033.78133014234,74518.09309543906,75657.45858943694,2084.23814766336,725.7649937267415,443.49602161490475,677.7313751828333,-6.242287448818798e-05,-0.24859500408078,96,69,95.89238101893535
9872,868.5930265517381,156004.270156365,74461.53065205207,75658.83221749851,2079.0460169956787,727.9814853569842,440.36973588590627,677.8037872631685,1.6619572321142983e-05,-0.2228030454073285,96,69,95.89208488257002
9873,868.5964050942956,156077.76814629397,74498.11308593946,75655.97550742589,2078.17620871088,731.5396653391508,435.94777868888923,669.3957463797997,3.559881740096785e-05,-0.208203019504636,96,69,95.89179505010624
9874,868.6135338731431,156086.40683967317,74479.5458872357,75659.85394521753,2105.773198217561,743.2376361507486,436.41369424774894,683.4337347009277,-7.406108058768423e-05,-0.2239242741622951,96,69,95.89151155506592
9875,868.6167675716066,156031.24474077267,74490.7607264927,75672.0736067145,2131.7389374089544,753.4053933078685,436.0615838144149,686.7689489359618,8.39116574845906e-05,-0.2131840610162717,96,69,95.8912344305818
9876,868.6329297819922,156032.25162934107,74507.45528414859,75674.43390422846,2176.244043648592,767.6024081029173,440.8892557786603,708.5159765518329,-6.134841294448557e-05,-0.1886808878361144,96,69,95.89096370939464
9877,868.6363895056242,156047.14833002078,74468.42063596485,75662.41189187701,2208.8681397699984,776.4792640052037,445.10954712034436,715.6039631054737,1.5090187446021434e-05,-0.2013966333927363,96,69,95.89069942385017
9878,868.6534882446347,156059.83346699615,74464.7696217604,75655.80258113051,2248.8247431510244,786.0235204083001,453.68465398831177,736.7638714200875,3.699231830267979e-05,-0.2089723878538926,96,69,95.8904416058964
9879,868.6566697861471,156043.03718721485,74485.49827214226,75692.71369229227,2265.5271912047174,787.6656128334871,459.3442366945965,737.1600670553453,-7.478043805574981e-05,-0.2237234467946644,96,69,95.89019028708118
9880,868.6728279430997,156054.80345591262,74513.34815391846,75655.00051793446,2281.2837495237472,788.7452246973116,466.16512046020944,748.7608022179047,8.367907038187358e-05,-0.2495317097117878,96,69,95.8899454985492
9881,868.6763919188319,156069.12620611844,74522.8078849244,75690.342310447,2270.919943585992,782.1586518984986,466.9045002507337,741.0572305938986,-6.025381945966129e-05,-0.2797357779406675,96,69,95.88970727103909
9882,868.6934174075895,156089.9956917861,74493.50667140113,75673.88369863066,2258.949213505024,775.1322555567021,465.77417485186015,747.329191129742,1.355648712918202e-05,-0.3106851675363361,96,69,95.8894756348812
9883,868.6965936554795,156099.50503278023,74500.74911166969,75665.97252538722,2221.2783152859774,760.000306545975,456.4181446447619,735.2770295227529,3.837265267493616e-05,-0.328225300016185,96,69,95.88925061999424
9884,868.712696864601,156158.47044035493,74492.80190189094,75658.17279853657,2184.2216816626606,743.9140040339844,444.9321361503389,739.1476039983099,-7.54742348425081e-05,-0.3404310373432857,96,69,95.88903225588392
9885,868.716456569601,156129.42775330652,74517.10768894728,75672.08013528968,2126.2511090530897,720.0458826628455,427.36241648334544,727.5324741724762,8.34184031890831e-05,-0.3614074130318137,96,69,95.8888205716386
9886,868.7332190754081,156137.35231939954,74526.3301784341,75689.44640110788,2071.9579590956564,695.70909086967,410.95519871645956,731.629436195537,-5.9139472944654655e-05,-0.3611342891642538,96,69,95.8886155959282
9887,868.7369839721881,156149.668269232,74509.86678390465,75685.99991974262,1999.1784188798629,664.9992657142866,392.38156024739146,717.4049437959911,1.2018990521615908e-05,-0.3508834048115524,96,69,95.88841735700088
9888,868.7531154356767,156207.973847626,74496.38476626834,75665.98907542916,1932.1271439656848,636.1015420761105,378.5062188328593,715.929561415076,3.973936202935793e-05,-0.3494570156972545,96,69,95.88822588268089
9889,868.7562552088614,156234.15078569646,74496.6121373978,75672.0273423509,1849.8651739144698,603.9496210519137,364.9764934174891,694.0683596315794,-7.614224993838426e-05,-0.3421177906449123,96,69,95.88804120036562
9890,868.7732837890154,156270.69583095878,74502.05311846985,75670.7789449431,1778.314649988315,576.8396752462868,357.08345942935557,686.3150898174499,8.312975745480688e-05,-0.334037688126413,96,69,95.88786333702352
9891,868.7768559541121,156229.64236118083,74508.16747760196,75654.1427062243,1696.0788208824815,548.4961518345954,348.35338497173507,658.0003625345707,-5.800575928932895e-05,-0.3325137109421777,96,69,95.88769231919191
9892,868.7930380641249,156338.9868211748,74514.54001579789,75665.12639313951,1628.604033530166,525.7015227671654,342.4913512672938,644.059192143468,1.0478217854078204e-05,-0.3238407925333779,96,69,95.88752817297356
9893,868.7961821732538,156382.37660087683,74521.08710907426,75651.15201359158,1556.0777817342314,501.7151908780361,332.9175234027207,612.4686997023528,4.1091992418080335e-05,-0.3264084095549194,96,69,95.88737092403548
9894,868.813287149521,156375.8603764257,74516.52097195311,75683.59095528813,1502.7186378588085,482.87445002586173,323.7029098951316,599.6865536320838,-7.678427128144002e-05,-0.3338832471193568,96,69,95.88722059760572
9895,868.8167563929179,156422.3711896848,74540.92461952791,75682.56754740847,1444.772423803981,462.2196657007589,309.01638725522207,570.1408131784701,8.281324511631315e-05,-0.3211473609784122,96,69,95.88707721847165
9896,868.8329392968623,156473.7767528077,74495.7667092043,75671.58059635448,1402.3035090412595,446.2975572519499,294.18869401840493,558.4848213400692,-5.685307011570577e-05,-0.3374542145771192,96,69,95.88694081097697
9897,868.8361339362021,156482.72509119372,74504.04569113009,75660.83324783803,1351.1087783579715,429.2523384238157,275.5280648517364,530.1666305821564,8.93469002342069e-06,-0.332366509146606,96,69,95.88681139902032
9898,868.8532733976517,156517.31106190797,74505.78267276744,75679.27125837882,1310.4059336417704,417.6291609575128,259.7524874654191,519.8261418017792,4.243009502511474e-05,-0.3263909315985545,96,69,95.886689006052
9899,868.8566611885344,156563.3855471403,74493.80851082566,75668.92941972583,1256.2468082446721,404.7855876841204,243.68405271784286,489.51269010812393,-7.74000952142081e-05,-0.3334015485289298,96,69,95.88657365507288
9900,868.8728349303417,156592.35069118897,74496.00918227991,75650.87766050009,1210.1124291113229,396.2652765520761,233.6267630555667,473.5754501322517,8.246898637948338e-05,-0.3392957347159688,96,69,95.88646536863102
9901,868.8761006137245,156650.1536063269,74511.55772897441,75686.67792631846,1153.7585260775522,385.49996159615694,225.71495572169079,437.16427984880283,-5.568180372061506e-05,-0.3566815649879926,96,69,95.88636416882072
9902,868.8932475411727,156667.92481546765,74494.65438178071,75662.95175346252,1110.808253016672,377.78115257946774,224.2900865469419,416.0018602429773,7.388928783301782e-06,-0.3396968813201726,96,69,95.88627007727952
9903,868.8965671867641,156756.59635954406,74535.07341118417,75682.65755360236,1062.5147129254183,366.66087034532393,223.3483184602228,373.3616228423489,4.3753226350439625e-05,-0.3785209894740121,96,69,95.88618311518648
9904,868.9127280519758,156768.92408675706,74539.12809581663,75710.75874228282,1030.150048793701,357.8817413331417,225.6296901270107,345.9057553478051,-7.798952770735092e-05,-0.3782766744970204,96,69,95.88610330325982
9905,868.916080727903,156828.8827135893,74527.48079971052,75684.60562632295,994.1363799205865,346.30499559122836,225.10757820110302,300.4931047015998,8.209711174039357e-05,-0.3577606859314517,96,69,95.88603066175548
9906,868.9332082197878,156859.09607430518,74543.57578975197,75689.63528456754,971.98525292048,337.8399753845588,224.74459917200147,274.4488533207914,-5.4492364103105074e-05,-0.3850787771220382,96,69,95.8859652104642
9907,868.9364768952756,156932.7964431162,74508.69240707518,75702.44613540125,941.25919620489,327.1580241430056,219.46329219202744,232.20751754002413,5.8414560322611975e-06,-0.3505517346216724,96,69,95.88590696871084
9908,868.9526162414481,156983.21091104328,74523.17162946123,75689.85290839207,918.2509769455646,319.63434211039566,213.45431180877495,211.24379033985315,4.5060947538581925e-05,-0.3739055034100735,96,69,95.88585595535083
9909,868.9560787453253,157011.78733043032,74542.81812391711,75679.49759651811,883.3086885767407,310.01652186719,203.41897610374144,178.13623027605354,-7.855238316093513e-05,-0.4063584819204779,96,69,95.8858121887696
9910,868.9731463543882,157036.0922833523,74476.30754366124,75660.15116496553,853.3626887535211,302.83619275812816,194.21123726599035,168.59893604027457,8.169775994911465e-05,-0.395475023290785,96,69,95.88577568688
9911,868.9764044588582,157066.8629709941,74520.8400808044,75676.9298699329,810.480593199085,292.461517067306,182.9157149923558,145.19960681215161,-5.3285161307483296e-05,-0.3877162393565429,96,69,95.88574646712088
9912,868.9924775175987,157088.0134653128,74543.37097323738,75676.24611485122,773.3912372757331,283.38751486218825,174.2406400712498,142.75163231254555,4.292794630898874e-06,-0.365368498835164,96,69,95.88572454645455
9913,868.9961387667565,157103.24078562943,74530.69464793835,75677.43176821426,727.9436336400686,271.04743593675084,165.3349565482058,125.84637839149218,4.635282580622956e-05,-0.3527235299907214,96,69,95.88570994136596
9914,869.0129293741594,157154.98473097716,74506.6279551038,75681.11767433058,691.7908555638278,259.9876427112904,159.74252061758307,127.31433763363748,-7.908848526005528e-05,-0.332577378128787,96,69,95.88570266786034
9915,869.0155653530443,157154.61996981114,74508.3977462014,75670.40473807562,649.0715647260076,245.74376248217595,153.46070214553038,109.05841124200379,8.12710798875073e-05,-0.3294499582419705,96,69,95.88570274146136
9916,869.0324957077564,157162.40333273108,74486.36954033491,75653.57963426657,615.593914454279,232.7060598533135,148.92123302511754,108.33743660381879,-5.2060611409092496e-05,-0.3447154910652609,96,69,95.88571017720976
9917,869.0360911843904,157231.893060992,74533.31129330285,75647.0022145148,572.4356853046338,215.54193962851423,141.06514687053277,87.47522375005065,2.743466920179283e-06,-0.3367262884392634,96,69,95.88572498966172
9918,869.052828961419,157222.723133282,74461.11235837307,75622.36832224438,529.9889121477026,196.65567878259753,131.02539483690634,81.91483231019811,4.762843374970931e-05,-0.3437639480519324,96,69,95.88574719288695
9919,869.0554717768939,157265.05450352136,74498.96663982506,75641.09163179358,468.52705901139416,170.07793879695237,114.07018010344473,55.67352065857267,-7.959766681574511e-05,-0.3557182504236736,96,69,95.8857768004672
9920,869.0724763403756,157317.02703837177,74498.41112965897,75653.99521992552,399.3902446372085,138.61794549155456,92.62186687454232,47.77293725605705,8.081722887180703e-05,-0.3452871176715297,96,69,95.88581382549468
9921,869.0760519992261,157299.85138219583,74505.36210164844,75635.12669752583,308.0061999860336,99.08699969088775,64.93474550329847,22.569300386618124,-5.081913566775738e-05,-0.3562637469331451,96,69,95.88585828057076
9922,869.0927177089175,157356.03447488372,74519.34057703607,75641.91491679702,212.56915679684607,58.69528613690636,37.06366773977061,17.117178760119714,1.1939955308548638e-06,-0.3849481969315956,96,69,95.88591017780436
9923,869.095388618435,157381.16046890823,74504.45188862512,75611.11013937133,112.00877585745184,21.18463632631756,12.17581317629083,-2.4697350364003796,4.888734930516817e-05,-0.3603225639310219,96,69,95.88596952880977
9924,869.1124583971779,157419.56292244364,74494.61419056922,75617.35383689168,37.70125913550146,-0.0,-0.0,3.474612145393621,-8.007976985500032e-05,-0.3513768473110348,96,69,95.88603634470658
9925,869.1160068048306,157369.9931381609,74511.4688069015,75622.82672669865,-0.0,2.8416840000863886,5.382901398668764,-0.0,8.033637367573162e-05,-0.3461893094044448,96,69,95.88611063611708
9926,869.1326030665273,157402.14477037513,74497.99859781607,75620.26882463091,32.97589840524597,41.85103046763106,35.734573957306566,23.495170731417602,-4.9561161209173725e-05,-0.3046809256127459,96,69,95.88619241316546
9927,869.1353129821374,157399.44608056248,74507.61862882439,75613.59846724234,143.47343128273496,118.93436383538938,90.73864566491102,39.55295421765186,-3.550971859726495e-07,-0.1384902876169939,96,69,95.88628168547646
9928,869.1524426952484,157381.2361794207,74479.65439542387,75614.47627225664,349.98037289176136,235.19381491503736,169.4598854642536,85.26423189681373,5.012915685290962e-05,0.1118855933112412,96,69,95.88637846217368
9929,869.1559540962761,157325.76032459407,74477.50767457942,75599.315487049,636.5070588720846,379.526525508074,262.933123428782,123.47692774946336,-8.053464529758129e-05,-0.1122345457956683,96,69,95.88648275187882
9930,869.1724868174217,157273.4504394708,74469.95737039961,75605.07081557669,993.2641144749359,540.4404502743855,362.84276287729153,187.3497699998552,7.982868997025526e-05,-0.6250909978397255,96,69,95.88659456271004
9931,869.1752447654046,157247.65321350607,74483.63702836022,75612.95969731826,1381.7450633899425,699.3680898798339,457.3300819504657,240.4095069814066,-4.828712034820409e-05,-0.460195203252453,96,69,95.88671390228092
9932,869.1924283428499,157174.82569900286,74452.54546850275,75623.19709397429,1776.1180972379516,842.9850185555551,539.1580828512087,316.7091411741567,-1.9032891339477288e-06,-0.2716324600688902,96,69,95.88684077769948
9933,869.1958935170559,157138.506790808,74441.7199668463,75628.00057238914,2134.56391914346,957.5553280509776,601.6326658396283,377.72917026866344,5.135344623787848e-05,-0.3316074809917311,96,69,95.88697519556644
9934,869.2123701833281,157098.24996836824,74487.2383170957,75637.02712249118,2438.1118466738844,1038.6111698376335,644.1028735431319,455.10472401813604,-8.096215368223288e-05,-0.2919048672792868,96,69,95.887117161975
9935,869.2151840718054,156997.36495917747,74441.75140969589,75613.83453876863,2663.6362806484103,1083.8345066766778,666.8831935172784,512.5667285642412,7.929436234301806e-05,-0.3159813823695215,96,69,95.8872666825088
9936,869.2324141794185,156984.4373077242,74466.60993876995,75598.17405896359,2813.415305538976,1098.5647022804624,674.0552110450517,583.6268465953763,-4.699745061103384e-05,-0.278173129917434,96,69,95.88742376224168
9937,869.2358250417774,156921.30426079038,74451.50798578888,75619.86977723695,2886.0905726469937,1087.7842714369035,668.6255861992831,631.1367940047639,-3.450059059819701e-06,-0.2616463245779923,96,69,95.88758840573624
9938,869.2522542973696,156888.02638803312,74471.86657322105,75623.57586388051,2899.6706544577028,1060.164790164854,654.7868777270196,688.0514083843445,5.2559813658327925e-05,-0.2602224417660238,96,69,95.887760617043
9939,869.2551308954818,156855.4196977115,74435.54823730819,75602.33703494503,2864.344689294405,1021.7386975949776,634.8660134298843,721.2344803485903,-8.136216469203705e-05,-0.242946294887172,96,69,95.88794039969945
9940,869.2723990025803,156839.30474450954,74459.17789023778,75598.8321289695,2801.1885111813317,979.7003433051577,611.5584002227697,766.2854556675884,7.873358446479371e-05,-0.2575690494474519,96,69,95.88812775672892
9941,869.2757488459337,156822.18082622567,74441.77259135543,75605.40830516735,2719.3553111253423,938.0540171683097,586.4601830300235,789.2446229389752,-4.569259462149665e-05,-0.2443877662650141,96,69,95.88832269064052
9942,869.2921402645754,156823.43658448616,74467.67668071485,75618.06617355143,2634.251800435537,901.1680241582944,561.7485245411226,824.563304531126,-4.994886566637051e-06,-0.2178979117575286,96,69,95.88852520342716
9943,869.2950850640433,156791.24469654178,74435.32900426467,75598.06651092386,2550.0148299409193,870.7109777770092,539.2752386934881,840.4978638813482,5.374786152329312e-05,-0.2216333509931853,96,69,95.88873529656544
9944,869.3123816334468,156783.3517421336,74431.83079621363,75604.51228593601,2475.1556273735478,848.067455174576,520.8217721646361,871.3349617673084,-8.1734557326304e-05,-0.225546987493245,96,69,95.88895297101486
9945,869.3156652768741,156780.2852727583,74451.0635037154,75608.03822266817,2408.6059860778623,832.2646324289526,507.53004614193924,882.3040574223851,7.81465585882978e-05,-0.2015272023373528,96,69,95.88917822721712
9946,869.3320291530626,156770.28226217718,74432.89274504538,75580.33166445032,2353.0624183931504,821.7153503100126,499.25972513254965,905.8947126138664,-4.4372999893047735e-05,-0.1919236264402222,96,69,95.889411065095
9947,869.3350462323032,156765.96369583413,74445.19532315843,75579.97001464479,2304.1500552099897,813.543673344102,495.08448565157596,910.0371843734465,-6.537251193492611e-06,-0.1976366105001619,96,69,95.88965148405217
9948,869.3523609493463,156765.37829765974,74424.21177414416,75631.36078882685,2260.6814261690015,804.8724209850043,492.5650718068355,928.1367305763997,5.491719858413011e-05,-0.180619515015912,96,69,95.8898994829724
9949,869.3555748428694,156758.19575534787,74466.66298612999,75596.92068027965,2217.1303556672065,793.4715198912891,489.71200956436223,926.8423041189089,-8.207921997817059e-05,-0.1514381874257362,96,69,95.89015506021887
9950,869.3719219707609,156838.6590465681,74447.1676603424,75606.71728332904,2171.914315925096,778.115587890381,483.96102334250463,939.3824254133215,7.753349604430876e-05,-0.1492092200991728,96,69,95.8904182136337
9951,869.3750138905793,156817.82349023677,74456.39652279735,75601.29677924304,2122.7362416436663,759.5923654076323,474.84443601206294,935.2775130632799,-4.303911860141798e-05,-0.1539408159492895,96,69,95.8906889405376
9952,869.3923359078208,156777.11042953303,74456.91489512623,75576.21564175616,2071.5509333182126,739.3737103126914,461.9845146025473,947.2678429729131,-8.076634882987817e-06,-0.1427384758129525,96,69,95.89096723772904
9953,869.3954782038097,156802.91760289812,74434.60076154268,75606.74925688983,2021.4282078331453,720.6449651190778,447.76553960875026,942.0356066376844,5.606744035151324e-05,-0.1295540668458091,96,69,95.89125310148408
9954,869.4118196397617,156818.16030334792,74463.696928855,75609.28394534797,1977.5394983317237,705.4357664249546,433.78982255177107,951.2401908019092,-8.239605062579632e-05,-0.1241119178023778,96,69,95.89154652755572
9955,869.4149873794762,156841.9249594589,74439.89634802539,75608.3512736845,1945.1304179237923,696.2848746699165,423.5041784445639,944.0584058763634,7.689461619706978e-05,-0.1297212120768054,96,69,95.89184751117396
9956,869.4323055666935,156859.8015759443,74470.43548277396,75608.64414370593,1927.5578842622344,693.0211958831205,417.89832674583886,951.86185221083,-4.169140746775266e-05,-0.144661833206468,96,69,95.89215604704468
9957,869.435376160131,156858.41989263485,74488.17825553456,75612.39253572364,1927.0640448323102,696.0107691210869,418.8897791534837,942.1377283567854,-9.6125201199179e-06,-0.1947382422553112,96,69,95.89247212935015
9958,869.4517229711654,156863.08515192755,74459.2581138656,75605.9538569823,1941.4339295689715,702.8368064929964,424.8230587025464,946.5087584240246,5.7198208430414486e-05,-0.2188714621861245,96,69,95.89279575174838
9959,869.4549659093831,156901.25501219428,74502.60684911888,75637.33140864164,1968.2573457001126,712.829559881764,435.1138645562751,935.3500444352685,-8.26849561909802e-05,-0.2479373009313231,96,69,95.89312690737272
9960,869.4722691005936,156898.41045881202,74491.84069146118,75624.18517471301,2000.7521323089604,723.2122689991229,446.07097560944385,939.4872605151904,7.623014775012314e-05,-0.2666848664298795,96,69,95.89346558883211
9961,869.4752696399298,156930.1086674729,74479.93029883306,75640.70355657721,2034.832319262321,734.0057734649745,456.49829390636296,927.17423563599,-4.033032797456587e-05,-0.2572965662262312,96,69,95.89381178821024
9962,869.4916326409156,156947.34416311287,74501.69495342045,75671.31609950821,2062.664508527727,742.731743823897,462.9610154351976,929.1813560730079,-1.1144390944333208e-05,-0.2684395009718131,96,69,95.89416549706633
9963,869.494948584761,156933.4932663014,74488.52675209631,75653.82833800298,2081.4479289571755,749.6474628392607,465.6855559631658,916.1148092349758,5.830913162387557e-05,-0.2233024206859437,96,69,95.89452670643398
9964,869.5122258125908,156989.66712545435,74513.68379022543,75673.03243882765,2084.981717914925,751.913974224386,463.0625763524149,917.6080672802927,-8.294585375646842e-05,-0.2288712413081341,96,69,95.89489540682222
9965,869.51515968589,156991.0711144089,74537.56424129188,75682.48113774229,2073.897456280829,749.736769134528,457.27822064299835,902.7746202251001,7.554032743373616e-05,-0.2295287197103996,96,69,95.89527158821444
9966,869.5315491653271,157000.71339343578,74543.40895965269,75680.94496984579,2044.6553102969192,740.0750607877417,447.6428629095026,902.2657502838993,-3.895634553095723e-05,-0.2047704687455846,96,69,95.8956552400691
9967,869.534934434952,157010.09606726715,74495.95869466907,75685.0294746288,2001.2956318592187,723.8395966749813,436.53147517575417,888.1450617758383,-1.2671733035240624e-05,-0.2098974880902934,96,69,95.8960463513197
9968,869.5521751378104,157068.14101472514,74515.6450261946,75692.46170344483,1942.7558484727633,699.2948961278162,422.7674653536815,889.9589472298103,5.939984540380169e-05,-0.1809568748148889,96,69,95.89644491037424
9969,869.5550474459396,157049.95650258393,74492.56140363011,75700.85364008264,1875.586048396537,669.5072299454623,408.25147084746277,878.0696022016054,-8.317866927639297e-05,-0.1736415457349896,96,69,95.89685090511632
9970,869.571472872408,157071.76201732014,74505.06056802912,75687.5694870298,1798.8733931824681,634.3887589456281,391.1539470773423,882.039070728526,7.482540075910266e-05,-0.176557230905353,96,69,95.89726432290438
9971,869.5749224565692,157113.10206198355,74538.76606312637,75685.32417295793,1718.8639992497046,598.2934720522171,373.2069894853921,873.1383484019316,-3.756992966779481e-05,-0.1502367403514437,96,69,95.89768515057254
9972,869.5921166316266,157082.43946681818,74501.58694091385,75674.49688230269,1633.5255998403882,561.3635089590098,352.80639286813675,877.7399267352303,-1.419403378281986e-05,-0.1467300217802103,96,69,95.8981133744306
9973,869.594934177338,157102.484701862,74513.44620840526,75642.6219698023,1548.901909294771,527.439968348117,332.29752914374694,864.5921389325813,6.046999252896982e-05,-0.1567529007136923,96,69,95.89854898026408
9974,869.6114038571155,157155.744591036,74495.47808959651,75641.40112340123,1462.1694524173508,494.931020723714,310.37970134211355,860.5582879164431,-8.338333849570862e-05,-0.1272711647074048,96,69,95.89899195333476
9975,869.6149116828467,157144.63355032,74499.29080151749,75655.56535327293,1379.5926333616371,466.0214476717956,289.66232319147093,836.8116099543113,7.408562111931258e-05,-0.1313752748684202,96,69,95.89944227838096
9976,869.6320499208816,157223.2520057768,74504.90704635407,75670.42983920503,1298.471593326307,437.89975038227567,268.9350435011438,819.7093333400262,-3.61715543027365e-05,-0.1409054074478013,96,69,95.89989993961818
9977,869.6348212934465,157228.3215952851,74503.11678153036,75692.3402713944,1225.2749224327272,412.5620074960898,250.69626929279184,781.4838582344528,-1.5710782796014343e-05,-0.130470426614615,96,69,95.90036492073882
9978,869.6513418816315,157253.55176535365,74515.95861707909,75680.61413909495,1155.757540765626,387.30285832293157,233.05572529119672,751.9238514185708,6.151922251890778e-05,-0.1329948381456941,96,69,95.90083720491327
9979,869.6549013338839,157355.60290889328,74551.32436090433,75679.05211633758,1094.9349109168397,364.92592090170365,217.84911094827112,706.8365468025731,-8.355980670759728e-05,-0.1484621256583166,96,69,95.90131677479
9980,869.6719745410021,157400.65076239957,74562.64832045464,75696.26741559854,1037.2564885405009,343.5896018844214,202.843077906291,674.8934552280989,7.332125053896516e-05,-0.1565539624731948,96,69,95.9018036124962
9981,869.6747105645364,157429.39204054265,74577.98763207255,75713.60723898726,987.3132317659911,326.71691683294193,189.9997334490181,630.9973505626258,-3.476169648561105e-05,-0.1385704461317263,96,69,95.90229769963862
9982,869.6912860578711,157469.9712893807,74571.71801271723,75713.30432510137,938.8855110451113,312.0113703622628,177.43113980651833,603.8490125897515,-1.722147138646631e-05,-0.1433531728436424,96,69,95.90279901730344
9983,869.6948912922486,157525.297663954,74588.33164847801,75715.68794404923,897.0737048033043,302.18783799589437,167.83367300452664,567.8936326536641,6.25471924430427e-05,-0.136177323849162,96,69,95.90330754605772
9984,869.7118892797414,157532.5931899212,74584.15471267686,75745.53144473206,856.7133195079514,294.14133400292485,160.0971784729336,547.7403524442634,-8.370802837039355e-05,-0.1322860412752546,96,69,95.90382326594931
9985,869.7146050796672,157600.15110974628,74589.52875550235,75734.00342958786,823.8413232832681,289.9799784593488,157.10289544955594,516.1873851417913,7.25325593115519e-05,-0.1387924657824557,96,69,95.904346156508
9986,869.7312333029788,157607.92905447,74575.95763155381,75721.70982799394,792.6060509465169,285.85317300009774,156.91717327805236,498.8997918496025,-3.3340837151143406e-05,-0.1346082259098503,96,69,95.90487619674629
9987,869.7348846694339,157629.74591787206,74586.51984573847,75734.82882774757,767.9724777804804,283.7244910692534,161.036076754448,470.46588726574555,-1.87255935153319e-05,-0.105947735052936,96,69,95.90541336515945
9988,869.7517877283362,157680.9398584567,74596.93904339985,75709.96759156797,742.8991517893155,279.9998998439696,166.08766034056316,455.4101142930158,6.35535660690542e-05,-0.0844193787522154,96,69,95.90595763972752
9989,869.7545177259196,157732.3421878119,74581.36982446314,75718.97140215265,721.2752849042299,277.044303134011,172.28948572237277,429.4339564641996,-8.38279683611358e-05,-0.0960859811394489,96,69,95.90650899791508
9990,869.7711595772967,157732.35417836884,74576.94719169961,75713.34810110368,695.1491555414395,271.3207382771361,175.54122817216557,418.9416215211968,7.171982487790965e-05,-0.0972077886368908,96,69,95.90706741667248
9991,869.7749431090458,157766.53741174593,74568.43450701644,75700.98459328963,669.0329372639535,265.47335989243584,176.33884314860916,400.3246463846008,-3.190946189660089e-05,-0.0823473807903549,96,69,95.90763287243676
9992,869.7909713510044,157774.75412441982,74558.83691495948,75714.94747462885,637.0923626009608,256.3918384476274,171.95566937242984,395.5810223669105,-2.022264598930094e-05,-0.0869900409225326,96,69,95.9082053411326
9993,869.7942376902006,157738.4876241627,74534.89994738654,75698.69856827422,604.9215276390896,246.45957794315473,164.20198114207597,381.3503823991632,6.453801507499792e-05,-0.0858452503768082,96,69,95.90878479817351
9994,869.8112454619452,157853.3719534378,74540.2886034167,75708.41565773128,566.7689899574034,231.89502084856213,151.5209070117271,378.5141178777267,-8.391960029014688e-05,-0.0890812989470044,96,69,95.9093712184622
9995,869.8147755391393,157858.1045840781,74556.81804604855,75678.6109778998,527.5176154005458,214.66748691612156,136.49269662520965,360.5765759010392,7.08833343809721e-05,-0.1050992691454333,96,69,95.90996457639226
9996,869.8316517294082,157856.2504116827,74553.67955689093,75660.86814003241,478.74477221345296,190.32868077940657,117.53282356448472,347.51279646967305,-3.046805614690439e-05,-0.0995667950772486,96,69,95.9105648458489
9997,869.8342537884859,157894.0215702279,74563.45589844981,75696.57592262939,422.74776188260876,161.0605418416817,96.88190384273184,313.4588146156457,-2.1712125649988384e-05,-0.0909358955263083,96,69,95.91117200021031
9998,869.8511753491379,157894.45676358527,74575.17564012989,75726.98639993068,350.1529929122189,123.67368190779234,72.87958245922346,281.41424237700994,6.550022107752435e-05,-0.0817331579600988,96,69,95.91178601234856
9999,869.8547691889095,158011.20972148524,74588.42481331232,75740.36873056518,266.7231605545967,83.68158323479292,48.670006074622506,229.21309247476165,-8.398290574380561e-05,-0.0958971068381833,96,69,95.91240685463085
10000,869.8715306711265,158077.36681992572,74624.07760606907,75737.35539010043,172.1847439443227,43.07139067110256,24.90292585355928,181.5597323445254,7.002338179487241e-05,-0.0617722165119057,96,69,95.91303449892064
10001,869.8741719765154,158119.13025553542,74639.31621906275,75775.79269945306,84.81381002697162,13.022161569926539,7.550786440842785,120.8438884789939,-2.9017113429760884e-05,0.1626586537755452,96,69,95.91366891657944
10002,869.8911453491013,158183.62592087174,74660.96912812682,75816.96724622717,17.823455428006127,-0.0,-0.0,75.49965573247755,-2.3193538296626064e-05,0.3610176612397301,96,69,95.9143100784673
10003,869.8947387009006,158234.69053177067,74689.10703959767,75827.17068693768,-0.0,17.023313757876167,9.686937397840666,28.837249378470005,6.64398647566268e-05,0.0311358567069689,96,69,95.91495795494455
10004,869.9114159772805,158271.8224091364,74694.12743696138,75856.97465003794,47.84432717447635,68.00773197671515,39.2903480825189,6.095992572518298,-8.40178847231113e-05,-0.3936663959788358,96,69,95.91561251587332
10005,869.9140898593503,158273.66824801578,74719.27158272135,75874.42678807829,181.95218233042397,158.16037764537032,92.30938857264118,-11.05420707174926,6.914026350693065e-05,-0.1850491226933213,96,69,95.91627373061851
10006,869.9311239291083,158288.39447168776,74754.09868721709,75903.11199485383,400.21183159039356,279.64400323462905,165.05627156977425,-0.0,-2.7557129353921672e-05,-0.0864959756440693,96,69,95.91694156804964
10007,869.9346977071125,158325.0299862762,74782.14505022833,75929.79147516614,697.9712899691076,425.1223141657101,253.51806327016675,16.93114104992128,-2.466638625605616e-05,-0.1339413078676219,96,69,95.9176159965421
10008,869.9513008916994,158204.7880684701,74773.93130012442,75916.43418116828,1047.3859503708081,576.5816204556904,347.4104829135176,56.96544452346279,6.73566493126162e-05,-0.0986202442395184,96,69,95.9182969839784
10009,869.9540125839492,158178.65877623597,74787.71713333948,75920.06885588566,1422.4949397340533,721.3056234379474,438.3561412979325,96.5304965689138,-8.402452561851245e-05,-0.1251747020932141,96,69,95.91898449775016
10010,869.9711071607139,158186.12863694722,74795.0780731205,75922.86268789541,1784.2261583926156,842.2940581640723,515.5302553605579,152.4293691009807,6.823430579472092e-05,-0.1207075400227806,96,69,95.9196785047596
10011,869.9746475490862,158129.77370794272,74793.87452457861,75913.01265185069,2107.349904511939,934.032762855757,573.8802497998113,200.55725811218144,-2.6088584775580703e-05,-0.1090761515033808,96,69,95.9203789714208
10012,869.9911854663249,158106.2668250874,74785.17253825019,75953.0941697885,2364.399323173682,990.361799304621,608.931491928699,256.5682947552996,-2.6130166594087875e-05,-0.1175944441302523,96,69,95.9210858636617
10013,869.9939409800977,158031.64344223062,74772.91676132935,75935.0824773599,2547.9620149531984,1016.7494732302293,622.8472319174907,298.81950002134545,6.825027745407062e-05,-0.0988129231797706,96,69,95.92179914692544
10014,870.0110939546755,157989.83421607746,74779.37875946282,75927.2660758586,2651.4133123267093,1015.8104361217847,617.8589896580088,345.2560612806701,-8.400285468059535e-05,-0.0810589752213017,96,69,95.92251878617245
10015,870.0145874130967,157960.3200801286,74809.30030873511,75926.7754563612,2687.157214316365,998.3997357391636,600.8662140622328,375.5886021712795,6.730579665049336e-05,-0.0880427066258267,96,69,95.92324474588168
10016,870.0310719746036,157929.33235094915,74785.49762483756,75922.34638585759,2664.351114161953,968.6588206391898,576.3261950808519,408.2799734204891,-2.461201945640242e-05,-0.0909777523557567,96,69,95.92397699005303
10017,870.033873318624,157968.70592623486,74804.76564033722,75918.60727700802,2604.276078144205,935.537222780069,550.523552089755,426.18975020979997,-2.758443515602533e-05,-0.0730571401694725,96,69,95.9247154822086
10018,870.0510862182608,157938.3416555475,74776.03622873365,75932.50626999966,2518.9822321889224,899.6562422606221,525.5437077699462,449.4519553667342,6.912042245792193e-05,-0.0607378369993495,96,69,95.92546018539456
10019,870.0545123216428,157929.0463074265,74778.49556528458,75902.31111723163,2427.5493824356818,866.5445002261986,504.39601657004096,460.3067475610587,-8.395290954666494e-05,-0.0467907221352356,96,69,95.92621106218355
10020,870.0709695975056,157904.3337602284,74787.31733750047,75916.85644989982,2336.4565271947067,834.2115273394447,486.04313471968635,476.90456577867735,6.635507706795098e-05,-0.0352747303574019,96,69,95.92696807467594
10021,870.073795506049,157896.19331409392,74797.17960502279,75918.84818916646,2256.6657331101596,806.3273198661773,470.8828349347459,481.75403269476374,-2.3127879608783564e-05,-0.0301795540943722,96,69,95.927731184502
10022,870.0911108642099,157913.39556428313,74804.00623662247,75928.91954492785,2186.7173427370726,779.9463100563735,456.5263204094663,492.6353700836189,-2.9028614328391065e-05,-0.0216274378451179,96,69,95.9285003528242
10023,870.094349494985,157930.92555321992,74812.63481025005,75951.35392449576,2130.7120730627794,758.3175524147955,443.13431752784527,490.85521518604946,6.996691737484281e-05,-0.0034149218974872,96,69,95.92927554033862
10024,870.1115598535507,157891.84092312527,74829.7691851841,75939.50848791003,2081.762485970743,737.6887965427886,428.92472094355617,494.40817109597265,-8.38746109471814e-05,0.0101337907417312,96,69,95.9300567072773
10025,870.1139559068449,157943.24870790276,74786.70380111953,75961.90644265075,2040.0001376541331,720.2174304490327,414.9700923850469,485.9320580570202,6.538255267397713e-05,0.0111474551228588,96,69,95.93084381341065
10026,870.1309682078321,157943.2120208358,74824.85028363836,75947.42967312534,1996.6972079819534,701.1554816409334,400.5464054195909,485.3400671709678,-2.163666590259357e-05,0.0063738817996767,96,69,95.93163681804867
10027,870.1343925701761,157947.52163712264,74817.05659073552,75951.55688529505,1952.2232118787942,682.4774976128101,387.5456782905676,476.8440025106829,-3.0462315275806104e-05,0.0055642241368797,96,69,95.9324356800442
10028,870.1514148392712,157965.67580320573,74814.33803475217,75942.62184191972,1901.0892994417227,660.7853813473193,375.97781930858037,478.8411437677278,7.07892944175905e-05,0.0092187020022747,96,69,95.933240357794
10029,870.1538904586283,157999.33337038467,74808.95981479895,75945.64225839976,1848.0043993343716,640.0502233732986,367.83676558878506,475.15729146116064,-8.376827366790315e-05,-0.0076702023991183,96,69,95.93405080924188
10030,870.1709123583167,157963.86076104603,74789.95038559492,75945.33962706565,1792.66576518683,619.0968048781651,362.8016111702309,483.83923341089394,6.438826008634392e-05,-0.0462089793770903,96,69,95.9348669918802
10031,870.1743862261987,157951.23817327505,74823.65457948987,75925.2788470222,1744.3328456902527,603.6951642175409,362.033958420885,487.4305062830099,-2.0139136688419628e-05,-0.0789497923784153,96,69,95.93568886275251
10032,870.1912927920196,157972.19835238287,74807.09007753326,75943.24575715346,1705.9178592941607,593.4981707520055,364.25550091735204,501.282992829103,-3.188517134709347e-05,-0.1119273028296931,96,69,95.93651637845592
10033,870.1938106663035,157952.1990175615,74805.37439963024,75957.27089307041,1686.3409493961954,593.1292685278604,369.4473870228394,507.82495227002073,7.15873977271712e-05,-0.1447425950407484,96,69,95.93734949514312
10034,870.2108765551478,157935.0853281771,74801.93727405136,75931.01360832842,1685.1901779415784,599.6298589122307,375.51298860562383,523.6612752901565,-8.363357420633236e-05,-0.1369938784498525,96,69,95.93818816852507
10035,870.2143619655412,157976.56536106768,74851.01769710262,75917.35769968544,1705.523947353242,614.4334461915278,382.13462064863415,531.7834897324501,6.337316515858374e-05,-0.1629288913526314,96,69,95.93903235387316
10036,870.2311759003037,157931.62141373058,74822.85850499134,75926.5227052897,1740.2994109624415,631.8344837939367,387.658758376725,547.9619311412389,-1.863502959586372e-05,-0.2031955870299555,96,69,95.93988200602168
10037,870.2337290645311,157955.02095927784,74800.62176117007,75903.43016096062,1785.5444287370192,651.0895688581804,392.427097177424,555.8190576908528,-3.3295959715537285e-05,-0.178521067144053,96,69,95.94073707937046
10038,870.2508520288524,157942.64444693382,74818.73491449635,75950.31902370487,1829.197420591605,665.7435128673533,395.58770218110294,571.8569772461196,7.236147348903153e-05,-0.1603867657237322,96,69,95.94159752788698
10039,870.2543244187988,157902.379517138,74801.78286797786,75925.38671241167,1865.3012161322404,675.9640819602791,398.0082456943346,578.7985042061773,-8.347054521202772e-05,-0.161317060440802,96,69,95.94246330510934
10040,870.2710616536198,157915.61420370106,74817.62871862408,75933.57511853671,1883.8132102282252,677.6249834487535,399.03974766252213,591.3373374360381,6.233700237868828e-05,-0.1445632643019071,96,69,95.94333436414855
10041,870.2736483712889,157947.57986219492,74804.64476938789,75917.95510323644,1883.2431171783246,673.3424291574629,399.1310591654328,592.576852228085,-1.7126159804255944e-05,-0.1387010738631026,96,69,95.9442106576909
10042,870.2908367465359,157913.7867861433,74807.27230610707,75909.23583045845,1860.0531692462391,661.2694562225952,397.05115454318,598.5729188241239,-3.46960582794663e-05,-0.156532242054913,96,69,95.94509213800116
10043,870.2942730035762,157937.8248042636,74809.75362321103,75901.06351433614,1819.275111431023,645.6343871856952,392.7354648713372,592.664418159402,7.310923381585792e-05,-0.1515296966337296,96,69,95.94597875692472
10044,870.3109523777499,157947.66958256188,74808.85109492944,75902.29807909839,1762.6913852530997,625.3029090243363,384.93088965071365,590.7932237020868,-8.328096120352834e-05,-0.1435742167535058,96,69,95.94687046589029
10045,870.313566327521,157978.64892678952,74806.52901290737,75905.05181822261,1697.4361055470072,603.729514432096,373.8951678950107,577.8921331317397,6.127936853286263e-05,-0.1452208123101395,96,69,95.94776721591298
10046,870.3308342039714,157956.2696318237,74787.30885992612,75916.07733493051,1625.0585783766583,578.4020405240444,359.1794938534731,571.5951919629588,-1.5612316822324817e-05,-0.1189015625752093,96,69,95.94866895759678
10047,870.3341999086733,158007.22018311688,74811.54293529522,75908.29082581289,1550.5995812203037,551.4336672974896,341.9576665706991,556.3184908827534,-3.608249672851703e-05,-0.1258516943030747,96,69,95.94957564113705
10048,870.3508614416746,158020.51484148897,74797.6825099556,75899.55235260942,1473.2641467629583,519.7210663600708,322.6066676569171,548.5741738960205,7.383460745985553e-05,-0.1472445125777502,96,69,95.95048721632392
10049,870.3534621100277,158034.3254918768,74800.50439949463,75891.03907653074,1395.6670768231852,485.41616016230546,302.58608640840976,532.8701417625707,-8.305970884525371e-05,-0.1263248949133744,96,69,95.95140363254464
10050,870.370883606101,158049.1129606003,74819.9800704735,75901.57930009878,1316.0354654935654,446.6721023854334,282.20159090703237,526.002377040626,6.020568840305832e-05,-0.1242302849329482,96,69,95.95232483878638
10051,870.3740074998333,158060.50107374435,74810.49866831639,75912.16043888892,1237.111389974074,407.6776684399956,262.52280884052743,510.64967755196267,-1.4090600624283411e-05,-0.1304736725851266,96,69,95.95325078363992
10052,870.3913748730107,158087.67014198058,74809.93960919968,75884.62220553536,1158.2054268977954,368.5723847877962,243.44023399063735,503.0544375622121,-3.745459739208448e-05,-0.1047034268924686,96,69,95.95418141530128
10053,870.3937411197859,158109.20005695324,74806.86662129319,75911.55971177306,1082.9051385958446,334.4669493699621,225.63189058972057,485.6962356849108,7.45332307008872e-05,-0.1097382069432575,96,69,95.95511668157562
10054,870.4107030703863,158110.7993301859,74804.08561315927,75925.64060943137,1011.2687980068149,305.2231343614985,208.84377371697337,475.87754702885286,-8.28156425815579e-05,-0.1451627770862589,96,69,95.95605652988002
10055,870.4140698187251,158141.63257137805,74789.80651368127,75931.00446251861,946.5917692012154,284.2204085116973,193.65592023581848,457.0865639017138,5.910389601507674e-05,-0.1184732112297707,96,69,95.95700090724608
10056,870.431230397405,158166.84979408234,74826.63505984069,75922.40451807059,888.4362847586162,269.21143605854013,179.83820439028204,445.79138452289044,-1.2575283550806972e-05,-0.0945210461512864,96,69,95.95794976032364
10057,870.4336744011019,158204.7309303535,74858.74062694701,75930.07744609626,838.4667865965748,260.92669555710745,167.7888426464633,425.219584029197,-3.8823441292250765e-05,-0.1172338281363926,96,69,95.95890303538305
10058,870.4506359905497,158219.64388426088,74782.38526197076,75910.45400294254,794.4884347785846,254.92903240732267,157.0494555294281,412.85400452895556,7.51996658768973e-05,-0.1420430320518642,96,69,95.9598606783188
10059,870.4540725393182,158231.91740442422,74831.87390829946,75902.403599212,756.1578044071794,250.5106058006786,147.7501015351154,391.5427126787836,-8.254408358935804e-05,-0.1242550529452251,96,69,95.96082263465252
10060,870.4711143131713,158241.5851124371,74803.41228683619,75895.87508504505,720.1343345774221,243.2804995293409,139.39268371506478,377.1747876628651,5.799116078909968e-05,-0.1472866362221248,96,69,95.96178884953608
10061,870.4735880720939,158296.0232431113,74826.16160329318,75941.771764998,685.1692588053993,233.38058843722683,132.13944771382376,352.1645341772237,-1.1038847900177758e-05,-0.1366896637652063,96,69,95.96275926775463
10062,870.490592919886,158313.45406638738,74838.05229106809,75928.26875363213,648.2651595019852,218.34113665697805,125.6554184454726,334.1566163614334,-4.015359385028048e-05,-0.1242003173524288,96,69,95.96373383372988
10063,870.49405623357,158349.72897914983,74789.81743818152,75921.36297004657,609.3472108165734,200.6620861121046,120.14484211974195,306.0895280306577,7.586785877300846e-05,-0.1482972935788951,96,69,95.96471249152351
10064,870.5110039924434,158364.93334163877,74833.26174065782,75921.1217912109,567.8600770158228,180.42309204013145,115.17576577918953,285.29454021167476,-8.222198630134134e-05,-0.1346706961141062,96,69,95.96569518484
10065,870.5134974337659,158424.2001522355,74824.36925766447,75932.98626108053,525.8322514485917,161.41768083241186,110.52465584554011,255.09291305122315,5.6869546500954185e-05,-0.1420329614315051,96,69,95.96668185703037
10066,870.5305637258881,158441.1065792026,74841.18679868734,75926.67238877455,484.2184945407207,143.77780342563346,105.25834576133639,234.47572896556812,-9.509416488145189e-06,-0.1407163668645018,96,69,95.96767245109518
10067,870.5340262325228,158446.93322488808,74821.96826513976,75963.6611546341,444.5132762477733,129.81364468253742,98.7000209018297,205.90028206148418,-4.150348191846339e-05,-0.1329275965410237,96,69,95.96866690968815
10068,870.5508963196735,158523.97624242373,74847.44527353527,75934.49217453877,405.5451297808322,117.48532986320788,89.80736350954976,186.43725819844985,7.645386873159756e-05,-0.1302901804101319,96,69,95.96966517511883
10069,870.5534055553379,158563.27535274642,74861.68066287009,75955.07108252653,365.01174340664875,106.33652502797486,78.11397044250043,157.49047902974417,-8.194226455128635e-05,-0.1116675624399141,96,69,95.97066718935676
10070,870.5705465882176,158564.44428781676,74836.87738348774,75965.61309108713,318.6652003658819,92.51468841113092,63.29877137503354,137.11358072940493,5.566139907585148e-05,-0.1162854771756292,96,69,95.97167289403464
10071,870.5739814431454,158570.51873256362,74865.09946652845,75950.47136418849,263.1548977516941,75.31516021542484,46.09063166490523,106.15308852150338,-8.023141200051616e-06,-0.1143188670563304,96,69,95.97268223045148
10072,870.5907940521981,158619.61274507636,74836.32308342574,75960.17072535038,197.43655549676623,53.19669054876431,27.927570763713447,82.87802388513228,-4.284109228588916e-05,-0.1108684647507516,96,69,95.97369513957644
10073,870.5933095726226,158650.8184319981,74840.10946474948,75952.1644649538,125.377430910361,29.611568618449382,11.615711945807561,50.24105411156779,7.707004444873342e-05,-0.0369313913151516,96,69,95.97471156205188
10074,870.6105462536304,158724.47501485987,74853.79118967304,75935.25993530944,57.09061739820754,8.85329386225203,0.7916277916228864,30.51411553582875,-8.151653982435163e-05,0.196486190216382,96,69,95.97573143819758
10075,870.6139122227673,158753.74883354083,74822.67284849587,75941.13820412668,8.517376237083226,-0.0,-0.0,7.384104486671276,5.46028309188234e-05,0.331446879143025,96,69,95.97675470801327
10076,870.6307127571006,158735.9697557997,74862.49100789885,75956.58536799291,-0.0,11.253003636666108,13.597039948275778,2.8688468557666056,-6.349855954639894e-06,-0.0984272211607428,96,69,95.977781311183
10077,870.6331856087281,158737.51924611066,74861.01116480188,75949.44953989192,51.390733057050966,51.41677599961986,45.102891710965196,-0.0,-4.400893225561138e-05,-0.4068436643791929,96,69,95.97881118707856
10078,870.6506067407282,158731.23881832915,74856.9920772594,75986.69677760887,178.57719187327893,123.93945765031094,95.84143828996457,20.73860671580769,7.772897887084947e-05,-0.114169521638867,96,69,95.9798442747628
10079,870.6537152758499,158723.66053150114,74839.15270775593,75984.47382607344,387.0821614644956,228.46769249236968,164.3918550471426,44.12337683522492,-8.112935033094682e-05,-0.0734796111555151,96,69,95.9808805129933
10080,870.6711265866203,158689.58858687643,74872.50663945892,75970.33225396308,671.3053535919171,357.2972009826044,246.15686730260495,89.51832490673405,5.3298873665854767e-05,-0.0997813133159655,96,69,95.98191984022635
10081,870.6735808803489,158628.31995208643,74860.27007964408,76011.63253758875,1011.8193085599341,499.3452525898465,334.1381257325702,133.3678806721291,-5.053736683708329e-06,-0.0670387286639112,96,69,95.98296219462058
10082,870.6904033590199,158609.70800235463,74868.34355665375,76016.68439011299,1381.1031892802566,640.0678676857642,420.10370881535346,194.34946238444536,-4.563248436355091e-05,-0.0981315101028343,96,69,95.98400751404006
10083,870.6937852114987,158552.0793769301,74863.01975556136,76004.26740034061,1745.46361648303,766.6975369084248,496.29607682392816,248.779364240414,7.79025656885932e-05,-0.0741203531269468,96,69,95.98505573605888
10084,870.7109899627714,158471.54562312286,74874.78442709733,76014.86017242786,2074.594877925527,868.7955625339382,556.8162063351192,313.8469950532599,-8.102429982558317e-05,-0.0802059477313568,96,69,95.98610679796418
10085,870.7135106113234,158441.94884827608,74875.63056053326,75974.93923629874,2343.1157072075875,941.3446405038412,598.474550053972,365.4448708584532,5.195854801631267e-05,-0.0806399410404026,96,69,95.98716063676048
10086,870.7303263016336,158417.3602704509,74902.9454902052,75992.55603879264,2538.067810357432,983.3878584421036,620.97183265473,423.23318878610735,-3.3809273032628184e-06,-0.083741864453148,96,69,95.98821718917306
10087,870.7337942162018,158359.0455840589,74900.3052455777,75992.19385769969,2655.1398457133328,998.3688000443362,626.3294245093421,464.8455389550072,-4.644377380727507e-05,-0.0776894960605623,96,69,95.9892763916518
10088,870.7508811293351,158307.543248819,74901.58780967031,76022.03251634381,2701.8276720279246,991.6624876630231,618.1299828466435,510.01166183140595,7.917886936856835e-05,-0.0439610341581752,96,69,95.99033818037546
10089,870.7534202976598,158295.15921419134,74895.9472195442,75989.87019859623,2689.52777025674,969.8140101572935,600.3814086583152,537.2385768862732,-7.964373614029982e-05,-0.046578680323243,96,69,95.99140249125486
10090,870.770272652601,158293.46189437032,74891.78043740599,76025.09971594258,2635.5743120335974,938.7539048149774,576.947932147712,569.1063735831995,5.164760695557345e-05,-0.0631301464744945,96,69,95.99246925993732
10091,870.7737872424384,158303.11327460813,74915.94651917151,76014.01085140031,2554.702726773452,903.376868718362,550.8943274727208,585.3086834901187,-1.2359052723965952e-06,-0.0480199886198893,96,69,95.99353842181029
10092,870.7907750831208,158217.4868847612,74910.3826758007,76021.83950437664,2462.7783595193177,867.1256646279799,524.7167818896705,607.2792722025479,-4.767405444835569e-05,-0.032811923349075,96,69,95.99460991200525
10093,870.7933267934308,158257.2777621624,74924.3439322213,76008.24379648005,2369.554075649008,832.0551698671188,500.16941714455606,614.4311930298281,7.89026333645907e-05,-0.0470699715653787,96,69,95.99568366540184
10094,870.8102312632213,158279.9804861849,74891.8901129543,76045.93228721955,2284.4888077760697,799.4721238929051,478.7661643892061,629.4163757034985,-8.078198618963478e-05,-0.0259287312393859,96,69,95.99675961663162
10095,870.8137707092259,158252.78000046968,74924.78965948158,76043.3968414075,2210.0642386645195,769.8268779084901,461.35941681434633,631.3329202289751,4.814482029388615e-05,9.358620409884116e-05,96,69,95.99783770008229
10096,870.8306671136071,158239.28154126598,74900.2507626603,76021.43933103989,2148.93553964328,743.5637205933599,448.40961341466755,640.7017841800407,-2.190120201139049e-06,0.000768016319775,96,69,95.99891784990112
10097,870.8332350604203,158274.42633654876,74907.72975716535,76041.87369846369,2097.633136165736,720.3318459346046,439.31465297105024,636.45363571099,-5.09858660470787e-05,0.0226954043336732,96,69,95.99999999999996
10098,870.8501982877189,158274.33897449682,74946.11730705205,76040.03842401555,2054.5885647053947,699.9712494456035,432.88002172790584,640.5477628624649,7.845158022175444e-05,0.0417522702003362,96,69,96.00108408405828
10099,870.8537461840133,158284.36257667933,74928.76998019699,76014.34540003362,2013.5005494632642,681.3460082745005,426.992345597595,632.1603794507391,-7.938295411452252e-05,0.0419124232509487,96,69,96.00217003552773
10100,870.8705560836185,158306.71212173736,74917.5416436356,76036.5355457813,1972.0127801012131,663.8900402066938,419.74464100954356,631.8624177666497,4.997378548935106e-05,0.026596697804538,96,69,96.00325778763636
10101,870.8731474815388,158299.70148891825,74912.6377140684,76019.32919904118,1925.0616150306305,646.418101098112,409.5051543750742,619.7099566512334,4.457201885357341e-06,0.0157273384560914,96,69,96.00434727339211
10102,870.8901715639272,158327.39453589582,74969.81760608425,76063.97298012317,1873.7470899837208,629.0978623832343,396.17767343865125,617.933736887062,-4.58592163995148e-05,0.003514341537478,96,69,96.00543842558776
10103,870.8937140007274,158365.6994545124,74955.66582310882,76033.93462277796,1817.5155843604007,611.7667530437175,380.7288706130639,606.7134221379529,8.505149182751994e-05,-0.0093985547381268,96,69,96.0065311768042
10104,870.9104420134756,158334.52300099572,74946.6656338281,76025.02291288078,1762.4656121156295,595.938920799701,365.68270043609664,606.5299232982507,-7.473287400004667e-05,-0.0434417971434143,96,69,96.00762545941542
10105,870.9130654952262,158355.60369611226,74957.91901102502,76029.72655563944,1712.2646739647607,582.5685825057444,353.66479599053855,598.2244859089551,4.8909032163059456e-05,-0.0713287084757018,96,69,96.00872120559195
10106,870.9301494614352,158395.89472178472,74961.58246516951,76037.61621221047,1675.4682312592631,573.9828733374598,347.3015695105423,603.0658652152924,8.758760626082724e-07,-0.0728228446879585,96,69,96.00981834730536
10107,870.9336741267277,158371.47352335075,74925.92438981477,76032.94781623944,1654.9954670593143,571.0088771398005,347.54690227046376,601.2608624337881,-5.783302473167639e-05,-0.0913679153705986,96,69,96.01091681633264
10108,870.9503254308271,158358.7832687871,74941.57370074464,76037.77894847371,1655.6716373756644,575.0876990530523,354.1665271175152,611.7552547303494,7.022863233252757e-05,-0.0985489825945719,96,69,96.01201654426006
10109,870.9529900538686,158380.5547707601,74894.65171795052,76033.15331876256,1674.5107453758828,585.3800238535187,364.99270449898904,615.239403655607,-9.09850857596548e-05,-0.1032313587707645,96,69,96.01311746248798
10110,870.9701305419638,158399.81777522792,74932.33421949166,76017.50592281466,1709.9309628649498,601.4340961896523,377.52788730186876,630.827015062765,3.359456992748656e-05,-0.1281022281101756,96,69,96.0142195022342
10111,870.9736264559662,158362.39113838214,74921.69213483983,76014.13096564739,1753.2872727750218,620.3890343296953,388.8015186104749,638.3302675077575,-3.837460582147792e-06,-0.1228682386067128,96,69,96.015322594539
10112,870.9902071293376,158348.88809403803,74915.42187581708,76014.21706558067,1799.6940815527341,640.3008859762922,397.1193806370138,654.6942082172318,-5.30181568967659e-05,-0.1176915943154799,96,69,96.0164266702692
10113,870.9929217832674,158359.37406353836,74924.74552668697,76030.47416442365,1839.9261467914912,657.4923279979412,401.34159978394746,660.9486703399161,9.129274219145164e-05,-0.1192548702121969,96,69,96.01753166012234
10114,871.0101134485503,158356.04361283584,74949.25266987436,76001.99926725311,1870.6449566213996,670.1146118754259,401.85787355643697,674.7396826088079,-5.603720969855771e-05,-0.115089344740113,96,69,96.01863749463136
10115,871.0135709247811,158363.23959149324,74929.3156148678,76010.78002624084,1884.8820057521225,675.1310323301732,399.04533883885597,677.2430460841279,7.506614275725993e-05,-0.0967160832442006,96,69,96.01974410416824
10116,871.0300880621334,158355.96000094977,74926.14652595899,76009.10801370679,1881.8198975457926,671.9571003360907,393.97083252089215,685.0059151522582,3.932520214363589e-05,-0.0953140954117339,96,69,96.02085141894923
10117,871.0328610356445,158364.51424835226,74917.35647704634,76045.77662390479,1857.1279895418556,659.1453547197743,386.8417675437522,681.2776730952028,-2.6153790041188745e-05,-0.1043118307773891,96,69,96.02195936903848
10118,871.0500968885175,158361.27295861466,74906.93645492331,76019.11076128918,1812.8134088426596,637.8892098088108,378.0436303396418,683.1180910591211,9.331084106933458e-05,-0.1031492765335866,96,69,96.0230678843528
10119,871.0535075423521,158411.96206021548,74933.31701097442,76038.3648034077,1747.49038510822,608.2810718904802,366.88836918008747,673.650971350784,-8.961730240472757e-05,-0.0984448672791943,96,69,96.0241768946657
10120,871.0699693108824,158395.62855745686,74892.10661233346,76023.97697865179,1666.5592268777546,572.9369955472212,353.12294165301137,668.4553783987358,1.4165325255207917e-06,-0.1090853300491626,96,69,96.0252863296128
10121,871.072807868472,158416.26298392547,74951.43786353334,76041.67156123897,1572.2052362757968,533.1040809497063,335.919476153882,652.5441879649588,-6.167794920739434e-05,-0.1157214003017763,96,69,96.0263961186946
10122,871.0900797035343,158431.76102144812,74922.89284040882,76039.49864022635,1472.6436969016213,492.16886358069314,315.52714077205746,641.689684420533,-0.0001406017159009,-0.105449304119113,96,69,96.02750619128231
10123,871.0934363137634,158438.8193142266,74930.06439600338,76020.91821451834,1371.171249292849,451.4166318781936,292.0650664989662,621.2473419107555,-1.2552098626436888e-06,-0.12152918201117,96,69,96.02861647662164
10124,871.109852187723,158487.5153929053,74907.08015897502,76015.7095660978,1275.3300622559618,413.69165050085576,266.9673590147577,606.0944999114436,-0.0001316887784543,-0.1149681006076074,96,69,96.02972690383764
10125,871.112761844984,158519.87793551863,74937.69853933688,76050.30381100666,1186.2563540634583,379.2083782331174,241.33413433778333,583.7126167935203,3.977022340708174e-05,-0.0887334595743026,96,69,96.03083740193853
10126,871.1300612015606,158546.27411862195,74904.47200039277,76036.31424993128,1108.1361904604128,349.4096119177266,217.07228484220104,568.2586638366047,7.849706666328767e-05,-0.075978105547121,96,69,96.0319478998209
10127,871.133356766964,158556.0009224345,74920.19070712775,76001.96783508032,1038.2750500334078,322.99307868756296,195.05923599962262,546.3908038873342,8.943923455632144e-05,-0.0672426126866469,96,69,96.03305832627404
10128,871.149738949072,158583.16254071798,74941.67173801965,76049.74884259517,977.5980495752301,300.3506330185628,176.5428792182065,529.8962018160964,0.0002872616173906,-0.0461982056446291,96,69,96.0341686099839
10129,871.1527208418952,158589.45587574318,74933.2691554703,76013.39919104544,921.3930910649942,279.8204848122841,161.5581830148294,506.5271515068307,0.0001501180774234,-0.0120140091008495,96,69,96.03527867953848
10130,871.1700431965788,158635.64970666284,74931.88002110584,76015.79191685276,869.6141002640361,262.00167204719037,150.60323121130932,487.11579557019286,0.000228600275734,-0.0327373307321767,96,69,96.03638846343144
10131,871.1732643534538,158621.03600911066,74898.13730285731,76044.78683138349,817.6277152248658,245.65786621904408,143.0812343704456,460.1520377296838,9.303840696667748e-05,-0.057977551720375,96,69,96.03749789006751
10132,871.1896397571927,158721.2242623632,74924.74648519745,76015.79519211118,766.645921740972,231.87751683121314,139.02595796764945,436.3197000937362,-0.0001399947839721,-0.0788469027710965,96,69,96.03860688776632
10133,871.1926654241527,158718.12053331023,74946.86858672931,76045.71606585615,714.3762732816394,219.73330548677768,137.36400033932296,407.1351403518929,-0.0001982481971483,-0.088936097791342,96,69,96.03971538476732
10134,871.2100769084705,158749.77122930705,74925.97636454605,76056.56877317061,664.4439093798865,210.23171530201216,137.59093870423385,382.9607455629739,-0.000539404820212,-0.0792210882425458,96,69,96.04082330923448
10135,871.2124407021757,158786.78769922422,74988.00114615631,76035.53049885,616.2438371189637,201.98000439359748,138.04085311671952,355.40825905444217,-0.0005369721606014,-0.0684022553610745,96,69,96.04193058926064
10136,871.2293871736473,158809.57619962492,74962.09454100236,76026.634020207,574.0637044295436,195.58689824699832,137.9505524369597,333.5383744840219,-0.0005473521375858,-0.0677568413756297,96,69,96.04303715287192
10137,871.2327406679192,158811.74790226654,74967.109824831,76053.45718128482,536.3492120850133,189.23513814738544,135.76916355922003,309.41540642248583,-0.0004328575162199,-0.0645125121085672,96,69,96.04414292803274
10138,871.2499306974744,158847.3656626789,74948.73138787155,76027.82284024003,504.69790969172027,182.9931503564876,131.26821257322445,288.96744550429867,6.436432771905007e-05,-0.060708867093287,96,69,96.04524784265024
10139,871.2523750258824,158872.3813379897,74982.5837986663,76016.77985302282,474.540066941292,174.65069787301763,123.69644050727948,264.6666138781584,0.0003907287652746,-0.059415584443011,96,69,96.04635182457906
10140,871.2693158477211,158930.68142942095,74970.85009190663,76023.41503297059,444.8719430001802,164.04286794477957,113.63208658093936,241.14319270994747,0.0010161915612391,-0.0376551747186373,96,69,96.04745480162524
10141,871.2727470829111,158933.34740711784,74942.74051054016,76037.05290254434,409.6519798991503,148.89878735905222,100.72075993646285,212.41422756630345,0.0013962750063124,0.0287466851930297,96,69,96.04855670155182
10142,871.2898141230049,158978.70412731665,74972.93189648852,76032.36915458359,367.47819747711765,129.22073023521807,85.51030170117156,181.99424903449835,0.001464881964178,0.246830606874579,96,69,96.04965745208315
10143,871.292290023161,158992.07255410228,74975.4575190865,76028.68161761906,313.64006164384773,103.67187952555832,67.53892732702661,146.6829846079345,0.0013547941576683,0.3627230861773955,96,69,96.05075698090934
10144,871.3092674576029,159012.7108961539,74954.61936424518,76026.3871616339,249.6717973414925,74.25767131180328,47.843504470482,110.67877409551875,0.0004914417968755,-0.0731016351251856,96,69,96.0518552156908
10145,871.3127364069267,159093.79069639358,74967.06206199118,76053.9514842573,175.93287140963366,42.932078064695816,27.469245750602568,74.31382544519147,-0.0005103502969255,-0.3719844483963795,96,69,96.05295208406338
10146,871.3297011908624,159127.92871958308,74968.52193519776,76052.69045883219,101.29744816425955,15.978778486402007,10.10298448006506,42.00141225074185,-0.0018646350108929,-0.0680595712169118,96,69,96.0540475136426
10147,871.332202529948,159103.96615107695,74975.62555629553,76052.83286076279,36.1413562707603,-0.0,-0.0,16.866582507936982,-0.0031825485694731,-0.0602888031899206,96,69,96.0551414320289
10148,871.3492308393321,159167.62508642496,74961.58494694116,76047.9737407885,-0.0,4.624108069168869,3.4868648572883103,1.7910697034967598,-0.0038004221460324,-0.0960154779780835,96,69,96.05623376681142
10149,871.3527150297194,159168.29836283877,74963.14992337226,76047.94552772165,11.532247273949906,36.784585008528666,25.415802413015626,-0.0,-0.0038514381194906,-0.0593051506232648,96,69,96.05732444557354
10150,871.3695874272297,159129.5297693306,74981.07168569388,76041.11606790857,91.9484844878898,102.14335147835664,69.75937347041327,10.308847752341535,-0.0025078527012295,-0.09293866103948,96,69,96.05841339589686
10151,871.3721173262898,159121.96769117427,74968.50400324885,76032.14040815047,252.61667493742425,199.7268500198552,136.01341409402085,34.61654059882858,-0.0001329835110686,-0.0620347018819407,96,69,96.05950054536682
10152,871.3892020561663,159088.3384418464,74946.27607522167,76018.49766153868,497.4165492763277,324.63345257581386,220.75617006217362,67.10526734555606,0.0030413775861224,-0.0642124724583472,96,69,96.06058582157624
10153,871.3926846313906,159039.5814078086,74969.68963300691,76038.62023375566,813.3336828968022,465.34986224120075,315.7821679596964,109.22834028140642,0.0066471212780169,-0.0617131880469829,96,69,96.06166915213096
10154,871.4094718103437,158962.3408018442,74970.02394086453,76042.27895876182,1177.8599860104732,609.133569026977,411.76779952135985,153.13990572132752,0.0092302608583296,-0.0556075640033638,96,69,96.06275046465412
10155,871.4120366713383,158953.01888035843,74963.93614891752,76051.64136777713,1556.9299853885896,741.744000288003,498.1669187985535,202.3050359231711,0.010312224345627,-0.044760147075239,96,69,96.06382968679104
10156,871.42917882162,158864.31344171695,74969.96028904131,76025.11910581004,1917.0520117879496,853.0341447699029,567.4177001694043,248.21476369601442,0.0086285987042401,-0.072452741142497,96,69,96.06490674621368
10157,871.4326457104772,158857.62039009496,74949.21217206487,76024.87140947471,2226.275512048858,935.7300696322782,614.2239731063892,297.17952873869217,0.003822039681413,-0.0631393619693375,96,69,96.06598157062577
10158,871.4493544329813,158816.2426704316,74926.46344855452,76009.78972123716,2464.6259373971843,988.5826802609081,638.1790965390974,340.42529873896274,-0.0034832600341227,-0.049359610134251,96,69,96.06705408776676
10159,871.4519618772313,158763.65499156815,74918.84198107415,76028.23826189378,2621.8455254473956,1013.1574182135664,641.3318413341913,385.4350311148737,-0.0125742561815956,-0.0662256093806234,96,69,96.068124225418
10160,871.4691593967775,158711.3825254311,74942.73750338817,76004.65808347607,2701.3080126204295,1014.8016993830097,629.0299296977464,420.85050896185567,-0.0207979841452708,-0.0712941218930874,96,69,96.06919191140564
10161,871.4725984146066,158650.79419809877,74950.9696423453,75995.6254628492,2713.267545120849,998.9136205454706,606.5967280498298,455.29482098764856,-0.025896496595151,-0.0670890684216607,96,69,96.07025707360675
10162,871.4892358726182,158633.18944819886,74939.15223610114,76002.6776788132,2674.5798162941355,971.764490232963,579.9261149751255,477.0523243297648,-0.0252363187396014,-0.0306452875377782,96,69,96.07131963995342
10163,871.4918937562982,158601.64938811518,74936.07927320617,76026.37405382909,2602.02109921549,937.9884381862357,552.9318389275577,497.2572275013372,-0.0167487766936219,-0.0372194660388029,96,69,96.0723795384377
10164,871.5091422611841,158603.2997289712,74958.02162900416,76005.21280595018,2512.1069647934637,901.8975771338155,528.8445538151718,504.6932138533448,-0.0008168044672529,-0.0182016582587952,96,69,96.0734366971161
10165,871.5125428262305,158610.70036625562,74971.16950670762,76027.69253344419,2417.6758054850507,866.1391966337687,508.72105933347484,514.8224440342747,0.021029000330019,0.0020811867658607,96,69,96.0744910441148
10166,871.5291169485198,158601.12197867356,74956.98168288975,76000.6889426359,2328.881689777132,833.0621462833515,493.16575984455994,517.7300733014708,0.0439247682248956,0.0277040888309599,96,69,96.07554250763374
10167,871.531832787565,158573.56321283904,74914.48255972328,76006.99922548082,2252.2850594371557,803.9437950987485,481.33531034059706,529.9418225474074,0.0614592496641213,0.0440378329233161,96,69,96.0765910159518
10168,871.549125996811,158556.36001790196,74930.52357740079,75984.27952729537,2191.172037891287,779.6812287460343,472.3856446474674,538.5855232933245,0.0667369343090263,0.0372797913372324,96,69,96.07763649743154
10169,871.5524790846326,158510.3493633319,74945.84746189561,75980.81301100862,2146.018801397702,760.3019816079614,464.7176470590348,559.9019978607248,0.053109480929799,0.058294080407371,96,69,96.0786788805236
10170,871.5689986001333,158493.06584853752,74912.22981350316,76003.10123716973,2113.7382323961356,745.0982594482484,457.24045087667764,578.0726056554122,0.0183256887223595,0.038399275032888,96,69,96.07971809377185
10171,871.5717791924465,158481.8976140495,74891.04984732196,75931.56209454726,2089.9189346589847,732.8269155237358,448.96948336836067,607.3259386136197,-0.0353387478309661,-0.0150539871616165,96,69,96.08075406581786
10172,871.5891092467137,158447.11829657457,74901.14523306231,75964.15415507407,2067.6066646524705,721.6446336324589,439.8186341004912,628.4805066360859,-0.0983258247698722,-0.0109840684851742,96,69,96.08178672540572
10173,871.5924074459035,158402.3963434501,74886.23988811244,75944.77193168506,2041.889966466464,710.301548585092,430.1742807662522,657.0681189533207,-0.1536483014658525,-0.0153278131281581,96,69,96.08281600138643
10174,871.6088818109163,158386.20995718718,74880.16224689197,75932.2785925998,2007.533152824326,697.6721502363362,420.8894817078253,673.7874858430005,-0.1793888353419375,-0.0295907735586074,96,69,96.08384182272336
10175,871.611732977954,158349.07703735086,74884.19022832745,75961.836019536,1964.551220805617,684.3247418040119,412.86328938617953,695.0940502961457,-0.149731036356049,-0.0169494565785725,96,69,96.08486411849633
10176,871.6290907028451,158343.67335448496,74890.89373604317,75917.03119073359,1913.3186632426805,670.8912716462655,406.59756309259683,701.6284092853894,-0.0411405864957239,0.0073818711432796,96,69,96.08588281790668
10177,871.6323283160257,158321.1225158052,74898.89332787777,75934.19375109824,1860.3078916134546,659.6218017047213,402.4499175577075,713.6946882744669,0.1642995153846939,0.0180145462800753,96,69,96.0868978502815
10178,871.6487675502524,158336.8230438564,74886.96199312725,75930.13821885957,1809.8465399068082,651.5021696752228,400.1495917085558,713.1640767740901,0.474893010214266,0.0355849551806548,96,69,96.08790914507932
10179,871.6516939700259,158281.07762793798,74892.49371377808,75940.21831516537,1770.3894100793987,648.3031076588086,399.7401009798632,721.0001253607043,0.8858996511855269,0.043813385939628,96,69,96.0889166318936
10180,871.6690691037948,158289.0482342312,74887.81612507309,75921.92013827551,1744.5986733337631,649.3879104870139,400.7357737844286,718.0481830262288,1.381593510069413,0.0584635324010947,96,69,96.08992024045833
10181,871.6722422727644,158298.42628093218,74880.47979159516,75913.44609588887,1737.94910844072,655.1119785317132,403.4365193839767,726.9683869828004,1.935795906788641,0.0531939098467558,96,69,96.0909199006525
10182,871.6886567204967,158276.49102723607,74876.88733265978,75941.2845911993,1747.4402105825138,663.339816814303,407.3536489625985,726.9670797899598,2.517401508573702,0.0606105914272431,96,69,96.09191554250474
10183,871.6916618489134,158267.46612823717,74886.84323146715,75927.933573505,1772.9465549083543,673.8481868262606,412.79962324383087,738.3235640307539,3.0953314613263943,0.0558192678499771,96,69,96.09290709619783
10184,871.709043230749,158239.6869055197,74899.32654603633,75917.72939166262,1805.631129221234,684.1960751150764,418.751123705646,737.5471945133759,3.641751113525777,0.0472715541171287,96,69,96.0938944920738
10185,871.7121500872056,158228.36008780933,74890.17015129523,75909.7116592735,1842.4301083820756,694.696800266378,425.01934469892876,746.0678202501731,4.136980674392784,0.0696016721133762,96,69,96.09487766063836
10186,871.728550099024,158221.48771283994,74903.34742580018,75923.35863491202,1872.5631538684247,702.9225156713946,429.65111356330453,739.6917926372262,4.568598602419595,0.0772202635664627,96,69,96.0958565325654
10187,871.7316361977405,158215.3595606084,74882.2132896489,75915.88883727511,1893.9838809457724,709.1804214526783,431.9392013149627,739.6818767093646,4.9320328767798856,0.059384131480707,96,69,96.09683103870236
10188,871.7490118889162,158232.23956788948,74908.58324654102,75911.19347396283,1897.9734868661035,710.3768267785053,429.68687085062265,722.6669260020426,5.228918550383565,0.0627819361807163,96,69,96.097801110074
10189,871.7520527588492,158240.23627241113,74901.78401585882,75956.24583282463,1887.0569881138508,706.6712209375255,423.04051398998126,713.9383385122637,5.46391509429188,0.0858328339009608,96,69,96.09876667788755
10190,871.7684482598878,158243.11130377714,74920.6050374338,75959.1769837625,1855.8911606708425,694.6453645573056,410.93723828182556,690.9147809708084,5.645090986370088,0.0877282442463255,96,69,96.09972767353764
10191,871.7716165829027,158255.45374182003,74938.75127069047,75916.5478990489,1810.6752092462848,675.2435025149607,395.2026100041112,678.4304677070759,5.78102719493485,0.0851727772846232,96,69,96.10068402861002
10192,871.7889738506984,158253.36571780266,74907.99225330577,75928.66375053818,1748.184800846153,646.5000273214391,376.0113042589219,653.4177059256472,5.881618262920143,0.0923705919423421,96,69,96.10163567488743
10193,871.7919515934133,158275.42219610856,74907.48627407671,75945.48182387886,1677.4075533530558,612.2237442288315,356.2152937185019,642.0328640077787,5.958000861655607,0.109217402539319,96,69,96.10258254435315
10194,871.8083514391992,158285.01555863628,74902.52290065822,75939.87525524528,1595.51322903845,572.8318352052447,335.7667986743909,619.0533762973791,6.0209909397747765,0.1183980924513353,96,69,96.1035245691962
10195,871.8116027126824,158277.11099690342,74890.38665954547,75955.9392717084,1512.1959898066125,534.1523066644004,316.9039647874306,607.9074097632838,6.08233873609853,0.1199370119003049,96,69,96.10446168181598
10196,871.8289276994844,158299.49515480848,74920.40780653725,75941.11870235932,1424.2552769617178,496.85047536023194,298.4268115045561,582.3275631160941,6.151592182470602,0.1045318292299329,96,69,96.10539381482644
10197,871.8318484035514,158317.0310493293,74906.30479294858,75950.86486316084,1342.1146056085126,465.8838459553517,281.92798565287376,567.3337598245125,6.2358091540955165,0.0754610936741916,96,69,96.10632090106112
10198,871.848259237896,158323.75144988557,74906.21064315719,75953.18785793716,1260.676072263741,438.90273422973405,265.3131574958679,535.8851742071274,6.338412806257783,0.0653895341040373,96,69,96.10724287357752
10199,871.8515948185187,158349.0044965029,74932.28310041499,75972.44543995488,1188.7149986799923,417.77722164620354,249.93924934288952,512.4875449842657,6.45728029651971,0.0557212027535857,96,69,96.1081596656619
10200,871.8688713739989,158341.85681116418,74912.54134708157,75937.99864597127,1118.5321587419603,397.4455455221323,233.63078423344996,471.9413853667502,6.587065833625152,0.0603834606183211,96,69,96.10907121083342
10201,871.8717461130074,158411.83778703742,74964.33002691389,75956.62075479658,1057.9867696054862,379.1318709723564,218.4554127479205,442.20179853134323,6.718591964298086,0.0603260030509591,96,69,96.1099774428494
10202,871.8881697618774,158443.01111947198,74955.82247754405,75979.52744404467,996.6900563464733,357.8405660329299,202.5083017682482,398.1825674645952,6.842008580627849,0.0537927382200096,96,69,96.1108782957088
10203,871.8915948439127,158442.22418933173,74941.79059880404,75995.96319754675,941.6293763605063,336.4738903704856,188.40556971004116,367.03047578711994,6.949207749079968,0.0438596599729317,96,69,96.1117737036581
10204,871.9088005345916,158491.48762984935,74945.43113213211,75978.19814665224,882.0439219486434,311.938446959728,174.32832174238865,324.41438790934626,7.034379614806372,0.0309650843137445,96,69,96.11266360119453
10205,871.9116511225958,158515.27120852814,74925.73569306481,75970.9868750361,827.0142812735285,289.3228168304777,163.08974813582608,298.39490815854515,7.096943561550798,0.0151015995532392,96,69,96.11354792307166
10206,871.9280760220972,158503.4741748422,74936.03749239039,75970.21255472008,765.7895423242007,265.7588626395009,152.05254905385664,262.24480557561037,7.139276634046738,0.0063663219639948,96,69,96.11442660430316
10207,871.9316120946401,158519.84518132996,74923.09573315567,75949.68289910507,708.3745929860161,245.78468161763158,143.38550553520327,241.33840457242331,7.166153360649852,0.0138194019871463,96,69,96.1152995801677
10208,871.9486992496999,158577.4208587203,74925.94506806861,75964.80438185247,643.8046154546319,224.71661912965646,133.55627156529226,209.16700671671424,7.182385934670589,0.1576549090781979,96,69,96.1161667862132
10209,871.9515899752865,158584.44069113975,74932.8638015448,75973.7341872497,582.3479159911512,205.32765250910597,124.2897026136634,191.60733202495612,7.188702140314532,0.4204836327354288,96,69,96.11702815826143
10210,871.9679322831782,158597.1310003257,74902.8562944776,75963.78487686474,510.130592037749,180.49336086428957,111.04789036049624,160.5321060360584,7.181558000050173,0.3333446868110051,96,69,96.11788363241249
10211,871.9717477280803,158613.81094175615,74908.27779573046,75949.24826614132,436.16296918917214,152.44399950870138,95.49589586028014,140.28002290410222,7.150338876721112,-0.2540097314846919,96,69,96.11873314504908
10212,871.9881231824542,158607.545586229,74884.13174133551,75951.89762491138,347.4891028342536,115.90022906994272,74.11283292478765,105.98931927917874,7.079257652463635,-0.2440595981243072,96,69,96.11957663284127
10213,871.9909858232944,158627.11217402358,74877.18109976698,75927.30956967328,257.52985240204725,77.6963138149149,51.18090300500626,83.65858847109484,6.9502173625914905,0.0429817780206127,96,69,96.12041403275045
10214,872.0080654087689,158640.35491570376,74914.69466433213,75918.79956681975,158.3840439057094,37.89651278714882,26.233657544275047,48.08014158104197,6.745420621934849,-0.0207190066973523,96,69,96.12124528203412
10215,872.0116098589873,158709.82688863823,74918.20456260284,75922.47534580533,75.20738213439472,10.452318653056864,8.201471235865029,28.844193745666416,6.453846369978412,0.0262356423811171,96,69,96.12207031825008
10216,872.0280587928052,158687.9009827952,74877.36616492836,75913.59668447323,11.016235750284977,-0.0,-0.0,3.379394907329697,6.07318661603411,0.0342821826464488,96,69,96.122889079261
10217,872.0308851419001,158705.47935768633,74893.99324292658,75914.68683172268,-0.0,21.402332759462297,11.955236148583936,-0.0,5.613005691208287,0.0301529757795041,96,69,96.12370150323842
10218,872.0480797705258,158658.3218157127,74876.61323663389,75921.3386792032,46.320421005017124,74.46493619098328,44.52522559763747,-6.546709967777133,5.094827024758679,0.0632813281637132,96,69,96.12450752866746
10219,872.0515215577683,158686.0846383268,74895.70156247546,75942.21064873967,180.12445032416144,165.98406220458855,103.16048723904532,11.0009006090404,4.548181724728961,0.0733751534298814,96,69,96.125307094351
10220,872.0679607079448,158632.9289769264,74888.50244430563,75935.66483954844,390.4787780228071,284.24335896638513,180.44173491804395,26.08605255326256,4.008248362936171,0.0709669150984527,96,69,96.12610013941374
10221,872.0708144522546,158574.77367313977,74901.68911999886,75939.31271617403,685.4226634500665,424.70654238063435,273.4984323749668,62.1320626953966,3.508714504427623,0.0762905201590617,96,69,96.12688660330748
10222,872.0880777093439,158508.765214397,74905.4601034151,75964.1605834572,1027.9902677662321,566.8794599972607,367.90874321653973,90.4545249788498,3.0777045348179533,0.069024518860481,96,69,96.12766642581371
10223,872.0914371030029,158506.3188975732,74899.80536703668,75966.87553953395,1406.7142817629501,703.8886804629292,458.39116040145746,135.67503826410393,2.734234813042784,0.0609960702450947,96,69,96.12843954704957
10224,872.107855242705,158459.06424975517,74877.35463380268,75971.32257223825,1771.5358892519725,817.736579588207,531.9385351539822,170.8292809704726,2.4848171102111274,0.06472107464305,96,69,96.1292059074709
10225,872.1107581179084,158426.86802388486,74933.55694495403,76000.99918858786,2108.408491714974,908.1794381138752,588.2821967483906,219.33511414699024,2.32563087328555,0.0557060514886608,96,69,96.12996544787752
10226,872.1280683090018,158332.05590302846,74952.56354271325,76005.78266383667,2374.7403418533504,965.6379762426805,621.0547464688862,254.04796674396493,2.242707446611384,0.0677032082098799,96,69,96.13071810941636
10227,872.1313496297182,158290.49517483672,74927.32727627341,76013.66889318883,2575.084564198274,999.2000543506874,637.2431335090951,299.825622824952,2.216243648099071,0.0872610988647303,96,69,96.13146383358608
10228,872.1477486593641,158275.298702473,74916.5868543753,76005.04415197288,2687.5555508157704,1005.8675182805018,635.2839010214957,330.4544143094681,2.224878106562463,0.0941648866766467,96,69,96.13220256224176
10229,872.1507119872477,158180.0914970237,74933.20577808352,75948.9875478852,2736.0385887872544,998.0245631920261,624.1647154062521,368.910983842361,2.2479479101011157,0.1145108549972866,96,69,96.13293423759858
10230,872.1680533778896,158160.47987026253,74925.84148074378,75996.29149732894,2713.914048974868,973.1073142564273,602.0409091451438,389.2737357321894,2.270313093780698,0.1162042668219439,96,69,96.1336588022358
10231,872.1712572907765,158159.57807571464,74924.99100790448,76002.59387135057,2657.1567408257397,943.042321044195,577.218158883712,416.7400249677594,2.2819150275326936,0.1209620807706884,96,69,96.1343761991009
10232,872.1876438165887,158144.06543390392,74956.70610671089,75993.27712671486,2563.3495972169912,903.5029298662994,546.6195241179958,427.06399514115765,2.278542907870317,0.1430514913124362,96,69,96.13508637151445
10233,872.1906741307581,158082.49872684423,74966.58611491857,75965.92271874171,2466.2705666521797,864.6426431747677,517.6456161578244,443.96307932320633,2.2607514087023555,0.1484646634033362,96,69,96.13578926317317
10234,872.2080330473138,158085.31925924166,74958.77266818876,75999.9187299335,2358.128375450964,821.4970626614377,487.0504845321411,443.5192575576948,2.2301461044816198,0.1447201521522427,96,69,96.13648481815468
10235,872.2111597030927,158103.20676175406,74952.2378582421,75998.8515999833,2267.4834430412157,785.0050560875679,462.76084716033074,450.6812217164552,2.189105277688986,0.1473776356526884,96,69,96.13717298092132
10236,872.2275424980595,158070.13526581344,74971.3483975465,76032.21966210504,2179.054201676743,750.1013551846263,440.97355363782845,441.99369060696336,2.1372112969196198,0.141100270944003,96,69,96.1378536963238
10237,872.2306432359162,158040.91290068964,74972.90396853835,75991.2647806957,2113.080813409062,726.0000038429862,427.7396435943956,440.4059281923692,2.0713957332663004,0.1184931657321728,96,69,96.13852690960611
10238,872.2480069369633,158087.06910552038,74970.48739876512,76050.19960311429,2048.2802917197696,705.0120928663964,416.884221441549,423.4413173761568,1.9867928615999004,0.0865567268083693,96,69,96.13919256640877
10239,872.2510571084878,158091.60095888365,74964.02201427528,76011.65531373235,2002.0304740919382,693.464494354921,412.3667434883828,416.11725257261423,1.8766756215353155,0.062892166968949,96,69,96.13985061277285
10240,872.2674459998536,158043.69094038277,74961.71154878556,76041.8928667911,1950.2877107906388,680.4586323102267,406.11144408094697,397.20888737009955,1.736497293111877,0.0498115384425952,96,69,96.14050099514408
10241,872.2706181637269,158101.81821156183,74936.01410400987,76044.2567029195,1908.2202799307997,670.0681205836736,401.12862952117575,390.06648237261106,1.564053396091996,0.0358068780764622,96,69,96.14114366037715
10242,872.2879745258713,158121.61136854175,74951.68280308472,76020.12385161493,1853.5188490624423,652.1907119779935,390.4789009591623,373.9282976810646,1.3616896870731274,0.0264078176248972,96,69,96.14177855573853
10243,872.2909500868665,158113.1765673656,74957.01876109064,76033.70839504927,1806.1761634991853,634.2993062475143,379.8660086109303,372.1674126961152,1.1371551733005538,0.0197995850464329,96,69,96.14240562891156
10244,872.3073553222465,158083.1584741562,74919.22981433214,76019.19383698431,1748.552996973507,610.4082555082568,365.098725664895,362.8165403273015,0.9014086217834728,0.0234833677012572,96,69,96.14302482799955
10245,872.3105977985658,158065.7283884572,74973.73320732948,76017.59044719733,1703.9251044656849,591.2388633630326,353.721723696508,365.9671457131044,0.669082405092489,0.0346065997723491,96,69,96.14363610152992
10246,872.3279353058326,158031.35964313854,74942.79505717162,76013.43689026515,1658.8994723568903,573.334132659933,342.79578226877493,360.1451210476516,0.4545270130495242,0.0341071308617233,96,69,96.14423939845796
10247,872.3308394279603,158106.1319539255,74995.71193917513,75982.22894856798,1638.9464848636417,567.6777764840954,339.71558404463576,366.60260577884037,0.2702962894309888,0.0370396639265368,96,69,96.14483466817023
10248,872.3472712415253,158042.9017104723,74963.86293862402,76045.64314862582,1628.6438495490002,568.4277522891352,339.78739259473514,364.7540118067409,0.1256509095865424,0.0350817584643514,96,69,96.14542186048944
10249,872.3505809950925,158056.18100978044,74976.87430378272,76037.03841320754,1647.2841917937621,582.1956448668061,347.5642834887549,374.6095952667238,0.0237763942058424,0.0429786610108994,96,69,96.14600092567647
10250,872.3678888586484,158048.83493870462,74949.75959606138,76027.38120973653,1674.3593981474987,599.6506038466468,356.3460151446343,376.91660142253386,-0.0364005594732727,0.0556727778043885,96,69,96.14657181443576
10251,872.3707260577241,158014.51495255297,74968.01815066117,76008.79588664712,1723.6182575516286,624.5478704252164,369.23773536042427,391.5887748078676,-0.0612256501665562,0.0574005433915214,96,69,96.14713447791804
10252,872.3871943401106,158008.75896463566,74951.03308734848,75973.50089264107,1769.2280923559447,645.8067399619031,378.7986985477328,398.13311043428257,-0.060057710487992,0.0442376372214952,96,69,96.14768886772409
10253,872.3905665627775,157959.3271128101,74957.27892200093,76008.87952900771,1820.27042984101,666.3470064108988,387.9050202144135,413.48950220280676,-0.0428892203185531,0.0435559150117109,96,69,96.14823493590882
10254,872.4078349021784,157959.07523199532,74955.80679099297,76006.56887602406,1851.8814422192518,676.8301517192012,390.4894287334464,418.05537674037623,-0.0201004434800443,0.0408257050319283,96,69,96.1487726349844
10255,872.4106109845571,157947.5697957582,74948.13433067292,76018.36271096596,1875.6335827155854,682.4046929781907,390.9033311624953,429.40762141084997,0.0010420245114566,0.0222399100960201,96,69,96.14930191792426
10256,872.4271250232185,157935.39908788473,74966.30618280741,76028.85721416221,1870.4362732890295,676.2010988356051,384.4517057671619,428.84235482494114,0.0154879288663992,0.019617943790635,96,69,96.1498227381662
10257,872.4305532651001,157953.55758036647,74941.46429274161,76035.97226363237,1851.090483467793,664.9742387644656,376.12820203922456,433.5291373520158,0.0212963188250726,0.0176169538624743,96,69,96.15033504961644
10258,872.4477733232666,157930.73767242976,74936.53083572007,76008.8880732283,1803.1163731958368,644.1327743897564,362.4181617637223,427.41484841151396,0.0197492572394291,-0.0153505585129062,96,69,96.15083880665262
10259,872.4504952505423,157945.81599064244,74960.74447992104,75995.91492225137,1745.6867325776839,621.1603207724693,348.6337972905603,428.2731489217549,0.0128987717166841,-0.0123035229630213,96,69,96.15133396412786
10260,872.4670635356019,157912.7692300975,74932.6473638776,75992.51144560266,1667.3455458336975,591.4678279978834,331.288828112738,419.90161304958747,0.0046008170597593,-0.0019610900921687,96,69,96.15182047737376
10261,872.4705398209211,157938.4848404057,74926.66747312351,75979.51018504924,1587.0570917597506,561.3088896639674,314.9796739217127,418.1311070686206,-0.0021837595869919,-0.0300547151430746,96,69,96.1522983022041
10262,872.4877042084393,157899.8907702834,74948.2178486803,75972.42340618571,1494.9517951486632,526.1234019158874,296.30661703948863,407.91745687887305,-0.0054726326190341,-0.0430936566297189,96,69,96.15276739491792
10263,872.4903798773543,157940.87147033817,74916.34961302356,75979.04858272626,1408.2273296011263,491.5808792011667,279.2622289886058,404.4334264656645,-0.0041379319997841,-0.0127424036379931,96,69,96.15322771230348
10264,872.5070099896468,157936.69707105384,74933.45977136247,75951.43611624991,1315.2675472298288,453.4326437595446,260.17534362198785,392.19950585311744,0.0003770626970063,-0.0167207650365164,96,69,96.15367921164106
10265,872.5105248955923,157953.38221308702,74907.09390905981,75963.86332284861,1229.9767620073399,417.4153354885202,242.46673042044858,384.68075652464177,0.0064044172206203,-0.044653429964697,96,69,96.15412185070667
10266,872.5276278856646,157949.60137228953,74917.62544481129,75962.77939919915,1141.4260700359591,380.8896525287564,223.0913847303309,367.8137822780409,0.0109622709831802,-0.0570395816475752,96,69,96.15455558777504
10267,872.5302657918864,157983.72621643727,74903.25377698388,75963.06401877917,1061.9888983966084,349.6908368569857,205.3617548319453,354.42560895817587,0.0112221303835723,-0.0830309965719059,96,69,96.15498038162298
10268,872.546964423682,157965.2656618303,74945.67055803625,75940.1318020381,980.6472760728211,321.0907593490265,186.48730072527542,330.64854994553025,0.00600353283215,-0.0993832203038033,96,69,96.15539619153314
10269,872.5505070577727,157966.49512993795,74906.92158473874,75946.37204111542,907.9411436453229,299.1263228489697,169.38698112260317,308.75503980123904,-0.005090080137373,-0.1082802443936839,96,69,96.1558029772962
10270,872.5675450068012,158029.01167093992,74934.49639546931,75964.37735147812,834.6632702565985,280.10823387510027,151.88176732239663,277.7316045528278,-0.0190617184438612,-0.122713639256218,96,69,96.1562006992152
10271,872.5701536937403,158063.02161267836,74924.45602563681,75933.12104984373,770.2051824679365,265.7618689700612,136.61205468286062,250.3865627493651,-0.0310151470851403,-0.1358863892256764,96,69,96.15658931810762
10272,872.5869269412897,158087.96058315336,74902.74157937182,75964.35252101254,706.1373655038769,251.4443777405686,121.75499065694748,216.74585483426927,-0.0338269037443477,-0.1443893857301962,96,69,96.1569687953095
10273,872.5904846332068,158086.44609512654,74930.43536717597,75944.83192862922,650.1930000733119,237.72352066874737,109.53885630777222,188.64746668201406,-0.0182671226562149,-0.1483739148389994,96,69,96.15733909267784
10274,872.6074567641311,158151.91510866518,74912.18352534476,75945.68593142042,594.9859819345293,220.9273805017001,98.45664789152215,157.16238054676796,0.0241608069437936,-0.1501007513777585,96,69,96.15770017259403
10275,872.6100437349697,158172.10371504133,74903.8982762196,75914.29609202124,544.6696261916659,201.56474773977243,89.5535623797914,132.0931373181229,0.1019130429088366,-0.1536158090929553,96,69,96.15805199796662
10276,872.6268981167738,158168.8159771225,74920.4706656254,75943.6934383993,489.97188639844535,177.16325452261663,80.5207368961128,103.79562818221166,0.220434149070433,-0.1423219179432787,96,69,96.15839453223468
10277,872.6304551846888,158167.37212323473,74917.25787337491,75914.40984338103,430.9158186366549,148.35113572431146,70.76987788491533,80.59651196049526,0.3816979141728934,0.0352811462527353,96,69,96.15872773937056
10278,872.6473656457043,158237.55112040718,74906.36857903827,75973.2689610153,359.6717235824908,114.6275608693395,58.092586085927906,54.909023772604996,0.5843181130081119,0.2718563836185269,96,69,96.15905158388294
10279,872.6499343869941,158217.89574185226,74891.70598335016,75908.25405615912,277.7801899954793,78.06408870886662,42.3760452317365,35.17581880267244,0.8218335098946526,-0.0059427390417996,96,69,96.15936603081953
10280,872.6668806732729,158283.03027346186,74914.58649787513,75911.62095964949,186.7796221852186,42.361027738501434,24.70385556120891,15.812075136549538,1.0852966253344478,-0.5397404731623987,96,69,96.1596710457702
10281,872.6704129150667,158269.72575345603,74915.0996763215,75886.32434093203,98.40766821440775,13.402689535272657,8.624557853705483,5.3572317990183365,1.362632208991588,-0.3520427076881439,96,69,96.15996659486989
10282,872.6872798097604,158261.8101346198,74887.9655207889,75919.78340805242,29.30685709923273,-0.0,-0.0,-0.0,1.6404639192513792,-0.1833972555344934,96,69,96.16025264480132
10283,872.6898143524736,158273.65036262124,74879.171678828,75887.91824009437,-0.0,9.72108011279488,4.4432736503949855,6.4207953473960515,1.9062502903176024,-0.2659791861559444,96,69,96.1605291627976
10284,872.7068968513362,158258.53323149314,74876.0095281059,75901.45617125444,33.24438775499584,51.19089443849225,28.121974716952536,20.271335334837204,2.1479553542848056,-0.2683385171945121,96,69,96.1607961166453
10285,872.7102950360754,158217.26219144766,74874.46543753595,75886.07168483501,142.5711941982736,125.64347248288686,72.32406081794761,45.76469632907538,2.3573033697856967,-0.3115005698717031,96,69,96.16105347468734
10286,872.7264081232058,158158.00743388184,74840.45586573068,75891.90731957002,337.37520942569245,232.79311276839871,137.1190060126828,78.75101604190422,2.5290024155640083,-0.2949858941700242,96,69,96.16130120582498
10287,872.7297793376937,158136.3659427266,74873.24195732974,75876.68747388446,607.4150652500684,361.95396256039385,215.7759950631007,121.28704724629642,2.6615032452632983,-0.2844374293129676,96,69,96.16153927952136
10288,872.7468694010644,158100.8463777803,74880.75867252027,75888.22444210183,939.1117434434709,503.325292123438,302.324314832309,169.96131429227535,2.75728825785495,-0.2835394115147747,96,69,96.16176766580328
10289,872.750198895033,158029.7549045842,74878.19951190235,75866.15741593989,1298.610464926518,639.0842085269251,385.6698636626825,225.53137229545973,2.819944979423552,-0.2844672477795637,96,69,96.16198633526488
10290,872.7662998951824,158020.45363644298,74833.49417677792,75857.19762677769,1660.3181738542044,759.6471788746421,460.31783827609615,284.91268806540756,2.854505450281556,-0.2835441901627007,96,69,96.1621952590689
10291,872.7697719455053,157927.68167164674,74840.48123617984,75861.01762881574,1986.3951941066189,852.0829831335577,518.2980209760717,346.67541842197534,2.864021947278684,-0.2844864749722673,96,69,96.16239440895038
10292,872.7868120126003,157825.11524281453,74864.04880862273,75864.57335510488,2260.4746277449303,916.5726492012327,560.0188105321577,407.7046996904537,2.8485538560778845,-0.2721794073903109,96,69,96.16258375721868
10293,872.790126629399,157790.191467687,74829.40289103714,75874.1418258799,2458.564739027759,949.531302600386,582.6088100059278,464.8165125718515,2.8053160769672267,-0.2532168077126235,96,69,96.16276327675986
10294,872.806159914725,157760.1305062452,74813.7569012299,75889.66911281821,2585.8763805122,960.4445819791727,591.4301955358969,516.151099421375,2.7274271827795364,-0.2527567405458327,96,69,96.16293294103896
10295,872.809825844577,157695.1179105108,74827.18948826731,75879.88228176143,2637.8493843053,950.9681577046285,586.0624774113676,558.8825537355442,2.6076197417805607,-0.2458619698859717,96,69,96.16309272410334
10296,872.8266437778407,157677.20619645857,74858.14672078435,75887.30490614739,2637.072357551835,932.7026308743225,573.0009576850571,594.1519528703648,2.439168775054442,-0.2392927589265976,96,69,96.16324260058396
10297,872.8303724202051,157649.59957438082,74841.8921784054,75864.48458574954,2587.7466525793425,905.3537440265354,551.1713209416193,620.1821367066586,2.2190036239570903,-0.2392236516027327,96,69,96.16338254569816
10298,872.84669797135,157630.28422114576,74849.60730250024,75881.31175495539,2517.917066569673,878.3218768008228,527.1615056553856,640.9139052129758,1.9506790093806456,-0.2291298225821444,96,69,96.16351253525212
10299,872.8496357390053,157631.24480074338,74857.72051743044,75874.11270690411,2429.344726291136,847.9211716744903,499.47712096455507,654.5726516983414,1.6435859837829814,-0.2304409496380881,96,69,96.16363254564295
10300,872.866690515064,157597.05901321588,74810.63333777245,75896.5336639329,2346.9938754338073,822.1354951250978,475.2720234429871,666.6071066929726,1.3144782114137945,-0.2374221662790437,96,69,96.16374255386089
10301,872.870272297923,157604.99816279346,74802.63271336332,75869.04794455218,2263.5201477471855,794.9055001977249,451.9788197937596,673.4740250911564,0.9839486933011542,-0.2291022778615304,96,69,96.16384253749176
10302,872.8866059171413,157604.36454325158,74811.19012813814,75895.29573673406,2196.5555052530835,773.288844765746,435.6440486247011,680.5563343222311,0.6737423926364103,-0.221331436746872,96,69,96.16393247471864
10303,872.8895606801009,157572.73573957643,74818.57721423848,75882.941977203,2131.3078949442715,750.2313210282591,421.8193631203321,682.7324909338204,0.4041156544201754,-0.2225799263600717,96,69,96.16401234432465
10304,872.9066879602547,157611.49146382813,74819.17458498408,75889.84157626181,2081.5337933952687,732.570054550757,415.0592119190551,686.2410673314589,0.1889149201206055,-0.2470235421449771,96,69,96.16408212569452
10305,872.9101930749623,157605.16496461869,74832.1207351988,75857.09612481788,2026.9223651963403,711.5226862634299,408.5630591084191,684.4038797935646,0.0355618302962303,-0.2618432910079966,96,69,96.164141798817
10306,872.9264958088428,157595.2398635713,74786.35177197926,75866.4209816258,1980.1905349607696,693.5304956234031,405.7505613056128,684.3008436167729,-0.0570090078247639,-0.2782757201100211,96,69,96.16419134428666
10307,872.9295070367286,157619.9279234798,74801.18802039853,75870.94347092007,1922.1782586964546,670.2851938790409,399.4820795666892,678.9821793796145,-0.0970303188038969,-0.3126647668628167,96,69,96.16423074330577
10308,872.9466731727589,157617.89803824137,74819.98026018182,75902.54353900073,1869.9666141570196,650.0100819568179,394.01746631175047,677.2277191450121,-0.0968630978809911,-0.341803707509356,96,69,96.16425997768673
10309,872.9501151046688,157627.9173501586,74852.69687400038,75890.18146095365,1806.326841564267,625.1808397584973,382.8260142127983,670.7653360554541,-0.0720518144293208,-0.3660180899817045,96,69,96.16427902985362
10310,872.9663802701328,157639.2206686847,74853.87771023017,75919.74358085918,1752.3764136375394,605.6291064969264,372.0477384373371,669.1573896160116,-0.0365630215945756,-0.3639121990515089,96,69,96.16428788284414
10311,872.9694675372812,157628.96422191834,74831.65085085448,75868.29546759669,1694.4939958056202,585.2693431534426,357.52278528836905,663.7277450110705,-0.0021040562303349,-0.3691930356478263,96,69,96.16428652031148
10312,872.9866493200873,157651.83939823892,74829.88225243309,75927.79069494664,1656.5491841501207,574.7635249021114,347.55454459998873,665.1753284754523,0.0234423663366216,-0.3960017416959426,96,69,96.16427492652608
10313,872.9900362673309,157662.48962279427,74844.96489220251,75930.82165456792,1622.6217577459756,566.6042483065539,338.1767944050662,662.7658591294603,0.0371931157372482,-0.3849577369301535,96,69,96.1642530863778
10314,873.0062615401156,157647.51614374566,74849.32063527445,75890.96956390477,1614.2069875590387,569.9545181492722,336.9997260068485,667.4570883514534,0.0388422895775121,-0.3588662866481543,96,69,96.16422098537667
10315,873.009441689818,157645.12180883726,74824.03565014624,75890.50682353688,1612.0602789644618,575.6653769316472,338.35030291674775,667.8646203716053,0.0315611718991088,-0.3585354444650258,96,69,96.1641786096559
10316,873.0266143737581,157659.45035925452,74835.12183504409,75893.31312480658,1633.3530047002714,590.9791102556919,347.3901488519332,675.6484549620654,0.0192445921082416,-0.349478247533753,96,69,96.1641259459726
10317,873.0299591263303,157667.97919637893,74858.50670944882,75899.41395492268,1652.1770561164012,604.149970533821,355.51763663534075,677.0892025660141,0.0056127734932825,-0.3383769553076347,96,69,96.16406298170976
10318,873.0461373327081,157655.78584675182,74802.81110761737,75935.83257759563,1682.4676738046692,621.4653683240613,366.5809180578217,684.3122270484164,-0.0056841066309304,-0.3532177490134004,96,69,96.1639897048774
10319,873.0494338500513,157661.59221006554,74842.8860478486,75878.3832603026,1698.4692006825353,631.8673010948987,372.4302303692966,683.6162171678443,-0.0133473206308735,-0.349100365758168,96,69,96.16390610411536
10320,873.0665600541608,157645.6749813447,74834.38392139476,75908.25065261775,1715.763681533048,642.7433219554077,378.13292150371126,688.3702367637597,-0.0164407668867906,-0.3269824111569845,96,69,96.16381216869318
10321,873.0698953120512,157677.78322194575,74831.97167369843,75918.95073310015,1709.9826019419124,643.7761966228572,376.6811468255182,683.3056118897221,-0.015536339850725,-0.3363730443609114,96,69,96.16370788851262
10322,873.0859913537947,157690.02687517682,74853.37723801172,75920.88307928533,1700.6627777836984,643.6871963976591,374.64737303508446,683.1559338584484,-0.0120386427640998,-0.3326672400061587,96,69,96.16359325410885
10323,873.089472743789,157670.80559459492,74822.965778964,75918.65181413444,1668.6639458257123,633.6891890757106,366.50909292153665,673.4383970783092,-0.006760963562646,-0.3208540660998197,96,69,96.16346825665173
10324,873.106426098538,157738.84558672804,74856.0613777996,75887.8898866038,1636.1024071479915,622.5596519918181,359.094868558459,669.7641437623533,-0.0014573095726959,-0.3287099850703111,96,69,96.16333288794758
10325,873.1100294829974,157716.76778429304,74859.5092997503,75899.63711987628,1584.3454986719298,601.0274729386147,346.4564048521279,655.6965801378828,0.0033711708732693,-0.318176858215167,96,69,96.16318714043967
10326,873.1265935302974,157750.94283369265,74838.31084461755,75896.31709539423,1536.3408486791304,578.2389877793466,335.18194273885456,647.6094675466884,0.0071240284108036,-0.3077850469185785,96,69,96.1630310072106
10327,873.1293244675479,157753.49545319032,74840.31869437217,75894.3299826543,1473.255186975759,545.9359333289758,319.1385143228399,627.8446857361123,0.009245129505055,-0.315742776530253,96,69,96.16286448198284
10328,873.146439233348,157775.20653967114,74865.91592238656,75940.94579547248,1418.6170125107747,515.2881248608464,305.26225966977654,615.0405199346715,0.01013366799844,-0.3099640358716201,96,69,96.16268755911972
10329,873.1499627726295,157827.86642890883,74830.00475756278,75958.8069509509,1351.6927309056045,479.16397547336237,287.3422969262465,590.1251648370817,0.0091734280871258,-0.3150427970551992,96,69,96.16250023362764
10330,873.1664841271182,157851.1613861136,74814.77722720391,75935.6869082904,1293.6157373550232,448.8688955024263,272.0929151964374,572.034494398802,0.0067165505149105,-0.3139475191201913,96,69,96.16230250115603
10331,873.1692534969163,157883.77113588853,74845.41178017696,75923.40652994638,1224.1737563862698,417.50563789816806,253.86794967352762,542.0594329353189,0.0027926721377318,-0.2997264812529017,96,69,96.16209435799904
10332,873.186425055307,157896.96586723046,74836.04935493923,75928.64735724329,1165.2877928089583,395.25440825945407,239.6160429533047,521.5326640493586,-0.0025863541223747,-0.2934879114159178,96,69,96.16187580109678
10333,873.1899038167325,157960.86454869225,74849.6952308983,75913.59862996654,1096.1484387259698,372.6862520591967,223.24063343877788,489.7648157142976,-0.0082416677862913,-0.2782508202928042,96,69,96.16164682803574
10334,873.2063644744575,158011.7142746781,74868.26809941622,75920.97647530313,1037.3821344586322,357.0376436853985,210.80221746658208,467.56075818510726,-0.0136660736283883,-0.2592952009033524,96,69,96.16140743705036
10335,873.2091969516746,157980.11361920924,74874.30940065658,75950.14439777599,969.6065709097311,338.0839128778316,196.29554245868349,434.0428426838771,-0.017108985938452,-0.2720316871180176,96,69,96.16115762702364
10336,873.2264058164686,158059.28906332553,74855.03982927496,75911.7970919109,913.7514132868964,323.02649980159185,185.70185795624275,411.79656286293175,-0.0171508592481506,-0.2897318234158908,96,69,96.160897397488
10337,873.229841255565,158106.7471851511,74855.73503816327,75923.90907623463,849.5673008398153,302.45378041107324,172.92280326827313,377.7414568758395,-0.01296025992724,-0.2931953751937012,96,69,96.16062674862644
10338,873.2462418239954,158120.04879538994,74860.22583214528,75921.87810876608,796.5757205172558,284.7160079722671,163.74969155556755,354.4859340119292,-0.0036823191002722,-0.2917207267294394,96,69,96.16034568127306
10339,873.249151400407,158185.71716348096,74876.23347911787,75950.11736970616,736.4736930269282,262.9978363518312,152.9584365824703,319.718240396498,0.0092223204163276,-0.2875760367082986,96,69,96.16005419691406
10340,873.2663821645139,158190.10202481176,74855.45004597647,75959.53207920687,689.0334716588259,246.67377410951303,146.46266414577258,298.10972345108166,0.0237378912405715,-0.2860994351501361,96,69,96.1597522976882
10341,873.2697744414503,158228.8204577188,74887.4136717779,75936.95244991352,635.2271890448174,228.6280220428307,138.7169367223687,264.83121984047466,0.0361308570490164,-0.2848764412200668,96,69,96.1594399863878
10342,873.2861173568023,158287.9273376687,74894.35387719075,75934.12715426332,592.7108319294057,216.31746392864443,134.55317351754638,244.06240012150374,0.041648867924851,-0.2794614447746189,96,69,96.15911726645956
10343,873.2891172098529,158324.45655704438,74868.38896169474,75940.54433775731,542.9603315038257,201.45260304721887,128.03843063878594,211.04961611505132,0.0366967327147596,-0.271270110518671,96,69,96.15878414200434
10344,873.3063518029119,158364.3686629025,74888.08039601364,75969.52778333449,501.15230969089316,189.04366832089727,122.68824079784099,190.88780851234333,0.0183060219536539,-0.2552546000948258,96,69,96.1584406177788
10345,873.3097054557836,158407.77474204445,74856.79509481363,75978.88640960288,446.0040359577397,169.07751143061614,111.63392362798913,155.75782573764445,-0.0124139095231881,-0.2587264395218783,96,69,96.15808669919524
10346,873.3259896750468,158409.64619917976,74905.47059236006,75961.72185742854,389.7093949218397,145.75428239848407,97.91511385465856,131.20462273602607,-0.0503250658354509,-0.2452647914920074,96,69,96.15772239232253
10347,873.3290974544194,158429.25609198023,74884.3819420578,75992.7513855866,313.68782196042594,111.99104234993865,76.64454945703619,91.84078284347197,-0.0856009734205611,-0.0868291832035303,96,69,96.15734770388602
10348,873.346308843047,158528.92875391064,74876.66963790936,75983.62929339246,233.75132621341618,76.0247856068454,53.446667301497655,66.77973493738682,-0.1029071553874007,0.1545953186971267,96,69,96.1569626412687
10349,873.3496416242506,158554.28950509164,74885.28985489959,76003.44751779435,140.22081026574597,37.18001955008367,27.566304238076555,30.203895934682805,-0.0847236931463552,-0.0163494434164277,96,69,96.1565672125109
10350,873.3658495540543,158614.25074408329,74894.73652155962,76017.22590325498,60.50821337965317,9.96437536511803,8.620281959476415,13.232267461688025,-0.0117169260885356,-0.5412010296988512,96,69,96.15616142631116
10351,873.369108283604,158629.61053283882,74918.7209450168,76006.57128127049,1.3135933744488284,-0.0,-0.0,-8.150335587881273,0.1331041478145725,-0.4349237661589301,96,69,96.15574529202614
10352,873.3862207733711,158647.37530897107,74916.94378888553,76038.22737641608,-0.0,22.83396808023099,12.058859196695266,-2.945920226164162,0.3614686337992328,-0.2219797316459107,96,69,96.15531881967108
10353,873.3896691204637,158599.4556894837,74926.0212030201,76050.66572886636,66.96070846467046,80.7808468559233,46.251110318349674,-0.0,0.6786629729192649,-0.2955865497202005,96,69,96.15488201992008
10354,873.4064887615099,158616.6678330908,74896.64564939438,76008.60804698536,230.68000539648347,180.17623123417434,107.13708531300654,30.33244247105904,1.0803282014774562,-0.2644207912578021,96,69,96.15443490410615
10355,873.4090244141971,158573.93386237472,74954.82539421185,76034.01075683272,483.42395259812474,311.63506202325516,188.76312175267958,56.01233358719037,1.5545529215970693,-0.2623980812669042,96,69,96.1539774842214
10356,873.4261921869798,158581.63714398583,74938.90749795426,76032.72668503094,825.3264372705598,468.2998122704739,287.0556476774509,108.22109145083232,2.082196330084235,-0.250429963656106,96,69,96.15350977291708
10357,873.4296372890325,158533.3722044413,74949.48420002084,76048.93323544979,1219.585459717724,631.0029659091815,389.45617126088473,152.40702954426524,2.6394964950818287,-0.252185690164763,96,69,96.15303178350372
10358,873.4463639367119,158476.806155362,74959.82586115674,76063.1787738798,1639.7221641152282,787.2368222327786,487.77352543821326,217.7220633799443,3.202464063200806,-0.2494762775728052,96,69,96.15254352995116
10359,873.4489570173922,158446.34286680789,74940.45197103225,76076.68486113305,2037.4980166959576,920.0733169333398,570.6954966039921,269.43369848202565,3.748046823428241,-0.2345723871583633,96,69,96.1520450268884
10360,873.4661655489621,158368.43264784885,74950.43662642482,76071.1689558428,2387.301442228956,1023.7113569595676,634.5490123664786,339.21042806477635,4.2585355007358405,-0.2357559742711949,96,69,96.15153628960384
10361,873.469597017971,158330.56688222828,74954.66793988216,76070.74356839278,2656.7513478464098,1091.7976718601712,675.5713560213771,390.3590234312287,4.721756486804097,-0.2253236347025711,96,69,96.15101733404464
10362,873.4862384889647,158294.9221102314,74960.71364922539,76062.00954828544,2842.4607435298385,1128.3355068155797,697.2085735965229,453.4214081496757,5.131110210459471,-0.2273386072267683,96,69,96.15048817681736
10363,873.4888956850876,158259.52120700537,74957.89976555808,76087.84745954353,2939.9792751192,1136.0264036888257,702.0201898704981,493.32049762431416,5.485735314217601,-0.2474403241704529,96,69,96.14994883518696
10364,873.5061416973235,158210.28037724676,74997.00801996418,76085.73747348932,2968.0985342766508,1123.583552309923,696.1299438371934,544.4899735971994,5.786717840204977,-0.2311459886072819,96,69,96.14939932707688
10365,873.5095481278815,158236.16594043077,74959.2954328914,76082.19420965158,2938.741430203896,1095.8174021402374,682.3650412159623,571.147081141884,6.03705964452501,-0.2117528926666128,96,69,96.1488396710692
10366,873.5261128075699,158170.315628438,74993.28654246275,76090.49664746536,2876.177327057754,1060.1278676412476,664.431381403454,607.6695487301913,6.239068357212689,-0.2025973222309452,96,69,96.1482698864037
10367,873.5288415863506,158179.3960701687,74979.81744196503,76113.7962393417,2792.903337745054,1019.844072869455,642.8991730441048,620.5972779443546,6.393744241752631,-0.1944152786446852,96,69,96.14768999297782
10368,873.5461184165582,158172.40496918454,74984.43510527963,76133.95228305348,2706.210071114765,979.5526908676547,619.1234564649931,647.262883603631,6.5025587796571775,-0.1782367222740646,96,69,96.14710001134628
10369,873.5494916093791,158172.6446787829,75028.6719331024,76139.41073397662,2620.734076355584,940.6777361295972,593.1384697369067,651.8965131948062,6.56674152289184,-0.1633658418667222,96,69,96.14649996272058
10370,873.5659869396713,158212.62643518596,75003.28905656896,76149.0514805586,2543.6592053635977,905.2647746414441,566.3358116672316,670.087255556311,6.590655972040412,-0.1449258552984811,96,69,96.1458898689685
10371,873.5687958831552,158163.39505527058,75023.6546787052,76192.51707313578,2473.1073338850983,873.2988561128295,539.9923759634257,666.9885752657428,6.581720433059452,-0.1311531391226728,96,69,96.14526975261371
10372,873.5860933416708,158190.40529649754,75014.3988210988,76170.65750346995,2409.5123876669677,844.6431011201785,515.8161882283748,679.3237691987306,6.550428107200808,-0.1242097502682268,96,69,96.144639636835
10373,873.5894288217263,158233.4806501556,75066.48571801351,76212.12342905933,2348.089673045266,818.268636557259,495.0982751008996,669.1051819561108,6.510757320754092,-0.1472673772529,96,69,96.14399954546631
10374,873.6058606338468,158232.26686465731,75062.5917539954,76201.33556172473,2286.585989552783,792.8832454234653,478.0187225888076,671.8744409331994,6.476483983435157,-0.1507028172599641,96,69,96.14334950299482
10375,873.6087599984484,158219.04997578566,75081.50382312117,76238.09097871736,2221.4920857165125,767.8979880203115,464.3278682700475,652.3040892944846,6.461046285760691,-0.1696848812628097,96,69,96.14268953456192
10376,873.6260635000756,158312.3426774564,75102.43857062858,76257.96609634219,2151.701873120852,742.3797550714226,452.2764800367295,648.4876336878806,6.474649125881904,-0.2218626056191764,96,69,96.14201966596109
10377,873.6293621780381,158300.35481413483,75092.44704558066,76272.30679753823,2078.1420118670794,717.3618033163511,441.15982395986794,623.5832712247793,6.522949705841422,-0.2415869558656442,96,69,96.14133992363776
10378,873.6457323735774,158339.88396963343,75122.42393416952,76306.78197789367,2003.129083262349,692.8790033936821,429.4650019480614,615.6998502021306,6.60809037691298,-0.2878990057711317,96,69,96.1406503346888
10379,873.6487369314161,158374.3303860443,75095.99806100299,76273.48606260095,1932.281877057685,671.3454806129303,418.1852773070568,590.7805164725287,6.727207962702108,-0.3101607225175291,96,69,96.13995092686096
10380,873.6660234301087,158404.7198766199,75136.6031854886,76338.27801529772,1869.4542457009084,653.0528047445841,407.41272427799413,587.4894091683382,6.875365651626372,-0.3011258941995083,96,69,96.1392417285506
10381,873.6692980965757,158425.7348703345,75164.70745984925,76327.32214083326,1821.5768823970575,640.9225399423885,399.9101534678193,567.9135778621421,7.045757640170438,-0.3250910331759415,96,69,96.1385227688025
10382,873.6863760278018,158452.45488097274,75159.93505148907,76302.74751409487,1789.9534875323297,634.3756208932609,395.9318007301772,569.6589871908072,7.230667533619732,-0.3214876682108837,96,69,96.13779407730875
10383,873.6887393571401,158466.49309382113,75193.35758774697,76333.59794263424,1778.968437392381,635.5962384643935,397.63132696569664,553.0948392337014,7.423689501306604,-0.30620232015222,96,69,96.1370556844083
10384,873.7059477746982,158478.83701095826,75165.74065637865,76381.36246627777,1784.462842498906,642.0360151471978,403.08523364862776,557.7169538321032,7.618248719945311,-0.3081014798808689,96,69,96.13630762108524
10385,873.7093005099663,158471.0467700948,75166.16721180471,76334.97570620643,1806.8624096381827,654.5057902524713,412.49342626097496,543.7924495648767,7.809709103928097,-0.3006418609462343,96,69,96.1355499189683
10386,873.7262386684438,158528.06505958785,75162.0606923996,76358.18027590138,1837.3184545849217,668.7552352607454,422.10470694478136,548.874614198663,7.994414862888127,-0.2928469544500402,96,69,96.13478261032895
10387,873.7286747732229,158557.46560391443,75194.50743270585,76373.37350826435,1873.9637414277531,684.7581637479743,431.58397921238793,535.2536947289482,8.169414776026246,-0.291865293136692,96,69,96.13400572808148
10388,873.7459082894543,158537.12547731225,75177.79708333363,76372.12602976112,1905.6421648167889,697.3802796140953,437.2989494103531,543.8858215350192,8.333732965002147,-0.2780510454715677,96,69,96.13321930578056
10389,873.74927674719,158575.96555903764,75183.58266760696,76385.54773488693,1931.8516585325706,707.2635097358434,440.4874079139554,536.2726864253636,8.486166006608059,-0.268799973715539,96,69,96.13242337762064
10390,873.7661111726047,158581.45293623063,75218.29176540392,76377.00928277543,1943.257648074592,710.2097067980794,439.13645661401097,549.5817834446498,8.6268576291613,-0.2680572663577543,96,69,96.1316179784344
10391,873.7686072594541,158598.12950666534,75188.12340163834,76371.49753760635,1942.8958694241592,708.45035728527,435.9574491085077,544.9043794306344,8.75599048939768,-0.2723129190478769,96,69,96.13080314369184
10392,873.7858794949882,158586.94364293377,75220.45399746287,76389.19039598803,1923.507169432356,698.729470341088,429.1652349845681,559.9513120662596,8.873226740864295,-0.2574128890846917,96,69,96.12997890949826
10393,873.7892396514567,158573.7714402444,75181.67848631262,76372.88818666113,1891.6278080163174,684.6833064956736,421.3694388140575,553.4519484841439,8.97896677340951,-0.2555987900074881,96,69,96.12914531259332
10394,873.8059861862168,158623.60470125973,75185.19814835186,76349.67843184787,1841.9230663298513,663.6531867536833,409.8812610634486,560.16599238661,9.072384982169408,-0.2621186579219648,96,69,96.1283023903498
10395,873.8085430175054,158649.74102096984,75211.91267236094,76397.3742014433,1782.9001665331307,639.6222323503898,396.5639649183431,541.3848347489547,9.153512389303716,-0.2519160576877067,96,69,96.1274501807712
10396,873.8258560858168,158676.72256376504,75201.81281409995,76365.46576307774,1709.555271046469,609.5379263579816,378.32768872362794,535.5744498859276,9.222626302949342,-0.2552765909787879,96,69,96.12658872249138
10397,873.8291920704888,158708.64613589202,75192.38148849395,76369.00701678272,1632.4157323055551,577.7781379364897,358.2088227949571,504.74492223782,9.280201534806409,-0.2589396025956624,96,69,96.12571805477192
10398,873.8458623557482,158750.87558543502,75231.24979612499,76385.71665290877,1547.2700678114197,541.5489863143011,334.82479020024766,486.8229353209608,9.328346775663116,-0.2464352862179049,96,69,96.12483821750136
10399,873.8484842791065,158774.45749484215,75213.81137629223,76393.20143687665,1465.036960728059,505.7782389904896,312.9309529143211,447.44855585010373,9.368419158942904,-0.2405269897380219,96,69,96.12394925119315
10400,873.8658352927513,158823.15050785814,75244.68039674456,76430.77897138454,1379.8586696875282,468.0165756829374,291.73509419729817,426.9242885573185,9.402160449015753,-0.2354452285459845,96,69,96.12305119698382
10401,873.8691351970481,158887.3945112146,75249.4916558485,76427.31746493335,1301.9727330260794,434.23585305140296,275.71774722010014,389.23131347307935,9.429988747179385,-0.2222537316504618,96,69,96.12214409663152
10402,873.8857396926348,158937.7388614199,75251.02030925985,76434.3885860839,1223.5037180877407,402.2590916804329,262.22066028244444,371.4450746093935,9.450072348141743,-0.209270980545943,96,69,96.12122799251428
10403,873.888432103779,158941.7339147853,75265.25661757737,76434.07780501798,1152.8598094063927,377.4166582190519,253.03891546282102,338.53294993180316,9.459743583632202,-0.2286134881449961,96,69,96.12030292762796
10404,873.9058150899966,158986.1540870114,75265.69833541475,76430.4241526017,1080.2341722380952,355.6835317827208,242.91436588211218,327.09563361189794,9.454139520690877,-0.2323490869952788,96,69,96.1193689455846
10405,873.9090698113964,159032.54635615897,75276.89686129038,76424.83422296461,1014.7743107377319,340.6022080825933,232.76737771436456,299.15985403044033,9.42933167456838,-0.2230389504900548,96,69,96.11842609061034
10406,873.9256186699484,159029.25503713902,75271.20036563854,76408.33535491134,947.1349263734883,326.0253345501842,217.9401590147463,288.81616493710317,9.383115285406507,-0.2410741256684411,96,69,96.11747440754384
10407,873.9283870186783,159058.41005680736,75238.97480867151,76473.6663091035,886.8568261619657,313.95724883978255,201.30346042179735,261.3142634975957,9.316142205794144,-0.2324731040423073,96,69,96.11651394183389
10408,873.9457937385865,159132.05067646425,75265.03006103548,76443.74603308359,824.2214917279198,297.9324885733222,180.79608309271862,252.50835970588378,9.234262563429008,-0.226677113527798,96,69,96.11554473953775
10409,873.9489966545864,159135.26433454774,75258.01155810997,76415.34517456939,769.6631312604877,281.6799338996643,162.02529748532106,227.0760599950736,9.146367800574064,-0.226946726356667,96,69,96.11456684731871
10410,873.9654998991256,159178.57522938825,75274.68148559296,76417.90553657785,713.0728821020457,260.93190032268467,144.1890822343703,219.73941493642633,9.065067100689609,-0.2291629889796531,96,69,96.11358031244453
10411,873.9683492635013,159204.56468477208,75224.48301025286,76435.4014223867,663.9743507654639,241.2078342684108,132.2414979877649,197.93056630314095,9.004068026175249,-0.2238127259219605,96,69,96.11258518278504
10412,873.9857696083268,159222.98767804017,75227.21235991809,76404.22956683788,611.203378934646,219.03957687733055,123.21325506991707,195.48392758952104,8.97582195750506,-0.2185165472721533,96,69,96.1115815068096
10413,873.9889166018859,159236.25846936402,75254.3301997088,76425.29800083824,564.7196639587637,199.89567943323345,119.43709657192812,176.65562489052536,8.991433125546376,-0.242249276281608,96,69,96.11056933358566
10414,874.0053839436891,159254.7935720487,75257.51260860823,76449.52460237019,512.4276348950225,178.67735210181854,115.14309486240381,172.51328214857494,9.05766966873757,-0.2391876105957654,96,69,96.1095487127759
10415,874.0083189473436,159295.9096385588,75240.10448679852,76408.6966919137,462.25613848050125,158.41797150652565,110.53377280637505,149.9208516141225,9.178484086962248,-0.0785507848727219,96,69,96.10851969463629
10416,874.0257410558382,159296.98523480512,75217.19053467571,76413.97473767513,400.08845398249105,132.38680770651263,99.38066696297028,140.15643765809364,9.354501400921988,0.181372767773667,96,69,96.10748233001377
10417,874.0288308050605,159390.39218027674,75221.17613810497,76405.81320524502,334.2820311540272,104.22837661662197,83.60803539943299,110.02342714671977,9.583127808673767,0.0341255581126906,96,69,96.10643667034353
10418,874.0452711345226,159365.51627002892,75200.92603494329,76409.82402795287,252.90867671906017,69.91542125529668,60.27701552712824,91.72526811840362,9.860660719663157,-0.5082599918870608,96,69,96.10538276764704
10419,874.0482962353025,159455.32160046845,75235.34738287074,76423.06815491668,170.07391956803622,37.71897845857893,35.69575771706877,57.523276111867744,10.180708827494795,-0.4171224337916085,96,69,96.10432067452903
10420,874.0657062469024,159445.53734692265,75258.299667693,76401.8859856983,84.40173242444871,9.72188493575959,12.009752454061527,40.74751782906242,10.53631077370911,-0.1906403122967743,96,69,96.1032504441764
10421,874.0687409178344,159482.82555865668,75248.58856889307,76413.55511297884,24.200426790688653,-0.0,-0.0,13.504715434246464,10.919568774063286,-0.2595479748472795,96,69,96.10217213035368
10422,874.0851612599382,159542.46072740015,75259.23813525033,76372.34505171322,-0.0,13.344469341929653,3.70205766154686,8.418395161541412,11.32170070338578,-0.2053939149102972,96,69,96.101085787402
10423,874.0882817169295,159529.4488485948,75249.56244979995,76412.33737071465,45.3367589598638,61.764329717931105,32.009442638402106,-0.0,11.735255243453482,-0.2143124435708193,96,69,96.09999147023623
10424,874.1056627297568,159531.94251333416,75271.51737884311,76425.40396696737,166.75011669198284,143.49676219024695,83.66041052271612,17.95229199374444,12.152681943323133,-0.2179952146144114,96,69,96.09888923434184
10425,874.1086496604354,159506.06331797515,75241.77157542601,76413.14453888706,383.24601896613603,260.3224743521714,159.6563534810266,33.44571074529085,12.568413595138118,-0.1950694916758439,96,69,96.0977791357726
10426,874.125052779699,159490.77178111766,75262.39155817256,76413.50404511734,676.5811792491586,398.33101932423597,249.82789762614993,73.06134162109811,12.9780901065687,-0.199697354891431,96,69,96.0966612311482
10427,874.1282774554339,159487.37108924717,75271.01632179144,76438.16100354625,1036.6964284898131,548.3687514820776,347.63129217206733,108.90224306477467,13.37762715102579,-0.2040977808017361,96,69,96.09553557765064
10428,874.1456060270267,159405.34940443965,75257.51089211617,76440.94354365046,1420.7712480908376,690.5452031414316,439.3155638817698,164.48026885269792,13.764217014780114,-0.2074711428274529,96,69,96.09440223302238
10429,874.1485628320869,159385.06937951848,75223.81954984825,76416.5248380636,1804.6751488329028,816.0299096742528,519.3161123508762,210.33410564865335,14.133789754785548,-0.2157975627806825,96,69,96.09326125556304
10430,874.1649398204422,159309.23876164897,75282.39181538249,76408.5812164534,2143.5361393554485,910.7532650593494,578.4961491040594,269.61591986904386,14.482511978454164,-0.2213884888608987,96,69,96.09211270412656
10431,874.168291581356,159307.24229449627,75240.41126053107,76424.27532055318,2423.301987646206,975.2187883834558,617.906222039659,316.42657807061914,14.80620530308826,-0.2015405562603274,96,69,96.09095663811836
10432,874.1855222696247,159260.57654164243,75239.70490173412,76453.18048227458,2619.1768598640338,1006.0696177968057,635.6243956349354,373.1361137229251,15.100094979693452,-0.1877140775830191,96,69,96.08979311749266
10433,874.1885020895759,159218.0492826596,75280.78016796737,76415.16624434537,2741.002157048555,1012.7417204042285,638.4924730481143,414.3349873647094,15.36068424203903,-0.1891918074354169,96,69,96.08862220274908
10434,874.2047874744987,159177.16692129846,75228.03496321246,76414.41107447563,2784.7224562685005,997.0798446859117,627.8005653211585,462.96206797353807,15.583757160695772,-0.1703297339364587,96,69,96.08744395493017
10435,874.2083957077891,159121.97193486552,75245.58099176487,76392.57884389115,2774.651141860406,969.9455966355017,610.9700644650875,497.0487361870182,15.765877787490709,-0.158030250259797,96,69,96.08625843561768
10436,874.2251721375615,159133.53324781297,75203.51774593328,76440.21319486969,2715.688785994309,932.7595388809859,588.5131547810743,537.6221660251322,15.903482352812915,-0.1362569687843306,96,69,96.08506570693032
10437,874.2277256815846,159088.51953341108,75233.61955176975,76415.4639577412,2634.8524944170495,894.5808020975091,565.9608131226269,562.7941686947888,15.992251533147035,-0.1218714058804164,96,69,96.0838658315201
10438,874.2448692232383,159091.19594736298,75211.99273404374,76386.4462497492,2533.4139774157666,854.0792760448239,541.3228225384082,595.2828339836851,16.02911702407639,-0.1180097516555936,96,69,96.08265887256918
10439,874.2483083766552,159052.43668065922,75211.44518067177,76392.46498494546,2434.1768486244837,818.3220031769451,518.5338107695279,613.288645995839,16.01100931450354,-0.1005409861157475,96,69,96.08144489378726
10440,874.2650866880703,159061.3728229789,75215.07348225356,76383.3321452349,2333.372462048137,784.3592017036135,494.95778156467713,637.0259824542445,15.937508444477094,-0.0884548441012028,96,69,96.0802239594074
10441,874.2676272408654,159040.53204647385,75224.87508670441,76382.01444170847,2247.3680008890806,757.177416855382,474.20855909131933,645.9906785532949,15.811037235899969,-0.0871093981719714,96,69,96.07899613418375
10442,874.2848646416618,159021.06041786712,75214.185110785,76369.86152624864,2165.2338050496182,731.5799745683908,453.5386176171305,660.8121651447436,15.636535710813789,-0.0951051824170376,96,69,96.07776148338796
10443,874.288251519139,159064.96973683854,75169.37191556394,76392.65832290344,2097.9735036513302,710.8909386043088,436.58731550892117,661.2961413527082,15.42270917591242,-0.1080236307345025,96,69,96.0765200728051
10444,874.304978322715,159084.44057011014,75191.73353553994,76391.3786721761,2030.7374969352968,689.026660632022,420.4412650729064,666.438356369792,15.178935534990355,-0.1252048809631374,96,69,96.075271968732
10445,874.3075486863246,159016.89115446774,75213.31335230255,76389.96865839884,1971.6867609281326,668.8749721461209,407.92760001975694,658.5384038064803,14.915506721504132,-0.160073799395692,96,69,96.07401723797204
10446,874.3248537998405,159037.11384125712,75203.39578133679,76399.94018301897,1905.5173207520857,644.9664652479405,395.3274511707423,657.8115801129024,14.641689679110206,-0.196747688509068,96,69,96.07275594783265
10447,874.328192725132,159104.87206765983,75221.75981342995,76369.83504743103,1844.0044074209873,622.0509239284147,385.2414591667766,647.3593589841039,14.364105912682213,-0.2269193121629806,96,69,96.07148816612212
10448,874.3448646313138,159126.20419816207,75233.83555593749,76408.06077137304,1777.0599029549048,596.9878220788814,374.3359917284688,645.7625885619491,14.08798329268555,-0.2348465872162525,96,69,96.07021396114544
10449,874.3474806666643,159101.66149470443,75216.85827743202,76365.06933881094,1720.3804849761073,576.072356520337,365.6918612419686,637.397816952056,13.815160117961426,-0.2384546737670731,96,69,96.06893340170107
10450,874.3648416029312,159135.72827272184,75207.63922077329,76401.15049474534,1665.860887362156,557.0220132750255,356.7617628138687,639.7569068700541,13.546027970634542,-0.2387513700779014,96,69,96.06764655707748
10451,874.3681278085619,159117.89866646793,75210.40803390152,76405.82222789827,1630.093971095106,546.3868111475167,351.5376837993972,635.7499236162985,13.279393170418055,-0.2355315266249182,96,69,96.06635349704965
10452,874.3847495595154,159095.22137608143,75225.66076562312,76388.99994364766,1603.4032102194615,541.1971340127493,347.94600482011447,640.1487774435082,13.012189432885332,-0.2379860663442452,96,69,96.06505429187486
10453,874.3874212635546,159102.47554373724,75198.88993841106,76374.14439041489,1598.2939117544447,545.9814146715071,349.35770914464956,637.3041988746554,12.741579761795446,-0.2365182070595626,96,69,96.06374901228992
10454,874.4048283450259,159158.8793495864,75199.881011027,76376.88807068177,1600.851733262767,555.4338352132181,352.54930524888914,642.2264994354045,12.463379293939951,-0.2178133223400662,96,69,96.06243772950651
10455,874.4080556959298,159125.95880486682,75211.65508006439,76384.95790143493,1621.5333276507445,572.1313746973465,359.66586376313353,639.8077364679775,12.174222599632992,-0.2013143248167413,96,69,96.06112051520856
10456,874.4246350966253,159191.5228730643,75221.24811297044,76384.34045355687,1645.0053284303285,589.268462762906,366.43439485525596,644.0603989595256,11.871720594360903,-0.2069197111195402,96,69,96.0597974415473
10457,874.4273697363718,159152.25295026213,75241.36925818694,76389.28729029487,1679.8100306385895,608.1723168413155,374.1518649047939,641.5299166823388,11.554409643713516,-0.2055587733395275,96,69,96.05846858113856
10458,874.4448133700943,159128.99928010555,75221.45869323774,76376.8321519292,1709.1223588073044,621.8808096897701,378.64532431203406,645.4309776160226,11.223977956570558,-0.1803639825752121,96,69,96.05713400705822
10459,874.4479761832024,159135.67620825715,75196.25777239236,76366.711700064,1741.517729313753,632.7096278538083,382.1930698296637,641.7094538809324,10.883374490091745,-0.1772656420635087,96,69,96.05579379283856
10460,874.4645226971218,159165.59995797314,75203.2407830433,76371.29111031821,1759.9973660715623,635.1398100737133,381.8480037202535,642.287970178586,10.53803715920873,-0.1761492353192958,96,69,96.05444801246468
10461,874.4673255558197,159166.34855556773,75242.64993637934,76397.27498573042,1772.566737319692,632.5765474094515,380.5254790696199,635.1743474962714,10.194598394413976,-0.1712247563242948,96,69,96.0530967403702
10462,874.4847957654363,159199.15759445317,75203.2641237667,76412.14149090946,1763.008337213134,620.7219514979806,375.58837961565587,632.4444163275766,9.859010978360043,-0.1662154649904152,96,69,96.05174005143336
10463,874.4878894605968,159211.3265604334,75234.13384335913,76383.35271783681,1742.4447951322072,604.297546609072,369.9198552237067,622.5147675769113,9.537158105504426,-0.1809513713630853,96,69,96.0503780209734
10464,874.5044135941117,159185.3686946992,75232.23363466923,76372.61196673066,1697.7602841401822,580.0583508320269,360.5327388503356,616.5938040755573,9.23196898844331,-0.1928170195840302,96,69,96.04901072474594
10465,874.5072881612514,159213.04828794248,75251.53201067277,76411.53697408788,1642.4590765017783,553.1935590368666,349.693374212482,604.4329365547746,8.944604684394047,-0.1791081051570217,96,69,96.04763823893974
10466,874.5247745726286,159258.40580548946,75247.43359049274,76384.21200702417,1566.2183538062382,521.0450852037611,334.38415804464603,596.1880972452927,8.674216273047172,-0.1757237478721197,96,69,96.04626064017168
10467,874.5277959641433,159236.77070079686,75201.82979196539,76389.03104568423,1485.9985164232785,489.2980441965774,317.433907340921,581.1788727531966,8.417817164867747,-0.1623322887240969,96,69,96.0448780054836
10468,874.544308881946,159268.16690954124,75215.50476185966,76384.32589552458,1393.0168287615525,455.2214560425491,296.6694904495962,568.6039654110209,8.172941109231564,-0.1578961867249866,96,69,96.04349041233752
10469,874.5472568874687,159272.19893368465,75242.99954970166,76398.0518730451,1303.689393366687,423.7085191253864,275.579806952388,549.458952836867,7.936444408238832,-0.1458045427086912,96,69,96.04209793861187
10470,874.5647488767897,159330.0312298292,75225.48219041893,76403.66125219173,1208.4242182425223,391.57176335870463,252.76782160211587,532.7011827584647,7.7065295845238575,-0.1230028388910912,96,69,96.04070066259705
10471,874.5676963121385,159340.74703489314,75238.00246987383,76389.88639405114,1123.379999457975,363.62022786127636,232.20587037751102,509.8874673548853,7.482391304560591,-0.1393424839186064,96,69,96.0392986629912
10472,874.5842095344899,159340.63816042806,75226.3430499548,76406.87673699038,1037.408536686271,336.5478198568162,212.3801810865698,489.6601030608581,7.263045383752181,-0.1421301490660018,96,69,96.0378920188963
10473,874.5872309447906,159380.34660273083,75221.29365285001,76410.25554172041,964.350231002667,314.6044808563165,196.43430856763734,464.9716144569975,7.048573317811214,-0.1318993187874586,96,69,96.03648080981353
10474,874.6047178561797,159446.2132141053,75234.63898454132,76389.53621687867,891.6907418949413,294.03503848084074,182.086743894557,443.3993257234106,6.837641229433467,-0.1507238981152293,96,69,96.03506511563894
10475,874.607591267092,159426.9936806496,75248.40540747221,76380.14027517599,832.8812149887672,278.41540083098516,171.73768823916907,417.4785425674054,6.628842363178595,-0.1499086219920789,96,69,96.03364501665963
10476,874.624116403316,159456.69797687838,75229.58680865593,76417.24625206258,773.6965790733229,262.9274781339773,162.34742165807984,393.6355178724625,6.420585660334759,-0.1467288900634786,96,69,96.03222059354866
10477,874.6272094195314,159509.68365622347,75229.89018315787,76390.69138314079,725.4227726965328,249.97390852926765,155.5006783348217,365.23707999286125,6.210839082638726,-0.1589455156956955,96,69,96.03079192736142
10478,874.6446808160752,159518.18053716098,75240.28312055403,76389.64413910342,673.3602500937996,234.60374652486644,147.94549612017,337.91211809703964,5.999656738217671,-0.1510091245665813,96,69,96.02935909953038
10479,874.6474817048336,159529.31779199062,75220.97181257325,76391.3008403594,630.1134115479072,219.89113834511954,141.42618238227442,305.6418512156815,5.787718554293607,-0.1420059576757398,96,69,96.0279221918615
10480,874.664030210759,159622.96381801914,75240.68921478698,76381.98516824305,581.5314092007466,201.80788693373324,133.03884719396592,274.17114544985816,5.577931479190157,-0.1389790654919242,96,69,96.0264812865292
10481,874.6671912832245,159631.4326227942,75251.11482880019,76412.99989721546,540.0869531526696,184.06125823014008,124.76695776724955,239.10125361813698,5.374710805993591,-0.1307487351944989,96,69,96.025036466072
10482,874.6846372155508,159688.72402463545,75269.08736111059,76401.07368086703,491.59682973253075,163.21128966675315,114.09253002449987,205.6772611150518,5.18228496713921,-0.0876621698213715,96,69,96.02358781338783
10483,874.687368583895,159680.6751859057,75251.3791105202,76394.07043292871,447.87408337247325,142.84704905790568,102.98446792154573,169.86632977370755,5.005539805371155,0.0937358772383395,96,69,96.0221354117302
10484,874.7039515442356,159727.07755033567,75264.2186656868,76402.12339247475,391.91568860574625,118.70725470867183,88.51588394484133,136.433836763812,4.847144971522964,0.3106186639695361,96,69,96.0206793447024
10485,874.7071754050068,159794.5237267544,75250.03298423406,76447.36045998316,333.3146785281715,93.62119076376257,72.25468334191828,102.37112632588833,4.7084487506534485,0.0630200788934643,96,69,96.01921969625418
10486,874.7245866911426,159799.53498047937,75255.41507279141,76405.34842740232,256.93273086630506,64.30597913073143,52.056386866926914,72.0405897157907,4.58903462126284,-0.4366563402267306,96,69,96.01775655067613
10487,874.727252911688,159842.7682324626,75252.58150362862,76402.52101685302,179.1352604785352,36.493411761694006,31.54374880978139,43.503241540223826,4.48601065280019,-0.2658642864871417,96,69,96.01628999259552
10488,874.7438808559135,159850.83871438348,75240.19254154107,76435.86409763106,94.60434808995342,11.447515656385804,11.795464356837329,21.50590518862009,4.396304019513166,-0.0899908183343521,96,69,96.0148201069718
10489,874.7471605631135,159851.60030937602,75266.1997897936,76388.96948691868,32.31035919103306,-0.0,-0.0,5.585318793688202,4.315222617680795,-0.1744482590712775,96,69,96.0133469790911
10490,874.7645290807558,159904.88405623063,75248.73951580244,76430.12251389821,-0.0,7.683251035530702,0.2566588877525646,-0.0,4.238424152881325,-0.1120828110656663,96,69,96.01187069456245
10491,874.7671357041633,159881.4061162254,75231.54604374166,76422.44157618731,34.491279568115715,45.967141355751664,20.3224746263586,4.343881815584609,4.1621434977286444,-0.1050600248620998,96,69,96.01039133931228
10492,874.7838184720855,159882.85407140868,75249.34661410768,76430.11037122596,140.21158035797998,115.86794209876098,61.498661416757386,21.296666706417454,4.082643074895325,-0.0936407466217323,96,69,96.00890899958024
10493,874.7871454503262,159815.89832966664,75219.88437665306,76413.88539742472,339.60979216278065,219.51959732722025,125.5070731388696,49.38694495771779,3.9983910387278296,-0.0882133002127055,96,69,96.0074237619138
10494,874.8044644528105,159796.3572321493,75258.19476965163,76392.08858655352,614.6566606714623,346.41569554273156,206.11053630593233,88.67683804794797,3.908279677979743,-0.0832385682462615,96,69,96.00593571316404
10495,874.80701793345,159743.93739452626,75221.62230052533,76406.57404069723,960.9875990364235,487.5975724901509,297.619520851149,136.4391869692481,3.8130442244063776,-0.0759579568018163,96,69,96.00444494048033
10496,874.8237646197498,159697.3084030716,75222.26821188373,76412.84936463245,1334.4513766304008,625.0995294659078,388.64054357554414,191.10990532280994,3.714824676832235,-0.0814481145644631,96,69,96.00295153130556
10497,874.8271286640154,159640.27947895596,75228.51934995511,76389.0584526746,1713.4923832665663,748.3403359720687,471.9406079647306,249.8746794303879,3.615696138278807,-0.0731081916545923,96,69,96.00145557337144
10498,874.844393151228,159566.29607357635,75241.47968158446,76391.88209864176,2050.5893968187156,844.2221448716009,538.6562926199113,310.53089957823977,3.518854602393581,-0.083318498908891,96,69,95.99995715469328
10499,874.8469004507585,159523.3119832202,75211.27436494373,76388.72641336173,2333.455867591023,911.1615328751504,586.6891054062435,370.92538698835415,3.425886715802528,-0.0765402396793584,96,69,95.99845636356532
10500,874.8637194869739,159444.15074497697,75222.17479380303,76393.32052627785,2532.1320598589373,946.4020516133751,613.3374296231195,428.8310196515231,3.337507723267066,-0.0543235738647583,96,69,95.99695328855584
10501,874.8671086592991,159433.7300979878,75209.61453560209,76397.95914941146,2657.13453932252,957.4074270161655,622.1991560595634,482.8944546012208,3.2530650263344056,-0.0606239227769042,96,69,95.99544801850156
10502,874.884315882854,159360.30061478654,75206.34576741618,76395.48944764707,2701.8926731462707,947.6974312225502,615.062831794814,530.9605162618682,3.1696453056429963,-0.0607376512573364,96,69,95.99394064250345
10503,874.8867838507043,159284.80064104634,75211.97273954729,76391.73909822092,2694.863937776361,926.9989919542568,598.0169319213019,572.7149435099855,3.084540638156533,-0.0438479709268673,96,69,95.9924312499212
10504,874.9036833622757,159278.00652346495,75233.57981511488,76376.9288934112,2638.807224874501,897.7990065889753,573.5538670423266,606.5850017521298,2.994183854879277,-0.0219579582970929,96,69,95.9909199303682
10505,874.9070836048254,159250.04374211773,75198.97435025491,76365.00970645579,2564.9397277625394,867.0268573668873,547.1988048322964,633.740352583467,2.896478394854048,-0.0136732246317316,96,69,95.98940677370672
10506,874.9242339281114,159247.4866011024,75201.22618862787,76397.76695427275,2474.14087522676,834.3514451319206,520.3095495084417,653.5920251117786,2.7914563647351,0.0032172275782071,96,69,95.98789187004252
10507,874.926668167052,159224.86971797803,75197.7510968144,76406.68085589744,2391.1687500803964,804.1369456897519,496.69721974479035,668.6471614352195,2.680610412102012,0.009244556506779,96,69,95.98637530971996
10508,874.9436570072107,159204.34752984683,75173.75551484949,76384.01983678836,2307.3572825972806,774.2021542009898,475.76690942334244,678.5684085277899,2.568638882118244,0.0135689564457862,96,69,95.98485718331678
10509,874.9470509202005,159172.82205022816,75227.99311493004,76391.58116462859,2238.8537667912897,747.8134772134799,459.42523090334726,686.0743972257769,2.46080906484888,0.0281429108218173,96,69,95.98333758163906
10510,874.9641497978449,159188.89152021802,75204.62727431273,76375.65917625066,2170.9975646242383,722.3446067211771,445.51215745529043,690.1606596485944,2.363211252497788,0.0180304183610586,96,69,95.98181659571554
10511,874.9665519121899,159220.4973830211,75214.92942463682,76388.55846669957,2115.2495625692536,700.2922397143266,434.5236479884188,692.866900615074,2.281449680556119,-0.0076491742087518,96,69,95.98029431679348
10512,874.983643029688,159200.73312215303,75210.96212203978,76386.2675710777,2053.5259680629824,678.0655286686524,423.37450407544384,691.8994560037099,2.218474599087955,-0.0403802245350571,96,69,95.97877083633234
10513,874.9870052268749,159195.7183148545,75166.22399978536,76366.08416624385,1997.0882707296405,657.4505522310938,412.48644445848186,688.6323135842395,2.175757385005117,-0.0745128628941819,96,69,95.9772462459993
10514,875.0040705731334,159193.32721832115,75191.77888767545,76376.02566759549,1930.4477261017892,635.0100548527698,399.69141190781374,680.5392981163168,2.151090470787016,-0.1252668473013767,96,69,95.97572063766356
10515,875.0064261180527,159188.55832777117,75210.19509520457,76374.62315884484,1867.6568370292662,613.2010846962658,386.7832706674817,669.7984664643009,2.1401345084592807,-0.1575831456715413,96,69,95.97419410339135
10516,875.0236581474302,159219.11345818752,75213.15729714354,76393.51206351159,1795.7714130320237,589.9241642615525,373.0606892455544,655.2031227852567,2.1370591185242827,-0.1650875107499773,96,69,95.9726667354407
10517,875.0269025516557,159256.13666794286,75216.8164220627,76385.02222490222,1732.8049154693726,569.3974067745585,361.5180283677182,640.9187835350458,2.134438715027508,-0.1685964953243267,96,69,95.97113862625572
10518,875.0432103573646,159244.98366126648,75224.26602337672,76386.35583146063,1670.3442467378336,551.2399514402787,352.0182175243972,627.3976840650139,2.126306050351966,-0.1462292975008472,96,69,95.9696098684618
10519,875.046350473477,159269.552734079,75207.52072446804,76379.78148656015,1626.788820024114,539.8927031474159,346.8969676592387,619.2372223547136,2.107268104962029,-0.1347302987898221,96,69,95.96808055486008
10520,875.0636606784315,159280.240318607,75206.01024659019,76420.50075387176,1593.3188998661935,534.3479188510537,344.87448562603095,616.0781749566086,2.0745647108565386,-0.1323891180115973,96,69,95.96655077842192
10521,875.0667813810276,159260.95364385904,75194.70395450266,76380.2076271663,1586.7048835816677,537.4469972316583,347.0471061223943,620.6236288673535,2.0284621663704527,-0.1240910277043514,96,69,95.96502063228402
10522,875.0831284831714,159225.65778620268,75191.97080319644,76390.44512798788,1593.5955264199874,545.8699116546632,351.01947340229526,629.9100693238433,1.9710794926809612,-0.116227325287526,96,69,95.96349020974245
10523,875.0863098808084,159223.17909856988,75202.01106575875,76397.28990657117,1624.141723396082,559.901813073986,357.1007427921286,643.9353149679373,1.907842304574214,-0.1165151676510185,96,69,95.96195960424744
10524,875.1036421866547,159241.50621543004,75177.60255499453,76379.04995845063,1659.7373535009683,574.6249069201731,362.72163258187356,658.0342086674937,1.844693493243768,-0.1079719305421921,96,69,95.96042890939852
10525,875.1066654764185,159200.34165253802,75234.08203235823,76375.89891381358,1707.3339859500993,589.8166733126709,368.48564774915576,671.5401792572229,1.788222507601432,-0.1050648174205205,96,69,95.95889821893816
10526,875.1230448472716,159205.3044152609,75175.27895464691,76345.54852802907,1746.0268578797695,600.9646244774049,372.2524027042964,680.3907291795476,1.744548118757699,-0.1168651616019946,96,69,95.95736762674724
10527,875.12628000564,159161.0060259099,75222.48841945003,76408.36292495986,1781.6237410886097,608.6753218323574,375.0826633189572,685.1352142723335,1.717206643190457,-0.109443092011809,96,69,95.95583722683864
10528,875.1436125224532,159191.898088397,75217.93828713686,76393.4731592017,1795.3383679446997,609.7969331606873,375.3981701817538,683.8726806555642,1.7085309654225345,-0.1010437143025796,96,69,95.9543071133531
10529,875.1465493774764,159203.77221555702,75167.83706984759,76392.24990602938,1797.015102097299,606.1948549350345,374.67342577452655,679.0171454668452,1.7176315775797666,-0.1086512654054338,96,69,95.95277738055222
10530,875.162964451478,159222.906930018,75214.7629446166,76370.50546607745,1771.5772531961557,595.5927093918872,371.23972117257654,670.3134437840199,1.7419435194702892,-0.1022610012277489,96,69,95.95124812281396
10531,875.1662567361241,159208.88087393268,75205.55121237336,76377.3892304133,1731.9644426045706,580.2413333640725,366.0854371339083,660.5553984109429,1.777978994626992,-0.0941312303208107,96,69,95.94971943462706
10532,875.1835734599958,159231.3314678541,75197.23581863845,76409.15005475863,1667.5011033203336,558.3850277586607,357.100552253396,649.6053146790364,1.8210177576919528,-0.0935956196183177,96,69,95.94819141058512
10533,875.1864322544208,159217.6645294629,75195.2368647442,76392.89553704888,1595.2678094542935,532.7608823587507,345.145325984573,639.2861398048117,1.867956973815404,-0.088390994661976,96,69,95.94666414538148
10534,875.2028892930784,159240.37870929437,75182.0651614383,76342.85671160086,1506.745487078675,502.13190352910897,328.34770163113717,628.7477138836985,1.916124193676928,-0.0914129469502021,96,69,95.94513773380318
10535,875.2062378133498,159258.93779712144,75188.38132195793,76367.60373054043,1419.3337292509968,469.75399668040336,308.3811018723063,618.5715487005946,1.9648573524625632,-0.0996185167405353,96,69,95.94361227072584
10536,875.2235255476127,159265.82500121658,75194.16698189943,76367.5637959826,1325.0927742427448,435.2298165088141,284.74393222658546,607.5472199031792,2.015647941728862,-0.0858136081587009,96,69,95.94208785110838
10537,875.2263143731382,159305.40429633862,75221.02355456642,76392.28296463726,1240.685367142898,402.30064430547645,260.5434284340299,595.4301141953038,2.070612809106077,-0.0815921863268374,96,69,95.94056456998648
10538,875.2428204287553,159269.18775001712,75198.02234306975,76372.16713953608,1155.228685157199,370.3762386395683,236.0567387669289,581.1660630079859,2.133859076771417,-0.0763115269925182,96,69,95.93904252246782
10539,875.2462215235225,159316.62744244977,75192.82214782205,76379.59645133904,1081.359651935636,342.23181667570316,214.3626504696731,564.2202135715343,2.2087694598493077,-0.0597516044552738,96,69,95.937521803726
10540,875.2634690208521,159311.549857927,75184.52431031941,76364.52692563213,1006.0834457612364,316.1965171585034,195.00806385581382,544.2966732626082,2.298219633337814,-0.0617151032857188,96,69,95.93600250899551
10541,875.2661964329004,159375.20178119876,75198.71044869248,76368.57696710128,940.848109766026,293.86790605330316,179.8601417345053,520.9393276568735,2.4038731665837183,-0.0946572626363545,96,69,95.93448473356553
10542,875.282758430671,159384.31240491604,75176.63183694409,76357.17718261149,872.1001245655352,272.7115554764023,167.03767077374505,494.98658605018863,2.524379957916408,-0.0807825037104053,96,69,95.93296857277434
10543,875.2862063767897,159397.14399283406,75206.03110386839,76373.15470905314,811.8492486894829,254.00743877983768,157.458638392156,466.1154353589518,2.6572559933472597,-0.0836507350440287,96,69,95.93145412200428
10544,875.3034040728159,159442.61110145185,75215.75818519956,76376.5541979245,749.329506066686,235.79779057398264,149.030776888947,435.86323128282675,2.79740338167228,-0.1132668577015298,96,69,95.92994147667538
10545,875.3060793357272,159468.8587389628,75193.13910749234,76415.43268841703,698.2409600131214,220.1030129253195,142.91028072632616,403.2131604567403,2.9390129370612663,-0.0871029701891536,96,69,95.92843073224006
10546,875.3227035433073,159512.42746903136,75231.67152154139,76387.7260381663,647.0685469492455,205.43337681275443,137.0494987423299,369.96800229506334,3.0767200766264584,-0.0798451311476135,96,69,95.9269219841776
10547,875.3261910050347,159559.6298598262,75230.32164762876,76466.81910155948,606.920173316088,193.58350847767724,132.43437337785144,334.12868555710884,3.20523745108155,-0.0790553530996352,96,69,95.92541532798803
10548,875.3433309599852,159590.34184181632,75225.09205163798,76424.41980950435,564.2286475310684,182.29392255413404,126.63929579497199,297.47422529457253,3.321943533209625,-0.0659725717963353,96,69,95.9239108591871
10549,875.3459640757239,159643.88762851892,75276.85289725123,76429.44500466497,527.1845937035396,171.8051801083493,120.16988488877541,257.18984420012566,3.4251678836578203,-0.0682668544548178,96,69,95.92240867329988
10550,875.3626557523575,159615.16624813923,75286.37747986712,76424.65453058062,479.3061622771784,158.17083222663496,110.06630006778869,216.43870701175183,3.5149708373739013,-0.0615627576277618,96,69,95.92090886585548
10551,875.3661741309724,159709.43490753742,75251.58532765476,76448.46477223116,427.4726675267448,140.64933470763208,96.8708461112692,173.1321142083907,3.5927768509517266,-0.0627984561598505,96,69,95.91941153238142
10552,875.3832500483246,159747.8501974786,75277.12308755999,76425.47381749988,357.77485426480416,116.08527883587522,78.48631567385746,132.38661033290555,3.6594535536038255,-0.0249409389361036,96,69,95.91791676839765
10553,875.3858516727197,159818.33349339457,75280.44131306354,76486.74929849214,281.4757203843328,86.30056705545576,57.25324625708163,92.50679548946209,3.716860726624724,0.1406183875059132,96,69,95.91642466941104
10554,875.4026148222429,159830.98972988827,75300.13919614446,76463.16924702858,191.21838065749034,52.46591175335925,33.61072699414217,60.015493505925406,3.765805781210096,0.3753562069748627,96,69,95.91493533090976
10555,875.4061545654152,159908.80423890747,75283.44229059346,76476.15775346912,107.2498820599285,21.774126104995958,13.260174265800742,32.03444538792246,3.8070899942708,0.1419477878430211,96,69,95.91344884835716
10556,875.4231618321678,159857.69804751375,75254.22589585415,76458.71735151662,33.72455821180483,0.7705356921505881,-0.0,14.19845694367541,3.841837662425211,-0.3603391648675082,96,69,95.91196531718636
10557,875.4257431256989,159874.46338822844,75278.8914017165,76431.19842194396,-0.0,-0.0,1.6436191415414214,1.4423234272398986,3.870208607461719,-0.1697419391249232,96,69,95.91048483279464
10558,875.4425803216711,159882.92532952505,75248.51315682828,76466.96310352495,14.622575486369897,26.00283817035961,21.45428687092499,-0.0,3.8933537397909768,-0.0169843388202741,96,69,95.90900749053716
10559,875.446131216733,159895.303206821,75268.75080735382,76456.14761935822,104.58307278068969,85.1532224079856,63.836275837005815,4.36259592420538,3.911458072062985,-0.1052514640985512,96,69,95.90753338572212
10560,875.4630669382493,159885.0770105163,75268.23886420939,76458.39648280732,269.16685549065005,176.13069531679503,125.97345411294373,21.81774238595972,3.924622386671403,-0.0333199465303769,96,69,95.90606261360396
10561,875.4656393768423,159862.14124676527,75296.87684266295,76470.8875801746,517.3929096800275,294.8450991889986,204.79724779652315,46.35922015013057,3.933098236556745,-0.048910963500368,96,69,95.90459526937843
10562,875.4825516450445,159842.90566679795,75260.36066962204,76467.73576433571,825.9461952330312,429.54569136272767,290.5114349604992,86.15238925864105,3.935985982813522,-0.0488837033588325,96,69,95.90313144817658
10563,875.4861031054945,159794.1120460548,75281.76088588803,76466.75867586453,1182.0123578854837,568.4448691309954,375.95956867339555,132.6906657597283,3.933340778243844,-0.0301487646265308,96,69,95.90167124505888
10564,875.5029661203371,159719.91631831825,75259.32697179634,76461.24899298255,1547.0656327134348,697.0232727827824,451.1206373954483,191.68106911500217,3.924352063508533,-0.039393099615215,96,69,95.9002147550096
10565,875.505541282396,159670.07456535654,75281.82231156608,76479.85523344134,1900.606790560647,805.8531351275888,512.1492097060836,251.02845192918903,3.908103662635805,-0.0698762651161203,96,69,95.89876207293112
10566,875.5225280329696,159596.13711104434,75258.44061178023,76468.6628997414,2206.0807216494577,887.1393222358893,554.5134319359495,315.94687331080786,3.883479735141915,-0.0840200965811857,96,69,95.89731329363802
10567,875.5260693807892,159546.7157033932,75285.75426794679,76447.70424535229,2453.846213469398,940.3720774968242,580.6571441581618,373.0514245402883,3.847333060720587,-0.0677706652663366,96,69,95.89586851185126
10568,875.5428602472539,159517.62703019127,75279.9328066984,76465.26773309826,2624.8275965402718,966.5297634309827,591.36454597993,428.76744619433885,3.796276831763718,-0.0667391159768747,96,69,95.89442782219284
10569,875.5454495888052,159427.30349237943,75247.06972599232,76452.0649715209,2727.538119471923,971.3709924443829,592.2089689878194,471.4894453595625,3.725098736818988,-0.0497268734089282,96,69,95.8929913191798
10570,875.5625085932593,159441.94037872512,75260.19017394073,76484.17869209847,2759.70308628527,959.0498858674982,584.6955394183606,512.0418377495953,3.6284340854908583,-0.0404489792402216,96,69,95.891559097218
10571,875.5660293363605,159414.8170287369,75279.17917458845,76489.74407531871,2743.3146549040102,935.729756423636,573.5399886827508,540.3783457032696,3.502262419486111,-0.0424823637429185,96,69,95.89013125059736
10572,875.5827502857999,159404.73115710673,75256.17039964408,76512.10674066858,2685.2827004366554,904.4928444191901,558.4846877886303,568.6483859076397,3.343765620102311,-0.0220846194303987,96,69,95.88870787348486
10573,875.5853649136462,159362.76392612033,75276.12468648785,76477.57384362938,2609.9418630445143,869.8347179432167,542.1968296912237,586.5714022105094,3.1543763558895064,-0.0061880702994374,96,69,95.88728905992023
10574,875.602492322866,159335.7819112126,75253.42018451709,76485.27846950098,2521.761030256923,833.6330866132339,522.8272743128618,607.1539261423168,2.938436785182521,-0.0002407751883665,96,69,95.88587490380884
10575,875.6059824254324,159337.01938094368,75259.64319921033,76464.61438133127,2439.625667277549,799.6272904271027,502.60050293407403,618.1381340926455,2.7037864352568373,0.0039083178305371,96,69,95.88446549891674
10576,875.6226372795486,159342.01408215202,75268.78859716754,76460.88794654056,2361.404240070726,769.0442006287485,480.21068055031355,631.6745975005324,2.461133687199756,0.005330665947322,96,69,95.88306093886484
10577,875.625287731298,159334.83175054632,75245.53130071773,76505.01912093678,2297.6780552048003,744.1770984829491,458.7625167570368,635.1879706138279,2.221149931878525,0.0193179650214261,96,69,95.88166131712268
10578,875.6424781304742,159324.32898579785,75274.19350772502,76479.70595765515,2238.9499000183423,724.1565315305925,437.6755001934944,642.7519419912715,1.994901391606703,0.031046079876935,96,69,95.88026672700352
10579,875.6459282737354,159348.68049227932,75279.15267198604,76479.94058130376,2190.485675458389,708.8065203695442,420.27800682236557,641.2465493809723,1.7906305955311153,0.0328260733122788,96,69,95.87887726165762
10580,875.6625223240891,159338.34691131333,75265.7641613958,76486.19907537891,2140.154281076626,695.2665466430481,405.2790438871889,644.9242081447446,1.6134910413212589,0.0301592638116667,96,69,95.87749301406733
10581,875.6652183637524,159364.22560483363,75297.37268249881,76468.75616434102,2091.8407401128206,682.1981954723451,394.33373279540683,640.64327833688,1.4652675699343904,0.004962497441056,96,69,95.87611407704082
10582,875.6824648592025,159365.21010732793,75282.701485549,76494.56907123208,2034.9601186083746,667.0663645792083,384.408466643421,643.582951785851,1.3427360775001085,-0.0278570590029335,96,69,95.87474054320673
10583,875.6858666906356,159366.5123527649,75301.47711892962,76495.83325545082,1977.611402427021,650.0854285018722,376.30594817586825,638.5275589906669,1.2401279045649118,-0.0640441328227778,96,69,95.87337250500786
10584,875.7024065389056,159356.20721767208,75292.20448927456,76501.85945185888,1914.9259684376884,631.1118300079834,367.3095795386762,639.7358843210386,1.1484450713548169,-0.0832814423408705,96,69,95.87201005469646
10585,875.7051569772246,159381.5152275378,75296.04245170784,76491.52974789974,1859.148796114372,612.5579369952757,359.3128601507051,632.0553703629703,1.0578885937517115,-0.1044466212788827,96,69,95.87065328432728
10586,875.7224513081835,159396.84101739558,75243.63206857919,76502.04640503951,1808.2013154528686,595.9441898736695,351.1463764895452,631.5368903899216,0.9602015796864352,-0.1182050448227552,96,69,95.8693022857528
10587,875.7257976789697,159392.53989876312,75275.60614959782,76477.09486013383,1774.8973893515067,584.2184127979854,346.05444180831546,622.5486088712059,0.8489877147384759,-0.1052281364302907,96,69,95.86795715061722
10588,875.7422910355264,159415.73356213144,75278.19577645419,76503.9263336825,1755.1578915221617,578.3297437313595,343.29441989128827,621.9751885488222,0.7230548263794996,-0.1044014318989494,96,69,95.86661797035048
10589,875.745103585885,159424.85238665208,75282.0431847136,76490.69741627984,1756.5598959153867,579.4218993156974,345.20458698560833,615.3741589160054,0.5851316122238857,-0.1049347832244902,96,69,95.86528483616306
10590,875.7624362510992,159444.5005609377,75298.5898319737,76482.36615855293,1769.5048136895057,586.1523265512078,349.467579914839,620.8255340337055,0.4420699121514766,-0.0962171100590955,96,69,95.86395783903984
10591,875.7657214451261,159428.6517674786,75304.32065415279,76503.35216638708,1797.0634370989283,597.2863901524979,356.80230539359036,621.5064428082551,0.3038040738326018,-0.0935340003120462,96,69,95.86263706973484
10592,875.7821768805064,159411.1352335841,75280.68948586106,76491.75874551933,1826.7755948558333,609.7977226109069,363.6764165002969,633.8433563968283,0.1797424946757868,-0.0906638964441728,96,69,95.86132261876516
10593,875.7850580652444,159426.65698494192,75296.06388506913,76515.48767202029,1859.6515167661128,621.6133860271511,370.1148649228562,639.9393877109687,0.0786843121857235,-0.075773628076007,96,69,95.8600145764056
10594,875.8024184480511,159434.9008450373,75274.93205374296,76495.95728955985,1883.4232495422475,630.100753118968,372.89990528981434,655.6671625569579,0.0054794778927721,-0.0763419356374024,96,69,95.85871303268269
10595,875.8056384129733,159409.12442787358,75278.1297393725,76490.50225931215,1900.8918292666203,634.2856485738594,373.1524054633046,660.5315179067256,-0.0390069938790225,-0.0823128668018975,96,69,95.85741807736932
10596,875.8220650494392,159414.90950475523,75266.15796833068,76497.83264746565,1902.329413470521,633.0144116299489,369.0563764036342,670.2854365223902,-0.057234138650573,-0.0746081316125328,96,69,95.85612979997924
10597,875.8250201805386,159435.87913881527,75289.32246277474,76495.28679999356,1892.5188920976943,626.4495555181056,362.7796947339957,666.1914337844646,-0.0555976296746217,-0.0800101529300732,96,69,95.85484828976088
10598,875.8423966435923,159411.29309353878,75268.64976250853,76489.12194460811,1864.4786466374644,614.318376769821,353.3336478897254,666.4257660206058,-0.0409844025802207,-0.0975229471283909,96,69,95.85357363569204
10599,875.8455492498554,159457.85164334383,75311.0338585536,76483.40683582913,1825.8640014146804,597.213618786991,343.2490444610303,652.5052231762966,-0.0209616422837139,-0.096365540933104,96,69,95.85230592647456
10600,875.8619563624832,159466.16431334824,75284.7316842713,76484.88077864714,1771.959251092805,575.2689700578048,331.4279578665737,644.4616253030545,-0.0018110718594657,-0.1094289960719979,96,69,95.85104525052814
10601,875.8649896426347,159495.75944444395,75269.83272644183,76482.98788529642,1711.1621467886143,549.4211133889476,319.75439232983626,625.8934891156969,0.0127846178390056,-0.1073022788058458,96,69,95.84979169598532
10602,875.8823695344695,159533.5447434482,75274.03700431378,76477.1815428304,1639.536353403295,520.437686038189,306.62242894008523,617.3567477534234,0.020381909814285,-0.0882448881520765,96,69,95.84854535068528
10603,875.8854549249326,159539.73531311675,75259.47347644121,76481.7933661458,1565.9689151018392,489.77334780861565,293.5048795323819,599.6525595536805,0.0215478378958518,-0.0963924830828286,96,69,95.84730630216872
10604,875.9018513762858,159543.85990493765,75286.91516795498,76498.0546461018,1486.446311344218,458.6009227609611,278.57020363470656,591.9448417493259,0.0176099240987955,-0.0961276978200671,96,69,95.84607463767256
10605,875.90496622433,159567.07088397996,75270.99220056132,76474.4146346175,1408.8666944510187,428.27273166782106,263.10419140549493,574.6112622464716,0.0106294336311387,-0.0838484202578469,96,69,95.8448504441234
10606,875.922335663466,159596.50178010302,75260.85539230927,76511.13967522029,1328.93858739821,399.657272696335,245.68731048348127,566.1233735604328,0.003311755011708,-0.0843444534978823,96,69,95.8436338081328
10607,875.925356856545,159595.16084992263,75279.32958337899,76473.83334688708,1254.4171810825355,373.4591366849927,228.2959169576061,545.0621339085046,-0.0031016254767764,-0.0835402900262201,96,69,95.84242481599176
10608,875.9417501578706,159662.21364857914,75304.6605307324,76489.80145842646,1180.3999663560535,349.94274193179444,210.29690424440196,531.112987075554,-0.0070793506838242,-0.0729725328372643,96,69,95.84122355366485
10609,875.9449500375483,159661.12222978988,75318.00229161617,76501.8359558125,1113.0928868542542,329.062812114993,193.97679436730687,505.33448016969487,-0.0084968952736304,-0.0847161665818018,96,69,95.84003010678494
10610,875.9622931015332,159710.83875128243,75298.10774669296,76491.3630314208,1046.5675685894093,310.48594036360737,178.78290176170412,488.4905477165303,-0.0078567085324838,-0.0778733806458241,96,69,95.83884456064746
10611,875.9652573390559,159737.44305836936,75282.25431192732,76491.62566056816,986.1152596436441,293.50576014597027,166.4769011908793,460.4416525607521,-0.0054403919917462,-0.0601449501360622,96,69,95.83766700020506
10612,875.9816516733255,159747.66253587304,75295.38199957497,76484.04837485701,924.9174201370915,277.4683594622911,155.69920266841655,442.2863703739131,-0.0026790549481671,-0.0498850136750061,96,69,95.83649751006254
10613,875.9849423553476,159811.36217307273,75294.41128195202,76488.98557513343,867.5630437472137,261.5555728167965,147.21691203507362,414.28557162632933,9.380050179138716e-05,-0.0381863896318039,96,69,95.8353361744706
10614,876.0022383536411,159832.54458374577,75316.79487139707,76464.8265015277,808.2114657671191,245.52332361292792,139.2907851850614,396.02882056240924,0.0021588009618137,-0.0558598003240266,96,69,95.8341830773212
10615,876.0051610991821,159845.45322888365,75282.02580110713,76500.07493815119,753.1722663643304,229.1297234568192,132.6152634306054,365.15772017024574,0.0030806813634101,-0.0818235507597958,96,69,95.83303830214156
10616,876.0215514722584,159901.34542671792,75306.65963058331,76491.529950222,698.0253391878796,212.93265857065853,125.74760375032201,341.6121941874444,0.0033353421031582,-0.1046245433565725,96,69,95.83190193208922
10617,876.0249491044841,159897.12870910662,75302.82907255428,76476.25451836157,649.2153650550172,197.0683080587478,119.52612086522277,304.77940615531406,0.0025824285134279,-0.0985956253554176,96,69,95.83077404994634
10618,876.0421609005683,160000.24654209038,75325.59974552438,76492.93381278765,601.5555367098423,181.92778084600286,112.75475466158241,275.0927599721181,0.0015885768185743,-0.0992794999549225,96,69,95.82965473811444
10619,876.0450844072416,160039.2905109528,75301.7544633497,76552.73716366538,558.7031197320321,166.54980353396968,106.00671490238165,231.9759153073246,0.0005227804349465,-0.0930571602704709,96,69,95.82854407860904
10620,876.0614251733142,160039.13643974875,75327.55265766714,76490.93738318524,511.04920245870017,149.92037591607368,97.60508191163535,198.01744963647798,-0.0005414647218033,-0.0786082404069037,96,69,95.82744215305412
10621,876.0650145887221,160124.97255879146,75318.4482603974,76474.80431844061,457.9071253325674,129.80650915540173,87.36750827447395,154.8256039545231,-0.0009847547165485,-0.0757725341833893,96,69,95.82634904267752
10622,876.0819565309164,160170.59620071808,75328.17363004942,76499.12676341568,388.9122926298296,105.20022765728936,73.54898363997927,123.92761970151332,-0.0013227901939478,-0.0750253044347931,96,69,95.8252648283046
10623,876.0855314276438,160220.42699042088,75335.57562641361,76535.0236169184,306.94838767673355,75.69156322260096,56.55213527177693,85.92322923336178,-0.0011668532022173,-0.0738573103464208,96,69,95.82418959035373
10624,876.1017855572186,160225.5469976045,75328.13207665051,76517.2299281019,210.70324716804316,44.361792793817585,36.677763453597436,61.6774892124522,-0.0007751015567366,-0.0730392213508608,96,69,95.8231234088308
10625,876.1048214078813,160253.1066111586,75341.21479690522,76500.41946108147,116.16636237601051,16.23552583574201,17.40962113806745,31.858287505223416,-0.0004750109791333,-0.0261675071182319,96,69,95.8220663633236
10626,876.1220196022075,160285.63345703014,75327.59781183326,76547.83536144461,36.5386296788929,-0.0,2.957804336620029,18.412722078239312,8.571899600308526e-05,0.1823622982368706,96,69,95.82101853299751
10627,876.1253982805765,160327.88761874827,75337.92797505193,76538.81537711337,-0.0,4.1863340917625464,-0.0,0.7253900388604961,0.0002668578595865,0.3653637189245936,96,69,95.81997999658924
10628,876.1417101666694,160334.79093690604,75314.1359286157,76547.30939010833,24.589853663288523,37.54616796680784,14.103213011636399,0.8793925376376137,0.000462495003897,0.0107153047337358,96,69,95.8189508324024
10629,876.1447530723832,160337.03805765105,75350.3642283338,76540.50865704309,132.6994877770776,104.06121846233145,49.93231574635138,-0.0,0.0005359986837655,-0.3875549007486247,96,69,95.81793111830174
10630,876.1620208217511,160326.31743785084,75308.1330569881,76514.7714763276,326.622158957005,203.89590607964783,107.99886476647225,20.533040968584828,0.0003121342929727,-0.1104301852525257,96,69,95.81692093170852
10631,876.1652941475757,160318.6033146866,75340.94884712042,76537.32739785138,605.8941829114337,329.79758660457446,185.39348042928032,41.035736629972234,0.0003128049430942,-0.0455866807411083,96,69,95.8159203495951
10632,876.1816137563205,160275.54719104178,75337.67173632754,76514.57857509705,947.293641406286,471.16992251964984,274.8278873083473,82.04908937035361,2.911868778720689e-05,-0.1158203023838841,96,69,95.81492944847987
10633,876.1847095039275,160231.38361852002,75335.28369106464,76505.12072944941,1327.5941103434889,613.0898962600331,367.1704046605446,121.84317427355563,-7.433113367259e-05,-0.0616463918302886,96,69,95.81394830442228
10634,876.20200395684,160175.1063445725,75318.34410828317,76535.12485011709,1709.4492737859255,742.5771337461047,452.6848348857602,179.383392277261,-0.0001034395879901,-0.0879634387983642,96,69,95.81297699301722
10635,876.2051950322272,160193.52155273737,75328.32023648119,76550.02110096723,2066.6207316695945,847.762089008218,523.6746415786474,229.7440860453935,-0.0002687294376545,-0.0743903067950523,96,69,95.81201558939112
10636,876.2215121600425,160115.13411613397,75351.52846223612,76553.20827986159,2369.1872965904186,923.3820031292125,575.3454531885509,290.60370410376345,-9.806533496920974e-05,-0.0702677862188705,96,69,95.81106416819551
10637,876.2246806395973,160066.4541947177,75341.69691037241,76520.48744668807,2605.811749315064,967.3760201005789,606.3803637017409,338.32442304946017,-0.0001641941959461,-0.0743990321783211,96,69,95.8101228036032
10638,876.2419741070379,159989.28860314348,75326.63326883843,76530.72248465533,2765.9663663879037,983.948199969178,618.3798113268567,391.16724477516254,-6.752986288855948e-05,-0.05792370493685,96,69,95.80919156930258
10639,876.2450979143808,159957.0878307354,75323.73388939301,76540.87066208824,2857.5740666462807,977.9123475033848,614.6766240424913,425.5603308312129,5.545346535172769e-05,-0.0561415738301025,96,69,95.8082705384929
10640,876.2614082789607,159999.2980741576,75310.26157342173,76539.04531763685,2885.4614049730008,957.2928278745094,599.6625579308165,462.16382030784735,-3.387187179027149e-05,-0.052205600395937,96,69,95.80735978387926
10641,876.2646651170367,159930.14566378287,75308.92874521518,76548.92812144944,2866.996633154282,927.5957457443874,577.4414050707128,481.6730126210605,0.0001433165301665,-0.0455165243253951,96,69,95.80645937766808
10642,876.2819296700079,159942.984438023,75340.03313746407,76536.8939335565,2811.695560651773,895.3913503821968,552.0826891303295,506.4846455177467,3.190429884221609e-05,-0.0519705723055336,96,69,95.80556939156138
10643,876.2850058547735,159953.5231662844,75296.28627945193,76491.60827563978,2737.5143386548734,863.4041980499896,526.447671995571,516.8237054199562,4.846102712536303e-05,-0.0362920824579263,96,69,95.80468989675276
10644,876.3012989435223,159928.4925237064,75291.01024517865,76555.98221936004,2651.6345926580834,835.3431209682312,503.21255744443624,535.1138189229241,9.095777427888937e-05,-0.0280877242543844,96,69,95.80382096392212
10645,876.3046682526316,159896.44022915463,75316.1273828184,76529.31024597996,2567.5914656331297,811.1527774797287,483.5090651329083,542.290021480294,-6.909819040447919e-05,-0.0261170292000759,96,69,95.80296266323086
10646,876.3218603815498,159916.52914036013,75326.45495603517,76512.2065963346,2487.7524543030886,792.0746081639372,468.3124323646771,558.8808119942842,6.353806607316375e-05,-0.0150636500288942,96,69,95.8021150643174
10647,876.3249347438098,159883.80485932835,75307.62426477441,76547.08236113533,2419.9579627717612,775.8362148232118,456.8304672607046,563.4832377737912,-6.173913439320516e-05,-0.0009861273609613,96,69,95.80127823629182
10648,876.34116029125,159941.12194044478,75305.86728940057,76508.1199483536,2360.2678112591966,762.2986145919567,448.49306784695364,576.3940473259136,-3.92533747059781e-05,0.0147222077007996,96,69,95.80045224773149
10649,876.3447332455269,159922.75233156036,75340.1324767162,76517.73882015586,2310.187265675515,748.5348405967088,441.3190964270325,577.9416755535931,3.093833801066736e-05,0.0141271541842656,96,69,95.79963716667648
10650,876.3616687996503,159903.31503952047,75326.01694870098,76531.45460838973,2261.8834969935124,734.5083570763818,434.41682809311897,587.5768828360597,-9.846686614354908e-05,0.0023414010312169,96,69,95.79883306062484
10651,876.3652704854171,159931.17107578492,75286.30257810281,76507.31374565877,2215.2986509583425,717.9746587826812,426.1829228642164,585.4416758964653,6.386945779039966e-05,0.0039919392491404,96,69,95.79803999652738
10652,876.3816285764148,159917.5528436583,75305.53897892164,76549.5131894123,2163.961448439397,700.176187805584,416.94257683036267,591.2875998368836,-3.715370170685877e-05,-0.0093445165518933,96,69,95.79725804078365
10653,876.3845329951201,159931.90585917237,75312.93993997872,76522.05771054569,2111.0194380798494,680.1889631849917,406.43136986906757,586.0918789798452,-5.907610429609315e-06,-0.0049470368229544,96,69,95.7964872592372
10654,876.4017280989693,159956.0443478178,75276.99744291924,76485.23968106137,2054.1460865833797,660.6325632983207,396.26895884252735,590.9262041051115,6.789975001742751e-05,-0.019700047040331,96,69,95.79572771717078
10655,876.405152867326,159964.00526881174,75284.75028307579,76529.95935219449,2000.3926044050022,641.3357703980437,386.64519398854463,585.5810515466437,-6.971705794160755e-05,-0.0592235099296403,96,69,95.79497947930192
10656,876.4215453085812,159939.35975434442,75273.35533503002,76493.13622642765,1950.005490376905,625.3996224942966,379.0530629833811,590.1358113501046,8.069463548701025e-05,-0.0768627727027546,96,69,95.79424260977842
10657,876.4244590646882,159968.5651724368,75303.42729625286,76505.47910276869,1910.2138034942327,612.6901430120197,372.92173933281447,585.6175829970161,-3.06104120388837e-05,-0.0987125029582393,96,69,95.7935171721738
10658,876.4417296046315,159981.34555211873,75284.0114625038,76519.3761453893,1880.3961769778398,605.9611985250958,368.93934152679867,592.5285982455534,-1.2487419419975534e-05,-0.1435963534552227,96,69,95.79280322948271
10659,876.4450611589149,159968.26129423015,75299.91107748011,76516.15706616825,1866.154862680647,604.0508752789465,365.76577643258497,590.4568045137275,5.723046889534137e-05,-0.1388275003176823,96,69,95.79210084411676
10660,876.4614417984432,159988.6445262168,75294.00298617629,76540.40233755042,1864.829593581555,608.5864947881637,364.0029618553817,598.8439249387593,-8.398431788067033e-05,-0.1292643045962783,96,69,95.79141007789998
10661,876.4644086687434,159983.79429155728,75311.5648299015,76523.53890545166,1878.7560622598976,617.2009518369305,362.67909178262926,598.618792840367,6.716295051826989e-05,-0.1429230582325792,96,69,95.79073099206408
10662,876.481715980536,159988.11675738642,75263.16522124792,76535.13267609595,1901.817560923635,630.3397753146855,363.02808526469744,609.3834864841774,-3.835202152196676e-05,-0.1265751737243282,96,69,95.79006364724476
10663,876.484972411731,159988.1126127834,75278.59778526657,76501.95973227119,1932.4948440259323,644.2678443469777,364.22349213110283,610.7465426767303,-1.830881514890339e-05,-0.1169130424406279,96,69,95.78940810347656
10664,876.5013329060884,159978.32696409116,75284.04515136949,76534.2206397161,1961.256273987412,658.4909283334855,367.24252517474815,621.6245906292752,5.835299374830976e-05,-0.125488934628397,96,69,95.7887644201896
10665,876.5043728077751,159968.38332663084,75305.5185322804,76524.34611939549,1983.895092948107,668.8168693593034,370.4532850802352,623.2841452476569,-8.071927496911472e-05,-0.1131362022251966,96,69,95.78813265620428
10666,876.5216915412705,160002.8502676943,75270.53227165388,76511.15236840924,1991.072101609141,674.9018629933998,373.8869242245855,634.624698175292,7.157323310382261e-05,-0.1304919477622223,96,69,95.78751286972732
10667,876.5248839164689,160012.63947921552,75273.07298052814,76537.80119054431,1981.4963249635184,673.1711518680531,374.9980195001408,635.4502406188112,-3.165779347687675e-05,-0.1406244314513858,96,69,95.78690511834829
10668,876.5412212946064,159988.78057523104,75296.06929192066,76487.64842908562,1951.268332687032,664.8255334132846,373.63620006560814,643.7275346599345,-1.5458233957404326e-05,-0.1130951995142677,96,69,95.7863094590343
10669,876.544350550778,159994.06988812314,75279.04430409783,76510.47506224626,1905.065975227917,648.3480073027022,367.748208888981,640.5169862100447,6.195290154322963e-05,-0.118314731544546,96,69,95.78572594812644
10670,876.5616544215302,160019.73281347685,75303.64226500227,76503.4030895947,1844.9288728198153,626.8980810918583,358.2729691377026,643.4172432970081,-8.006836264865945e-05,-0.1174845725947855,96,69,95.78515464133598
10671,876.5647985284609,159991.94652654338,75276.57319923597,76473.90555846278,1779.0452427637065,600.044970285875,344.38403975381516,632.7212364512088,7.005736507759248e-05,-0.1033669749409841,96,69,95.78459559373944
10672,876.5811041709352,160034.74059156032,75275.7899308057,76511.44378658613,1709.9328494979418,571.3206227166811,328.3963297744631,626.6100922015903,-3.201161494309144e-05,-0.0991532504629325,96,69,95.78404885977533
10673,876.5843468919508,160070.4421347729,75273.40672497136,76502.08873338306,1642.7411264671828,539.8996962866077,310.4816534349811,608.2987828693294,-1.8995462215722636e-05,-0.11127583991574,96,69,95.78351449323952
10674,876.6015951020875,160077.87654166287,75298.2492139403,76514.19041229329,1575.972424061154,508.5056321359298,293.28707872715313,596.5595887406671,6.101528743005045e-05,-0.1195580712856104,96,69,95.7829925472817
10675,876.6047303056192,160135.44905828868,75314.75719707011,76504.99275062815,1510.7284341818886,475.5521512603591,276.4870896607754,574.1971520750376,-8.153000958686101e-05,-0.1115872955536069,96,69,95.7824830744011
10676,876.6209610655511,160124.1198614635,75319.86131726703,76514.68320897056,1443.3273377610021,443.8547611399117,261.9647682556533,559.7344328161271,6.861340562405469e-05,-0.105876562291294,96,69,95.78198612644294
10677,876.6243983296752,160146.3176719175,75301.27529500853,76511.04078685562,1374.3225192202954,412.4902876383858,248.58192572495318,537.2085811394791,-3.061440396356083e-05,-0.1022425204232814,96,69,95.78150175459388
10678,876.6414346191758,160175.72191718957,75289.12882978014,76496.29173560247,1301.9335086082574,384.79611321081757,237.55426051022368,523.5039634041023,-1.9933684703273904e-05,-0.101039433818377,96,69,95.78103000937912
10679,876.6449472322907,160186.18768335122,75277.3506455315,76536.21000307825,1229.082923913782,359.70659099234035,227.2939002243802,501.45928035475663,6.272260175770312e-05,-0.0982929469914548,96,69,95.78057094065755
10680,876.6615189618614,160260.3422118802,75290.88489310855,76481.74740869406,1156.4966371361515,339.81133086756745,218.88433704557247,487.27297784533584,-8.081923704324473e-05,-0.0905674764024938,96,69,95.78012459761864
10681,876.6642142553466,160257.17435095663,75270.73808228727,76489.32904182254,1088.2480842572404,322.5984958739573,210.534162569209,463.9876079710084,6.843932330915152e-05,-0.0875081274864999,96,69,95.77969102877842
10682,876.6814766216477,160293.67967056835,75273.80666355988,76477.86523579924,1025.1788390856236,309.33348631365516,203.18223798347753,448.57961909499136,-2.883001992607057e-05,-0.0888294856887264,96,69,95.77927028197593
10683,876.6848519663985,160290.43034701905,75273.19179404166,76523.90953463425,969.791985652002,296.2879985114123,194.70832049215096,423.6394264267001,-2.1250805320437067e-05,-0.0914872024763318,96,69,95.77886240436928
10684,876.7014261298951,160320.53283770068,75307.51392125779,76548.74667064818,920.6063645763206,284.42309121164726,186.05792853888124,405.3377451127744,6.353579231474676e-05,-0.083364077951531,96,69,95.7784674424322
10685,876.704136118468,160367.60854488992,75289.10347149581,76500.95652639796,876.7055074536474,270.6903158491623,175.6198980793124,378.05447367118904,-8.11275533834793e-05,-0.0821213221129508,96,69,95.77808544195022
10686,876.7214759084152,160403.81497814707,75274.34637879509,76507.0346084714,834.151098072587,257.36671248036146,165.20819689886412,358.8997146646143,6.729281040271575e-05,-0.076880617776463,96,69,95.7777164480174
10687,876.72477273838,160436.5977690848,75290.73792637429,76514.83026244189,790.6755824355641,242.48321730617317,153.89878586211125,331.7883954597928,-2.770908052165406e-05,-0.0734727596869484,96,69,95.77736050503238
10688,876.7413190021182,160463.81882147765,75292.63837755004,76503.95008364474,743.4089899057872,229.15214269327407,143.95501370134298,312.40230255338247,-2.2880249377298587e-05,-0.0733887188696528,96,69,95.7770176566952
10689,876.7440756773058,160471.41968186133,75310.74309259528,76476.00251962425,692.3252678907593,215.7330591021455,134.51011806016322,285.33609454619,6.43387285235216e-05,-0.0531182640461371,96,69,95.77668794600372
10690,876.7614669401312,160503.9673757705,75290.90504103342,76495.72831864566,638.0292134018382,204.89889562346798,127.3277218292933,265.7237411432434,-8.115191529715806e-05,-0.0350402635378811,96,69,95.7763714152501
10691,876.7646911232339,160529.04106750488,75334.93236993694,76505.91681993104,582.7020284938626,193.51004013650527,120.37095226926613,237.00135818190756,6.65078304507479e-05,-0.0532638168307326,96,69,95.77606810601743
10692,876.7812096937197,160585.79234391666,75286.74388175296,76511.3414317928,527.4123709007399,182.43720013716666,114.03527874822612,213.25993103758083,-2.6183892688786803e-05,-0.0665873433338942,96,69,95.77577805917647
10693,876.7840257089116,160629.8676106816,75268.72868671641,76513.33440538432,471.65624093660153,167.00250155148387,105.14781060718815,179.80640836979728,-2.41822867591436e-05,-0.0599344956944542,96,69,95.77550131488192
10694,876.8014533054524,160643.087487274,75282.29360712656,76503.23485875735,412.79553577891784,147.36887214513263,93.546230247739,151.60599415097386,6.531232639178273e-05,-0.0827713522819776,96,69,95.77523791256996
10695,876.8046041110581,160674.2667032816,75285.29814548518,76529.77681029616,346.7740538327489,119.4790883060341,76.47006749163847,114.5534010657866,-8.109185562699162e-05,-0.0739185205567767,96,69,95.774987890954
10696,876.8211017148859,160720.08452540476,75329.50891149312,76490.74252848864,271.19897447305266,86.48435642650293,55.74282949481858,84.20029558008537,6.564438521079979e-05,-0.0674440941017728,96,69,95.77475128802202
10697,876.8239840444146,160770.10250091084,75296.14723638553,76516.33964420529,186.96324583451496,49.61883152104565,32.18654452546616,49.337104368634755,-2.477958460639025e-05,-0.0830112996017164,96,69,95.77452814103356
10698,876.8414352716965,160790.6675146603,75288.1007284937,76512.85309271104,102.62501632241765,18.490736241597915,12.011606407555519,26.489389427850256,-2.5630559469490043e-05,-0.0782093534251034,96,69,95.77431848651592
10699,876.8445111324144,160810.30492617036,75313.73253007866,76490.01360541441,32.86640735663241,-0.0,-0.0,4.528056411218131,6.61223695380889e-05,-0.0883961923429466,96,69,95.77412236026154
10700,876.8609969233563,160845.3269210011,75302.44815972915,76492.43677858319,-0.0,7.024970951140858,4.652401562430896,-0.7892311953764874,-8.110459145139395e-05,-0.0862571196377517,96,69,95.77393979732508
10701,876.8639494940807,160840.44166271942,75316.94123069686,76527.86351355023,26.453181669814512,45.4870544103469,30.130325240868842,-0.0,6.471135364340797e-05,-0.0739737874598415,96,69,95.7737708320199
10702,876.8814123455892,160802.33610707105,75305.43385047717,76490.92302938338,133.1538936450379,122.04742474359227,80.63985732349101,20.72853486475651,-2.3366307626738857e-05,-0.0581279197390538,96,69,95.77361549791516
10703,876.8844124004764,160797.95568794463,75298.7311586821,76493.3193042829,329.0796721673687,231.84949145230348,152.95694454640034,48.44372318984824,-2.7031646507348923e-05,0.0744372687087681,96,69,95.77347382783334
10704,876.9008966087968,160740.52391075515,75293.53996021987,76521.97854256358,612.5892639586236,369.1196713391546,242.72683983526076,94.40145069538266,6.696650915660026e-05,0.3222879299173523,96,69,95.77334585384688
10705,876.9039210928133,160687.373041537,75260.06564873295,76539.01025669335,964.7880208403803,518.0301058798068,339.2898506199708,145.0753265187377,-8.103129868810076e-05,0.1821782793248116,96,69,95.77323160727532
10706,876.9213838393201,160681.3671808782,75290.60181250886,76505.42867979026,1358.5021023724112,665.9930731650093,433.84374348813435,209.4154455216194,6.38044149801576e-05,-0.3596126824474595,96,69,95.77313111868268
10707,876.9243085046835,160594.29396276365,75286.98018116665,76513.60909842761,1756.8107388126082,796.1079688804311,515.4321233787487,271.9660958030436,-2.1917140253671504e-05,-0.2574374022512897,96,69,95.77304441787436
10708,876.9408017584881,160512.08992292025,75308.78323232227,76492.0062900322,2127.26851705031,900.8773001781374,579.1410830610839,340.34860671311617,-2.8414274113605765e-05,-0.043951807528783,96,69,95.77297153389485
10709,876.9438979029043,160463.43152583844,75303.33223179275,76465.00697010761,2439.8032895834185,972.7262718452112,620.658460432227,400.18846417273744,6.777938832729713e-05,-0.1349369674536414,96,69,95.7729124950245
10710,876.9613490501764,160427.17078261124,75276.2615459158,76483.76978531892,2678.9642072062707,1014.7211010973697,642.2482693723287,459.3185765831149,-8.094979265920797e-05,-0.0822596082916693,96,69,95.7728673287773
10711,876.9642002743855,160361.78514225013,75270.63091257201,76503.33557067487,2836.0176917851786,1028.340064115604,645.5219912990724,504.81742186271003,6.285346072891066e-05,-0.099304281020034,96,69,95.77283606189764
10712,876.9807131266045,160289.3901985771,75289.39231747962,76500.24631823694,2917.5505200156476,1022.8671171442402,636.5500654653879,546.93871499339,-2.0482292692286963e-05,-0.1147639053762806,96,69,95.7728187203587
10713,876.9838789681548,160337.7845922662,75297.99569009205,76502.01590521962,2932.5541938068927,1002.3570719739073,618.3676830326003,576.6893766825378,-2.9801509133539932e-05,-0.084304319578141,96,69,95.77281532935876
10714,877.0013073237825,160283.40595004684,75269.32618354105,76524.63637715873,2899.600496871397,975.3576586200215,596.4014638618246,605.8805472225067,6.856183405569667e-05,-0.081442247890085,96,69,95.7728259133195
10715,877.004088729516,160278.9932341527,75272.39888417699,76506.45420755414,2832.642181701085,943.2190729223657,571.9347348888696,626.25608365066,-8.084090518915847e-05,-0.0936608730482809,96,69,95.77285049588306
10716,877.0206312327454,160261.19690693656,75291.11790358981,76470.43361311813,2750.5329735201667,911.728319471833,548.6380350890686,649.3588658082881,6.188739125582797e-05,-0.0884965816431861,96,69,95.77288909991007
10717,877.0238633338765,160197.92454838753,75287.19752352746,76481.09554215388,2663.2105895102723,880.0478536496812,526.4685299920093,666.723369584186,-1.9032880656056356e-05,-0.1108673234271706,96,69,95.77294174747664
10718,877.0412580567264,160237.80723098895,75291.02970355278,76480.84757831083,2583.2786387535743,852.3117372878187,508.091158494688,687.5624553624657,-3.11692692894044e-05,-0.096748773150163,96,69,95.7730084598727
10719,877.0439750844309,160187.52948734775,75291.41843888735,76502.53115774396,2512.5400918851956,826.388607084984,492.58951578396955,701.7324865196424,6.932781855153453e-05,-0.0847098079076753,96,69,95.77308925759915
10720,877.0605563064865,160185.4576092998,75267.27345087467,76525.39545249869,2455.941392882378,805.6165562662791,481.73310023680096,717.8091656393663,-8.070054459139502e-05,-0.09838283494527,96,69,95.77318416036604
10721,877.0638501319165,160174.0311141787,75265.51611950182,76502.97776704024,2407.9097374780104,787.0446416660852,473.3581685552199,726.5917508931889,6.090227251441518e-05,-0.0981558713978345,96,69,95.77329318708964
10722,877.0812006226041,160201.33145298308,75279.9928484058,76489.35126086442,2367.899631432956,772.96608137351,467.6499634644133,736.5426137149916,-1.757901674459806e-05,-0.092891117882177,96,69,95.7734163558912
10723,877.0838608390231,160181.76393093014,75281.71580604033,76498.76232321557,2327.0401956533315,759.4505105205899,461.1416210497264,739.019317081169,-3.252862967713288e-05,-0.0948114499566642,96,69,95.77355368409404
10724,877.1004881228275,160175.28453630916,75272.57209760937,76458.21432515924,2285.5058419686393,748.4665387491696,453.76788514945656,743.3293015588133,7.006663450900446e-05,-0.1003384068108604,96,69,95.77370518822204
10725,877.1038388143737,160187.43090577205,75284.03536835573,76527.43164148515,2237.4862729454762,736.0820636675344,442.96776205895003,741.9877262829978,-8.053617505081721e-05,-0.072614465512011,96,69,95.77387088399703
10726,877.1211340970203,160179.3974599251,75261.05826396334,76485.13539631906,2187.7425075178617,724.4238743609167,430.4214653238887,743.7304743251007,5.989492582114616e-05,-0.0583530509017872,96,69,95.77405078633714
10727,877.123748139651,160184.35603447066,75265.0069297186,76479.03694926226,2134.470226912119,710.133591372607,415.7125073685311,740.8689444785705,-1.612105970914429e-05,-0.0526257731705917,96,69,95.7742449093549
10728,877.140425459938,160189.55244587996,75254.06497112752,76459.173434909,2085.966467131104,696.7281878789945,402.5194017186586,742.2503124336363,-3.387630682188462e-05,-0.0352270544374809,96,69,95.77445326635494
10729,877.1438299387652,160191.2753665921,75291.11787182275,76463.6244168587,2041.7659384192666,682.4122407107207,391.4420142172894,740.5392267465359,7.078227530760331e-05,-0.0401841811217878,96,69,95.77467586983246
10730,877.1610561625164,160219.5112948429,75270.97518728809,76494.56431456823,2009.9846576816053,671.881995497024,385.7948810918315,743.4563156275835,-8.034350722189257e-05,-0.0493984061601887,96,69,95.77491273147125
10731,877.1636413883764,160197.31917491203,75285.40909225904,76489.9690224468,1988.5607934269356,663.9455477138254,384.721300871257,743.0152884347481,5.886921380381944e-05,-0.0533681657531,96,69,95.77516386214172
10732,877.180363576335,160197.6159038805,75276.50761103835,76478.87246146204,1984.091037638078,663.3290360528044,389.61850817801314,746.7406727719645,-1.4657381997179338e-05,-0.0596941936138663,96,69,95.77542927189964
10733,877.1838292580376,160205.35817342708,75293.28720890776,76495.85010822598,1991.7482652558247,667.6918441699381,397.60157156866626,746.8350302103499,-3.521122632346903e-05,-0.0929795360945813,96,69,95.77570896998418
10734,877.2009561590313,160187.25966587386,75271.40727525062,76491.83092173868,2014.6094015582348,679.5005983425799,408.3670946331986,750.1877114395902,7.147388773143481e-05,-0.1211162266362942,96,69,95.77600296481567
10735,877.203560140329,160201.8894631162,75252.75067412572,76481.37024956534,2043.810500609281,693.8728631429694,418.1833136790665,749.4045069174608,-8.012404242921644e-05,-0.129491073312317,96,69,95.77631126399515
10736,877.2202667640763,160212.39914044942,75287.71742189412,76452.9912121157,2079.621156857698,711.3353482054954,426.9910705134098,752.370358696091,5.782378255858603e-05,-0.1392239477369944,96,69,95.77663387430172
10737,877.223923562592,160216.32700923513,75262.98283584483,76504.40867605766,2110.96986825607,725.7173496552423,432.00524145385134,752.6173954858386,-1.3190033163635311e-05,-0.1371450486199508,96,69,95.77697080169172
10738,877.2401986049003,160184.83526876575,75285.51517627489,76479.0871720108,2137.09684972401,736.9335146595113,434.3025352738914,757.1070483134536,-3.653404676334216e-05,-0.1357740576827901,96,69,95.77732205129672
10739,877.2431782191293,160213.904244438,75291.96275087025,76485.31800783772,2147.936825764773,739.7362940338353,432.4005706241296,759.2208034087089,7.214072420805673e-05,-0.142658603673473,96,69,95.77768762742258
10740,877.2603781733139,160211.21120246383,75280.31577880021,76499.01741858444,2145.68543534755,736.0122792904585,428.35307222089614,765.1556605129153,-7.987785282583378e-05,-0.1288728214192456,96,69,95.77806753354758
10741,877.263770890405,160236.48736031677,75270.89629443784,76465.86721249175,2123.196854449692,722.5165055473626,420.916432541213,766.4110829145648,5.675941214775961e-05,-0.1188174199190834,96,69,95.7784617723216
10742,877.2801382975758,160189.08242878702,75314.02312102991,76514.84076081934,2086.6978617894347,703.3716612182907,412.17645162329427,767.8256816730718,-1.1718884104301196e-05,-0.1239050540627727,96,69,95.778870345564
10743,877.2830916254422,160206.597263742,75306.23676912447,76467.95627475128,2033.0239922716282,677.310328941152,400.95586215230287,761.1780278056685,-3.784368188274977e-05,-0.1200377097318951,96,69,95.7792932542634
10744,877.3003933200374,160198.29457766586,75275.34481659626,76475.07793983941,1971.7500007289345,649.5854099727003,389.45618319671485,752.3885825483885,7.278309505028135e-05,-0.1112902838159113,96,69,95.7797304985756
10745,877.3036604687605,160252.13589689534,75286.87364838501,76485.06235783792,1900.6997476535034,618.734944365191,376.4051801035239,734.5925814700604,-7.960471858656019e-05,-0.1164634199707613,96,69,95.7801820778228
10746,877.320049840498,160281.43722341667,75296.05174367614,76513.99009667174,1829.3725343521219,589.2615418071655,363.865599820856,715.7203659279039,5.567656568391048e-05,-0.1058993467891121,96,69,95.78064799049248
10747,877.3230333653195,160299.25085089888,75310.40707988119,76516.34325896544,1754.1863095420413,558.7543712942133,350.2798321750306,691.2179838102602,-1.0244523615148682e-05,-0.1043759123538073,96,69,95.78112823423608
10748,877.3403896188195,160322.4609945331,75285.40988189862,76506.64123171305,1682.3850957547547,530.6436560848088,337.20371812357916,669.8764246500505,-3.913990729044479e-05,-0.1207441090168829,96,69,95.78162280586832
10749,877.3435549500657,160364.42860808905,75287.77865824965,76494.29723226858,1607.1975491403718,501.40238084334123,322.4334340726782,646.0621949229972,7.340054304702141e-05,-0.1122762815655839,96,69,95.78213170136576
10750,877.3599561351244,160357.77955467402,75284.8541210337,76521.18415623912,1534.1944043211406,474.1510800227843,307.349107522401,626.9831902176084,-7.930497714980131e-05,-0.1057756625115636,96,69,95.78265491586652
10751,877.3629889266933,160404.19932770863,75293.16339129202,76490.88427744005,1456.5178156374604,445.8749453084165,290.1394902835018,605.735364480759,5.457545383973114e-05,-0.1062335350498673,96,69,95.78319244366844
10752,877.380375588238,160390.98398206424,75286.60701660386,76523.01123656284,1380.9828237417387,420.4875730980566,272.8865972455242,588.2494367825275,-8.767529283035093e-06,-0.1046179315592371,96,69,95.78374427822912
10753,877.3834481537498,160429.08563952328,75264.80617243986,76490.65005008454,1302.0268542920821,395.4997792007198,254.3956147111603,566.5123304831213,-4.042229117632557e-05,-0.1054911407099045,96,69,95.78431041216469
10754,877.3998631760138,160455.19044703225,75307.0620654402,76497.1068265372,1228.592973259394,375.295305921798,237.32614303875016,546.8533897383022,7.399293478305374e-05,-0.1063276492228733,96,69,95.78489083724897
10755,877.4029537797172,160495.12685567825,75284.8424160232,76510.72869329424,1156.6941059134551,357.40153598391043,220.75130946215359,522.6680598506355,-7.897865030559292e-05,-0.0975617880332053,96,69,95.78548554441302
10756,877.4203533074384,160515.0982627012,75321.69776766884,76518.09659928245,1095.357190713752,345.32558343831624,207.1076905587979,501.2784234803694,5.345655310821552e-05,-0.0959913318194461,96,69,95.78609452374435
10757,877.4233384767698,160545.79915084614,75296.12812097928,76500.68032623363,1038.5585768480087,334.95346159505425,194.8089357796125,475.9362514387176,-7.28832285051862e-06,-0.1125381361179957,96,69,95.786717764486
10758,877.4397737196878,160568.51082471266,75291.01776947606,76501.80409003899,993.2452884112136,328.4433469275973,185.7419214444526,454.00421870389255,-4.169036133258445e-05,-0.0965706909350619,96,69,95.78735525503656
10759,877.4429255351527,160589.6733907264,75303.91483840268,76499.02588942643,951.3656920446665,320.8972171136702,177.86773362878012,428.6556658518093,7.456009777433108e-05,-0.0971316702648751,96,69,95.78800698294924
10760,877.4603232830192,160608.39572346522,75303.54208654215,76518.88879272934,918.0316397994175,314.14805459277704,172.5690481532074,406.68670701028896,-7.862587528244026e-05,-0.1048907993679089,96,69,95.7886729349314
10761,877.4632257259776,160641.40797036947,75293.73970801487,76501.29272057358,883.4110824292875,303.4693798035296,167.21906567626866,380.31237153723487,5.23202191089344e-05,-0.095619375259563,96,69,95.78935309684412
10762,877.4796893978487,160668.60280894532,75278.48370728006,76510.56346986769,852.4251731081749,291.83384995030065,163.00268327342928,356.7955576851382,-5.807441502254968e-06,-0.0991625991236818,96,69,95.7900474537019
10763,877.4829024720116,160693.61026045904,75316.61215210707,76503.36211783608,815.8342346374993,276.08842975278094,157.47087338060373,329.32816810847726,-4.294373206826608e-05,-0.0963320604774995,96,69,95.7907559896725
10764,877.5002855379237,160744.54494199745,75258.3142334107,76525.67772845055,779.4823912245338,260.4849661137123,152.27763431944186,305.78007199865533,7.510182943410586e-05,-0.0873400195432059,96,69,95.791478688076
10765,877.5031103109945,160751.89712668562,75311.04699770651,76480.83275547788,735.2394218046684,242.599049372453,145.5974953660625,278.98434579884633,-7.824679679965701e-05,-0.0859420536040837,96,69,95.7922155313852
10766,877.5196112906996,160797.51998222255,75290.29226988622,76477.36812300647,691.478339167079,227.20292677399993,139.909746751684,257.0881907741132,5.116684405095119e-05,-0.1056891562362948,96,69,95.79296650122502
10767,877.5228831095818,160805.14253853136,75284.24437466475,76487.44997972062,642.451318297477,211.67297083412996,133.79678531424724,232.68826100346632,-4.325376526718017e-06,-0.1267320437910317,96,69,95.7937315783727
10768,877.5402399738068,160828.80600746907,75298.43768307459,76512.78613590803,597.3305972066009,199.43841990276997,129.30729045910994,213.00747106250492,-4.418197488054703e-05,-0.1166822938874257,96,69,95.79451074275744
10769,877.5429929490197,160853.11134705678,75290.4084189899,76498.89210938894,548.9105499293073,185.7278940515389,123.77856400012388,189.11917136597913,7.561797494506822e-05,-0.1149808506574782,96,69,95.79530397346008
10770,877.5595401305061,160899.93541567892,75281.21764324974,76493.02580279474,503.9573189865332,172.11207099120656,117.88175113970647,168.37930458394112,-7.784154474386242e-05,-0.1129879245072621,96,69,95.7961112487137
10771,877.5628660569081,160900.64899079374,75301.1878322792,76525.75514185391,451.66183323337464,152.62041396994027,107.74257240985753,142.29303660499863,4.99968327555953e-05,-0.1256043143836433,96,69,95.796932545903
10772,877.580186523607,160947.76275883932,75291.22385985317,76489.97131116912,395.1053652317496,128.76113348481886,93.5866608050419,118.7650893589016,-2.8426254493635804e-06,-0.1479850707484623,96,69,95.79776784156498
10773,877.5828745244913,160945.51564752508,75299.16061913717,76496.36914483986,322.159369774512,96.47293803702632,72.61875221852097,89.63882794749225,-4.540468214222302e-05,-0.1512000129031544,96,69,95.79861711138858
10774,877.5994763884879,161043.2108595352,75288.12624006793,76488.81537320478,240.2982662905124,61.830827439262066,48.37826980967657,64.83453091961564,7.610836884270273e-05,-0.1680536692252784,96,69,95.79948033021496
10775,877.602849957064,161024.44979520392,75273.08039384242,76489.00186479284,147.2853920350317,26.972126866618055,22.93442764034262,37.760624326358084,-7.741027498306287e-05,-0.1666442730246727,96,69,95.80035747203787
10776,877.6201252274881,161027.7099591056,75286.81666193575,76469.23516308493,64.40263905894244,4.148554532133858,4.918104945187224,19.272713031969033,4.881058301111249e-05,-0.1542013105212401,96,69,95.801248510004
10777,877.6227560047803,161083.43208881782,75300.6175311551,76481.95506135907,4.209089259034954,-0.0,-0.0,2.7322753334010486,-1.3596924903431629e-06,-0.1487376229356311,96,69,95.8021534164127
10778,877.639420320242,161078.21455176236,75304.69393983594,76479.07965563648,-0.0,28.1040257786226,17.518734804500127,-0.0,-4.661145174926471e-05,-0.148222664992335,96,69,95.80307216271709
10779,877.6428334682388,161086.61496072856,75247.61286470384,76505.33135066577,67.45097664551577,91.39976342703449,59.65080768140615,4.073858547315467,7.657285939418216e-05,-0.1425840127472318,96,69,95.8040047195238
10780,877.6600562766682,161055.9586291779,75303.43452688398,76479.28489646467,230.7019093274721,194.48193999609794,128.3483454764646,25.28856061975239,-7.695314496964258e-05,-0.1437224040619373,96,69,95.804951056594
10781,877.6626383773327,161024.7009779743,75281.26636784998,76458.39613480557,484.93304763705237,327.98861451196717,216.37501818459714,53.902884806419024,4.760850531576022e-05,-0.1391112841216449,96,69,95.80591114284354
10782,877.6793719980338,161010.6965034585,75273.68798573548,76491.87947942063,827.187472460384,484.21924477138964,317.0993142100924,98.73324453143869,1.2292462067040585e-07,-0.086601234789854,96,69,95.8068849463434
10783,877.6828152580247,160951.93832346637,75256.07894716763,76442.92288207675,1223.8531154147931,644.2963045416691,417.59460223151837,147.615695061133,-4.78018832164138e-05,0.0998473894425071,96,69,95.80787243432052
10784,877.6999800441328,160910.54568547054,75286.19082767123,76480.26260158588,1647.9381519659655,796.1234742631641,509.8187467379612,206.8934189446736,7.701130455932153e-05,0.2793612914516099,96,69,95.8088735731584
10785,877.7025225925172,160843.06383600325,75248.08436421205,76510.06636934957,2052.8527977307094,922.878013180467,583.8773372036085,262.6410962556256,-7.647032207888073e-05,-0.0287908554540504,96,69,95.80988832839788
10786,877.7193313443113,160761.90926190396,75247.79566988922,76469.2251511006,2412.9853337144596,1020.2395685641677,638.0727575942001,322.2907339312078,4.639101268121886e-05,-0.4464159112944821,96,69,95.81091666473743
10787,877.7227939972977,160730.0370343217,75258.50859509729,76480.42067907788,2695.3166751809767,1081.9016170761315,669.730474338241,373.3839785459568,1.6047255265971924e-06,-0.2256131837835416,96,69,95.81195854603445
10788,877.73989711454,160678.62636715785,75288.72557886876,76512.16816171334,2895.7899275718955,1113.7356795647356,683.3003648917074,425.0338321537711,-4.897558463864015e-05,-0.130910339776612,96,69,95.8130139353056
10789,877.7424095007786,160669.26402768787,75272.3310901656,76471.48470876856,3006.425176890567,1117.4751727059047,680.3027809341584,466.6254668798356,7.742356946388076e-05,-0.2093876709468557,96,69,95.81408279472842
10790,877.7592981787228,160638.86524919793,75286.05628625673,76468.72411617213,3046.599041295587,1103.8605803603423,667.3942959036503,509.81764724396635,-7.596198319763946e-05,-0.1537780242847015,96,69,95.815165085641
10791,877.7627683399477,160602.84215304334,75274.34649692722,76469.93951234155,3024.887920071953,1075.857668783472,646.4061880403897,544.4681894473615,4.515852370639274e-05,-0.1735726356885116,96,69,95.81626076854457
10792,877.779808328058,160542.72493053405,75257.27569736872,76484.33878176585,2968.318674123904,1042.6353687924857,623.0809851937665,580.9923666190298,3.0852111647129595e-06,-0.1728208419046542,96,69,95.81736980310286
10793,877.7822997677669,160528.7477943634,75254.96569581273,76452.79115161925,2885.934794292785,1004.658507672837,597.9729654931871,607.9782138270675,-5.013216930815094e-05,-0.1559297299546685,96,69,95.81849214814436
10794,877.7992722983929,160486.27520699805,75261.51763733597,76475.10997656276,2800.318095186085,968.7777820815827,575.5544754660077,636.0624935120577,7.780952906315758e-05,-0.1649604207032886,96,69,95.819627761663
10795,877.8027368638296,160471.76428235613,75241.36016620214,76456.57963592735,2712.784950129222,933.3581445352465,554.8223427811608,653.8450545889791,-7.542831250368258e-05,-0.1392554867496616,96,69,95.82077660081904
10796,877.819714867862,160488.48878461737,75258.49876321963,76426.53724840347,2637.1409848915064,903.2980301531352,538.4245850367588,671.9874159138417,4.391146162772173e-05,-0.1435352253688588,96,69,95.82193862194084
10797,877.8221937311081,160484.63247631822,75270.4312164395,76471.9764704765,2567.6541890818626,875.5284159333387,523.7372665312723,680.1372201988415,4.563883543785446e-06,-0.1652553215612446,96,69,95.8231137805254
10798,877.8392536383144,160501.12549995288,75282.2962106325,76460.83329306707,2513.0239888957585,853.7223570387578,512.2770625269914,690.7308655100351,-5.1271255997281896e-05,-0.154507869070613,96,69,95.82430203124024
10799,877.8426979115771,160433.80848750952,75295.00201429364,76461.14395051726,2463.12069959793,833.3415102327417,500.7544397668098,693.621811879595,7.81690668848479e-05,-0.1703844411966057,96,69,95.8255033279247
10800,877.8596184712754,160473.5619238401,75268.9816172682,76496.02826453258,2422.670135498047,816.5628068920196,490.6641009176965,700.1114961377752,-7.486950325337293e-05,-0.1458649126951746,96,69,95.82671762359062
10801,877.8620910933276,160482.31709157556,75273.60078399531,76493.00202632346,2379.670370348671,798.344763978821,479.5652356122737,699.544379838946,4.265025428634241e-05,-0.1196354224222164,96,69,95.82794487042494
10802,877.8792426542796,160452.68961772902,75290.86606744396,76464.80637997281,2339.1522009286564,781.4059279720095,470.19483392185066,703.4232101300731,6.040244856236273e-06,-0.1214317956923984,96,69,95.82918501979
10803,877.8826491353325,160495.99118218498,75230.4618278993,76509.92983392416,2291.052959506982,761.88203264818,460.9474937871855,700.6520500419138,-5.239246989262044e-05,-0.1280760308171658,96,69,95.83043802222576
10804,877.89952203713,160470.68815754485,75274.89103498093,76475.65186224044,2243.5812253150507,744.0041662417352,454.67667317503947,702.0304878960305,7.85020756487926e-05,-0.1143207076191882,96,69,95.83170382745136
10805,877.9019900649218,160491.12072118424,75273.05284561627,76484.93840446266,2191.4900311902165,725.8955764115235,449.4940020638169,697.3146545329655,-7.428575694419967e-05,-0.1044607912169622,96,69,95.8329823843662
10806,877.9192414890935,160468.8767877412,75238.63889635535,76474.65802274818,2147.3363412509207,713.328141162885,447.6781104338006,698.6945182693598,4.13753343911715e-05,-0.0865150241694021,96,69,95.8342736410523
10807,877.9225859098088,160544.05174829334,75294.764658001,76454.76133208723,2107.981389823137,704.6846846432745,446.622381531517,696.2612473551999,7.513798545890677e-06,-0.0711613022106804,96,69,95.8355775447754
10808,877.9394319101716,160487.64701241566,75286.38599489492,76475.53447783383,2085.418430543272,704.5557192278211,448.1513180784241,701.5008948018076,-5.349544230729828e-05,-0.0724919783924047,96,69,95.8368940419873
10809,877.9418839239154,160469.91697633054,75260.88520048397,76462.0241600051,2074.8643290927866,709.5462299661012,449.92383675306337,704.6123890313029,7.880845687182785e-05,-0.0480722177102617,96,69,95.83822307832683
10810,877.9592592978657,160503.52938374903,75296.81452121607,76468.35153199638,2085.08693862136,722.0120868455269,454.33287199563347,716.7700633286149,-7.367728329920348e-05,-0.0677468781334739,96,69,95.8395645986228
10811,877.9624926831425,160498.482871594,75281.42065485696,76507.75544706357,2106.6139623713098,736.307097149067,459.3055211181054,726.6448960564448,4.0087138759946185e-05,-0.0958818909324534,96,69,95.84091854689484
10812,877.9793730918037,160465.6991881256,75281.38055774868,76450.15070447052,2142.9146262853174,753.2268020210176,466.96515305995126,743.261614219402,8.984049643527005e-06,-0.1043953938577395,96,69,95.84228486635575
10813,877.981731055813,160475.48866928418,75265.69151854765,76466.64975870324,2180.762028778263,767.113212768716,474.66473782397225,754.7758018144232,-5.4579811251598464e-05,-0.1432770956956272,96,69,95.84366349941386
10814,877.9993841684641,160451.07502189957,75270.57044324336,76484.22405520205,2221.1290514030843,779.7088073364284,483.6183905720536,770.1872460699815,7.908812133965456e-05,-0.1564102815417219,96,69,95.84505438767442
10815,878.0020433346629,160433.50643701863,75268.31880337936,76475.04520283482,2249.534241454152,786.439663973113,490.06229687898303,777.3303489936807,-7.304430054762943e-05,-0.1692673276149309,96,69,95.84645747194187
10816,878.0186615316221,160429.58295990774,75263.76465274653,76477.80476972114,2267.823665754462,790.0452682947507,494.5407942683669,785.5765513478545,3.878610875541736e-05,-0.180992407144388,96,69,95.84787269222244
10817,878.0218449815798,160457.38943873727,75255.35294644568,76447.85947723253,2265.6951048559276,787.0562604470906,493.6424255782913,785.553674695635,1.04505041140221e-05,-0.2115816413241627,96,69,95.8492999877254
10818,878.0392708212062,160454.23402162976,75249.96661909275,76485.99142339382,2249.0638353870017,780.184082646796,488.5745168089052,787.2079033437476,-5.564522065619726e-05,-0.2154820397726737,96,69,95.85073929686602
10819,878.0419688579041,160459.58111184745,75290.1146169926,76467.25585315117,2212.323420117027,765.8868244983751,477.1714544860006,781.776727323042,7.93409885474616e-05,-0.1824749512126357,96,69,95.85219055726758
10820,878.0585602304051,160473.25480925114,75293.18694649894,76475.70964515154,2165.343875998864,747.1701435679861,462.1733511646162,779.2607189106639,-7.238703477576079e-05,-0.1938248538918304,96,69,95.8536537057637
10821,878.0618505103437,160487.70974112255,75286.22405123427,76451.62757430658,2105.34521451639,721.5719971583312,442.9189264070301,771.2691834664147,3.747268937729816e-05,-0.2001031169553009,96,69,95.85512867840032
10822,878.0791996966658,160491.879458718,75254.19715829122,76459.03519957892,2041.9255033814115,693.1517013832927,422.86181165644666,766.1545243549917,1.1912669551989776e-05,-0.209145485885795,96,69,95.8566154104388
10823,878.0818647203191,160470.03512970055,75252.61882626412,76462.20478293103,1971.0245640770881,660.7607467434573,401.47266173319076,754.8971840087615,-5.6691321494829466e-05,-0.2376457781833781,96,69,95.85811383635767
10824,878.0984846385604,160497.51690794568,75294.04288466583,76448.6248559386,1900.5500910793198,629.4438681616157,381.75950559964986,745.9876514129865,7.956698749575587e-05,-0.2162939280421467,96,69,95.85962388985544
10825,878.1018444561047,160536.0237559069,75273.28423642008,76463.09065757247,1825.59632690344,598.355849056592,362.38690153489006,732.0675066751719,-7.170572042625483e-05,-0.1973014620847787,96,69,95.86114550385312
10826,878.1191297260257,160540.85077933955,75274.8314604654,76453.44083580792,1752.8075465221773,571.3041080491093,345.1262499266013,721.7108625834517,3.6147330038837945e-05,-0.2075831797483715,96,69,95.8626786104967
10827,878.1217538088046,160566.5807204812,75260.27905735781,76487.58339509871,1677.2137648718199,545.6486469039373,327.7967038496863,708.2883484389749,1.3370055750630763e-05,-0.1929289580678526,96,69,95.8642231411596
10828,878.1384217990524,160570.60744446778,75248.90161045764,76489.01681724869,1605.5999076679582,523.3252377964964,311.91509442878305,700.1971654966183,-5.77177711953858e-05,-0.1841520913741109,96,69,95.8657790264458
10829,878.1418340818975,160579.49381279564,75282.47359847254,76456.8208743331,1533.353037277935,500.5978361928719,295.6510577558365,690.5817992316443,7.976605598029812e-05,-0.1917048079302193,96,69,95.86734619619196
10830,878.1590551808304,160584.53205707224,75248.34658871563,76434.08853399545,1466.0124428686104,478.91771166422404,280.8028175155632,685.1756219552481,-7.100059928767021e-05,-0.1862814467881048,96,69,95.86892457947054
10831,878.1616413575401,160627.83745565827,75268.34739911348,76431.35455950763,1398.1449141560588,455.4473597108008,265.8750358890102,675.7043854091899,3.481048363722876e-05,-0.1664231822465469,96,69,95.87051410459254
10832,878.1783686324294,160604.5864857746,75258.11285920175,76446.74314617892,1334.5454835415003,433.1554937699548,252.739138589066,666.8155720001669,1.4822173384470624e-05,-0.1942119851879988,96,69,95.87211469911004
10833,878.181820462695,160610.54251146034,75259.56392274171,76466.88518822625,1270.1701318677515,410.72791835290263,239.83719738657237,651.242151615792,-5.872423394998657e-05,-0.184009752212364,96,69,95.8737262898195
10834,878.1989745475462,160629.20041812604,75258.17791383357,76473.18795254112,1209.8821753637749,391.4079475145554,228.69616033087368,634.1177391808887,7.993814067026869e-05,-0.153342725665627,96,69,95.87534880276426
10835,878.2015298308783,160686.5623066416,75209.08951733843,76446.34304226181,1149.9183551255264,373.51336000573065,217.80481677362695,610.9976997298363,-7.027192215640586e-05,-0.1765224358065211,96,69,95.87698216323786
10836,878.218323818017,160684.65035643394,75269.03231069497,76457.07035080732,1095.7868860266171,359.1551662759448,208.87388866546098,589.2143802049104,3.3462606640858626e-05,-0.1621900345305659,96,69,95.87862629578666
10837,878.2218033134387,160715.51772942886,75274.46455794605,76427.43537549951,1043.8113627153216,345.45185850809503,200.5540410935355,566.5540216767113,1.626853562319592e-05,-0.1628142799851534,96,69,95.88028112421318
10838,878.2388875134575,160790.28997483835,75258.3660452324,76425.75580495545,997.3634856236167,333.161864422058,194.11517363766325,549.1864113282354,-5.9710381078380815e-05,-0.1652822688625903,96,69,95.88194657157932
10839,878.2414208693694,160764.21384171717,75249.75084797935,76442.28258517149,950.9921656151419,319.0950294717477,187.7128363705997,533.699347323738,8.008319818552418e-05,-0.1608205574872875,96,69,95.8836225602088
10840,878.2582864621261,160762.05525942668,75224.43054000591,76438.0953340765,906.3450063138152,304.3919133624004,182.08018565003294,523.0343892101955,-6.951994618643908e-05,-0.1781128092604484,96,69,95.8853090116912
10841,878.2617819488419,160745.98750413943,75238.54035074663,76414.29210566256,858.1420469463919,287.05094955908135,175.2590352439147,511.6168424800271,3.210416018266506e-05,-0.161093582933462,96,69,95.88700584688436
10842,878.2787942901382,160811.86213021586,75234.54009537972,76400.54537875923,808.8155863163993,269.2697079296049,168.0797909986577,499.501880831318,1.770865940275945e-05,-0.158225189437749,96,69,95.8887129859184
10843,878.2813157529405,160830.86012535705,75208.54362889074,76389.76195513389,755.9718758234521,250.3819239095901,159.2868061728368,481.6424862550921,-6.067588997832216e-05,-0.1488666541691511,96,69,95.89043034819817
10844,878.2982557455153,160813.70944767783,75171.284127206,76385.6195221012,704.4197129720706,233.25227752458886,150.37885126963374,458.9907472661871,8.020119423890893e-05,-0.1396445431018072,96,69,95.89215785240746
10845,878.301755581037,160867.98088657332,75211.11353317168,76423.62204395527,653.7614191570901,217.35448531493603,140.64953998452984,429.7279788872984,-6.874493741452261e-05,-0.1445181876541536,96,69,95.89389541651208
10846,878.3186953922348,160894.61757113063,75222.53428602219,76395.04519263306,608.2511516576633,204.6221029797598,131.5688195543189,396.4816247263807,3.073560622094689e-05,-0.1507652848603333,96,69,95.89564295776236
10847,878.3212155398842,160931.10385205818,75218.3356183612,76402.77822201676,566.398594415572,193.58238770642492,122.38821437963634,360.19120330017176,1.9142059561653096e-05,-0.1466603646910626,96,69,95.89740039269836
10848,878.3382308100317,160996.84460900104,75241.38220277311,76402.65180275402,529.5366649623029,184.7870312976156,114.18905907054432,323.2926286153961,-6.162044887157544e-05,-0.1141009060171473,96,69,95.8991676371519
10849,878.3417234421245,161058.10297725885,75249.1648910141,76440.63649182087,493.5485523570678,175.5334143382206,105.75723113212734,286.5810797997983,8.029209985162973e-05,-0.121453375283376,96,69,95.90094460625068
10850,878.3585915420351,161056.82127206025,75236.80558632368,76435.05814113934,456.4944493754301,164.8579431875405,97.29901977968984,249.7501788137597,-6.794717159854265e-05,-0.1402345096655828,96,69,95.9027312144219
10851,878.36112111044,161045.61582483008,75289.31680080126,76424.8124713115,412.9137505988474,149.39886460421258,86.96965277410345,212.8063357094652,2.9357411057246516e-05,-0.1211964441806808,96,69,95.9045273753956
10852,878.3782107231257,161083.3202108916,75280.16767348512,76439.81433786963,360.07223906338913,128.1966269308905,74.4535346502089,173.87876227960805,2.0568259285274255e-05,-0.1371053589698098,96,69,95.90633300220884
10853,878.3816848466137,161183.77367327482,75275.22312836493,76453.15889056954,294.61897698411485,99.71216449681378,58.29326291347388,134.7317778256256,-6.254374502631159e-05,-0.1430395765813056,96,69,95.9081480072088
10854,878.3984836159326,161218.26279943896,75255.36753154808,76438.7690042508,217.89349969045725,66.44719848119712,39.603080009284895,94.78519525125739,8.035590680154996e-05,-0.1266975923235189,96,69,95.9099723020568
10855,878.4010331776364,161230.5197782673,75261.61381118771,76429.01502609198,135.13636337860953,32.65210073742492,20.116527697624406,59.303525829396676,-6.71269202566222e-05,-0.1386404839730799,96,69,95.91180579773211
10856,878.4181944732393,161278.2819182876,75268.75949544435,76423.1056079179,58.4505106061697,7.183570910274284,4.977065104205394,28.495923697279068,2.7970052036860997e-05,-0.143563217153949,96,69,95.9136484045359
10857,878.4216392286708,161277.05796976518,75268.50193829002,76427.9195168999,6.092159077466931,-0.0,-0.0,9.214361550082685,2.1986784892615968e-05,-0.1392394373657318,96,69,95.9155000320946
10858,878.4383726061712,161306.1920974342,75269.83267943593,76420.37954779615,-0.0,22.119618898024783,12.451021464687074,-0.0,-6.344548146597996e-05,-0.1416498184912738,96,69,95.91736058936443
10859,878.4409522867935,161305.71194080458,75279.48783750283,76455.54416147337,62.71173898893176,81.09618663492438,47.34738081172691,6.6640075350005645,8.039259679729683e-05,-0.1364481818681938,96,69,95.9192299846351
10860,878.458180979281,161252.11495028794,75277.48781222469,76444.0187601242,209.40328094852157,179.6655997182097,107.09853909196681,23.949447571998462,-6.628449032388014e-05,-0.1013802577580074,96,69,95.92110812553328
10861,878.4615861666776,161191.5385188317,75282.40434564503,76421.32271770774,446.27108326141024,313.23249267476785,188.93660292841378,56.50864895051927,2.657397856394684e-05,0.080036112367919,96,69,95.9229949190276
10862,878.4782595880336,161210.50806447622,75269.08408739365,76404.85811841516,763.2575100688846,470.7817587921454,286.1313605971518,96.71839007709059,2.339714016141256e-05,0.3035304510216116,96,69,95.92489027143176
10863,878.480878812296,161120.6976002368,75265.50758724094,76408.44552546462,1139.8868384360103,636.7328050064825,388.47063706663903,149.09900823939824,-6.43253803704186e-05,0.0481908754543031,96,69,95.92679408840932
10864,878.4981691068864,161112.67895060292,75273.5718753782,76437.30527671587,1542.7471229785006,794.1819433138735,485.1968352413678,204.2030457741639,8.04021703975753e-05,-0.4176265566778105,96,69,95.9287062749775
10865,878.5015254004464,160986.879483862,75242.59910963952,76375.66607587726,1939.0427626488963,928.8034577444923,566.8994473178172,267.46615280839615,-6.542015904651707e-05,-0.2300479912148012,96,69,95.93062673551115
10866,878.5181456882103,160955.89515678483,75245.41702735476,76413.19168644036,2294.593280753121,1030.6587800018024,627.5661016524828,328.6168500648055,2.516970437931824e-05,-0.0653391834470886,96,69,95.9325553737477
10867,878.5208129560989,160879.92588717255,75236.1421617482,76363.95532878875,2587.909866400005,1096.2641144635272,665.2209348888136,393.4169305466057,2.479890838337633e-05,-0.1330094519743686,96,69,95.9344920927903
10868,878.5381576871754,160818.4946923107,75238.96613787043,76366.25354130962,2802.7048669090145,1126.7274143557443,681.4237895088154,450.2628775816702,-6.518309601644451e-05,-0.1138082635899679,96,69,95.93643679511314
10869,878.5414568443084,160762.4174363696,75216.88410980598,76357.067806501,2938.9376629545004,1127.9691539659107,680.4590677150263,506.6565657966421,8.038468978919375e-05,-0.1257582110035344,96,69,95.9383893825652
10870,878.5580320515941,160714.76773489403,75193.32841937128,76371.12415170802,2998.8117593743955,1106.862769544081,667.3771880845161,551.6700273323222,-6.45342062320102e-05,-0.0917624055342421,96,69,95.94034975637472
10871,878.5607547515268,160659.41275125838,75217.75903057981,76349.05468888771,2996.457700140949,1071.8096520006366,647.393097416716,594.7775657660677,2.3757686465560136e-05,-0.1016118658006653,96,69,95.94231781715364
10872,878.5781455337851,160606.46717754038,75200.25967331471,76355.15498861704,2942.109688188357,1028.9916509320901,624.1649987052806,625.7353436369449,2.619154796400597e-05,-0.110195846366527,96,69,95.94429346490196
10873,878.581380600117,160580.52613445622,75222.02216363377,76328.45597559228,2854.5341591303586,984.5784864445013,600.5435658505739,657.0709445762914,-6.601847449790164e-05,-0.0904617506595917,96,69,95.9462765990122
10874,878.5979198021125,160602.2289275539,75213.09304785187,76307.7865493742,2744.432896610524,941.3625022409396,577.419286405755,679.1700157753658,8.034002070160504e-05,-0.0754038181249429,96,69,95.94826711827398
10875,878.6007040785533,160554.2566735531,75184.93242305976,76352.789007255,2628.8049557318445,902.2338809783978,555.4715739388776,704.5010732240044,-6.362709261308409e-05,-0.049648708763353,96,69,95.95026492087868
10876,878.6181314499297,160515.4890521946,75208.57252451075,76329.17260652877,2513.834057933069,866.9161037891317,534.072059091297,721.170685817604,2.2338302277440974e-05,-0.0465256538189355,96,69,95.95226990442345
10877,878.6212969799872,160500.67976690194,75222.50527965398,76302.79760111446,2411.229427838407,836.2513435925503,513.4405613531708,741.3422261043452,2.757458629440889e-05,-0.0545993114373631,96,69,95.95428196591656
10878,878.6378099851094,160463.13720571017,75198.11429342891,76323.76827248126,2319.781863629527,808.3433313746209,492.99805430308334,751.3367818525876,-6.683112424116568e-05,-0.0484537353972962,96,69,95.95630100178144
10879,878.6406607083421,160452.21245872503,75184.46138441909,76307.4317477516,2243.747048104182,783.1999709799129,473.50294375175145,762.5977921667218,8.026845197566394e-05,-0.0522153120903946,96,69,95.95832690786185
10880,878.6581142002245,160464.0677212775,75191.48529291345,76348.26829382875,2175.274996481894,758.5694748328388,454.85207174002426,761.191406612139,-6.269876568754748e-05,-0.0056854368717883,96,69,95.96035957942595
10881,878.6612065737017,160440.47452991325,75178.60244926519,76310.4492412364,2115.53264564235,735.1415006287134,438.276529229508,761.6711666983902,2.091244379171291e-05,0.0153298371376433,96,69,95.96239891117176
10882,878.6777034415248,160464.57946283658,75162.49944790023,76311.3133354178,2055.932012209436,711.7247375442821,423.62789309426444,751.7638175601023,2.894790711151716e-05,0.020976695453691,96,69,95.96444479723152
10883,878.6806244512159,160478.52612755971,75173.38013118728,76321.63655995151,1999.8649862558814,690.5096588862216,411.83836865538615,747.1686373038683,-6.762062596569327e-05,0.0149577033775855,96,69,95.96649713117633
10884,878.6980923343762,160461.99413347928,75166.58810230126,76267.65388108457,1942.693982160883,671.5307554568426,402.2020380142785,735.4526928283449,8.016988286213883e-05,0.0340403780590648,96,69,95.96855580602168
10885,878.7011105357723,160483.98299828294,75161.86041949372,76323.05508717985,1893.193516444997,657.8538095756812,395.3456831006333,733.2522362149612,-6.1750045851724e-05,0.0744852794326738,96,69,95.97062071423136
10886,878.7176003325511,160461.12425608613,75145.83667452616,76310.08070573896,1850.2993119970197,649.1897187826107,390.32229335891316,726.4661085043335,1.947976354459164e-05,0.0709078438679716,96,69,95.97269174772336
10887,878.7205958818664,160446.55400860496,75148.57389700096,76270.12975748668,1824.172892395116,647.5072947024164,387.8423387729272,729.653092955472,3.0310012295306e-05,0.0595091144611159,96,69,95.97476879787408
10888,878.7380630220581,160432.4183708757,75159.90774665006,76338.44179446352,1812.4881984182866,650.9515545405447,387.1426253026293,727.1226658051892,-6.838774339308641e-05,0.0974344010192339,96,69,95.9768517555236
10889,878.7410126894835,160460.00347489843,75142.34079981265,76306.47184237631,1822.5214150232496,660.3318396397663,389.2441084011516,734.4106714625959,8.004366734575619e-05,0.0829704975018992,96,69,95.9789405109806
10890,878.7574959594098,160412.91703839548,75179.37731610474,76332.06446456775,1846.6724667790695,672.8852778677683,393.27784044653527,735.4510278660746,-6.078132056872712e-05,0.0713046866132969,96,69,95.98103495402754
10891,878.7605859513328,160426.86267941067,75149.44759055169,76321.29490108213,1886.5160575592308,689.1277262758085,399.8810433468316,745.2042544855212,1.8041560948925943e-05,0.0479746447989974,96,69,95.9831349739256
10892,878.7779903498916,160439.0600788692,75137.45071469576,76322.2583842695,1929.9825261894148,706.3215251953225,407.59881994946045,747.3760328853095,3.1662192554996005e-05,0.0213270606355515,96,69,95.98524045941974
10893,878.780114750334,160385.42683043433,75154.39827143689,76296.64376487046,1976.9469392633764,725.1545017744065,416.73871123886784,758.2310295998759,-6.912974317663581e-05,0.0355266940356271,96,69,95.98735129874412
10894,878.7974705551454,160420.578795922,75131.79280929372,76311.98259715589,2014.4492933861911,742.1525001632399,425.52290326476214,758.897021646786,7.989262459607175e-05,0.0352853828681754,96,69,95.98946737962667
10895,878.800513894046,160334.4568149062,75137.58869202557,76313.91548118631,2044.4085076859337,757.1686333420657,434.3895020299242,765.3063204725913,-5.97905966384426e-05,0.0255444645371054,96,69,95.99158858929488
10896,878.8180222324631,160375.17058436328,75141.97527832302,76304.01963135289,2057.4270565602346,765.9739904849121,441.69917286769487,759.331295520562,1.6599399365747197e-05,-0.0052636982463293,96,69,95.99371481448084
10897,878.8207650880548,160390.61440402898,75185.86082601533,76316.39574183669,2058.9876007091952,768.3182534588123,447.7828389938222,757.7643204563356,3.300307876063758e-05,0.0360073101188351,96,69,95.99584594142624
10898,878.8373533939824,160364.51937611692,75153.44694554873,76308.50070457104,2042.5873314077035,760.8554601308133,450.51946204694104,743.7631658508617,-6.984971508502497e-05,0.0576499900919947,96,69,95.9979818558881
10899,878.8405092916823,160384.24636966758,75173.1616536318,76316.26924977776,2015.2018692699494,745.159670725232,449.67762170298374,734.6748222602473,7.971122659159306e-05,0.0264363152493056,96,69,96.00012244314355
10900,878.8579703714234,160387.18343997633,75179.34088503085,76308.93547896382,1971.543423937459,720.3401913311536,442.9941546879418,715.0886363207828,-5.8785227360109134e-05,0.0568200437352771,96,69,96.00226758799556
10901,878.860653795345,160455.84428526048,75151.40253257964,76318.26931404634,1919.7717168501695,690.4074125191692,430.9388601963001,703.8056164108566,1.5146891914249915e-05,0.0561425590908084,96,69,96.0044171747784
10902,878.8772763733668,160402.0176257626,75201.395105643,76326.73726806097,1855.1117656028364,655.9032210246078,412.59027503049583,684.166181015491,3.432752089453212e-05,0.0659786975147864,96,69,96.0065710873625
10903,878.8804937351302,160415.71124743557,75177.96544411626,76340.9110290591,1786.1728326593875,621.2250923488609,390.2666810496885,672.9098097812966,-7.05478561045256e-05,0.0680985604940006,96,69,96.00872920916044
10904,878.8979184582973,160429.75172460746,75152.64737683785,76321.246638601,1709.14487528248,586.4591176749818,364.8724327919772,652.8174244533584,7.950498032283867e-05,0.0494717507237101,96,69,96.01089142313197
10905,878.9005358796907,160446.86226034616,75191.32040083215,76313.81179552792,1633.277734079631,554.9403086068342,339.9212897863472,640.9456431904691,-5.775384798129633e-05,0.0623327934930862,96,69,96.0130576117898
10906,878.9172105713452,160449.2337725361,75204.72057854774,76329.3898089975,1554.172526336799,525.1502693371876,316.2727091074339,619.2926216144988,1.3701273285465052e-05,0.062666993037793,96,69,96.01522765720507
10907,878.9204763938205,160467.18115897165,75219.27105224479,76355.12960165709,1479.8598971954198,498.87099998285703,296.33528975149966,604.4913496027002,3.56537103535293e-05,0.0775592371604117,96,69,96.01740144101268
10908,878.9378614210194,160491.80324228207,75219.3697485512,76318.34592449857,1405.2204528103466,473.5289646019519,279.26507458937704,580.0449034244521,-7.120818020202813e-05,0.0696700049003382,96,69,96.019578844417
10909,878.9404150439821,160508.71693279504,75219.44883037505,76324.33608487542,1337.4582768572727,450.34920462781156,265.7322742776887,563.8810509022151,7.928131604767386e-05,0.0468705003174698,96,69,96.0217597481974
10910,878.9571547482277,160518.00949451388,75196.04374091863,76330.61863665046,1270.249925011245,426.518635552231,253.54320859210566,538.7785926993238,-5.6702887381947336e-05,0.0379075246631413,96,69,96.02394403271389
10911,878.9604567813833,160501.28128652164,75219.60030858085,76309.33669616438,1209.7364318213658,403.5182781270414,242.92121523310198,521.4536521061964,1.2240728795886758e-05,0.0464138172240333,96,69,96.02613157791276
10912,878.9777990039898,160594.1986778864,75207.19699070307,76342.23692341916,1149.5947807039483,379.37320006103255,232.16666572645772,495.21339975169394,3.694360004162536e-05,0.0590769864317357,96,69,96.02832226333231
10913,878.980292320917,160552.13136455682,75220.97739411467,76291.25947322586,1095.7908000932075,356.56516962623573,222.4236073307693,477.01867909295834,-7.187770211891457e-05,0.0528510475710011,96,69,96.0305159681086
10914,878.9971092792433,160555.09655661666,75208.92723505222,76351.79463688486,1041.484314803849,333.93468098827,212.6766414178419,449.4924997414637,7.899389176671383e-05,0.0615193690625021,96,69,96.03271257098056
10915,879.0004330428205,160607.50459240197,75210.96402242452,76326.15673360627,992.1808501839987,314.5375244619936,204.2836014300119,429.4134807352093,-5.566461442996552e-05,0.0450614167217778,96,69,96.0349119502968
10916,879.0177323250192,160589.35267645988,75243.7774872375,76348.69729418229,941.7196686234092,297.50673694256693,196.00601471640402,401.498651789414,1.076257885840795e-05,0.0538035427309053,96,69,96.03711398402022
10917,879.0201675384328,160641.6697385475,75208.5880694069,76330.88504033163,895.980337864894,285.4046885597636,188.6350485025323,383.55910400190623,3.82330371498057e-05,0.0523366114314594,96,69,96.0393185497348
10918,879.037075688832,160685.36586134738,75223.7371848853,76342.72239696383,848.8852477042819,276.09690295683686,180.3568488676683,359.59452759625856,-7.247754774554577e-05,0.0165756142170988,96,69,96.04152552465064
10919,879.0404017380697,160663.10191422526,75219.4828278369,76348.46923960396,806.0794064446818,270.59007111928076,171.84999433896155,345.89160686111427,7.875551473040835e-05,0.0108488546967787,96,69,96.04373478561033
10920,879.0576647975876,160676.32186558106,75217.07365562873,76328.05668731942,761.9088023685617,265.6314085408376,161.86154725105735,326.3033661903464,-5.451372474091358e-05,0.0291197386157943,96,69,96.0459462090944
10921,879.0600374635366,160672.51184843923,75215.01339454074,76332.25233561604,721.6639749403694,261.5716446752922,151.96426447169506,315.6278903185739,9.373943979967715e-06,0.0069577799421019,96,69,96.04815967122754
10922,879.0770600445666,160657.20176704714,75175.6800636296,76318.46019264072,679.3973172089318,255.185098279675,141.81475651313667,296.0262003731623,3.957176286852783e-05,0.008973289564328,96,69,96.05037504778448
10923,879.0803510113163,160713.37538904365,75212.98811217444,76322.52337972209,640.361394689302,247.50319040942122,133.6557524665841,281.6748319022008,-7.304760799397099e-05,0.0222308589051379,96,69,96.05259221419524
10924,879.0976209060443,160705.4404161325,75208.92603082712,76326.60163497757,599.733412464906,236.52749398478772,127.33122411047225,256.96058102094685,7.841679119407682e-05,0.0245532684238289,96,69,96.05481104555228
10925,879.1006842485983,160758.8928233956,75206.49030144984,76297.93355991894,562.7211508233449,224.1803146989405,124.32045214410755,236.75748845472117,-5.3503482932638906e-05,0.0315377279682501,96,69,96.05703141661522
10926,879.1170377973834,160777.00598185952,75229.10661272558,76327.38855836404,524.315621303278,209.07513958214258,122.98546054432518,207.1144176372909,7.757105403037271e-06,0.0133781536673048,96,69,96.05925320181792
10927,879.1202883618229,160788.38774561958,75191.34022264913,76289.44789978185,487.6848843150656,192.90949852677295,122.74417709992849,182.21022429360892,4.064579957727656e-05,0.0199923810006561,96,69,96.06147627527362
10928,879.1376141498811,160801.97086411595,75196.76614014144,76327.37782921645,446.11343081545783,173.76600668934407,120.17023017123574,148.9957972697739,-7.3804091259126e-05,0.0137804919465429,96,69,96.06370051078147
10929,879.1405503352402,160820.5428192591,75217.73606291437,76297.92559985441,400.9139928087825,152.50763394974638,113.71929435333004,122.23594559877529,7.795447680006898e-05,0.0054656419920159,96,69,96.06592578183252
10930,879.1569720726343,160834.82758939613,75211.8299585477,76302.68367005598,344.8341089586611,126.66293514931749,100.37250730747473,89.34732529424946,-5.239199280816836e-05,-0.0064299378473444,96,69,96.06815196161546
10931,879.160252575355,160900.55095195744,75174.59676367092,76327.07092796187,280.017656347889,97.37284476816421,80.61107418400934,64.24153646576451,6.440826308281758e-06,0.012795388403865,96,69,96.07037892302311
10932,879.1775860840006,160926.03319822537,75190.90080284243,76317.236047911,204.0098262691754,64.43086429829418,55.203856793930754,35.89952879521297,4.221336106760072e-05,0.0201353192270302,96,69,96.07260653865832
10933,879.1804232942337,160912.65183310304,75184.82526032561,76301.05113773988,126.26287194213364,33.00785252598871,29.329051574371988,18.94494694043533,-7.389920993219978e-05,-0.0081769524662528,96,69,96.07483468084024
10934,879.1969060112991,160918.6204426205,75212.2456889672,76307.3738027275,54.22322503570467,8.194464237196371,8.252435657166643,2.6682111352856737,7.808987737686336e-05,-0.0012086232426615,96,69,96.07706322161025
10935,879.2002252242751,160924.58123099923,75173.33417122881,76284.71215311532,6.874595477129333,-0.0,-0.0,-0.0,-5.083710445185741e-05,-0.0028238172534807,96,69,96.07929203273828
10936,879.2175460903445,160941.73508459984,75183.67126421448,76286.68746847851,-0.0,16.426974614849314,10.117555446689948,0.6028661943564657,5.161050275735313e-06,0.0113128837910493,96,69,96.08152098572891
10937,879.2202978466406,160902.05754061262,75179.3242071334,76279.7898906006,54.8070640033111,66.19250940019265,43.507149843964726,16.369600454636384,4.327205305582678e-05,-0.0020176539806038,96,69,96.0837499518277
10938,879.2368444374898,160866.88683826625,75191.64410463184,76286.84885072909,182.07127204100834,151.24633762714802,99.64796966302674,35.97242660020129,-7.503319067962919e-05,0.0776026562785527,96,69,96.08597880202716
10939,879.2402018997076,160846.29355793612,75185.73582125029,76280.31098785634,388.9328536898829,269.95089825485775,175.67820370796835,68.77101574486005,7.667912578519426e-05,0.311690417495483,96,69,96.08820740707328
10940,879.2574963988519,160820.71089251628,75179.05354008691,76297.90349046966,666.9225622236845,412.3932415419549,263.8317507043539,103.35042961817817,-5.095648987727178e-05,0.4174336739822152,96,69,96.09043563747166
10941,879.2601731878557,160774.05578953947,75176.50250662588,76261.65699091917,1000.8308978763525,566.1552777983306,356.06551645719446,147.85388869527378,2.450701241243096e-06,0.01027957656485,96,69,96.09266336349351
10942,879.276789059632,160704.2929420095,75195.820426893,76300.3939907386,1363.2809482521843,714.8913730275672,442.7892705727718,190.35828520476935,4.365068128996341e-05,-0.2732695929989665,96,69,96.09489045518242
10943,879.2801802752479,160658.8473471762,75168.87802145758,76284.47083344896,1726.5280982669792,845.4755385865865,517.5014383693924,237.7523517604859,-7.558809366119873e-05,0.0085514674979502,96,69,96.09711678236012
10944,879.2974377638931,160599.55622406674,75189.78047990087,76321.44579446147,2061.2115880734054,947.0100050777401,574.9960717758804,279.6605285325204,7.726963887931137e-05,0.0421168455516232,96,69,96.0993422146334
10945,879.3000499517476,160588.15880231943,75172.28921556895,76293.42325564224,2345.849574413325,1015.6352327754576,614.268286449922,323.5806103211653,-4.7644210820517896e-05,0.0043439137122179,96,69,96.1015666213999
10946,879.3167400275119,160537.73423105772,75206.6552014584,76354.5893205643,2564.8669680531602,1051.269950686561,635.469463179179,360.42585326041444,4.026886641948515e-06,0.0089602000870491,96,69,96.10378987185462
10947,879.3201595943463,160507.57059329317,75189.84573739664,76322.4324654844,2713.1228104836773,1059.4012129073526,641.6086147109309,397.7895130397519,4.82264244408271e-05,0.003911860715146,96,69,96.1060118349963
10948,879.3373689969701,160442.9422760417,75190.17268870695,76354.40600816005,2792.436595158186,1046.5267448264203,635.3908453573822,428.3857396297972,-7.322553448270041e-05,0.0374010294749126,96,69,96.10823237963407
10949,879.3399320786227,160430.0411718556,75193.9800085131,76324.59458093299,2811.623804509698,1020.6797243869223,620.7044663834822,459.7621622098086,7.811648791771828e-05,0.0315137921175327,96,69,96.1104513743931
10950,879.3566913253455,160405.99295178047,75192.72336313396,76308.53125930144,2783.3283678161097,987.7886191299476,600.178827047479,484.87949034842313,-4.761569716420536e-05,0.0448035784660412,96,69,96.11266868772178
10951,879.3601520209107,160359.9122424056,75164.85150149855,76339.2124169996,2721.732508056157,952.8974143332889,576.984073293861,510.37092509501963,-1.5429290448562423e-06,0.0387913537904991,96,69,96.11488418789774
10952,879.3772509997792,160354.73408210377,75159.3272024307,76304.75366072435,2641.2497640676447,918.419456169795,553.0561410639202,530.046816993854,4.2553622101284295e-05,0.0228055698817176,96,69,96.11709774303408
10953,879.3805562694952,160329.79862599113,75208.13877589919,76323.22265251706,2552.994123608747,885.8587979376025,530.6130926299084,549.728319124144,-8.224200091041348e-05,0.030562414166022,96,69,96.11930922108644
10954,879.3967707497629,160327.6236289769,75175.38100436196,76317.28220048155,2466.3562354792375,855.2890818930755,510.6546093801735,563.7364062327833,6.926759502830247e-05,0.0412133824323502,96,69,96.1215184898585
10955,879.4000398408509,160285.6759381253,75177.1930912743,76299.38118361434,2385.060619284748,826.6444304307224,494.05402441415936,577.0834412691183,-5.211208684819025e-05,0.0273831945963972,96,69,96.1237254170097
10956,879.4172775198754,160300.38865329188,75140.27595848191,76300.2474971458,2311.9483041208005,799.5464357745805,480.43431302095996,584.8995029391954,-3.4567320812563178e-06,0.0408186003290437,96,69,96.1259298700602
10957,879.4204114466992,160264.4281634823,75148.21227293678,76295.1405911088,2244.4805814170395,773.6570473658794,469.1270318852039,592.4779530266242,5.045086535732444e-05,0.0487248527022251,96,69,96.1281317163986
10958,879.4367083495412,160262.93439172136,75169.98482226014,76303.25225454276,2182.4784278725274,748.78985723386,458.6391174675082,596.0421586481098,-6.826730148152174e-05,0.0302019269011095,96,69,96.1303308232879
10959,879.4399899090051,160284.95253955593,75139.84715401352,76283.0315809886,2122.102760111331,724.610661140221,447.6437742165872,600.6112784033176,8.927760803960823e-05,0.0568336870024572,96,69,96.13252705787193
10960,879.457265375672,160265.66651932072,75137.10811264774,76290.52724426305,2064.827505587891,701.3977033031697,435.0528042168007,603.2381289356272,-2.8146057157107492e-05,0.0597937804550293,96,69,96.13472028718192
10961,879.4602836462118,160267.32302903823,75114.11419017086,76285.4848389389,2008.6008040548768,679.2014227859763,420.6346249777125,608.4082847408135,1.4244212691385628e-05,0.0549959755241808,96,69,96.13691037814336
10962,879.4766368630919,160260.2936576442,75144.84049965892,76285.75888832977,1957.958179139183,659.2181893641973,405.11736889963504,612.9587170950836,6.0411875754529965e-05,0.0620086679288704,96,69,96.13909719758176
10963,879.479955815287,160234.1041508213,75131.55275758791,76275.45848284023,1912.337056449789,642.1033997296618,389.91815620686975,619.805052650685,-7.63018701675553e-05,0.0606283689055668,96,69,96.14128061223018
10964,879.4972371685784,160249.17730726284,75143.22115674175,76288.6052231552,1877.2287063175463,629.6190937533102,377.0602100370161,625.6506954710057,6.127548879912265e-05,0.0494704073474844,96,69,96.1434604887347
10965,879.5001599516272,160216.9032189517,75145.49028646183,76265.45964204319,1850.6411222027964,622.0950853704708,368.1529891570972,632.6779618032742,-7.304165412628006e-05,0.0416532408814083,96,69,96.14563669366191
10966,879.5165659157813,160208.93570490018,75138.04502932423,76263.8212143517,1837.0814041571575,620.8347011060105,364.67471328371903,638.070840937522,-4.4973430661172486e-05,0.0452132154491347,96,69,96.147809093505
10967,879.5199303381976,160242.8585876458,75130.33924505873,76253.54100663666,1832.524971575418,625.0645472721517,366.79655105777783,643.7107713074074,4.949993099367006e-06,0.0229323505617677,96,69,96.14997755468988
10968,879.5371967340635,160217.8104032626,75138.17733147209,76276.70403119836,1840.3408828678075,635.1226941508503,374.4159336707671,647.6523583081143,-0.0001153112870193,-0.0193048809073133,96,69,96.15214194358288
10969,879.5400384118172,160229.3870199709,75140.14451300909,76249.55249551007,1854.6891322275042,648.885514613532,385.9450415400497,651.4426512319187,5.737386207392043e-05,-0.0709073241171093,96,69,96.1543021264964
10970,879.556497941995,160182.4023357414,75126.55590884681,76272.5842982434,1878.8560208500712,665.8406131323281,400.0879718180513,653.4176168338745,-2.6865324671534985e-05,-0.1203453450540224,96,69,96.15645796969562
10971,879.5599112002535,160206.6182942958,75144.91629625572,76261.32808738748,1905.9867280357867,682.8007450054429,414.3496512969432,654.3661055755219,5.022713179871074e-05,-0.1111661059727746,96,69,96.15860933940549
10972,879.577144116144,160229.78365994405,75195.58265505437,76286.55596218421,1938.4602532934514,698.7007370949286,427.2620959201013,653.0071417274303,0.0001440826418498,-0.1177483185362531,96,69,96.16075610181706
10973,879.5799206394208,160205.94346947508,75163.20702450705,76284.48070880889,1966.9763255544822,709.8972169968765,436.4847518065653,649.7966219756636,3.779760153603294e-05,-0.1195777569056941,96,69,96.16289812309364
10974,879.5964316543498,160217.50922070458,75144.35953108403,76285.68501587353,1993.0446058494272,716.0407975290145,441.47807965043467,644.335916078795,0.0001864660411114,-0.1460687926984531,96,69,96.16503526937836
10975,879.5999002214271,160209.08078452875,75181.32093099087,76256.66615112353,2006.2851505894796,714.4798842781747,440.93992030862137,637.2902920221386,3.45566532739991e-05,-0.1487843023058541,96,69,96.16716740679998
10976,879.6170740137742,160248.85020263292,75175.1639659865,76308.71476450372,2008.870006014593,706.4696870276384,435.63531261796015,629.3419370285992,-1.7113606260501492e-06,-0.1131213610164167,96,69,96.16929440147985
10977,879.619816596885,160224.2012531349,75187.78065236847,76279.26815728884,1991.584604240954,690.6439329989371,425.2105798673874,621.0493515293056,-3.903310092318821e-05,-0.1220068713364913,96,69,96.1714161195382
10978,879.6363513721121,160283.61729187137,75180.51886000653,76301.86438227164,1960.7040531245875,669.9059150224493,411.42855327026336,613.5021358536324,-0.0002726741115417,-0.141905269528858,96,69,96.17353242710138
10979,879.6399276488468,160244.12846563215,75184.48341413285,76287.35690011363,1910.713053776708,643.7678976979369,394.3368051129801,606.346430336911,-0.0002032501885682,-0.1477347694242396,96,69,96.17564319030772
10980,879.6569059797773,160277.1519084178,75168.20883369808,76277.83089628557,1851.5473403180367,615.7213884205121,375.8636254227895,600.1315345633484,-0.0003463733862857,-0.1426987820816415,96,69,96.17774827531456
10981,879.6603861635933,160260.10110304895,75185.00296282483,76293.14249626127,1779.6500942155835,585.1561029675358,355.73144825396594,593.1763764735078,-0.0002652744633617,-0.1480759164286201,96,69,96.179847548305
10982,879.6765448879572,160283.90311125966,75193.41152435576,76284.68823375957,1706.3454417467,555.5126950865088,335.65085613777046,585.8398271491169,-6.300626942888625e-05,-0.1967206088043978,96,69,96.18194087549408
10983,879.6797702261607,160276.66354815842,75175.78364416247,76289.53731982123,1627.2567630695994,525.6424984730256,314.9919427926652,576.103853593755,2.714119433566763e-05,-0.2124781743174304,96,69,96.18402812313585
10984,879.6969591995875,160317.7568388619,75179.06409476548,76274.12580760379,1552.6316615497344,498.67664437860367,295.5472052268451,565.2637786843989,0.0004452824219531,-0.1782796656426915,96,69,96.18610915752976
10985,879.7002360601289,160316.80642760804,75145.60369462335,76278.8405456692,1474.7463595799054,472.37764653292834,276.57996919366997,551.520289059612,0.0005839404499763,-0.1929963143091872,96,69,96.18818384502713
10986,879.7164840166769,160331.13399223602,75168.71454675894,76300.36304547744,1402.568499640678,449.34161402177415,260.1657783081755,537.3185270772956,0.0007682804554553,-0.1956352361097418,96,69,96.19025205203828
10987,879.719706717862,160351.2092448124,75157.6942180432,76262.92260305976,1327.5102297371486,426.59533981754794,245.4376561860845,521.1917077245016,0.0008151132341105,-0.1905358273567055,96,69,96.19231364503833
10988,879.7369603087698,160363.97099155086,75164.75455187587,76249.2289591804,1259.0851247003302,406.436199845979,234.0863186425995,506.08981582528213,0.0004378275717338,-0.2083139787075526,96,69,96.19436849057492
10989,879.740110127315,160390.83092216513,75152.56182337328,76269.7108617693,1187.9289536359138,385.22177581398864,224.05711659189546,489.6253387698089,0.0001113698185166,-0.2240685732199772,96,69,96.19641645527378
10990,879.7564078646819,160406.52947343845,75203.65884832297,76270.55705608155,1124.6462363729952,365.6826011205121,216.18475288542686,474.4932191411208,-0.0006494525126885,-0.2342753794237088,96,69,96.19845740584609
10991,879.7596637032083,160415.43667462465,75168.09738640723,76289.25696460377,1060.2416669360828,344.78507776302285,207.75525647771428,457.5026877274795,-0.001318758478038,-0.2219024245834295,96,69,96.20049120909458
10992,879.7769439618966,160438.94099736313,75171.16950227825,76292.34262593962,1005.6754142026766,326.3107354756212,199.79244187200675,441.15588232825394,-0.0018059101221984,-0.2298850970587256,96,69,96.20251773192048
10993,879.779988500428,160431.4624179055,75174.94183374575,76266.27489428023,950.2403005286469,307.4545753640559,190.05797635333147,421.46272785787005,-0.0021438139595345,-0.2244184829257434,96,69,96.2045368413301
10994,879.7963305485101,160504.99423019,75184.11997489071,76276.18440965404,905.0291825611494,292.47159941082646,180.9248631800874,401.5473654384259,-0.0016679199704989,-0.2176213326976449,96,69,96.20654840444118
10995,879.7996310887005,160512.19464125557,75180.60473771855,76304.33874130208,858.7877933665295,278.0095976814191,171.25001087033888,377.9489647204755,-0.0008347736634555,-0.2438628937640767,96,69,96.20855228848984
10996,879.8169160872383,160520.80729646463,75206.29221485493,76298.36799036276,822.0588614840526,267.29386777929903,164.1073151548917,354.7754080663726,0.0006819054865253,-0.2695203966245224,96,69,96.21054836083692
10997,879.8198671901372,160549.8956484968,75177.835469687,76280.45478430165,781.3124763653032,255.09692647331394,157.85953448625514,328.639124203095,0.0025516483620576,-0.2668380946593682,96,69,96.21253648897476
10998,879.8362564946472,160575.19695884446,75155.26327473581,76290.21548320702,747.3694723579101,244.1447256354586,154.9132600055891,304.6036979203345,0.0041066432686143,-0.2814735558224094,96,69,96.21451654053364
10999,879.8396048741563,160635.03041254426,75151.92496436057,76277.63398518623,706.938568966114,229.41122928347613,152.39827351435088,279.5240666604368,0.0053101539314759,-0.2866291884013447,96,69,96.21648838328856
11000,879.8568785430598,160611.76599949214,75180.21642017,76314.32560059329,671.7084598670481,214.9877614826546,151.68827791206422,258.44662168380455,0.0050994261020506,-0.2634352969104757,96,69,96.21845188516568
11001,879.8597452777146,160679.85483478854,75167.39342574087,76283.482425574,628.179055591987,197.15556469376315,148.94364321880857,237.00783306607627,0.0034931571096499,-0.2521118377219544,96,69,96.22040691424884
11002,879.8761878032939,160673.3267724928,75174.61743715854,76296.41655246235,590.5908172679483,182.11978449534217,145.8153106715472,219.86357845723978,0.000370341974759,-0.2946633655073725,96,69,96.22235333878618
11003,879.8795826015809,160685.38635466548,75184.61462398172,76309.94550602895,547.0664459644468,166.94225615568575,139.04295602370985,201.79671827540733,-0.0041336378130616,-0.3139812326653552,96,69,96.22429102719708
11004,879.8968321185582,160699.98251162472,75169.48364655965,76256.12756623176,512.3874605177552,157.17066009131668,131.12965857982635,186.77758344163885,-0.0086532669547416,-0.2990060063460842,96,69,96.22621984807786
11005,879.8996228571127,160733.86399020228,75189.80342878184,76278.1379068844,472.0650278769899,147.10666727335774,119.07044502685312,168.52658613323,-0.0124715558431085,-0.3043335848273909,96,69,96.22813967020944
11006,879.9161256691682,160771.42406770054,75171.45377524747,76273.65720823336,438.9840283882222,139.79512606088247,105.87949108786415,151.44055168543127,-0.0138067721680215,-0.3097448274987464,96,69,96.23005036256298
11007,879.919562343692,160783.159557397,75154.4099499233,76305.24514574997,394.64057615445927,126.95177393835911,88.4993013033527,129.59600943655823,-0.0115253728662411,-0.3260361691919711,96,69,96.23195179430664
11008,879.9367773112214,160796.60475255636,75165.46098364798,76287.0937828544,348.3979707690887,110.73028156471264,70.08535017960821,108.02545681697666,-0.005326601066381,-0.3108270388243871,96,69,96.23384383481252
11009,879.9395004266445,160833.20269877996,75132.77239970842,76257.83077573459,280.338603789045,84.09459508284635,48.01154010227765,81.3612069664814,0.0048408957598228,-0.3053400007524953,96,69,96.2357263536628
11010,879.9560708265128,160836.48076132487,75136.94788381892,76257.31813094976,206.70561578450724,54.60459428477043,27.574397154996404,56.81443620764185,0.0167503539319603,-0.320001913786431,96,69,96.2375992206562
11011,879.9595423720461,160889.32485376255,75158.92544241343,76265.00260830353,119.05659295822261,22.342437875515316,8.823858960648067,31.010275554290274,0.0278924810598965,-0.3174248002298775,96,69,96.2394623058148
11012,879.9767146209621,160885.92759833045,75133.67703509971,76274.45351571708,48.473290784750134,2.423474669092684,-0.0,12.798309193371097,0.0345686903987859,-0.3137747465678438,96,69,96.24131547939008
11013,879.979378623374,160919.22369727865,75144.84358361948,76295.80437162558,-0.0,-0.0,2.9604912994254846,-0.6538060804305132,0.0328859278109445,-0.2023276262962652,96,69,96.2431586118702
11014,879.9960237497128,160961.26260042115,75151.17931344641,76264.94571720515,15.858548805990722,32.12694141133397,26.60190667817369,-0.0,0.0208314866373429,0.0462927617902178,96,69,96.24499157398532
11015,879.9995210051673,160928.52899487148,75138.71554427533,76268.34057935687,101.04832897777669,99.44705865182914,70.3278923149046,10.545859553909395,-0.0023868196357473,0.055726665315029,96,69,96.24681423671514
11016,880.0166447124736,160879.16679894377,75182.46930469571,76268.19701309831,285.3825259138248,208.87580329051707,137.83017684621154,37.61084536113776,-0.0334473036791959,-0.4546061954665846,96,69,96.2486264712948
11017,880.0192580450373,160846.4866532772,75138.86848340783,76269.07911408301,550.1933863273007,347.10455677236314,221.18269536600565,73.656913107523,-0.065753841066638,-0.5875761699273632,96,69,96.25042814922142
11018,880.0359848027152,160793.37311351032,75144.22048889923,76247.2288329897,898.6834071475314,508.3225180962618,317.29276702119387,123.41183095666929,-0.0895668609989991,-0.3187745286211766,96,69,96.25221914226054
11019,880.0394964834228,160730.9781609211,75118.93176903354,76267.91767976627,1284.9930075986194,669.4706575469754,412.7680890377669,177.6084779163939,-0.0921406963613652,-0.3703946355646763,96,69,96.2539993224526
11020,880.0565685733038,160721.7614563644,75139.61837779765,76257.996785289,1692.1201150944107,821.0338628807804,502.2920229352603,239.65341682333383,-0.0615034365825784,-0.3956952225768434,96,69,96.25576856211931
11021,880.0591390456188,160678.30095413027,75143.96874459725,76253.27350581028,2066.036867807794,942.9518189266528,574.0445299472194,299.50078454834875,0.0130639348566534,-0.3695504879552049,96,69,96.25752673386992
11022,880.075954448815,160583.9835269453,75128.11149370998,76244.38485185674,2397.1510574615095,1035.18322173685,628.2433303171711,361.1043164175644,0.1374184055374801,-0.3566698568757261,96,69,96.2592737106077
11023,880.0794667516249,160528.83430564398,75116.80066940322,76261.21109056036,2647.3145940441755,1088.9189194478822,659.797719729002,414.6896272066224,0.3109975676342276,-0.3372458540174113,96,69,96.26100936553648
11024,880.0964878045273,160446.01471006538,75126.2156770697,76260.8146850023,2826.9884909241227,1114.4394692888745,675.1688329501922,464.5880379009759,0.5273298042134815,-0.3379948482988376,96,69,96.26273357216674
11025,880.0990213355741,160455.36232374847,75094.7568004228,76286.25677612462,2918.4170827992493,1110.4047040737205,673.6057386736211,502.34088983782567,0.7729801030884706,-0.3311696289583904,96,69,96.264446204322
11026,880.1159337438104,160433.66664916664,75138.1662971156,76264.33118631152,2950.935312920483,1091.682098703197,663.9340193987737,535.078012488404,1.031430018153067,-0.3545138589621566,96,69,96.2661471361454
11027,880.1194288398779,160398.41512659987,75114.21661457664,76259.05283164527,2918.477106358332,1057.339741043499,645.0806353551161,556.6886541114654,1.2844777785777644,-0.3486585008497033,96,69,96.26783624210546
11028,880.1364054906962,160380.7794476218,75139.64994637415,76258.74431939669,2855.685465870716,1020.0760003215546,624.1519979930308,575.775623409223,1.514984669703319,-0.3138347726079284,96,69,96.2695133970031
11029,880.1389027132831,160372.10247022205,75138.03133172827,76284.10283068292,2758.404591752391,976.2438813431945,598.3644727292412,587.2373191629886,1.7100355196880668,-0.3202330237737288,96,69,96.27117847597728
11030,880.1559261775576,160380.25295826228,75135.3749616527,76271.9077945303,2661.7701171489316,936.776041560006,574.0967112175422,600.3116532785643,1.8602337467539365,-0.3153195100534814,96,69,96.27283135451168
11031,880.159376065178,160370.77056685675,75169.14585211857,76293.85031157755,2557.573337481532,896.0084982403496,547.8712395506736,608.9234596494061,1.9618428477807603,-0.2971270018968887,96,69,96.27447190844072
11032,880.1763308287274,160339.4759322227,75142.44166094289,76298.70989531543,2473.393059341528,862.8389027914527,525.3714232383645,620.3145103662682,2.015163281502131,-0.2869721086503258,96,69,96.27610001395573
11033,880.1787706438009,160342.86164022004,75120.65140906023,76288.32000848517,2392.9319401124376,830.1070681405254,502.57902705000015,626.9900467851548,2.023895124105997,-0.2975696770116904,96,69,96.27771554761176
11034,880.1959555091263,160341.92663544428,75141.15218705047,76282.78143574727,2336.4828817027155,805.787153123325,484.8378854600014,635.8145762138593,1.9955670212996452,-0.2984235639626411,96,69,96.27931838633258
11035,880.1992435878938,160332.0552038555,75150.94553308567,76257.77341779479,2279.462687106512,781.0604552369623,467.17136358696735,638.951934165525,1.9390779150112656,-0.29485509226635,96,69,96.28090840741837
11036,880.2154746858967,160344.75211293067,75179.73218949178,76283.15813341174,2235.252417136857,762.1751503490668,453.7964922832034,643.0611572823836,1.866019513543172,-0.2664184186374335,96,69,96.28248548855044
11037,880.218718904764,160337.22968895742,75149.28666354927,76290.68671653703,2180.0680423087324,740.8171152260038,439.7787826208805,642.0601456575387,1.7887621907655873,-0.2555675748522663,96,69,96.28404950779868
11038,880.2359470679155,160354.27192131476,75151.71439432353,76264.46733652784,2130.113857271732,723.8282086516119,429.3122393365484,643.5633580967551,1.7194407629112345,-0.2399571313377045,96,69,96.28560034362653
11039,880.2391257121099,160355.52245334454,75144.50240341196,76266.11960909428,2066.086381769099,703.5580977848294,417.4393504016043,641.7077147762757,1.6697626142676352,-0.2628795489137638,96,69,96.28713787489782
11040,880.2553915533501,160354.04073956766,75136.64389310278,76268.17888080569,2010.815781967016,688.1689804246271,408.91662459101644,644.297716744768,1.6476522831830025,-0.2666155491405861,96,69,96.28866198088244
11041,880.2586820720975,160331.8063272249,75129.3643377125,76250.61206347868,1951.8531014348264,671.656271025684,399.8159871896496,645.8548042412731,1.657831929695981,-0.2281348927070542,96,69,96.29017254126286
11042,880.2759251490112,160335.4188183672,75135.8517651555,76288.80639402532,1913.7731076450436,662.5404587900703,395.42222581023816,653.3383280647104,1.6998692397623518,-0.274337926111263,96,69,96.29166943614004
11043,880.27900918307,160342.57840740084,75145.64989368977,76293.18471533748,1881.528092316701,654.353139389772,391.88902223622426,659.9049226773495,1.768090641542286,-0.3315420753667323,96,69,96.29315254603884
11044,880.2953095044245,160349.58605675076,75110.55142838889,76267.64147698134,1875.4246753702173,655.1973050544766,394.47080686385743,671.3628858856391,1.853450511661071,-0.3641723231055813,96,69,96.29462175191486
11045,880.298653911862,160329.09656973204,75120.17793337113,76282.82270671692,1876.6741040833876,658.5099315720145,399.1250393000373,680.4115462905611,1.9429282953479952,-0.3965032626624651,96,69,96.2960769351602
11046,880.3158930370471,160341.86219800072,75133.07453704062,76276.61772890137,1900.1005342730205,671.1214528599958,409.85087378908065,691.7358692287235,2.02300070877498,-0.3962769975276978,96,69,96.29751797760883
11047,880.3188919399154,160308.3468163941,75121.47234682152,76291.55643450799,1923.027819727955,684.9555057992548,420.99003316360177,697.5748643108236,2.080146933289323,-0.4065892516389686,96,69,96.29894476154364
11048,880.335231508229,160254.18836176832,75142.98204487913,76261.84797553493,1959.2402319338871,705.6117754680163,435.2500744506542,703.3523853819352,2.102255769527644,-0.4248272698295859,96,69,96.30035716970116
11049,880.3386315561687,160304.77277144714,75151.7441192471,76275.43124490681,1987.9879896107013,724.4413268889766,446.51439784720424,703.5005894966598,2.0810517846851404,-0.4345047896673,96,69,96.30175508527844
11050,880.3558516889004,160341.50871564486,75136.91587600629,76281.09115220788,2022.8948394986219,745.6115388823819,457.14532392832916,704.8127107825712,2.0111877766461905,-0.4065082751630718,96,69,96.30313839193818
11051,880.3587737978945,160322.21503146196,75148.78875520504,76290.54616339237,2043.4948865858023,759.6735994356277,461.54550180523074,702.8212324733904,1.8928927123346924,-0.3922737397188096,96,69,96.30450697381534
11052,880.3751590543495,160350.18098177033,75166.67957389686,76284.73920970246,2064.0998214542633,770.9506845292635,463.321289691783,704.5057535893866,1.7314218430750272,-0.383430207485649,96,69,96.30586071552192
11053,880.3786130657304,160298.64718081706,75146.14868349726,76279.87550867273,2066.2009525562753,771.5720182855148,458.58926662642625,705.0133944432309,1.5371243989287948,-0.3708209765362581,96,69,96.30719950215408
11054,880.3958014437295,160330.07838999535,75147.02835375511,76306.74827603497,2063.0840192514006,766.9341218367481,451.67988087495905,709.0103828394494,1.3262526677283402,-0.3708547939470212,96,69,96.30852321929684
11055,880.3986552498975,160298.21103809614,75138.36277988263,76269.93918162736,2036.537733449135,750.9450273619295,439.18315061359317,709.8028277298145,1.117882886566352,-0.37752131465636,96,69,96.3098317530302
11056,880.4150929762454,160326.8939909562,75111.83231708182,76264.62655147568,2001.2576858849498,730.7246937268355,425.61049321643077,711.004782652366,0.9338241817970196,-0.3461391958733141,96,69,96.31112498993504
11057,880.4185968473425,160302.53884519998,75153.75868242096,76263.5180181966,1942.9985228391597,702.0107542121405,407.9465678577835,706.576742725214,0.7950271174627545,-0.3441247268091553,96,69,96.31240281709864
11058,880.4357424834202,160341.72580968446,75172.66868415325,76279.90835950557,1878.2088722303743,671.9048556274065,390.45193954455317,700.512365243776,0.7186943630348875,-0.3661432216062517,96,69,96.31366512212033
11059,880.4385370987717,160366.29663490131,75138.2921098251,76253.67246735022,1796.0590364411473,636.2562844208878,370.39053682464873,688.2910402917478,0.7170153449470014,-0.3403516731642042,96,69,96.31491179311742
11060,880.455033708372,160381.45055925412,75126.98098033227,76250.63089874113,1715.4765186331933,601.8855787312641,352.312674596993,675.2412523392995,0.793433996094647,-0.3307399217034755,96,69,96.31614271873042
11061,880.4585814732338,160354.4812556697,75150.76055002982,76277.2214161309,1627.969855912379,564.8177198610356,333.8747047128563,658.3386554468307,0.943760288223105,-0.346893829870506,96,69,96.317357788129
11062,880.4756750008953,160402.87622609173,75145.90901021693,76258.87075254002,1549.7742375991656,530.7314606057334,318.78451072247117,642.532680201024,1.15571163223352,-0.3316131565212173,96,69,96.31855689101728
11063,880.4784203003956,160411.59763450103,75154.34242561174,76262.42671280201,1470.2140458622016,495.42075228538306,303.88180198014015,624.6870651388308,1.410580829194433,-0.3318021297238269,96,69,96.31973991763962
11064,880.4949813889571,160445.3057661566,75153.36646329332,76247.86442131746,1402.077353866247,464.2217776755715,291.7095559902955,608.9160037150141,1.6873385591784449,-0.3098738561402917,96,69,96.3209067587862
11065,880.4985656211987,160456.27618184296,75141.62635309923,76263.03117581482,1333.026737781358,433.4177195660741,278.49480993050383,591.6927628083213,1.964029850845873,-0.2788616372346266,96,69,96.32205730579795
11066,880.5155992719145,160489.1772455779,75140.16308269785,76265.12715883076,1272.0327591777314,407.62569105951115,265.94988132675644,575.504301935609,2.2228266428447503,-0.2914001874735583,96,69,96.32319145057292
11067,880.518305878704,160478.09808776833,75124.21547025067,76270.57808432459,1206.81207580911,383.3194327424717,250.82791754303616,556.4646337264276,2.45155340611861,-0.3074827395935784,96,69,96.324309085571
11068,880.5349359097099,160511.60178487253,75115.91501641215,76281.45593138925,1146.707272554806,364.5153031400405,235.75321398829692,536.6769870634889,2.6447638832042983,-0.2658635643380928,96,69,96.32541010381942
11069,880.5385480602598,160517.87001336247,75157.89659655912,76246.67923472941,1082.385916750296,347.4402511387452,219.06471027203952,513.1732185793517,2.8047421325521937,-0.2692830697707927,96,69,96.32649439891844
11070,880.5555156861582,160576.8080050908,75156.23782936783,76257.78659831507,1023.0716762059601,334.3505569376721,203.96435026390827,488.1994604381616,2.937635193483751,-0.2380608814533968,96,69,96.3275618650467
11071,880.5581948709056,160601.72780088923,75163.54155103616,76251.69010000743,961.3543712234823,320.9657697373623,189.4546105269983,460.21704657611554,3.0520512252018346,-0.2438531912901637,96,69,96.328612396966
11072,880.5748969449708,160631.19498328108,75147.42714463918,76274.20774367728,905.642458573333,308.77382072329056,178.27848632112728,431.99088183260756,3.154325697420304,-0.2699496328567188,96,69,96.3296458900274
11073,880.5785276560457,160637.28152570096,75114.44225075103,76243.59775316784,848.7790607744246,294.2571170354495,168.88274835268385,402.91706691516447,3.244902742699715,-0.2449791605197417,96,69,96.33066224017595
11074,880.5954247574219,160681.04920521931,75144.03967883518,76255.96280367165,796.2479382022866,279.0844614375237,162.43555867503164,375.03652277903166,3.3176402786818064,-0.2499733915121308,96,69,96.33166134395567
11075,880.598088287948,160702.87707336937,75121.36703482621,76286.97597615313,741.6850210976554,261.58450648393773,156.67288143999758,347.8784261085384,3.357912868047934,-0.2695366837030071,96,69,96.33264309851576
11076,880.6148639724371,160749.977645387,75186.58724264601,76238.67501377928,690.2682599877007,244.28255463285313,151.88629428306012,322.4535801146412,3.3467869709388105,-0.2767698601343002,96,69,96.33360740161469
11077,880.6185033855271,160755.57959489376,75134.63689185603,76274.90564065479,638.4138327860273,226.89417185791535,145.98675525959698,298.1513377451338,3.2644698332966056,-0.2593740955842602,96,69,96.33455415162594
11078,880.6353271208861,160768.46247003265,75149.15640241874,76231.34857991998,591.088453070377,211.35390488510893,139.10924553329824,274.71480602156953,3.095454204120357,-0.2656773188780397,96,69,96.335483247543
11079,880.6379870845329,160802.9652273939,75129.88436347594,76219.58264910753,546.612891221419,197.26795908392523,130.0374707316514,251.6680351048126,2.8349351082777514,-0.2642010940678361,96,69,96.33639458898428
11080,880.6548362903167,160833.4261705964,75111.44806928866,76233.57809525024,507.25657849299023,184.50130846662796,119.09209253761219,227.89109476321028,2.4900751457473644,-0.2497143531719041,96,69,96.33728807619876
11081,880.6584743565838,160850.4404778805,75105.77513492623,76215.29230735412,469.4132701434428,171.30315798637457,105.753949882288,203.3475165744312,2.082044495303143,-0.2473898044118839,96,69,96.3381636100696
11082,880.6752235207958,160903.6204478335,75126.47541951452,76242.49556042757,429.5416768632713,155.09499474948097,90.11907880564104,176.39848907658597,1.6420942259315237,-0.1468951795942831,96,69,96.33902109212129
11083,880.6778921368436,160900.71670583787,75117.6577712106,76220.14724419871,382.27866014058236,134.01267967275635,72.25502272756421,148.08364019420696,1.205523961302326,0.1234299074383129,96,69,96.33986042452236
11084,880.6948130323589,160936.0553463513,75137.46654453375,76242.57982249568,321.87634891818743,105.80107513273833,52.346774195408216,116.929665150441,0.8060788364888727,0.1993708172429992,96,69,96.34068151009204
11085,880.6984398306525,160964.17790865878,75123.26808484399,76236.53189356758,248.33705783769256,72.72082099407271,32.067152638337575,85.98315669092699,0.4676299227459828,-0.3177757295006799,96,69,96.34148425230374
11086,880.7151147896077,160976.8015689316,75107.14743719884,76202.36813610101,163.35758277174318,37.69536433331086,13.388090857915813,54.9533484208805,0.2019984549914027,-0.5033582608455043,96,69,96.34226855529135
11087,880.7178042282765,161013.88875421576,75128.47766719759,76229.76902759934,81.75564087473322,10.710519289845251,1.288271445024293,29.27405303445994,0.0077599959058223,-0.1936006739858581,96,69,96.34303432385258
11088,880.7347931801576,161076.53261145728,75132.7109167943,76220.255515773,17.817371431330685,-0.0,-0.0,8.90048000853858,-0.1266746037633954,-0.2053062166789183,96,69,96.34378146345506
11089,880.7383992487809,161045.01978389846,75138.55990377844,76235.54185992263,-0.0,19.23789011655026,16.407446297438582,-0.0,-0.2154146669255254,-0.1806545285307405,96,69,96.34450988024014
11090,880.7550018176911,161080.78222670578,75142.76318826788,76235.60309899076,45.98214205214754,73.83598695859837,53.436442852107575,0.8250654428557027,-0.2697807696739179,-0.1479022781618958,96,69,96.34521948102784
11091,880.7577240454253,161016.5700569583,75117.86970842199,76264.29460259041,180.1922457208857,170.12205719923077,114.4595090347575,16.129563632130157,-0.2903454340130982,-0.1878982329974249,96,69,96.34591017332204
11092,880.774775569782,160992.27359704094,75148.77083852484,76244.97235346281,401.16946918249596,300.0237862151116,195.310080792784,40.84459810348926,-0.2644052758317363,-0.1450887397388959,96,69,96.34658186531456
11093,880.7783522638723,160946.5638776948,75114.22838291443,76267.65682708641,709.8549096361967,456.79235524724936,292.12091258587316,78.5146601498709,-0.1669087207899417,-0.1568251704591377,96,69,96.34723446588966
11094,880.7948855099578,160926.81559523643,75101.57657375203,76217.34235303587,1075.3835570658557,620.5008088661853,393.5803541354835,122.34860524421674,0.0365026888827428,-0.1741808716199588,96,69,96.34786788462937
11095,880.7976521898814,160877.76596647018,75095.1015637777,76214.09578300163,1475.5872545585153,779.1782581739244,492.05555846434436,175.7688931755547,0.3801542398478467,-0.1385387552484033,96,69,96.34848203181711
11096,880.8147588858296,160811.51061885234,75120.74552966953,76250.20221765769,1862.7622305204277,913.2350613633753,575.502940606646,230.69173088035313,0.8916072196425019,-0.1346153461264418,96,69,96.34907681844282
11097,880.8182987869237,160750.35773739935,75102.28709978462,76195.71597132289,2215.2107979326975,1019.0268424367096,640.466835698142,291.1362107456953,1.5834674654942735,-0.1272721155948826,96,69,96.3496521562073
11098,880.8347667197608,160672.3706769735,75078.48963183805,76188.95692711968,2495.57469638373,1087.6484369092796,681.0655476432876,348.405138894479,2.448506038639404,-0.1109538606140647,96,69,96.35020795752656
11099,880.8375892189144,160648.27564382856,75063.66432689627,76178.77562989175,2702.9377282748464,1126.8748017561884,701.2131884083356,406.64035308817984,3.460664554127375,-0.1289284612348609,96,69,96.35074413553606
11100,880.8547416261422,160566.18675498434,75063.17762417068,76191.35531915982,2820.868599120644,1135.3020660923648,700.6494320602651,456.22126817307435,4.57668002468437,-0.1121059793334381,96,69,96.35126060409536
11101,880.8582390676031,160527.63901825025,75054.76342346828,76171.11551470612,2871.508883518167,1126.0643444103043,687.7807669247995,502.7877435820992,5.7444604052586286,-0.0813493044716999,96,69,96.35175727779234
11102,880.8746461341079,160458.13053953997,75054.3979659837,76180.3756528224,2853.248842701665,1098.4136594840384,663.7402129536058,537.6910637498368,6.910422699532245,-0.0797297601275611,96,69,96.35223407194732
11103,880.8775357496869,160468.21758947163,75058.04325587409,76194.9630724706,2797.0923446738743,1064.1301270497643,636.5140526127361,568.4387681794469,8.026719289592624,-0.0629771960902312,96,69,96.35269090261744
11104,880.8947219914512,160432.1506464188,75071.07496813266,76224.67355340358,2701.6803091140464,1019.3435116958863,605.0327741288056,587.2277338888962,9.058373091435753,-0.0473510973684574,96,69,96.35312768660091
11105,880.8981738690558,160412.15902398675,75052.72978767654,76181.59212964396,2598.1762037699227,974.7981483197073,575.7572546105948,603.9855021059338,9.983966056317184,-0.0619139065079694,96,69,96.35354434144104
11106,880.9145240298049,160410.1428008032,75055.61034108016,76194.1454622216,2480.6423108591116,925.2926213176106,545.7407243606867,611.4921362880268,10.796797036570714,-0.0524028373502315,96,69,96.35394078543064
11107,880.9174927380448,160395.43364951364,75079.78508399132,76188.44987846572,2375.084350179939,880.737703457009,520.0551878444967,619.7109942999377,11.500960913124985,-0.0094891966970985,96,69,96.35431693761548
11108,880.93469754439,160393.58565330558,75060.44349480545,76197.10073084162,2268.1969666760997,834.326371802541,494.26292891806224,620.0239158722688,12.106019974878066,-0.0136942533813888,96,69,96.35467271779918
11109,880.9381049581901,160347.14306272514,75038.67323078503,76174.38775853736,2182.1782948303153,795.560005176012,473.00948005288956,622.6822126190236,12.623209547072166,-0.0244666766346115,96,69,96.35500804654664
11110,880.9543995766239,160409.92684586966,75027.60279119485,76181.37863349177,2097.2499238252058,755.8572114087438,450.906146315363,618.2962839767279,13.058842254492012,-0.0064207044982602,96,69,96.35532284518824
11111,880.9574624228601,160357.62088898488,75058.64189512457,76157.1330021548,2029.5470332992263,722.8736190087802,431.79226607386954,616.7384453473787,13.412895869376126,-0.044267369059369,96,69,96.35561703582331
11112,880.9746638654052,160406.73643454403,75053.80941587519,76153.72519896005,1954.0739414572017,686.5391108397889,409.7747087161115,608.0513399029151,13.67726729530118,-0.1054434383439391,96,69,96.35589054132522
11113,880.978037186396,160359.4080386722,75045.3962484891,76166.44547924113,1888.3933333514142,655.5980520932208,389.7929623447999,603.577368655795,13.836267897843396,-0.0964518404152262,96,69,96.35614328534346
11114,880.9942674383088,160387.37171484524,75021.49592789529,76180.96740280323,1809.8344770142576,621.1636366398307,367.2058592593239,593.5320576170634,13.87083778104153,-0.1211378345224748,96,69,96.35637519230907
11115,880.9974543058378,160423.6155363254,75067.20142101213,76143.82599898434,1740.2114877838176,593.4377486606827,348.37148513883585,589.0561042573245,13.760235752373152,-0.1345728872784017,96,69,96.3565861874376
11116,881.0146022493547,160410.77241257956,75024.38860629592,76187.47804853905,1661.7943485018914,565.0090087599528,329.84671137851547,579.6508825729252,13.48750939275704,-0.1219787236909143,96,69,96.35677619673277
11117,881.0180145556719,160371.56971729052,75051.60071636824,76167.070588484,1603.187889204477,548.0955371756572,319.0935038382013,577.190230231121,13.042076912750709,-0.1122976897177685,96,69,96.35694514699068
11118,881.0349153900962,160390.58330438624,75047.76651045146,76153.31106430509,1547.7145787528134,535.0021513438696,312.00196611732827,570.345854737272,12.421325610035524,-0.1478222729980821,96,69,96.3570929658028
11119,881.0374084271699,160389.8381751763,75023.05102248865,76172.23458245969,1523.3375064255088,537.0031035549327,314.71104725115583,571.2871741350391,11.63302946816787,-0.1277636817106835,96,69,96.35721958156029
11120,881.0545529008615,160392.86344894455,75042.49590969528,76162.21090407345,1507.2480962434202,543.3782934330084,320.6064857634483,567.5158881081152,10.693105431865217,-0.099281723990824,96,69,96.35732492345674
11121,881.0579978574456,160405.91400396646,75042.98136769024,76164.01646588602,1523.139212938957,563.1604438168142,334.0782867987291,571.7036616104015,9.626224154542111,-0.1257502863074411,96,69,96.35740892149263
11122,881.0747859428765,160373.23602046096,75054.68128699645,76165.5799877975,1544.6553400291014,583.9136644357204,347.5272144457849,571.6283464490261,8.463873759602997,-0.1354683809338437,96,69,96.357471506478
11123,881.0773405722936,160357.09808217094,75050.08763121456,76173.32498084937,1591.6136107144994,612.9481643594627,364.81038464492303,579.5214472763473,7.242455977141778,-0.1237225097605974,96,69,96.35751261003618
11124,881.0945218333751,160384.6309957189,75072.03924303134,76176.77667737652,1633.4647496549296,636.481866560629,378.24995715840487,581.4299076738243,6.003519124862598,-0.1113406863884783,96,69,96.35753216460742
11125,881.0979641980048,160351.04424842453,75064.33224331615,76175.77741809271,1690.1172116165399,662.5873878415005,392.75283957165084,589.7260310975835,4.790148195839723,-0.106440883372873,96,69,96.35753010345186
11126,881.1146608528172,160322.5090938081,75030.4308412036,76178.71503535943,1732.5457522018114,679.2122038970556,401.8949253105093,590.8284944496991,3.6462856119561113,-0.1062696835012457,96,69,96.35750636065312
11127,881.1172745201817,160332.86968462844,75037.44896247612,76188.86486054298,1780.9872272247449,695.5008635061531,411.0483757830807,597.25403337428,2.613029412019434,-0.0954699950722526,96,69,96.35746087112123
11128,881.1344973481362,160319.63844288842,75039.853786535,76148.58949904717,1806.2935025122133,700.1189213030739,413.817822260462,595.0355593286222,1.724250169609157,-0.0961774936003299,96,69,96.35739357059636
11129,881.1379196575106,160345.6463284891,75024.56899647224,76189.01880475717,1831.5885944826878,703.6476477994729,416.08563306741416,598.1923604668409,1.004337040070472,-0.1067419245545818,96,69,96.35730439565155
11130,881.1545367896658,160309.70235447618,75050.89542037596,76162.0058765762,1830.522170399141,695.9174664334423,412.1303524366522,593.7834349375044,0.4631467905253304,-0.0861713380791023,96,69,96.35719328369596
11131,881.1572138418015,160317.8700379924,75059.74959029687,76159.03832088877,1825.7197925925138,686.9532136222988,407.8384443396062,595.4231412603694,0.096158689647608,-0.085279464449749,96,69,96.35706017297817
11132,881.1744757911389,160330.3903945653,75010.65348869863,76193.43352959376,1789.4456356518203,665.7294852586492,397.373240356741,588.5653952491411,-0.1152687704271752,-0.0914194524687157,96,69,96.35690500258887
11133,881.1778660288153,160302.59693889192,75052.95576559301,76153.82588140845,1745.6819176405552,642.424808307449,386.73701870566583,586.6150279349531,-0.2014563181749989,-0.0719842714840446,96,69,96.35672771246416
11134,881.1944132597565,160325.48579528922,75047.86430421138,76167.66606603145,1669.309656294703,606.8891244979022,370.0690336986445,574.4778208692442,-0.1979930391154196,-0.0753467266853783,96,69,96.3565282433884
11135,881.1971600374895,160331.34644691285,75048.90725382077,76149.78738346348,1585.4994215344195,569.4715212574374,352.52713650648366,564.3410788457841,-0.1422332984448883,-0.0814453673739583,96,69,96.3563065369972
11136,881.214454848642,160350.65050584608,75044.75997127673,76130.20110282185,1472.0266265265527,521.0057606848713,327.9555147908395,540.3126190156036,-0.066725810100645,-0.0720476448710503,96,69,96.35606253578004
11137,881.2178042360487,160344.9717056254,75035.50240560567,76177.98220596323,1359.5135796467075,473.63244297790516,302.2735523309966,516.3743013717758,0.0038861462504695,-0.0568928892591909,96,69,96.35579618308346
11138,881.2342906422867,160398.58302590757,75057.98701338448,76213.64566101883,1230.4572593023186,419.8792179625889,270.87125345977256,478.7624123774003,0.0539065713032247,-0.032088622902478,96,69,96.35550742311352
11139,881.2371136360886,160451.24538864967,75085.40781820385,76184.56018497227,1115.055926563684,371.5480540754943,240.61484220303828,442.8515678134572,0.0780226112823531,-0.0574442118945072,96,69,96.35519620093868
11140,881.2544330775802,160460.02865179253,75085.32564343952,76209.0904119184,994.268679647299,320.87460920117155,207.88745215683593,396.2713605356985,0.0775804414554712,-0.071129271980326,96,69,96.35486246249256
11141,881.2577342205237,160485.7952430832,75118.12340714408,76214.52281584452,896.5969032370485,279.3567043752846,180.0217798371741,356.89355608960614,0.0594420903383338,-0.0617258560334065,96,69,96.35450615457655
11142,881.274171163294,160549.31502554566,75131.84392281303,76254.06835844037,800.4815750060952,238.83871759563044,153.17031877246336,313.36173420000705,0.032606151819125,-0.1102440875839644,96,69,96.35412722486215
11143,881.2770714579418,160588.2920431787,75130.61888173666,76231.03110135085,728.6517956008902,208.8058720617264,133.03436884199618,282.18123091358575,0.0049971505751855,-0.1093678689248465,96,69,96.35372562189391
11144,881.2944171216584,160600.61196463593,75167.64157384328,76234.79242619603,656.6088226851425,180.17471070676402,114.67514092716738,249.89539793683798,-0.0165839504921261,-0.0864529793604815,96,69,96.35330129509192
11145,881.2976307215301,160599.31401791837,75142.71686221338,76262.17123905697,606.6518328943057,162.0319002128963,103.16387129420764,231.68544996267883,-0.0292157538893875,-0.0991007186455565,96,69,96.35285419475368
11146,881.3148062260747,160623.03398622118,75123.32818159358,76249.94252214774,554.3436974007054,145.1655414965644,93.33416175915045,211.44420226677903,-0.0323069040018957,-0.0995904429469478,96,69,96.35238427205736
11147,881.3171217098044,160629.06742282497,75121.19469848224,76224.10384893815,521.5312189834076,137.99922104265715,89.74078094016295,202.3822108161403,-0.0274075560162209,-0.0816099157819123,96,69,96.35189147906353
11148,881.3343195264091,160642.93583421205,75152.08978580695,76226.37456708531,483.04628409515135,130.71053664731153,86.59125433306326,186.28409201162867,-0.0180014301764827,-0.0622799948024648,96,69,96.35137576871776
11149,881.3376469304335,160650.70268151126,75103.77438722829,76240.78695979797,459.2192544549471,130.3739726251515,87.1759453259292,176.208424728713,-0.006840380475495,-0.0775378252006062,96,69,96.35083709485306
11150,881.3546662542255,160641.59487732055,75103.05690817045,76193.56757569524,425.95051953941584,126.88113467942458,85.12234515309683,155.98052192674368,0.0028853535594122,-0.0478248087974196,96,69,96.35027541219152
11151,881.3570558748402,160663.67006951678,75105.90199973398,76218.7252005103,400.5452188284253,125.22932286978175,82.52599921319052,140.09853012804524,0.0095011456323589,0.1559593066150127,96,69,96.34969067634738
11152,881.3742760480864,160702.511037825,75095.31275122729,76208.5958258674,357.03646375681274,114.44132706504024,73.17963845780469,113.40835475714994,0.0125565407993523,0.369676728147747,96,69,96.3490828438282
11153,881.3776278849499,160715.13415662953,75119.40742653656,76212.29313039503,312.31722499395255,99.79437795683043,60.47124245503801,92.32566871782183,0.0118966253650382,0.0649986068679389,96,69,96.3484518720377
11154,881.3945417585547,160750.08641733427,75099.47519024121,76211.60572639384,245.63588178833015,74.11495837807888,41.61399877470103,64.00899942411343,0.0090425919183889,-0.3976893036927639,96,69,96.34779771927742
11155,881.3969820519691,160736.03428252105,75106.71332894168,76233.62034232898,178.37753055378562,46.81780599054764,23.204361589770997,45.06472216066322,0.0048550582353501,-0.1866734767355669,96,69,96.34712034474882
11156,881.4142478268433,160737.43751174878,75100.63792533643,76231.21621462693,98.82965820404934,17.087729636128643,6.266385038121371,21.88091540869209,0.0006439518516837,-0.0605656018918464,96,69,96.34641970855532
11157,881.4175923380853,160780.87417013448,75105.19048911965,76207.77078891738,38.96960583102191,-0.0,-0.0,11.147001402860042,-0.0024696420962565,-0.1448794595151139,96,69,96.34569577170387
11158,881.4344224215037,160784.03653298644,75088.1452051539,76222.98783012472,-0.0,-0.3446819819655502,7.061581565940287,-0.0,-0.0044889094755198,-0.0896614047146164,96,69,96.34494849610742
11159,881.4369077686532,160776.01718706035,75105.60010727828,76216.07268276351,18.55929083598312,30.285739018640015,34.75526692791027,4.171631857170723,-0.0048193936933343,-0.119676330473168,96,69,96.34417784458604
11160,881.4542295308511,160735.24023141,75140.38076875653,76236.06211151282,95.2569148351904,91.51255724565999,81.96019171274384,9.561825437151128,-0.004125311842228,-0.1419896443291946,96,69,96.34338378086905
11161,881.4575421279317,160731.8333142271,75113.0476686477,76264.04138176944,256.2943166047917,188.22099635018094,149.81241556929308,31.615847860783106,-0.0027586999610942,-0.0898204312058619,96,69,96.3425662695967
11162,881.4743087557956,160708.50318808385,75124.66196168077,76250.00160332333,486.32251867768355,309.6616058831132,231.01969661872135,56.32926325616427,-0.0009738114561,-0.095510127722852,96,69,96.34172527632175
11163,881.4768322464981,160636.39463676146,75156.91932588401,76260.35240685943,786.660334598273,449.15575097514375,320.4098036210926,97.27054158932879,0.0003365194755108,-0.0968342479141176,96,69,96.34086076751142
11164,881.4942232329854,160623.4453535753,75143.04970212017,76258.27260180426,1119.7937672230764,588.7170050943387,407.2907405242149,138.37010535757872,0.0014441720034192,-0.0772721792635555,96,69,96.3399727105483
11165,881.497470919226,160558.7820931231,75134.78947755671,76239.10872763238,1469.9225879962905,718.7949562795256,485.73541602221667,192.16617307486013,0.0018608564589432,-0.0869076744131441,96,69,96.33906107373232
11166,881.5142125467364,160486.45362952864,75131.08647914621,76293.24603895015,1794.2887608874007,824.9228806392784,547.851163353509,242.06042581913061,0.0017225503253182,-0.0725279012652149,96,69,96.33812582628236
11167,881.5167366305377,160452.1676234285,75194.04413515127,76286.9881828131,2078.97770249506,903.8421614731924,591.7715148241841,298.9018539096869,0.0014194437645959,-0.0722638123615778,96,69,96.33716693833716
11168,881.5342651952517,160345.72779070577,75175.21279386336,76274.29617311055,2294.1822369648726,950.5003609163978,615.0668045116181,345.3512690939533,0.0006550377102999,-0.0877340175336932,96,69,96.33618438095728
11169,881.5372859472676,160322.72131239352,75151.00723774244,76307.95433253009,2443.5123395243427,970.1810666742676,620.6428527711978,393.7023164179991,0.0001445927344548,-0.0804871116810797,96,69,96.335178126126
11170,881.5547458687619,160317.27368749448,75181.52634197709,76285.78614909605,2516.9950785370893,965.0607278893731,610.288772809392,428.37292063614586,-0.0003604155622258,-0.0499464798191174,96,69,96.33414814675044
11171,881.5569873573719,160249.92299260537,75158.76568922427,76282.74865165843,2533.412773064163,943.6783174731827,589.3511876594275,463.40513275310514,-0.0007099512505218,-0.0425190088784744,96,69,96.33309441666388
11172,881.5740908387801,160205.17438944528,75155.76384755645,76311.36534446655,2494.9953763182275,909.4793203957088,561.343112435381,484.6693134807865,-0.0006418810221336,-0.0529778996516287,96,69,96.3320169106252
11173,881.5773467482543,160209.86284885823,75176.9511509036,76269.05801111001,2425.8809416234726,869.4007207703398,531.6959004804667,507.0847752626578,-0.0006842071283071,-0.056393904707172,96,69,96.33091560432148
11174,881.5945980889867,160196.94714642063,75184.15026474869,76266.70108976965,2331.7957023195922,825.4148250034486,503.368262830365,518.6872963125934,-0.000368909258108,-0.0247802050719594,96,69,96.32979047436864
11175,881.5969237803173,160135.29800316106,75134.52623944932,76279.51094496869,2233.8936311954167,781.8720608451695,479.5249243968574,534.781350423902,-0.0001432053547093,-0.0226437533431543,96,69,96.32864149831212
11176,881.6140237913279,160159.22228778066,75183.73162830049,76280.24108886065,2132.9145215373137,739.1703533219115,460.33218882602523,542.7469870512141,1.030248276498912e-06,-0.0317959376699935,96,69,96.327468654628
11177,881.6173503262912,160104.93440233252,75141.71362169569,76278.54898200805,2041.9537672862061,699.754525251672,445.5063855914341,557.2447634005221,0.0002863174593186,-0.0168303708461466,96,69,96.32627192272456
11178,881.6344771889184,160140.9643846018,75165.73907301395,76266.31132623268,1955.2438661869965,663.1347770257125,432.6619671722583,566.1751375394524,0.0002050215531898,-0.0182761999421919,96,69,96.3250512829423
11179,881.6368423099782,160087.15281312878,75128.45094831214,76285.6455082563,1878.1208510565339,630.1529544129007,419.75005899899406,583.1981321527564,0.0002967061285037,-0.0365360712366294,96,69,96.3238067165553
11180,881.6539791852964,160090.2919146043,75149.16202449205,76254.15655982014,1800.2921384844813,599.5466192423191,404.5060638563009,594.5538771979045,0.0002157413510956,-0.0579289526911277,96,69,96.3225382057718
11181,881.6573359410459,160058.75890490826,75103.94378907005,76266.46816538174,1725.058019670716,571.2271855928848,386.18153752182843,612.823399300687,4.95689218273354e-05,-0.0925478318011994,96,69,96.321245733735
11182,881.674360833036,160020.95684911963,75113.52056658783,76255.01918374191,1645.2348656202666,544.2820894583128,365.0274514609482,624.6632514998782,9.556844093100914e-05,-0.1293064076518811,96,69,96.31992928452372
11183,881.676758512359,160009.09869222247,75104.09662166143,76222.46107776352,1567.9890805640607,519.0360929387534,342.65843987988774,642.0835141478165,-0.0001231107658257,-0.1498984393801657,96,69,96.3185888431532
11184,881.6939461688786,160001.74251421567,75089.89667962298,76249.14609619296,1491.657376097748,496.07668479434506,321.3383355860715,651.1662961413967,-6.529623764924968e-05,-0.1409370266871597,96,69,96.31722439557548
11185,881.6973099638819,160004.45558421098,75044.4523093897,76240.52355318965,1427.2699347231537,476.82343547191704,303.387092049059,664.2250620975974,-8.924293160880189e-05,-0.1355611779390648,96,69,96.31583592868004
11186,881.7142446141402,160000.4586308607,75086.52598629362,76244.51776209802,1375.7578607636387,463.0219096590736,290.77556727753836,668.7520230475347,-0.0001510628679835,-0.1248729322291215,96,69,96.31442343029418
11187,881.7166771354806,159949.54529887854,75112.25063202712,76241.55658754708,1346.1815436920733,455.986761787397,284.4069295571244,676.983713706315,1.87388738456769e-05,-0.1302799887727939,96,69,96.31298688918368
11188,881.7339206616085,159952.07073132947,75123.97943946933,76261.69580697495,1335.58802503295,456.9741272471583,284.5440142687585,676.1447984491533,-9.11231689247553e-05,-0.1213975715144295,96,69,96.31152629505316
11189,881.7372742383566,159954.82347761706,75113.03356396643,76262.93247088166,1347.4898874894134,465.7246626089909,290.2386707859696,679.0469184454705,3.848770122503014e-05,-0.1179236337404787,96,69,96.31004163854593
11190,881.7541275153512,159955.62842333637,75129.16799700723,76268.15713987275,1374.4599510421394,481.9246156155132,300.35851635751897,674.5069787742395,4.9675375922811056e-05,-0.1171624609432964,96,69,96.30853291124532
11191,881.756600392492,159957.62996882564,75153.1639953717,76300.16016249097,1415.600228310388,503.37405823332665,312.97911810452933,675.4277519132593,-2.0058740783963407e-05,-0.1148198380336448,96,69,96.30700010567374
11192,881.7739002720479,159946.10616324897,75151.61568117788,76302.77819802213,1461.1613367996179,528.3480893757223,326.59998459619237,670.4579906237195,0.0001180665339051,-0.1394396130811033,96,69,96.30544321529388
11193,881.7772294046705,159961.29983517624,75166.65225111449,76314.13780594627,1509.1745607780176,553.2535078542278,339.29234096061555,672.6526757778774,-3.692368856441704e-05,-0.1209229033716852,96,69,96.303862234508
11194,881.7940096515418,159929.16740945156,75184.00670643376,76306.14667730063,1550.4163305776892,575.7835361414764,349.9243905976473,671.0217485594912,4.482281848595633e-05,-0.0985875568448284,96,69,96.3022571586589
11195,881.7965295097553,159951.10507273508,75146.88285419166,76274.89049904393,1583.376565599523,592.3598773537233,357.17750443317345,677.0752193950175,2.3007621344533278e-05,-0.104682583207317,96,69,96.30062798402902
11196,881.8138832015724,159902.47536003907,75158.33487700911,76293.34216567181,1600.3722553046537,601.7329003440391,360.6492557761667,678.2861093416577,-6.962522939631282e-05,-0.0972466232664515,96,69,96.29897470784134
11197,881.8171757324515,159942.8274695881,75168.94999716352,76318.82779080886,1602.3115904979059,601.7580730535701,359.74695669626817,685.5005135508836,6.462516204767451e-05,-0.0950840261469907,96,69,96.29729732825874
11198,881.8338916303121,159916.956876305,75160.50000097575,76311.06238514424,1584.8265891607152,593.0523483681754,354.6522081719304,686.4119751805265,-8.165494549861018e-05,-0.0845753584981824,96,69,96.2955958443842
11199,881.8364651852002,159884.28994893306,75142.58336006563,76318.86381359075,1551.7926966133527,575.2472718577774,345.31303740042495,691.0625658782956,1.3700085405754754e-05,-0.0825202937422849,96,69,96.29387025626028
11200,881.8538679081742,159910.99928717667,75159.14108235833,76302.10307526425,1501.6378821705584,550.513241014778,332.2604192738945,687.1697649158305,1.2842439684719716e-05,-0.0811751144539654,96,69,96.2921205648694
11201,881.8571134109153,159885.10916862843,75158.62889832958,76289.00802905721,1440.6877897728118,519.4534572064877,315.8554443207977,685.8413298160885,-6.599316295179746e-05,-0.0937635074358426,96,69,96.29034677213347
11202,881.8737743026504,159910.66172815053,75148.16320023732,76275.94181357912,1368.920020255202,484.8625060610648,296.9720349712006,676.2659366572916,8.017980146460995e-05,-0.0913774019954483,96,69,96.2885488809131
11203,881.8764077617726,159955.08457769832,75133.8838100862,76291.66958173555,1293.0421607110766,447.76671299917507,276.54453640891006,669.2940996042162,-6.044885494277948e-05,-0.0608061357020121,96,69,96.28672689500794
11204,881.8938529879017,159892.1998622646,75167.49138739212,76300.96095535796,1212.645219762635,411.1021661197301,255.82892934742267,653.9777122674859,3.19166680770381e-05,-0.0530923607677536,96,69,96.284880819156
11205,881.8970426701935,159942.56807850776,75160.21224809134,76307.701514909,1134.283847969491,375.7370644310431,236.1381119294674,641.3605215343996,2.899355481495572e-05,-0.033487298175286,96,69,96.28301065903312
11206,881.9136586399878,159941.2845892732,75160.166247753,76332.85693088053,1056.9470098220627,344.0935099884664,218.49494212729041,620.8051882691507,-5.887480164307272e-05,-0.0288623048586748,96,69,96.2811164212526
11207,881.9163573057211,159976.47102101354,75158.57981953959,76329.92554242913,986.3724031120655,316.3879233241314,203.64774382935138,602.4008730229398,8.137740273822998e-05,-0.0610963693597573,96,69,96.27919811336436
11208,881.9338371347767,159969.3673214623,75196.22372894104,76330.69753396764,919.9843676770106,293.8653571001487,191.3001952811901,575.5269546114141,-6.372315351795228e-05,-0.0569097948723057,96,69,96.27725574385504
11209,881.9369638366295,160002.63582963153,75209.0204751925,76361.86188966909,862.1060775730875,275.37766136390564,181.01168348031933,551.1099244232755,2.333599480375989e-05,-0.0701508579646662,96,69,96.27528932214638
11210,881.9535456610361,160054.47492470525,75230.1599433543,76369.25862013645,807.4720992859802,260.61755466178874,171.3313345130009,519.4857837643067,2.2433004169430267e-05,-0.0820598636711084,96,69,96.2732988585956
11211,881.9563136484805,160045.91570725985,75203.80967538773,76364.41460670858,757.8516786395921,247.53087064734427,161.68194437993225,490.9811998748337,-6.648238126246712e-05,-0.0710712844622785,96,69,96.27128436449368
11212,881.9738191334607,160133.1789610299,75222.58642108865,76363.4460094954,705.8575020076823,235.29969301047095,150.99606229519122,455.7913262617076,7.692136018285893e-05,-0.0654031133933701,96,69,96.26924585206532
11213,881.976877356979,160107.10001968167,75230.80133561608,76391.61737672762,654.0309792286134,222.36750839476008,140.08906866327743,424.2557767406397,-6.458557691782966e-05,-0.071224934661836,96,69,96.26718333446752
11214,881.9934363815188,160140.23691231353,75259.8829743806,76429.61048237092,596.6795943944016,208.6580998366262,128.9826961105282,386.44057513892767,2.260037799972956e-05,-0.0633082597146284,96,69,96.2650968257892
11215,881.9962764138266,160189.15927271306,75301.85665668797,76378.04829579413,539.6417346413364,193.7530057713593,119.43581895309035,351.4577470711083,2.609115264089715e-05,-0.0519661978038666,96,69,96.26298634104997
11216,882.0137978667506,160226.49295867927,75307.54591594297,76434.64242982521,479.8038277660962,177.86398896189348,111.13465070852544,309.419544882403,-6.428033131177162e-05,-0.066775917523283,96,69,96.260851896199
11217,882.0167838055837,160277.21148648483,75310.17896986262,76462.05851329643,425.540673996089,160.6254529359867,105.03355466012727,270.2066845676454,7.978202749693762e-05,-0.0654595389711528,96,69,96.25869350811456
11218,882.0333317762454,160303.35665317034,75310.23390861948,76485.56063349047,372.4371974742389,141.47618678049184,98.79703124624211,224.86360814471846,-6.149413493644013e-05,0.1248139197989798,96,69,96.25651119460228
11219,882.0362450392087,160362.7726542801,75312.05563821297,76462.79975031286,325.6573726628558,119.76710274805373,91.70491543359822,183.23207363457186,2.2397396001193316e-05,0.3489544228642728,96,69,96.25430497439434
11220,882.0537723299874,160355.46743934456,75386.94096473539,76482.17495968069,275.5811995695112,94.75597187234962,80.1907089659071,137.43815176552744,2.7632491949770856e-05,0.1180442219321112,96,69,96.25207486714852
11221,882.0566838806537,160422.464271227,75327.74855696745,76489.58574819604,225.04543112416286,67.26862153115508,64.6360695376643,98.63202353485394,-6.568156610315408e-05,-0.3958159348125636,96,69,96.24982089344616
11222,882.0732327490871,160479.84252496276,75334.31089908467,76483.23653974767,164.12402017234126,38.89374283910729,43.95291881359299,59.93211937113665,7.864223938023095e-05,-0.2558469680363637,96,69,96.24754307479208
11223,882.076218795099,160474.32241071382,75358.29657454258,76513.47744351198,101.766786940163,14.579966252160375,23.04095910640899,32.13547066503088,-6.175661162369064e-05,-0.0761544382838415,96,69,96.24524143361216
11224,882.0937416484649,160506.4360060906,75381.7426306185,76485.87966688504,38.83165240928065,-0.0,5.34915928330156,8.625182460906217,1.998992672773959e-05,-0.1473782578955011,96,69,96.24291599325264
11225,882.0965783927194,160500.3727106256,75344.98653798732,76484.35663667847,-0.0,4.1056182805332355,-0.0,-0.0,2.8318541360236935e-05,-0.0902067375268281,96,69,96.24056677797834
11226,882.1131401092098,160539.79318784093,75371.52393979652,76500.2720935776,-2.1559737325878814,33.47535540584067,11.338845666963607,-1.248523472866509,-6.671426795966287e-05,-0.1118289285338734,96,69,96.23819381297152
11227,882.1161968038328,160488.4990270241,75340.19626498954,76490.67183474246,62.67750806256663,94.82740135972563,46.467945326294284,13.409036019351333,7.863545379768234e-05,-0.0907885692335318,96,69,96.23579712432986
11228,882.1337050959481,160433.80166934637,75373.24624575536,76538.43810145865,201.0278176170541,187.74951936928846,103.9684330301825,35.49371663571219,-6.048336979365197e-05,-0.0908989868508708,96,69,96.23337673906552
11229,882.1364682466582,160435.59646351455,75371.69576653633,76505.44950533398,427.94793415570166,309.48982427545707,183.7746234248043,72.67716278016451,1.9029647909410964e-05,-0.1163967076593618,96,69,96.23093268510291
11230,882.1530545531718,160397.91164326452,75350.36493682036,76520.72084687704,724.095505333622,448.41729737266724,276.076450247725,115.53181882060017,3.0086941101817484e-05,-0.0964121713725082,96,69,96.22846499127772
11231,882.1561780581491,160306.4313723738,75369.22070163017,76544.11496965936,1077.5202748927986,593.1305584931106,374.49369675281923,170.1558147269243,-6.713656144906893e-05,-0.0888074660305185,96,69,96.22597368733445
11232,882.1736621134638,160273.80263993586,75372.0984149218,76521.61724536587,1446.2223294542637,727.5569142551394,465.8357045701123,226.62704259422026,7.86860750706868e-05,-0.0873929709935066,96,69,96.22345880392518
11233,882.1763544178666,160203.2399380391,75359.23336973223,76542.7377658274,1807.9460418582894,842.3825919965893,544.9121179612266,290.39762100804364,-5.950009684954836e-05,-0.0902057172553528,96,69,96.22092037260764
11234,882.1929766534569,160139.01681719,75357.83700437199,76543.39788669249,2120.750005048758,927.9135499501572,602.3087124291342,350.6042983177467,1.7527263347605658e-05,-0.112283224035325,96,69,96.2183584258432
11235,882.1961614385976,160083.83972649442,75376.9683223572,76539.12707830401,2374.9983153288485,984.47970175503,639.1050875578512,411.51326341787353,3.125505988429415e-05,-0.1018046866366025,96,69,96.21577299699548
11236,882.213612328669,160007.96974911634,75351.77753273187,76552.65109751967,2548.6325348233804,1011.6780469945079,652.4788263247756,462.71462026337394,-6.803733894066056e-05,-0.1063968615827311,96,69,96.21316412032742
11237,882.2162379220993,159961.06069490407,75360.31176526859,76560.6483450503,2655.3612004248425,1017.3647775512218,649.6602139715542,509.5947371086513,7.838273069591589e-05,-0.1071393939280038,96,69,96.21053183100052
11238,882.2329068549775,159934.9390613511,75374.94394378965,76537.18050854185,2690.686050852528,1004.3918417647801,631.2696199578204,543.2708101834578,-5.862424986138309e-05,-0.0873987585458048,96,69,96.20787616507162
11239,882.2361457277651,159906.69006064764,75375.16015897214,76535.95335568578,2680.5104039675207,981.0667388870206,606.2428055844066,570.8218943177781,1.6069756617050152e-05,-0.0799872989297908,96,69,96.20519715949196
11240,882.2535555773788,159872.13740874256,75374.9180100264,76575.28059549438,2625.8351555790287,948.4832171198068,575.1561614313105,586.0882220653875,3.2583139994047905e-05,-0.0705420037954393,96,69,96.202494852104
11241,882.2561197771522,159895.24792596442,75368.70598651105,76562.01977300059,2553.9162113582133,913.0856938477809,546.076429432127,598.2283454980352,-6.869026157012462e-05,-0.0758993835257816,96,69,96.1997692816398
11242,882.2728454827726,159863.21459320348,75388.17265031856,76555.25092480045,2461.4365204795613,873.7605336034903,517.173784597253,601.8936850384052,7.826882536594992e-05,-0.0715098055795839,96,69,96.197020487719
11243,882.2761296171815,159863.0446130385,75402.66382547352,76554.36350304238,2371.2933135203784,835.9392792130529,494.1004600793822,605.9295898991986,-5.756658563870008e-05,-0.0657305024569355,96,69,96.19424851084564
11244,882.2934919315002,159856.1689870677,75395.69511211631,76571.37008074822,2276.340411387966,797.9816992331471,472.7859862326295,604.8288706713647,1.4695359283477077e-05,-0.0655058125674411,96,69,96.19145339240713
11245,882.296000951469,159858.157536512,75373.01921769799,76553.45627640461,2196.679567259329,765.1425856005953,457.2337478440895,606.6909453011758,3.391254564594478e-05,-0.083208197313241,96,69,96.18863517467078
11246,882.3127927678141,159842.31856430907,75397.41409779442,76560.18415474772,2119.4950007394073,734.328805518453,441.53898869192926,604.8171296927612,-6.93652175741254e-05,-0.1118347888666865,96,69,96.18579390078216
11247,882.3161116979417,159855.6283758726,75397.68973535142,76578.51871358739,2059.710933892813,709.103277065602,428.883038881846,606.3749114925449,7.804926641679418e-05,-0.134850498860298,96,69,96.1829296147618
11248,882.3334217435747,159846.7905987221,75397.05547486927,76584.06745943004,1999.9359586664941,684.5119091783272,413.5712057626224,604.8978154425567,-5.657748491893974e-05,-0.1814184043165567,96,69,96.1800423615036
11249,882.3358822872647,159832.9736329223,75382.25745918651,76586.50832981063,1952.1006699877908,663.0387159086968,399.84143791126553,607.7703184562561,1.3242230173307842e-05,-0.1976122748308735,96,69,96.1771321867719
11250,882.3527489073623,159857.3067693162,75410.69090009623,76599.5642261865,1895.7355378265493,639.1961837381969,382.9490031703317,608.2542895958759,3.518102070451811e-05,-0.2087546331624173,96,69,96.17419913719856
11251,882.3560904137448,159846.89970162974,75417.00698812696,76600.15528654562,1843.9335640794598,616.8254272046761,368.5837015591969,613.3957484113344,-7.003550567421488e-05,-0.2222014953992753,96,69,96.171243260281
11252,882.3733457345181,159811.6057452732,75407.3523968009,76589.23243529961,1781.0117645972641,593.017770246006,353.5199837455002,616.5598081871576,7.781074629295322e-05,-0.2467062063743866,96,69,96.16826460437883
11253,882.3757643643136,159830.0659759608,75397.80971541924,76577.13513341625,1726.4425202048733,574.4430215895263,344.1838739422674,624.423356049374,-5.554458139788797e-05,-0.2475287290273529,96,69,96.16526321871156
11254,882.3927142051475,159802.83920245303,75389.17810206166,76568.30625586824,1668.3290499111754,559.4602458556328,336.5667753953603,629.4184369880531,1.1818669852947066e-05,-0.2249941751055535,96,69,96.16223915335604
11255,882.3960639155969,159803.7825065864,75377.25523881444,76568.1342270408,1629.2028065419872,554.7360092703748,335.7901165090443,637.6760917740176,3.646898980388263e-05,-0.2556240476620018,96,69,96.15919245924276
11256,882.413265205651,159789.12295017892,75393.29445029814,76563.49009686091,1598.0990677301306,557.0178560047934,336.60215760659776,641.8785289968655,-7.065765219066139e-05,-0.247307278816937,96,69,96.15612318815404
11257,882.415647193863,159803.6211041669,75406.06007583147,76533.92970068843,1594.9759642932331,570.0072619365819,342.8947725095204,648.2881137621298,7.75592403688916e-05,-0.2265438774838855,96,69,96.15303139272017
11258,882.432689446411,159772.39604775055,75403.8711631573,76577.79118981436,1601.8464057688252,586.5491361191525,348.3376102895709,649.2545861191757,-5.44914965403786e-05,-0.2358838715745971,96,69,96.14991712641744
11259,882.436029595961,159762.63380018962,75391.03799271453,76586.49795205599,1632.1364085623063,607.5286301411106,356.630752491561,651.0991286244534,1.0385192999576844e-05,-0.22623804262722,96,69,96.1467804435644
11260,882.4531827000053,159794.22327278394,75397.73905964736,76588.41354351387,1663.0614066248527,624.7361429023149,362.03167981884326,646.6139400009997,3.773224342868473e-05,-0.2091621993652095,96,69,96.14362139931902
11261,882.4555292517745,159796.97516557047,75405.15419968884,76593.80741829665,1704.7171506782179,639.6521950446186,368.49463746795664,642.1543618809956,-7.126862037496378e-05,-0.2425972199732153,96,69,96.1404400496758
11262,882.4726772805632,159795.60103528478,75409.0913669777,76614.55118426261,1732.0925557719893,645.6974724928004,370.1196639033733,629.9723422935931,7.727065827087684e-05,-0.2394693245377718,96,69,96.13723645146236
11263,882.4759820252247,159804.02166905752,75417.85128665528,76590.94364243367,1757.3786827859003,647.0930440976808,370.9740557720943,616.638709791092,-5.342788202134933e-05,-0.2260271185439791,96,69,96.1340106623366
11264,882.493105366183,159819.29817998252,75443.88187394374,76623.75098995562,1760.5266843755962,640.0757440935704,365.965840781515,595.3858814770647,8.946118339494468e-06,-0.2452730004390197,96,69,96.13076274078338
11265,882.495401474816,159847.92388115585,75434.85898357886,76644.76391728745,1758.369717705471,630.5611696148844,359.84509301916114,573.9815719132312,3.898315105842265e-05,-0.2416645482126309,96,69,96.12749274611078
11266,882.5126945830133,159830.76019139955,75437.8408983621,76610.72659176598,1733.4924330434878,615.0909596057318,348.2830219162861,546.6158776380471,-7.185151647303891e-05,-0.2568502251987642,96,69,96.12420073844778
11267,882.5158768364281,159895.25153954176,75477.88347489556,76617.01232569705,1705.7585716436151,599.4796253349923,336.980898343405,522.690774325456,7.696111887585051e-05,-0.2515822916545912,96,69,96.12088677874011
11268,882.5322472699829,159936.6811083804,75429.81162977868,76639.64570104804,1660.2507143924013,580.0869841305393,322.70644313658704,497.728174264892,-5.2342076072413805e-05,-0.2400251117695844,96,69,96.11755092874712
11269,882.5353241214608,159943.93793632396,75447.11551199472,76617.87695058259,1614.5334497456206,561.545236323931,310.57290603095316,480.3835324237589,7.50839514092241e-06,-0.2578140117514295,96,69,96.11419325103851
11270,882.5526991381412,159946.14252478612,75445.60689874121,76634.0198894988,1551.9181622627075,539.4714220819587,296.8086972346355,464.602045521111,4.02222125728799e-05,-0.2577696084405984,96,69,96.11081380899098
11271,882.5557534248131,159908.3934235653,75428.67909080231,76625.61834036904,1489.7843752917252,518.092709950186,285.72313387613394,457.3907002239721,-7.240957767955616e-05,-0.2566663989841327,96,69,96.10741266678382
11272,882.5721677560433,159965.4216751201,75440.3932507933,76633.42858984946,1411.0638692952343,492.45969177134975,272.6718234754808,450.12937800679356,7.662482666306242e-05,-0.2408010401694272,96,69,96.1039898893968
11273,882.5752811232257,159957.12226038525,75382.64474803301,76607.85585613127,1333.1012806225335,466.1236561899859,260.82517816504696,447.5134498583793,-5.124094810399826e-05,-0.2761416843863689,96,69,96.10054554260547
11274,882.5926831537987,159949.9627234406,75393.99593671953,76600.50191725505,1241.4824930949835,434.46856225526426,245.5975443168427,439.7882867556764,6.066986116349037e-06,-0.2899787367083673,96,69,96.09707969297791
11275,882.5956348413442,159960.09094102206,75427.35296375258,76593.98211658829,1157.3355690928875,402.22458884009393,230.6748382980295,432.3757251469069,4.144541270982276e-05,-0.2977412735405402,96,69,96.09359240787124
11276,882.6120869203004,159987.884496127,75397.10668317735,76586.78400339342,1067.4554878984927,366.2666660537798,212.38275040546432,416.4288029940799,-7.294402379966577e-05,-0.3287758125416937,96,69,96.0900837554274
11277,882.6152483938343,159973.60199918487,75388.26429311422,76588.2836171785,990.8328136173077,332.44494477365515,194.8119572699943,398.9043775189202,7.626246287851026e-05,-0.2911144666032985,96,69,96.08655380457004
11278,882.6326564521352,160022.65369038875,75429.40046445777,76584.85698840125,912.0040090549155,298.7795334968687,175.30655047035543,373.0545327759464,-5.012299017754327e-05,-0.2997463066024686,96,69,96.08300262500038
11279,882.6355155886854,160005.52143542626,75415.26628253619,76601.24196548945,847.5575166965718,271.3413227795536,158.3626158646366,348.4287781107996,4.624852864180788e-06,-0.2956391391673889,96,69,96.07943028719347
11280,882.6520098349409,160078.15248851373,75422.28291649555,76607.39765682006,779.0342047220329,247.24404957970546,141.3767056383076,319.15135080338223,4.265472370221348e-05,-0.285498546389943,96,69,96.07583686239413
11281,882.6552217271354,160099.47549100607,75432.94971832309,76601.90362231548,720.4658881539945,230.52300022222335,127.79994177573826,294.6117993205844,-7.345289795095543e-05,-0.2859374349181602,96,69,96.0722224226133
11282,882.6726209202525,160124.17120747457,75415.82710857264,76598.23576622376,654.5479092532187,216.56717412249418,114.53707179159392,268.0005607121566,7.58751291675388e-05,-0.2816576825910846,96,69,96.06858704062408
11283,882.6753947086261,160113.75711787603,75450.79495976909,76619.41258735354,597.6352095744805,207.5409264008049,104.14028540757135,247.72996915114345,-4.898844624297891e-05,-0.2904539611816006,96,69,96.06493078995749
11284,882.6919386422053,160134.55394170186,75435.89805035293,76599.3860600837,533.4976894612773,197.1398052154109,93.11968180988333,224.7155139631941,3.181979189064351e-06,-0.1550035374381863,96,69,96.06125374489888
11285,882.6951987000056,160141.96011173408,75392.66013877939,76591.76185270365,477.4276817844948,185.9591007062263,83.28267810228863,205.7101163926418,4.384887069868667e-05,0.1144087797735447,96,69,96.05755598048349
11286,882.7125772907099,160196.97828262532,75394.56346333794,76618.11341895345,412.88846927986015,167.7497887561185,71.47239294828614,181.1347054046346,-7.393700525744715e-05,0.0558340629753233,96,69,96.05383757249236
11287,882.7152722624571,160218.8867937323,75409.28992650246,76606.66510933846,353.7348890475114,144.19371052515635,59.41030381861492,158.82512192393187,7.54621485726679e-05,-0.5189336764486795,96,69,96.05009859744854
11288,882.731874627205,160220.64496174268,75432.14755220228,76597.41014412802,281.684083152737,111.73070629217546,44.600790975178825,129.73560602182988,-4.783824477622807e-05,-0.5452917992262512,96,69,96.04633913261256
11289,882.7351773410348,160259.3052307391,75433.14184474203,76590.27908718414,210.60860079346457,75.87588028854225,29.452562175429193,103.00976263248594,1.7386421108419466e-06,-0.2725406516525932,96,69,96.04255925597856
11290,882.7525260895488,160265.75652336018,75389.41218150331,76625.53999753183,128.8567329167272,38.76997718331404,13.992464616254438,71.40989902353613,4.50275390811757e-05,-0.3608852168098076,96,69,96.0387590462695
11291,882.7551486228541,160317.79081925342,75412.70267141408,76617.83223948425,60.63345302804373,11.350962562370114,3.151289211033145,46.408982630760875,-7.439591696074007e-05,-0.3326581271681784,96,69,96.0349385829335
11292,882.7718187315559,160308.47230787194,75396.45093042278,76611.48054402463,6.314411037252285,-0.0,-0.0,21.32931994771934,7.502404056671407e-05,-0.3138631464120029,96,69,96.03109794613908
11293,882.7751557382288,160349.79036508105,75441.23084504296,76604.2469557667,-0.0,16.51832006346376,10.63161953270901,8.098053047346184,-4.667242891873551e-05,-0.3271319254107386,96,69,96.02723721677104
11294,882.7924679942172,160341.65469504154,75444.85959016059,76610.96980085183,48.504873489786405,64.7352618992445,37.996513048012275,-0.0,2.9559515645144334e-07,-0.3127126431501827,96,69,96.02335647642596
11295,882.7950241350195,160313.77074622642,75440.29392003058,76630.7869637341,181.7125383312814,148.94248421757948,84.60682675635326,8.562574175099144,4.619048417016554e-05,-0.3368215756585859,96,69,96.0194558074078
11296,882.8117718447179,160316.74164368818,75419.07044551891,76600.96297532872,390.97118873515865,262.44690937155974,148.36697427672334,24.30351209177752,-7.482946980299116e-05,-0.3108691148553238,96,69,96.01553529272336
11297,882.8151317682491,160297.18873171683,75484.51712140543,76641.14521124227,681.6890114491107,397.79461919250025,225.12233104137704,56.113767078582896,7.456089237496374e-05,-0.3052885572264325,96,69,96.01159501607796
11298,882.8324041529669,160213.61361325206,75497.56060141852,76643.39793433038,1020.263970297412,539.4669126652298,307.67903451871825,92.0191616260854,-4.549152939002756e-05,-0.3416013588188104,96,69,96.0076350618706
11299,882.8348987318133,160181.36276224515,75453.04542006132,76642.7164889874,1389.9099297085777,675.2866838238551,388.19907795923064,139.1436604996561,-1.146818422082212e-06,-0.302123034033631,96,69,96.00365551518983
11300,882.85173523035,160146.19639628337,75463.90364678545,76642.65158177461,1744.208094768168,790.9719554716576,459.48537035498885,182.88094139669556,4.73372002509692e-05,-0.2755531914255918,96,69,95.99965646180874
11301,882.8551025911026,160087.9675329432,75460.53464557935,76690.86167937353,2065.509701528994,880.1990442391543,515.8718487165024,229.65674756927183,-7.523761140784992e-05,-0.3024383521789272,96,69,95.99563798818043
11302,882.8723368742558,160040.83661572845,75489.91369343096,76663.65388344263,2319.9372153113945,938.16426864815,555.0145951789891,265.7022321301338,7.40728420744695e-05,-0.3008997321614324,96,69,95.99160018143344
11303,882.8747709716453,160022.59627360833,75461.80964319089,76683.84677589493,2508.139999637846,967.9340488798043,576.2008399219194,299.6672672179702,-4.429594093174829e-05,-0.2787742455214634,96,69,95.98754312936715
11304,882.8917118540643,159985.26188523154,75463.59390761815,76666.15027500344,2616.2539203436463,972.6361394773703,582.3086606703728,319.223505957023,-2.5880718276186684e-06,-0.2836346751731427,96,69,95.98346692044647
11305,882.8950626975551,159938.10474023336,75486.81672252627,76672.24423624646,2662.3090379684,959.8478621916292,575.8019996103831,335.9068037454854,4.8467363786028105e-05,-0.238459360336365,96,69,95.97937164379788
11306,882.912272874467,159969.15459384897,75473.5891667433,76695.42404054948,2646.8845645928523,934.498161761614,561.4323060512834,340.42630739006563,-7.562016519067991e-05,-0.2303466801165088,96,69,95.97525738920392
11307,882.9154149990757,159935.15518224213,75498.66251878756,76719.68864281871,2595.2002501912066,902.8833830957883,541.2918615539675,346.41673228910076,7.356010709607782e-05,-0.2412857459007994,96,69,95.97112424709891
11308,882.9317135066088,159974.5963070416,75480.9523161688,76710.49954753766,2511.2931963711744,867.74418164503,519.211049705089,345.0545266884146,-4.308605272443849e-05,-0.224156998115088,96,69,95.96697230856326
11309,882.9349874968933,159932.42521035147,75498.94637133618,76702.88045631976,2418.5908773823758,832.4959855709749,495.5534708883788,348.8853104088048,-4.027675983838375e-06,-0.209610311536591,96,69,95.96280166531986
11310,882.9522749700816,159959.4667770187,75473.60036605112,76678.28252899346,2318.434263914358,797.9559536400338,473.08820928166097,347.169943025423,4.958059181928685e-05,-0.218148197328856,96,69,95.9586124097279
11311,882.9552777850288,159911.20795350813,75503.44424317848,76685.74038193088,2229.6425893453998,765.9239416506025,450.9483142398385,351.48537774095894,-7.59770350791696e-05,-0.2093616916643473,96,69,95.95440463477846
11312,882.9716488701376,159898.40952338788,75480.40704307282,76672.85149222832,2147.4534437483526,736.3665505191602,431.63919311299105,348.88302660168847,7.30228522113196e-05,-0.2201773102638527,96,69,95.95017843408952
11313,882.9749480789329,159912.069110292,75496.98539400235,76700.2613193548,2082.586328422767,710.0314389243285,413.70299341285136,349.6637473816518,-4.186229836841612e-05,-0.292134046710516,96,69,95.94593390190089
11314,882.9922511664467,159949.17415324494,75477.41974718432,76704.196791768,2024.032432590844,686.3238022460864,399.2257306292013,341.1133811887994,-5.465158627451981e-06,-0.3460008532984818,96,69,95.94167113306878
11315,882.9951502123994,159919.37019911548,75501.07422875986,76707.38984607375,1977.2048532753834,665.1690307893732,385.7028028367786,335.6985325749847,5.06765132552446e-05,-0.3684949556628615,96,69,95.9373902230616
11316,883.0115815011211,159953.49403490731,75499.78986459988,76664.98294328828,1928.0267932048882,645.7070733369474,374.93011351759196,321.51647249495727,-7.63081128834845e-05,-0.4166848313812705,96,69,95.93309126795394
11317,883.0149191812692,159933.7759015594,75457.83859942148,76688.34020249742,1880.8150151271257,627.6174766998884,364.1105218564335,311.90280465129763,7.246127784018021e-05,-0.4088323943507832,96,69,95.92877436442164
11318,883.0322141583122,159946.93505614172,75493.38682755691,76708.84505187918,1825.033952589787,610.5727290891955,355.2692576829286,296.1192299849645,-4.062509000398821e-05,-0.4012204262538173,96,69,95.92443960973716
11319,883.0350250604791,159947.57617739626,75472.24351877042,76692.46779285287,1770.100458314526,594.7316446607729,345.6565762855753,289.1586126271868,-6.900028657068584e-06,-0.4274571031635151,96,69,95.92008710176334
11320,883.0515174617008,159953.034735084,75478.66594803863,76662.52049500652,1711.0920029034605,580.666761828863,338.12005517838406,279.5871141109965,5.175477400266394e-05,-0.4234845786953414,96,69,95.91571693894934
11321,883.0548956573272,159948.2039566277,75471.51071967042,76645.50522522625,1661.1557139257784,568.975827115617,330.51861668526544,281.3318154120352,-7.661329742495873e-05,-0.4227686607464671,96,69,95.9113292203244
11322,883.0721665988694,159985.1177646512,75475.76090173017,76676.35764319183,1618.3084210599773,560.6716279464599,326.27209566844977,282.0029122555279,7.187558677394183e-05,-0.4189820657227528,96,69,95.90692404549311
11323,883.0749012272436,159926.99267261018,75469.53278684759,76641.81127291621,1594.8041830643197,556.0930165396421,323.19461935106665,294.87052690415294,-3.937485329215524e-05,-0.3904199402331818,96,69,95.90250151462982
11324,883.0914586498429,159917.18443661346,75464.81353859637,76647.94690273333,1584.7228912170976,556.0081829305127,324.7959263646335,304.947882571636,-8.331806334595965e-06,-0.4282724521255467,96,69,95.89806172847352
11325,883.094875189097,159880.80530722972,75441.5568477288,76642.35413465952,1593.9068541991292,559.9557410665875,328.22506383043947,323.7724433251133,5.281501686545999e-05,-0.4314717202092717,96,69,95.89360478832224
11326,883.1121090550206,159861.92212092233,75474.64490359026,76638.08056622889,1611.5078419383499,567.9517462367512,335.8707015106338,336.2806565698411,-7.689250236558078e-05,-0.3934558666849563,96,69,95.88913079602752
11327,883.1147796164114,159848.7402863268,75456.1167841459,76628.84069542799,1639.1349268956692,578.3562198725413,343.46527924208203,355.36017113004345,7.126598763297372e-05,-0.3840865525831139,96,69,95.88463985398955
11328,883.1314048203586,159836.40480217,75444.16010912367,76643.77590275576,1663.9238730838406,590.3715064619028,352.86226241182885,365.9685163027316,-3.811201741026592e-05,-0.3806006907185494,96,69,95.88013206515102
11329,883.134857717054,159827.19472349805,75450.9328489625,76636.42736811996,1687.1371855309699,601.470192079345,359.68493859126465,381.69653351278976,-9.76001075481438e-06,-0.3760062188175313,96,69,95.87560753299228
11330,883.152039218258,159794.66550435877,75421.05709177715,76632.99646200679,1698.6756209868472,610.5500420584722,366.16827707353514,388.6871229983517,5.385689491871858e-05,-0.371009183803078,96,69,95.87106636152524
11331,883.154665833509,159814.6963664249,75462.66111155487,76620.47046284756,1702.6105816732743,615.0296057842352,368.575400205038,401.3868157323159,-7.714564656858022e-05,-0.4062524894485551,96,69,95.8665086552881
11332,883.171347254333,159787.60521874577,75432.63625672112,76599.5190636012,1691.8196160783991,614.6303536624619,370.16712613834534,404.43088235493633,7.063269952366258e-05,-0.3898614957633456,96,69,95.86193451933995
11333,883.1748605471195,159741.23800642378,75415.70806408429,76614.5579798804,1672.4229553154437,607.7468570988858,367.61108437695657,411.5148217044771,-3.683701378806998e-05,-0.3760087160592194,96,69,95.85734405925496
11334,883.191905642824,159745.1622819613,75446.81739876934,76624.78742209973,1639.8830026321812,595.4262070672557,363.8101008615049,407.9540942242602,-1.1184161604081117e-05,-0.3724576608219004,96,69,95.85273738111675
11335,883.1952802247339,159739.3852964723,75415.9388256132,76615.39077677586,1600.8430626161862,577.1988083279139,354.990495316888,408.2398048888135,5.488006680342209e-05,-0.3388954174215168,96,69,95.84811459151308
11336,883.2114531608216,159799.206187228,75415.73174471599,76598.85284256806,1551.1251969594741,555.2264782853308,343.87645415228326,398.55495704032364,-7.737265855280564e-05,-0.3332446592983187,96,69,95.84347579752963
11337,883.214737479046,159773.27060508155,75409.6412447422,76609.59052534499,1496.2123347315355,529.6098281525337,327.29384608738474,393.7718416717835,6.997594867349071e-05,-0.3593633441413455,96,69,95.83882110674467
11338,883.2319385101771,159743.4439474901,75439.73188257795,76606.31857657223,1431.6074881723616,502.7863333461719,309.07946214522235,380.139144131128,-3.555027940658528e-05,-0.3521751064844171,96,69,95.83415062722364
11339,883.2351345809637,159782.6386358424,75413.34052037899,76610.37897175914,1362.8263434984838,474.4317923627532,287.11669120934675,373.77349884290015,-1.2603781612708646e-05,-0.3744244946383694,96,69,95.82946446751292
11340,883.2513902023621,159812.8521064574,75426.5055497445,76621.31594809913,1286.2711492922972,446.65684886930103,266.26112221504445,359.9426619975711,5.588419730807218e-05,-0.3952383117771787,96,69,95.82476273663414
11341,883.254685297161,159760.34898322617,75402.28503278135,76585.26989486275,1208.076670076407,418.61196661963186,244.86079488007817,353.23645972204395,-7.757347606889802e-05,-0.3732278867247682,96,69,95.82004554407864
11342,883.2719286508656,159772.8289257864,75421.5129909511,76567.26987991735,1126.3064309058245,391.90208584252105,227.0675273394154,338.3145488167647,6.929596855486773e-05,-0.3772776441886892,96,69,95.8153129998016
11343,883.2750083552346,159783.55256605666,75417.03568162833,76578.75413318914,1047.8427819514181,364.83078818701324,209.80596468728618,331.1458567183872,-3.4252254064137245e-05,-0.3570779715216752,96,69,95.81056521421624
11344,883.2913160345224,159814.87054888313,75379.65525360407,76560.46077520396,970.5194087268901,338.5381181796256,196.0005793806631,316.33559154567774,-1.401839425333e-05,-0.3642266037747519,96,69,95.80580229818764
11345,883.2946507286924,159820.23036159365,75396.84575633997,76580.26719614529,899.1206612701644,311.09966785296274,182.0703698526777,309.50937968163635,5.6868958511843456e-05,-0.4014787134819279,96,69,95.80102436302752
11346,883.3119017414555,159787.3586552974,75358.55043456101,76573.86862350765,829.8069251851994,283.99075298398384,170.67289732486825,295.49199053738266,-7.774804530968897e-05,-0.3775828168006127,96,69,95.79623152048784
11347,883.3148869180935,159828.81300026368,75354.11923279625,76554.55875881642,765.5635568907601,255.91171418255544,158.41188229891122,290.8396166607854,6.859300118376328e-05,-0.3527217277741615,96,69,95.79142388275514
11348,883.3312413133945,159819.44493278145,75342.32417844556,76545.61859958498,701.7341792969964,229.50540603033733,148.3616833422857,278.81028545845766,-3.294338133818388e-05,-0.2404678568956679,96,69,95.78660156244456
11349,883.3346259924455,159818.1199111649,75358.11467790965,76536.212278435,640.7964701117016,204.27937890254543,137.5189598245488,273.90882160613546,-1.5427525495512237e-05,0.0377663917835749,96,69,95.78176467259392
11350,883.3518619067347,159810.34186892037,75331.33201333827,76522.89578752432,579.1264398878557,182.84014470587135,128.381056353217,258.53967474534875,5.783402851283196e-05,0.09533135936596,96,69,95.77691332665758
11351,883.3547681236139,159833.2082612694,75331.2821865973,76531.36219049488,519.73866942327,163.3901077521441,117.14338851041975,247.90123931490234,-7.789632133092317e-05,-0.5483601924715245,96,69,95.77204763850104
11352,883.3711685674804,159857.3398785434,75322.18977565253,76543.22548011962,458.9373692658846,146.668195246486,105.6120808555861,223.8081179067085,6.78672957964438e-05,-0.6545702884877587,96,69,95.76716772239396
11353,883.3746089019792,159854.02489798714,75351.06190555335,76556.94644537031,398.08760122198146,128.76193909895665,90.05692159148748,201.6868998988066,-3.16241082769689e-05,-0.2851029862366587,96,69,95.76227369300516
11354,883.3918089567914,159914.98625325618,75367.07421734098,76521.04177003885,332.300074165978,109.04719874846342,72.58885404386092,165.52347152819857,-1.6830703320347223e-05,-0.3611916242068054,96,69,95.75736566539614
11355,883.3946538642185,159910.5730624335,75359.52957545551,76520.13466699026,262.35300294007175,83.96880594656977,50.998266662994865,134.12140773012652,5.877909262824567e-05,-0.3512155277732077,96,69,95.75244375501488
11356,883.4110961293684,159939.99041178956,75348.61429386974,76519.68725457012,185.81428615155164,56.04339276225073,29.85794107837137,92.80598137932247,-7.801826838688539e-05,-0.3117312852938439,96,69,95.7475080776899
11357,883.4146019115648,159987.1101398475,75352.21018878385,76519.44611857536,109.4785801845137,27.093894493067637,10.407414952933323,61.57200696770451,6.711910916635856e-05,-0.3170982232484628,96,69,95.74255874962452
11358,883.4317366420371,160015.70227820709,75344.7668856195,76524.92355979733,41.43625154357869,6.001242524100235,-0.0,27.56895836206968,-3.0294885254562267e-05,-0.2807665052372783,96,69,95.73759588739016
11359,883.434555407604,160022.57464300012,75337.96509567767,76543.51150795366,-0.0,-0.0,1.923807440616656,12.005063018441433,-1.8227457612551148e-05,-0.2804414412854943,96,69,95.73261960792074
11360,883.4510063347211,160025.1375149813,75371.76215279495,76551.38747874167,2.7028696500346996,20.57989981758874,23.297205709241098,-0.0,5.970384316378507e-05,-0.3124227501948015,96,69,95.72763002850624
11361,883.4546387547421,160003.29284259808,75355.77628164481,76554.06597580026,70.44686077238293,72.84694308707549,64.82057924655965,10.05754211745807,-7.811385940340135e-05,-0.2562245306443322,96,69,95.7226272667868
11362,883.4715575058484,160007.44774729875,75341.97731499541,76504.60454602793,214.74141549074557,160.98035253412672,127.89240891244845,25.665759636991424,6.634870559104678e-05,-0.2351192878914491,96,69,95.71761144074628
11363,883.4751097888719,159924.19038262544,75343.19690239624,76559.57131755695,440.2823570242035,279.1734428721102,206.6193814407743,62.984198662190465,-2.895616572209444e-05,-0.2430043444249298,96,69,95.71258266870628
11364,883.4912260785962,159874.50623737194,75372.44160847638,76533.1905368683,735.9255463063018,419.6784353534749,295.6985807158926,103.13943681382807,-1.961732136747972e-05,-0.2192785983340716,96,69,95.70754106932
11365,883.4944747928012,159849.28739779306,75363.87050627024,76548.5912114381,1081.5984991454752,566.9061565395823,384.95216128850006,160.0453166505904,6.060797888274405e-05,-0.2202020234992421,96,69,95.7024867615658
11366,883.5116124175929,159798.2262105664,75364.82491032785,76546.6002298426,1446.0538570898352,707.917167147767,467.5070558307052,213.26882314498653,-7.818307658834701e-05,-0.1974461568629755,96,69,95.69741986474124
11367,883.5149631911955,159700.63818703845,75366.4531682556,76520.51673525426,1798.0777697124868,827.450107822704,535.156068742348,278.10649776659557,6.555635662153378e-05,-0.150131174218514,96,69,95.69234049845667
11368,883.5311611670912,159615.08893027727,75360.89433578217,76510.45101448215,2106.7998557534884,918.2795733059902,585.3738967320241,334.4977395031892,-2.7608405845737405e-05,-0.1881337052678793,96,69,95.6872487826292
11369,883.5344124795067,159554.14570282414,75354.74704029609,76521.93476684413,2351.5738944356563,974.4395890255255,615.9744570673356,397.4918721750146,-2.099982961603042e-05,-0.1392442740457751,96,69,95.68214483747624
11370,883.5516116038309,159526.21266829714,75356.54511893091,76541.22503605804,2519.7928506117896,998.8845806733298,629.7018537979893,447.7536117382115,6.149120652264599e-05,-0.1213667358885725,96,69,95.67702878350931
11371,883.5548432231595,159477.0167787734,75348.51512229975,76531.27840535215,2611.74501532095,994.5311685548513,628.4533007171704,502.6739242534968,-7.822591024809336e-05,-0.1438151365348856,96,69,95.67190074152766
11372,883.5710784701492,159398.07626146544,75335.14691023392,76538.52171603548,2634.292859878333,970.6682318107341,616.8787435622799,543.376270904846,6.474234096744819e-05,-0.1232911706903669,96,69,95.66676083261244
11373,883.574372974744,159364.28549018587,75331.55863391906,76518.42072686266,2602.2242061662837,933.4410963527189,597.452331714172,586.3473884969717,-2.625206499011986e-05,-0.1362592459311189,96,69,95.66160917811962
11374,883.5915915740658,159310.15143611134,75330.7833243496,76514.81035281059,2531.111446488765,892.004219842318,573.8649967083329,612.9394401314203,-2.2374520048717397e-05,-0.1517945948838751,96,69,95.6564458996744
11375,883.5947293715736,159286.16709964405,75344.48677859089,76534.45173592397,2438.3713667976554,849.89281044768,547.5575548544002,641.4445597186859,6.235323920179753e-05,-0.1830473295892337,96,69,95.65127111916442
11376,883.610992098476,159252.97018928727,75314.19203877724,76492.55633463101,2337.253971547587,812.3229648457927,521.0720971616829,653.7548761039798,-7.8242360229232e-05,-0.1978493943801938,96,69,95.64608495873394
11377,883.614346703738,159274.72733896648,75322.41452124678,76507.41970736453,2239.0791573257884,778.707957835446,495.33269587511313,667.9750698429707,6.390694497543844e-05,-0.2349381633914447,96,69,95.6408875407768
11378,883.6315573732385,159223.77824327914,75326.1126029266,76509.02326637557,2149.0751232050243,750.3274512537027,472.0355588075763,667.3178373388946,-2.4887604903786733e-05,-0.2757564514198367,96,69,95.63567898793067
11379,883.634618803241,159226.46959559433,75308.6907145726,76464.22622395484,2069.8057282059453,723.7417159125325,451.36688520855387,671.8359180516854,-2.374093376579846e-05,-0.2802207597249563,96,69,95.6304594230704
11380,883.6509049389413,159242.1139152118,75322.95402825453,76521.9926952887,1998.4250305247842,698.7754599609034,433.70639383685193,664.4321077119384,6.319379783382139e-05,-0.2783840957111186,96,69,95.625228969302
11381,883.6543317747416,159251.85301438443,75297.82269546864,76510.28157901925,1931.4619863452972,672.0794022310147,418.11734401245485,663.3529119248851,-7.823243530535318e-05,-0.2779757125223896,96,69,95.61998774995544
11382,883.6715080887187,159223.33348586978,75317.83654854937,76489.6004926934,1863.3791371897678,644.2958777827007,403.7319287802093,651.147508067661,6.305046145420005e-05,-0.2565148460612341,96,69,95.61473588857946
11383,883.674514175345,159230.78735638116,75329.87954804672,76497.69984521747,1791.6479165029014,613.6577574053954,389.29880949566723,646.4074337945785,-2.3515489774417818e-05,-0.266457143683376,96,69,95.60947350893406
11384,883.6908142780119,159232.87409982033,75367.06877372852,76515.19570860338,1714.5799047785695,582.6644266225048,374.1863635641639,630.9618593511404,-2.5098614289163603e-05,-0.2434882539160108,96,69,95.6042007349852
11385,883.6943325121701,159225.0459356159,75308.66864220751,76501.33350897815,1635.1760257908609,551.57843258098,358.4687778446241,622.7005171731289,6.40126104375003e-05,-0.217556148006196,96,69,95.59891769089715
11386,883.7114347039533,159266.19463299034,75357.0751989842,76527.34369657567,1557.286300776701,524.2092839602556,342.9700605616672,605.4431183146953,-7.819615283534931e-05,-0.2464176631287626,96,69,95.5936245010271
11387,883.714430375743,159247.19279236006,75317.56185366624,76504.5696027716,1487.9659106759937,501.67622837694944,329.40625819555135,599.3621971196262,6.217319048227994e-05,-0.2321153968406774,96,69,95.58832128991844
11388,883.7306971325487,159256.2099056489,75319.02954400133,76492.78025574808,1432.380204039102,487.7137752500421,319.2643085155287,588.6135722186882,-2.2136186559954693e-05,-0.2581112687088712,96,69,95.58300818229426
11389,883.7343916136867,159250.69917782224,75304.60312316881,76483.3800924296,1396.3003336691181,482.6464467706246,314.22966491876286,591.9535810520756,-2.644710888867334e-05,-0.258513217853839,96,69,95.57768530305076
11390,883.7512343871091,159251.25588696275,75314.77796326048,76481.35680240179,1381.4217540609534,488.133269094571,314.61230400847853,593.408351272461,6.480941280465123e-05,-0.2391772531467999,96,69,95.5723527772514
11391,883.7549000759142,159238.36990015538,75281.90224968904,76523.91501312393,1388.807143023354,502.1607397004118,320.63170131857623,609.6307030950557,-7.813353908213004e-05,-0.2472013901886055,96,69,95.56701073011968
11392,883.7710310539602,159174.73320337912,75301.51483881447,76481.06035528256,1414.8214018507279,523.7246399383876,330.7390040609753,622.2444156894926,6.127543896344819e-05,-0.2168057143164429,96,69,95.56165928703362
11393,883.774201068213,159167.87629263967,75292.96023720628,76464.61780825988,1455.742665058584,548.83558803903,343.81256071836106,644.99815574885,-2.075016389006916e-05,-0.1993646283246641,96,69,95.55629857351838
11394,883.7912982468121,159156.82894184848,75309.4586664093,76479.90338718962,1503.9207410604577,575.0527717252844,357.1982538479497,657.8176912188355,-2.778596769858988e-05,-0.2124226759000214,96,69,95.55092871524046
11395,883.7947626812012,159108.7945972684,75307.71913353523,76462.8191450693,1553.5082817122457,598.1104277476697,369.6320403034333,675.81130621786,6.55839480177749e-05,-0.2029714807835277,96,69,95.54554983800116
11396,883.8109583079722,159133.957023311,75296.31908898658,76443.20510988473,1596.0822962916573,616.0675779821468,378.61802043108037,680.8218726455234,-7.804462963966163e-05,-0.1955825363793176,96,69,95.54016206772997
11397,883.8141339380836,159064.70283873728,75270.53168211938,76448.39755230116,1626.9045251343632,626.2995870679442,383.73419363002176,688.6703285368567,6.035752059489252e-05,-0.1878001365068725,96,69,95.53476553047815
11398,883.8312988341596,159125.78727622054,75287.67357775153,76471.7710480858,1639.9518799951766,628.5647584322141,383.4513098935422,683.043129410973,-1.935789237636258e-05,-0.1836788458620378,96,69,95.52936035241244
11399,883.8346562463386,159122.81056071408,75292.20239982056,76455.0560195259,1634.5133914174512,622.219714878258,378.8369029543537,682.1304231781396,-2.9114744612986276e-05,-0.1619720506041793,96,69,95.52394665980836
11400,883.8508627201228,159098.6533868219,75270.47647451547,76475.27215565223,1608.6233711460372,608.4324667434266,369.5030343749677,670.5638593590411,6.633596704107618e-05,-0.1508765274529973,96,69,95.51852457904404
11401,883.8540939008133,159080.55964049956,75262.77932254973,76444.57272707246,1565.6168748876662,587.8705084506801,357.5247562014556,664.8025820211915,-7.79294681692653e-05,-0.1550804748062897,96,69,95.51309423659356
11402,883.8712780522533,159126.6829625643,75301.67965077602,76491.78190564235,1506.4989064357942,562.1055221165007,342.85909576460836,648.8947053473967,5.941975551497226e-05,-0.1524356474581953,96,69,95.5076557590207
11403,883.8745585727643,159107.24250500774,75273.25873782742,76455.66805126239,1437.0544423338142,532.1239752210095,327.708910077723,639.4702084669261,-1.7959845108147873e-05,-0.1508106002845869,96,69,95.50220927297202
11404,883.8907579586578,159107.0817378866,75282.49844662548,76475.91357388743,1358.957054884755,499.2020002061472,311.3577779601619,620.4565564207733,-3.043299723220125e-05,-0.1858137913793553,96,69,95.4967549051712
11405,883.8940737688301,159153.98435845342,75282.55317477268,76428.58993496634,1277.8451425413368,464.2912803587533,295.1870121824031,606.8049059167388,6.706522845197162e-05,-0.1643981299923978,96,69,95.49129278241182
11406,883.9112367620914,159175.59550875335,75300.8689553441,76455.13390669956,1194.0941100676428,428.2133707435132,277.54549266549293,582.7944408085896,-7.778810771289247e-05,-0.1370926063493605,96,69,95.48582303155136
11407,883.9144733307803,159164.17206787012,75274.13112040127,76432.2869329271,1112.122879630886,391.95275188934465,259.49713903528755,564.1211898355978,5.846247056091949e-05,-0.1474401186261728,96,69,95.48034577950446
11408,883.9306356480673,159179.6202891928,75282.64758089048,76469.31808491718,1030.0501882983372,356.0716435753566,239.23022610525368,535.3235585120274,-1.6556496266581206e-05,-0.1199758523682456,96,69,95.47486115323692
11409,883.9340941201879,159223.84478549115,75282.80755873489,76439.71471914391,950.4635078635183,321.8078510603227,218.2929195255565,510.6642156592861,-3.174028661363756e-05,-0.1319022868311571,96,69,95.46936927975892
11410,883.9511124952072,159241.8688696136,75302.84100290018,76449.48927795999,870.0789689497906,289.64057920878986,195.73827563220402,475.6873415010341,6.777149837490042e-05,-0.1117716836376986,96,69,95.46387028611836
11411,883.9536093149969,159242.1906794053,75299.46768390456,76442.9937492091,792.0874252855428,261.15940920803405,174.45129062555498,446.0971717122884,-7.76206101601274e-05,-0.1074635723212816,96,69,95.458364299395
11412,883.9705915321507,159323.97292955843,75283.84692382495,76467.00071643785,713.8025336764986,236.37469622999197,154.01122447682428,407.06341818443616,5.748599883628567e-05,-0.0623259475100161,96,69,95.45285144669371
11413,883.974078614902,159321.06079659326,75293.78077106575,76464.25650803535,640.6398719732533,216.46108733821893,137.51646127380081,374.39713469770504,-1.5148321705814584e-05,0.2165216333464178,96,69,95.44733185513812
11414,883.9910012079715,159362.98938776748,75293.51319714576,76479.65438478149,571.3790791424108,200.04599419378792,123.82114402134903,334.98208596670884,-3.3036178179061525e-05,0.2755738240241061,96,69,95.44180565186394
11415,883.9935199846167,159375.3132433069,75310.63475514394,76482.69771016645,511.74279108905466,186.93953146366403,114.59008845646167,303.80407361185644,6.845455148305565e-05,-0.2937828863052794,96,69,95.43627296401284
11416,884.0105605789197,159446.51053798318,75327.1502733508,76473.31501792835,457.57888731651474,173.73277832742315,106.54786762653384,266.47441484811134,-7.74270457936053e-05,-0.4436875122389471,96,69,95.43073391872603
11417,884.0140511313266,159431.50665939914,75320.27961602903,76503.55871070243,410.81494483602,159.2574866123323,99.78205305075971,236.59945952353883,5.649067980939582e-05,-0.1160372850131923,96,69,95.4251886431378
11418,884.0308899197717,159497.98428215837,75268.64599391981,76498.62002421441,362.52890974475304,139.69239930172625,90.13160062980023,200.26415188220562,-1.373579882002863e-05,-0.1557251449398135,96,69,95.41963726436884
11419,884.0334329709669,159499.2691141971,75322.51478630627,76501.47673902583,311.81765530473785,115.28363541894942,77.94232890708372,169.87043591198744,-3.432024103014314e-05,-0.1443005713063534,96,69,95.4140799095204
11420,884.0505371644297,159529.7386333266,75287.77075836845,76445.83062721457,249.4407614019583,84.51094299004762,60.3226405539026,131.5207485256833,6.911416976408402e-05,-0.1110172816639735,96,69,95.40851670566764
11421,884.0540144973642,159574.93212063823,75301.30697629481,76469.9855684247,180.26063356688246,52.038632287294604,40.54379150521709,98.75934419516125,-7.720749384049371e-05,-0.1324083590428257,96,69,95.4029477798527
11422,884.0707769512825,159572.7623144768,75298.46496873086,76482.66225440748,104.84342283150181,21.191565651708515,19.5580634320213,61.25152426431305,5.5476859267627336e-05,-0.1185033289004154,96,69,95.39737325907932
11423,884.073350914481,159632.53711215916,75331.25939186409,76524.5291322253,40.87833868485177,1.7710349973785924,4.727178260538494,34.055823787726695,-1.2319406077474476e-05,-0.1254101611499424,96,69,95.39179327030595
11424,884.0905187073263,159639.94206598302,75331.60546013522,76497.04388365151,-0.0,-0.0,-0.0,8.48623447160935,-3.5592048660768456e-05,-0.122159797836481,96,69,95.38620794043936
11425,884.0939694175985,159654.83388340753,75311.46116867525,76475.06918959966,8.064165938238148,26.392984773832723,13.980725354253082,-0.0,6.975014328203774e-05,-0.1259776261381204,96,69,95.38061739632823
11426,884.1106623420362,159671.6026501544,75306.47859381417,76466.5824971612,76.66605246474501,83.3942085155868,48.606760497787036,0.17039974240469746,-7.696204245869585e-05,-0.1206018784078188,96,69,95.3750217647571
11427,884.1132751048066,159627.02082402186,75303.98926261242,76480.50204853155,222.8136093474459,174.15091434906935,107.01298778777709,20.883480388787575,5.444488878353853e-05,-0.0945822058610501,96,69,95.36942117243971
11428,884.1305034462614,159583.06105977643,75307.47069721618,76445.37209934833,439.84798640653025,290.4124532391579,183.08346137637272,50.22060327284271,-1.089962314996597e-05,-0.0828041071737692,96,69,95.36381574601316
11429,884.1339160722147,159516.00422593532,75325.18102344568,76453.89793540645,723.007604018203,425.22185737437394,271.925009765313,96.40545738916262,-3.685117905341414e-05,-0.0585771218916262,96,69,95.35820561203111
11430,884.1505467280801,159460.19982673274,75280.59502556917,76494.20081906285,1043.2509980647592,562.1453655601945,361.3094975897984,145.99952817233861,7.036227069756586e-05,-0.0655558871320525,96,69,95.35259089695748
11431,884.1532062465209,159444.50831536442,75318.3833855957,76483.04707568468,1378.6837878181832,690.6633667821006,443.8206923153193,204.6541045034537,-7.669078813106039e-05,-0.0550341819363947,96,69,95.34697172716058
11432,884.1704899032396,159402.73700793306,75287.51759628527,76459.77970740556,1691.7326638074592,795.4975578851736,508.89977268590883,258.855847806175,5.3395125956893535e-05,-0.0560480537058374,96,69,95.34134822890664
11433,884.1738545400203,159307.8463663309,75319.41476849666,76464.57176778432,1964.1434425214538,872.7037585908693,554.6619548229355,314.95392060501035,-9.476930366710598e-06,-0.0736143306862607,96,69,95.33572052835324
11434,884.1904310053155,159235.1142589941,75310.79170721052,76471.18502215383,2171.0283270886284,916.054637588124,577.8072963608429,362.1984586425242,-3.809721455144921e-05,-0.0404476602631839,96,69,95.33008875154356
11435,884.193144690241,159191.18725344073,75306.40203502678,76457.79666405877,2312.211265291844,931.2305058744241,583.245089589982,408.01750106186955,7.095035818925718e-05,-0.0402514599829171,96,69,95.3244530243997
11436,884.2104767249257,159157.74396152614,75313.09926936324,76487.31603548894,2381.732747045462,919.8102315685392,572.6583380363154,444.27376937365625,-7.639383638648901e-05,-0.0487334727804184,96,69,95.31881347271651
11437,884.213784948135,159150.82603641177,75331.8063742089,76470.66170435226,2396.4093195600435,893.1526832793315,553.7158638711553,480.1091648740112,5.232793434979768e-05,-0.0394518214307921,96,69,95.31317022215612
11438,884.2303161883863,159131.53245056298,75327.84949899801,76439.69383137368,2361.328543056501,854.8852660368284,528.450355485882,509.38852031872375,-8.051808682808771e-06,-0.0538820222843236,96,69,95.30752339824026
11439,884.2330905219538,159052.49764167564,75281.00329013077,76463.04834395417,2297.2519466081867,815.1906372001249,502.8729298774415,540.0235590189404,-3.932974194157396e-05,-0.0727899504351895,96,69,95.3018731263454
11440,884.250462634232,159039.36826361032,75276.27193711034,76465.34976410327,2207.9529235009686,774.1288172618952,476.5390179335518,565.2469266526459,7.1514220439521e-05,-0.1044851354273962,96,69,95.29621953169617
11441,884.2537075340531,159015.25151891942,75271.14811532528,76449.97666140289,2110.294271159044,737.7263114747911,452.99253520165803,591.1915457483265,-7.60713008422349e-05,-0.1386043548491451,96,69,95.29056273935872
11442,884.2702033339036,158981.4459697756,75290.00919075834,76420.60574385241,2002.7906330077676,701.6035704060196,429.6072027502523,610.7092791418545,5.124368301087081e-05,-0.2059876606898383,96,69,95.28490287423548
11443,884.2730436059283,158970.15816601546,75266.86786074589,76448.82758687602,1896.4270663019852,668.008153321789,408.05408576794434,628.3211337701068,-6.624740096878977e-06,-0.2266349301984849,96,69,95.27924006105796
11444,884.2904464215766,158950.21594691745,75294.59178587732,76419.62211678745,1785.5638286109315,630.5355420579435,384.8705859450565,637.8330688939022,-4.054835325373583e-05,-0.226752276790192,96,69,95.2735744243816
11445,884.2936226722402,158975.801745834,75270.5328250905,76435.55522732988,1678.8968533575535,591.8256386214052,361.92067582311574,644.4796253885434,7.205368070951428e-05,-0.2419917690852327,96,69,95.26790608857904
11446,884.3100934891365,158942.02746028628,75247.33716157608,76440.79569854762,1569.9673098969506,547.4564185418858,336.68282731677755,644.2571678487002,-7.572330401410337e-05,-0.233926872514791,96,69,95.26223517783448
11447,884.3130036113114,158916.29870776783,75260.86349355332,76430.04237541996,1466.870896768698,502.7515370127512,312.0209326009499,642.5578473447822,5.0142746520675865e-05,-0.2108226060255718,96,69,95.25656181613694
11448,884.330426951894,158988.50924341637,75240.04575536026,76428.28675304215,1364.7998021480744,456.45664988749195,286.74294829388964,636.6740491507808,-5.196206631323948e-06,-0.2077987055511523,96,69,95.25088612727524
11449,884.3335308835573,158983.8925614014,75257.73893188105,76400.1156004106,1274.5040578581393,416.6543671148247,264.81195506444783,631.3590333069733,-4.175264518181205e-05,-0.2028819620089218,96,69,95.24520823483071
11450,884.3499876523241,158953.1379242891,75253.50945795234,76430.26012960271,1194.25953312841,383.40872281746124,245.69542967452435,623.8987572488841,7.256856976638703e-05,-0.2037070245270494,96,69,95.23952826217248
11451,884.3529700339514,158981.50320447714,75264.1141555089,76428.1759881132,1135.6828801651136,363.9933827500354,233.08178468083497,617.0875690902176,-7.534997723853868e-05,-0.196592456996521,96,69,95.23384633245036
11452,884.3704031773595,158956.1360197971,75270.46920730028,76467.2799406753,1097.3978611944476,356.5930530614569,226.012936289364,608.2428649092035,4.9025505224609245e-05,-0.174094947649027,96,69,95.2281625685896
11453,884.373432835524,158997.18982624737,75283.50370676712,76427.92159867207,1088.7330899602966,365.55931370484177,227.24840238600154,599.418482844776,-3.7666906091591672e-06,-0.1622688763842546,96,69,95.2224770932845
11454,884.3898867386409,159014.95881663405,75309.16851415094,76478.1195332884,1104.4604979546857,385.6164996532607,234.6038695242023,589.252388069348,-4.294221903322327e-05,-0.1824204560074832,96,69,95.21679002899258
11455,884.3929422187754,158961.80335284863,75292.55557379525,76430.79394813995,1147.2296030524885,417.24155457201414,248.94143427803647,579.8896736796014,7.30587277770566e-05,-0.1911398193245561,96,69,95.21110149792894
11456,884.4103741504408,159059.6416411478,75326.06114957794,76487.81504827781,1206.3969255610718,452.71033670914767,266.56052416251623,571.6300440563355,-7.495145972346777e-05,-0.1830544312045299,96,69,95.20541162205988
11457,884.4133293379568,159020.93425521872,75322.4412470304,76454.26229581666,1279.11323079461,491.16394492198015,286.9083335462492,566.0961922173155,4.789234428769884e-05,-0.1874941771670226,96,69,95.19972052309734
11458,884.4297915483272,159022.28109725533,75298.15643668985,76501.33247143679,1351.7291259956546,524.981336407378,305.5935400023591,563.7987157384923,-2.336674524850868e-06,-0.1912094261384768,96,69,95.1940283224928
11459,884.4329193863531,159041.7243361214,75315.57909524564,76455.60045341101,1419.1140094118891,553.9044700494851,321.763605919783,564.3344678789144,-4.411668227135587e-05,-0.1943553484037546,96,69,95.18833514143196
11460,884.4503390327997,159029.26483850047,75309.4416351235,76459.1565497642,1469.7508603339083,572.4458501190675,332.060169659293,567.5097765731916,7.3524002347729e-05,-0.1889252157557618,96,69,95.18264110082814
11461,884.4532213384306,158993.83444350507,75332.9137655605,76475.49279781137,1501.716243103554,582.5289282991871,337.0556700604793,570.7210462847434,-7.452789932734602e-05,-0.1753920594226123,96,69,95.17694632131692
11462,884.4697027329786,159016.7880545209,75339.19270118093,76457.95378790316,1509.53109765728,581.1257532058808,335.314184480987,574.0292166578874,4.674365433429977e-05,-0.1668771077479299,96,69,95.17125092325054
11463,884.4729006683098,159025.7301033493,75314.66035739645,76484.48482004025,1496.1276661806623,571.6684815197077,328.75747191353,574.4187727587996,-9.066405500360908e-07,-0.1433244040978417,96,69,95.16555502669168
11464,884.4902970937846,159020.96044391356,75314.55630830034,76499.0044163122,1462.2225105389953,553.0436932716111,317.3571028391016,573.6445929965121,-4.5275646751319325e-05,-0.1654740252059134,96,69,95.1598587514079
11465,884.4931099249303,159026.97316290293,75307.57117656682,76458.17042523508,1413.564465050993,529.4758708964218,303.46882481558714,568.6991256885522,7.396425030778441e-05,-0.166453329742418,96,69,95.1541622168664
11466,884.5096207520321,159032.7886050344,75304.12645091671,76468.17944950121,1353.2067301419447,500.47828376936377,287.2438929359196,563.0966005144583,-7.40794524315618e-05,-0.1830416710197103,96,69,95.14846554222736
11467,884.5128851616222,159066.94281544868,75307.82930063116,76479.56710843508,1285.4301334346528,469.6357449394127,270.39246597117744,553.5657928010914,4.5579830959930807e-05,-0.1838557561605365,96,69,95.1427688463392
11468,884.5302476849355,159042.9443360422,75276.92011971324,76447.2488811176,1212.6723668847117,436.395840086363,252.824213161628,544.1515067007276,5.229289980792139e-07,-0.170648085304316,96,69,95.13707224773248
11469,884.5329963528661,159064.48110134306,75305.56843092416,76461.32074865802,1136.0336276741,403.33075041773554,235.5844662086165,529.8237664782209,-4.641873026604613e-05,-0.1786064694017539,96,69,95.131375864614
11470,884.549545798122,159112.43514521557,75297.66820475651,76464.26502098738,1057.2300094723469,369.5175173609314,218.44808676783578,515.1261620540754,7.437933664825284e-05,-0.1764758032850122,96,69,95.12567981486232
11471,884.5528720296512,159126.9467691407,75292.57160167038,76469.46670438821,975.4556298833922,336.55644700629637,201.96591664344305,494.30525415274315,-7.360628352016594e-05,-0.1601671891392233,96,69,95.11998421602055
11472,884.5701901526452,159110.34055042308,75308.59892216892,76489.16465410653,893.8148738337914,303.90097978037375,186.05422820718377,472.8992674885085,4.440127458064543e-05,-0.1704566278208044,96,69,95.11428918529248
11473,884.572882147318,159136.27595292925,75303.66521972744,76471.77072373743,811.3243584954762,272.8980727964372,170.8936777531926,444.6891977790219,1.951552426063209e-06,-0.1529502847889172,96,69,95.10859483953551
11474,884.5894776232534,159221.02299928904,75309.49277037836,76491.12915888996,733.9147838721983,243.7320682984282,156.56016111857025,417.48133839829825,-4.754555595974678e-05,-0.1378214116677444,96,69,95.10290129525669
11475,884.5928607435999,159242.37493098935,75294.45628155705,76456.70353020249,660.6631658650003,217.46588023209188,142.87987721033278,385.4063305289019,7.476913505134049e-05,-0.073515617267316,96,69,95.0972086686058
11476,884.610123556799,159281.91697114767,75304.68787921764,76481.3201393216,598.6331714328262,194.74849037270178,130.16870181204285,356.9859757273807,-7.310856542737943e-05,0.1524834129033928,96,69,95.0915170753707
11477,884.6127694691149,159317.6077596786,75326.94753954555,76479.15893018314,543.7908452987322,175.6114009549492,117.94859878133866,324.3726754320378,4.320839064899134e-05,0.2810879485389939,96,69,95.08582663097232
11478,884.6294149925519,159297.02237166133,75312.51277814693,76480.41149294777,501.969228602713,160.36373618253856,106.92655110679334,296.35271020402433,3.3787491862810187e-06,-0.2682954416661987,96,69,95.08013745045788
11479,884.6328518705282,159352.9292387565,75320.49101554298,76516.63863947919,464.4523470464046,147.36024535626348,96.37159186144709,263.4499961360416,-4.86557529636033e-05,-0.4786233915164171,96,69,95.07444964849716
11480,884.650045574023,159419.9312330214,75325.78802540878,76476.10239113867,434.5906184084015,136.20961973375233,87.05317518342054,234.1042301611742,7.513352762491234e-05,-0.1279596820203841,96,69,95.06876333937602
11481,884.6526627241628,159459.13592731062,75347.83265047696,76475.25769850153,399.0494113637251,123.56147649844934,77.31266765520559,197.3828970111208,-7.258647901537702e-05,-0.1634602899575878,96,69,95.0630786369914
11482,884.6693531633676,159480.7283196253,75352.799305838,76462.41944462253,361.84895281895297,109.21873091805901,67.56940834183479,163.99117834932986,4.200158862436854e-05,-0.1451913161681475,96,69,95.0573956548462
11483,884.672851158546,159508.55017673763,75347.08280995353,76476.52296302447,309.3234176308615,89.74643635988468,55.39442220231285,123.82053760351846,4.804038411974679e-06,-0.1129215178426558,96,69,95.05171450604384
11484,884.6899455578535,159554.14579651033,75348.03654854844,76494.99980818444,249.92176213138737,67.19085347119835,41.800336765445536,89.51986969046993,-4.974895557458912e-05,-0.1462710018532227,96,69,95.0460353032834
11485,884.6925814422331,159639.11342072484,75343.64356122998,76526.88811039405,174.3895865456434,40.52593466846156,25.55121246064664,51.49749122664798,7.54724052768368e-05,-0.1154413553120466,96,69,95.0403581588539
11486,884.7092564759887,159614.44134157468,75347.13204101524,76520.65045624535,102.55497807374923,16.985035377336317,10.976372998557054,25.802019565337105,-7.204021368434959e-05,-0.1018373559851364,96,69,95.0346831846294
11487,884.7129452939513,159657.86626633772,75319.26305878184,76504.26043578576,34.51064567739377,-0.27910073642851785,0.00898466378566809,3.4371204712078907,4.078128303656582e-05,-0.1186457421831508,96,69,95.02901049206388
11488,884.7291875960558,159682.05991681234,75335.91558679019,76491.54162117769,-0.0,-0.0,-0.0,-0.0,6.22694083886875e-06,-0.1227013736537034,96,69,95.02334019218615
11489,884.7322001525029,159669.96794696563,75338.1826095296,76516.21457570884,3.7837245441623963,21.60789059047238,13.703917488193838,4.964547934388975,-5.082480462004948e-05,-0.1143620953659722,96,69,95.0176723955947
11490,884.7493677061123,159658.47034330087,75318.08011447293,76477.30041070473,77.59112989512505,74.32507307981723,47.45721348392544,33.553193181491224,7.578566734202778e-05,-0.1014618709421402,96,69,95.01200721245272
11491,884.7527926805478,159623.84697071603,75312.3073705284,76478.55193678805,214.49871751019964,154.52504741607117,99.0875797252811,70.00271575979423,-7.146996653184562e-05,-0.0820868053974485,96,69,95.006344752483
11492,884.7691272212975,159592.68873103274,75308.8752045743,76441.70099179594,431.0391379194334,263.2713390482968,168.8393106284493,126.6465463192435,3.954789260070806e-05,-0.0767102540599953,96,69,95.00068512496308
11493,884.7721136744623,159497.4486319796,75302.62312764602,76505.96468421892,698.4555626433576,386.48137133313867,247.50699594509206,184.7765966601146,7.646978064897177e-06,-0.0935957582241065,96,69,94.99502843871991
11494,884.7893827666364,159436.27177395366,75294.79029388248,76454.60185855257,1014.4300008359132,517.9213782911684,330.3830476257717,256.432668373076,-5.188294686919716e-05,-0.0574439753518132,96,69,94.98937480212588
11495,884.7926822859039,159371.07020311043,75276.86527226988,76437.90133593236,1331.0479643730214,638.3527679266408,405.1755878996337,320.3606991468696,7.607322220209315e-05,-0.0404196605351802,96,69,94.98372432309262
11496,884.809038713933,159365.0665038801,75270.6149731289,76451.30467495053,1639.5664606206701,743.0652845626319,468.49602570655406,389.88034128418076,-7.087594252360434e-05,-0.0439480590036758,96,69,94.9780771090672
11497,884.8120555276955,159292.78916255897,75281.08006123056,76450.76409509713,1894.6380248945788,818.2542827225116,512.143646187862,445.63733429211425,3.830184000820688e-05,-0.0275705840283893,96,69,94.97243326702689
11498,884.8293789661619,159210.8240186101,75302.83059510378,76440.97347452512,2101.222102541884,868.3379959275626,539.0769883120229,504.0109960825939,9.063672866552718e-06,-0.014687222317568,96,69,94.96679290347406
11499,884.8325768083246,159194.4540619862,75278.09240477112,76471.99659484562,2228.2495974397752,887.1017960871541,546.4973889266257,544.9915463584766,-5.2923035187210806e-05,-0.0352775297563674,96,69,94.96115612443228
11500,884.8489449506445,159189.40753853484,75305.4581235072,76466.4273712136,2300.169255042332,886.356963174243,542.24473293958,586.5943886605673,7.633498674598564e-05,-0.0363667587833132,96,69,94.9555230354406
11501,884.8520112143121,159142.3912849274,75298.07208802122,76492.29137518097,2301.947446020611,863.9459541110555,526.024416973989,610.1531094205275,-7.025835480249735e-05,-0.0091974193817001,96,69,94.94989374154994
11502,884.8693648134806,159106.68958324753,75310.26028230983,76485.75629035712,2270.1396986350883,833.3746568224597,506.2938255445333,635.2701586585899,3.704355217224954e-05,-0.0510396860505238,96,69,94.94426834731712
11503,884.8724700756583,159134.26964602346,75318.01409085092,76488.33523641159,2191.384082843724,790.1875713048939,480.7951175593189,641.6590694132028,1.0476549535744918e-05,-0.0611780043874179,96,69,94.9386469568014
11504,884.8888519195688,159135.56748817506,75286.51717255959,76482.94050649859,2103.031024715572,745.9741866301192,456.1037147002935,650.3217928746308,-5.394472843632856e-05,-0.0666066631220822,96,69,94.9330296735593
11505,884.8919762083596,159159.06531954557,75281.51250944154,76486.4449791509,1988.7713261006866,693.9439893513918,427.95410075000837,642.6338571861561,7.657088671113204e-05,-0.1249834807563634,96,69,94.92741660064029
11506,884.909342384435,159125.6178699699,75315.07010484289,76524.3516256729,1881.6907524521812,644.171301293085,401.5532347627159,641.0202268379217,-6.961742431763894e-05,-0.1483370916440155,96,69,94.92180784058198
11507,884.9123604890789,159173.3448241991,75283.13282426939,76464.11891674613,1756.9311038386077,587.6770368802681,371.14695509066223,625.013197930326,3.5773459877179446e-05,-0.1604029158038415,96,69,94.91620349540592
11508,884.9287623734601,159212.43573784997,75334.15718332121,76495.73442069761,1644.2813410667586,534.8225884796848,342.10574713366805,617.7417710861191,1.1885133899330828e-05,-0.1714425159683299,96,69,94.91060366661324
11509,884.9319481226278,159200.62015933142,75290.02013522015,76452.50207904092,1517.398177642841,477.54835082992213,309.46353692538105,599.0823676968284,-5.494769228464487e-05,-0.1740985345117068,96,69,94.90500845517964
11510,884.9493121838342,159285.228022882,75311.49504711526,76514.82726863828,1406.3756183835212,427.58300171259907,279.8115301201469,591.4131483390811,7.678085625751618e-05,-0.1798742575243087,96,69,94.89941796155176
11511,884.952247858505,159265.40443008408,75302.32455016975,76517.06470989514,1283.7156487731263,377.0535089985642,248.809701546008,571.22404951934,-6.895337985164058e-05,-0.1691350815563139,96,69,94.89383228564228
11512,884.9686779409415,159259.6522184909,75309.78546448723,76509.99020851833,1183.8051594051649,339.1041555631382,224.2995247967192,561.1214558994106,3.4491997768215006e-05,-0.1633409172221316,96,69,94.88825152682617
11513,884.9719252376891,159271.41639736012,75287.23249476218,76519.40805247486,1083.471569641435,306.4757917883544,202.56347146557528,538.773161199555,1.3288953390748634e-05,-0.1656458254598498,96,69,94.88267578393568
11514,884.9892742333984,159360.62544538287,75308.50200534852,76498.17901307518,1018.949741970282,291.5975481668138,191.0903197095613,527.6350997995178,-5.59315986962202e-05,-0.1524095659391551,96,69,94.87710515525684
11515,884.9921325961368,159362.78511710107,75307.02078650413,76475.11502629015,964.0663561080582,284.56582023725787,184.49724364848225,504.51812109161983,7.696483870573232e-05,-0.1449523424039188,96,69,94.87153973852465
11516,885.0085996993021,159399.64383753325,75322.13503203014,76532.50901206446,953.8322676491807,296.0745447674417,188.9935582007456,495.08395825349726,-6.826645729025564e-05,-0.140973355142095,96,69,94.86597963091948
11517,885.0119060743209,159426.376981484,75316.66514949479,76483.45717189157,958.7292895402643,314.2565407102229,197.77425255757407,477.60875831876183,3.319960359282591e-05,-0.1365857117776599,96,69,94.8604249290625
11518,885.0292284337771,159429.91305998416,75323.51807093313,76512.35049773515,1007.1495046935161,347.3998261764791,215.52762436890043,476.7193139785959,1.4687537370710972e-05,-0.1298412219639151,96,69,94.85487572901204
11519,885.0320154215208,159403.1651893318,75333.62817490031,76484.86910254155,1060.9878564066603,381.0419367711438,234.0043063078192,467.3795066403691,-5.689612619023697e-05,-0.1270237100448217,96,69,94.84933212625891
11520,885.0485283779102,159454.50065322226,75293.13783015942,76479.39848389807,1145.35188671184,422.9947730747226,257.8034099874203,474.0474479422264,7.712278628121822e-05,-0.1379504024122604,96,69,94.8437942157232
11521,885.0518892431658,159438.30041158086,75320.19710034781,76527.31853948065,1220.8047057368676,458.96088387203054,278.89160362642724,471.60184273295454,-6.755690102644986e-05,-0.1194306433812008,96,69,94.83826209174944
11522,885.0691747169627,159453.62784962257,75318.0487366434,76525.4508203654,1310.580262852949,496.6188467808679,301.73352484506904,482.93047496513464,3.18967192248961e-05,-0.1128178872939742,96,69,94.83273584810362
11523,885.0718972213112,159475.87898638163,75331.98585334276,76509.35745592037,1373.8984829767141,521.7074972752598,317.9661936550983,480.75001066573896,1.60804170099219e-05,-0.1245751776463025,96,69,94.82721557796842
11524,885.0884644449837,159493.5649082126,75329.32538800793,76528.7334722837,1437.5088745032554,543.7574706340383,332.6253257028584,489.4880268557463,-5.78409602934139e-05,-0.1072664175694447,96,69,94.82170137393976
11525,885.0918733891239,159442.3136894367,75311.59521940378,76522.28864323976,1464.7024480946711,550.6784724355093,338.11094695463544,483.40525539332884,7.72546595113504e-05,-0.1027014916836835,96,69,94.81619332802336
11526,885.1091131221208,159506.0923863442,75331.42925785336,76507.79468782226,1483.9987907268223,553.2541589852772,340.000250579149,486.66689447464887,-6.682496206373308e-05,-0.1535865236540394,96,69,94.81069153163013
11527,885.1117789650428,159480.77005868807,75368.8148724237,76497.55768983078,1461.2919967010967,540.6053064520092,331.5746921879763,473.18763282566215,3.0583789454196014e-05,-0.1604773733309944,96,69,94.80519607557316
11528,885.1284081529819,159511.26604099237,75329.70834091953,76535.89553623655,1432.0184445306659,525.68438502145,320.2704682414478,470.1455856576504,1.7467126106355258e-05,-0.1664133481091228,96,69,94.79970705006367
11529,885.1318571725034,159563.63430758222,75333.02037239555,76540.76308604641,1368.7995343547664,499.3223933995323,301.1112054940313,453.6092114240746,-5.876579301394705e-05,-0.1861657400835033,96,69,94.79422454470752
11530,885.149043839321,159562.44180358888,75341.19531105085,76504.3095756336,1309.3583676659036,474.423765282947,282.21546349703567,449.81782308153925,7.736042807346209e-05,-0.1725062607184422,96,69,94.7887486485015
11531,885.1516616423507,159592.81624608455,75320.03527862692,76503.96115947359,1227.37331530964,441.5635994695476,258.77358089759946,433.115072593122,-6.60708994847776e-05,-0.1640142069792109,96,69,94.78327944982958
11532,885.168359570842,159618.63914645737,75312.86546572277,76519.54378814214,1162.0315197962918,413.8325604521233,238.96288959437516,430.2060510182637,2.926126230747226e-05,-0.1584265952544973,96,69,94.77781703646008
11533,885.1718392633711,159609.2962766886,75314.72614214342,76481.07332437701,1085.4900255486136,381.42361106812314,217.32492779550375,414.69672648006235,1.88472002851554e-05,-0.1446370706721885,96,69,94.77236149554118
11534,885.1889672401703,159630.15971510136,75298.93296964822,76462.92257243676,1029.8936868722085,355.35114462443744,200.35122219612822,410.3500558398664,-5.967032327998689e-05,-0.1327366775897201,96,69,94.76691291359847
11535,885.1915462058682,159663.17318221214,75310.8915200691,76504.07101360649,961.5316059069592,324.38470996347314,181.2875907222042,389.42341650044546,7.744007038460951e-05,-0.1504183678834074,96,69,94.76147137653064
11536,885.2083186174544,159684.87861672638,75291.58263240775,76467.54099022568,910.1354145503137,299.2041024700302,166.24184316638275,378.08466523065,-6.529497939994659e-05,-0.1444275811523745,96,69,94.75603696960694
11537,885.2118183355041,159730.42242475465,75339.35642046388,76476.83595698925,841.3857110156096,268.80483465775615,148.5598012545961,350.6566817232233,2.792958879170035e-05,-0.0208581740665269,96,69,94.7506097774631
11538,885.228883907631,159747.04408998572,75339.80850968236,76538.55896150193,783.4502849120181,243.35718311427627,134.26982644482632,333.02781652932754,2.0220178203775385e-05,0.246122175061325,96,69,94.74518988409856
11539,885.2314335084332,159792.82339274834,75333.30021226854,76530.6374835918,705.4048170343158,212.8242609341396,117.47296382326749,300.1353879617236,-6.0554257136699415e-05,0.2219148464630519,96,69,94.7397773728733
11540,885.248285108662,159854.32972061425,75342.41416148338,76508.17530422616,641.5642603921588,188.8542699792015,105.25498556316597,279.9954737297667,7.749357377953332e-05,-0.3943213061183693,96,69,94.73437232650416
11541,885.2517930461552,159852.5750817709,75352.57944179168,76518.1536882921,565.7061598222936,162.40717729297467,92.18982893956127,247.42129475792171,-6.449747494912186e-05,-0.3953792713782123,96,69,94.72897482706212
11542,885.2687946797777,159912.60652584536,75320.71181249963,76529.85752939495,510.3284420729615,143.85582818898547,84.35693559650099,227.18884730449645,2.6589222762556596e-05,-0.0852829014869078,96,69,94.72358495596886
11543,885.2713242183241,159930.15438830617,75320.40982935522,76511.08252166917,447.24946400808403,123.25865675102978,75.30965364217991,192.6888316932309,2.158560061551444e-05,-0.1625271199564052,96,69,94.7182027939941
11544,885.2882588374758,159972.426646577,75341.81281625715,76530.52197323888,405.15270606207196,109.59132618963486,69.97420081606833,169.8052269470063,-6.141730789269048e-05,-0.1213189953088003,96,69,94.71282842125214
11545,885.2917619770753,160010.08669079433,75349.67623564374,76508.02353240474,350.72372176282806,91.52900597578264,60.87217250460526,132.53479281420005,7.752093418967289e-05,-0.1134996545673609,96,69,94.70746191719928
11546,885.3087007372064,160068.7918708626,75353.37382214241,76508.13692759919,305.47984375135275,76.043343081692,51.9897463855159,105.98774970852537,-6.367866695023745e-05,-0.1251767970735079,96,69,94.7021033606306
11547,885.3112186760623,160076.5483920493,75319.04444575615,76514.18817443306,237.12925301172072,53.01350875360367,37.073267003695946,66.34628524945583,2.524062069140092e-05,-0.1018861522428578,96,69,94.69675282967712
11548,885.3282397344417,160158.36445451376,75337.20059407981,76511.70366397836,173.89243450644426,32.59259983320953,22.90371386439074,42.388326819229405,2.2943011318041387e-05,-0.1043910877504996,96,69,94.691410401803
11549,885.3317234753379,160171.5602086535,75331.62667516341,76516.55225180417,95.01888972549932,9.952306867955485,7.144278210529592,11.74361748775118,-6.225919578819963e-05,-0.0840820692105015,96,69,94.68607615380276
11550,885.3486038141352,160218.02188230175,75348.44056003628,76522.77525543004,39.28442460735096,-0.0,-0.0,1.350504235131666,7.752215679510008e-05,-0.0815527060090111,96,69,94.68075016179856
11551,885.3511165873792,160203.64887478558,75349.90111388931,76494.84827622863,-0.0,3.5092141517525306,2.397639164759312,-11.45772918194416,-6.283884271847638e-05,-0.0714437547827946,96,69,94.67543250123732
11552,885.3682282506161,160243.24183511102,75312.25593189262,76492.19577353007,24.240283590042964,37.53259329030698,25.25692333985353,-0.0,2.3884241829898795e-05,-0.0611755104449709,96,69,94.67012324688824
11553,885.3716751980218,160214.98923233958,75346.67925835513,76520.48188596888,105.37333084194688,100.72974629160308,66.97460544024943,10.792969417525455,2.429195721007077e-05,-0.0927491159969127,96,69,94.66482247283976
11554,885.3885068058581,160150.95971550402,75319.17911812944,76478.25510575199,277.28344249376096,201.66164164200018,132.1025254461274,43.52974452395574,-6.307964849661354e-05,-0.0832890204722459,96,69,94.65953025249756
11555,885.3910161660913,160162.42435473992,75342.79313875467,76511.30354767601,516.1103695927304,328.50249598205846,211.72324955635122,72.742572435498,7.749725497496435e-05,-0.0581865420069782,96,69,94.65424665858194
11556,885.4082265241394,160139.1675593287,75333.62345349035,76497.70120831042,832.0599746002699,477.602387127321,302.9848866488319,121.45444104602211,-6.197829683241148e-05,-0.0611061492292031,96,69,94.64897176312456
11557,885.4116125246071,160125.34375232478,75309.32242423836,76548.1323678255,1177.758990254195,627.6303827613301,391.89529899778427,163.28034284390742,2.2520547314224023e-05,-0.0431980494540897,96,69,94.64370563746724
11558,885.4284160541728,160069.9604246619,75311.21665549283,76491.8381360273,1542.6793456688174,769.4361589036271,473.69156717235455,218.76226891731494,2.5631987852086223e-05,-0.0214793703508348,96,69,94.63844835225837
11559,885.430910691909,159992.75920206896,75320.31024369728,76519.56731770463,1873.1505737410043,884.1525027755124,537.3286350436101,262.2662317797658,-6.387840079995261e-05,-0.0156272765822051,96,69,94.63319997745134
11560,885.4482437086431,159958.61730561542,75316.48801198046,76529.7488878688,2162.5274903432,969.7432563376351,583.5932154969196,315.3841890414187,7.744625147775052e-05,0.0063643600246066,96,69,94.62796058230172
11561,885.4515199021725,159942.53429790886,75329.827761672,76516.5534846796,2371.267509789963,1017.7822940141486,608.1168548832939,352.3956333951792,-6.109733042366506e-05,0.0098717832732017,96,69,94.62273023536562
11562,885.4683565693709,159915.94945771765,75341.7844068406,76504.0498469509,2510.8540254640975,1035.8104548807314,617.1787782790198,394.22875518901856,2.115000101114849e-05,-0.0246148963204716,96,69,94.61750900449678
11563,885.4707585248574,159879.26028326526,75334.56675246144,76526.8896858698,2565.1206577008707,1024.2308425668598,610.7417423219013,417.9663034991245,2.6962656675424297e-05,-0.003729562244744,96,69,94.61229695684466
11564,885.4883679690544,159872.90990875557,75326.59824444307,76532.96962805686,2564.107127811585,995.2444703608489,596.669982926076,447.2231144258112,-6.465519559329035e-05,-0.0009172487932143,96,69,94.60709415885268
11565,885.4910706917401,159880.00662457585,75306.64221673788,76516.08462057788,2503.3441724986187,950.6845145835105,574.3097339567321,459.02743040042697,7.73691774566029e-05,-0.0385857426890979,96,69,94.60190067625544
11566,885.5076446986625,159862.20335672304,75330.97829866133,76528.95225264845,2416.162521336577,900.8496214742918,549.3556195953861,476.27988710440695,-6.019625155732355e-05,-0.0670407270530667,96,69,94.59671657407726
11567,885.5108733546002,159859.80560979492,75298.486729638,76512.7576779345,2299.4982759431005,845.5876539136661,519.5450798474485,478.72263289024704,1.977306859146522e-05,-0.1008978608771734,96,69,94.59154191662988
11568,885.5282537068019,159869.4143847174,75326.02744013903,76493.10932120985,2179.3263750491315,791.1472946695721,488.4353668691183,487.1903900645848,2.8283519983165392e-05,-0.1194837818055436,96,69,94.58637676751069
11569,885.5309970715524,159875.60431329656,75355.63925956615,76540.74367027063,2045.3833098697942,734.5418155749794,452.8831380610354,480.34222213801695,-6.540978251241956e-05,-0.128088931600362,96,69,94.58122118960074
11570,885.5475425683118,159873.99859307375,75315.06019387479,76526.92518380459,1916.379035824968,679.6461630464328,416.35398700041696,479.12416602816666,7.726607301799202e-05,-0.1260742412323947,96,69,94.57607524506304
11571,885.5508797766612,159905.2150838676,75332.01219626085,76514.4022757554,1779.0728145363391,623.2308311738307,376.8409599706647,464.56295972908265,-5.9275374989279575e-05,-0.1383639469581168,96,69,94.57093899534038
11572,885.5681816367712,159921.1412803229,75340.63463220846,76499.7626066402,1648.5563351641176,568.9460227328236,338.6311404570006,456.9004965647182,1.8390217768406923e-05,-0.1344335578025484,96,69,94.565812501154
11573,885.5708938465468,159934.89872944448,75340.73093478434,76514.56834624776,1512.6294595471118,515.0526389955339,300.977194001287,437.5322506102966,2.959413763497537e-05,-0.1215944776202238,96,69,94.56069582250166
11574,885.5874660861602,159989.6852040823,75331.90758186988,76500.01213123163,1389.2093147784472,466.6261094082729,268.9862498069124,427.5194107730349,-6.614191913980099e-05,-0.1201420377237257,96,69,94.55558901865604
11575,885.5908746801904,159995.38818345196,75327.72686936233,76489.62911638898,1271.5658976276172,423.908623103649,242.51011028740322,409.7988199830288,7.71369870616437e-05,-0.1249463793306298,96,69,94.55049214816302
11576,885.6081106416268,160014.78542121683,75325.88994225721,76513.35557255217,1179.2074845485622,392.19400775300164,225.78934197576018,403.01059281046037,-5.833502178170736e-05,-0.1270537241045182,96,69,94.5454052688404
11577,885.6107839391925,160018.6762274259,75352.2674703565,76501.34453648717,1106.6098735567648,371.68342658519396,217.4168201131397,388.79231319142855,1.700191787310561e-05,-0.1437426457118198,96,69,94.54032843777593
11578,885.6274022662067,160014.9727080919,75333.67854107819,76515.72481292681,1071.079118999187,366.0515116720344,219.65590009425068,385.28211897282745,3.089407377594093e-05,-0.1304062453630308,96,69,94.53526171132634
11579,885.6308653518644,160041.6789570292,75350.25686508817,76505.0104327811,1063.4881349942298,373.6371422951488,229.29694604984252,375.1952572473965,-6.685137119280613e-05,-0.1089776591457084,96,69,94.5302051451154
11580,885.6480349727955,160064.76463501836,75319.44399964288,76510.3261708993,1092.9292920466396,394.8460870254057,246.5057297097228,374.99664119642694,7.69819771122563e-05,-0.133906477750784,96,69,94.52515879403305
11581,885.6506726033184,160076.4082367962,75354.31546008111,76512.06877503899,1143.5165163797792,425.47311115248885,267.0247186249471,367.76211946460535,-5.737551947477256e-05,-0.1243465342832371,96,69,94.5201227122336
11582,885.6673480090476,160089.88521330938,75329.34930465379,76496.39356330485,1218.0905427431571,463.3298136957892,290.50655754026957,370.61262121156324,1.5608639803390383e-05,-0.1001222198412994,96,69,94.51509695313491
11583,885.6708528853368,160069.6156047019,75343.43934066311,76479.63907167791,1297.5668273862684,503.0017092859489,313.02799844101537,367.8674714524532,3.218289559215756e-05,-0.10503563323444,96,69,94.51008156941676
11584,885.6879530992569,160096.6136798148,75321.57347823109,76488.15720988195,1381.3882857504068,541.2928891955962,334.36869260057574,374.40457097490435,-6.753791150627014e-05,-0.0808821858849501,96,69,94.50507661301968
11585,885.6905623217564,160077.04410271582,75335.798318839,76506.24403425246,1451.0682307920652,573.4297676722781,351.28941803902853,374.20104746118886,7.680110940275537e-05,-0.0591458233294841,96,69,94.50008213514424
11586,885.7073019739325,160071.10604773054,75330.46689887553,76518.18029657358,1508.051600173465,597.1875730554893,364.1023712530441,381.91393240579055,-5.639720193714552e-05,-0.0872672542417693,96,69,94.4950981862496
11587,885.7108370154178,160100.89367998537,75314.21060467591,76490.29781589827,1538.4770116747823,609.9742711446888,370.40204117351095,382.31873765503406,1.4210855814576244e-05,-0.1063479810364987,96,69,94.49012481605249
11588,885.7278646890579,160094.61603183908,75334.34331638199,76485.65670367828,1547.6447773831314,611.5457905847288,370.9593117525801,388.14720402716193,3.34601747454054e-05,-0.0872136142069052,96,69,94.485162073526
11589,885.7304547557083,160084.4826942778,75294.07323831726,76468.3004108782,1528.0638896833989,602.0233031934622,364.3934824761236,384.7651759481814,-6.820132117282582e-05,-0.1288285016679504,96,69,94.48021000689936
11590,885.7472632443355,160119.29492055817,75292.19426575473,76481.9182798549,1490.6869098199531,583.1146269756719,352.456274511409,385.30333153449465,7.659445887599512e-05,-0.145696288008352,96,69,94.47526866365628
11591,885.7508170801138,160121.39527713254,75296.39886870621,76514.29122090945,1433.2771457532654,556.8640248982119,335.0936531200423,376.3397446476156,-5.5400408912806696e-05,-0.1161553224660366,96,69,94.47033809053444
11592,885.7677699307553,160117.28338379503,75313.75959976546,76498.6580404531,1368.203739151184,525.6848904279759,314.89110849722056,369.539790976065,1.2809039722697185e-05,-0.1433324676021908,96,69,94.46541833352462
11593,885.7703512097289,160143.38599469222,75322.99820850923,76512.76149467708,1293.897618508956,492.1309155423078,292.65966882006614,352.7371977301955,3.472548701990532e-05,-0.1297804059668248,96,69,94.46050943787002
11594,885.7872309736772,160176.32579438394,75317.27814687823,76498.40667552118,1220.6882336609415,457.9522406925971,271.00545202576905,338.41911364067346,-6.884138901880874e-05,-0.1243577543755894,96,69,94.45561144806533
11595,885.790792319996,160183.23825288436,75326.57652908805,76511.94376558489,1144.4014559256611,425.0029539125535,250.32278802455403,316.13404745594016,7.636210915590245e-05,-0.1361849992982165,96,69,94.45072440785664
11596,885.8076693104348,160241.89647474664,75316.38836697879,76509.626650527,1071.132972436957,393.5748060216574,231.9683785023517,297.41179347530124,-5.438548670139864e-05,-0.1201144233484169,96,69,94.44584836023998
11597,885.8102527725669,160199.37314449676,75314.48031802318,76500.33434020972,994.7849015033571,364.3849087372946,215.3357326425321,273.18417333983234,1.140366621262829e-05,-0.021367731492247,96,69,94.44098334746144
11598,885.8272042701007,160263.63737195687,75303.19006076192,76458.39823550275,920.2355678437161,336.260684686873,200.77712805903866,254.8236637393711,3.59784122969865e-05,0.2382736905349435,96,69,94.43612941101628
11599,885.8307620027225,160354.22480811906,75342.65856725813,76514.76326529062,842.1966791598243,309.4034987284249,187.37257235866855,233.34962322187494,-6.945791161682823e-05,0.3115862386873285,96,69,94.43128659164888
11600,885.8475635141372,160295.97004426192,75318.9222509723,76471.9041862764,766.3448679719004,282.4896773037617,175.31091836991254,217.32863637644914,7.610415261855049e-05,-0.262806589758435,96,69,94.42645492935164
11601,885.8501603630131,160323.62048600972,75322.80172396377,76497.98831657463,690.0767861857312,256.55973993187945,164.09163356552017,197.5958382404351,-5.3352787051138096e-05,-0.4092735560852969,96,69,94.4216344633655
11602,885.867182158549,160350.16346503442,75322.79055997089,76483.16988653758,620.5857985941693,230.9224486046587,154.00619040519814,181.57410513501964,9.995211046931543e-06,-0.0714810364609024,96,69,94.41682523217877
11603,885.870725488149,160365.90234535062,75309.55418376635,76483.83770939046,555.5454805844347,207.3165450742672,144.5408703185676,160.73937011425733,3.721853466164176e-05,-0.1300026005596169,96,69,94.41202727352724
11604,885.8874533713883,160381.14021963382,75307.29495123486,76497.6771484657,499.0422497858526,184.53270528239955,135.21656597708352,141.70343416492688,-7.005069440974263e-05,-0.1183468692948918,96,69,94.40724062439428
11605,885.890074743969,160439.65328065163,75292.75735308643,76475.3600995,444.75107411126373,162.98799049959052,124.65228552604094,118.31510248655104,7.582068996252661e-05,-0.0821193634252683,96,69,94.40246532101008
11606,885.9071635726668,160439.83839776882,75323.58159205342,76493.53881069871,391.62036957754754,139.31593381080893,111.26372659485787,97.80479926199769,-5.23026677860429e-05,-0.0966398237758377,96,69,94.3977013988519
11607,885.9106822693849,160498.40005231398,75328.21281710724,76478.15324294675,330.3832684834488,112.99909019310144,93.50556039981893,75.3256745908293,8.584150534130235e-06,-0.0796389240568236,96,69,94.3929488926435
11608,885.927339812701,160500.84233838646,75287.72341857138,76489.32260090302,260.4436497433926,81.63783080651774,70.85135231891763,56.60794784504105,3.8445443299065765e-05,-0.0816138432817017,96,69,94.38820783635624
11609,885.9299965266282,160500.4009421598,75316.96204738764,76471.58148212875,179.56068000150844,48.700263626058586,44.957011753169354,37.58056442794623,-7.061955001915229e-05,-0.0815459120071597,96,69,94.38347826320756
11610,885.9471473591152,160526.80977451446,75304.12268977458,76470.37786926501,98.86636894074036,17.906681404070696,19.842535042436793,22.943795888626482,7.55118307243178e-05,-0.087036787302456,96,69,94.37876020566227
11611,885.9506320031023,160533.14039020066,75298.40578376895,76477.07085962457,30.987762760429177,-0.0,2.343613136035856,9.681564775732113,-5.123549246639689e-05,-0.0990120245861157,96,69,94.37405369543232
11612,885.9672238303493,160555.67712773805,75289.72042857208,76486.92887623695,-0.0,3.9019146759965224,-0.0,2.1749476135591976,7.170961860179507e-06,-0.093394112329266,96,69,94.36935876347646
11613,885.9699261743974,160523.02903840147,75317.83608648101,76472.39342651852,26.112648894370068,41.14809103423613,20.143611496372614,-0.0,3.965873172599338e-05,-0.0929666106287051,96,69,94.36467544000112
11614,885.9871322859012,160562.05948509075,75303.19777691661,76470.95620302462,130.50506294943625,115.3234689894598,66.40556582310819,7.677384417736903,-7.116429987915814e-05,-0.0683085403018297,96,69,94.36000375446044
11615,885.9905745355582,160557.4965520602,75321.31970225283,76450.45476535603,319.5031468386296,227.70170151749335,138.7032316015684,25.728548057784792,7.517769244636934e-05,-0.0461677323892837,96,69,94.35534373555664
11616,886.0071064368418,160507.12100405898,75305.88117286058,76454.67927348606,590.9119329958339,368.52285727730487,231.05409148105537,56.213025014993036,-5.01516299411421e-05,-0.0496455406710408,96,69,94.35069541123995
11617,886.0098640125187,160469.23571546003,75315.43992713741,76436.29128725088,924.5598406894132,526.4136664877442,334.51519099238794,98.29682891131961,5.756122649214553e-06,-0.0472029609116892,96,69,94.34605880870984
11618,886.0271170486964,160388.90017973367,75317.48684620229,76463.22554203779,1293.8987359012244,682.8289271955582,437.09004588247626,149.90381471204455,4.085799830174588e-05,-0.0212422566116335,96,69,94.34143395441458
11619,886.0305099296727,160337.6709746522,75311.22088019512,76457.10502637664,1663.1772898577037,824.2586230831075,528.6705402523803,208.29705078992993,-7.16847731852395e-05,-0.0077419871752133,96,69,94.3368208740524
11620,886.0469886159776,160270.9684479948,75300.72477138192,76460.45443709537,2001.4016853366047,936.160341559138,600.4627124742838,268.5475248611765,7.481840168346987e-05,0.002559132389073,96,69,94.33221959257166
11621,886.0498102495333,160256.55450789788,75298.41452245385,76458.9963216999,2280.770825083193,1013.8104510956618,648.9603729230003,328.35938904146315,-4.9051454634089946e-05,0.0179196713862561,96,69,94.32763013417171
11622,886.067100268079,160158.24703428362,75291.54821745596,76454.82936821754,2486.376427534793,1053.3996700043062,672.9439544205088,382.36391082106275,4.340110642814025e-06,-0.001023845191815,96,69,94.32305252230356
11623,886.0704385001196,160146.1798134063,75290.09924487113,76437.10239224494,2611.3521079841885,1060.8695450257364,675.9861881531397,430.7396300371329,4.204284633102552e-05,-0.0017395389888704,96,69,94.31848677966995
11624,886.0868712590686,160080.67246420967,75292.79141178732,76438.25499297975,2660.8730013726745,1040.242639101285,661.5955475070805,469.13546956147184,-7.218080792233871e-05,0.0098991764258032,96,69,94.31393292822705
11625,886.0897650197854,160033.66848756024,75320.89477006237,76481.55251404403,2645.160881667689,1001.8408571116743,635.7174498304666,500.5136586034787,7.443409313958049e-05,-0.0176894434665824,96,69,94.30939098918448
11626,886.1070804669877,160025.14697913933,75308.33660057945,76433.07465535619,2580.062280879065,950.614083380322,601.9582656160346,521.2654997751815,-4.79353462183186e-05,-0.0539262745161935,96,69,94.3048609830068
11627,886.1103608675666,160035.9732762334,75291.7408972343,76436.02233257356,2481.1626768485876,895.8787318398681,565.4163719430217,536.923365588591,2.9234036870116117e-06,-0.1150907115575425,96,69,94.30034292941366
11628,886.1267550750994,159988.62435051307,75277.19477101933,76445.23562047993,2363.691033836745,839.8261850986455,528.0445686652383,544.0585203330265,4.32128840758395e-05,-0.1491962420276579,96,69,94.29583684738132
11629,886.1297284583472,160006.87455544385,75289.74301458697,76449.72874019614,2239.396952539799,788.4376317009737,493.2982685919851,549.1883173368406,-7.265224976538851e-05,-0.1393655422372992,96,69,94.29134275514336
11630,886.1470560189631,159990.9810608119,75274.82331491557,76417.68538991085,2116.352889462083,740.4205248543294,461.3324157697207,547.704924626305,7.402491005122072e-05,-0.1462004774501893,96,69,94.28686067019184
11631,886.150278033202,159995.78083427312,75303.95122658597,76453.71802169696,1999.1644683949417,699.0947100319027,434.164957733301,546.8490782853914,-4.680368978857484e-05,-0.1534510858015335,96,69,94.28239060927817
11632,886.1666404930442,160020.15825726016,75302.49221288184,76427.53321246307,1888.6521491018939,660.6466884621477,410.2287594008376,540.720766057173,1.5064800291096842e-06,-0.1295486820130688,96,69,94.27793258841456
11633,886.169700747879,159966.6755071632,75301.66181154686,76451.1851240957,1784.9434116734192,626.6752465957106,390.08749343125965,536.5413812739425,4.436772506231805e-05,-0.1302325822669796,96,69,94.27348662287504
11634,886.1870252253477,160001.81344321725,75325.30880754354,76423.79882809536,1686.1056947899633,592.6423235413968,371.01386093732435,527.2969603427046,-7.309895351149242e-05,-0.1261770949040928,96,69,94.26905272719648
11635,886.1901910805589,160047.52793627925,75301.98390952256,76454.94097912632,1593.0659038918093,561.1520980750938,353.5299165612669,521.584683475492,7.359100372434003e-05,-0.1180270252730568,96,69,94.26463091518002
11636,886.2065285576689,159986.6123435283,75270.46518306079,76410.72065629766,1505.5367311200243,529.2303581640299,335.43410385155585,511.87410170651856,-4.565687505736938e-05,-0.1275258369775773,96,69,94.2602211998925
11637,886.2096792869652,160031.29777718108,75287.10119037023,76421.85945981176,1427.7148981619393,501.55558685559663,318.65135284877033,507.1314261400548,8.98172673829529e-08,-0.1282648247561,96,69,94.25582359366771
11638,886.226997462665,160015.40448720584,75273.91598707886,76419.09388186067,1361.3500568601885,476.96377810643753,302.60818262796965,498.9806517054967,4.550698861369856e-05,-0.1081162959102009,96,69,94.25143810810772
11639,886.2293377237709,160046.84892026192,75280.44616854748,76425.22377811585,1312.6074978206307,461.59514339508314,291.0169927397219,497.79471035444294,-7.352078172946728e-05,-0.0912375099848725,96,69,94.24706475408448
11640,886.2463706327127,160001.0039302162,75269.29328052593,76418.93936119266,1281.825597253337,453.3669108774775,283.64512306885445,493.30419838117086,7.313253377768536e-05,-0.1122864492412231,96,69,94.24270354174112
11641,886.2497182631141,160011.634968699,75275.80475441008,76433.42561751766,1273.1656002926175,456.5743575326196,283.7361973077059,495.8797147444275,-4.4495296793821534e-05,-0.1065236480998622,96,69,94.23835448049373
11642,886.2668633251039,160017.06111111396,75255.07293391076,76440.42717118096,1283.0295641785488,466.56972352079174,289.4830812536529,494.7503485039924,-1.3261071369916225e-06,-0.073773004319211,96,69,94.23401757903298
11643,886.2692635641657,159997.11201268918,75285.29072512615,76382.76667530942,1312.2937911003828,485.1719945993391,302.04644563951297,500.67439072104753,4.6630298987078414e-05,-0.0766672154531486,96,69,94.22969284532536
11644,886.2863151528118,160025.49615188618,75285.55094698379,76422.37584400116,1352.8411785996286,505.48569207644323,317.08830270409817,501.0195409866574,-7.391760584540744e-05,-0.0718291668364396,96,69,94.22538028661528
11645,886.2897124819353,159990.99613967174,75261.78864061022,76412.53001327124,1402.9630316112307,528.8070719254465,334.20167590340134,506.7920294984069,7.264966808723526e-05,-0.0877305060229962,96,69,94.22107990942662
11646,886.3067468182513,159967.26435934618,75249.21822687982,76421.6458564546,1451.9408918159315,548.8450866829808,348.4390662344522,505.33646536502056,-4.331935471903988e-05,-0.1006225662483184,96,69,94.21679171956472
11647,886.3091786410715,159977.2478010999,75289.07459942898,76423.82295024159,1497.6708401592914,568.1140883506305,360.04778798192274,508.4835819284781,-2.7408162573007493e-06,-0.1019946742103138,96,69,94.21251572211769
11648,886.3262768194305,159977.4075697705,75276.60115369382,76445.1305179784,1529.0689697345952,580.9709985929221,365.25579868248315,502.46788773351,4.77372860366681e-05,-0.1112532250018178,96,69,94.20825192145875
11649,886.3296922648082,159985.1894525298,75295.68149873061,76416.84708823329,1547.0841403964441,590.819619304355,366.3744718831731,500.34758233386674,-7.428930541055133e-05,-0.1069835150461555,96,69,94.20400032124832
11650,886.3466321882315,159991.00788383238,75297.69326967016,76400.59212137012,1544.167009279423,592.4544879570312,361.46369735331973,489.14402803842677,7.214258292153313e-05,-0.1012752712868184,96,69,94.1997609244351
11651,886.3490939914028,159989.2714258621,75269.87958522921,76423.0480601721,1526.2056391043589,589.4360907586524,354.09956214707927,482.74852567960625,-4.21294530493248e-05,-0.0921827862768539,96,69,94.19553373325924
11652,886.3662478746106,160007.6631387852,75265.0050784619,76431.15416804593,1488.2909068423323,576.257261659106,342.3638252785313,466.7369801864843,-4.153833879042573e-06,-0.0911380516115566,96,69,94.1913187492534
11653,886.3696617800312,160004.2043323126,75292.25296073285,76418.72458205318,1439.5442372353282,557.3133670109091,329.66074038113584,455.77341172326123,4.882758548806134e-05,-0.065981358105432,96,69,94.18711597324538
11654,886.386516718136,159981.48336204092,75295.72754593835,76390.69981498718,1375.7404132309603,528.4244263081491,313.47284003635286,435.851182956947,-7.46357689146549e-05,-0.0899528978639534,96,69,94.18292540536018
11655,886.3890130720906,160035.8556316274,75305.83878293469,76445.39320866074,1306.2361144033493,495.5674309138849,296.7414530898968,422.06360635042074,7.161146190928583e-05,-0.0944564962835018,96,69,94.17874704502206
11656,886.4062251584827,160062.97580101754,75297.66806241436,76436.68639091644,1224.6116485570092,455.53908937002416,276.52396416987176,398.99825309292646,-4.092600041347196e-05,0.0755862438218276,96,69,94.17458089095696
11657,886.4096221765454,160061.31737636932,75260.83060940614,76429.99471658943,1140.502209386148,415.5930974457733,256.39967002003687,382.6415737319039,-5.564684581019944e-06,0.3449466272746939,96,69,94.17042694119456
11658,886.4264000107203,160073.58678275053,75290.50816589037,76416.57831959108,1047.5886600501253,372.9885815864109,234.21462528660777,357.7903919586679,4.990083887934144e-05,0.154121469614858,96,69,94.16628519307066
11659,886.4289375704053,160094.977250608,75273.01925920357,76389.6689918753,957.3678684617626,334.62641731186886,214.20941512528225,340.07787974132225,-7.495689335514578e-05,-0.4373970162145779,96,69,94.16215564322974
11660,886.4462066386773,160093.71656261585,75260.73145397104,76427.77611057858,863.9265703341807,296.44877371650364,194.04641410827753,312.39442535713897,7.105649758274179e-05,-0.2611246107781792,96,69,94.15803828762704
11661,886.4495738327396,160109.0360686859,75275.57060229428,76411.69228432776,781.0063442307874,264.62252706060826,177.75143453123746,291.21045146434335,-3.9709409934334784e-05,-0.0720991513286936,96,69,94.15393312153144
11662,886.4662824644212,160167.18076948752,75285.70772995026,76438.56953369947,701.8010840613861,233.9777119763894,162.01020168565447,259.97100988868624,-6.972893809666832e-06,-0.1592883214438594,96,69,94.14984013952754
11663,886.4688684380034,160171.8674041372,75307.220973871,76436.0603442788,637.1933225541143,209.17494374289527,149.4534085993364,235.22388330151443,5.095669353595448e-05,-0.0930845717405575,96,69,94.14575933551848
11664,886.4861906834748,160206.11647379864,75292.0517738313,76419.72267930364,573.2902020215988,182.97103522873658,135.00373485757154,199.32174989805208,-7.525258419907803e-05,-0.1184464303903483,96,69,94.14169070272813
11665,886.4895169189995,160222.61866002533,75316.40833795111,76429.62437857302,515.8651140633738,159.05501381881186,120.5706339868193,170.36607439952786,7.0477889829078e-05,-0.0973044863868633,96,69,94.13763423370432
11666,886.5061648334131,160244.3386216374,75309.3974257267,76426.02187450227,446.08306791388895,129.72522901823686,100.97585830450407,131.69877288216958,-3.848009883046548e-05,-0.0792913032768068,96,69,94.13358992032109
11667,886.5088062003035,160295.94521125036,75316.1104974197,76409.31401894218,369.70399112888845,99.52139214606723,79.20876231964212,101.74807302613044,-8.377988466890892e-06,-0.0813597588911577,96,69,94.12955775378148
11668,886.526175840673,160291.27059908607,75295.3191803277,76438.89288788695,272.35776764462935,63.351846760779154,52.35760408901842,63.57769921264844,5.1994803110377663e-05,-0.0733882504884567,96,69,94.1255377246202
11669,886.5294515979976,160320.0474498789,75301.77858715887,76432.77946689224,173.76039713335922,31.435742591667804,27.646713615511544,38.11886437662179,-7.552275540977858e-05,-0.0653596370772028,96,69,94.12152982270678
11670,886.5460480470831,160359.99286197402,75294.31039194034,76451.34326442737,75.76766635570675,5.112906987924362,6.608336295379559,9.964148658385966,6.987584648962067e-05,-0.0741494635571108,96,69,94.11753403724806
11671,886.5487510767226,160366.98850729247,75332.73548830999,76434.31198203647,14.337591428949963,-0.0,-0.0,-0.0,-3.723848835008132e-05,-0.0644257532947267,96,69,94.11355035679102
11672,886.5661607625831,160342.0358172982,75305.87058310185,76437.46452961423,-0.0,19.458072565568727,10.348110217106296,-8.535069062403636,-9.779496517608787e-06,-0.0526966663423648,96,69,94.10957876922618
11673,886.569378109947,160351.1346346418,75304.28626717674,76440.39228286406,70.34641259501223,77.16845490147534,46.672089903149754,5.549681692005834,5.301482736959586e-05,-0.0633721668853756,96,69,94.10561926178995
11674,886.5859331150589,160305.1896840944,75329.54068667546,76434.46252355113,223.04729041666724,168.60358963513863,105.73432868585223,23.918621695804177,-7.576732989727311e-05,-0.0458835292090634,96,69,94.10167182106818
11675,886.5887030375403,160267.8143232898,75331.83978781944,76432.85446761145,472.5196038366412,295.17236094616237,188.04218898247927,64.63186263351236,6.925058306205596e-05,-0.0153838360237743,96,69,94.09773643299869
11676,886.6061441845201,160213.47233598193,75325.82323252936,76447.72778765533,786.2160414617392,438.87131442452664,281.23985921847634,105.98946256318595,-3.598500374327554e-05,-0.0165896594157719,96,69,94.093813082875
11677,886.6092968113551,160146.33483014675,75335.46671008853,76440.5411537485,1153.3468035717378,591.338212141156,379.50668389259954,165.8135961231892,-1.1176947446779103e-05,-0.0081282321554675,96,69,94.08990175534876
11678,886.6258210665851,160079.40882593195,75301.9210675701,76480.87891985246,1521.981429838459,729.9501745095331,467.7679926859273,221.3484958037443,5.401643210135354e-05,-0.0203278758251101,96,69,94.08600243443357
11679,886.6286618369388,160006.44471292017,75333.47109977042,76449.94383482618,1874.54625406157,848.2361564559833,541.9193675511633,289.16720285321935,-7.598623917192657e-05,-0.0116475346978087,96,69,94.08211510350772
11680,886.6461249255559,159967.1537235648,75301.1076359324,76478.21314241119,2164.3603833203088,931.1339928771486,592.2586730358889,345.83037559493096,6.860232329432004e-05,0.0088527340140862,96,69,94.07823974531767
11681,886.6492081911999,159852.42236346763,75337.25300532421,76461.02236498706,2392.7191552331205,983.624625629498,622.5135817497503,410.46953650328214,-3.472007414568392e-05,0.0138838891641989,96,69,94.07437634198116
11682,886.6657129059199,159829.54814825716,75350.49223057083,76475.1125576598,2534.293534295808,1001.1749717666389,630.0356062369829,460.4064901784295,-1.2569872174310315e-05,-0.0006260757537762,96,69,94.07052487499082
11683,886.668627037265,159768.36253675728,75318.3415784203,76478.30270997674,2611.382055707916,996.253451568904,623.5563219990727,514.8035909013415,5.499928966100522e-05,-0.007793234460509,96,69,94.0666853252176
11684,886.6861018987299,159719.38130289165,75335.21107820286,76486.26546344151,2614.77098030498,968.2105774991214,603.0180678574543,551.0991680710285,-7.617942329159995e-05,-0.0300417709133606,96,69,94.0628576729134
11685,886.6891128747092,159643.82102241428,75330.29791741735,76466.03241067035,2579.8878895102534,931.004636433936,578.1079496928287,591.4962202868483,6.79312979988459e-05,-0.0706958627979162,96,69,94.05904189771567
11686,886.7056095760788,159628.35371096354,75320.70287936064,76458.73237872911,2501.5098734587664,882.7169993564603,547.6408570524654,614.0330908310716,-3.344413220397654e-05,-0.1054749951728387,96,69,94.05523797865024
11687,886.7085980313709,159588.3667524899,75333.93769923759,76460.54227004501,2413.789054245106,835.0463807066699,519.1826607199328,640.9172124734323,-1.39578038894726e-05,-0.1173569778266386,96,69,94.0514458941347
11688,886.7260741241615,159593.93368473346,75332.74764882628,76450.86439276532,2306.7213022835203,784.1975939734839,489.40051345029497,650.2075004002545,5.59630790425374e-05,-0.1185260678522783,96,69,94.04766562198242
11689,886.7290116201826,159571.1137300938,75323.339257651,76459.812428595,2210.8737237347523,741.0300569444953,464.4291447691503,666.6111929923354,-7.63468311582325e-05,-0.1147040512541498,96,69,94.04389713940584
11690,886.7455119266654,159567.81437405746,75297.10273415856,76469.94184910155,2109.012593698746,699.9257542707783,439.2627883719106,667.2209950070537,6.723774597933994e-05,-0.1037565107760771,96,69,94.0401404230204
11691,886.7485740671369,159513.6404578193,75334.04704750697,76451.20692468305,2024.6947024677065,669.1087762576499,418.57934200705495,675.2254157204006,-3.215761368411325e-05,-0.0995176049374635,96,69,94.03639544884808
11692,886.7660407401687,159518.081571394,75321.7117592257,76461.11126403762,1935.2297849557362,640.2166541424376,396.66628166331793,666.7319020345167,-1.5340277327167526e-05,-0.093151132120484,96,69,94.03266219232091
11693,886.7689053136208,159546.2738372847,75344.9887702794,76485.0586655246,1863.0389401250868,619.4904415291385,378.50850482305395,667.2635870785452,5.6907485652891934e-05,-0.0939671969510791,96,69,94.02894062828496
11694,886.7854206815883,159479.63791875672,75315.47374717954,76486.92037375452,1782.7502792222076,596.5270480226172,358.5915269594989,652.2959412703349,-7.648842025352759e-05,-0.0842871593984719,96,69,94.02523073100438
11695,886.7885542793146,159548.9216702198,75320.65815217991,76500.92332427345,1715.6214699183474,576.782784634037,342.2684558699839,647.0981499633053,6.65219129190702e-05,-0.0629410378118907,96,69,94.02153247416462
11696,886.8060010056291,159545.0354468994,75322.12052294149,76475.4501069673,1637.4069479222526,551.2323983264941,324.85848086336046,627.4539024467813,-3.086095857357232e-05,-0.0614808641444531,96,69,94.01784583087696
11697,886.8087949691559,159552.32513647777,75345.99438872233,76477.54566220033,1573.8749601443415,528.569508452827,312.80688980119885,621.3575313069741,-1.671682938020051e-05,-0.0519910076020208,96,69,94.01417077368176
11698,886.8253363975374,159540.38261753175,75341.98975208831,76482.9545892714,1502.3396305572824,502.49050389652257,301.5575471041957,602.8559521723655,5.7832201574134376e-05,-0.0419316354251058,96,69,94.01050727455306
11699,886.8285377403685,159526.14179263404,75339.9168253625,76497.07366890575,1449.9767343819258,483.7363164552371,297.0716201043397,598.386584302847,-7.660415704588383e-05,-0.0191405850435184,96,69,94.00685530490206
11700,886.8459542773102,159529.53931262993,75327.19875601937,76489.64080670588,1395.9800251248525,467.373003686429,294.2428325865767,581.3024950911931,6.578405258045547e-05,-0.0155300361942239,96,69,94.00321483558128
11701,886.8486817568302,159541.35431079756,75349.75274778373,76498.0212182197,1369.9083930573543,464.30867951568507,298.3879252979823,580.3249198635749,-2.9554609149441323e-05,-0.008531030235066,96,69,93.99958583688898
11702,886.8652593850976,159536.94214764712,75346.46622444227,76470.27857051483,1348.0607779649436,467.1912389381323,302.96574252974824,566.9527128684276,-1.808699924450068e-05,-0.0097049389230687,96,69,93.9959682785726
11703,886.8685235691763,159526.76020908012,75321.80402106592,76503.68084608768,1355.6697789984755,483.3212708942592,311.910355970409,569.084764702915,5.873692602465691e-05,-0.0240327004142752,96,69,93.99236212983315
11704,886.8858999068528,159525.79360299342,75346.57002079542,76479.92273041706,1365.2641514978604,502.0858312732598,318.22043230451527,558.1885393733974,-7.669401638558142e-05,-0.0437066667268487,96,69,93.98876735933004
11705,886.8885671361932,159524.69649983532,75339.55163951844,76511.81650930985,1399.4358857236803,528.3641483506071,326.19488418090623,564.2619816662336,6.502442551692154e-05,-0.0699036119773584,96,69,93.98518393518388
11706,886.9051894800155,159517.76436399913,75330.56064863561,76483.06083487396,1425.1861031997832,549.3554118280153,329.2616450006317,555.731151311018,-2.823901104343298e-05,-0.0684759371611297,96,69,93.98161182498174
11707,886.9085112634916,159503.70099988516,75322.2721545251,76502.90085563465,1461.6646764469915,569.3499917431036,332.60312700638315,561.082578381116,-1.9450328518342807e-05,-0.0617160251084284,96,69,93.97805099578154
11708,886.9258368058582,159460.2667566839,75345.0540822903,76488.43662798002,1476.616229939973,577.1733858872321,331.11500835060724,548.7951426553773,5.9621364514452006e-05,-0.0602275062178027,96,69,93.97450141411552
11709,886.9284534861413,159471.6021099371,75348.78970862049,76469.08277247545,1492.9638681804063,579.8842113760766,331.06116347480565,550.3133907314332,-7.675798223878043e-05,-0.0502776563875306,96,69,93.97096304599506
11710,886.945125040546,159504.1422131094,75353.21474132668,76498.02765618608,1480.188747145643,568.448661669463,327.078246500605,532.4827340280171,6.424329958606929e-05,-0.0686219768064293,96,69,93.96743585691507
11711,886.9485022947308,159462.48775461095,75365.04122003201,76466.96667321572,1464.1683514693286,552.0053777023859,324.50966560535016,527.4926410324697,-2.691461286618298e-05,-0.0598828453356217,96,69,93.9639198118584
11712,886.9657608632184,159517.20121979644,75359.62001624853,76504.97844900175,1419.0589522579103,523.8802370122867,317.3109347569116,503.95754644373665,-2.0806361152343024e-05,-0.0672819721997925,96,69,93.96041487530012
11713,886.9683486132477,159485.23339276898,75387.22531039437,76499.52839343302,1374.5038612697972,494.90484092966653,310.23723168257857,497.00942150273477,6.048523035741258e-05,0.0106848138245009,96,69,93.95692101121188
11714,886.985054277777,159506.71574754614,75384.31717609522,76507.09157736733,1303.81484808377,458.5019552573649,296.71266240035766,471.92882906569866,-7.67960470557203e-05,0.2828284816599135,96,69,93.95343818306654
11715,886.9885191802337,159509.41217357674,75362.14836926888,76530.01421754484,1235.900543510972,425.1483491822437,281.84064734567073,462.57935578146135,6.344095001093834e-05,0.3159578153730634,96,69,93.94996635384314
11716,887.0056092473677,159482.7601723106,75364.45507821726,76512.9857505447,1145.7810572476592,388.1737638835475,260.70013695542,434.419817476999,-2.5581865843449128e-05,-0.2113279167219417,96,69,93.9465054860304
11717,887.0089550458985,159515.84492158255,75340.02203338472,76512.93081859553,1062.943751895451,356.938524933852,239.86793258413672,421.8026151114318,-2.2154644241696637e-05,-0.3050066121346715,96,69,93.94305554163232
11718,887.0251837598511,159533.31267522354,75342.82155865357,76501.86376093756,963.2139920475311,323.46063192983274,215.65169412910473,389.21464028555783,6.132824317152783e-05,0.0129577839761782,96,69,93.93961648217208
11719,887.0283889488888,159547.99809965177,75348.84943357298,76497.23154647487,875.6153634659131,295.44988556923636,194.6967996255844,370.6115821648564,-7.680821199878093e-05,-0.0460663859906122,96,69,93.93618826869748
11720,887.0456448209402,159546.97362899617,75362.13711561635,76500.56757998618,775.6457447077264,263.9347849226906,172.67340279300697,329.30777690463583,6.261765857768189e-05,-0.0364421082026215,96,69,93.93277086178486
11721,887.0488119604396,159591.3175259031,75362.96707343285,76514.89131872969,693.9015036398778,236.89584172876494,155.2669035292347,304.05890206235927,-2.4241224036978805e-05,-0.0143297192465293,96,69,93.92936422154368
11722,887.0651172774833,159613.25353290077,75377.71944962515,76492.85732544828,603.312050195469,205.127179819523,136.4146609189629,257.31746179176844,-2.3494727411400166e-05,-0.0347296448877437,96,69,93.9259683076225
11723,887.0683372515435,159628.75010524542,75355.24142905623,76506.95773394238,529.2202328109997,175.99407414815505,119.8659667041793,226.7901782168774,6.215013036091449e-05,-0.0168562464876654,96,69,93.9225830792123
11724,887.0856345355206,159660.36549001496,75395.71669459542,76478.59694490136,441.02448950341204,140.53198133777187,98.88017794204643,174.02897649497027,-7.679448716083854e-05,-0.0454865051974405,96,69,93.91920849505227
11725,887.0886898637079,159678.9662923285,75369.17693425364,76534.71522046706,364.32872389873955,107.56597932935983,78.07401458069216,141.46452926681377,6.177371443011598e-05,-0.0582996328804289,96,69,93.91584451343358
11726,887.1050382224927,159714.9644801885,75371.26396437708,76514.4730327219,269.3533653913182,69.80769647906709,52.606979855307145,89.62977641663747,-2.289314316422809e-05,-0.0348928839129946,96,69,93.91249109220574
11727,887.1083042043476,159748.5763621939,75353.2802332033,76492.05765460874,185.35801579401596,38.41101583566342,29.811826899036532,60.44518187805079,-2.48261633606353e-05,-0.0474816152129532,96,69,93.9091481887802
11728,887.1256069196546,159748.3171529654,75368.14770754578,76471.01742451628,92.64565497607691,9.998582864573109,8.672481554240221,14.817892631428549,6.295062623363117e-05,-0.0600119878745314,96,69,93.90581576013574
11729,887.1285725862492,159766.52618674058,75369.81814355715,76489.81450489792,34.2527843399439,-0.0,-0.0,-0.0,-7.675489139916956e-05,-0.0413843354134461,96,69,93.90249376282333
11730,887.1449581438064,159765.84248213898,75346.05957663944,76516.34229936385,-0.0,7.017240391505766,4.129894121695543,-25.02455991419265,6.09094130703669e-05,-0.0095131058494649,96,69,93.89918215297128
11731,887.1482815750151,159754.77574737536,75344.17901039023,76486.23571387041,35.57442706794245,45.09121984653757,30.168967304198304,-15.12310141909984,-2.1538082187307225e-05,0.0022213969562802,96,69,93.89588088629
11732,887.1655663071352,159717.89727915573,75326.29455739296,76506.18332205257,127.65105477446923,108.56881482285098,74.40858841230511,-13.072564277506899,-2.614850780508102e-05,0.0167262684979541,96,69,93.89258991807712
11733,887.1684578455584,159689.90952008625,75375.19203915793,76486.62879677165,310.5881051418837,204.22490248002578,139.6735884436639,28.117997518595075,6.372947249335995e-05,0.0261041070197473,96,69,93.88930920322233
11734,887.1848796209101,159609.03027682073,75332.1168017747,76492.5274286725,549.8907137879287,316.73408157142694,214.85370203253115,59.907634945819154,-7.668945180257011e-05,0.0254474117343227,96,69,93.88603869621302
11735,887.1882672948062,159563.48321064102,75340.5721922344,76507.81379962007,855.1606093685259,443.66457851628365,296.3872398819076,124.36884527935763,6.002505729432728e-05,0.0317975708105608,96,69,93.88277835113864
11736,887.2055122693857,159466.34868276556,75348.2421226946,76463.2225025438,1173.0896528415033,564.5192637453583,370.58018426431227,171.02778981084703,-2.0176501688688274e-05,0.0466642771783396,96,69,93.87952812169632
11737,887.208347796974,159371.69158259427,75319.01522640666,76511.44597394954,1502.5672916384647,676.2146993227507,435.2315436443605,244.66879950353177,-2.746132009488451e-05,0.0486953403395559,96,69,93.87628796119576
11738,887.2248006427773,159294.83575314455,75351.39215565154,76488.15693167599,1786.8434498864808,761.239344236732,481.0671193625167,291.9570001270622,6.448641859370877e-05,0.06359099240106,96,69,93.87305782256486
11739,887.2282643887811,159258.50786633434,75364.28761122515,76472.11552608074,2030.57741822151,822.4589937409619,511.79505342694756,357.1019789983111,-7.659820495621453e-05,0.0635752335574483,96,69,93.86983765835392
11740,887.2454377156921,159205.4028075284,75356.87295134921,76490.01724024669,2193.565052089689,850.7710238477885,524.3944105977862,390.28728854612564,5.912095606211083e-05,0.0581142366755038,96,69,93.86662742074206
11741,887.2482548404362,159116.06145726028,75372.80084435167,76505.64089817886,2300.8823119492736,857.032254172489,526.7935019522993,441.60708110212,-1.880886395284656e-05,0.0426879597408485,96,69,93.86342706154176
11742,887.2647018455044,159066.17179471793,75360.04228010868,76510.92281596722,2330.0544345606468,837.850603790881,517.4446778540732,460.27931528471527,-2.876416297857723e-05,0.0050743389822043,96,69,93.86023653220413
11743,887.2683095411978,159044.61959541176,75345.98733176995,76479.1410325757,2319.839660551108,807.3662307187187,503.58405720235896,495.9201590735174,6.522122121146655e-05,-0.0220397967988519,96,69,93.85705578382434
11744,887.2852495416736,158969.7857641139,75351.03757049916,76488.34866704224,2259.211256846669,764.3966434701142,482.75618714849406,501.37922841263935,-7.648119536212097e-05,-0.0301564985759279,96,69,93.85388476714716
11745,887.288791766253,158974.82446914449,75377.84646296964,76529.10760012451,2189.9505639626295,722.7239638232713,460.8829272157891,527.9043615877745,5.819742462961368e-05,-0.034972709237055,96,69,93.8507234325719
11746,887.3049487876608,158935.4509665838,75376.57016421054,76492.39199241162,2098.4056365996366,679.4310039881675,434.92857385924435,527.8969819188642,-1.7435633489589082e-05,-0.0284143766653716,96,69,93.8475717301578
11747,887.3081387607457,158904.81220237742,75344.93873084511,76503.7089734402,2018.5443467427394,644.9622406255949,410.46112841091235,550.2966311566706,-3.0056602373167597e-05,-0.0110448254740334,96,69,93.84442960962994
11748,887.3253067279663,158888.21492571902,75358.70713539608,76511.95320493088,1928.1739801639342,612.7467438887834,384.4992341006873,544.0704401116818,6.593364473911222e-05,0.0012587972619221,96,69,93.8412970203838
11749,887.3286476612352,158857.79995878882,75352.89765816797,76510.01644092718,1856.5304656754597,590.2346456939849,362.7243517964671,561.4604625470529,-7.633847651286001e-05,0.0061365932515589,96,69,93.8381739114914
11750,887.3448813835967,158816.35252377536,75365.93627155249,76516.37312376178,1776.8678930411115,567.9766561086872,341.5408736456884,550.3932580008404,5.72547850999431e-05,0.0186409036243865,96,69,93.8350602317062
11751,887.3480757634816,158832.5187686714,75334.05117580926,76528.46070085907,1713.6317237932235,550.7708245447138,325.05539091597893,559.4565976719023,-1.6057276105597813e-05,0.0080273186846175,96,69,93.83195592946906
11752,887.3653060527881,158798.17723829608,75363.5510715441,76513.14807749503,1638.7870110297808,528.6170624805236,308.4922031518072,535.8455482556019,-3.133820846463218e-05,0.0069729937820675,96,69,93.82886095291347
11753,887.3685312125466,158810.25376692988,75390.79514550792,76518.55955995416,1578.9018991456833,507.786202974341,295.46118699596263,533.3846321066376,6.662346098679817e-05,0.0134206816795775,96,69,93.8257752498709
11754,887.3847951697486,158819.24157159007,75381.56619535918,76507.61485659883,1507.119868720125,480.705914609498,281.3264666853065,500.5555077595345,-7.617011067409883e-05,0.0016344552293526,96,69,93.82269876787676
11755,887.3880362893422,158798.53074087098,75342.2322796984,76512.76434366136,1449.5192779609933,455.91649318218697,270.1056937263056,489.113037524221,5.629336579669675e-05,0.0143956330912033,96,69,93.81963145417524
11756,887.4052861361718,158829.9704700296,75341.91008710681,76503.85615989483,1381.379822181596,428.66999408793345,258.4596405150078,448.7551092670474,-1.4674259624136238e-05,0.0432691387942515,96,69,93.81657325572566
11757,887.4084208074124,158837.00165872264,75380.2946014522,76484.19966919607,1332.6561237681308,409.5051242366317,251.68545345694292,436.0649811490439,-3.260855499106789e-05,0.0517766060366388,96,69,93.81352411920749
11758,887.4247048737465,158831.29901162337,75379.01571683379,76539.60403366754,1280.1217933602165,393.7316579672479,246.94397285822197,400.51633006631164,6.729045009652804e-05,0.0190491625607083,96,69,93.81048399102616
11759,887.4280104758383,158820.9839595887,75374.42239883213,76524.82787413886,1252.2369669877226,389.6524764439673,248.7192754286516,394.4758960811887,-7.597616864851425e-05,0.0071476803976428,96,69,93.80745281731905
11760,887.4452521624921,158824.02537909616,75384.49768878022,76523.96405267979,1225.4965642837342,390.23077766584174,253.108839352004,367.3124345030228,5.531350074873622e-05,-0.0048792355987382,96,69,93.80443054395973
11761,887.4483134850311,158832.36214874848,75376.93865936827,76512.02264369618,1227.7560054685455,401.2561047918134,263.14284293039236,373.78438461446785,-1.3287052467810566e-05,-0.0198683688674576,96,69,93.8014171165656
11762,887.4646134555696,158775.07042128663,75382.67782920589,76529.72909996357,1231.5309478798881,413.30665941718325,273.3749304889643,360.9727609612746,-3.3867220087845944e-05,-0.0041259502319615,96,69,93.79841248050208
11763,887.4679964884511,158780.54570547518,75343.72816077925,76511.56846081096,1258.4110997689422,430.11910423669906,285.4041824657761,378.04817097610794,6.793439945514754e-05,0.0081103208824236,96,69,93.79541658088873
11764,887.4852030999889,158756.05926235637,75362.54759475586,76504.32956272954,1278.0083065693616,442.4530471963226,293.6673184722313,372.14947370713344,-7.575672938845145e-05,0.0155480290673184,96,69,93.79242936260503
11765,887.4882119903002,158727.63855606056,75333.62421079367,76485.41377220444,1311.1311587896198,455.2236724351096,300.3395286971936,394.41664412568207,5.4315530813290855e-05,0.0174587177062047,96,69,93.78945077029624
11766,887.5045180825038,158681.0814297285,75364.63743284972,76487.33990250345,1326.35385548888,460.6245120167587,300.84746384373284,390.34661902234075,-1.1896124672667873e-05,0.0192813058243812,96,69,93.78648074837838
11767,887.5079989146434,158668.56848730528,75346.49761354175,76463.60505514005,1343.838936287677,464.34860111249145,298.3128471758682,407.26743946471834,-3.511378556505607e-05,0.0233714369775442,96,69,93.78351924104504
11768,887.5251295500358,158627.36120109732,75342.9132641356,76493.03875476806,1335.965191024472,459.9867860751983,289.7411080128513,394.07387461012695,6.85551045797131e-05,0.0046452142202236,96,69,93.78056619227216
11769,887.528131648458,158645.4986534956,75358.5359687782,76495.65609521205,1327.3231044384884,453.86454619976575,279.49990922710276,402.1534655075229,-7.551188112134619e-05,0.0443176412425551,96,69,93.77762154582466
11770,887.5443951792172,158647.99459354708,75340.79890249517,76494.05147981689,1292.362933968252,439.6741467386746,265.36383349844255,380.99673393560806,5.329980181208614e-05,0.2828990911427376,96,69,93.7746852452614
11771,887.5480613619618,158619.67419704318,75365.94544875687,76467.13240653247,1255.6564803055371,423.2419729458343,251.69919872653554,379.2688097783248,-1.0501947304422264e-05,0.4144014428554406,96,69,93.77175723394164
11772,887.5649278908614,158612.44807305225,75340.07275891853,76470.09971966715,1194.5643642027862,399.1709967938077,236.48257481728797,350.8820411559718,-3.6347837901830266e-05,-0.0605546188718776,96,69,93.76883745503034
11773,887.5685769067767,158636.09723277212,75363.19297662895,76474.44816492256,1134.6706662253127,373.8158393479389,223.54943655827083,344.8806413229322,6.915236886481877e-05,-0.2246043035343769,96,69,93.76592585150436
11774,887.5847570272152,158600.25381322496,75353.55813632028,76467.09508640936,1054.182781735668,342.7356077879231,210.23030322699924,315.54648089720285,-7.524172018675331e-05,0.0881378349353491,96,69,93.76302236615813
11775,887.5878662721781,158630.35482438712,75342.19913563733,76500.89858084267,978.4599849255756,312.5746058623481,199.289698471257,308.7962344607513,5.2266666064561e-05,0.0197295639222679,96,69,93.76012694160944
11776,887.6049927689999,158635.00883550642,75356.06852220943,76489.26146668351,885.5817370178993,279.2232859705109,187.2042600378045,276.51332720491337,-9.104991800218404e-06,0.0239206890892069,96,69,93.7572395203052
11777,887.6084420411692,158620.79428126098,75353.03597708174,76482.51107935404,803.1882990386221,249.44675481555169,176.21310855841148,266.5127273785765,-3.756896791891949e-05,0.0749634849706752,96,69,93.75436004452808
11778,887.6246831425465,158651.1711534254,75340.68871122287,76475.0663497762,709.849468251341,218.78922330790374,162.53111124943825,232.20434576485422,6.972600378960627e-05,0.0373743766946489,96,69,93.75148845640098
11779,887.6277966896879,158649.90359271644,75346.33162250265,76480.84746833403,629.7200390852522,192.16447386919754,147.8833557747712,217.31097194718313,-7.494635143702789e-05,0.0257841836499371,96,69,93.74862469789429
11780,887.6449951066487,158641.06942070124,75343.8534775503,76474.21005896541,538.1491115652607,163.63746011025796,128.63894026653725,175.72989328284166,5.1216481261516e-05,0.0040933032067945,96,69,93.74576871083076
11781,887.6483368494626,158664.84632017135,75360.10122988358,76483.54404913828,457.8597971610725,136.9233917727106,107.21314266091213,154.52130447037052,-7.705730790439566e-06,0.0014423291034062,96,69,93.74292043689232
11782,887.6645876200942,158698.13644665843,75363.449096706,76466.13401989611,363.2053790630307,106.06896221394709,81.40106063353596,110.82480416464387,-3.87767710108661e-05,-0.0164294115803916,96,69,93.74007981762512
11783,887.6677524698039,158720.00588853803,75336.10855568791,76472.58626952834,276.1980326035409,75.51754181612341,55.29411359736696,88.5029546028818,7.027582892742471e-05,-0.0161912016487173,96,69,93.7372467944461
11784,887.6849787740072,158731.0603396068,75349.61002524175,76452.21249805819,176.1914548985078,42.71311986002547,29.28801424888661,46.24544357327977,-7.462588810676051e-05,-0.0327099521162774,96,69,93.73442130864848
11785,887.6882372370289,158755.47240257572,75351.18981747577,76470.73672709946,95.26447153347544,16.739336214610375,10.072537801606813,30.0154057299369,5.014961072201015e-05,-0.0300972700958108,96,69,93.7316033014082
11786,887.7044863828551,158743.06807281196,75315.18813301685,76491.1064215361,23.4956513614743,-0.0,-0.0,-0.0,-6.3046373105485705e-06,-0.0172936560499623,96,69,93.7287927137894
11787,887.7077234693628,158725.079854135,75337.12966658795,76461.20829327073,-0.0,4.0793347104336135,5.810141790192574,-2.6430647054803558,-3.997084724407493e-05,-0.0267466953902111,96,69,93.72598948675022
11788,887.7249489394744,158704.62686334242,75353.69000072192,76486.22286136111,19.385602204827592,31.541663568175863,28.3295366455568,-16.373128923674813,7.080167174332953e-05,-0.0175251363080874,96,69,93.72319356114974
11789,887.7281401277382,158706.27085679088,75343.28092533651,76491.11298246366,118.75873905606568,89.78974471284891,70.57924103867845,1.3026811598974746,-7.428045205755549e-05,-0.0009219888310654,96,69,93.7204048777528
11790,887.7443823779249,158693.59503793606,75356.5980697867,76471.96452757693,280.7266905005672,173.7183702995826,128.11587915036944,12.958177078078734,4.9066423418923744e-05,0.0115974853518584,96,69,93.71762337723666
11791,887.7477082876886,158656.8722675849,75377.8017262134,76496.4904305811,521.1158078017761,280.2721436367574,197.77041585405823,55.689483565452974,-4.90218473130082e-06,0.0228495752528464,96,69,93.71484900019672
11792,887.7649040293447,158540.1836279775,75341.52861111033,76503.1039332867,801.0023871273152,395.35096983329277,270.28496112587163,92.27591219751048,-4.1150801455960826e-05,0.0459013586890769,96,69,93.71208168715262
11793,887.7680485654421,158491.8444881733,75351.21140781678,76482.35537254592,1118.0495074639912,509.7573754696059,339.8693892539013,158.4139697974897,7.130336825803987e-05,0.0332794537607014,96,69,93.7093213785542
11794,887.7842724428739,158446.3985796695,75377.97020952165,76502.69889235843,1421.3246779150213,608.2913953466632,397.78659848515235,215.23997887136647,-7.3910173345681e-05,0.0242494039128444,96,69,93.7065680147874
11795,887.7877122418837,158330.73141380626,75346.48332957808,76472.08035424084,1704.6230641108705,684.9736544086918,441.3548545590311,292.08795398907387,4.796729326123198e-05,0.0478363736164995,96,69,93.70382153618056
11796,887.8048337680957,158242.57001038294,75354.75589011649,76513.18199944998,1925.931042574579,732.392667339358,467.2579350544256,351.29989588362514,-3.498846417326471e-06,0.0327792963308767,96,69,93.70108188300968
11797,887.8079784667524,158166.28102832226,75342.1032268631,76486.92977442627,2095.31519890466,753.5670116831898,478.4240756162908,422.9231155421876,-4.231624400154165e-05,0.0143914109970581,96,69,93.69834899550564
11798,887.8241326718304,158153.55949848457,75352.58421830565,76510.19863145701,2188.6948068727506,749.6109350026236,476.07242501444125,471.34469932774664,7.178076246208699e-05,-0.003483909806442,96,69,93.69562281385896
11799,887.8277786004494,158064.53679830517,75350.87972725442,76512.48232513737,2230.93109335826,729.0811067410395,465.3403958417184,524.7227997266164,-7.351519049264452e-05,-0.0286178273857342,96,69,93.6929032782267
11800,887.844640568604,157973.68046831852,75349.66598756501,76490.24361521838,2212.0716884787544,696.3476566917525,448.0008302946371,552.9087430456129,4.685259942681577e-05,-0.041776958291354,96,69,93.69019032873808
11801,887.8483166199751,157984.23102866128,75355.98396567306,76488.23634500593,2164.999714498641,659.9062263745145,428.0620433254953,585.9498814122635,-2.0950958514514367e-06,-0.0341327575077368,96,69,93.68748390550049
11802,887.8645984952364,157959.34998194966,75335.5518936126,76513.25124292924,2082.9940434123855,622.4123606889916,405.7706440002221,596.9188712068717,-4.3466789569676446e-05,-0.0505375323851627,96,69,93.68478394860544
11803,887.8675802726862,157938.59251636465,75340.16518853282,76478.64419689818,1997.5791581125814,589.1428230146703,383.6254865212977,614.9762632356724,7.223370690200351e-05,-0.0451914272446668,96,69,93.68209039813502
11804,887.8846978056952,157910.7278545156,75359.03142796259,76501.43843974498,1898.087829336815,559.5926328254427,361.0852435204433,613.3659555179474,-7.309564990834814e-05,-0.0246929612784608,96,69,93.67940319416752
11805,887.8882012047831,157892.85102785903,75342.08802093258,76506.1494846842,1812.42113702395,535.9595740904915,340.3577169489872,621.418609981105,4.572272624683237e-05,-0.028316636487559,96,69,93.67672227678334
11806,887.9045127377198,157876.09680681422,75353.23394479028,76510.59427753846,1725.306761052576,515.539560104342,320.88041580148274,614.19838205204,-6.914066106109365e-07,-0.0326651351357467,96,69,93.67404758607168
11807,887.9075091633381,157887.25776082525,75338.28752995508,76530.48382333315,1656.8819296811707,498.51915712762275,304.28419074686826,617.2480443051609,-4.460205855382232e-05,-0.0341308961313728,96,69,93.67137906213549
11808,887.9246962674384,157899.71555106304,75382.39835092475,76520.07181360808,1585.728779034107,481.5298035063752,289.24186331557576,605.5388514524384,7.266206194263813e-05,-0.0303175140882718,96,69,93.66871664509854
11809,887.9281127553157,157876.75245747002,75409.2030391978,76548.20259073125,1528.636794416525,464.7857939562964,276.33981488246354,604.3154516402865,-7.265170644844401e-05,-0.0354161452456407,96,69,93.66606027511096
11810,887.9444055878658,157875.35094609455,75375.96869467484,76483.99263726323,1463.170711292245,446.0030293588352,263.511957274779,590.3336161648913,4.457806294303503e-05,-0.0264462179980937,96,69,93.66340989235508
11811,887.9474628813499,157904.9725828404,75367.32603353969,76518.03235926986,1405.0712008581613,426.44378916485584,250.98017681154306,585.5410807669687,7.117481967891442e-07,-0.0214324118077114,96,69,93.66076543705177
11812,887.9646781211984,157880.29504181637,75409.20782222725,76546.60028656226,1334.9310792121687,405.4413913755852,237.43796515307622,567.6640555049526,-4.5721676542771226e-05,-0.0016801898008528,96,69,93.65812684946646
11813,887.9680289582719,157880.8446194858,75374.04042028508,76516.35993516342,1274.071736974991,385.461990645912,224.55546818577568,559.0808417453081,7.306569654928909e-05,0.0148846930778327,96,69,93.65549406991472
11814,887.9842910969736,157899.5896316999,75387.30843479931,76531.92952085135,1208.6245347324875,366.9179725857248,212.76818792056292,539.9893137856561,-7.218352325859459e-05,-0.0032557905538773,96,69,93.65286703876887
11815,887.9874334651639,157912.74430261282,75386.59589797625,76531.00815809028,1161.3488269710797,352.4395374608721,204.72524253212032,530.414655861241,4.341900355746444e-05,-0.0045254815509557,96,69,93.65024569646368
11816,888.0046463263322,157915.89106218197,75382.07550540206,76531.2114385559,1119.1105088683544,342.52658143224835,200.98534177744295,512.1038349889277,2.1138957373831358e-06,-0.0128156155825721,96,69,93.64762998350206
11817,888.0079489087838,157942.3265820993,75379.16918081944,76556.47688360936,1103.0731511451886,339.1777672728349,203.04696117085405,504.78675675895647,-4.682527464390675e-05,-0.0271192668986922,96,69,93.64501984046166
11818,888.0241694706795,157923.9936732575,75381.14313568959,76518.33292924064,1095.8532580483006,342.0044423523068,209.53070632804884,491.087339815771,7.344448846266493e-05,-0.0116379614584614,96,69,93.64241520800044
11819,888.027423433221,157919.4679648364,75381.08201595143,76553.06279147403,1110.9151354792411,351.2676544009446,219.58750444784528,486.85428763678647,-7.169127145883798e-05,-0.0104819158946668,96,69,93.63981602686286
11820,888.044593980793,157926.4551333558,75379.76410799517,76526.01384214894,1126.1711732807453,364.8789078254922,230.2154071321711,475.08864263884607,4.224594640950616e-05,-0.004796026424651,96,69,93.63722223788582
11821,888.0478831963037,157944.128566415,75375.63016355067,76519.49624738266,1152.8087354307063,381.18276089272695,239.89707206434105,470.6169559643313,3.5145639496755246e-06,-0.0017263830251958,96,69,93.6346337820044
11822,888.0640251992131,157937.38453013406,75378.33887141198,76537.21396641959,1168.8131150981062,396.8789852210466,246.19663980862242,457.801735314657,-4.791248954320278e-05,0.0056901004854449,96,69,93.63205060025814
11823,888.0674609469739,157936.47263068802,75371.29175100164,76552.04371992637,1185.2902546068071,409.6760416785837,248.90993501336197,449.41056134345126,7.379832339542731e-05,0.0124388010822943,96,69,93.62947263379688
11824,888.0844611204026,157944.19833959296,75365.50380017914,76580.81613070407,1183.96104154957,416.99042115252814,247.52175516542047,432.41971858084435,-7.117512996457888e-05,0.0068710674500946,96,69,93.62689982388687
11825,888.0880169910105,157965.85524978078,75416.24526782666,76541.7793758354,1179.3175561816315,417.89473506731156,243.47039523304556,419.84623201630893,4.105929498752162e-05,0.1320076150997419,96,69,93.62433211191616
11826,888.1046281901326,157985.26877171046,75405.76602441144,76557.33976582481,1155.5217298711068,411.8336489153153,237.2712569241121,400.5579408906924,4.913281321057988e-06,0.376334366414769,96,69,93.6217694394015
11827,888.1073110013886,158014.09393135345,75400.54795250687,76579.08434663368,1127.663232115272,399.6052496424236,230.41585438363836,386.1453438977187,-4.8982964065843215e-05,0.2314469998082647,96,69,93.61921174799316
11828,888.1244757219472,158012.88993838386,75401.0912873946,76578.66183883774,1079.9325046287267,382.1076374012191,222.7911953877192,365.7182224437129,7.412709595817552e-05,-0.2495786979986803,96,69,93.61665897948184
11829,888.1279489069815,158000.03657527658,75384.49067079267,76570.25418256024,1028.4972092796816,360.7544057450723,214.8717392605322,349.2041805285553,-7.063528609524648e-05,-0.0923254496397721,96,69,93.6141110758037
11830,888.1445199461201,158026.1611583496,75423.82142772782,76598.47189616426,960.5563965381007,336.7237496778398,205.7290362539934,327.07520233796095,3.985945649613016e-05,0.0796094641718061,96,69,93.61156797904732
11831,888.14723903373,158066.19037163295,75418.60659880345,76586.59151827905,893.2330999446567,311.1909299213439,195.3068873907032,307.2055190516694,6.309577673280379e-06,-0.0006403021728753,96,69,93.60902963145848
11832,888.1644625701446,158076.2005989814,75412.49657525671,76560.2848200852,815.364404850814,285.1664173862664,182.73935524202534,281.38959186160355,-5.003634601576904e-05,0.0509039311604166,96,69,93.6064959754465
11833,888.1678888979856,158125.7323091343,75430.71644337464,76566.00365148735,744.9408390310709,259.3343315898237,168.33559370110743,257.0592131271551,7.443070874750699e-05,0.0168347252064866,96,69,93.6039669535908
11834,888.1844012047636,158105.29639360897,75420.90184377748,76582.67293926893,670.6516161848558,234.09437919571064,151.7126961981412,228.28575374410138,-7.00719344572086e-05,0.0169759901568118,96,69,93.60144250864548
11835,888.1871817130748,158171.34044871872,75403.1336118902,76576.68678515221,605.6535675774212,208.9706992256688,133.35448942275252,201.01917834873893,3.8646842547172265e-05,0.0091597889230449,96,69,93.59892258354594
11836,888.2044441522684,158171.65450083138,75421.41126027255,76604.73567398355,533.9356946254265,183.13331213772472,112.93382608151296,170.57708187014214,7.702983568113879e-06,-0.016023997258707,96,69,93.59640712141508
11837,888.2078254528061,158215.23241393763,75434.01020209063,76565.366308301,464.9630860147299,154.97981516522123,90.98699684703024,141.65576869726647,-5.107228979174653e-05,-0.005122880087761,96,69,93.59389606556805
11838,888.2242793291184,158276.94982159266,75432.07458811348,76590.82478885783,382.53489290957805,123.68751662685827,67.64648288782337,111.01974970308947,7.470907319179071e-05,-0.0012791823005097,96,69,93.59138935951876
11839,888.227135520206,158262.5586610641,75431.01119699153,76582.86598189767,297.39576063660206,89.17841939652862,44.4169417086232,81.97681294247741,-6.948527809931956e-05,-0.0129771381809419,96,69,93.58888694698612
11840,888.244421184467,158266.46980006353,75415.50369801004,76599.88155470676,200.3650378404418,54.056936598644825,23.089064309402602,53.44229045775137,3.742186917303703e-05,-0.0002791731779322,96,69,93.58638877189868
11841,888.2477578703399,158323.19084955516,75444.3281717735,76559.6836325548,112.48435438727029,22.73775466544612,7.12014845435624,28.8029827811406,9.093030649611127e-06,0.0124482831992869,96,69,93.58389477840116
11842,888.2641555453675,158349.38478396906,75411.14057703574,76579.71527366186,36.37078910076525,2.347551969040069,-0.0,9.921442643651972,-5.209045566309637e-05,0.0284399419175876,96,69,93.58140491086073
11843,888.2671007828142,158349.87506659818,75417.98062929513,76578.13736592687,-0.0,-0.0,5.794934811856365,-0.0,7.49621095154372e-05,0.0430313654378295,96,69,93.57891911387102
11844,888.2843914001578,158374.37197096852,75419.14181024744,76566.53030406022,9.091005529218819,22.362558075226843,27.03928810515208,2.6660484536841977,-6.88755274150619e-05,0.0344374055500239,96,69,93.57643733225994
11845,888.2876882117455,158316.16495502443,75408.54095399867,76580.41073755224,87.21980829176027,72.11689491177094,64.96856825522264,18.71768813120434,3.618495611256974e-05,0.0431588296656491,96,69,93.57395951109362
11846,888.3040284697049,158317.80910124068,75430.83425955425,76575.48099508003,228.98301700304728,148.3510114447272,117.71551116695628,50.744625360064674,1.0479252334158149e-05,0.0775917898156338,96,69,93.5714855956836
11847,888.307080567538,158271.70744933622,75415.69452751322,76588.59209849502,439.21543826686684,244.6444138829538,181.2792805932113,95.30167354593868,-5.309051040853471e-05,0.0772602553898614,96,69,93.56901553159136
11848,888.3243489058184,158201.29126103272,75419.1101367077,76575.85394047164,693.7342812612187,351.8396628792689,249.05120419131708,153.08776778014726,7.518974596748893e-05,0.0656112495622012,96,69,93.56654926463462
11849,888.327623827085,158142.92143391148,75428.8744374446,76575.12420874387,980.6017617997131,458.03083999690716,313.98290507978527,216.54135952881188,-6.824290075820513e-05,0.0549588446765691,96,69,93.56408674089288
11850,888.3438888261907,158059.5519937772,75437.5368499999,76560.79159814103,1265.3621929272776,552.7283403286128,369.0725871427858,285.88424574243254,3.493652648961821e-05,0.0538220080315112,96,69,93.561627906713
11851,888.3470911264695,158012.6065591057,75431.98663450523,76592.99670968964,1531.7985776160494,626.7797117024311,409.6768331211788,352.6340100253001,1.186118331639186e-05,0.0557289614513874,96,69,93.55917270871451
11852,888.3642609538291,157953.6227256457,75405.84861062566,76597.06240893455,1751.1782077692333,675.64799415163,433.52059425729385,419.13496566045796,-5.40721265676276e-05,0.049737807816345,96,69,93.55672109379624
11853,888.3676516777211,157906.9929769569,75405.14340407727,76610.93462871945,1918.7664787654066,697.6811174872273,441.63585315640375,477.17545033228816,7.539191987134145e-05,-0.0127823920745414,96,69,93.55427300914062
11854,888.384528378652,157829.55957847854,75421.27002243961,76565.5025660356,2021.0156995048746,695.9746829200303,436.88865529728355,531.9848412329156,-6.758762365611602e-05,-0.0321080166691915,96,69,93.55182840222008
11855,888.3870060519065,157805.08010203086,75438.94421881683,76582.72109729664,2067.4449697858654,675.0791872546979,423.607622295327,575.8433727308002,3.3677007780737314e-05,-0.0277485212406433,96,69,93.54938722080232
11856,888.4042332950889,157742.97639733806,75418.59772513961,76601.22692621869,2056.9813328416203,642.1671748818335,405.6561249611841,616.5561703319254,1.3238360079453927e-05,-0.0446777174535305,96,69,93.54694941295584
11857,888.4076190117534,157773.15385685972,75427.73850222336,76542.2255349472,2007.8290235580644,603.1732913145242,386.2943874387274,645.8975734470878,-5.5034983304898255e-05,-0.0589440758460783,96,69,93.5445149270557
11858,888.424404199549,157704.10520736928,75410.44111017122,76566.92596125205,1925.3993349759257,564.3440541508025,367.2049166850338,672.1734684790426,7.556857704706949e-05,-0.0627924647217206,96,69,93.54208371178854
11859,888.426938109745,157682.63028217803,75405.87425242561,76603.26145073469,1829.2798848410603,528.9515613584372,349.22858513257233,686.7041401682363,-6.690992964359521e-05,-0.0579792570177715,96,69,93.53965571615858
11860,888.4442072843465,157720.32882560484,75423.404206727,76582.22323620235,1724.335447942547,499.7436316287203,332.2323707086034,699.4724490052031,3.240683076033511e-05,-0.0418824156137639,96,69,93.53723088949262
11861,888.4475780713026,157686.83443887404,75424.17206724374,76580.7815132857,1626.6645782929845,476.2058216303558,316.02544875300373,701.271745924576,1.4610321177545458e-05,-0.028364763194128,96,69,93.53480918144592
11862,888.4642792967892,157667.68985108126,75429.48596478999,76608.48687122799,1536.5980151357362,457.81484085186094,300.1902427119203,702.8701964195061,-5.5978766449089686e-05,-0.042716144197483,96,69,93.53239054200698
11863,888.4668763182682,157713.26399778813,75406.51441549555,76612.21360156263,1462.437959134113,441.71854436521244,284.56497876151116,695.4788808383746,7.571967198870135e-05,-0.0318522821665675,96,69,93.52997492150374
11864,888.4841839829243,157717.9542796639,75402.98742785798,76601.04718250301,1397.407850310905,426.3731662452774,268.92680843992275,691.4002592494653,-6.621005941320624e-05,-0.0092355182025567,96,69,93.52756227060831
11865,888.4875285600926,157776.20805308997,75424.03604746642,76583.15016992584,1343.4839354638825,409.14330710280046,253.25478565413505,680.4143543184618,3.1126429192124345e-05,-0.0180238517319878,96,69,93.52515254034245
11866,888.5041541327188,157755.50327223758,75414.42019951409,76610.87215994502,1291.1503611582448,390.02691393563873,237.55167975943186,673.7437193700753,1.5976606668229485e-05,-0.0164162738579128,96,69,93.52274568208333
11867,888.5068217963732,157732.34421112525,75424.64070387553,76597.54719969336,1241.359873358102,368.7865474212158,222.0778228220879,660.0636413181492,-5.6903168285571175e-05,-0.0102175788113511,96,69,93.5203416475678
11868,888.5241612084925,157747.58276255778,75456.20728339249,76595.23771445036,1187.7567993002012,348.00250798629713,207.33924111939268,650.8113857542048,7.584516752415721e-05,0.0051016860746096,96,69,93.51794038889932
11869,888.5274714470067,157792.81252439757,75449.45329623252,76596.56456862246,1135.9495213032933,329.1804865590093,194.12070062174462,633.4556883840123,-6.548826096197282e-05,0.0152825266711846,96,69,93.5155418585514
11870,888.5440287714737,157841.18084117642,75435.43234039446,76631.82358193371,1085.327507527254,315.41159431653796,183.42201045778347,619.7386430140468,2.9836240394486564e-05,0.0285867911091401,96,69,93.51314600937393
11871,888.5467756925416,157837.77090563928,75459.18503127269,76627.92496871324,1044.2257615166018,307.29022770325537,176.19377456925577,598.4018932215986,1.733675921988467e-05,0.0106299116953844,96,69,93.51075279459845
11872,888.5641366027071,157879.89929457646,75458.51928084968,76639.99756899383,1013.1565427611931,305.9689630142966,173.28959536494222,582.8051828734169,-5.7807887439042354e-05,0.0026741208794089,96,69,93.50836216784246
11873,888.5674080916236,157873.474170788,75456.27885679466,76610.3246399364,998.2002164557925,309.6194059347472,175.02810691847117,561.0705998975027,7.594503556418329e-05,0.0100156795754849,96,69,93.5059740831154
11874,888.5839029577443,157904.1616777719,75473.51907509858,76638.64211631958,996.3084338938934,317.50989249562554,181.3143045179313,546.2174698041053,-6.474478970951397e-05,-0.0138187196863762,96,69,93.50358849482366
11875,888.5867394382118,157942.9440936389,75448.81258439153,76648.08153804232,1007.8454664453748,326.9321266879415,191.19466294741142,526.7309194027039,2.85367048192982e-05,-0.0126204595084365,96,69,93.50120535777536
11876,888.6041071731504,157937.15194209525,75482.42137776634,76664.96016646821,1025.6443065683707,337.30827561857586,203.3221937919443,515.761130479048,1.869032350186403e-05,-0.0009140588236585,96,69,93.49882462718556
11877,888.6073409440783,157962.80115948865,75467.35252211585,76647.5336971872,1047.0064606890664,346.549153188942,215.65399284104933,500.40023756350274,-5.869263020770734e-05,-0.0046781369957741,96,69,93.4964462586813
11878,888.6237751144223,157993.0957985077,75461.60198601754,76662.53931219208,1064.692137010512,354.8512774103874,226.3554009597865,492.9433614384907,7.601925652764675e-05,-0.0059603476194049,96,69,93.49407020830704
11879,888.6267161387353,157968.3970669938,75474.97824812756,76671.47436439217,1076.8421915345825,360.58979870828625,233.53333402762655,480.7911927123205,-6.397990826179607e-05,0.0013111585375029,96,69,93.49169643252884
11880,888.6440672390456,158019.6274860376,75496.41037947108,76655.36255248929,1079.2952313716523,363.9949172032502,236.22395167307695,475.70321273748414,2.722826540158465e-05,-0.0149479512037662,96,69,93.48932488824018
11881,888.647277032113,158063.46345393246,75474.13295455971,76648.78667653342,1072.6655564464745,363.12120011929073,233.73940595489694,463.405616220145,2.0036847142373184e-05,-0.0510340765978122,96,69,93.4869555327664
11882,888.6644194450557,158027.6355208573,75437.46057053728,76617.56396043694,1055.124539966113,358.1911323692184,226.53172084368998,454.9486985227268,-5.955710905225826e-05,0.0001038684818436,96,69,93.48458832386964
11883,888.6667171353246,158041.9160259239,75466.02092331574,76639.55408147648,1027.6490831155097,347.66554677936074,215.11263692489592,435.9788703493832,7.606781921650408e-05,0.1820869117791675,96,69,93.482223219754
11884,888.6839925962269,158085.1352655259,75473.77631205945,76662.27787810953,988.8183105984936,332.852831119686,200.91682781497366,418.87546476649004,-6.319388595691233e-05,0.3964861726841251,96,69,93.47986017906996
11885,888.6872785595324,158093.42167595302,75490.25483124622,76667.0427411584,939.3075257716118,313.4797558022401,184.9081008770445,390.9832985214307,2.5911368489981854e-05,0.0348024890121462,96,69,93.47749916091992
11886,888.7042827833214,158141.6777744903,75472.39450942399,76683.68534449059,879.008607149939,291.99297577230027,168.53535668450058,365.4359355336346,2.137587984117853e-05,-0.3310138963908715,96,69,93.47514012486204
11887,888.7066519171868,158205.3328085071,75509.99194268545,76693.81333611788,809.8769322163425,268.76003460696666,152.24435567701585,331.9525894205726,-6.040104382431181e-05,-0.0010882263398882,96,69,93.47278303091616
11888,888.7239538515529,158192.99606755024,75500.53933515715,76678.14885739307,734.3809740452562,246.14615561647224,136.75213681461173,304.91159774552216,7.609072156711334e-05,0.0740977301845835,96,69,93.47042783956726
11889,888.727254021674,158284.456009066,75510.66299857674,76673.35020984395,655.8503230786882,223.4354305388988,121.60320585343288,273.5753464954614,-6.238699946627887e-05,0.0103348460991403,96,69,93.46807451177152
11890,888.744155943066,158274.196916877,75482.78137696107,76666.6519017046,577.4938404865679,201.34677825777908,106.86205301209702,249.2421967733244,2.4586462217177315e-05,0.0489651463834811,96,69,93.46572300895969
11891,888.7465837941538,158317.6916646144,75506.80040421057,76676.49514091972,500.64426150446525,177.556888174935,91.66448340553325,219.7676171552448,2.2706974397685147e-05,0.0339566014442166,96,69,93.4633732930428
11892,888.7639257884684,158343.66962332482,75482.42943799106,76678.90088838962,425.7726736373734,151.8979016386147,76.06423348636599,194.83030035652337,-6.122416091831845e-05,0.0286584285170554,96,69,93.4610253264162
11893,888.7672161262407,158364.75005661885,75514.81114200618,76662.48583760082,350.4118901101174,122.18775384392939,59.34613527407055,161.97428032336757,7.608796970052988e-05,0.0087597167148884,96,69,93.45867907196424
11894,888.784031657645,158388.57982337842,75522.25993802052,76666.89510908096,273.5512592434534,89.92015732832078,42.17500188545091,130.80958532792283,-6.155953241117561e-05,0.0015496650337173,96,69,93.45633449306524
11895,888.7865189040531,158447.79112178087,75510.83313348606,76678.26777075109,193.91804655455053,56.065105289264466,24.96746525692288,92.7329581133381,2.3253997972877103e-05,-0.0072099052420667,96,69,93.4539915535952
11896,888.8039031494505,158495.9020979149,75510.78710460401,76680.9245916196,116.60049149772385,26.178663458951632,10.251000313670374,60.59831925207982,2.4029686244006756e-05,-0.0154264587952631,96,69,93.45165021793302
11897,888.8071676817289,158541.8771581299,75486.68853007258,76676.08212779494,48.78405578638194,4.9028107377380366,0.49531367191229947,28.863962481584167,-6.202619460369554e-05,0.0073001298925892,96,69,93.4493104509648
11898,888.8239086112042,158545.60726199514,75450.65557519563,76696.62568650824,5.337114130612463,-0.0,-0.0,10.30624890877516,7.60595790063674e-05,0.0102419247712987,96,69,93.44697221808792
11899,888.826459441409,158575.78537139253,75468.92644512252,76704.01626130046,-0.0,15.79659029902541,11.716798968380317,-0.0,-6.071177487234781e-05,0.0151549279804963,96,69,93.44463548521595
11900,888.8438831995512,158561.85241385843,75488.39982149843,76675.1748463866,49.34954609267879,56.68816347402753,38.6045741122507,7.9562259103986435,2.1914428978044568e-05,0.0265823833394754,96,69,93.4423002187825
11901,888.8471098479033,158527.313952499,75490.28119404116,76678.34259791004,160.78342665033415,120.72218947588408,80.09674099873519,26.43865634922986,2.5343574400736225e-05,0.0336701839554801,96,69,93.43996638574608
11902,888.8637868517559,158496.57095822255,75487.29434965305,76669.43992447047,338.2552471860545,204.58556643257907,134.34600246712216,61.08856691667461,-6.280688604069175e-05,0.0480449490862579,96,69,93.43763395359396
11903,888.8664064252549,158466.35223792802,75521.76298441127,76652.4788284324,571.2948425224167,299.0103195689153,195.76164073470864,103.20200697422842,7.600557281228915e-05,0.0615495710325172,96,69,93.43530289034643
11904,888.8838639540517,158399.72364707198,75480.20790717198,76677.33000739099,845.4405205232906,395.5281450464681,258.7397314054251,156.7660088893026,-5.984402385281368e-05,0.0654045122874376,96,69,93.43297316456156
11905,888.8870433625593,158360.70237209523,75455.72502322283,76680.07372481484,1133.800367730786,482.90201662742766,315.9602962133649,213.17925672233105,2.056821054982628e-05,0.0752816084451108,96,69,93.43064474533868
11906,888.9036669009497,158323.6478605213,75467.4347868257,76650.63022802671,1412.6631010468118,554.5404811452754,362.7638916494616,275.5878940973489,2.6648200512555496e-05,0.0757318724167228,96,69,93.42831760232303
11907,888.9063603270416,158238.1356713813,75522.57198506357,76688.3295425388,1654.241746184125,604.3083852882846,394.92129517986905,336.54802889429266,-6.356598374006585e-05,0.0689956051376795,96,69,93.4259917057096
11908,888.9238437337299,158204.48118300593,75464.6862306312,76678.399910741,1843.4021092982148,632.5308099100221,412.1990767794341,398.481894805067,7.592598335252837e-05,0.0548137080732441,96,69,93.42366702624754
11909,888.9269689024372,158130.08161192495,75510.79268655111,76677.2352523163,1966.9270513505326,639.8347207530605,414.75876999467437,453.8798996002879,-5.895658279496234e-05,0.0474848640307063,96,69,93.42134353524376
11910,888.9435494443,158071.30732054243,75494.76505647383,76661.52187551995,2028.2729180199676,631.9775287254888,406.13564757334825,504.44323344441364,1.921580056173683e-05,0.0249579637477214,96,69,93.41902120456736
11911,888.9463213003697,158014.1805778913,75491.69310365709,76670.5075272837,2031.7181252715527,612.7213544425322,388.9558085909084,544.3699288450298,2.794313011788372e-05,-0.0114796689148534,96,69,93.41670000665329
11912,888.9638210043684,158002.93021927547,75484.07625303208,76658.04987920172,1994.3449927491602,588.4944249311666,367.8701152851572,576.6056704962684,-6.430324340175689e-05,-0.0334614237430158,96,69,93.41437991450638
11913,888.9668872359376,158010.7230339884,75475.38801585809,76701.93531305119,1926.7686911201454,561.5047127834987,345.1244755539519,597.7624325598881,7.582085179614827e-05,-0.0637791986555762,96,69,93.41206090170532
11914,888.9834351694876,157972.44423619684,75464.47398450623,76667.86867843667,1846.6781067365082,535.6569997842598,324.13891684281407,612.3993472632428,-5.80497616652092e-05,-0.0738234614412122,96,69,93.40974294240684
11915,888.9862893082968,157990.78226250462,75505.45745898139,76661.62831915614,1760.149493615434,510.4361455688195,305.27494325418957,619.2914798276906,1.7857657988810964e-05,-0.0595517163232072,96,69,93.40742601134852
11916,889.0037942907634,157967.8856689856,75468.89174594317,76682.13463970585,1678.1458638386684,487.45655370966415,289.8970030018827,623.0731687225634,2.922793172881954e-05,-0.0645516702081338,96,69,93.40511008385374
11917,889.0067993211579,157961.0174090713,75514.36784201652,76683.43647614874,1598.8632062888937,464.40535370097496,276.26643737845006,622.1214633537456,-6.501842883429195e-05,-0.0634638851790427,96,69,93.40279513583472
11918,889.0233246364884,158001.73401381684,75495.79476787438,76689.04251416166,1527.5446797324694,442.10647092452564,264.3755286518717,619.7126420612622,7.569022738413973e-05,-0.071487384545827,96,69,93.40048114379653
11919,889.0262642413162,157954.36945009528,75518.19703370542,76674.83037134135,1458.5679440462263,418.2375986718107,251.95737849414581,613.7723585341882,-5.712387690294296e-05,-0.065761473060281,96,69,93.3981680848404
11920,889.0437620859651,157993.74215569746,75510.00384648176,76669.37777429218,1395.6045144831296,394.30133740483143,239.50065443658968,606.7794382715074,1.6494243911359475e-05,-0.0499657406799346,96,69,93.39585593666811
11921,889.0467064201658,157980.65819689745,75501.80688891673,76700.79083839002,1332.1190286267665,368.956112378175,225.78400014023646,596.6750680591795,3.050217787664084e-05,-0.042530535255918,96,69,93.39354467758452
11922,889.0632181114953,158016.32592322616,75490.69931164157,76721.32577205663,1272.7484342181124,345.21766337481677,212.80115690434468,586.1273217451526,-6.571131101779327e-05,-0.0375028895909061,96,69,93.39123428650228
11923,889.0662460972853,158052.96199178748,75492.26362827809,76690.8969421155,1212.434146736341,323.1083931024623,200.49253459001193,573.8144329063653,7.553416802514465e-05,-0.0428936670073576,96,69,93.38892474294418
11924,889.08372267531,158042.19760430837,75489.5577231057,76683.59186277757,1157.7870664743823,306.3588422840403,191.35718119237572,562.3395731137134,-5.6179251037304814e-05,-0.030806486991252,96,69,93.3866160270475
11925,889.0866103246103,158041.95116728175,75497.54739302686,76703.17598435283,1105.0108248286415,294.49457163366606,184.90410507202614,549.9714225687785,1.5126020849331936e-05,-0.0283320003163362,96,69,93.38430811956732
11926,889.1031152473453,158069.08591193022,75513.23068289406,76661.04616415691,1062.6028186725453,290.09924752564984,182.92909947200678,538.7762796319148,3.1765444785973506e-05,-0.0271917493766327,96,69,93.3820010018794
11927,889.106235375367,158065.6602985858,75506.0972871359,76674.04722581022,1027.6835384237347,290.9313010745245,184.0029039971996,526.8154305128555,-6.638166848997593e-05,-0.0343289090603554,96,69,93.37969465598395
11928,889.1236736714837,158068.24806706185,75470.39424959912,76672.79359103183,1008.2814312607516,297.7079762820067,189.02550740749575,516.0436040714267,7.535274061400032e-05,-0.0467797767525537,96,69,93.377389064509
11929,889.126513971593,158136.3263404485,75503.261628628,76675.11788968275,998.7841831306578,306.5264610007871,195.61867022214574,504.5677824343438,-5.521621286564576e-05,-0.0359983444995096,96,69,93.37508421071352
11930,889.143014218898,158102.34182253855,75504.93316750933,76687.03180619188,1004.3867431818508,317.5971176560997,204.2065823303128,494.9370330129168,1.3753452751833178e-05,-0.0407784291112942,96,69,93.3727800784906
11931,889.1462342493081,158108.35185982956,75488.73866276401,76683.75767415858,1016.3605264131329,327.3500262336165,212.16825279893237,485.7117359780823,3.301731271733142e-05,-0.0739962932705344,96,69,93.37047665237044
11932,889.1636104208621,158127.4285704508,75486.46099899632,76659.53318155126,1037.4120756175253,336.9190410544106,220.00252342456952,479.57466292966274,-6.702928766823676e-05,-0.0755984393438234,96,69,93.36817391752427
11933,889.1664237347157,158153.94936389843,75514.1209981655,76690.29887580182,1056.95116495213,343.60917527815036,225.2614093789889,474.32066088399733,7.51460201617046e-05,-0.0588060648987238,96,69,93.36587185976674
11934,889.1829082754505,158130.46033832396,75482.10650766843,76663.83838317583,1077.9661589938332,349.5693690417247,229.03695377655094,472.09568099680473,-5.42350969873304e-05,-0.0338275619993564,96,69,93.36357046555888
11935,889.1862519014156,158143.5813441385,75476.83140990979,76682.63428000435,1090.6315488522523,352.5797792107187,229.3593497821712,469.5611207454058,1.2377004706593409e-05,-0.0218283766472988,96,69,93.3612697220118
11936,889.2035173422605,158152.59761685238,75469.97309946937,76668.78155356077,1098.532971122826,354.72678843309404,227.58481238066452,467.9553716448718,3.425736579984707e-05,-0.0552888990600129,96,69,93.35896961688904
11937,889.2063646549091,158142.22193487777,75498.491448025,76662.45005791973,1091.9242308519897,353.21312440735346,221.690926788433,462.73063573014224,-6.765396268758903e-05,-0.067088265237304,96,69,93.35667013861014
11938,889.2227557394958,158159.46562710806,75487.90660864489,76685.3253496392,1075.5913642341038,349.86137284198776,213.27975125183002,455.5176766124496,7.491409014249959e-05,-0.0667085750678237,96,69,93.35437127625246
11939,889.2263765586276,158179.23523189884,75475.64560092404,76659.19573460058,1041.3809510576539,341.6762511987181,200.74292917610728,442.35623023373773,-5.323624432939896e-05,-0.0719378814140957,96,69,93.35207301955536
11940,889.2430675151156,158185.98733494867,75479.32334514923,76675.22149917239,995.7262615051586,330.39790816213645,186.3339075980184,426.30774864635896,1.099714273619992e-05,-0.0683140431839035,96,69,93.34977535892182
11941,889.2456532997927,158220.75266089282,75462.92793100559,76662.89032855362,932.7670988770551,313.2141110313678,169.3174998347822,404.46166138059925,3.548519272820265e-05,-0.0739097561061168,96,69,93.34747828542224
11942,889.2628703643396,158235.2252442651,75484.34113234447,76677.11696077629,862.9786443193443,292.89245044060226,153.18430260609603,382.3518288594787,-6.825549563356315e-05,-0.056767250607471,96,69,93.34518179079612
11943,889.2662624827407,158264.02596750515,75473.53363252916,76674.31609521197,783.0934137196746,267.2651957961061,137.5431260187761,357.38653228097246,7.465704277886086e-05,-0.0505862691178847,96,69,93.34288586745564
11944,889.2829936912663,158303.88780764313,75466.49144722299,76668.46117709563,705.6481955204508,239.97712716915703,125.5014819248754,335.54331863639527,-5.222000126915907e-05,-0.0562888856077699,96,69,93.34059050848772
11945,889.2855513759605,158291.82123681263,75461.19571931916,76654.06518263322,628.1602813415811,209.66077457219944,115.39232632683706,312.96736512865755,9.614334049211722e-06,-0.0441333278217306,96,69,93.33829570765675
11946,889.3028766218471,158340.46711884876,75481.22867452684,76665.50294333778,562.3027943927445,180.73009894241113,108.67673409267445,294.94886854631477,3.670038593072079e-05,-0.0226701757623838,96,69,93.33600145940731
11947,889.306190542204,158385.35237955124,75485.91602944152,76672.35353245508,501.274932790664,151.48745031717408,101.69946652377257,274.59502770518884,-6.883369644993842e-05,0.1535243416490849,96,69,93.33370775886615
11948,889.3228903283427,158385.63011638293,75471.37137399646,76677.39766467639,450.9855657466687,125.5146250857797,94.71848804678302,255.54891910558217,7.437497829890071e-05,0.3966016041121296,96,69,93.33141460184544
11949,889.3254750357714,158403.56920704665,75488.33653281952,76686.69293736466,399.1173105049529,99.8530781804584,83.98587144707562,229.33458514415543,-5.118671999108677e-05,0.0708720930904395,96,69,93.32912198484436
11950,889.3428714233554,158427.0640779563,75456.84686822268,76684.11941441364,348.2081395071582,77.12756957123929,70.95738048601197,201.12100165258744,8.229046360130321e-06,-0.4188908030370798,96,69,93.32682990505204
11951,889.346119610348,158444.46152819195,75495.08634322429,76693.86120543978,285.07716692995746,53.61659023092943,53.56734272380709,163.328409382666,3.7902543142665566e-05,-0.1562956593922961,96,69,93.3245383603496
11952,889.3627803520357,158541.3100249906,75514.62381730038,76681.58364244738,216.36178017425118,32.75244354290771,35.59329866844928,124.91494866588619,-6.938838322145748e-05,-0.0293951210860654,96,69,93.32224734931224
11953,889.3654112929988,158572.6726791977,75484.91173351953,76672.10955267365,137.8879336263053,13.160486038919771,17.419560870243004,81.59732413251186,7.406800585014683e-05,-0.1217863557184663,96,69,93.31995687121189
11954,889.3828620533471,158602.5818492471,75488.97951947359,76697.00271089569,68.15275287360419,1.7847576706699328,5.070315899938578,46.72361280815676,-5.0136758067748666e-05,-0.046739683075887,96,69,93.31766692601929
11955,889.3860439423415,158645.3616569879,75490.54484986536,76682.97606384658,13.532971577020362,-0.0,-0.0,16.019244417489972,6.841747969047129e-06,-0.0764978189971165,96,69,93.3153775144055
11956,889.4026690123563,158671.10716956377,75525.2127834994,76688.5588300923,-0.0,16.273964783540578,8.289150463126134,2.8107855568814557,3.909126579491126e-05,-0.0809640263099557,96,69,93.31308863774504
11957,889.4053570517846,158678.5779208168,75489.53873948874,76675.97753261858,35.73782137146918,50.96872799791163,29.94773302329122,-0.0,-6.991938166340778e-05,-0.0665690417848157,96,69,93.31080029811709
11958,889.4228496013856,158634.40715496603,75501.05352242102,76690.953925403,140.87303926370805,108.75929832804832,68.06312811595853,18.87694605087745,7.373624233438113e-05,-0.0655263260187303,96,69,93.30851249830752
11959,889.4259620118162,158609.23906873213,75500.96200844647,76685.53279145823,309.4344262134982,183.33035156411643,118.01230717415456,46.92397074177279,-4.907047864583018e-05,-0.0531007996194268,96,69,93.30622524181145
11960,889.4425587880033,158586.6722867016,75507.68065657662,76664.22043670125,543.0845672878204,272.33222610536905,178.19993226285442,92.99816797778476,5.452907987231059e-06,-0.0480273773563336,96,69,93.30393853283437
11961,889.4453109747542,158528.94797422673,75474.82291985636,76701.14248588916,817.0088220185717,363.7526796931634,240.30643595775473,142.27028656337643,4.026616087262046e-05,-0.0553764114047812,96,69,93.30165237629464
11962,889.4628337987364,158483.08275034654,75505.23869303455,76674.05313192646,1117.105117186089,452.47847760809236,300.9101792963338,203.94963244194514,-7.042652579900139e-05,-0.0328835025008679,96,69,93.29936677782482
11963,889.4658734907856,158442.78502652288,75523.94965718819,76693.52475821433,1408.1977272762451,526.7072009480326,351.6387437178055,261.14368895452935,7.337981332234967e-05,-0.0221222624938134,96,69,93.29708174377356
11964,889.4824513367465,158400.59265840077,75500.43882388483,76672.97878573007,1674.504283759161,585.1659049562004,391.182586493087,323.99242656695424,-4.7988250419150885e-05,-0.0361811132772741,96,69,93.29479728120742
11965,889.485272147894,158319.19522378204,75506.89656656385,76688.3188473958,1887.5336896225344,621.9423886047734,414.64994453628606,376.37310517788865,4.062994895953987e-06,-0.026584496074474,96,69,93.29251339791246
11966,889.5028139808743,158246.13110370122,75528.01803285796,76699.04365580609,2044.0148543182877,641.8871437291527,424.72646934734075,430.71646076164325,4.142683980348629e-05,-0.0032622219491143,96,69,93.29023010239574
11967,889.5057785707498,158236.64472130395,75512.65219709423,76713.50857000162,2130.361103399773,643.3913860549364,420.04595902963774,470.570829741162,-7.090965782810488e-05,-0.0027537832288877,96,69,93.28794740388685
11968,889.5223479606974,158219.51790670937,75516.29688471224,76702.79376437451,2159.4735224428005,634.151756956082,406.5223999849695,510.8297647659492,7.2998852715422e-05,0.002241181836127,96,69,93.2856653123396
11969,889.5252397260961,158173.95782613612,75496.48723387018,76709.86785395269,2132.3850691041443,613.7739361221466,385.14745539368596,537.075754057325,-4.689044669753178e-05,0.0094841877186601,96,69,93.28338383843364
11970,889.5427893870414,158171.79720252796,75524.77994627725,76699.70276296094,2072.3551039397717,590.0004658762628,362.82710491790203,566.2147772356984,2.6724782875283816e-06,0.0108316556591176,96,69,93.28110299357508
11971,889.5456777395419,158187.29167406142,75495.57403821404,76688.42801585732,1984.9365007466986,561.4702441134141,339.80199148657266,582.1867657531984,4.257291924296165e-05,0.0030994771735812,96,69,93.27882278989895
11972,889.5622497472744,158126.39926893666,75502.85228289633,76703.2475276945,1893.7911100880592,535.297210978475,321.3330287808785,602.0882586520747,-7.136862813389167e-05,-0.0043016662693126,96,69,93.2765432402696
11973,889.5652128177898,158142.5090570065,75478.21506639147,76698.43987412902,1800.947618593229,509.34060130851867,305.41889368210104,609.565330903366,7.259350218515793e-05,-0.0093111304928809,96,69,93.27426435828237
11974,889.58275928489,158124.59280547747,75480.994788083,76699.91212130336,1722.965402208618,489.28885475227435,294.89546366757713,621.6264723131899,-4.577744640777876e-05,-0.0224708355169362,96,69,93.27198615826498
11975,889.585571683566,158111.46217665993,75493.56992524111,76700.77788222971,1652.4042929759016,470.51554537213815,285.5611833873263,619.9606786981749,1.281827163413702e-06,-0.0376202706446502,96,69,93.2697086552782
11976,889.6021576152721,158175.0776674173,75526.3377759725,76719.97346153298,1597.582983183791,456.5615377245995,279.22008555184584,622.980778233119,4.370402055965823e-05,-0.0606644826874306,96,69,93.26743186511746
11977,889.6051904467945,158154.37496227206,75514.34869470522,76709.46696869444,1544.951303426351,441.19847568876867,271.58628334023524,614.1734710868623,-7.18032953541794e-05,-0.0848455132037824,96,69,93.26515580431332
11978,889.6227230358755,158163.3049268672,75508.2817015243,76711.24564842501,1499.1085231876932,427.30699219826784,264.88807779946364,613.1911565473711,7.216391215543526e-05,-0.0995174046810533,96,69,93.26288049013336
11979,889.625461231016,158206.86141285233,75497.76691425772,76674.86404709812,1445.4837385838619,409.0579777265375,255.49613812591997,602.2032790513185,-4.464963290614581e-05,-0.1212678088441125,96,69,93.2606059405823
11980,889.6420723293073,158183.40468192103,75491.32580609203,76707.02919494837,1391.950865356077,391.59570236974105,246.89452478816384,601.5711285765283,-1.0848970208150453e-07,-0.1208634116781846,96,69,93.25833217440336
11981,889.6451715437875,158209.75266873153,75486.33942394935,76712.04296623054,1329.641977591673,371.9256783613382,236.7583993069129,593.5840143178648,4.481977093771528e-05,-0.1172520575514279,96,69,93.25605921107912
11982,889.6626801368332,158222.0902477069,75489.88473608928,76703.19708782792,1272.2637397940853,357.3054229905392,229.340420361812,597.4278396887821,-7.221352631986477e-05,-0.1473247094588081,96,69,93.25378707083205
11983,889.6653473087251,158212.98444559675,75519.04975115323,76675.50836055294,1215.333225938084,345.2610421376012,222.40122075213003,592.6423778259195,7.171024046820168e-05,-0.1367243132949965,96,69,93.25151577462572
11984,889.681994504768,158228.36132804293,75503.35811540644,76688.07100001349,1175.873692111345,342.65855436564016,220.1281034271815,598.6814121404022,-4.350739467394182e-05,-0.1087062365372452,96,69,93.24924534416496
11985,889.6851549497537,158236.46650401928,75514.2476376325,76707.68019857084,1149.53109208378,345.3111018372001,219.8659871123673,595.805226703349,-1.498003705036323e-06,-0.1111793685008332,96,69,93.2469758018972
11986,889.702630251297,158216.40698948293,75511.40817678525,76687.15025171086,1149.256805441517,357.3096673821128,224.86882464558585,603.2127323645691,4.591980284251012e-05,-0.1002240726614193,96,69,93.24470717101248
11987,889.7052309017213,158259.28199992084,75531.45456059928,76695.69451442795,1163.4175463000429,371.4074950759241,231.2780954936461,600.0352792458725,-7.259919610833888e-05,-0.0933567506042244,96,69,93.24243947544429
11988,889.72192461318,158265.07184030843,75507.52751352277,76704.14644308144,1197.878799597791,389.9167784498568,241.44723365042591,606.9161458885064,7.123265345263442e-05,-0.0925946139530678,96,69,93.2401727398702
11989,889.7251394225585,158251.14126703943,75498.23029377607,76689.52662613266,1234.8042416626122,404.7942918810295,250.6993839132483,604.1176754291228,-4.235112463997154e-05,-0.0843400843276388,96,69,93.23790698971212
11990,889.7425732376252,158239.37226866497,75489.22334517271,76698.24862619115,1275.8310663378797,418.3540971419279,260.55462833790807,611.3923908317229,-2.8862469086395064e-06,-0.0866584017786794,96,69,93.23564225113682
11991,889.7451130091453,158264.17874913948,75510.75505961746,76691.85988057236,1302.267433833622,423.41126082546543,265.97179958512424,607.3671966444817,4.700375380250725e-05,-0.0833353061732594,96,69,93.23337855105608
11992,889.76186299495,158296.39759419093,75529.06003607527,76690.50233477708,1319.7696337423986,424.4879349870025,269.1478266538179,612.5421814724687,-7.296018835491156e-05,-0.0849190915628284,96,69,93.23111591712734
11993,889.7651236394936,158280.74251721092,75528.83081153031,76726.30656618085,1315.7400288671488,416.68871584077715,266.33999992656754,606.1607472276373,7.073132535363302e-05,-0.0853788096374381,96,69,93.22885437775398
11994,889.7825091807383,158294.50321585874,75523.29875560252,76721.04257581655,1301.5826698478195,406.16182069636125,261.1147733363323,607.4988058975141,-4.1181220330764366e-05,-0.0770163483568326,96,69,93.22659396208496
11995,889.7849945895158,158278.3632676447,75492.26970661571,76731.26656942541,1268.9183026058017,388.9839738983428,251.09603657887783,594.8739175132068,-4.272752007603164e-06,-0.082312969123341,96,69,93.22433470001552
11996,889.8018098880998,158318.00168927724,75499.82462376394,76710.39186822058,1232.2351431644638,372.2453098788246,241.11733424509293,589.1552763260843,4.807126743839977e-05,-0.0759388144147525,96,69,93.22207662218756
11997,889.8051061853754,158405.12095353045,75516.32577808766,76724.38584742356,1183.1763804109069,352.10246341662423,229.2651466972893,570.1689137015492,-7.329639483280099e-05,-0.0782191933650034,96,69,93.21981975998877
11998,889.822438438837,158359.23390686122,75532.76082487368,76702.10413343931,1133.6124097962747,334.77014552467153,219.71770120828296,558.1684381956875,7.020643810722559e-05,-0.0763131587524783,96,69,93.21756414555335
11999,889.8248764819309,158390.19862100866,75550.7234671007,76742.55589605788,1072.201245109667,315.2405272883334,209.4389742401545,532.9505043662793,-3.999808377111204e-05,-0.0705675993703644,96,69,93.21530981176176
12000,889.8417654903366,158411.06111870002,75487.57263472164,76721.81700775289,1010.3705598377273,299.17202039816766,201.64993653044803,516.584702149441,-5.6570525738743085e-06,-0.0653867126356436,96,69,93.21305679224076
12001,889.8450855040729,158442.5753330176,75518.34263097424,76710.76490965931,937.7809683399973,280.9161151877488,192.45659762161085,490.08588227655855,4.912199293354755e-05,-0.0647904736491871,96,69,93.2108051213631
12002,889.8623617324708,158490.1154826925,75526.20798005145,76744.76724002587,867.8551880313898,265.38284768434823,184.28881940600695,474.0080151731381,-7.360771590517878e-05,-0.0584795878624383,96,69,93.20855483424724
12003,889.8647592686222,158539.33072844998,75516.81351144676,76698.25961207905,792.9447852916783,246.6747410275566,173.09999322047224,448.3957610297075,6.965818179719926e-05,-0.0370469293462618,96,69,93.20630596675753
12004,889.881730100412,158581.4418314197,75535.0081287569,76718.70623413175,729.4595693376614,230.45567637014028,161.98070774384541,433.7944303022232,-3.8802121066937846e-05,-0.0535856039405316,96,69,93.2040585555033
12005,889.8850597520761,158539.9157703838,75561.59602635041,76712.46325702261,669.7017320436426,211.52393084327923,147.88040264698793,409.5148755579721,-7.038682994165315e-06,-0.0673035922264056,96,69,93.2018126378392
12006,889.9022803577151,158574.7246752193,75522.09439642406,76721.06484381885,626.7410497594392,195.8901939108182,134.78668295181706,393.3365513595636,5.015558510962573e-05,-0.100579908572536,96,69,93.19956825186402
12007,889.9046429675475,158618.2617812655,75521.68278180914,76701.87408124944,588.0655416877125,178.70578140080033,120.57070030889008,364.3499720763066,-7.389406040029424e-05,-0.1350376039921541,96,69,93.19732543642112
12008,889.9217044948242,158654.5908952225,75533.19061050474,76707.60109955094,562.9182692216127,166.47238059469964,109.77437331384863,342.2852296863275,6.908675408065055e-05,-0.110978328291438,96,69,93.19508423109706
12009,889.9250263304956,158701.89479862424,75524.15396686878,76714.29514278419,535.1634893423179,153.84210518027248,99.81318469950929,308.3476023597759,-3.759374244742481e-05,-0.0991578624568847,96,69,93.19284467622164
12010,889.9421968505311,158751.03666903457,75541.17531672704,76701.59764076529,511.78422505268827,145.86670037415752,93.71675603085896,281.9725324900646,-8.417179156937069e-06,-0.1055841963388283,96,69,93.19060681286724
12011,889.9445260609691,158745.7531098498,75539.42775454804,76738.71698860213,476.87227917677956,135.70757638927898,87.31989452894777,245.4353010165505,5.11717053085462e-05,-0.0926148457577772,96,69,93.1883706828478
12012,889.9616913176778,158835.95608563648,75538.89367161231,76743.56026504129,440.25398833380314,127.53869367011066,82.48904985026456,218.8487454697315,-7.41553455594584e-05,-0.1093511968865247,96,69,93.1861363287184
12013,889.9649798095153,158867.61276885183,75538.09144058543,76758.33588242212,388.20216996996896,113.74227334692841,74.38180052363896,183.8225751699938,6.849236038974473e-05,-0.1132667002580007,96,69,93.1839037937746
12014,889.9821183718304,158878.45596243138,75529.28279983044,76739.96461965567,332.0997770667891,98.37306150683435,64.82497037330177,157.2998414541653,-3.6373362031537485e-05,-0.0648018656180271,96,69,93.18167312205128
12015,889.9843994503127,158927.72662307246,75524.02215739187,76734.75535447264,260.4148450191133,75.32128578965785,50.227761158923386,120.77027475181967,-9.79207796778493e-06,0.0884367314333795,96,69,93.17944435832214
12016,890.0017075373647,158943.26699901474,75577.49392349718,76756.45555613558,188.8334011391271,51.93994140303403,34.74650923072477,92.51867653464433,5.217002041618219e-05,0.3197799503723558,96,69,93.17721754809844
12017,890.0048754980838,158962.58057577285,75555.44768020275,76703.73030523973,110.55017272819532,25.860848640062613,17.56250990834087,56.31133879133267,-7.439149705532823e-05,0.1058952796232532,96,69,93.17499273762844
12018,890.0212588747933,159043.53405789993,75570.1785584247,76724.96334510692,47.28321640176,8.065845314355101,5.40868972838507,31.107887256745016,6.78752137957432e-05,-0.4137079279423294,96,69,93.17276997389604
12019,890.0243240451715,159081.87359194766,75526.26486400102,76725.17159869835,1.0064800212858245,-0.0,-0.0,5.7054492601018865,-3.514139803905407e-05,-0.2377527285643691,96,69,93.17054930461993
12020,890.041710315989,159101.56151935837,75543.81430494167,76733.6755151919,-0.0,13.951986466316157,8.710969817184377,-0.0,-1.1162918125536692e-05,-0.0510388818331591,96,69,93.16833077825224
12021,890.0447537969276,159057.4031441548,75556.78736628352,76722.95457431712,47.160797526012175,49.13806442951318,31.614869453391293,1.733035169512732,5.3150203697667855e-05,-0.136994749554111,96,69,93.1661144439777
12022,890.0611776107428,159077.78545074107,75541.59753999948,76734.61374071613,166.24476617126493,112.78303473291453,72.48029646469513,27.59876230030204,-7.460244939619409e-05,-0.0720368438098127,96,69,93.16390035171204
12023,890.0642829195782,159036.92313363924,75526.44329314485,76722.58650458271,348.78267872863216,196.81018913141452,126.6350678523886,63.282973473571474,6.723553467428845e-05,-0.0888313914257701,96,69,93.16168855210113
12024,890.0816923833031,158967.9982066786,75580.02608750404,76730.49594190087,600.6206640274031,299.793399632661,192.5120958526677,120.42992744216463,-3.389827201883353e-05,-0.084239935125072,96,69,93.15947909651932
12025,890.0846371784179,158910.61590690605,75510.82597606875,76716.13055397253,891.8666769684642,405.78112843427516,260.9195736852125,180.86190439626807,-1.252923934120068e-05,-0.073981174541317,96,69,93.15727203706818
12026,890.101094731885,158828.24942077036,75544.68773467359,76703.72748911378,1210.5421540774405,509.14548133598873,327.80906747301924,253.6514636062493,5.4111934947496414e-05,-0.0702020285273293,96,69,93.15506742657524
12027,890.1042523912805,158811.47641375716,75523.67217977493,76712.38434597058,1515.9309742285986,594.3569254184404,384.06280434838845,321.81552691667457,-7.47881449454499e-05,-0.059411996274677,96,69,93.1528653185922
12028,890.1216633630321,158725.38000272083,75542.9862457919,76743.26940442766,1793.693242023117,659.9558200953907,427.63576397814904,394.34071670414414,6.657355161803187e-05,-0.0684373289282678,96,69,93.15066576739362
12029,890.1245202940363,158673.79088909144,75565.98451352933,76747.58474964992,2009.3599586918135,697.1957251487038,453.0670393986802,455.52527369590825,-3.264440931039869e-05,-0.0727797068764508,96,69,93.14846882797544
12030,890.141015177663,158626.30281486158,75534.9808930136,76731.53993625367,2163.969617492927,712.9138744351803,463.1250335867808,515.8926437509363,-1.3890583969440532e-05,-0.0698532156051427,96,69,93.146274556053
12031,890.1442283822557,158539.9054498729,75562.14739811355,76726.84429965027,2242.7891397271305,705.8979839126696,457.4078534707369,563.0020674006955,5.505489982824008e-05,-0.0932888384916813,96,69,93.14408300805972
12032,890.1616250111099,158543.00266769863,75533.82966093531,76747.70494554909,2265.592166048242,687.6046184173028,442.6161797392415,608.0620362278423,-7.494853524705626e-05,-0.1117478441625523,96,69,93.14189424114528
12033,890.164402325589,158459.4471195483,75533.20034906644,76709.25668260427,2231.858001672488,658.3188484764105,420.6939317296783,639.7931732986763,6.588949963085833e-05,-0.105435989078196,96,69,93.13970831317351
12034,890.1809409392935,158520.15851847822,75542.2491388696,76721.95056811757,2171.287824813684,629.0238069614279,398.9683610536449,670.3662592683977,-3.138023849797694e-05,-0.0866261791087859,96,69,93.13752528272111
12035,890.1842086323543,158438.83581418227,75549.18409936847,76714.41726228391,2086.9919777765754,598.0086375563842,378.23226901789894,690.44474072507,-1.5246495461139145e-05,-0.0695074714837242,96,69,93.13534520907554
12036,890.2015778816253,158450.85424423456,75511.56462512023,76716.5247541366,2005.7186694277916,572.9745219482284,362.969908317551,711.4530396028422,5.597879094810546e-05,-0.0525012418338772,96,69,93.13316815223288
12037,890.2042835331008,158411.81099860792,75536.04532622277,76740.17185431875,1922.9927268092288,548.8382390738989,350.5747640719637,723.6012404750509,-7.508358038674185e-05,-0.0557522505451737,96,69,93.13099417289595
12038,890.2208730803414,158434.3604890443,75557.33185913852,76749.74867354028,1857.5494695093366,531.0569661206246,342.7300951106008,737.7301573198638,6.518362157473579e-05,-0.0482251369092348,96,69,93.12882333247276
12039,890.2241914163683,158418.828575435,75518.9627120559,76766.35642762572,1796.4895468932227,513.1559211417189,335.08015733148204,744.3764172441734,-3.0106191416723685e-05,-0.044636213215105,96,69,93.12665569307366
12040,890.2415222248081,158403.54299574607,75535.51858272078,76734.55904712685,1750.3076120730839,499.4526477129548,328.4857210931368,752.7834157458565,-1.659651987427823e-05,-0.0428361845623854,96,69,93.1244913175095
12041,890.2441646019039,158413.8217029579,75550.40378869661,76724.9572213448,1699.9177073749015,483.0974171454145,318.8988399775408,752.8630056038091,5.688330743831994e-05,-0.0421209293400912,96,69,93.12233026928988
12042,890.260812186916,158434.8004639513,75547.32047251369,76743.2165368714,1654.7226054836647,469.33248914883006,308.5585492706159,753.8232295865892,-7.519324858649363e-05,-0.045903863497439,96,69,93.1201726126204
12043,890.2641752265309,158430.34939261648,75527.50880505431,76692.39924967581,1597.763102586614,452.70873916077835,295.17832003964577,746.6621721698612,6.445616766605095e-05,-0.0675752591773041,96,69,93.1180184124004
12044,890.2814582551745,158447.0788251,75555.25207463655,76731.52745606881,1542.3715137800318,439.40314202375885,282.3822041398671,740.3797562831605,-2.8822703095052996e-05,-0.086569832313939,96,69,93.11586773422091
12045,890.2840464130358,158431.11147249266,75562.76577173705,76730.92573009775,1476.7675671908655,424.68837722465105,268.8300691508048,726.9219967242971,-1.7940205398182045e-05,-0.1097753370215631,96,69,93.11372064436232
12046,890.3007585243364,158474.00824346856,75529.94669449385,76741.93214980004,1420.9029188077548,415.49268332896463,258.70877799217124,716.7876823423139,5.776815505721759e-05,-0.1276640683790219,96,69,93.11157720979143
12047,890.304158669903,158474.28808700308,75524.05352039495,76722.11382938494,1366.9890625695116,407.1068846183189,250.5466281992849,703.6899620993354,-7.527751708246946e-05,-0.1437573905336469,96,69,93.10943749815956
12048,890.3213862582662,158507.60091647477,75541.08644515368,76727.32459202263,1334.7260651348042,405.40459640660265,247.62765195706743,697.8021384334133,6.370739485780587e-05,-0.1571332582868431,96,69,93.1073015777996
12049,890.3239299311264,158496.82472197045,75545.54312110684,76731.4052673749,1312.838792297698,404.6280713486194,247.32355699464097,692.2642685489845,-2.753021131647393e-05,-0.1446792243471857,96,69,93.10516951772364
12050,890.3407121079887,158520.66148746826,75535.36887440419,76727.60742524704,1316.988268652407,410.3657533591613,251.9347879405541,696.0248086677457,-1.9277102329327112e-05,-0.1473263215184317,96,69,93.1030413876204
12051,890.344140435086,158505.99111475353,75518.75023501282,76742.65201704782,1330.1266701695859,416.6993190673966,257.8138143912947,700.3684799916227,5.863304634312402e-05,-0.1467101207495662,96,69,93.10091725785264
12052,890.361306639566,158512.65858950617,75552.28597285954,76743.11452269969,1361.6203945042798,428.57655685555073,266.2264804430888,711.0390106276609,-7.533637135120441e-05,-0.141407767402453,96,69,93.09879719945376
12053,890.36381613468,158472.3054934488,75515.28062957272,76739.2169244785,1390.1160050184699,439.4478489389585,272.95765910539194,717.4941093023517,6.293756759009715e-05,-0.1366332636184806,96,69,93.09668128412588
12054,890.3806727447724,158456.41177546754,75539.93023104194,76745.17301845654,1424.948398822744,453.7950889832864,279.5161257085565,725.4647952136293,-2.6229157011200983e-05,-0.1302590035235831,96,69,93.09456958423688
12055,890.3841192849846,158478.36132014365,75532.64142746817,76734.25138787845,1446.1703272097511,464.164455230828,282.31672713451553,725.722930351505,-2.0606763939991496e-05,-0.1399449753135912,96,69,93.09246217281684
12056,890.4012199485167,158513.95083686357,75540.67872536721,76728.83058822081,1465.2257184883929,473.82749323958706,283.6616382023203,725.3454385728401,5.9477700759777415e-05,-0.1437224279304554,96,69,93.09035912355584
12057,890.4037059635649,158488.82229630928,75507.34407431919,76752.15861732434,1465.2663813149557,475.1408201557351,280.9153223472822,717.2878175157821,-7.536980570924324e-05,-0.1442086794473045,96,69,93.08826051080092
12058,890.4206400656041,158542.15221339674,75555.75751005263,76740.43217574045,1462.0476541111711,472.65613909189415,277.3293929331412,710.7824642316264,6.214695681848155e-05,-0.1563808525558657,96,69,93.08616640955266
12059,890.4240940583113,158539.9666733443,75543.48443966781,76745.27810382529,1440.5782982950332,460.59662181552267,270.5217007023457,699.4590593880566,-2.4919983132417835e-05,-0.1446274716251217,96,69,93.08407689546245
12060,890.4411268916818,158518.34201425957,75525.13655942965,76736.70413760105,1416.2590636414825,445.3459905873751,263.3780432927888,691.4105931564409,-2.192874601062916e-05,-0.1469418928993359,96,69,93.08199204482943
12061,890.4436002724226,158526.33551371482,75565.99356814868,76728.95291041139,1373.5603773824405,423.1910219055135,253.10460041384795,679.077227839327,6.030184475342956e-05,-0.1582282207124373,96,69,93.07991193459702
12062,890.460613559212,158593.69483972987,75549.91624669344,76740.78099737896,1328.9892278082552,402.2919072681252,242.6300967919815,670.0191275925317,-7.537782286744635e-05,-0.1493168625484222,96,69,93.07783664234998
12063,890.4640636697725,158583.33027665247,75581.8233529714,76745.38607998013,1267.326095275872,379.2919927745097,229.32070523063885,655.9283580708143,6.133584056168995e-05,-0.1611829768142145,96,69,93.07576624631132
12064,890.4810283442617,158579.5722263531,75545.54759632927,76759.59957732973,1205.4463793038158,361.1734010660293,216.45557357987855,643.695367031527,-2.3603135908801565e-05,-0.1860343662409066,96,69,93.07370082533816
12065,890.4834997816668,158600.79560930034,75559.21571710834,76743.31865231472,1129.7996488454519,342.97762230465014,201.96732078219065,625.3231085861917,-2.32426069033232e-05,-0.1855422837542757,96,69,93.07164045891972
12066,890.5005926162218,158661.33009394925,75550.07867052224,76752.20355686711,1060.3406901605194,330.0191457764158,189.7352573950484,609.0025052302517,6.110521176997599e-05,-0.1869413980175225,96,69,93.0695852271726
12067,890.5040270984209,158669.29438838625,75562.87043510923,76757.0415638327,984.2637274757144,315.4331467947777,177.52576952552772,587.0576379854174,-7.536043416023635e-05,-0.1900755768286435,96,69,93.0675352108384
12068,890.5209253714364,158681.7225943132,75534.14292747647,76729.68788798184,920.60858107073,303.04886364832055,168.46505345313926,567.4457905153977,6.050450376801607e-05,-0.177748997546789,96,69,93.06549049127932
12069,890.523405013539,158713.3465989788,75551.83277339357,76732.52871526936,855.4229322927422,286.1851755614334,159.39167412705137,542.3818123670644,-2.22790632971436e-05,-0.1880065336140676,96,69,93.06345115047564
12070,890.540576598699,158753.36763426344,75572.30807025918,76761.61252177822,806.853319426009,270.2326764561876,152.72352385541308,520.4375032152748,-2.454790852899599e-05,-0.2098653038340127,96,69,93.06141727102104
12071,890.5439833447082,158732.10610121157,75548.29412525594,76765.03140806362,757.5001285232138,250.19504075104487,144.52103302351316,493.3848361073178,6.18875426633984e-05,-0.1975704568337573,96,69,93.05938893612009
12072,890.5608192836793,158824.69534762463,75554.56930624894,76722.58149365119,721.6002012140234,232.70560385586577,136.90392951254034,469.5718376497971,-7.531765967641081e-05,-0.18803472994814,96,69,93.05736622958317
12073,890.5633161835938,158799.7594078614,75561.08869074623,76729.34768472027,679.6580048996839,213.78444280463737,126.39056204937515,441.0802017793758,5.965323781383904e-05,-0.1956258929185739,96,69,93.05534923582462
12074,890.580564973653,158870.40575487082,75549.7004203432,76758.00364755307,646.329161717149,200.23380174842896,116.23654209959204,417.4501036203874,-2.094821568752756e-05,-0.2044224077341471,96,69,93.05333803985724
12075,890.5839313048771,158880.8961223057,75558.82949466977,76704.70482685612,602.2092511960072,186.86527679575374,103.84948542091297,390.2173729928909,-2.584421531010144e-05,-0.1967989302983079,96,69,93.05133272728963
12076,890.6007117940252,158927.6195580066,75574.43289863877,76728.9253006693,563.3846015682211,178.63421363230736,93.22984327378799,368.15111834110576,6.264858519101137e-05,-0.1832983495685357,96,69,93.04933338432151
12077,890.6032329568305,158925.86247809255,75541.73738235161,76730.13314474236,513.8704608976841,169.17188576117042,82.30171559363953,341.8590485274326,-7.524952766529518e-05,-0.1572681231432433,96,69,93.0473400977406
12078,890.6205576346439,158974.67541893886,75540.4564289713,76709.80138483939,473.72692819015356,162.79200187325478,75.21118883788586,319.97089164936915,5.878234053134948e-05,-0.1708531920910403,96,69,93.04535295491814
12079,890.6238693891027,158999.99671457996,75546.40724041345,76740.62159563982,427.21525841223774,152.48944038093032,68.92669169735746,291.4455984575907,-1.9611045457602952e-05,-0.2054554354633434,96,69,93.04337204380518
12080,890.6406055231147,159030.69223279378,75539.02047352622,76765.01894023606,392.4101737907622,142.2437571319897,66.1485431517649,264.3972531273321,-2.7131095160400845e-05,-0.2085307026031981,96,69,93.04139745292814
12081,890.6431537147272,159048.96781056255,75586.77036383969,76739.15100656802,350.63715273025446,125.6317430317431,62.328810439183144,228.31631597463274,6.338809453951803e-05,-0.2252756994759942,96,69,93.0394292713858
12082,890.6605559340879,159116.6692423911,75551.84542352217,76744.66708702514,316.67144983867183,107.58159670355963,59.08151930564782,193.69962629768997,-7.515607512215331e-05,-0.2363974952811494,96,69,93.03746758884344
12083,890.6637940898155,159147.16774133296,75538.32448123451,76743.93498828652,267.32605754205724,82.64585285514477,51.1285166250309,150.99389626839547,5.789211667242704e-05,-0.2279663803028648,96,69,93.03551249553048
12084,890.6805060929757,159202.08649988522,75569.01956840251,76746.37191158925,216.7540961962659,57.52395833245828,40.86912270419998,112.67778584753978,-1.82680069343362e-05,-0.2319043196971271,96,69,93.03356408223492
12085,890.6830723198275,159240.5415934422,75548.20880795422,76695.98477411293,147.55917912145378,30.041201701693353,25.575643336138455,71.01088671185425,-2.8408119644462943e-05,-0.2437692587685653,96,69,93.03162244030024
12086,890.7005678489664,159297.13424748264,75581.00181939288,76770.46441553996,85.1447594993515,10.644005713023944,11.60951342098997,40.71417735127034,6.410583324871406e-05,-0.2312290478412655,96,69,93.02968766161976
12087,890.703691319441,159314.0593660679,75552.18055883358,76742.99031149241,23.70657989947358,-0.0,-0.01662982176640071,13.18535983536276,-7.503734759793197e-05,-0.2401482205890519,96,69,93.02775983863384
12088,890.7204379372829,159294.91602630212,75563.35970020566,76747.55403923726,-0.0,9.923792988643982,-0.0,2.8238832657807507,5.698287662529577e-05,-0.2206366009653559,96,69,93.02583906432407
12089,890.7229453419015,159294.25895225973,75556.18312659867,76752.59923257671,15.458215405757073,40.371243213143316,13.397325402766,-0.0,-1.6919556210276413e-05,-0.0567315238765912,96,69,93.02392543221004
12090,890.7406939090012,159354.70404796524,75564.12284339737,76716.49431156991,106.1093080296414,99.26883893318882,47.24734492119751,18.768608987447806,-2.9674863668123893e-05,0.1767628376686824,96,69,93.02201903634412
12091,890.7430306228739,159325.1486703955,75553.55301224186,76709.0105599252,259.96826180722564,179.2255170711578,97.41809105555876,45.49160894964007,6.480157168081902e-05,-0.0474864843737028,96,69,93.02011997130715
12092,890.7599232438871,159253.0729548275,75547.90486586695,76743.31909365061,494.517942923645,280.1104187916353,164.08845705995918,92.60775975536671,-7.48933992944764e-05,-0.5410990244435183,96,69,93.01822833220405
12093,890.7630825857401,159183.42411670554,75529.4761683786,76732.39126526011,776.3049432098051,387.61188443296123,236.65604270456242,144.63266241564997,5.605493796188621e-05,-0.3761215815806071,96,69,93.01634421465884
12094,890.7805366642276,159132.0510873873,75580.01853701315,76754.01993580899,1100.438842786476,496.47878355490684,310.69179923518095,211.81407306552865,-1.5566150673294696e-05,-0.2091329566527159,96,69,93.014467714811
12095,890.7829833464892,159069.54399734395,75571.8808125834,76745.40662210221,1417.7118564595003,591.2517414604081,374.3713586430531,276.60086987252,-3.0930905839026046e-05,-0.2740777422600278,96,69,93.01259892930926
12096,890.7998052882984,159027.0123799288,75559.2138902394,76730.69649370434,1719.275561884162,669.6656980288244,426.0092215251643,350.3995655790786,6.547508736911859e-05,-0.2143987796599524,96,69,93.01073795530836
12097,890.8031381341626,158968.9174007714,75564.25614341575,76724.02452343011,1962.0880233594798,721.9885011189472,458.84974851092556,416.46179196593584,-7.47242926173695e-05,-0.234672914318835,96,69,93.0088848904634
12098,890.8203493248279,158883.83944794256,75548.66717693448,76714.36258525419,2150.0865328604705,752.1987501979747,476.8090379484056,486.4855383786489,5.5108623463969526e-05,-0.2224761793846685,96,69,93.00703983292551
12099,890.823594941731,158851.86456095887,75553.77502699198,76724.61276011665,2258.712232412072,756.9628499670362,478.15615689067636,544.0825833977433,-1.4208249525750524e-05,-0.2080613587518058,96,69,93.0052028813366
12100,890.8399470258598,158791.9061562876,75564.5923376365,76750.1256452176,2310.8840794602293,745.3433971476043,470.2162183180044,602.1189796472318,-3.217582873642105e-05,-0.2140509524890645,96,69,93.00337413482504
12101,890.843010670699,158719.93498280423,75538.40094973626,76742.34172870478,2298.4017650788883,717.7233074019605,452.805366741115,645.5694287038932,6.612616541493649e-05,-0.1990379225769454,96,69,93.0015536930002
12102,890.8603794666328,158704.2839749277,75580.1354505389,76755.30382347037,2254.6850965177873,684.9167931385746,433.19837059869315,689.2754512616666,-7.453009855504412e-05,-0.1890004127639838,96,69,92.99974165594804
12103,890.8634609720044,158683.90180912765,75546.3091457505,76731.00504586403,2173.7989326769602,646.9062354967609,409.6996173376974,717.8965294150694,5.414426245640803e-05,-0.1944879457382095,96,69,92.99793812422556
12104,890.879871898837,158674.34879398957,75535.60416736199,76711.0967125883,2088.550429073046,613.105861402466,388.2451018068823,747.864668693248,-1.2846312969683544e-05,-0.1880528398607795,96,69,92.99614319885644
12105,890.8829635482807,158667.4500171303,75542.40949352666,76744.88679013881,1990.3943906152854,581.386360264718,366.10838406233233,765.2672518126201,-3.3409218833023694e-05,-0.1921872715310945,96,69,92.99435698132508
12106,890.900365330811,158621.84120208665,75544.84724941061,76698.01048080952,1907.2444373738253,558.0982520086109,348.34157871018397,786.9655076225463,6.675459894756864e-05,-0.1751388758279487,96,69,92.9925795735727
12107,890.9033457482467,158639.35043890227,75561.69220869594,76741.6247228656,1823.5192860846873,537.6221705348435,331.1396775490721,796.8995842909208,-7.431089624435877e-05,-0.1623508208605523,96,69,92.9908110779908
12108,890.9197859756691,158629.08008374207,75567.06636928603,76751.35431700297,1762.2157872070675,523.8256765172991,319.03435001458274,811.6440298071539,5.316219009441549e-05,-0.1541642436962542,96,69,92.98905159741726
12109,890.922933471182,158614.08821709309,75552.12412939373,76719.94385539842,1703.8779523349367,509.9369903626066,307.8052793278184,815.3872968847281,-1.1480802080113712e-05,-0.140838769572572,96,69,92.98730123513062
12110,890.9403358138269,158604.941560934,75573.56642826993,76721.00485561464,1666.6979630428832,499.4931490003946,301.26540587021736,824.6362596400431,-3.463066647317804e-05,-0.1150014552692592,96,69,92.98556009484427
12111,890.9432335050639,158649.96127885923,75565.30925990944,76743.44313506338,1625.8200203629676,486.1543208913645,294.14570259457105,822.2923546364764,6.736018859388527e-05,-0.1102005936598519,96,69,92.9838282807022
12112,890.9597001504925,158630.641090156,75550.01144564914,76725.79593612564,1598.0378309370135,475.0587887837901,289.9468280056899,826.0211424478621,-7.406677351402339e-05,-0.1106384038409692,96,69,92.98210589727306
12113,890.9629130020335,158621.37277771858,75547.57934943076,76711.87579180168,1560.2013148746337,461.804355409462,283.6399246251094,820.195965402294,5.216274714607677e-05,-0.0945370497982852,96,69,92.98039304954472
12114,890.9802944491546,158684.29762587353,75542.98043560103,76747.45632285789,1531.585215833038,452.6325345767982,279.2042331464472,822.5776839472237,-1.0112179833072462e-05,-0.0954539716027066,96,69,92.9786898429193
12115,890.9831226492391,158675.7673700867,75554.83251784088,76709.6799599185,1491.7376368477708,443.3114245503093,272.2690912200487,815.9361364169745,-3.583976692281249e-05,-0.0987827172616407,96,69,92.97699638320744
12116,890.9996163694096,158663.42021165998,75534.54030905695,76709.72235090788,1465.0912263811915,440.1077904705744,268.2074069244554,818.3923795931041,6.794274274921147e-05,-0.0964079709092169,96,69,92.97531277662272
12117,891.0029007576422,158649.92335089573,75566.65493738145,76723.37385749383,1435.5579154721927,438.4058952553023,263.90318768052384,813.3416375484085,-7.379782664141547e-05,-0.1210450257149278,96,69,92.9736391297766
12118,891.0202401029529,158682.6913437384,75550.75807053523,76736.71197671411,1427.895175681333,443.2712414467969,264.96242195530795,818.365322169906,5.114628031096087e-05,-0.1593657946606327,96,69,92.97197554967263
12119,891.0230159810735,158688.79900350343,75551.15526406314,76715.60414800554,1422.8061933359131,448.6036851760582,267.3698036225687,815.6334964957787,-8.74090871125632e-06,-0.1781217574834461,96,69,92.97032214370071
12120,891.0395319655589,158682.67088605295,75574.28054815295,76734.68935889888,1442.0421621575952,458.75886670591717,275.5583545419504,823.6933677082998,-3.703611915110316e-05,-0.1780234192638739,96,69,92.96867901963192
12121,891.0429005787132,158715.67021086387,75553.34453854112,76725.83305559828,1462.335579346458,467.39766965758463,284.02268629087484,825.4899080952455,6.850207790963732e-05,-0.2108885982295733,96,69,92.9670462856122
12122,891.0601646743335,158684.55793860584,75532.07376302802,76727.58524055671,1499.6066799676046,478.596069576015,295.54406368991476,838.12379907383,-7.350415992966706e-05,-0.2126491000112565,96,69,92.96542405015757
12123,891.0629271115255,158691.56208136494,75545.36275907999,76724.87924112241,1525.587540792476,485.9481835486513,303.56496704011806,842.1915613992314,5.011314158624405e-05,-0.2062693834028456,96,69,92.96381242214764
12124,891.0794259261316,158687.13098762973,75569.22628729892,76718.26411517382,1555.7492109836312,494.10848474892555,311.2112818173773,854.4114559405425,-7.367452654436133e-06,-0.2010218107284578,96,69,92.9622115108204
12125,891.0829517884094,158678.89881541202,75527.04353402289,76713.4020306453,1563.951171263412,497.06677977483196,313.02115129315644,855.5473266608606,-3.8219326982160885e-05,-0.1989962108921663,96,69,92.9606214257661
12126,891.0999705107017,158696.280572182,75575.14083081801,76717.44076652708,1567.514647222939,499.0313873253035,313.1140578839695,861.1745442936954,6.903801839387232e-05,-0.2053806211777562,96,69,92.95904227692176
12127,891.1034435459205,158700.5912682913,75566.4760843216,76703.52908180628,1544.213967687916,493.7229512542108,307.22797841831925,852.7247780587641,-7.318588619980183e-05,-0.1940899390458204,96,69,92.9574741745651
12128,891.1197016197966,158726.20789662417,75566.80193656318,76726.25843334732,1515.941488626937,485.5558077077876,300.47586462527397,847.4995213782822,4.90636886086021e-05,-0.1826493099826195,96,69,92.9559172293086
12129,891.122773444122,158728.43334635755,75558.13040765816,76726.30305936617,1465.1358858846943,469.2210135540081,289.2405842175358,829.711787270935,-5.992276008100473e-06,-0.1966105356698476,96,69,92.95437155209376
12130,891.1400308931477,158747.6785229052,75559.73940463063,76717.04061170509,1417.477240463253,450.76033854918205,278.82695691802655,819.1790273826628,-3.938899866096915e-05,-0.1926039001366329,96,69,92.95283725418577
12131,891.1433007533534,158802.7468452888,75530.08330769377,76724.58517735061,1354.9432792722364,425.9351958089683,264.9063245583966,799.4883329730364,6.955039660222221e-05,-0.1767616931591172,96,69,92.95131444716608
12132,891.1596332235254,158807.36954010767,75589.74111935969,76721.88374005147,1302.796923503105,401.97026359326264,252.42838761530584,789.8250655128504,-7.284312613934271e-05,-0.190134824964625,96,69,92.94980324292766
12133,891.1627081822647,158841.02363795807,75601.65611884468,76730.36942579571,1242.4123433238128,375.3581365207792,237.28106965709594,773.4041429703648,4.7998283956892434e-05,-0.2104063193075525,96,69,92.94830375366872
12134,891.1800318472474,158843.5694373889,75530.59090676157,76730.18905625014,1196.384556091798,353.00834308646154,224.74834018503316,767.2967551912297,-4.615843172386723e-06,-0.1879462006940956,96,69,92.94681609188648
12135,891.1831862485011,158855.09329680385,75571.66198201456,76709.37833587574,1140.85005378176,329.85130170772027,210.73114589072065,751.0587476614455,-4.0544747444365146e-05,-0.182870430289265,96,69,92.94534037037104
12136,891.1995453033044,158886.18871079825,75534.98784653166,76740.56769122105,1095.8024895307608,311.580974557437,200.73876939251204,740.2735347838898,7.003905257868396e-05,-0.1945140247397062,96,69,92.94387670219952
12137,891.2026668792404,158874.55049330092,75575.79656879223,76737.72913538585,1038.0293670688989,292.4683864636463,190.77736523275962,716.068953556125,-7.247600923079568e-05,-0.1745582952852764,96,69,92.94242520072972
12138,891.2200137716865,158936.95164221787,75570.7593941705,76728.7567778777,988.9948433968821,277.7537366389006,185.60902612123755,695.6256851149374,4.6917296061108936e-05,-0.1618335581230839,96,69,92.94098597959412
12139,891.2230775334103,158972.04911879412,75604.86717662516,76722.13089996984,926.5269552610116,261.1647810959985,179.69302499087644,661.3100623973587,-3.238619086241383e-06,-0.1710375467949392,96,69,92.9395591526936
12140,891.239453050922,159042.0349884502,75569.91210137322,76717.77833416515,875.4386107420432,248.3428481514129,176.63685721575166,632.7268286321487,-4.168619176129733e-05,-0.1676457743565833,96,69,92.93814483419102
12141,891.2426394977392,159077.61462601545,75598.00045846714,76749.26626993404,817.2571003073826,233.8143481882289,170.53578788699815,595.2407623281179,7.050383493722595e-05,-0.1638736234492722,96,69,92.93674313850546
12142,891.2599819073698,159063.85252905978,75582.62371480138,76703.0870401093,777.0633261761977,223.57143849690328,165.11409742792603,568.2661039168015,-7.208467245252357e-05,-0.1705697217461544,96,69,92.93535418030557
12143,891.2629715842197,159143.98555997832,75565.56077737792,76711.02665573254,732.9829144519754,211.6675635043939,155.126588601619,534.8585714623332,4.582109772747508e-05,-0.165056781942218,96,69,92.9339780745034
12144,891.2793594444053,159145.2379584993,75580.32878864807,76728.97413312369,707.2965255696326,203.94604428899765,145.84176156960893,512.6086707411741,-1.8610681218128172e-06,-0.176516067000222,96,69,92.93261493624792
12145,891.2826243051757,159198.49217254022,75573.27958383241,76727.87641867241,675.9103190080496,194.3278302631661,133.65320165766752,484.0939423056552,-4.281295442834943e-05,-0.1927099176886428,96,69,92.93126488091896
12146,891.2999350724783,159248.9247533804,75613.29877555919,76713.66085392164,657.7416666802601,188.21035214178846,124.33488588914042,464.89389348845,7.094460032884008e-05,-0.1709650292914326,96,69,92.9299280241204
12147,891.3028712533865,159237.8578654947,75586.6454018067,76720.1105089923,625.8925174294272,178.9179869734071,113.71140136112808,436.1203387968708,-7.166926131098524e-05,-0.1633611894221256,96,69,92.92860448167438
12148,891.3192615205244,159271.2423647103,75561.3130382892,76709.93114408772,601.0816854782752,172.31173901091097,106.86587744604913,414.0727961586381,4.4710067121064536e-05,-0.1733884319835311,96,69,92.92729436961436
12149,891.3226261472853,159299.0607287276,75597.71288649713,76739.83771489472,561.1309901101049,162.50302986630413,99.1098763087939,382.60898250323953,-4.83655145439515e-07,-0.168124013332824,96,69,92.9259978041787
12150,891.3398635219667,159361.60158015628,75627.34670012289,76708.66729941903,530.2357911359868,155.64950677324669,94.88647316102288,358.59420267801033,-4.3924663854790456e-05,-0.1506435155397109,96,69,92.9247149018046
12151,891.342792219501,159401.9237084127,75559.8196101575,76707.85319684917,488.22043872100767,145.6007678128517,89.20203825103818,326.06918967480306,7.136121344348307e-05,-0.1540744243371813,96,69,92.92344577912095
12152,891.3591352824058,159453.6162602561,75602.19310672143,76729.45470150842,461.3671184335253,138.70469101272465,86.80744901418802,302.1344294997107,-7.122992921444698e-05,-0.1448137207956389,96,69,92.92219055294258
12153,891.3626891729459,159449.3302457412,75601.26057748044,76757.82007592348,429.4567997905542,128.81164478461142,83.00537205275032,271.39526519124047,4.358458666449101e-05,-0.1420642344134365,96,69,92.92094934026314
12154,891.3796637695816,159478.88080365185,75601.11190004821,76711.78454549148,413.33792609587545,121.45149137808767,81.72263479500543,248.2384945427766,8.931555309013743e-07,-0.1359611073320029,96,69,92.91972225824864
12155,891.3832102469576,159506.31651743772,75600.49222819536,76738.93792448464,386.5116942888708,109.59642862773035,77.18162397050764,216.0026433733292,-4.502095347381936e-05,-0.1204161577225854,96,69,92.9185094242308
12156,891.3995261489674,159552.08618504877,75581.83443560905,76742.53348996704,364.7569556768867,98.35932833373954,72.35204947917373,188.39496886898996,7.175354703835186e-05,-0.1403767385666211,96,69,92.91731095570084
12157,891.4024891613439,159612.75693343874,75621.68304392991,76730.14194275065,319.69744373630965,80.70280235484825,61.36956342388294,150.39034433403867,-7.076683751531104e-05,-0.1417707628289015,96,69,92.91612697030251
12158,891.4197302891748,159665.6285283509,75608.40215484299,76747.51336105578,270.4487692536204,62.90623136854265,48.50527145495289,117.9984431429184,4.24450441955789e-05,-0.1425397687649241,96,69,92.91495758582532
12159,891.4230771023643,159649.44085108227,75609.58909247798,76719.94418632658,194.16306882025674,39.27030477943481,30.109935002663406,77.8406098895357,2.2689003422065174e-06,-0.1535761718622826,96,69,92.91380292019792
12160,891.4394520691727,159752.05941040372,75586.8331966278,76745.2570463481,121.10419405112043,19.25204479286913,13.935160952765727,47.57083118049195,-4.610146250056992e-05,-0.1432106173595106,96,69,92.91266309148186
12161,891.4424163625266,159727.0572953231,75630.60781412495,76770.54169206719,43.41241626109695,1.6025098352693021,0.39588163685402833,17.121044974424876,7.21214826159512e-05,-0.1386186858720009,96,69,92.91153821786445
12162,891.4597347790148,159776.0519874111,75604.73696880815,76752.68695400552,4.059108748449944,-0.0,-0.0,5.0033832849003375,-7.028015560396528e-05,-0.1303573181623046,96,69,92.91042841765172
12163,891.462972978089,159783.75113037156,75594.41055525838,76754.7828534327,-0.0,14.68403624043276,13.216786383418366,-0.0,4.12918313322076e-05,-0.1336075615871358,96,69,92.90933380926263
12164,891.4793565875148,159802.92742362668,75627.29088590278,76742.53193168802,72.19524311140412,58.11273362020438,47.90749383662478,17.899571801244747,3.643115900331169e-06,-0.1297993381254073,96,69,92.90825451122116
12165,891.4823685128107,159751.6000366832,75587.44441411832,76741.88762505114,208.62931587395724,125.80252261337591,99.69020223876578,45.82045204011956,-4.71658352734337e-05,-0.0785651846303609,96,69,92.90719064215028
12166,891.4997215192492,159690.7383321957,75587.60489510135,76754.2928644049,432.84693586284993,222.13014979788568,169.7493048355973,95.55733757844428,7.246490946792003e-05,0.0937751667021069,96,69,92.90614232076496
12167,891.5028736484703,159651.40256837412,75590.56145914545,76731.0056998447,709.4474331801757,332.3831558237289,246.8649249318114,150.19700193635072,-6.977006056505557e-05,0.3114952996668819,96,69,92.9051096658652
12168,891.5192556426556,159612.64932813644,75583.05282138048,76716.19019228675,1040.7542787864222,452.55724408850074,327.50505824782886,218.5043189022108,4.01253447621651e-05,0.0550021285234938,96,69,92.9040927963294
12169,891.5223355520433,159509.90794189018,75563.57916867791,76750.13244665219,1376.8878727277042,563.4813559619943,399.164473971643,284.0837000189349,5.015339895754297e-06,-0.4275970567104902,96,69,92.90309183110716
12170,891.5396956150004,159429.15572137406,75592.46764002129,76750.91812504706,1711.8306362355943,661.1204030518566,459.7826671626826,355.83139864349505,-4.821372192790313e-05,-0.2327099676952998,96,69,92.90210688921267
12171,891.5427760084478,159412.7601279206,75565.82359656382,76715.82078427238,1994.4661548507283,730.1815241190052,500.5233335152152,418.39755511522526,7.278372552550131e-05,-0.0716680133860375,96,69,92.90113808971796
12172,891.5591522173504,159410.69398098433,75589.82441823637,76722.49411083695,2227.507115913264,774.4214397190663,524.5540163165424,482.1651546595094,-6.923673734284696e-05,-0.1590276529430911,96,69,92.9001855517455
12173,891.5623161050534,159266.98193376302,75583.14308125804,76730.39992549425,2376.766464165994,788.003373361018,528.7811080762185,534.8072845950373,3.894598503332464e-05,-0.1110288416491512,96,69,92.89924939446178
12174,891.5796554925065,159243.57275671678,75588.76723940198,76725.37256656194,2463.2862600160297,782.8001356869354,520.7646514444496,587.2662126855575,6.385110766902282e-06,-0.1093400463715809,96,69,92.89832973706967
12175,891.5826829956616,159225.66779063016,75581.2014631211,76767.55027750805,2469.9169747938286,758.1228191051778,500.1758314598119,627.3443878872786,-4.924477841679893e-05,-0.1256605613655524,96,69,92.89742669880266
12176,891.5990432912331,159178.41490448572,75576.95585230962,76752.50073938358,2433.3856956175296,728.4773017463158,476.0036796890199,666.0869002121908,7.30778371481814e-05,-0.108079756107925,96,69,92.89654039891651
12177,891.6023153789494,159130.7140587878,75577.89885132817,76733.60160878868,2348.7122812289163,693.1909688677988,448.3238209830888,693.0162462758017,-6.868037898426977e-05,-0.0986818910518528,96,69,92.89567095668303
12178,891.6195910545857,159144.10104947735,75592.04572651703,76742.36128007383,2256.1565007875324,663.8447682861442,424.8694519447745,719.1504384055734,3.775415670942372e-05,-0.1019349491331497,96,69,92.89481849138332
12179,891.6226101317175,159150.63365299103,75585.54602393153,76729.3167424829,2147.5198035994545,635.310525924855,403.5613938845054,734.3481619310332,7.751968113708151e-06,-0.0950306980185631,96,69,92.8939831222998
12180,891.6389056495576,159106.7361338201,75582.78074022885,76750.59512833499,2056.7687848322676,615.2473624495178,389.6483794324158,750.1079516351456,-5.0258666668344565e-05,-0.0754782614351421,96,69,92.8931649687102
12181,891.642375324177,159093.3263898348,75601.53645538478,76742.85598798652,1968.4702443724382,595.8531338312896,378.7208016771765,757.9433606051316,7.334715869808317e-05,-0.0859749888478426,96,69,92.89236414988014
12182,891.659408525823,159089.22642358538,75592.17478078327,76694.87103388346,1905.8648400289821,582.4365237028687,373.2571608456783,768.6474892449914,-6.810118533000128e-05,-0.0971394936665314,96,69,92.89158078505552
12183,891.662914418291,159093.9904796149,75590.98069511367,76779.08951546854,1844.8165057111764,566.2163536720764,367.0001039610361,773.4116769953107,3.655026862217707e-05,-0.0928184730095832,96,69,92.89081499345632
12184,891.6794008158095,159133.3007505213,75567.34617681683,76741.37632762101,1803.1643943616073,552.8300826297491,361.82323892239947,782.0739552995947,9.115452702873696e-06,-0.1005800153906781,96,69,92.8900668942691
12185,891.6821732698758,159085.94855858813,75592.89618145757,76760.0940181298,1755.273017791682,534.7372265775775,352.4528524907073,785.3309156005271,-5.125505410149556e-05,-0.0779894221771209,96,69,92.8893366066401
12186,891.69946851449,159111.20796813516,75554.56788445779,76737.80111291743,1720.9760887745651,519.4956779236672,342.8952572187118,792.3307332261757,7.359161315438136e-05,-0.0653217461282292,96,69,92.88862424966771
12187,891.7027977797829,159072.19231851655,75595.53065563305,76745.52257789242,1676.308363208198,500.76836011055275,330.10061034353566,792.7983519214031,-6.749936455493686e-05,-0.0616567130924636,96,69,92.88792994239616
12188,891.7193194088572,159087.24157955806,75580.10041627532,76717.92877317124,1643.7069876258029,487.1250363244326,319.8305970338406,795.3033990090189,3.5334733499594895e-05,-0.0411991469884273,96,69,92.8872538038074
12189,891.7220939253436,159104.25759042773,75589.4370440723,76744.80431815228,1604.2413920104736,473.4820930657006,310.2669813411776,791.3279269292252,1.047510685528073e-05,-0.0265149867961834,96,69,92.88659595281464
12190,891.7394742503157,159093.78405963743,75549.59588063606,76737.89338328515,1583.457467975095,468.62731611687923,306.84116472522146,790.9393001389108,-5.223361473143141e-05,-0.0386712535937941,96,69,92.88595650825545
12191,891.7427042505807,159117.87870287348,75582.37211317629,76738.94468290015,1562.2142492051353,466.325380370894,306.11370461288607,786.5611649625353,7.381113211726846e-05,-0.0417317440727923,96,69,92.8853355888837
12192,891.7592198854998,159155.51414904973,75561.48229312894,76756.83685714981,1564.1166602593148,473.6920854369382,311.3664275119663,788.2924677964475,-6.687513235891751e-05,-0.0236962020427725,96,69,92.88473331336328
12193,891.7620358173847,159108.705233545,75593.47793959372,76753.2979047243,1569.1816823098925,483.4545460885274,317.7876217062585,789.0289161804831,3.410796733281203e-05,-0.0370887382408803,96,69,92.88414980026072
12194,891.7794676386826,159106.40476789942,75580.61827650391,76741.07126165884,1597.7050100300694,501.30487175812596,327.6552213130053,797.5971457309497,1.1830474207349764e-05,-0.044905811487808,96,69,92.88358516803746
12195,891.7826110122367,159110.82088822944,75601.71393076643,76758.90374888007,1624.7922675810987,518.3919329185883,335.87385785387596,804.7807826445787,-5.319402861614241e-05,-0.0720450842491767,96,69,92.8830395350435
12196,891.7991173584239,159088.49398416287,75585.98817686178,76730.45172379552,1666.6673727021553,539.3245964987582,345.10848364030244,817.3654779223143,7.400565549306553e-05,-0.1077747007869927,96,69,92.88251301951004
12197,891.8019894163181,159113.6061481715,75597.69325678289,76719.64167556829,1698.34693473269,555.5389561364573,351.5434853703773,825.9815325000382,-6.622871137745166e-05,-0.1266390309846018,96,69,92.88200573954134
12198,891.8194538858835,159062.2786209993,75569.77494644768,76727.43855133087,1735.746908480709,571.7908167799033,358.61598411775776,837.1644295082369,3.287039014684505e-05,-0.1561295355468973,96,69,92.88151781310935
12199,891.8225140386768,159091.43817168893,75596.14279053076,76734.89756849506,1754.0306004958693,579.795141908864,362.750120798999,841.669743576058,1.3181100420139956e-05,-0.1684383286258396,96,69,92.88104935804456
12200,891.8390161899803,159099.8419612135,75558.1916683893,76731.81793974355,1770.513373678783,585.0247737328173,367.005505545676,846.6921140624327,-5.413598215839537e-05,-0.1810143187533822,96,69,92.88060049203034
12201,891.8419516646954,159084.3473026347,75573.90366897096,76724.15886864484,1764.5739738064003,581.0233434914553,367.5460890936956,844.8710574926808,7.417513118827674e-05,-0.1673216242803579,96,69,92.88017133259484
12202,891.8594339215806,159074.08948372767,75570.44316733077,76751.52049127946,1755.2671062333975,574.3888193916355,366.7311832407431,844.1754896120692,-6.556033192228763e-05,-0.1619222131189253,96,69,92.87976199710415
12203,891.8624124398341,159098.24430976136,75590.66101439417,76767.00067489712,1722.573776976089,559.4735827183758,360.5231470542494,837.333162211813,3.162242493078236e-05,-0.1788184944948222,96,69,92.8793726027549
12204,891.8789185420137,159131.2845031793,75587.24435289437,76727.22214602907,1686.1443014059332,543.3758541389689,351.791413763538,832.1553800257097,1.4526532804614674e-05,-0.1616372651099951,96,69,92.87900326656724
12205,891.8819208951826,159113.85795258486,75593.93073848666,76724.25391098845,1628.9000181620358,521.2957943488145,338.09056574007263,821.7337515709223,-5.5059167603138e-05,-0.1531654233809684,96,69,92.87865410537748
12206,891.8994076286325,159140.72487465982,75559.48325478271,76726.12924865884,1571.185297946795,499.85214298138453,323.46748399647186,813.0973694889108,7.431951649267119e-05,-0.1496071582590275,96,69,92.87832523583089
12207,891.9023063385938,159160.9635036208,75575.18405575422,76750.59650594014,1496.6496930794092,473.55559212841035,306.2468783398217,798.3775699013786,-6.487023147568378e-05,-0.1328839306527525,96,69,92.8780167743747
12208,891.9188257893264,159162.25206682074,75567.03474025897,76731.87419801044,1426.7022589088301,448.4841972735594,290.38033799253753,784.3501251990092,3.0364498457965905e-05,-0.1259634368427537,96,69,92.87772883725052
12209,891.9218958423809,159148.9753711314,75575.44158357753,76728.24121324798,1347.733784794691,419.80575987881457,273.8189674318128,764.150148344168,1.5866320243822407e-05,-0.13368684367279,96,69,92.87746154048725
12210,891.9393745818571,159218.7183499933,75575.58862062676,76721.70957560305,1280.1991087598726,393.7376409537537,259.30093316407874,745.0419253146683,-5.59632848193672e-05,-0.1274244129697174,96,69,92.87721499989404
12211,891.9421963303096,159280.56329999573,75588.37105473668,76729.81854515875,1208.5712033034652,365.986765349342,243.92669210850727,720.5115862839448,7.443877660504407e-05,-0.1149320602010048,96,69,92.87698933105293
12212,891.958738886603,159252.63191583546,75587.06427643029,76734.9515117168,1150.8290095889824,343.1108354604512,230.03168782542343,698.315435979428,-6.415865501083559e-05,-0.095647401618105,96,69,92.87678464931147
12213,891.9618753740461,159291.27867409217,75596.43572363167,76716.04472719097,1090.7789625332807,321.39969561822363,215.24543533014366,672.4771627994487,2.9097040081365228e-05,-0.0969911576742848,96,69,92.87660106977576
12214,891.979334280759,159327.75819779004,75584.59116703723,76709.27836110293,1043.3977786213509,306.33026746280666,202.14659406791907,649.9557385019434,1.7200014868323486e-05,-0.085839622130507,96,69,92.8764387073032
12215,891.9820833027884,159334.40554292765,75595.33346987526,76696.02714552548,991.0995222544298,292.9680455363268,188.82676662312588,623.6688482532627,-5.684803908827566e-05,-0.0666114631526939,96,69,92.87629767649504
12216,891.9986584689299,159369.55388203883,75590.79870041057,76751.24864138315,948.7606950389454,285.28432169230655,178.03839651192538,600.2155818751489,7.453288501926986e-05,-0.1015435419081437,96,69,92.87617809168944
12217,892.0018584306772,159405.41664046113,75588.76180448984,76719.3192990188,901.4105680104694,277.7479992943263,168.20028357108822,572.9400218871888,-6.342585428062912e-05,-0.0855118031457372,96,69,92.87608006695405
12218,892.0192862162684,159430.81540190725,75601.83922460396,76724.55378197621,863.9802611499326,273.1514501689817,161.56624602424563,548.4112741507997,2.782048262109929e-05,-0.0490327592581549,96,69,92.87600371607894
12219,892.0219683884692,159460.5792492191,75571.45639958535,76756.84973728868,822.2921869393904,265.93805993585556,156.052790719521,520.0466386759072,1.8527170056049663e-05,-0.0443439342417044,96,69,92.87594915256928
12220,892.0385848383639,159497.65057114733,75627.49126845543,76693.55920804906,791.2440864759847,259.30175760133716,152.98144941421924,495.1147503085376,-5.771314345808315e-05,-0.0024105247153947,96,69,92.87591648963834
12221,892.0418440761159,159497.55481804558,75606.65917583255,76746.72500625328,757.3255159528344,249.25427993336052,149.61901856330223,467.7200794336968,7.460182426721399e-05,0.0223491488125328,96,69,92.8759058402
12222,892.0592298252432,159556.50515339998,75613.27166700766,76738.96851170438,732.4928158823168,239.65667986457993,146.35332288351492,444.6890890072391,-6.267208790196386e-05,0.0434952107880599,96,69,92.87591731686165
12223,892.0618530316415,159581.31125245275,75603.46927114384,76741.3473372085,701.7026147752767,227.68376765368157,140.5384366287326,419.3113769351039,2.6535261376051407e-05,0.0514887464069204,96,69,92.87595103191715
12224,892.078517819627,159612.03798430986,75583.45784909246,76737.57964280712,675.8696137947263,217.58635237110138,133.3095296054962,398.1816450851038,1.98473419403756e-05,0.0409577626776274,96,69,92.87600709733962
12225,892.0818317139767,159605.11685775837,75595.502156357,76722.1581696171,641.6695433082641,207.0650679697428,123.83628534822492,374.4764032449748,-5.855831662661886e-05,0.0723198605917727,96,69,92.87608562477396
12226,892.0991642305563,159611.55009712817,75579.7719153415,76712.24137362177,609.9914973365376,199.34472150419606,114.69073289571679,354.20704826232395,7.464558516155535e-05,0.0926483905938777,96,69,92.87618672552998
12227,892.1017393359315,159705.3219477508,75589.45869796716,76722.11214666962,569.9179033880355,191.61582841676136,106.31722701358376,330.2548047568416,-6.189762217230439e-05,0.0758156743491438,96,69,92.87631051057528
12228,892.1184562302277,159677.7066699326,75601.8237553603,76742.99387441558,534.2095003190916,186.08673342577822,101.15107007915503,309.2983923754073,2.5241814443619172e-05,0.0787637426752393,96,69,92.87645709052796
12229,892.1218218610031,159724.12115923883,75583.45326297615,76715.15879546598,494.6160483674612,179.7736376424873,98.6020614389854,284.6529525335354,2.116008964364436e-05,0.0351263650876661,96,69,92.8766265756491
12230,892.139087157855,159764.929466492,75597.0582321773,76724.39115678213,462.40170628920896,173.82462905610737,98.68795061629498,262.45628392361687,-5.938328545152795e-05,0.0274568832093055,96,69,92.87681907583644
12231,892.14163166061,159772.40532328407,75600.84863237035,76738.32722133448,428.13136788265547,165.1712354238989,98.72419038196676,235.23394551244564,7.466416679394216e-05,0.0600565220097743,96,69,92.87703470061672
12232,892.1583953728826,159823.90402801562,75626.0869817728,76745.52380549264,399.4201241513947,154.27683363897086,96.97546589214471,209.18910047627287,-6.110272913931908e-05,0.0535719924086152,96,69,92.8772735591382
12233,892.161820217464,159815.89602486131,75595.85920533694,76722.2322455942,363.9496367005049,138.2944604333752,90.64006759878248,177.02951598746586,2.3940582495503303e-05,0.0438537366669597,96,69,92.87753576016438
12234,892.1789880141005,159885.49511160055,75597.38026609554,76750.42819739933,324.5504110219772,117.42044039236498,78.83063666461385,145.28510968969204,2.2464974646782437e-05,0.0182209083245869,96,69,92.87782141206658
12235,892.1815494730416,159893.60113784508,75577.0800239041,76742.92654439349,269.1922703277087,90.56460859945219,61.360217956709675,107.94432460074313,-6.018778250430136e-05,0.0103282849479409,96,69,92.8781306228162
12236,892.1982996706541,159947.53851644756,75617.85329444725,76748.10543988163,204.2501879206393,60.36558950075414,40.447346357104834,74.25190347473836,7.465757711447212e-05,0.0139661957413961,96,69,92.87846349997857
12237,892.2019133330671,159999.34943245663,75620.57261163976,76722.40789698121,127.92339356796583,30.414767793845385,19.731776818080107,40.53424192289822,-6.028768861039407e-05,-0.0150949881362267,96,69,92.87882015070548
12238,892.2182304869095,160031.62529806234,75620.19635620929,76758.50133959716,57.70935918245232,7.644417274990701,4.353892959363293,16.848249023547396,2.2632008580448366e-05,-0.0047309075029804,96,69,92.87920068172784
12239,892.2211679800348,160018.19040544954,75602.21765747214,76753.31428004071,6.295637149189133,-0.0,-0.0,0.08754118814249523,2.376156142482997e-05,-0.0265186132168007,96,69,92.87960519934909
12240,892.238411550524,160043.4296616268,75605.12723117802,76749.81070708422,-0.0,15.149233988064225,11.31004977261182,-0.0,-6.097154807799276e-05,-0.0117365880386043,96,69,92.88003380943788
12241,892.2417599537312,160022.6273316633,75608.20099279912,76731.79535045502,53.89687432046048,58.75836091369274,41.472683646308724,10.730756033153739,7.46258321875689e-05,-0.0111288624402722,96,69,92.88048661742113
12242,892.2581708665451,160029.27427281745,75597.76950693494,76716.52972022298,185.21134854847332,131.27878104259435,89.97039277627482,39.322829742508475,-5.945278631730257e-05,-0.0295981679845501,96,69,92.880963728277
12243,892.2610807975963,159935.19829257767,75628.10156298641,76734.98330820013,393.0457952726283,229.25240561107057,153.95055512562976,77.53648715585587,2.131653794002033e-05,-0.008514883294692,96,69,92.88146524652775
12244,892.278427344236,159926.2948464279,75610.24908494062,76744.76452759402,670.5640423862496,342.70573232494644,226.6422114991874,130.55931205311208,2.504941742118995e-05,0.1047695716692602,96,69,92.88199127623324
12245,892.281648766187,159854.2919646028,75584.87198539739,76725.9961495239,993.8006123458617,461.00696936046006,301.2532904711843,187.84931760767358,-6.173432995589932e-05,0.3515817069548455,96,69,92.88254192098312
12246,892.298083130417,159799.17214182662,75578.54527888224,76750.7826058374,1335.9998591837357,570.4576719028555,369.63188120076666,253.7008560980321,7.456895708331596e-05,0.3224543558239421,96,69,92.8831172838906
12247,892.3010219400619,159760.44976994712,75559.11819051365,76747.51051958515,1664.369367490348,662.3497425565292,427.05506319893175,317.7800821530109,-5.859831488201927e-05,-0.2351962691415647,96,69,92.88371746758516
12248,892.3184242721901,159667.82173619824,75594.78271402414,76761.19457232904,1952.1462957549957,728.3395742929424,469.3635611408681,384.94794094073586,1.9994617729208126e-05,-0.2721001740754161,96,69,92.88434257420585
12249,892.3215424973926,159612.29023274485,75589.11034626164,76736.51883068039,2177.998186899058,768.3302299530187,497.0236209570139,444.7825029923988,2.632811346394815e-05,0.0136725460163342,96,69,92.884992705394
12250,892.3379901471993,159566.718314217,75576.29750232577,76746.06374458027,2331.669547605037,781.9372369034681,509.9352497625514,503.0865547361318,-6.247588211284071e-05,-0.0650471909255449,96,69,92.8856679622867
12251,892.3409769073872,159527.1271426358,75588.3371287461,76725.83380541259,2412.480096360552,775.8874716438149,511.270465060923,551.1810860557598,7.448698458299871e-05,-0.032251867587463,96,69,92.8863684455097
12252,892.3584108494056,159469.61496729936,75595.10589254259,76730.1755666658,2427.7170205820585,753.4475600467122,501.81750812000246,596.506161747704,-5.772457337678163e-05,-0.0167752495811343,96,69,92.88709425517057
12253,892.3614349679116,159417.3573744964,75591.8785401839,76720.85301543254,2391.5104839363485,723.1614247937687,485.0941243743291,631.1507033213275,1.866669739539211e-05,-0.063919215435783,96,69,92.88784549085211
12254,892.3778979140887,159420.3121749621,75564.68304582071,76738.74747463112,2318.6601573985536,687.2393963458453,461.65341932087904,663.804392477934,2.759722355416234e-05,-0.0313717564003373,96,69,92.88862225160489
12255,892.380941162163,159405.19923193584,75607.39408725676,76713.35247082601,2226.2434746727813,652.2873047837202,435.18740789199364,687.7323603073892,-6.319596675917096e-05,-0.0338579098704047,96,69,92.88942463594086
12256,892.3983891636627,159381.95314084183,75605.47670889442,76737.6998518754,2125.822619449813,617.7589375112439,406.5368205786799,711.5615540484141,7.437995654818331e-05,-0.0613754265130971,96,69,92.89025274182714
12257,892.4013245679035,159378.3275343386,75591.66764707006,76744.9563168953,2029.3988465034054,588.3356028851849,379.9544496621238,727.1330006888893,-5.683186695473264e-05,-0.0360682086716151,96,69,92.89110666667796
12258,892.4178091953532,159338.8517293976,75567.10198591331,76740.82134756212,1940.396400305559,561.1646504403034,355.96745613697567,742.2319049173093,1.733322780591717e-05,-0.0451021435025832,96,69,92.89198650734896
12259,892.420912303838,159342.21911657837,75589.27278394157,76741.76110101552,1863.5279498238815,539.3180406883621,337.8304837651376,748.6803407595144,2.8856325032418446e-05,-0.0436339411614548,96,69,92.8928923601297
12260,892.4383597335536,159305.7358036995,75616.71794809122,76746.79893047654,1795.0537921255454,518.6365335449227,324.274954706314,754.3664934372937,-6.389435300649393e-05,-0.0305542122654565,96,69,92.89382432073776
12261,892.4412110945358,159365.6750704002,75557.24036910316,76755.5766937127,1735.8066589171067,501.9767453536915,316.6219872353249,751.4946997750958,7.424792304666625e-05,-0.0232224899178819,96,69,92.89478248431136
12262,892.4577256326601,159355.04063368766,75589.66683460485,76765.73442514366,1679.4018873691093,484.7374722238019,311.4225439222646,749.6224970376934,-5.592050730236235e-05,-0.0216692749213429,96,69,92.89576694540298
12263,892.4608885979937,159348.70641190518,75585.99038124914,76749.11245837565,1627.42397922714,469.9431572362082,308.534065920423,742.8875494588865,1.599466160688437e-05,-0.0050295814190083,96,69,92.8967777979726
12264,892.4783225965912,159410.91857493014,75611.97953715731,76757.03504932886,1575.7462555323145,453.5871489729616,304.19885605646414,741.2474498484808,3.010499929979812e-05,0.0128565078819322,96,69,92.89781513538112
12265,892.4810949449935,159368.93258177582,75569.46204137219,76750.01589041155,1530.1727728248807,440.0408161527157,299.3911321287742,737.8805092327239,-6.457081748151092e-05,0.0141933197412406,96,69,92.89887905038384
12266,892.497648318674,159362.57900385794,75587.8438230234,76741.80049055789,1489.0131956484984,426.0694280993921,292.02910695344326,741.7812690446444,7.409094246720343e-05,0.0230464771641149,96,69,92.89996963512368
12267,892.500868547856,159360.3962852145,75594.12245591004,76729.11895468005,1459.3569722917746,416.68522031084285,284.96661219754606,745.15280178588,-5.499081188246148e-05,0.0379855327231346,96,69,92.90108698112468
12268,892.5182776723585,159366.04594956382,75615.97271378509,76765.87642194687,1438.5473539089435,409.01569121383363,277.62030145700555,755.2302324539633,1.4651453130817154e-05,0.0493624515680767,96,69,92.90223117928576
12269,892.5209768202146,159362.85150552902,75566.36634736964,76717.35663929701,1432.0227683513076,408.10727242648136,273.5407188255049,762.7472508483625,3.134283100049426e-05,0.0577627738570143,96,69,92.90340231987366
12270,892.5375780019489,159359.50137943443,75565.96124540732,76729.02739547312,1433.927223430248,409.9268231135502,271.6201836920518,774.8434995512944,-6.522514451024662e-05,0.0646312087333987,96,69,92.90460049251692
12271,892.5408507422652,159366.5441267244,75589.27092005376,76746.65079569185,1447.3613022703212,417.9435263056221,274.18797652295325,782.969391457329,7.390908172496322e-05,0.0638014802247412,96,69,92.90582578619887
12272,892.5582249167916,159329.37925241183,75590.26669158804,76719.34056424614,1465.1968412571005,426.8095595927589,278.8218917249178,794.3921011063794,-5.404310451598092e-05,0.0661834949933206,96,69,92.9070782892522
12273,892.5608575825032,159312.47430795882,75608.75265203038,76760.4956799826,1490.6925286418991,439.14975693328597,286.63683920842595,800.9887910535617,1.330405744220704e-05,0.0532614743381206,96,69,92.90835808935104
12274,892.5775151761809,159330.9987383817,75598.35946242718,76763.45125892226,1516.4413343858905,448.98952289698354,294.12043216711027,811.2957192543836,3.256940907905376e-05,0.0132524756133533,96,69,92.90966527350623
12275,892.580833797319,159339.9718016956,75599.30632680183,76708.9232715812,1545.4977326723747,459.075159090542,301.7764002827462,818.5168361045071,-6.585712571415906e-05,-0.0066952737812655,96,69,92.91099992805744
12276,892.5981644011183,159306.01420157426,75597.5193956262,76715.33894425542,1569.983623797074,464.588660641326,306.3386985514953,831.0203060376516,7.370241594674618e-05,0.0025289849076997,96,69,92.91236213866796
12277,892.600738167736,159326.9585040638,75577.81972281964,76748.59382707888,1592.0661125801853,469.5126469027746,309.0349396474194,841.4299913921277,-5.3077714683406273e-05,-0.0125633842908662,96,69,92.91375199031778
12278,892.6174601296646,159258.05155055912,75578.94114636155,76725.71476380843,1602.362379925442,469.6279687356582,307.50507642235607,857.5680264280818,1.1952931401630704e-05,-0.0266841800709096,96,69,92.9151695672975
12279,892.6208163328738,159317.80241092766,75566.60236042233,76722.9994765327,1602.7170956299524,468.91366304582334,303.8655521797191,871.2498955646879,3.378432620374761e-05,-0.0239571571448215,96,69,92.91661495320209
12280,892.6380963609458,159273.3747920687,75566.34361989934,76720.77541715377,1585.839662250888,463.28160311395186,296.77121269050986,888.3766571093001,-6.6466560579751e-05,-0.0124972056985959,96,69,92.91808823092452
12281,892.6406195163227,159241.36317158412,75554.34938731512,76690.3903881766,1557.305805639131,456.50675138369843,288.9331967201724,899.6334652812511,7.34710287060418e-05,-0.0152280971718117,96,69,92.91958948264974
12282,892.6574129848278,159243.7570183728,75576.32206313456,76686.64538071085,1514.0531163316336,444.38264707084454,279.2966182330856,911.0278415116773,-5.209497769160795e-05,-0.0062742597028054,96,69,92.92111878984832
12283,892.6607969583945,159255.28974357384,75536.48921827451,76714.40581416462,1465.454759710061,430.85563425926375,270.5791799904837,914.206994958542,1.0598532450705214e-05,-0.0051474181244637,96,69,92.92267623327038
12284,892.6780212368275,159267.11816043867,75533.05532987385,76682.39493517803,1411.356304265617,412.79514560097596,261.84989451407455,915.6751417938212,3.498717923550457e-05,-0.0316087770935913,96,69,92.92426189293992
12285,892.6805025043993,159257.95213439778,75506.5650608358,76706.97267773918,1361.131573498773,394.75561986457615,255.38080942281522,908.4418724671705,-6.705325624295411e-05,-0.0286758988104191,96,69,92.92587584814768
12286,892.697373745642,159238.18976149528,75545.10269479643,76708.17063134818,1312.107971460442,373.9329231471347,249.4235386220389,900.6531352335587,7.321501181033496e-05,-0.0243534371022092,96,69,92.92751817744606
12287,892.7007742503293,159335.87686663377,75554.32364783037,76696.27690769636,1269.4326508509694,354.7143373522995,245.02188443238265,886.4989921008528,-5.109523464452334e-05,-0.0364882680266234,96,69,92.9291889586429
12288,892.7179397239705,159300.8765713411,75553.61915349966,76693.54854666526,1226.9520653402433,334.58048430172494,239.60792751569534,873.5699190797459,9.241319072629078e-06,-0.0220557508573265,96,69,92.93088826879509
12289,892.7203878569703,159321.14797765267,75565.82386111944,76725.90109605432,1186.6781932659214,317.39792455895804,233.56160812536837,855.630647424754,3.617756949251488e-05,-0.0142531711370888,96,69,92.9326161842028
12290,892.7373423738783,159335.80848502694,75550.43884154188,76722.27019507579,1141.5091650210088,300.09312922146637,224.57819893225678,839.7326840046735,-6.761702764815605e-05,-0.011097983107665,96,69,92.93437278040412
12291,892.7407466960792,159378.279637432,75536.87742823361,76701.41712325935,1094.2822098289616,285.5800924799987,213.94911216021865,819.0514331138984,7.293446518047705e-05,0.0035948361456788,96,69,92.936158132168
12292,892.75785286008,159374.35244289704,75580.24137970792,76722.50966011823,1041.260792652669,270.6202076467307,201.10411449862295,799.2652929927281,-5.0078831944527656e-05,-0.0156277533925059,96,69,92.9379723134895
12293,892.7602760083256,159428.24487268028,75572.12707763446,76719.87730349322,987.8794716176344,257.46799133754394,188.4833155766246,773.4876883699326,7.881750396977942e-06,-0.0126035388382878,96,69,92.93981539758336
12294,892.7773189380982,159461.32430305763,75542.91816853923,76733.21522810325,932.6617457727552,242.96330421217135,176.12150219324394,747.8745638170221,3.735510264439671e-05,0.0108825167817102,96,69,92.9416874568783
12295,892.7807125479254,159452.12599629542,75590.40965559642,76744.07821565133,881.1916624617297,229.43522083043354,165.84031371056335,716.3377633645432,-6.81576975674993e-05,0.0016318846631468,96,69,92.94358856301128
12296,892.7977622241956,159519.9251817608,75549.11847026552,76720.64476484987,831.7848400843795,214.813207441548,156.6784209329926,684.9993170546077,7.262949764042301e-05,0.00425779278541,96,69,92.94551878682216
12297,892.8001668145591,159562.59453477943,75567.26679749376,76752.52020227951,787.5239878037246,201.65707156564167,148.79551515495405,648.6966944075539,-4.904612170807648e-05,0.0071384910262779,96,69,92.94747819834689
12298,892.8173039632783,159584.33617744886,75604.54609308697,76757.36342831237,744.9600416971371,188.467884428057,140.35733851167606,614.1862134987023,6.520285917150771e-06,0.0072227499089378,96,69,92.9494668668133
12299,892.8206694121709,159627.21009654232,75603.01282418534,76794.06407704588,705.2299828805844,177.52808976123924,131.30521511961706,576.618721389008,3.8519388831095605e-05,-0.0005048079259715,96,69,92.95148486063444
12300,892.8376704879454,159661.3377246053,75612.71083001615,76778.99110631048,665.3480636291206,167.55836033838568,121.00266276233015,541.8006187592982,-6.867509646463777e-05,0.0055663896764397,96,69,92.9535322474033
12301,892.8400587783858,159717.97852227028,75577.51184155446,76765.46034915085,626.5146654398995,159.86711325944634,110.63294168713037,504.80181649068254,7.23002250260627e-05,0.0182206180454238,96,69,92.95560909388722
12302,892.8572994716327,159757.5290582987,75581.67601310406,76761.70475934053,587.7540179022471,152.84428485074022,101.05069094421924,471.07943426506245,-4.799746106023002e-05,-0.0133414754877617,96,69,92.95771546602266
12303,892.8606128468997,159746.0849928266,75600.68177477634,76760.38813144673,551.2598541293992,146.84603975473146,93.76368759840261,435.5779773888062,5.157385832845583e-06,-0.0189088588153817,96,69,92.95985142890927
12304,892.8775834251355,159804.24047774647,75597.68394010632,76751.91806709969,518.0254344332498,140.43629123944265,89.39347856517998,403.0227921725018,3.967004312694337e-05,-0.0045717985878823,96,69,92.96201704680468
12305,892.8799460435513,159848.66336405432,75601.73173716708,76777.02387513894,489.64797195763094,133.49754035404476,87.87975156566245,368.9664822508057,-6.916906343858445e-05,-0.0016563869476706,96,69,92.96421238311888
12306,892.8973135834664,159899.20365637232,75612.75644113288,76764.93127725982,466.9566497167107,125.41953673851094,88.48307527118595,338.33177503972547,7.194677228348032e-05,0.0088532636556003,96,69,92.96643750040946
12307,892.9005289783552,159918.2334582159,75596.24872219677,76770.42951895742,448.7685532529722,116.25105963414535,89.54913863504771,306.74839978970704,-4.6933212372202384e-05,2.1468149700256523e-05,96,69,92.96869246037514
12308,892.9175227281008,159929.04994230004,75594.3393958347,76747.99365184225,433.9889579511364,106.5329262461164,89.90480576682603,278.0496673968737,3.793510417706292e-06,-0.0070986671710942,96,69,92.97097732385195
12309,892.9197936083726,159977.04387671608,75606.76171286599,76767.66191026547,417.53932487685233,96.18216154426045,87.67298604163807,247.65864603611408,4.080668511064561e-05,0.0130482112542362,96,69,92.97329215080649
12310,892.9374181641681,160019.5991172092,75628.07237179576,76753.01288563386,396.84913111652713,86.26862556129345,82.6509516503429,218.72373685092316,-6.963944433993076e-05,0.0178987182730333,96,69,92.97563700033191
12311,892.9401772560843,160051.4363273324,75613.62698656153,76739.67804513269,364.63378780393396,75.50023571700149,73.58934952970594,186.52665128395893,7.156927181986775e-05,0.0066071844787218,96,69,92.97801193064171
12312,892.9567473236126,160046.94258074043,75600.60338945109,76739.2580508371,320.1909506825614,64.49878077993344,61.59569112979807,154.0844582253194,-4.585374343818879e-05,0.0310994882937902,96,69,92.98041699906564
12313,892.9598757430563,160104.5291120488,75593.53239139037,76771.21292685019,259.35081444930984,50.872528722073184,46.33509216696257,118.72457070328528,2.4291199457904096e-06,0.0266760499971202,96,69,92.98285226204364
12314,892.9773306486667,160152.01376141608,75623.58333904415,76824.25840324505,189.02644369355403,36.23164964011812,30.482053826446645,84.77027131197974,4.192893935950408e-05,0.0349455120156761,96,69,92.98531777512156
12315,892.9800917046784,160172.14886950716,75624.59508540056,76766.53625835557,112.4163305935217,19.52350670855958,14.81840136781102,51.74332985567162,-7.008609418414058e-05,0.0532900970657117,96,69,92.98781359294544
12316,892.9966491420904,160224.8111114316,75640.59823966562,76765.13546948778,46.67320103710517,6.580386582601932,4.007840351026971,25.305444619327318,7.116786469698078e-05,0.0334326891472629,96,69,92.99033976925703
12317,892.9998709718128,160226.3656429345,75643.2588440416,76777.1948694395,1.8077648600446992,-0.0,-0.0,6.418515625438886,-4.4759426545838746e-05,0.0195950039873235,96,69,92.99289635688854
12318,893.0172739705811,160240.41190756025,75628.23440733763,76759.41504688423,-0.0,9.220125118386932,8.273664441920118,-0.0,1.0646746767779197e-06,-0.0079276626376338,96,69,92.99548340775812
12319,893.0199829652393,160208.53978219922,75600.08227647838,76752.91966596237,48.665045131056104,36.41653945019061,29.408629548095632,6.115534113516333,4.3036435702726095e-05,-0.0078793931559832,96,69,92.99810097286463
12320,893.0365710971575,160228.94593165937,75585.4243629621,76786.71203940857,164.4701135738287,88.72508096657111,66.70411690187757,27.490393176994985,-7.050887578523457e-05,-0.0153517655995254,96,69,93.00074910228297
12321,893.0398597038856,160148.50686379534,75580.76955616692,76754.2167157319,341.826411791204,161.6154867898731,116.58314671667176,62.49222286348231,7.074269947416648e-05,-0.0285728012723915,96,69,93.00342784515917
12322,893.0572155552966,160137.73694025306,75600.13247053241,76749.16027366136,582.4158493250143,254.49638371715264,178.03461903703283,110.96320985342027,-4.36506387338916e-05,-0.0253026194926752,96,69,93.00613724970584
12323,893.0598687252908,160063.41894668763,75596.56985297023,76783.78599967151,862.3427595770918,354.0806883491023,242.95952956427936,169.35134745994583,-2.993652306715108e-07,-0.0308597829832587,96,69,93.00887736319756
12324,893.0765037728931,160028.72092174663,75611.14750614793,76745.61818727665,1170.6275262556737,455.2236630719417,308.19581371557433,235.31292843649862,4.4128809141304186e-05,-0.030538629155025,96,69,93.01164823196608
12325,893.079846885995,159920.6331731969,75603.43250814389,76758.5818955758,1473.7823320314055,542.9580658282939,364.9323728038289,304.4065067215124,-7.090765972923217e-05,-0.0094669480918557,96,69,93.01444990139552
12326,893.0971511899432,159854.08996316264,75569.20393911551,76750.14030839544,1759.174768900033,615.2284996648959,411.6454700882314,373.3411404241633,7.029393259020234e-05,0.1005116008152124,96,69,93.01728241591807
12327,893.0997529515591,159808.61587707698,75576.83584709445,76762.4960223333,1996.1684896359802,662.1039018685842,442.18623545899754,438.409663096274,-4.252776226358197e-05,0.3349170421227892,96,69,93.02014581900968
12328,893.1164452336874,159745.73327351798,75549.47214949333,76743.09552430012,2183.7895261048106,689.573549181805,459.56292015110375,497.471485851187,-1.6625405058598482e-06,0.2526862078696875,96,69,93.02304015318497
12329,893.1198328222293,159688.5749898212,75554.08269303115,76739.42986357652,2304.266529660963,694.0566063858278,461.66913003707305,549.2596675980603,4.520569956502531e-05,-0.2762224793275489,96,69,93.02596545999344
12330,893.1370797971977,159630.26453720598,75557.4343751394,76754.65198106835,2371.1677084140247,686.3387911736354,455.02023723418824,593.7216364927881,-7.128232511141446e-05,-0.2649692574675739,96,69,93.02892178001468
12331,893.1396376366796,159608.62005687345,75562.93944328341,76730.88316548518,2377.9619568508933,664.2893731956137,439.2122642149916,632.015738933027,6.982172884967139e-05,-0.0173375114129975,96,69,93.03190915285424
12332,893.1563947353524,159578.78984944965,75590.96231146943,76742.82933713475,2349.8848907556385,639.8321662439557,421.924016032106,665.3277283182833,-4.139118328632921e-05,-0.0833021132915948,96,69,93.03492761713916
12333,893.159816855684,159552.41504243677,75593.42676209833,76751.00389747058,2286.1569810833316,609.5716688957618,402.02274671010673,695.4411242619972,-3.024391649237769e-06,-0.0509915397382367,96,69,93.03797721051396
12334,893.1770011787537,159533.21543092382,75588.49448492032,76745.59795880433,2214.4032225306146,583.7824215567816,385.66213798022363,722.6756837149151,4.6266752757566655e-05,-0.0635407907526242,96,69,93.0410579696362
12335,893.1795242296656,159488.70482393148,75540.54800258466,76742.62185363802,2131.1559108916554,556.5642230796511,369.3829030538327,747.6667158355122,-7.163275920237521e-05,-0.0981484932123403,96,69,93.04416993017249
12336,893.1963517526838,159468.0751357286,75588.76171022466,76736.38704061726,2061.79068252421,537.457937985615,357.98280406961567,769.1303951439622,6.932626043539553e-05,-0.0740750179964488,96,69,93.04731312679428
12337,893.1997980661492,159437.61304634964,75583.19829087376,76729.84063683382,1996.2690446576453,518.806490758725,346.42518815604853,786.914239404723,-4.0241292682326105e-05,-0.0784945799457021,96,69,93.05048759317384
12338,893.2169155370871,159437.67515575173,75552.39502530705,76724.57486512177,1952.7043562938925,508.5794079320185,338.55445554156904,799.5688405005785,-4.384460555712344e-06,-0.0898491449579358,96,69,93.05369336198046
12339,893.2194139514038,159424.19343272023,75523.89395677972,76743.75482919715,1912.8811489284271,497.24793562450213,328.73049126187107,807.9045897985634,4.731162011387103e-05,-0.0697194947080847,96,69,93.056930464876
12340,893.2363157354829,159447.8903308782,75554.8643134369,76750.58527416855,1891.1649313251255,492.831451793405,321.5429368400073,811.7255024581682,-7.195885718640327e-05,-0.0692525771138699,96,69,93.06019893251133
12341,893.2397754818779,159417.29481195158,75597.04196672431,76753.47483940037,1865.1195077880402,485.12740776187275,311.690569097962,813.2865258516977,6.88077073601747e-05,-0.064762740726675,96,69,93.06349879452246
12342,893.2568233265345,159444.4282562729,75567.03037838919,76735.13698152565,1847.5085001766565,482.0756908184849,304.19063119834755,813.3040973032766,-3.907848573818505e-05,-0.0475394858955513,96,69,93.0668300795266
12343,893.2593078773773,159417.6360261458,75563.30115956349,76737.64943018307,1816.3534864631947,473.84240577936,294.1121043699677,814.3876413661346,-5.742289605854829e-06,-0.0652841800226188,96,69,93.0701928151184
12344,893.276286035598,159403.9157073363,75544.16367395301,76752.99934661484,1790.1515957712545,470.6843803302181,287.6856146566861,816.8968138482596,4.833995821880788e-05,-0.0593610588768136,96,69,93.0735870278662
12345,893.2797481683912,159437.61884197663,75552.22913621092,76753.95704073418,1751.1788497144007,463.8294331190118,280.36995331943035,822.6918352269859,-7.226052314095898e-05,-0.0331745218465303,96,69,93.07701274330844
12346,893.2967251903807,159383.46946064854,75534.31893267724,76719.40709042364,1722.025667594804,464.0212501618662,278.4270360454684,831.1908254328591,6.826625760639001e-05,-0.0709462627043906,96,69,93.08046998595005
12347,893.2992069550768,159415.25603591863,75564.07126523917,76763.88089447549,1687.5794166284031,462.2286315518868,276.9204450266552,843.1918776199163,-3.790316138716123e-05,-0.0667745754113835,96,69,93.08395877925872
12348,893.3162618881864,159387.2942747561,75533.27729427115,76748.0876970754,1673.6630272339098,469.4289749964082,281.9907942765276,857.2138510030054,-7.097422412235712e-06,-0.0426875582890612,96,69,93.08747914566148
12349,893.3197152766683,159361.35359164866,75540.11473700685,76741.18393036288,1663.1389466264518,474.8930895929516,287.466637861653,873.297066751984,4.935142955710853e-05,-0.046453569591975,96,69,93.09103110654108
12350,893.3366219243342,159332.97553433408,75543.26341118648,76730.98747713315,1677.8094919303549,487.64863046056416,298.0703300869791,889.7078716664109,-7.25376686966951e-05,-0.0434751735104049,96,69,93.094614682233
12351,893.33911200039,159334.89144318513,75537.02600430319,76717.5425143198,1695.849796069786,495.71682170389977,306.57454216113547,906.3947997533833,6.770210616537861e-05,-0.0470759813240665,96,69,93.09822989202146
12352,893.3562424142852,159333.27139620855,75513.93034535254,76730.39285864329,1736.734981188376,508.73279137290956,317.7917932496639,922.0748449766252,-3.6715723192058095e-05,-0.0541304582844341,96,69,93.10187675413654
12353,893.3596760746843,159295.19551798954,75553.63289164034,76725.35291788129,1773.7742603612132,514.67986350703,324.4390849711781,937.0535689958488,-8.449403533093525e-06,-0.053828289421123,96,69,93.1055552857506
12354,893.3765144482105,159273.6282176016,75541.3737233682,76730.81967620282,1822.4758395008976,523.5690308773192,331.7892514342384,950.6464415078517,5.034570292565986e-05,-0.0600444605423054,96,69,93.1092655029753
12355,893.3790236877758,159278.6268767262,75519.3052921193,76684.85477385679,1854.3609800602426,524.5041959719238,333.59647828133893,963.1930905396002,-7.279021437337723e-05,-0.0729509514718282,96,69,93.1130074208583
12356,893.3962266333921,159263.10318794555,75523.85111954437,76726.9886072066,1887.026951878157,529.3301326212386,336.6008314836654,974.1325325914368,6.711545605733729e-05,-0.1078270199385052,96,69,93.11678105338012
12357,893.3996299704062,159286.3106637197,75554.08515114975,76719.37720017773,1892.8730994792422,527.0359206924477,334.7872252223315,983.2273443951563,-3.551657807173376e-05,-0.1401126970651117,96,69,93.12058641345122
12358,893.416403779456,159240.16809219035,75512.49875999747,76695.22728317167,1892.1728819661657,528.6472137645324,334.59053247768315,989.6415562899201,-9.797778994820636e-06,-0.1477144134899552,96,69,93.12442351290848
12359,893.418942539922,159249.53179588178,75483.72862487385,76692.69956883552,1862.2653175012674,522.6860483805649,329.7652856827772,992.5713430579635,5.132245231118848e-05,-0.1561179164473254,96,69,93.12829236251336
12360,893.4362134811668,159214.35589130397,75512.50675702219,76698.01695319398,1829.9930425611092,520.3378746061062,326.89980836203904,991.5932250629994,-7.301808881634215e-05,-0.1607855341022838,96,69,93.13219297194732
12361,893.4395765294585,159260.39900037635,75528.24107121743,76685.58585690818,1774.8541322511155,509.19690878948313,319.33004875836195,986.1890071056259,6.650651802639603e-05,-0.181513785979599,96,69,93.1361253498106
12362,893.4562910060309,159275.49744174135,75538.17954776867,76672.81627954832,1724.180633932061,500.06509135087254,313.58840141890687,977.0736352714885,-3.430613700032463e-05,-0.1708350601581864,96,69,93.14008950361826
12363,893.4588689198398,159282.73945719647,75501.57884558117,76722.74170152323,1657.6655001640902,481.70745690213516,303.6974734972173,964.2802351901191,-1.1142096236584956e-05,-0.1495981111180381,96,69,93.14408543979788
12364,893.4762018296224,159282.9775947458,75507.60136201428,76723.75977471,1602.8285302614677,466.8860834367224,297.0903418287635,949.4140502120426,5.228135882301167e-05,-0.1551219108523742,96,69,93.14811316368711
12365,893.4795154890736,159326.20871154827,75508.04719268257,76719.39885512742,1536.073693143553,444.93900859498535,287.5118168174813,932.0558937827882,-7.32212288688418e-05,-0.1445212519499805,96,69,93.15217267953032
12366,893.4961772573753,159323.07310288333,75553.60998286323,76708.60549303005,1482.5741425547167,428.81483985968225,281.63729844256886,913.6636992433923,6.587550933458995e-05,-0.1483702184554745,96,69,93.15626399047652
12367,893.4988030272938,159357.70738523503,75510.09900142085,76703.34458835573,1419.0129635995254,408.411507526107,272.59840597200673,892.9693709333369,-3.3084814285708506e-05,-0.153826474083201,96,69,93.160387098577
12368,893.5161905076009,159376.54312980326,75507.41968993498,76712.96991509653,1371.9805599826504,396.58659757333226,266.50616677768994,871.6457609551144,-1.2481904263603002e-05,-0.1351301054245258,96,69,93.1645420047821
12369,893.519446769769,159355.51263503585,75526.62123044839,76680.12108829866,1316.3443050386268,381.29661137975927,255.58000009696116,847.9416617898387,5.3222108639273866e-05,-0.1450214335696547,96,69,93.16872870893928
12370,893.536063672349,159446.03971324096,75492.19650339239,76723.3240216976,1277.0504865420517,373.46419816170237,245.91626771271694,824.2030405548285,-7.339958018807503e-05,-0.1555035122766617,96,69,93.17294720979086
12371,893.5387449015735,159449.62895599293,75510.51907282617,76711.15313787448,1228.8604875004967,360.6709582559415,231.12646482148557,798.7110640934261,6.522265552287586e-05,-0.1484311490064655,96,69,93.1771975049714
12372,893.5561783190266,159472.53147600213,75495.32324886305,76724.29432963197,1196.5354419015348,354.00636234627746,219.01472896680934,774.5037961968628,-3.185302762230601e-05,-0.15156522196869,96,69,93.1814795910052
12373,893.5593704866922,159518.56089678605,75531.4959570247,76710.89073096808,1151.9913848810247,340.79873506200965,203.92596709766076,748.7663548732235,-1.3816754049069232e-05,-0.1620357378010178,96,69,93.185793463305
12374,893.5759513624938,159531.97224462416,75539.35106675436,76713.5780082262,1118.901610616711,332.5723822077125,193.80939138948452,724.1365819856292,5.414439512514082e-05,-0.153726869303937,96,69,93.19013911616872
12375,893.5786944329399,159557.17269634732,75525.15183136573,76682.01077830172,1071.3499010273372,318.3462582400971,182.89437600708334,696.7003038311377,-7.355309632669477e-05,-0.1469960598745691,96,69,93.19451654277788
12376,893.5961640561966,159582.86909726373,75518.59388930324,76723.75922288622,1035.601407837763,310.47276951768436,178.12269313682918,669.4986802864587,6.45481886754234e-05,-0.1876293745139955,96,69,93.19892573519574
12377,893.5992869621579,159592.1936075975,75525.16413815516,76730.52990410902,985.8972025426337,297.2523537618981,171.90400668806979,638.2090030077379,-3.0611198338229306e-05,-0.1756465535107965,96,69,93.2033666843647
12378,893.6158413709314,159633.4800742688,75493.42481306217,76694.42779806133,949.5165698461351,290.2571067312383,169.98110921119223,607.440458892961,-1.5146198332359318e-05,-0.1639182227940615,96,69,93.20783938010511
12379,893.6186513802813,159712.9556775889,75527.09667874679,76693.83054597593,903.1151724767406,278.2251749989373,164.97287111374317,573.9341420534765,5.504791760386202e-05,-0.174794576796799,96,69,93.21234381111256
12380,893.6361465159101,159733.8427473755,75498.24071499475,76696.13945196584,874.2799087328603,272.57357813553244,163.18304358047317,544.0874892333522,-7.368173964262234e-05,-0.1534435393210795,96,69,93.21687996495692
12381,893.6391967193059,159744.62062846613,75512.72993331685,76679.62952219704,836.491743706516,261.2443128761952,157.62431717372965,513.7998031105963,6.385234843023617e-05,-0.1604669902861701,96,69,93.22144782807972
12382,893.6557346714543,159790.3918597518,75496.54796444456,76683.06586517143,814.9720036305371,255.34201321323053,155.21469529089518,489.279010926286,-2.935975071130173e-05,-0.1679773633544264,96,69,93.2260473857929
12383,893.6586153016451,159795.56449241977,75504.77823226576,76672.98716916033,783.0550662239548,243.84140871287673,149.84790786582744,464.8291905224032,-1.6469791875418358e-05,-0.1631376692848268,96,69,93.23067862227728
12384,893.6761247167454,159818.0302461677,75512.57550328292,76705.2171908412,764.7989964112057,237.93390364291554,148.28702102630632,446.08419809443876,5.59323821231201e-05,-0.1606945402352116,96,69,93.23534152058038
12385,893.6791000158026,159848.0692731381,75490.45118622616,76711.36383299503,731.1235128488042,226.12934166446212,143.43504491177737,425.1635550543142,-7.378548061678864e-05,-0.1604780999912381,96,69,93.24003606261552
12386,893.6956332624122,159875.74647613926,75523.33715450206,76698.0882343223,706.2730251803296,219.6240275809687,141.33293772587785,408.0458518070518,6.313538138434684e-05,-0.1852499546915003,96,69,93.24476222916002
12387,893.6985825058133,159877.05536213683,75506.00728353605,76681.50377289209,664.460573237564,208.24351447286608,135.1572723905265,386.87074135954026,-2.8099112025410348e-05,-0.1875755798408535,96,69,93.2495199998534
12388,893.7161091862465,159920.62481171402,75491.23245552008,76688.85872268218,631.9038476025453,203.23801330316928,131.12304316140944,368.9382399652968,-1.7787091938176237e-05,-0.1913875564360475,96,69,93.25430935319692
12389,893.7182326270882,159947.36292516714,75504.57824051083,76681.80921617593,582.4364815835143,193.51061660597043,122.43536916247103,345.08613510636496,5.679750107110881e-05,-0.2005128426372289,96,69,93.2591302665512
12390,893.7354913181581,159966.41232342197,75502.05113269646,76658.38931812148,545.719850433874,190.38952342515404,116.3092574874754,324.20202880486613,-7.386429809810621e-05,-0.2054052949638252,96,69,93.2639827161356
12391,893.7386039620762,160014.13967439806,75490.83109973489,76694.63271718333,496.4335981522454,182.09413126388972,106.3259055398521,296.20761311938986,6.239754096259242e-05,-0.207334376448262,96,69,93.268866677027
12392,893.7559946987341,160034.5732274075,75491.3083883619,76718.29240235838,460.4931382429786,177.27382040952216,98.66234626327059,269.7995534672227,-2.682971232328068e-05,-0.1836458593498824,96,69,93.2737821231583
12393,893.7581359859885,160036.84823751007,75507.90589600323,76694.49142229445,409.50166860129684,162.83246610335482,86.15606784966076,233.8467425951676,-1.9097657720352456e-05,-0.1802828740939768,96,69,93.27872902731788
12394,893.7754620599983,160120.32011494116,75486.95932718011,76692.4004270128,367.56853149371454,147.2068700384698,74.6659629753558,199.464969232562,5.764299365389107e-05,-0.1893050691076989,96,69,93.28370736114762
12395,893.7785670148892,160148.6832193237,75511.12118091098,76665.21204864126,304.63296113873366,118.7440109497984,57.32959642013884,156.25114968893467,-7.391817983866335e-05,-0.1799671123153991,96,69,93.2887170951431
12396,893.7959162873996,160178.959267001,75531.38629445422,76687.98971719723,243.97905601275852,88.22787745170353,40.81415955495322,117.64450711975223,6.163908780751168e-05,-0.1444771787869557,96,69,93.29375819865152
12397,893.7980023457048,160256.9548605227,75522.27225084139,76687.79476999653,161.34157266031252,49.70316855888814,20.931143752328353,74.32417732971953,-2.5551984644349264e-05,-0.1537190762040452,96,69,93.29883063987214
12398,893.8154906096123,160297.11515462777,75504.26368483262,76665.6911701486,91.56218919128878,20.52170150706661,7.797741927439347,43.276767535484396,-2.0401051375816124e-05,-0.1781159808593714,96,69,93.30393438585402
12399,893.8184417862628,160292.60140044635,75496.52907855508,76723.75310997499,22.819509646797087,-0.0,-0.0,14.461233887966955,5.846858600555296e-05,-0.1691595035314742,96,69,93.30906940249628
12400,893.8360437175045,160334.97738771464,75504.74623809241,76708.62790852436,-0.0,6.598511571923154,8.415859310189262,4.379641523293685,-7.394712165779843e-05,-0.2023958922425495,96,69,93.31423565454706
12401,893.8386110515819,160358.61861811308,75479.04755401477,76694.19728376025,18.45829019229859,37.72708308020083,30.84389316535089,-0.0,6.086028904312324e-05,-0.2060781217549682,96,69,93.31943310560315
12402,893.855335304689,160318.2469724202,75515.72250170614,76671.83843711969,120.48563118220773,104.68880085115961,74.61906672822079,16.240016782365274,-2.426636430798493e-05,-0.1824169077137109,96,69,93.3246617181088
12403,893.8584610911395,160319.43544916177,75520.92813250292,76708.52269801071,290.88985784666147,196.0774009202869,132.9047392095672,37.366339776985114,-2.1696837321701944e-05,-0.1986506702939462,96,69,93.32992145335592
12404,893.8759714608171,160268.19389226308,75539.2656810912,76689.18539197919,549.3222991544753,312.08039152513084,206.81907317449804,76.58704178401968,5.927401088668061e-05,-0.2024461897521555,96,69,93.33521227148326
12405,893.8785064704581,160235.09289312764,75530.01740734404,76681.59628905932,854.421493938542,432.8397141004243,284.30459967357456,114.94648905665963,-7.395112749978408e-05,-0.1984047206128083,96,69,93.34053413147596
12406,893.8952601086684,160209.2554686258,75498.42849879198,76720.35057141476,1203.6210246923729,554.2719669614744,363.4657594150922,167.08525189643842,6.006141871874396e-05,-0.2117343563611079,96,69,93.34588699116544
12407,893.8984508522775,160143.54977216755,75513.41020814452,76722.59951105103,1542.5372218031553,657.9254194519453,432.25975330587244,214.41497703516507,-2.297328911640608e-05,-0.0993809586293408,96,69,93.35127080722889
12408,893.9159088168855,160130.86050212831,75504.22585287053,76705.5813718314,1864.0813867311808,743.9447035345802,490.5531258514966,272.3983153447334,-2.298458315982368e-05,0.1338923480105625,96,69,93.35668553518914
12409,893.9183900536095,160082.89214122633,75490.75313965123,76725.91120377264,2121.5404991091345,801.3693503395189,530.1689442833595,320.97091453237226,6.005900801802912e-05,0.1951638299702967,96,69,93.36213112941452
12410,893.9352007443692,159999.72670759537,75518.36887175786,76698.19238499556,2325.5403339950717,838.3213870887557,555.7125285078364,377.6917908296746,-7.393021032924818e-05,-0.2767504463298241,96,69,93.36760754311884
12411,893.9384342901451,159965.08781437925,75504.66973193159,76726.46873126023,2450.958625360392,850.8366189728258,563.5190554440196,422.4338254807517,5.924275735703715e-05,-0.4628733105190297,96,69,93.37311472836106
12412,893.9558436769136,159949.20496927304,75514.05348886322,76698.35775377332,2525.4888193370425,850.0836678980122,560.7459209737135,472.64322048876784,-2.167319935061889e-05,-0.1703460711221509,96,69,93.37865263604574
12413,893.958269663229,159929.66243559468,75537.3966008756,76666.4330057204,2536.8848408370395,833.3159894362325,545.3247215075244,506.60189483090653,-2.4263859257263728e-05,-0.1930585813066678,96,69,93.38422121592248
12414,893.9751532698889,159861.21602867465,75531.98431577305,76686.13503049388,2521.0031300658593,811.2762804362137,525.2082957769744,544.5846860843012,6.082332450433561e-05,-0.1834848111611389,96,69,93.38982041658674
12415,893.9784124809215,159857.9259716994,75540.31780383483,76701.5837561093,2468.029744259198,780.5143658948946,498.677902819094,565.9410141072876,-7.388439093136882e-05,-0.1600005637221908,96,69,93.39545018547965
12416,893.9957750312258,159830.4737595112,75505.63261681265,76714.88965939447,2409.4971296774456,749.9458280168765,473.0021326264832,591.9307883233414,5.840459231110513e-05,-0.1928137931848765,96,69,93.4011104688882
12417,893.9981467927818,159852.7962882839,75493.5945983857,76704.68465200157,2330.4286563419155,715.4426692400739,445.966158780182,601.4541537283803,-2.0366537233241205e-05,-0.1509936152890879,96,69,93.40680121194568
12418,894.0151177799565,159864.8856579238,75530.59050657979,76701.79303816923,2258.6545733042876,685.5381164301798,424.27203621182707,618.8521376244607,-2.5534238988702536e-05,-0.1401059093762997,96,69,93.41252235863227
12419,894.0183833604207,159834.95520757046,75547.36289170862,76724.40407046984,2176.0743201415753,655.854540960223,404.85968912922544,622.9017538417538,6.156671402020753e-05,-0.1496179870298028,96,69,93.41827385177508
12420,894.0357047653702,159841.33307937862,75523.76963616797,76710.81076112088,2106.1818956747884,633.1871612299583,392.55156452191295,636.6932561671128,-7.381369915591451e-05,-0.1383171106321022,96,69,93.42405563304858
12421,894.0380202119323,159824.6017400868,75495.72983250252,76709.32078306175,2028.8727761725313,611.81921408372,382.59581138638896,636.5577259470592,5.754721688704239e-05,-0.1238513809025042,96,69,93.42986764297572
12422,894.0550972071655,159845.32625063983,75501.10465936536,76722.90557007164,1967.763383003592,597.1958388586645,378.3256668106478,647.2432387015142,-1.9053746779729565e-05,-0.1230675472755749,96,69,93.43570982092795
12423,894.0583411495523,159855.45551557373,75486.79653326413,76747.10467630392,1902.2850140194641,582.7737849784316,373.9135135347897,644.3453960981278,-2.679529933538997e-05,-0.1123597977624841,96,69,93.44158210512629
12424,894.0756401352709,159848.26194031147,75518.25363685093,76710.76190247214,1853.3974312263308,572.9164101158531,371.7709184808773,651.948695202911,6.228893787847976e-05,-0.0938800822339132,96,69,93.44748443264142
12425,894.0778807173473,159894.4064804797,75523.5662431592,76695.49211195734,1799.3749036224326,561.4803607515787,366.48098413905245,644.9929082204471,-7.371817241978646e-05,-0.0992889068755904,96,69,93.45341673939552
12426,894.0951077605548,159854.90447333385,75508.566943325,76712.27437470248,1761.9372094423743,553.7657683801954,361.77168966367026,651.0507434495375,5.667093090003749e-05,-0.112689618743472,96,69,93.45937896016196
12427,894.0982530838645,159879.50882515087,75529.5157597335,76708.96730955159,1719.653048579581,544.7549115456786,353.8832115115365,645.0562651815417,-1.7735274048280883e-05,-0.0963344963295295,96,69,93.46537102856732
12428,894.1156683387097,159892.94457032997,75524.15637461605,76704.13819595972,1693.751154165424,539.998628791378,347.7021491599735,653.9955595928768,-2.8046620104504287e-05,-0.0777305512491878,96,69,93.47139287709108
12429,894.1185201296153,159908.2671015451,75530.4945782948,76734.78393835078,1664.6358148641884,535.2325674509048,340.71005138519104,651.9035688864824,6.298976429032087e-05,-0.0611191374591438,96,69,93.4774444370678
12430,894.1350225490376,159925.14024176812,75515.64078958766,76729.31648355379,1654.7493936275714,535.9747397140745,338.12030348120607,665.3506388159003,-7.359785707757382e-05,-0.0474148822166233,96,69,93.48352563868764
12431,894.1382254053461,159888.22739532497,75517.1296426317,76723.70105312574,1646.713098404056,538.3141480161867,337.5118836698821,668.2123090509849,5.577604064595704e-05,-0.0373706459560891,96,69,93.48963641099746
12432,894.1556357769252,159905.1921055795,75532.07189026132,76732.53677072182,1661.7662886307226,546.9238913111767,343.0123635206546,685.8073153377627,-1.641156693527334e-05,-0.0226547187744517,96,69,93.4957766819023
12433,894.1583957267949,159881.42268820587,75523.46978728694,76712.22275993144,1679.2979969126172,556.7995213950926,350.73766030115075,688.7911888551898,-2.9287785071573213e-05,-0.0317561153837663,96,69,93.50194637816644
12434,894.1749549148291,159924.23592040432,75517.30841292367,76712.02829608688,1717.9044529778184,571.3245602327079,363.387257605762,704.1456891191483,6.366896932546972e-05,-0.0391193611006915,96,69,93.5081454254148
12435,894.1781990735851,159871.31832018375,75505.43799811554,76706.49813063486,1754.571035648405,584.603905411408,376.1142304511741,704.5702448233205,-7.345280768368382e-05,-0.0378486254330771,96,69,93.51437374813392
12436,894.195595184629,159921.08898176742,75510.17214838871,76721.3142669619,1803.6260203849524,598.7173086995172,390.51510836422676,717.9153565221641,5.4862858163796776e-05,-0.0551842799113812,96,69,93.52063126967433
12437,894.1982703858582,159912.45484208292,75519.64634445398,76717.91382133472,1838.5183864697465,607.3326422880928,401.21603503546794,715.5454630039458,-1.5083074558091584e-05,-0.1099363719677733,96,69,93.5269179122509
12438,894.2148936360175,159950.4933719095,75527.0679877069,76743.28228065917,1873.5623148627346,613.0686666815745,409.924946708692,727.5268681434682,-3.051838151831746e-05,-0.135449882793265,96,69,93.53323359694542
12439,894.2181752534882,159916.65885976056,75544.46909331965,76739.45833700261,1884.4607912425417,611.194755593111,412.03270082807285,725.9319994888501,6.432633610724008e-05,-0.1368508380857923,96,69,93.53957824370744
12440,894.2355462051779,159940.34414208552,75539.86849897463,76715.46256330555,1887.3578994905693,605.6848203820846,409.9297400790383,739.0241702074127,-7.328308698933302e-05,-0.1545220754731366,96,69,93.5459517713563
12441,894.2381446104042,159933.5443892842,75530.26488286573,76723.82196023384,1860.9420069715707,593.374697691077,400.2549752681516,735.4382223461871,5.39317015213822e-05,-0.1471361130080297,96,69,93.55235409758284
12442,894.2548398012092,159926.82545757265,75523.96191614319,76709.04401883726,1826.9126951721264,579.5274266285123,387.1449256291089,744.6378777827485,-1.3750247214664684e-05,-0.1326249091057267,96,69,93.55878513895124
12443,894.2581517844625,159946.47735049043,75536.35519877849,76726.25730519218,1769.3723855365533,561.7190109210787,369.17332828600775,736.1227045464038,-3.1738000465980526e-05,-0.1341514971058127,96,69,93.56524481090054
12444,894.2754897920711,160005.5394198619,75536.46362301012,76720.71159373004,1712.3618258040515,544.542446856678,351.4969774162455,738.7999206101231,6.496165510904622e-05,-0.1418818675715941,96,69,93.57173302774709
12445,894.2780184762643,159979.23578823043,75534.63251539887,76726.50915262342,1640.748448262515,524.5780522690184,332.98080270166975,721.1550820022821,-7.308876607041595e-05,-0.1518501701281654,96,69,93.57824970268604
12446,894.2947945503068,160050.5845456407,75521.86722482945,76783.68972783387,1579.290437656804,505.51984566330793,318.1253845327883,715.4396742851823,5.2982894875863104e-05,-0.1289190392467911,96,69,93.58479474779338
12447,894.2981263123907,160035.69391106008,75525.9938619538,76750.91844036645,1511.3322479526978,483.50862540019443,304.3499207824643,691.8995795965893,-1.241353691504739e-05,-0.116390656851429,96,69,93.59136807402852
12448,894.3154273049644,160066.3278617225,75565.91658826859,76731.60997212271,1456.9643134187208,461.8872757086501,294.0075556578813,682.021104318439,-3.294623705047343e-05,-0.1197301172307174,96,69,93.59796959123584
12449,894.3178917251064,160112.22412055836,75575.7896885879,76750.54179123654,1395.1319050221937,437.2518388986646,283.0521122229402,654.7174066978914,6.557472470918045e-05,-0.1207524640902622,96,69,93.60459920814712
12450,894.3347593210477,160116.6061218338,75567.48236188195,76769.69700367597,1344.6042522332282,413.9082618975517,273.502282733185,644.0389712899341,-7.286992428843303e-05,-0.1374870223415301,96,69,93.61125683238416
12451,894.3380958327612,160190.60959621504,75558.33496827687,76708.89278249616,1284.0267044785433,389.3267523709801,262.0134335193143,619.2712945428211,5.201676782718506e-05,-0.123268799120912,96,69,93.61794237046036
12452,894.3553612140902,160199.68378094138,75526.94695598824,76748.41061262549,1231.7988215661608,367.86865132111416,251.4730164599314,612.1595466251601,-1.1073396610911333e-05,-0.1211677088878259,96,69,93.6246557277837
12453,894.3577627493365,160225.61966994655,75563.70155119307,76746.81397856171,1167.8098234616918,346.8174287803122,239.5425548159401,589.6783511615649,-3.4142690217278364e-05,-0.1116779086376464,96,69,93.63139680865882
12454,894.374737268037,160239.96619364555,75565.15050707791,76748.56981373836,1113.8294454724528,330.20491897170723,229.6493614553765,585.2362466946361,6.616535071701323e-05,-0.1002378125720984,96,69,93.63816551628976
12455,894.3780545709977,160250.4967376667,75573.05757471084,76742.3797889804,1051.2905733615626,314.65989976936544,219.2541170323966,565.4111137141008,-7.262664934715725e-05,-0.1152100157806077,96,69,93.64496175278248
12456,894.3952987920852,160290.99882790216,75520.86517299699,76734.02064870727,1000.9248498661909,303.16071418163483,210.84666021660087,561.4957293250773,5.103365613424195e-05,-0.0999897180275057,96,69,93.651785419147
12457,894.3984058682654,160314.31739115025,75537.85414232998,76749.69243076195,943.6524490652373,291.7199549705838,201.40064880962018,540.1982365606236,-9.730279743293192e-06,-0.1238706159604348,96,69,93.65863641530112
12458,894.4147392340624,160361.08615962844,75559.73080225619,76774.81186834304,899.3868715260178,282.8941012064606,193.27223601090373,533.4113419683417,-3.532696344552933e-05,-0.1210922794099547,96,69,93.66551464007188
12459,894.4179787519772,160374.7020325575,75561.02197121625,76728.3585359746,849.684924908448,272.92625376080105,184.10384979113587,510.30031706328737,6.673334681613926e-05,-0.1187591885796619,96,69,93.67241999119922
12460,894.4353015923874,160374.5181478284,75553.80337585261,76745.55756753024,814.2949947104207,264.75523424927087,176.86799052645802,503.2627943685802,-7.235903690597468e-05,-0.1362087911525484,96,69,93.67935236533846
12461,894.438267812571,160455.0305787192,75521.59640550156,76743.67215519758,773.2380138482549,255.04158108077536,169.59749011107488,478.85178335476667,5.003390052216567e-05,-0.1216575453275555,96,69,93.68631165806327
12462,894.4546754836298,160431.07364294326,75595.77325313915,76716.67736827914,746.7535555403447,247.46450548031135,165.37776869587833,470.3496544137888,-8.384641071678687e-06,-0.1213140296628171,96,69,93.69329776386876
12463,894.4579385307617,160480.05849717002,75580.10938180528,76753.1786032334,715.5648446933483,239.2317107405106,162.0136638736294,446.0530557752354,-3.649866407479946e-05,-0.1322615557024077,96,69,93.70031057617403
12464,894.4752785671861,160536.36155622196,75589.26354238352,76776.52164722822,698.5372939629015,233.81701536911714,161.59827801416395,438.3335999091796,6.727853411218151e-05,-0.141087240342482,96,69,93.70734998732595
12465,894.4781393652057,160521.22827712377,75580.58652983865,76750.9340935611,673.2567696934566,227.57358051402844,160.7023001438356,412.4386951504566,-7.206719096815335e-05,-0.136354915206672,96,69,93.71441588860168
12466,894.494609032659,160589.4748284883,75600.02662602099,76725.90923500071,657.75184367568,223.34753328116494,160.53439014340984,401.5965600949421,4.901784761530442e-05,-0.133437511812947,96,69,93.72150817021206
12467,894.4979087978578,160599.8826868907,75543.97273540705,76764.12697912032,629.8513533882215,217.05629074617173,157.52187015934032,372.9137433532742,-7.036935377800398e-06,-0.1220681360159252,96,69,93.72862672130496
12468,894.5152423557499,160642.0630102112,75606.33126548975,76743.17496108566,607.5783728476381,211.26232786578475,153.25938159535872,358.8313246417674,-3.7657404287695656e-05,-0.118387849945785,96,69,93.73577142996837
12469,894.5180133237765,160655.6497930644,75565.97852417003,76756.72049997898,569.2413862440153,201.86165342101594,145.30782785112388,324.5506765189348,6.78007415719068e-05,-0.116528703832238,96,69,93.7429421832339
12470,894.5345459438711,160736.3484318229,75585.10416720393,76768.43923492967,536.871572161268,192.24738286454522,136.90461183534353,304.7034441646829,-7.175122346932159e-05,-0.1198034486253891,96,69,93.75013886708015
12471,894.5378843926217,160763.36880346818,75603.77603791605,76736.41498660149,492.84016890317434,179.22758680695551,127.04137676992104,267.11989900135086,4.798584904514409e-05,-0.1002918167770581,96,69,93.75736136643616
12472,894.5551956339106,160801.60623114335,75617.9208224305,76777.3575587405,460.34369690262247,166.68658758427773,119.17975086008664,245.59120741090737,-5.687618251650423e-06,-0.1053875634167457,96,69,93.76460956518484
12473,894.5578885599209,160849.3110077215,75592.16661519423,76768.49983058574,419.835263122397,151.2037363650743,111.36251562274992,205.98720369840157,-3.880280084165516e-05,-0.1310845953534051,96,69,93.77188334616686
12474,894.5744881451528,160876.89062214296,75596.79428175549,76804.60107296544,392.5786710534594,136.3532865007728,105.32524690561695,183.65021045471076,6.829980642103733e-05,-0.1246666263667984,96,69,93.77918259118378
12475,894.5778629607663,160942.88729443646,75606.43135295811,76771.3213411007,354.9043223569752,117.84879528275633,97.16941264100024,145.79763325725798,-7.141125469441207e-05,-0.1212531062051842,96,69,93.78650718100208
12476,894.5951390109477,160966.39948453874,75639.10032011542,76770.53566485923,322.3973650978878,98.40081980465038,87.10888220134075,125.65005883947015,4.693826170907358e-05,-0.1151951048291375,96,69,93.79385699535705
12477,894.5977659311924,161032.94898465593,75607.54032537922,76778.8276935571,267.91372077947017,73.668764144124,71.32850718364352,88.44481342594372,-4.33714581760703e-06,-0.0759092362532479,96,69,93.80123191295613
12478,894.6144354428781,161057.11820263864,75606.42967045968,76827.71042131461,211.22278758935863,48.61042202702083,52.28279523845413,69.61204020952573,-3.993447500751888e-05,-0.0750532915486197,96,69,93.80863181148295
12479,894.6178443805387,161061.78751060972,75615.75004051582,76773.42552034638,134.29967227444286,22.647540737874806,30.045576128963148,36.74706333153881,6.877557300649306e-05,-0.091460282855636,96,69,93.81605656760172
12480,894.6350702548771,161120.1127070658,75609.50384857124,76762.65721426022,68.73637965024682,5.338712049357127,11.368554671527818,24.527751174697187,-7.104741264590915e-05,-0.0818437725666164,96,69,93.82350605696024
12481,894.6376509486226,161152.64327249143,75615.47285089652,76813.2514088861,9.287355360633228,-0.0,-0.0,0.5591418795229401,4.5875447572449e-05,-0.1094876957933181,96,69,93.8309801541948
12482,894.6543792442852,161178.9748493898,75628.78361565484,76792.89673975794,-0.0,18.438380191728356,4.572068214591127,2.662836399336811,-2.98597354698158e-06,-0.1125309269792164,96,69,93.8384787329336
12483,894.6578457626065,161189.23246893738,75609.92954771174,76825.56265676285,39.81721007375745,62.13703764863021,27.832838358706795,-0.0,-4.105205313304763e-05,-0.0928033183956372,96,69,93.84600166580154
12484,894.6749383063585,161159.91854680685,75624.81320731834,76818.93870132111,165.54786019795574,136.81232083892974,74.2197341460269,27.004415793373482,6.922789435957646e-05,-0.0868586861759143,96,69,93.8535488244235
12485,894.6782643629799,161162.13307877368,75621.70054106208,76785.28922900962,360.28912320011295,234.82851998055412,140.21889503273997,50.915360311744735,-7.065983357804305e-05,-0.0846249637087393,96,69,93.86112007942968
12486,894.6944857466835,161090.82482653193,75602.31719175613,76789.12443563412,638.8463623749558,352.16772917592607,223.03029167329078,103.05689140793402,4.4797773628741e-05,-0.0806068225275241,96,69,93.86871530045906
12487,894.6977215852191,161109.74453555455,75606.68738433711,76765.7386201124,961.5771598127321,473.3564585935819,312.7253225464374,149.77314989548177,-1.6345577183309317e-06,-0.1169505435058494,96,69,93.87633435616368
12488,894.7149724885011,161013.38832905478,75633.17043441604,76801.1007670903,1323.907054059382,590.6395566639403,402.1605637105531,220.22505309520056,-4.215516621480434e-05,-0.058249651584096,96,69,93.88397711421368
12489,894.7181171641643,160985.806022893,75613.83391227172,76780.30269048172,1672.1841989313252,689.1162687959295,480.14407164393924,276.6062067843159,6.965663129288808e-05,0.1636910796147981,96,69,93.89164344130154
12490,894.7344244787809,160890.06498880894,75610.26540001364,76808.29522162728,2000.259502665198,766.5014616560948,541.9872007630474,347.8817520037992,-7.024866138702055e-05,0.318111003430167,96,69,93.89933320314604
12491,894.7376676766739,160899.66277891808,75611.13367399423,76814.92062250251,2263.2847176713985,815.8938744369079,582.0237195686495,399.57401268568356,4.370561129727377e-05,-0.0141256816700321,96,69,93.90704626449754
12492,894.7549644872124,160830.58920993726,75600.42047788137,76821.61777174729,2469.748746920959,843.1201594319427,602.407929204579,462.0384057967749,-2.8335367215446057e-07,-0.4156896898825513,96,69,93.91478248914208
12493,894.7579888245151,160791.29922682242,75606.02052622705,76786.56412917736,2591.103993951634,847.3102807652176,603.9565494455455,500.7426304805267,-4.324345056581752e-05,-0.1594753734852459,96,69,93.92254173990624
12494,894.7743526248203,160766.7906290823,75602.7675391604,76783.70684717289,2654.744395816233,838.3704186112445,593.6953186733881,548.6777222948149,7.006165241132144e-05,-0.0538650622756561,96,69,93.93032387866188
12495,894.7776306829717,160755.2492784364,75645.31540296746,76795.85115010277,2648.9182087944937,816.9193218689907,574.8137413194054,575.6190606996824,-6.981404807989448e-05,-0.1383208400991875,96,69,93.93812876633086
12496,894.7949402144916,160736.2230797009,75591.48207747446,76822.72673651866,2611.112838247849,791.9981230145349,553.836477338511,614.6634301428858,4.259933740221095e-05,-0.0835709372680139,96,69,93.94595626288977
12497,894.7978643797717,160712.10980748018,75602.31244365474,76789.81153109155,2532.339938074816,761.7700068510167,531.4466940952698,633.5996852301178,1.0671826512565809e-06,-0.1054824239981229,96,69,93.9538062273749
12498,894.8142812728303,160702.40866111874,75626.70974868839,76805.68145669538,2450.160448550363,733.1831286168454,511.00906404835405,665.5557023152942,-4.431654787751053e-05,-0.0810065690925241,96,69,93.9616785178871
12499,894.8176022778192,160685.5157741289,75631.17984899311,76811.51504250837,2352.584000810166,702.7821509967762,490.46070527334814,679.8176417802752,7.044283465115232e-05,-0.0729675611551807,96,69,93.969572991597
12500,894.834904477353,160673.96092130087,75604.88737287487,76806.52623152778,2270.2615625812323,676.2205670359399,471.25967314842273,707.2032733377127,-6.93561534591784e-05,-0.0801662897681498,96,69,93.97748950474926
12501,894.837740828763,160683.5522523346,75637.70204030439,76791.24424413675,2182.961767234199,648.9992340381868,450.7726181113103,714.3905836174381,4.147933262334184e-05,-0.0765822855533807,96,69,93.98542791266875
12502,894.8542140370371,160686.3162810992,75624.20693684115,76796.42543785322,2116.442637382599,626.5618496697716,431.1748148056795,732.6607013636967,2.416596748912444e-06,-0.0813752766713913,96,69,93.99338806976472
12503,894.8575788739636,160704.72762348337,75619.42854169437,76814.8297620488,2047.2113754274324,604.1530846334063,411.15403129777405,731.1038757423521,-4.537410479882459e-05,-0.0717036626274021,96,69,94.00136982953654
12504,894.8748589222481,160681.289999002,75644.57847211749,76766.895080706,1996.7617144012474,586.3878715437168,393.739777775947,739.8492634040012,7.0800062958801e-05,-0.0568718628708617,96,69,94.00937304457842
12505,894.877617608903,160685.552814077,75586.96918855933,76792.08842472477,1938.1565569573431,567.5648687402572,377.75871903728694,727.3607535090996,-6.887514511401523e-05,-0.0465414635029805,96,69,94.0173975665853
12506,894.8941526199525,160744.17455446123,75629.96364059289,76826.21448570795,1893.6594097285997,552.3706299739424,365.6907605375163,725.9283308793092,4.0345982047023055e-05,-0.0472546635340644,96,69,94.0254432463578
12507,894.8975581460227,160773.26518543204,75649.57473557591,76841.00247386206,1839.1317607416422,535.8200916664937,355.3516714370635,707.3159172986052,3.7644343151713658e-06,-0.0256066325244887,96,69,94.03350993380744
12508,894.9148043589518,160793.45317314987,75626.58637844525,76833.26457334202,1798.7305174281355,523.3955661937216,348.0043947726954,702.7399545444059,-4.6415773626125694e-05,-0.0244198834553892,96,69,94.04159747796228
12509,894.9174949782324,160767.36724613537,75662.61286988213,76810.42792848786,1750.8173494357616,511.01530630653724,340.95182034978643,683.2889578516188,7.113323040415399e-05,-0.0237007487948184,96,69,94.04970572697252
12510,894.9340979374323,160837.85361223904,75630.57222505123,76797.94280718295,1723.9318505960982,505.29745847394224,336.0234022294462,681.3736269928049,-6.837119784238615e-05,-0.0144149811351195,96,69,94.0578345281157
12511,894.9375382294778,160817.4856609179,75626.10607857557,76809.4035967969,1698.9755637253402,502.5291020142904,331.85251224116655,669.5992208018433,3.919967549909672e-05,-0.0255557624333773,96,69,94.06598372780223
12512,894.9547413841342,160845.240571129,75619.07334932365,76824.58502243385,1702.0219917339273,508.32989808412094,331.38983478187583,677.3070390213397,5.110241691522221e-06,-0.0203381670149082,96,69,94.0741531715816
12513,894.957373515991,160870.65983774597,75644.14194502366,76832.64438913821,1709.6259591862909,517.3555875951133,333.7719681538292,675.0804786209483,-4.744121203312876e-05,0.0063094022724142,96,69,94.08234270414704
12514,894.9740504854439,160861.05043236812,75628.0929337274,76821.95748240354,1744.378241130209,533.7621102539997,341.424677881907,691.9852093446534,7.144223799260429e-05,0.0014126861300778,96,69,94.0905521693422
12515,894.9775174522077,160848.70802071568,75639.61188602413,76826.99811544461,1778.8412686940283,550.7134449800942,351.95753163058544,698.7282285799156,-6.78444949817592e-05,-0.0127185580868212,96,69,94.09878141016648
12516,894.9946706223986,160845.3776232142,75605.97208114878,76812.38255293234,1830.066689717758,570.7764827198553,365.60951558128,720.7267006857146,3.804080709669466e-05,-0.0090922864256142,96,69,94.10703026878043
12517,894.9972538961287,160813.83854600287,75649.72278148799,76798.35059793621,1867.9388326166663,586.4402235461457,378.3389806149935,727.7547798293817,6.453566371547295e-06,-0.0391885175822496,96,69,94.11529858651242
12518,895.0140105121485,160835.54108649844,75619.37888583662,76837.69513997123,1911.214542047761,600.897868930595,389.8555906434194,746.8137067666394,-4.845008344923656e-05,-0.0545154880999337,96,69,94.12358620386372
12519,895.0174942105605,160878.191272446,75659.82665702495,76813.55912675694,1932.9206466031028,607.879862374175,396.7869918275974,750.1491519215924,7.172699556616085e-05,-0.0703601539753034,96,69,94.1318929605149
12520,895.0345928594943,160811.90446603333,75620.93457928523,76833.127377193,1953.5463149474235,611.7255897619762,400.16879312574747,763.6230716097343,-6.729522685227366e-05,-0.1247735999589363,96,69,94.14021869533208
12521,895.0371367333049,160837.24072162365,75646.64978702653,76839.10271009737,1949.287093330524,607.6786313005578,398.4317883209733,760.792468687956,3.686977398130758e-05,-0.1452576907580857,96,69,94.1485632463723
12522,895.0539781474238,160876.9208023289,75659.40040180853,76815.38673019833,1944.7513778269058,601.6628123806004,394.16218080435647,769.594229256938,7.793956798099444e-06,-0.1506073074237525,96,69,94.15692645088966
12523,895.0574668691478,160870.6218275031,75628.90774174103,76833.58945705132,1918.14764459664,589.7701955382508,386.55238587548956,764.9662284520746,-4.944205732321224e-05,-0.1319717387700257,96,69,94.16530814534198
12524,895.0745091675257,160865.22897893257,75651.6747262097,76786.12541329626,1892.3556127793854,577.579774021593,377.85336190086673,771.8550757143821,7.198742081670288e-05,-0.1502538532383511,96,69,94.17370816539652
12525,895.0770224139394,160856.04755889627,75645.38543466151,76851.40856838983,1844.8868730908725,560.7242164325289,366.5534714299429,764.816929977329,-6.672359108201538e-05,-0.1709718142512671,96,69,94.18212634593648
12526,895.0939535732493,160906.7954205654,75628.04841670586,76816.55034422292,1799.425379808701,544.3670533581317,354.2159174766275,769.0976357628533,3.5686978335625176e-05,-0.1472610106210562,96,69,94.19056252106658
12527,895.0974335985479,160923.64647914507,75632.30545736114,76810.97331464793,1734.0566265319358,523.6016733807628,339.06750877932063,759.6074674520642,9.130962974524154e-06,-0.1314963944250905,96,69,94.19901652412052
12528,895.1144211160582,160909.35757558077,75653.3535417097,76845.04287561726,1671.6826834647218,502.850929783468,322.83364205696853,758.8707929964585,-5.04168086935799e-05,-0.1292833524467229,96,69,94.20748818766582
12529,895.116910802936,160911.92184751213,75627.21285144817,76837.03760997478,1592.3965951823047,477.4443593685428,304.59759566627326,742.917703301151,7.222343955273769e-05,-0.1385823126293351,96,69,94.21597734351192
12530,895.1339373708568,160971.34720785276,75649.20778139702,76828.69914092643,1522.154904527706,452.70993975145393,287.0356199716625,736.0173144704604,-6.612979339939257e-05,-0.1116206475891938,96,69,94.22448382271486
12531,895.1373919741503,160989.06158108672,75639.02510728702,76788.14308510194,1442.2287045858102,424.95846506436646,269.8041279526951,715.8630053816305,3.449282529503185e-05,-0.0919053025068974,96,69,94.2330074555851
12532,895.1543313056637,161003.4115492182,75649.18517499533,76800.53441478239,1376.3594067372615,399.91013443384145,255.35862486969563,704.9922810258868,1.0464135791888605e-05,-0.1078423154520777,96,69,94.24154807169334
12533,895.1568004996857,161015.89697891433,75653.90449765301,76809.51852198363,1304.8303072840208,374.3648396501958,242.79722406191286,682.510553098633,-5.1374018667825023e-05,-0.1021478862535898,96,69,94.25010549987704
12534,895.1739315099019,161075.14497330424,75615.10237766235,76837.75826725161,1250.464693656133,353.9443043511419,233.66543207431096,671.4582455643686,7.243498596900123e-05,-0.0730128003547348,96,69,94.25867956824732
12535,895.1773376531117,161074.99387909187,75633.3068986312,76839.97706142924,1191.5768420075765,334.56960460449045,226.0761994541972,650.6733804815449,-6.551404635357869e-05,-0.0812687554460665,96,69,94.26727010419584
12536,895.1942452571342,161105.6667489559,75648.1100555408,76824.9745869655,1147.721559860569,320.2757494312973,220.61757185633178,639.7084531781438,3.32877239270314e-05,-0.0706159591873415,96,69,94.27587693440032
12537,895.1966860229963,161122.61242515637,75645.5028505729,76801.35593505218,1097.275613707665,306.189702062562,215.07489429446287,617.7389319980866,1.1793028125291423e-05,-0.0899121734411619,96,69,94.28449988483251
12538,895.2139436360485,161157.0612588271,75651.34992357365,76851.03871549493,1060.7334210998379,296.0247387246054,210.13508653794997,604.2938130891707,-5.23133745770531e-05,-0.1151807886802216,96,69,94.29313878076444
12539,895.2172575277879,161167.33266203213,75624.13590391203,76791.12213845165,1016.5008621313027,284.974250215746,204.04690175456926,579.02351463784,7.262200276741676e-05,-0.0682035910182036,96,69,94.30179344677494
12540,895.2341832368326,161183.1316528805,75608.65763665175,76785.94855130237,983.507200451626,276.8056168857438,197.95569644475472,559.9659033531789,-6.487656973140654e-05,-0.0842184128571379,96,69,94.31046370675712
12541,895.236535089923,161252.51702908223,75654.09202044872,76790.14609128062,941.0289624640136,267.4420019562822,190.66487011691788,529.3322061425133,3.2072086619863755e-05,-0.0789047408309983,96,69,94.31914938392424
12542,895.2540393504914,161303.68141040852,75652.2104205292,76809.82105964307,908.8146928666974,260.98173608092475,183.48880509939045,506.5185880108911,1.3117194453719587e-05,-0.0767914754392021,96,69,94.327850300818
12543,895.2569386264179,161307.13267481592,75649.12909527279,76816.78286656238,865.5180985606275,252.97265921851795,175.06135500993696,474.31461575927096,-5.323456942828504e-05,-0.0795675601462096,96,69,94.33656627931435
12544,895.2733898125209,161331.66874248654,75648.44970177374,76819.9690469848,829.6588904326782,246.5129218254442,166.32680818697554,450.07971960969735,7.278444046937571e-05,-0.0493517125270181,96,69,94.34529714063056
12545,895.2766034650211,161363.24295557,75662.82131388581,76820.84772489239,783.2979026562534,237.18407474654668,156.06984114376246,419.10865528247086,-6.421759120695724e-05,-0.0574381352113051,96,69,94.354042705333
12546,895.2939614106908,161434.3152779877,75673.88208424809,76825.41555105039,745.1589773669839,227.82450030693144,145.4783042286872,396.6295049157925,3.0846329277989656e-05,-0.0502646138738693,96,69,94.3628027933434
12547,895.2968492223874,161416.01285869852,75654.52058082003,76835.22576489637,697.9994875468547,214.74788483275915,133.97956044660532,367.6104991793982,1.4436190926694068e-05,-0.0652483176967004,96,69,94.37157722394656
12548,895.3132928146314,161480.21003850145,75691.6659314011,76826.41250886282,661.2195174403023,202.1163489624014,123.40242392171058,346.3584310078586,-5.413730342732007e-05,-0.0591922432151052,96,69,94.38036581579662
12549,895.3165951380579,161473.44730979612,75648.15526902539,76817.83163236713,619.3047830550931,188.17255863880564,113.70129284332506,319.93867025195505,7.292225860117075e-05,-0.042793021549651,96,69,94.38916838692556
12550,895.3339092313881,161527.85943575794,75649.0679337267,76815.17108814347,589.5743746575899,177.74579453110346,106.48107400033041,300.9809433988703,-6.353734469268978e-05,-0.031035424385565,96,69,94.39798475474905
12551,895.3367395799778,161558.37967997522,75633.96564255052,76813.22334576688,554.6239210102358,168.9507335308008,101.02357444271911,276.64903427439276,2.9610870892140754e-05,-0.0082068782189732,96,69,94.40681473607437
12552,895.3532135104737,161580.8424207551,75647.19341085368,76833.04758887636,530.2536582284374,165.18843082799867,97.81317892519291,258.37914193895995,1.5749575638079336e-05,0.0236969304134372,96,69,94.41565814710788
12553,895.3565824278286,161607.5780156351,75667.29676947814,76822.48389764935,499.3845611921279,162.6668991343031,95.07225636098883,234.60413930253708,-5.502128241395791e-05,0.0354204498487375,96,69,94.42451480346172
12554,895.3738540376457,161617.93298331826,75664.23212733511,76835.7740039607,475.3032172775129,161.89204007915396,92.23702652764041,214.48602851555916,7.303542436001717e-05,0.0352985781774752,96,69,94.4333845201616
12555,895.3766251711976,161657.93212709477,75667.54414560962,76799.06290677725,439.4726297869347,157.09717778633058,87.11484253132949,187.03186919903965,-6.283607178467551e-05,0.0279359467055864,96,69,94.44226711165406
12556,895.3931439338681,161658.703057764,75663.66514541145,76805.4754354285,404.0530391763896,147.93943481947645,79.28298545459984,161.34421220520744,2.8366133459853783e-05,-0.0022543134607015,96,69,94.45116239181394
12557,895.3965693490571,161709.20874271382,75646.14677374561,76795.46670238963,351.56733576679835,129.92903129177284,67.46453734891838,129.5457626475545,1.7056909426487608e-05,-0.0033191528262677,96,69,94.46007017395148
12558,895.4137922286238,161761.019061797,75652.82491646866,76833.72750694369,294.0279249519808,105.02871038610465,52.497804577607894,100.60335422353819,-5.588621915738276e-05,0.0156562246710646,96,69,94.4689902708204
12559,895.4165094640911,161815.33419989358,75663.47624065308,76823.18863665,218.0224247718579,72.96939537920116,35.01313046019641,68.980544392718,7.312391357774304e-05,0.0139254560388796,96,69,94.47792249462503
12560,895.4330825775368,161810.230997332,75677.9980331893,76814.89986906918,142.80716883728746,40.57497788815817,18.049832108838018,43.624976203078404,-6.211402054565777e-05,0.0195019051763081,96,69,94.48686665702785
12561,895.4365559239635,161831.14261810613,75655.10511856663,76830.64540305168,66.13702949485742,12.848603964492213,4.724617564294022,20.775932990538422,2.711254164981324e-05,0.0179321482257424,96,69,94.49582256915686
12562,895.4537228908507,161839.56753246087,75633.5730542491,76821.30087497852,16.330457746516913,-0.0,-0.0,7.27836566750193,1.83577545163663e-05,0.0202225007192785,96,69,94.50479004161376
12563,895.4563942778731,161867.00817604375,75668.06343874324,76837.28961943962,-0.0,8.486694052393432,7.998969880864024,-0.0,-5.6731832671285725e-05,0.0218138394395121,96,69,94.5137688844816
12564,895.4730288943235,161862.1884096375,75649.63855873654,76820.04447119341,48.85136875358876,46.17010825655598,32.74070367281092,4.20356253470527,7.31877105500854e-05,0.0270645111045616,96,69,94.5227589073314
12565,895.4765413788799,161837.28183474156,75654.6104083927,76810.6087951228,166.35108533967286,113.86115854432865,75.34880524259643,17.69347630694392,-6.137144649229305e-05,0.0160086328435289,96,69,94.53175991923108
12566,895.4936458566432,161827.6884046203,75634.60896501047,76825.1340371663,369.602860788058,210.25721667784092,134.80977824539877,43.362298599327914,2.5850523207142628e-05,0.0005837152576471,96,69,94.54077172875256
12567,895.496281002009,161768.50170863874,75675.4918335904,76808.24802080492,642.3732466572546,326.68082114026765,206.6754991101625,79.23372860561358,1.9651676277061056e-05,0.0257757988919544,96,69,94.5497941439796
12568,895.5129824705721,161764.76900564783,75666.23669930846,76807.04914568516,978.5610896543949,453.57018315444293,285.0404860418057,125.51091113028815,-5.755784885588684e-05,0.0274832420723553,96,69,94.55882697251572
12569,895.5165247369479,161703.26621558217,75637.01846586625,76796.67208616734,1342.1445968109183,578.0849596288608,362.7874181389634,179.60578880889807,7.322680747677612e-05,0.035508731438257,96,69,94.56787002149204
12570,895.5335613039592,161632.28030239567,75665.70854401216,76827.8927336056,1712.0745809859363,690.5286410081462,433.80070908760536,238.46363963594195,-6.060861149569999e-05,0.1164882636143035,96,69,94.5769230975746
12571,895.5361708544358,161530.32936196885,75671.99268142311,76822.73906098057,2049.580814791727,782.5029825272359,493.2027601794398,299.38144395302515,2.458050871267095e-05,0.3363928771229851,96,69,94.5859860069732
12572,895.5529428238375,161510.22371720523,75668.25678827766,76843.35795322171,2340.6555550867924,850.7825577576004,538.3807451384491,357.56413708720356,2.0938242317215184e-05,0.4625278728075488,96,69,94.59505855544842
12573,895.5565049974753,161449.07434600912,75652.31606231674,76856.2478198752,2562.312491604709,894.2494097717718,568.448095055559,411.9209954974067,-5.836400057357516e-05,0.0224344342820009,96,69,94.60414054831983
12574,895.573469633848,161422.56555948136,75649.89353464637,76839.95471919524,2717.874676256033,915.318068760811,584.2033821949735,457.9624546937994,7.324120544671658e-05,-0.2964093540919308,96,69,94.6132317904744
12575,895.5760649445267,161370.73413280875,75643.72006133856,76835.86530699038,2802.8444389660726,917.0310236623336,587.4091104116233,497.71681709901895,-5.982578406086344e-05,-0.0154150588296146,96,69,94.62233208637365
12576,895.592909343588,161330.7636802041,75629.82015320138,76832.40668798039,2834.292907256924,903.6168199502572,580.3735508529644,527.4290025603841,2.330293023254909e-05,0.0160762644633915,96,69,94.6314412400622
12577,895.5964812138453,161315.3269380114,75655.5826055149,76819.2577846019,2816.5925239505596,878.8359157650411,565.6140730450861,551.994074140006,2.2217023181698427e-05,-0.0201019224498105,96,69,94.64055905517596
12578,895.6133714173403,161285.1513349952,75664.68723401356,76840.52278563568,2768.46852749557,846.4133024961047,545.4954638547788,568.4898703692888,-5.9150026768532406e-05,0.01351704833845,96,69,94.64968533494962
12579,895.6159642835199,161267.5553972551,75651.27995530344,76834.06844944102,2693.856257868407,809.7022458200809,522.4151779128588,584.2079772780999,7.323091352614785e-05,-0.0016384153238917,96,69,94.6588198822252
12580,895.6328812757534,161248.9508794202,75651.22639120712,76818.59668427426,2608.447840439272,771.5618624679482,498.40105832679546,595.6990070953616,-5.90232395396755e-05,0.0229062271799248,96,69,94.66796249945982
12581,895.6364525396224,161236.5697288553,75650.37473744704,76835.10895665779,2513.584890440863,734.7561422631115,475.552464661916,611.2569535066723,2.201822333845484e-05,0.0175635122497352,96,69,94.67711298873436
12582,895.6532673614055,161213.3677488832,75642.24239626112,76832.3867216902,2421.3521150160814,701.0130659402639,455.3150518561597,626.0473755959538,2.348759207446664e-05,0.0083835661648308,96,69,94.68627115176086
12583,895.6558697800848,161245.44706276234,75639.83541526108,76821.32032580882,2331.4681869540364,672.0110329129093,438.949111025664,647.4867093308421,-5.991567440346599e-05,0.019652145077882,96,69,94.69543678989145
12584,895.6728577231711,161200.47401857816,75649.21068757937,76827.96999233523,2253.368413330929,647.799357427386,426.5627095173113,666.9440012439445,7.319594904511854e-05,0.0110662936980914,96,69,94.70460970412604
12585,895.676418263159,161136.34262733097,75620.69805360335,76813.15241852315,2184.0370605811477,628.7464252766513,417.952920221549,690.3572368417517,-5.820125961162216e-05,0.02448803186523,96,69,94.71378969512064
12586,895.693158278242,161098.770901566,75636.15552060047,76800.77772385755,2128.380439648987,613.625983796519,411.7970838297915,707.3350970147294,2.072682475754433e-05,0.0325960239572262,96,69,94.7229765631958
12587,895.695782234029,161115.66191057747,75640.74377285066,76777.76264909975,2080.501730585296,602.3235593890422,407.04716628114693,724.6173838626419,2.474952531683297e-05,0.0133134905977862,96,69,94.73217010834502
12588,895.7128376515507,161094.72765535748,75631.16705441034,76789.22239621433,2042.7197852358804,593.3599571997765,402.2674485286989,732.1509576085955,-6.06606967530751e-05,-0.0096065796528418,96,69,94.74137013024205
12589,895.7163778385803,161089.34567485595,75620.93502106142,76785.20220476798,2008.8217078809976,587.188813625995,397.2457387249451,740.2838623232383,7.313633789433858e-05,0.001565939821269,96,69,94.75057642825068
12590,895.7330450512524,161086.76870534272,75599.21529275204,76775.72772223967,1981.629828991834,582.9416166244482,391.8415595073893,741.5619427067868,-5.736013244452036e-05,0.0072969941511408,96,69,94.75978880143202
12591,895.7357023348426,161082.35725741347,75615.65581708575,76764.93245066253,1958.1240337545169,581.9217421674839,387.1825971165963,748.5239056387509,1.942917395932014e-05,0.0138153926096647,96,69,94.76900704855323
12592,895.752819894772,161102.2605834116,75622.36003837716,76787.47465039548,1944.034954275703,583.6175832688605,383.9408120769076,752.56999695368,2.6002402419775823e-05,0.0279037362657826,96,69,94.7782309680955
12593,895.7563309182293,161027.92478471555,75588.91772090422,76774.77121816725,1939.0781981330365,589.6536928410205,383.4849191054236,765.8179771964788,-6.138485404672759e-05,0.0274187671393619,96,69,94.78746035826325
12594,895.7729285926271,161036.00894292432,75617.25471100627,76772.0171935283,1949.1631048276322,599.139438238286,386.0215946644312,777.3939001320396,7.305211411380387e-05,0.0464245873990691,96,69,94.79669501699178
12595,895.7756306712496,160995.13153747263,75587.21114433039,76792.570634245,1972.9800625211792,612.9457039674307,391.9878368928912,797.1456914654409,-5.6500152553872005e-05,0.054304968300213,96,69,94.80593474195592
12596,895.7928031527227,160993.49544906995,75623.78530066485,76780.34785648772,2012.522338380164,628.8236631160544,400.37686286261305,811.0651434843603,1.812571163054816e-05,0.0391780915909665,96,69,94.81517933057854
12597,895.7962773933494,160965.99615096248,75595.33097490165,76777.00388007268,2061.703538533009,646.5619424678443,410.5761418019247,829.03595163094,2.724580601275548e-05,0.0432573824029657,96,69,94.82442858003904
12598,895.8128097847866,160966.5891494417,75596.19562978245,76793.72133937165,2117.0849084912334,662.9263588211761,420.8170699334005,837.2600713082356,-6.208791428880771e-05,0.0114166833476694,96,69,94.8336822872818
12599,895.8155677618287,160951.1905323562,75653.78858368358,76795.01371090648,2169.438494449365,677.3240741936461,430.20702147792326,846.3795220178145,7.294332004365534e-05,-0.0020969174862572,96,69,94.84294024902462
12600,895.8327859693467,160950.87925347232,75641.74453430653,76783.47206531417,2213.8760254634544,686.61013789766,437.16200525703607,842.7913954209362,-5.5621620372708494e-05,-0.0264806676613774,96,69,94.85220226176708
12601,895.8362174571505,160942.6769746031,75629.21820253637,76819.0226574785,2242.736297824653,691.2219878270844,441.4393878635892,839.6676456012356,1.6816880810711277e-05,-0.0764997348135644,96,69,94.86146812179956
12602,895.8526893884773,160925.26899929624,75635.88220085023,76793.66323702388,2254.354127841769,689.289049824918,442.239482905512,825.1677420485066,2.847932230014005e-05,-0.0954329429295701,96,69,94.87073762521116
12603,895.855514129135,160959.7869314071,75649.4435249026,76822.41145156053,2246.2671525619226,682.6141706341732,440.03481084821397,813.4795223372348,-6.276965240549345e-05,-0.1143978391852917,96,69,94.8800105678988
12604,895.8727666622427,160997.18240586104,75640.6317215952,76840.48332638046,2221.5463427008362,670.3311160948506,434.5440264772624,792.726834999019,7.281000636016645e-05,-0.1264934329535427,96,69,94.88928674557546
12605,895.8761517261178,160969.3352314926,75650.65587493747,76820.52673308985,2181.8019396260497,655.0970293497812,426.6168922838697,778.3519276657316,-5.472484278323388e-05,-0.1296538337445351,96,69,94.89856595377874
12606,895.8925678714203,161011.66392510643,75676.09901896399,76826.72635352252,2132.004024929891,636.2315527442261,416.14652656245744,758.1901481340756,1.5503125732682526e-05,-0.1215447065019658,96,69,94.9078479878799
12607,895.895470478646,161020.49322351365,75686.42304436257,76843.28524483292,2074.2564890273497,616.1141900524235,404.0202473622048,745.9464428036008,2.9702541209789767e-05,-0.1274945351494851,96,69,94.91713264309163
12608,895.9127431219006,161025.20895145927,75680.41802966109,76794.59946928416,2012.055491105304,593.5547610080685,390.1678465536097,727.3194754824217,-6.3429850479081e-05,-0.1441713234068445,96,69,94.92641971447772
12609,895.9160815290033,161012.02788637558,75692.31500849375,76841.81133527971,1945.642029079434,570.8046358211868,375.62243624869734,715.8706209048978,7.265223182538985e-05,-0.1337018106929477,96,69,94.93570899696095
12610,895.9324450080277,161025.9676556044,75675.59175669742,76837.34238356516,1876.6260161342216,546.6807496590627,360.4616351693112,697.0113024955499,-5.381013234296799e-05,-0.1350236691093611,96,69,94.94500028533172
12611,895.935438191965,161060.62634254247,75686.70550552267,76841.51222495489,1804.704845665081,523.5739554335742,345.71580708696274,683.7268963301904,1.4184892024925047e-05,-0.1412592614886167,96,69,94.95429337425736
12612,895.9527121817821,161077.8599629147,75642.95075568095,76829.14830426835,1731.7763638592442,500.45078752498375,331.2583110606647,661.7409583452973,3.091505611185733e-05,-0.1387709765991445,96,69,94.96358805829016
12613,895.9560097984076,161066.49299888953,75690.74405409851,76835.91253121964,1658.8519651527167,479.8476159384445,317.7092134869017,646.036113754817,-6.406829823492953e-05,-0.1372028818390452,96,69,94.97288413187624
12614,895.9723185988054,161103.82516132898,75670.81622569739,76826.87640536754,1589.0911167702288,460.4267206052027,304.4389131446369,623.3989639012725,7.24700636477103e-05,-0.1401020082122127,96,69,94.98218138936431
12615,895.9754211449109,161109.4244836388,75687.76165376836,76811.00410274783,1524.4058977667592,444.08520982395567,291.696128430136,608.2339348786918,-5.287780764121412e-05,-0.1327758265335845,96,69,94.99147962501436
12616,895.9926669262719,161137.90803744303,75696.92471193633,76817.95270400074,1467.5596715435386,428.9442377607338,278.92636472621234,587.0738446586765,1.2862626609477088e-05,-0.1452226368884372,96,69,95.0007786330062
12617,895.9959453432954,161125.17528324347,75664.98978581149,76805.96903704887,1418.9777147982968,416.7283091185818,266.85171653161524,574.9058779623592,3.211646415310605e-05,-0.1694176526891698,96,69,95.01007820744871
12618,896.0121772373215,161114.31720969424,75687.01896348262,76855.72740784223,1378.9267085650354,405.47744287947717,255.53980000660522,558.0979176683759,-6.468479298739564e-05,-0.173182959051907,96,69,95.01937814238764
12619,896.0154391091808,161154.00774844087,75654.49628908938,76820.00784820566,1345.0571252468508,396.74832207293366,246.10317926638527,550.1630471030076,7.226357685666788e-05,-0.1921654770121537,96,69,95.02867823181522
12620,896.0325672999646,161149.95444976864,75652.75318183331,76800.50384261168,1315.055238990055,388.49920868343906,238.66046329634264,537.3416550424008,-5.192819292587125e-05,-0.2077373573781687,96,69,95.03797826967838
12621,896.0359987533537,161174.9192712542,75645.49340471902,76824.87279612356,1284.9378037027782,382.16563412216783,233.84876664285548,533.5062323817983,1.1536777682556055e-05,-0.2091102407996959,96,69,95.04727804988777
12622,896.0528107826169,161134.66856749557,75645.36936859331,76820.76628206803,1252.2273268545396,375.3993171944021,230.89834798171069,524.3845481220051,3.3306366762384415e-05,-0.2226255045674763,96,69,95.05657736632648
12623,896.055334969473,161157.65182485778,75651.38059973532,76814.6155352602,1214.34094826394,369.35574326696224,229.39917300074012,522.9617803827568,-6.527913907333841e-05,-0.2252332581177709,96,69,95.06587601285844
12624,896.072551457813,161176.69772076816,75631.17410230273,76825.35256772957,1171.572729108797,361.4676599185914,227.81264788718545,513.4422078782809,7.203285517548474e-05,-0.2175252709153943,96,69,95.07517378333787
12625,896.0759566136836,161163.16465452753,75625.8590614867,76808.62311080525,1124.4906569445739,353.01761966639606,225.51538201782387,508.3930861701083,-5.096161833226271e-05,-0.2235832001058387,96,69,95.08447047161732
12626,896.092690856378,161121.0837081667,75642.69268669956,76806.2457332261,1076.1494702546624,341.9121576441976,221.43064886666252,493.03868175589014,1.0207794283393166e-05,-0.2499627535620541,96,69,95.09376587155684
12627,896.0952656309274,161205.5251809887,75655.01588908765,76791.89472230632,1028.4200915617985,329.8415786599071,215.67276462132577,479.7047299518017,3.448436931693361e-05,-0.2456338162493477,96,69,95.10305977703288
12628,896.112529211148,161196.6708753241,75643.88147405612,76806.58367002157,984.1177073384752,315.28262035147054,207.97623004415073,454.2654848054226,-6.585114892946618e-05,-0.2324521685339852,96,69,95.11235198194674
12629,896.1159105680463,161226.3568093597,75641.74476414287,76784.5986114963,943.0677760528633,300.6078894674283,198.99105918241548,430.6639609518461,7.177798987961918e-05,-0.2400794116057217,96,69,95.12164228023344
12630,896.1325675959978,161237.08908658795,75658.08584074001,76789.0642161125,905.4402335092891,284.9899251841998,188.76693193023675,397.3216185423371,-4.997841922972257e-05,-0.2348456094260498,96,69,95.1309304658708
12631,896.135204702658,161267.16681565467,75653.59252176507,76809.57110649078,868.4491108530201,270.92215181762003,178.01448833246832,368.2745286303398,8.876126008416522e-06,-0.2328645141182943,96,69,95.14021633288752
12632,896.1525076012117,161305.58061128246,75656.14218744873,76783.179657112,831.1864616866224,257.384421611423,166.95566448557656,332.2057475425245,3.56500814878325e-05,-0.2337249125352268,96,69,95.14949967537336
12633,896.1558572659052,161340.76772715323,75640.52745431707,76823.07858965504,791.0500231172191,246.25329127095756,156.48580624020542,303.0888045452011,-6.640064220200929e-05,-0.2237063813190124,96,69,95.15878028748584
12634,896.1724433076186,161328.4625865885,75649.44578771037,76817.93603344969,748.9633222458069,235.64362895302474,146.9514516373165,269.84188705901033,7.149908086224935e-05,-0.2300574480417643,96,69,95.16805796346117
12635,896.1751520910719,161399.7154268882,75647.8980591502,76826.66843403564,704.1528901676647,226.0497202994884,138.8064995816385,243.96751252381364,-4.8978936500781374e-05,-0.2386641794946845,96,69,95.17733249762163
12636,896.1924851861834,161434.6006393512,75652.4668316422,76829.32891650665,658.8006969805574,214.42236949378275,131.41916389326798,212.9677326422534,7.542223520708434e-06,-0.2299886438693719,96,69,95.18660368438488
12637,896.1957972574208,161406.01796079482,75679.74130628549,76801.91952805774,610.9110729673994,200.37895624178054,123.70580427968525,187.30996170223807,3.6803117025249625e-05,-0.2201560514353094,96,69,95.1958713182728
12638,896.2123183413914,161455.20187555993,75675.21837339178,76804.67221810714,559.9375740131363,180.6936757089279,113.62264133864664,155.23025503379176,-6.692744655276789e-05,-0.242846588367089,96,69,95.20513519392016
12639,896.2151087545474,161463.62930332328,75673.20018686294,76786.29989400732,499.9677819136414,155.30019097025797,99.36365263990592,126.6397534776479,7.119623547895957e-05,-0.2430712234459756,96,69,95.21439510608332
12640,896.232459604075,161529.19052438988,75663.3957893006,76829.47262459398,428.3746276326128,122.67988087632693,79.81643208541209,91.729911587463,-4.79635164339104e-05,-0.2131832053439255,96,69,95.2236508496494
12641,896.2357321065351,161535.48813670938,75682.94556970772,76819.65321643413,340.28711912070867,85.83367883534811,55.87299813638674,62.57002385953092,6.206537606402255e-06,-0.2175198295808361,96,69,95.23290221964436
12642,896.252192132082,161559.02084555884,75663.11157174264,76817.63078204876,240.38069918449037,47.85948275211558,30.716985056031263,32.48181570178713,3.794309466806381e-05,-0.2216980073410092,96,69,95.24214901124274
12643,896.2550765680529,161591.8443526585,75665.17739974262,76820.65851553551,136.31601224374026,16.713079279026715,9.828227507154224,13.581479675194714,-6.74313971486717e-05,-0.2200107437772364,96,69,95.25139101977548
12644,896.2724270916793,161594.7397470999,75644.82842178432,76819.79177933211,49.020112317986786,-0.0,-0.0,-0.0,7.086956971721347e-05,-0.2488743319434652,96,69,95.26062804073942
12645,896.2756655357618,161609.33579583123,75653.04532489339,76782.9430902794,-0.0,7.49985070990806,7.642179680115078,2.732452704862226,-4.6932510384516704e-05,-0.2377677981754576,96,69,95.26985986980569
12646,896.2920611389496,161559.79232360987,75673.18830657945,76811.68190897706,17.832026104151737,44.78988599633158,37.184205612225924,15.091556398983812,4.869519856572261e-06,-0.2220087411676725,96,69,95.2790863028287
12647,896.2950619361436,161531.19258654187,75644.9426311623,76812.34787032781,120.03278263786342,114.79966371229966,89.27399621543009,44.507470637734514,3.90696374449452e-05,-0.2324143042948461,96,69,95.28830713585464
12648,896.3123753409792,161509.35241406556,75644.8458328045,76807.94644920988,319.35666102549294,213.2025919482403,160.64182059216546,82.91905510108336,-6.791233724841233e-05,-0.2282804367036215,96,69,95.29752216513042
12649,896.3156229578508,161427.7609039031,75663.99341785931,76817.70711307845,606.7573532169336,331.93384019759833,244.04663543624338,135.76284481803305,7.05192070372315e-05,-0.2227041606419187,96,69,95.30673118711246
12650,896.3327076481173,161387.01197510783,75647.34383762997,76793.11005581704,965.5071286469465,457.97807904769434,330.56773625392816,194.5482434629812,-4.588627490513941e-05,-0.2237616725303242,96,69,95.3159339984755
12651,896.3350389667007,161324.04720298763,75611.54980890123,76801.77271924814,1359.8816502348636,578.9471562394901,410.8596103556047,263.15938339955756,3.53162149398426e-06,-0.112823096274443,96,69,95.32513039612084
12652,896.3523130655987,161244.58682812745,75649.4351499741,76786.9214982292,1757.4039422849892,683.3094091438397,478.05920750592486,332.9397282578575,4.0182373023672e-05,0.1278074344926869,96,69,95.33432017718592
12653,896.3556158811167,161186.47654158183,75645.72146751835,76804.34208375575,2119.066325939377,764.7605597686488,527.8394165166246,406.630945501558,-6.837011761351849e-05,0.1884446589760297,96,69,95.34350313905225
12654,896.3725739157396,161077.6902706835,75650.41651848545,76780.55930126537,2422.3962823811453,820.6600131345476,559.728616262204,476.3407780091511,7.014527924792836e-05,-0.3070470289764768,96,69,95.35267907935436
12655,896.374973071668,161027.1898567845,75639.55635914102,76811.23183983155,2647.237192088738,853.1668866718246,575.1052847765095,544.0030098398565,-4.482517109684255e-05,-0.5115718003358712,96,69,95.36184779598894
12656,896.3922776339257,160951.97475919873,75658.63684243159,76827.47882055973,2794.3085712113534,865.9994400750438,577.4439823976718,602.7790837151697,2.193294368803248e-06,-0.2041115096232029,96,69,95.37100908712291
12657,896.3955873536879,160940.95363708545,75664.78704197616,76753.96424274196,2863.9947600622545,864.2233489026403,569.7564333852206,655.252497199137,4.128093426425087e-05,-0.2154502541807871,96,69,95.38016275120285
12658,896.4124472575011,160870.70858149213,75629.26005813885,76800.09172234949,2872.714505168493,851.6998462001065,555.5481904165354,697.1130603273341,-6.880459735621788e-05,-0.2281441148836926,96,69,95.38930858696244
12659,896.4149066359216,160824.67701915366,75609.398623317,76817.06822214494,2830.115825803776,831.6133165916835,537.0278405681893,731.9731404948689,6.974792571415481e-05,-0.1834000097804616,96,69,95.39844639343254
12660,896.4322508420408,160784.74372642802,75638.34576699165,76814.95157876122,2756.822234035644,805.7530490460776,516.9498644853011,757.6529623797978,-4.3749565539098425e-05,-0.2004953613972713,96,69,95.40757596994924
12661,896.435546671936,160806.87849128645,75651.300617327,76804.7331358379,2661.5260412020143,775.751923156291,496.8489534177643,778.4732695610728,8.549897613309412e-07,-0.181596226840263,96,69,95.41669711616218
12662,896.4523224281836,160789.6277032762,75650.47977778598,76784.58451797249,2561.5070070171496,743.0973441030073,478.83787460942403,793.4827884765691,4.236495903070928e-05,-0.1873864365731412,96,69,95.42580963204357
12663,896.4548444749207,160758.3369445067,75632.9138274936,76814.5264976544,2460.578299719258,709.7197326451569,463.4000219022273,806.0834819579031,-6.921564306637507e-05,-0.1877482213164893,96,69,95.43491331789696
12664,896.4722282725024,160738.06643258862,75650.60334811838,76834.98489451429,2370.7099965706584,677.6621329568297,451.17007572893635,815.0027912318474,6.932729369186043e-05,-0.1725657961493549,96,69,95.44400797436528
12665,896.4754960844466,160744.5333041896,75612.25938970191,76793.36592922726,2289.0790811300976,648.6601873648615,440.80847231141524,822.1716086189554,-4.265982870678e-05,-0.1721698735611636,96,69,95.45309340244032
12666,896.492198601929,160732.23667443107,75627.33499308131,76815.47284816572,2221.610394647578,623.8110854847473,431.48820921662264,826.065399912186,-4.828413037737934e-07,-0.1600281583713902,96,69,95.46216940347018
12667,896.4947883204509,160746.15901601798,75621.12761826783,76819.90546998869,2160.763085723738,603.0799453046202,421.24813726192224,827.6865410816972,4.343408994016338e-05,-0.1561988128160203,96,69,95.47123577916894
12668,896.512207569349,160734.37454829455,75612.28109237672,76837.24200230287,2109.897079676739,585.84902586104,409.77161947236164,826.1605196942983,-6.96031295693106e-05,-0.1502311332432363,96,69,95.48029233162444
12669,896.5154363810094,160725.01209539518,75648.2406482531,76767.34713976577,2060.0912823422113,570.7823148968018,396.3926298659935,822.614620094042,6.888353826045087e-05,-0.1330342907775744,96,69,95.4893388633072
12670,896.5320763749521,160760.3588576592,75635.31735343751,76819.70375537449,2015.4685357980197,557.0332917944324,382.4942985520174,817.3116329072509,-4.1556336217269154e-05,-0.1288590297570848,96,69,95.4983751770789
12671,896.5347383641994,160749.21655323065,75635.30677868366,76816.66559855921,1969.4541110931314,543.8657788796409,368.8807704738283,811.4539869443106,-1.8197479422633224e-06,-0.1249241824266236,96,69,95.50740107620074
12672,896.5521879221096,160764.0697147343,75664.74223629356,76809.46686055139,1929.278292747098,531.7312713318242,357.74710898890044,805.9029978813487,4.4487974972796646e-05,-0.1316717876702397,96,69,95.51641636434223
12673,896.5553664447582,160768.99784777823,75681.97859312581,76820.52784656225,1890.6451128741028,521.1691930436646,349.7799986539467,801.1563314384548,-6.996693940705653e-05,-0.1184319280806114,96,69,95.5254208455892
12674,896.5719595923679,160772.3938340312,75634.96783247865,76847.33754870665,1862.861789987248,513.7150006766315,346.35681738483254,797.8640378765122,6.84168222345095e-05,-0.0928163866685809,96,69,95.53441432445288
12675,896.5746887308425,160769.91479367716,75630.58209256186,76823.42053801706,1843.0671067540534,510.35449887349387,346.89800216341973,795.6247410864453,-4.043946789658884e-05,-0.0806682469701293,96,69,95.54339660587748
12676,896.5921812474684,160755.57233290994,75631.29149447274,76849.66525291716,1840.4622375092003,512.435307371532,351.3624873008521,795.1593988505483,-3.15527993032796e-06,-0.0753442222961341,96,69,95.55236749524975
12677,896.595247745721,160775.51079883054,75643.53555469353,76812.07136355726,1849.5181560994824,519.9017246062285,357.86356161761796,795.64653285034,4.5526267665223655e-05,-0.0812392245468695,96,69,95.56132679840648
12678,896.6125855597932,160754.42025655063,75633.36701588718,76813.56004173691,1875.731083014456,532.5813315120467,365.60004224735894,798.3519030182506,-7.030696376218936e-05,-0.0673920849103423,96,69,95.57027432164298
12679,896.6147656301655,160764.5515934767,75620.29929192932,76860.16514395838,1908.830900464207,548.5669429350819,372.59555642298074,802.2418775833212,6.792731601736092e-05,-0.0726308182823731,96,69,95.57920987172211
12680,896.6320709985434,160777.91324465914,75654.89523905794,76809.50517799235,1950.390191501996,566.137649020442,378.7020880000491,808.7391614402877,-3.93096079295611e-05,-0.0922776614561105,96,69,95.58813325588166
12681,896.6352724951762,160766.03892619093,75643.87812810366,76859.08057375083,1987.3781191285816,582.4188993139833,383.041054005007,815.8110213876644,-4.48898774316352e-06,-0.1325034267196612,96,69,95.59704428184364
12682,896.6524422970606,160764.2649654898,75648.53119253105,76829.30728986007,2020.42208425625,595.6818197274988,386.54942687237053,823.9554683526803,4.654862677256675e-05,-0.180721331191345,96,69,95.60594275782182
12683,896.6547017188317,160734.2967983666,75642.72197734052,76813.00045001408,2038.3628500567866,603.9395733752608,389.0475271375326,830.0824994825816,-7.062310114006867e-05,-0.2158949216856169,96,69,95.6148284925306
12684,896.6720226981226,160708.56046089795,75630.33308359695,76817.30174695651,2045.558068071492,606.9598514343525,391.43230771963135,834.9883968055947,6.741519735443098e-05,-0.2212272052522257,96,69,95.62370129519282
12685,896.675258718612,160720.23645381525,75617.25242089681,76841.64519838216,2034.519406259351,604.186364003268,392.7402434592077,836.2412624363787,-3.816714456802415e-05,-0.223269301597029,96,69,95.63256097554812
12686,896.6923159547855,160742.64790931964,75637.49191132517,76828.44856765594,2012.3186972092371,596.375547606076,392.7206846039917,836.2408557540039,-5.8204228714567785e-06,-0.2338809329595926,96,69,95.64140734386154
12687,896.6946288526944,160748.20327801196,75616.34154367207,76836.68607417842,1973.8512541477103,583.3857047536148,389.5995807888976,834.0315325947013,4.755471661587642e-05,-0.2125722127489497,96,69,95.65024021093107
12688,896.7119900672823,160756.16115382378,75646.98566509938,76844.65023677687,1927.8265955864917,565.9999419499072,383.0208746284188,833.1822594480473,-7.091525896538272e-05,-0.2005898557051012,96,69,95.65905938809648
12689,896.7152290789265,160760.90753320578,75658.30573661612,76814.72669720737,1869.6818961732206,543.9728737600526,371.91703900141874,832.0907051875547,6.688065216542699e-05,-0.2255077494928298,96,69,95.66786468724692
12690,896.7321934517408,160728.98462288332,75627.19233775965,76833.59972001755,1807.9602553269942,518.2188055114966,357.1757393939479,832.6144106306019,-3.701247023740433e-05,-0.2157827465425116,96,69,95.67665592082952
12691,896.7345569104908,160773.47431015573,75614.79590866316,76834.27772989077,1738.5908119944506,489.0760774552764,339.194390845194,830.9402489184286,-7.14913784476997e-06,-0.1973403155724071,96,69,95.6854329018569
12692,896.7519655331898,160745.4511614659,75618.41032040394,76822.44419570437,1670.5200293674134,458.3653139462258,319.9268171477015,827.4156370959827,4.854420752590663e-05,-0.1977989300163984,96,69,95.69419544391629
12693,896.7551878774992,160752.68992536596,75612.36357092498,76819.3967964872,1599.3374476900208,427.32857180101564,300.1344953114458,817.4680187739723,-7.118335218164477e-05,-0.174160052197444,96,69,95.70294336117608
12694,896.7720722290538,160746.20615184103,75636.41158014182,76840.8481287721,1532.6935931674088,398.3050000121293,281.3438783985039,802.266579302639,6.632387333596898e-05,-0.1729741486349345,96,69,95.71167646839534
12695,896.7744891254247,160809.72350121316,75661.70445435263,76825.52192618749,1465.1660310378065,372.44525914810947,263.5311978746613,779.5433008403634,-3.584598124693954e-05,-0.1712974936077958,96,69,95.72039458093084
12696,896.7919457536832,160866.80532407385,75645.69216471056,76829.68087278407,1403.0496973186964,351.1521350570838,247.33805897491402,753.3769837904547,-8.474686035472385e-06,-0.1652531814561297,96,69,95.72909751474542
12697,896.7951365934592,160831.865889299,75653.70304740121,76817.64161228838,1339.5955089682247,333.9858680636971,232.19206737118657,723.5508079737774,4.9516775128400686e-05,-0.1756017715070859,96,69,95.7377850864158
12698,896.8119519345364,160920.7283718672,75616.8702479543,76822.0224125978,1280.1641358011402,320.5177884312143,218.5840921641502,694.8618799388641,-7.142730436912366e-05,-0.1670952212060353,96,69,95.74645711314088
12699,896.8144269678069,160915.9002892373,75656.55099988575,76825.73489745389,1218.7821055441163,308.9538346884219,206.2525289861078,666.6382551565766,6.574506114234706e-05,-0.1706280687070912,96,69,95.75511341274894
12700,896.8319285542239,160958.78211019648,75649.00095627923,76850.63364511954,1161.7776003439794,298.2797110955289,195.98251856854768,641.9621450901323,-3.466807714986728e-05,-0.1842429842553336,96,69,95.76375380370602
12701,896.8350759397323,160962.80734735282,75672.45658391822,76857.76937240653,1104.0412861277,287.10340371902566,187.64634804279194,617.7613855965901,-9.796622503742195e-06,-0.1810154597141801,96,69,95.77237810512372
12702,896.8518329847541,160997.08244067276,75672.88779398147,76824.26905712202,1052.1743029115023,275.4827107498131,181.78218764005578,594.9501886932121,5.04721012495152e-05,-0.1703003180827962,96,69,95.78098613676688
12703,896.8543711437675,161010.0072861221,75625.63226431413,76840.85268618481,1001.8023484746809,263.44855463122076,177.8725104490877,569.7679626639874,-7.164704656746688e-05,-0.1634381343788961,96,69,95.78957771906128
12704,896.8719122214093,161039.47123877695,75609.80942409775,76837.98327713167,959.112175902992,252.06953315886494,175.80203444015933,543.4266231475631,6.514442327861684e-05,-0.170545952844829,96,69,95.79815267310178
12705,896.8750064124963,161094.52752638192,75656.78750058606,76851.99977004231,918.5465857837116,241.75580927639385,174.42998040266684,513.4141940399131,-3.347916213469604e-05,-0.1640585171923914,96,69,95.80671082065952
12706,896.8917161243613,161106.4391294168,75639.11766853092,76842.5495204576,884.2847771683591,233.1519378207886,173.07019315421348,482.4423068626784,-1.1114503660277791e-05,-0.152503390033907,96,69,95.81525198418984
12707,896.894321913308,161160.99696137756,75674.48419747782,76849.47735212748,849.751329743478,225.92392739075876,170.46919552845065,449.91635377376224,5.140987375633937e-05,-0.1506401181199012,96,69,95.82377598684006
12708,896.9118952794037,161162.95432981834,75668.70042588713,76872.4435043399,818.0782436953159,219.8026160565787,166.1599252410815,419.39811272974475,-7.184251886902778e-05,-0.1438162392054628,96,69,95.83228265245704
12709,896.914928488714,161231.11832435065,75675.0852621866,76844.0642981766,782.7631392366602,213.9311207018327,159.61067619235837,390.4160135133425,6.45221747789873e-05,-0.1394105395271088,96,69,95.84077180559476
12710,896.9316022412676,161217.37949526802,75669.21453969013,76848.55450103407,747.701728223532,207.88738657049544,151.1801558804873,365.58544242123025,-3.22796429936102e-05,-0.1400500590466237,96,69,95.84924327152164
12711,896.9342792207684,161255.65806008992,75645.94987119577,76869.4456803835,708.7518517068238,201.2535023935925,141.2161697690608,343.66700358557864,-1.2427887377529742e-05,-0.1233149317162155,96,69,95.85769687622847
12712,896.9518764116885,161260.58865422828,75664.38646876937,76830.44036626087,671.3128863474121,194.1517296434322,130.5306877263938,325.760809371277,5.232978638085039e-05,-0.1195160030195681,96,69,95.8661324464358
12713,896.9548427075721,161307.1973370162,75655.94442223778,76860.90172423025,632.3012249760213,186.80247943557333,119.69936797351693,309.51702366155223,-7.201366923280184e-05,-0.1285317113924087,96,69,95.87454980960104
12714,896.9714922697747,161296.05285935698,75657.57624794406,76863.10507923417,596.7807026214432,179.53358083839703,109.38488814036828,294.74536533429637,6.387853761236252e-05,-0.1198216445143057,96,69,95.88294879392636
12715,896.9742427602812,161336.51571992817,75656.7300644697,76836.58519921733,561.3542866943171,172.47939254509402,100.0015503418399,278.86422451148974,-3.10699302688121e-05,-0.1113870835034051,96,69,95.8913292283661
12716,896.9918544369676,161323.36801359308,75672.01971775944,76828.78558732345,529.1650664300541,165.28156120961648,91.7932177404582,261.1201941119507,-1.3736333663626046e-05,-0.1196353385691355,96,69,95.89969094263364
12717,896.9947497038622,161382.8694358657,75661.0375759084,76831.07880265011,494.9201101264334,157.2707039068482,84.73441453452688,239.35824737639632,5.323153917058234e-05,-0.1023136573128227,96,69,95.90803376720892
12718,897.0113871306636,161399.88038037557,75651.47840618412,76838.13707742405,459.351450371556,147.07954389454972,78.25711827079067,213.23425751217292,-7.216045348847494e-05,-0.1080978732556734,96,69,95.91635753334636
12719,897.0142120156532,161385.8382194949,75650.09551277332,76851.1989342282,416.0934642852517,133.46886670400272,71.49339104196406,182.3606900422019,6.321374117275652e-05,-0.1121060646882076,96,69,95.92466207308084
12720,897.0318283078668,161460.37521980592,75618.81605934096,76848.30869606028,364.77777160709957,114.95781935294508,62.99936429905938,147.78245729833725,-2.9850437452846937e-05,-0.0898451361926457,96,69,95.93294721923648
12721,897.0346502175755,161494.68918929968,75654.66989076715,76828.59987320709,300.32634470186895,91.4149916167662,51.828696243377635,111.41763335699216,-1.5039404046443445e-05,-0.090159639961678,96,69,95.94121280543249
12722,897.0512876897699,161540.04316492626,75650.85574487418,76830.6078710094,225.871974003152,63.586342871101806,37.46935323820799,75.68115085593308,5.411483852312048e-05,-0.0880844042239723,96,69,95.94945866609103
12723,897.0541862895742,161558.41599376703,75654.24068587788,76841.16576281039,144.226807780331,35.11404032993596,21.536146170547,44.1318669183529,-7.228283651146037e-05,-0.0908346987233149,96,69,95.957684636444
12724,897.0717971198404,161565.2432930271,75632.4219794593,76821.68741003617,68.40941178170033,11.220091752606095,7.148862428410212,19.09267704578815,6.252802145514945e-05,-0.0995277983307548,96,69,95.96589055254036
12725,897.0745450896877,161619.88931056904,75673.18851968678,76827.09561970472,13.008019626955502,-0.0,-0.0,4.135479937074706,-2.862158144290489e-05,-0.0984622200554339,96,69,95.97407625125298
12726,897.091194727823,161620.93393861887,75617.58696152746,76845.00100214253,-0.0,8.971962426163373,5.827173280616989,-0.0,-1.6336662311251084e-05,-0.1066740466249697,96,69,95.98224157028577
12727,897.0941647281742,161556.70910696973,75641.55200368042,76835.10319165741,48.05781211791327,45.25865255658573,30.345145214319928,9.211703100183513,5.497939723838875e-05,-0.0950943957484689,96,69,95.99038634818044
12728,897.1117601246254,161582.58991324194,75633.8955150513,76846.80230513548,173.50219374068547,111.04965833628376,75.65951393381692,30.39659519001725,-7.23807906197984e-05,-0.0951386301239696,96,69,95.9985104243238
12729,897.1144352486441,161526.64280515804,75661.2843768152,76841.44799943778,380.911369513371,204.87928227352677,141.02845756322495,65.16310753815924,6.182162168072044e-05,-0.0850827995962048,96,69,96.00661363895394
12730,897.131108918522,161493.64697717014,75625.70128093417,76855.19036952153,664.5517726822291,318.6040317425941,220.56715841626283,110.21156546278507,-2.738378165579308e-05,-0.0821492032604315,96,69,96.01469583316803
12731,897.1341463432449,161444.12854288507,75667.98404932405,76847.74579398884,1005.3981461301446,441.93731424817815,306.73411201959243,166.2157717354421,-1.7627674318924252e-05,-0.0810929648663383,96,69,96.02275684892842
12732,897.1517167456383,161376.14560884814,75626.58058212386,76851.1340463905,1376.4374058000976,561.6521808386315,389.84105573923443,228.12308238673722,5.582493434833735e-05,-0.0446966918568264,96,69,96.03079652906916
12733,897.1543216896044,161295.59044146084,75657.36212277923,76835.00269183908,1746.4457433095668,667.7376732326811,462.7373459225928,296.11632405326236,-7.24542968338111e-05,0.1320844635383916,96,69,96.03881471730384
12734,897.1710308141703,161233.75546651537,75630.69901790093,76814.4140603211,2086.1153171826736,751.6350771460275,519.3696471542062,363.8206953717745,6.109479182625224e-05,0.3636580062442732,96,69,96.04681125823114
12735,897.1741300324954,161161.7625753131,75655.63039335067,76858.65893975068,2373.033394875936,810.975786388517,558.2702389402839,431.5481829450582,-2.613746087289032e-05,0.1596841980552697,96,69,96.05478599734204
12736,897.1916665945593,161115.63535111016,75605.6950431762,76801.70677578692,2593.25083869457,845.2003836578369,579.1452360787953,493.1082943819347,-1.891200866855259e-05,-0.3764341598650382,96,69,96.06273878102608
12737,897.1942054470309,161031.72651318755,75630.65919741603,76824.00416911098,2743.5174128428916,858.5821027215716,585.2821319024952,550.7607168008108,5.665117596608504e-05,-0.2607557156061522,96,69,96.07066945657844
12738,897.2109608394306,160976.77274211546,75645.73111975516,76805.3439024502,2826.950050856569,854.3452865760919,579.1519910097413,599.4866273850203,-7.25033443568073e-05,-0.053944751105573,96,69,96.0785778722056
12739,897.2141145967431,160944.7830560799,75609.20695794614,76845.16279794343,2853.8897030355874,838.1609414252162,565.2259156362852,643.5869024531275,6.034778845902643e-05,-0.1341233246650665,96,69,96.08646387703286
12740,897.2316094896695,160923.6156155597,75619.93651579284,76829.3453101557,2835.113689518068,812.8898029449047,545.8606822768925,679.1587141987402,-2.4883043744533775e-05,-0.1125008486277584,96,69,96.09432732111
12741,897.2340875597667,160888.33783529288,75629.67375663614,76831.52110899493,2784.4087363945437,783.2582523292222,524.8205185297411,711.8348302289378,-2.018923582367434e-05,-0.1120865508402198,96,69,96.10216805541762
12742,897.2508992952065,160860.9094892561,75625.55109981816,76825.30879982903,2711.4624021927593,750.8428458214476,503.2040741578094,736.9661760168674,5.745785422198496e-05,-0.1002501043684907,96,69,96.10998593187402
12743,897.2540987511965,160823.20877913389,75623.09547606423,76822.79707718121,2627.4294028901495,719.3431439951382,483.5443789382989,759.7379115997755,-7.252793071616556e-05,-0.0922045151496715,96,69,96.11778080334122
12744,897.2715454785983,160792.9859828903,75654.75810409136,76820.64649496309,2538.0585583497304,689.2892445845355,465.7057305377675,774.6788388838468,5.958087505727455e-05,-0.0784074685274804,96,69,96.1255525236312
12745,897.2739690257706,160780.1174520597,75641.15278858118,76820.64966279994,2451.197436643939,663.2308355901332,451.12806289319997,787.4367860128114,-2.3620958045850095e-05,-0.0753483600798282,96,69,96.13330094751174
12746,897.2908463770659,160783.8583127041,75613.16376745519,76849.6289076751,2368.8195969709777,640.0579876931733,438.4258055074024,792.3313308945508,-2.1458929568323903e-05,-0.0865605323257041,96,69,96.14102593071335
12747,897.2940811253095,160800.47258296268,75638.5930898253,76805.95614939257,2295.8891072411207,620.8356790608959,428.0761500832159,796.1043437560729,5.824470859050846e-05,-0.0692622507482105,96,69,96.1487273299348
12748,897.3114748713065,160782.886279977,75645.5426271546,76804.27120820935,2231.2491532755084,603.4187611554516,418.09154068055796,794.0135285503638,-7.252806138867753e-05,-0.0600311955406639,96,69,96.15640500284933
12749,897.3138507399145,160773.26585906997,75598.39284607675,76832.919663792,2177.1616992551135,588.5999612788146,408.9378502050822,794.0832814011665,5.879432159724204e-05,-0.0570062812025504,96,69,96.16405880811077
12750,897.330802216662,160779.82510161345,75620.94080731596,76817.98298402237,2129.186445976491,574.4016739698272,398.97424560584477,790.9667608023155,-2.235163358658954e-05,-0.0424060798724718,96,69,96.1716886053592
12751,897.3340602407609,160788.11375740657,75620.91748710896,76836.5515155215,2087.780336398515,562.3066854668286,389.56166453904007,792.4040679181344,-2.272066594939898e-05,-0.0423061689384325,96,69,96.17929425522748
12752,897.3513982943582,160764.35711696107,75614.99417931307,76810.62567517576,2048.1832703399705,551.0809119063924,380.0869207136275,792.294948621071,5.901148498668824e-05,-0.0305460029642168,96,69,96.18687561934632
12753,897.3537334033609,160769.6806568884,75630.59107960906,76828.34435239625,2012.8051151458058,542.6706949668151,372.6969872371992,798.0715719800501,-7.250375049022736e-05,-0.0144458246976252,96,69,96.19443256035083
12754,897.3707669584418,160767.30972347956,75622.55491349933,76842.15149684981,1979.5104703529505,535.7452095492336,366.8641772339761,802.2169179373304,5.798840447224386e-05,-0.0002853373133317,96,69,96.20196494188616
12755,897.3740344567315,160742.48058109666,75623.76875642937,76844.65551269923,1954.1916568751913,532.1345702212129,364.48798685881775,812.0313110778807,-2.107550222106649e-05,0.0103362431372587,96,69,96.20947262861267
12756,897.3913167701011,160725.74736901844,75646.59240179302,76833.2752676248,1937.1612501991913,530.5516160425905,364.6133533034881,820.1660673267324,-2.39740243691048e-05,0.0264800329874396,96,69,96.2169554862124
12757,897.3936174185575,160712.43795382927,75627.84539453263,76811.57639396605,1935.0095795150846,532.9680289486423,368.69726324582007,834.5682881734392,5.975793638549657e-05,0.0331181628899238,96,69,96.22441338139436
12758,897.4107408179904,160707.4497213753,75577.88329492051,76819.23459406293,1945.7300717795151,537.9688388417853,375.18747030969826,847.1252189690713,-7.245501987192626e-05,0.0399841852434543,96,69,96.23184618189984
12759,897.4140020285787,160703.38208094443,75625.50842185276,76815.84493530485,1972.1034673918039,547.134477527783,384.97860915982164,865.6163481894473,5.716340615705343e-05,0.0488730218579633,96,69,96.23925375650842
12760,897.4312314500653,160673.70926330614,75616.04356005137,76828.58326090002,2007.227820353466,558.1893672487495,395.7914774858218,881.2861518607824,-1.9792998419370237e-05,0.03819743588439,96,69,96.24663597504328
12761,897.4335037263946,160631.9391494829,75596.32923815826,76834.22256974057,2049.2450021322,571.3806892310531,407.57852216722677,901.1259479526489,-2.5218586810490605e-05,0.0245698028110297,96,69,96.2539927083766
12762,897.4507213764841,160642.3705884894,75643.11059839076,76807.92789956975,2087.577347722836,583.0271187290491,417.0542233851738,914.5388348610722,6.048382271911196e-05,0.0045248968915637,96,69,96.26132382843512
12763,897.4539718851228,160580.24202547732,75620.34996955696,76838.17417344019,2119.7238615939277,592.7427702112182,423.7859503504005,928.3681087715668,-7.238190031828153e-05,-0.0325248866927944,96,69,96.268629208205
12764,897.4703797713812,160611.2710684385,75622.86966976595,76877.86187964307,2137.371561637905,597.3560550011316,425.0169769836066,933.0324904656154,5.631961614794774e-05,-0.0742403693349866,96,69,96.27590872173782
12765,897.4733446808855,160590.42889365964,75609.32710002126,76836.1148691581,2141.7621887475834,597.6395696271793,421.5002773296437,936.2963293166831,-1.850455794995809e-05,-0.0920407512280298,96,69,96.28316224415552
12766,897.4907620098372,160615.45645223965,75629.60703324436,76845.48087313658,2129.0772711373866,592.1682685164706,412.3340718608524,929.8712002424872,-2.6453938817937208e-05,-0.0917743135161246,96,69,96.29038965165516
12767,897.4938357998876,160569.40273120542,75607.66592021755,76843.22993606392,2104.954387225618,583.4707280626462,400.3432507161342,924.0100500030676,6.118891109342637e-05,-0.1014178651284969,96,69,96.29759082151466
12768,897.5103076791837,160645.53809039152,75631.93488561419,76843.99294194132,2067.9200125966454,571.0598511872231,385.9620300437964,911.2440893715539,-7.228443021056834e-05,-0.1016524374532158,96,69,96.30476563209776
12769,897.5132871156186,160619.01766489306,75604.02293192229,76852.70411486654,2023.8522597604315,557.2977113494853,372.1831210719829,901.5477805891132,5.545732927384424e-05,-0.0968044692775461,96,69,96.31191396285872
12770,897.5307584258477,160644.96900558364,75619.10746639596,76848.92393322164,1970.1806271211244,540.8689532437274,358.5730619787064,886.3914038815128,-1.7210618816384798e-05,-0.0994640318706091,96,69,96.3190356943478
12771,897.5337168981266,160618.10166392036,75624.25307302512,76834.91088613185,1911.4631909696036,523.1412890512875,346.6778777221043,875.3447473458073,-2.7679669123486796e-05,-0.1004703916854325,96,69,96.3261307082157
12772,897.5502252536551,160657.80773761324,75620.93396635065,76824.5222004535,1843.7805565621238,502.0712784733478,334.4787215492979,858.4646551447222,6.187297566629826e-05,-0.0876903478130309,96,69,96.33319888721893
12773,897.5532462758931,160655.56301855954,75619.08071294181,76842.15065109204,1771.1725790970377,478.91240145632764,322.4607348642603,844.1873947145941,-7.216265633348557e-05,-0.0890628007863221,96,69,96.34024011522406
12774,897.5707408147924,160679.50356202296,75608.74631068291,76822.1348351673,1690.8564591796603,452.4827519801038,308.62186154405936,822.4311329436023,5.457684701388531e-05,-0.0907200432758734,96,69,96.34725427721295
12775,897.5735994561799,160718.9844547658,75615.94864693342,76829.46808661228,1609.2651046122191,425.44167728110915,294.4012326542579,803.1220788467035,-1.591162026273421e-05,-0.0682827123045961,96,69,96.35424125928763
12776,897.5901435460233,160709.21215835007,75625.73251112817,76840.28180299852,1525.8059648987255,397.9376320612355,279.0026962228876,776.9218346525449,-2.8895370143273708e-05,-0.075371017846218,96,69,96.3612009486742
12777,897.5932143620637,160737.0529035293,75627.77302323178,76834.4352365919,1447.9199133809889,373.2919588092627,264.7166508701048,754.2826845379313,6.253579778936597e-05,-0.0690760202374087,96,69,96.36813323372806
12778,897.610713404025,160764.14191584574,75628.63702329241,76870.2769051905,1374.8602120915311,351.64626402576687,251.03887681738706,726.5096762993489,-7.201663377173667e-05,-0.0626264990692631,96,69,96.3750380039385
12779,897.6134806866776,160779.42825815504,75642.25024998999,76838.84750919977,1312.3200998210232,335.3345944190223,239.80940260348143,704.9460301082872,5.367847666527185e-05,-0.0800160150331933,96,69,96.38191514993278
12780,897.6300660952745,160825.97557321517,75634.63330646777,76860.13343426895,1256.3199736360111,322.69555645022774,229.47385230107466,680.0095265716081,-1.460800300194606e-05,-0.0814745088910017,96,69,96.38876456348096
12781,897.633188118729,160818.26580877672,75663.21333762787,76834.15262119636,1208.7023150476743,313.8468107314693,220.7331320803787,661.5059005036601,-3.010063756974714e-05,-0.0744141329191903,96,69,96.39558613749992
12782,897.6506774499292,160853.1212035394,75642.5658952807,76835.4593693864,1162.929672831844,305.5574213145592,211.52141255591414,638.7844587037107,6.31771663606363e-05,-0.0941047768488441,96,69,96.40237976605844
12783,897.6533600751079,160828.5461334843,75637.05945694025,76838.7744503567,1119.8727375399321,297.3338570783526,202.67467263291474,621.4775479368982,-7.184642552671895e-05,-0.1056750562791316,96,69,96.40914534438028
12784,897.6699947180648,160860.88991827652,75620.75096108328,76872.21486361334,1073.8230834398419,286.58612036267004,192.67273797548842,598.1818382690544,5.276253120022694e-05,-0.0945137281970267,96,69,96.41588276884976
12785,897.67316536818,160900.64247178988,75619.18502672046,76867.83490003795,1027.8033545118524,274.36390819716325,182.9816386118182,578.3632361829223,-1.330020918102898e-05,-0.0920854895688048,96,69,96.4225919370147
12786,897.6906334923865,160923.49063429135,75644.13096944173,76835.87251147666,979.5400388101116,260.2889643488015,172.75057574777748,551.7040726808191,-3.129507120835112e-05,-0.0876967385805013,96,69,96.42927274759144
12787,897.6932378432865,160926.27861862574,75629.5798934281,76825.36582621558,934.6612371315714,247.11895196829573,163.74408593698172,529.3216068404727,6.379687715990092e-05,-0.0887062809441927,96,69,96.43592510046854
12788,897.7099305609373,160957.9144007955,75613.58491511231,76850.92411718657,891.7600908009917,235.14413166351733,154.98200167808682,501.1636055925337,-7.165210282318256e-05,-0.097493518671935,96,69,96.44254889671087
12789,897.7131442601618,160980.07189090663,75654.45165404415,76837.17288672259,855.1046329443925,226.38194940706308,147.79331439590896,478.18359056135523,5.182932936962435e-05,-0.0837014065084952,96,69,96.44914403856316
12790,897.7305819461527,160987.67383272035,75639.02894937304,76846.92850567107,821.3485597773106,219.72007017520082,140.95179781297338,450.58506591711193,-1.1988682472433636e-05,-0.1127347695086885,96,69,96.45571042945453
12791,897.7331144745242,161035.78803594617,75618.78457159514,76842.58462772789,792.265680531098,215.37957442599873,135.63719438298722,429.45548695416073,-3.247827439784123e-05,-0.1309691854632466,96,69,96.462247974002
12792,897.749874451539,161031.76072948173,75650.08638444096,76832.92574511777,762.7856813476537,210.98317326624237,130.65221559425117,403.8228509865876,6.439473392215963e-05,-0.1055157139163458,96,69,96.4687565780142
12793,897.7531230007417,161053.05302361224,75643.7182193308,76860.03513416804,733.8174255187623,206.2588181760948,127.2672575484903,383.7063556317007,-7.143374494159633e-05,-0.1129283649351345,96,69,96.47523614849516
12794,897.7705233610175,161083.48172577814,75650.5938898557,76860.05298682018,701.3371070714202,199.5588286297134,124.5306678568013,358.1777062093897,5.087919597332639e-05,-0.1300291912730883,96,69,96.48168659364804
12795,897.7729904610653,161089.76956347495,75624.30720963531,76875.99836473684,667.548310241662,191.71165872378333,123.5823043702112,337.54219711371115,-1.0673866666531553e-05,-0.133635529801639,96,69,96.48810782287876
12796,897.7898271059985,161110.3969971046,75635.16534714669,76867.11657979159,630.0093055733014,182.2321921904222,122.94144819595385,310.294212111301,-3.364985479970981e-05,-0.1275271591446404,96,69,96.49449974679912
12797,897.7930996713156,161156.0105881698,75640.10101275053,76840.88533006307,591.6479896265082,172.36212621146115,122.8499364562449,286.5002872093464,6.497054741216234e-05,-0.1220495172988586,96,69,96.50086227723122
12798,897.8104586370011,161170.37742837233,75657.48050815277,76846.28047243635,550.6258358855848,161.47002954271738,121.09951022962923,255.4813113391283,-7.119143944959502e-05,-0.1111643116554972,96,69,96.50719532720956
12799,897.8128660483602,161190.6828229322,75638.63467561701,76849.20483010611,508.74854232306825,149.72215245953703,117.30838065987336,227.97044097536127,4.9912460796086285e-05,-0.1013659403504038,96,69,96.51349881098592
12800,897.8297893865496,161197.02549296975,75633.5540690667,76850.78247733707,462.3443765879492,135.33130860851088,109.12203000602312,193.03772647099686,-9.356207322697638e-06,-0.1040276714816764,96,69,96.51977264403126
12801,897.8330719536003,161266.77230741968,75661.61603827779,76870.7593394802,410.50550060212845,117.54324300054577,96.55069896703935,161.59735779021867,-3.48094240718006e-05,-0.1024711325230884,96,69,96.52601674304007
12802,897.8503893871606,161298.96007948383,75636.12096553687,76836.31972176363,348.44820621219696,94.98261014156742,78.57024992877268,124.08299916679971,6.552413610239423e-05,-0.087426397098129,96,69,96.5322310259328
12803,897.852740754199,161317.08034566994,75636.47863871488,76868.83722075104,275.94208509655437,68.54038674935873,57.118116874131374,92.53087429821608,-7.092528142107148e-05,-0.0704019301294392,96,69,96.53841541185945
12804,897.8697628883724,161327.36599860777,75640.73779383303,76861.47233529083,193.38609049940715,40.2340791013994,33.79158462246414,57.71696111030178,4.892945952611613e-05,-0.0518270191508813,96,69,96.54456982120256
12805,897.8730363871796,161328.22272779985,75663.7854172329,76838.57039154417,109.6823070057435,15.204131335776765,13.348008680070052,32.385849006823264,-8.036150015503087e-06,-0.0609037591750905,96,69,96.55069417557982
12806,897.8903189730171,161406.38469012003,75646.44651895735,76834.14002111251,38.258370713854674,-0.0,0.06150648568291217,8.772296293609543,-3.595659818886084e-05,-0.0824784783577913,96,69,96.55678839784792
12807,897.8926118899798,161433.19632941726,75630.82266040244,76852.2727441287,-0.0,2.5590551666973624,-0.0,-0.0,6.605532609393013e-05,-0.0808129222407076,96,69,96.56285241210456
12808,897.9097520452536,161390.43238481905,75658.65224377312,76835.24969584469,16.24841707421001,29.593598420571652,16.88868071406614,-2.731726332276594,-7.063537462345077e-05,-0.0828673869495695,96,69,96.56888614369154
12809,897.9129852401582,161348.12905113003,75680.43106478328,76876.43409966526,106.46845654811477,85.24492382933386,53.833236271486385,12.53445482609095,4.793053264545384e-05,-0.0737306116337399,96,69,96.57488951919802
12810,897.9302574855298,161329.195743676,75646.68108385753,76846.61519511387,280.8417137170327,169.21088477734884,109.75573018330033,36.35411311496864,-6.714141306789956e-06,-0.0721273468347451,96,69,96.58086246646232
12811,897.9324660812089,161302.6448447834,75633.57803462271,76847.83137126807,537.837094851071,276.2954478534666,181.67335377648124,79.19830644119065,-3.709099740324035e-05,-0.0712022264314144,96,69,96.58680491457544
12812,897.9497799820032,161238.63716372848,75631.47736662018,76852.20108097015,862.7935496827704,397.3038632168027,262.7731544728158,129.38279163910192,6.656395135610517e-05,-0.0632048178071995,96,69,96.59271679388324
12813,897.9528712967962,161196.29023251374,75620.29199999514,76858.23090433885,1230.4183247148176,520.4332724793494,345.86543321216595,195.71089035642217,-7.032183019118441e-05,-0.0530352595225614,96,69,96.59859803598908
12814,897.9703399375499,161104.3366698118,75637.98029694028,76839.5157717989,1610.1928657178069,634.2229627312336,422.6231556951534,265.301389952685,4.6916025959691925e-05,-0.0450608192614558,96,69,96.60444857375616
12815,897.9730887440977,161030.91846582238,75648.45532048082,76833.56810789241,1970.905641529127,728.9154110967647,486.99683888518484,345.0158114286314,-5.390627953311695e-06,0.0729833326312828,96,69,96.6102683413101
12816,897.989661340598,160908.1405084425,75646.039161834,76863.49382892232,2287.31188853248,798.9340373082232,534.3491956584039,420.647100361879,-3.821224662895452e-05,0.3351011954204164,96,69,96.61605727404124
12817,897.9928639004537,160879.64085477765,75618.41452572739,76867.16482327595,2541.189459451358,842.1700988681114,563.685445276351,497.74979655689094,6.704985313005248e-05,0.3080611795177765,96,69,96.62181530860693
12818,898.0102911969757,160781.7883876234,75613.45685450059,76880.8291777832,2725.0769919055747,860.8498677922616,575.8779266201309,563.0023396942997,-6.998476737864945e-05,-0.2555806978205936,96,69,96.62754238293364
12819,898.0129704986599,160737.03782321612,75637.08873755015,76876.51401297633,2838.6079298870754,858.9870719652245,574.4825272211747,624.147454313701,4.588629073931599e-05,-0.3180189977751238,96,69,96.63323843621929
12820,898.0295931988953,160669.79371742785,75635.16858602416,76857.23535273936,2890.048906239914,842.7718648237787,563.2498985481798,670.1167199251358,-4.066057166095528e-06,-0.0506616747233399,96,69,96.6389034089354
12821,898.032842778655,160611.6139717462,75599.77524872868,76841.63109377727,2890.015531410929,817.5639941170521,546.505079467257,711.0235027507879,-3.931997540277176e-05,-0.1163500625516178,96,69,96.64453724282902
12822,898.0502424805954,160624.23540675463,75631.92606708963,76849.9071171008,2852.960721987358,788.8713566157385,527.1514544745733,739.00307838351,6.751288058729453e-05,-0.0734444607797554,96,69,96.6501398809245
12823,898.0528466631549,160573.82464399462,75622.78242321005,76876.00623180509,2790.8511817638646,759.8688337053318,507.597541894007,766.633488792635,-6.962431332467001e-05,-0.059287372827484,96,69,96.65571126752594
12824,898.0695354010171,160552.21514880966,75594.2400625861,76846.80529317605,2716.4372241868987,733.4952647799655,488.72892239148496,786.4514740754094,4.4841682796562576e-05,-0.0725220028959383,96,69,96.6612513482188
12825,898.072820501232,160508.64553339174,75592.39675610958,76844.37591060903,2637.7208203623304,710.4189603506966,471.40418914848124,810.0421133897034,-2.7408757997544182e-06,-0.0581944985970626,96,69,96.66676006987124
12826,898.0901875810142,160497.28781008342,75602.92403167298,76839.16420883374,2562.5357547361637,691.6063581204507,455.7800013195083,828.9169226000668,-4.041381799701904e-05,-0.0611079980238631,96,69,96.6722373806367
12827,898.0927212799554,160488.86598392602,75633.24431270768,76872.7585978672,2493.5075281216996,676.2150523435266,442.43780847647577,852.9991247556754,6.795289097510185e-05,-0.0532923691479947,96,69,96.67768322995497
12828,898.1094867028187,160451.3511334254,75635.01936150368,76866.1516782487,2433.4620086181094,664.1840943930147,431.3177544127684,871.2707053806516,-6.92406030784884e-05,-0.0462255209756355,96,69,96.68309756855405
12829,898.1127963315417,160436.90855359714,75651.3530742804,76824.99522620643,2380.5840789659414,653.8054898431437,422.46511171080056,891.7858686838299,4.378256268654416e-05,-0.0475170176752449,96,69,96.68848034845142
12830,898.1301266534199,160388.16641936143,75610.25560443949,76844.06505382074,2334.3055077691097,644.3690909734287,415.0580796771974,903.6596117026638,-1.4155313064184077e-06,-0.0462034444207922,96,69,96.69383152295606
12831,898.1325949671192,160385.03246616398,75641.3753175714,76841.39700459724,2290.966016854625,633.9538256527594,408.4210733855434,916.0459366540599,-4.149341380050798e-05,-0.0311457947385314,96,69,96.69915104666931
12832,898.149447881733,160385.4521964596,75599.0442706057,76813.8496655373,2249.904288998805,622.4098328400287,401.5199527433724,919.1522122731549,6.83697490844527e-05,-0.0171700616242699,96,69,96.70443887548656
12833,898.152767904244,160407.06653388773,75605.52182488283,76853.52124015358,2208.995280922274,609.1357172740245,394.21623306089896,923.7545906222658,-6.883377910001548e-05,-0.0227737313631451,96,69,96.7096949665985
12834,898.1700614627604,160361.36421959373,75595.05983770207,76852.67166079204,2170.0560193579295,595.7888564289315,386.6404834537534,922.2189157236135,4.270929583897592e-05,-0.0161235243827974,96,69,96.71491927849236
12835,898.1724668533413,160395.36385311975,75616.03472567708,76833.0942753022,2134.045788149582,583.6227517383377,379.9490143795265,926.3024499717285,-9.047027387783873e-08,-0.0029392634071467,96,69,96.72011177095293
12836,898.189421246665,160369.31139592346,75629.53576075638,76842.53100118868,2105.2296796030714,575.4580665729009,375.14859141557827,927.4256475089933,-4.255840659591829e-05,0.0027312883817381,96,69,96.72527240506372
12837,898.1927307027054,160355.8457037599,75643.5896475376,76832.00013536199,2085.7682709033834,572.4235845528019,373.58451952345786,935.9821490070026,6.876332744517513e-05,0.018856362211845,96,69,96.73040114320828
12838,898.2099969857023,160335.577374525,75602.01602718189,76847.17719849266,2078.9092059877585,575.7087616917124,375.7172782085836,942.524616826413,-6.840399199274813e-05,0.0308224171481457,96,69,96.73549794907105
12839,898.2123314448545,160349.73266689572,75625.6700063816,76839.23869137962,2084.434318910702,584.0156708850845,381.8308905804588,956.3750212338055,4.162225230337568e-05,0.0331655919871916,96,69,96.74056278763788
12840,898.2294165135476,160280.49938883877,75619.61392383697,76803.66980693405,2102.0043806629255,596.0908280385629,391.0182393049472,966.6205205406295,1.233860368541666e-06,0.0422479297887867,96,69,96.74559562519748
12841,898.2326656655465,160294.93708603742,75592.49386498945,76846.41516137464,2128.2141694932943,609.1106343781721,402.258279315196,982.2049460550479,-4.360844605128776e-05,0.0176857321753039,96,69,96.75059642934193
12842,898.2499781194957,160310.73496459765,75624.94150698915,76825.48976458266,2159.981923559739,621.4470558046451,413.5491102359956,992.8198784253327,6.913350699115082e-05,0.008620217533122,96,69,96.75556516896764
12843,898.2529766263834,160260.85328418287,75592.64428842095,76845.48038486432,2192.839696240495,631.1879841601622,423.2869299805898,1007.434793048451,-6.795139991108378e-05,0.0053689965305456,96,69,96.76050181427529
12844,898.2693723745044,160274.6246143103,75621.01369808285,76844.98583092928,2223.221143398958,638.0259741800837,429.5588001983706,1015.7724862482864,4.052180629900096e-05,-0.0252246427936807,96,69,96.76540633677158
12845,898.2726142716217,160233.31547763958,75596.87319428737,76826.0131541719,2247.3512057792977,641.3728083956084,431.7194171544397,1026.17218679504,2.5570148274817978e-06,-0.0698148553216404,96,69,96.77027870926896
12846,898.2899635072355,160237.82740249136,75627.31252354583,76837.50182653542,2262.1339138923213,641.4466987688065,429.43599188537337,1028.6228371970938,-4.464318665064347e-05,-0.0846679026903314,96,69,96.77511890588592
12847,898.2928449585261,160198.6709348432,75612.89507109474,76848.45324825906,2264.9958557313657,637.6632181795576,423.9419545272831,1032.6617569006048,6.948017617644369e-05,-0.1146282314290095,96,69,96.7799269020487
12848,898.3093067547283,160223.03581647566,75598.09837427858,76835.03261453398,2253.610703170765,629.8016024700628,416.2693438047427,1028.9120678551262,-6.747616833698646e-05,-0.1603305287621749,96,69,96.78470267448996
12849,898.31258115521,160243.08510335823,75595.52764056443,76839.41948493775,2227.165249804384,617.2130012862472,408.19324866562965,1027.336166963505,3.940833688326e-05,-0.1496055248069798,96,69,96.7894462012504
12850,898.3299317776408,160236.0383254885,75612.9661981288,76858.33074467452,2185.0318123397883,599.9863820610917,400.18420738415443,1019.4075619699433,3.878547549971627e-06,-0.1338927726998861,96,69,96.79415746167793
12851,898.3327178697443,160250.84891231178,75635.73762838151,76845.930837972,2129.35561424325,578.6212220223097,392.78031307738274,1015.6563925273076,-4.566228841554065e-05,-0.1454741107382209,96,69,96.79883643642911
12852,898.3492427083205,160229.96173475936,75604.3386480249,76853.17807611891,2061.756687364832,554.4633910231059,384.82042862815433,1006.4217369086109,6.980323167893036e-05,-0.1381867407972426,96,69,96.80348310746778
12853,898.3525548545035,160235.0538747674,75601.83604517802,76812.38167596907,1986.9448184833745,529.2108386027685,375.6765453041007,1000.5714835030376,-6.69784704583009e-05,-0.1241759685135139,96,69,96.80809745806638
12854,898.3698889071588,160248.13754834683,75605.1621078827,76832.16549132562,1907.526446591015,504.3972415630851,363.77218521837494,987.7276707642304,3.828222643012443e-05,-0.117312205636726,96,69,96.81267947280506
12855,898.3725920823405,160261.1200352796,75621.15605143031,76855.74860485083,1828.9331613751128,481.24093450506916,349.13668961889925,976.8852897346078,5.198014090591954e-06,-0.107751687134808,96,69,96.81722913757196
12856,898.3891837786018,160275.80920406303,75621.69829253532,76858.46003795293,1752.212669050321,459.90291273238836,331.3540155244991,957.489464969578,-4.666541667345123e-05,-0.1030503600428389,96,69,96.82174643956331
12857,898.3925317259965,160275.33499349063,75617.50843060137,76834.77044878075,1681.1655022721388,440.424941720441,311.96255959020345,938.9953095254896,7.010257815004795e-05,-0.1080310582487769,96,69,96.82623136728256
12858,898.4098366881658,160308.38475926078,75620.11215064573,76854.36133778046,1614.0301554522594,422.0188218035619,291.72373022386455,912.4218150626402,-6.645848712844613e-05,-0.0964903783428947,96,69,96.8306839105406
12859,898.4124671008669,160330.1306195319,75601.805590495,76846.22605342319,1552.979610290029,404.791410301812,272.9262714665383,888.7910429522162,3.7143862049729485e-05,-0.0839795436111473,96,69,96.83510406045536
12860,898.4291314689157,160391.9817432025,75600.46380819776,76855.28909947004,1493.9665744689992,388.22715185135894,256.14185824390734,859.0663951186871,6.5149705757468814e-06,-0.0911577177482207,96,69,96.83949180945126
12861,898.4325094478905,160394.42902720967,75633.89943986325,76827.44728499372,1438.9570712020504,373.13852245768066,242.97263790707802,833.7296668640047,-4.765224225891106e-05,-0.0947902199086581,96,69,96.8438471512588
12862,898.4497760575016,160393.1243388499,75599.33921038506,76872.21294219162,1383.9984444445581,359.1578758881951,232.7630725337658,803.5531888978148,7.037812830589653e-05,-0.1023957078997248,96,69,96.84817008091429
12863,898.4523432911363,160409.57222212467,75631.98777841513,76837.76357659363,1332.9262205113191,347.0823367963749,225.9017357309349,778.7530264165252,-6.591640649274436e-05,-0.1103387017000172,96,69,96.85246059475855
12864,898.4690863236697,160434.09556068166,75652.36257446048,76826.79203511866,1281.9493557845126,335.6798782246915,220.43361308527528,748.9356422491255,3.5993634806791164e-05,-0.1105056107184292,96,69,96.85671869043723
12865,898.4724865518823,160495.78964143893,75640.7733561736,76869.91079899154,1235.5800633841427,325.1407049867994,216.13212017336627,723.7959946869814,7.828974551635817e-06,-0.1056320021813375,96,69,96.86094436689947
12866,898.4897069971468,160525.6319440829,75619.94096004566,76832.84613763703,1189.0586037693429,313.6576175886439,210.97963284052094,693.3890265120135,-4.862244205872396e-05,-0.1120646587949274,96,69,96.86513762439678
12867,898.4922228170393,160546.28874439816,75645.85712448289,76869.31316641816,1146.7048018317437,301.8206583469,205.45556386117823,667.7547190045589,7.06298028250522e-05,-0.1107327503903949,96,69,96.86929846448336
12868,898.5090452694377,160527.94666636796,75618.47955145314,76845.62538239689,1101.9794770005974,288.3490430047241,198.2712869560055,636.1256296416104,-6.535242377815981e-05,-0.1068946784476016,96,69,96.87342689001424
12869,898.5124694647774,160591.82909500436,75632.6973083427,76869.94899715051,1059.763609962305,275.155716392459,190.8549553497578,608.3112374281918,3.483193911595716e-05,-0.1130713802054234,96,69,96.87752290514416
12870,898.5296048213338,160583.1159289186,75644.30662820922,76823.12426728346,1014.1914879502729,261.90778339028475,182.42206080214237,574.3744255085476,9.139584850494126e-06,-0.1110177863924603,96,69,96.88158651532746
12871,898.5328576607826,160644.03333175194,75661.00083112254,76858.6262246032,972.187204288668,251.23357053057407,174.54097418711171,544.7648335335252,-4.95756984016372e-05,-0.1120462151370208,96,69,96.88561772731632
12872,898.5490948846386,160681.74226268212,75681.02570919953,76867.44947091627,928.0991231344524,242.25475378186093,165.96276365764788,510.27404846510035,7.085753077130927e-05,-0.1154121761731567,96,69,96.88961654915968
12873,898.5523720206882,160672.22805117266,75637.96080653908,76869.10000858447,888.9942885842174,236.58323507456225,157.8233329159557,481.395045488287,-6.476674188784963e-05,-0.1003275920514177,96,69,96.89358299020212
12874,898.5696209597984,160750.4395569494,75607.78695843484,76851.11868867517,847.389196749893,231.5915441356774,148.5131799397641,448.844358631206,3.365917314677254e-05,-0.0967314420682818,96,69,96.89751706108264
12875,898.5727176291196,160733.05685444133,75656.35081389947,76864.4355073792,810.5144257886568,227.9665850373858,139.56133235641755,423.4230401069217,1.0446361456750264e-05,-0.1128998726096928,96,69,96.90141877373313
12876,898.5890290751396,160769.42252221817,75621.7717858935,76878.26942884704,769.4456198004191,222.2547704523313,129.71058887857362,394.62850361622986,-5.051169966059325e-05,-0.109558353351473,96,69,96.9052881413771
12877,898.5923287395952,160804.24105778505,75648.03006003787,76846.80549391387,732.0642284311471,215.60748819698347,121.1253109833051,371.6068613847601,7.106124909032283e-05,-0.0979205867031886,96,69,96.9091251785282
12878,898.609601590156,160796.234063655,75650.43953294588,76879.20924240492,689.8144835486892,205.438712486226,112.90287588955835,343.061193379428,-6.415957074885387e-05,-0.0996063939021912,96,69,96.91292990098856
12879,898.6125934218123,160830.91782106156,75615.53243412214,76842.60930867483,652.9512388799922,194.5937718211935,107.48829181300243,318.643753522716,3.2475738724642536e-05,-0.0874135507046573,96,69,96.91670232584757
12880,898.6289548917758,160840.50029383576,75664.80114328356,76863.62594251236,611.5042803453398,180.98111028758285,103.15398055163678,286.9459032622399,1.1748865908029644e-05,-0.0905646331745282,96,69,96.92044247147966
12881,898.6323011428759,160908.9309721005,75636.05087052629,76856.63954567627,573.9414953573723,167.44904309268168,101.0119998595037,257.6688552152191,-5.143014038244876e-05,-0.0977786460619224,96,69,96.92415035754291
12882,898.6495652282831,160945.26185842048,75662.08803552171,76878.10949031748,526.5849088282557,150.75731875364727,97.51029279350769,220.3101425616478,7.124090269731375e-05,-0.084971034987762,96,69,96.9278260049776
12883,898.6524749128488,160928.61290043168,75670.02533608966,76855.72614754328,476.70851882436546,132.9549637218006,92.56338005739963,186.1295255064906,-6.353112736659813e-05,-0.0741710403312278,96,69,96.93146943600355
12884,898.6688796861861,161026.67385521234,75643.06617666657,76878.82792001676,408.3311056444072,109.6920998077403,81.95415944306296,144.966443089128,3.128204091011091e-05,-0.0799796668916917,96,69,96.93508067411898
12885,898.6722840692404,161007.59616944558,75637.6138298196,76860.11006907471,331.1860482385382,83.78677597959177,66.81204220530344,108.54613239536411,1.3046661743494825e-05,-0.0820116329088657,96,69,96.93865974409827
12886,898.689513536992,161022.4503258328,75628.2256102074,76859.25040241382,235.19912974338513,53.33179436874343,45.85840968048433,68.31052232004004,-5.233072072234743e-05,-0.0534783931040345,96,69,96.94220667198977
12887,898.6923628045815,161096.1003150531,75679.6161355679,76861.80424262054,142.11661047278903,25.981779129404458,24.816323524486506,38.32727426267229,7.139644496785772e-05,-0.0379144036550768,96,69,96.94572148511388
12888,898.7088024735992,161091.398013858,75644.00170886317,76862.65590896958,52.612163738987874,4.331142537674168,6.575034215988126,10.852814108482562,-6.28816358230404e-05,-0.0231020344675914,96,69,96.94920421206096
12889,898.712279813464,161143.191559767,75654.68300001412,76856.32037082939,-0.0,-0.0,-0.0,-0.0,3.0078488110733136e-05,-0.0208210387367384,96,69,96.95265488268916
12890,898.7294399400711,161130.60930294034,75647.91688312679,76867.54517285452,-8.338791596353985,16.528909182321513,8.53884566022316,-2.3690916775376536,1.4339313925352675e-05,-0.032267342046302,96,69,96.95607352812176
12891,898.7322691475653,161089.76903401467,75660.48887421886,76853.77103099343,62.32788742444245,63.19625390006695,38.81561549002072,16.426349129353184,-5.321314758735356e-05,-0.0342349951928549,96,69,96.95946018074538
12892,898.7487041133429,161066.52044956948,75615.81345846626,76872.76359109575,208.07645282917656,136.2585695239395,88.54865843371954,44.59143615767243,7.152783740721545e-05,-0.046042355304663,96,69,96.96281487420733
12893,898.7523249262715,161000.39360388988,75624.26855836538,76862.4615871924,445.6394409646746,235.79995686974144,157.21994535860722,91.14936197051429,-6.221132704314467e-05,-0.0396907424052481,96,69,96.96613764341286
12894,898.7692514198684,160930.59932011677,75620.2277590378,76842.18350684727,747.9565006454359,348.8442801119527,235.5813646253082,142.41801667542313,2.886549181177796e-05,-0.0518667131914041,96,69,96.96942852452344
12895,898.7728075763573,160887.7718036996,75641.27359605112,76877.25338747296,1109.371088263928,469.0953457605792,318.27454455857514,206.2810120995855,1.5626389684362807e-05,-0.0472883276579743,96,69,96.97268755495352
12896,898.7889488366817,160814.75617013732,75635.61448711688,76850.44407203463,1483.657798488508,580.8109751666634,394.1151013143244,268.825839811645,-5.407713380603131e-05,-0.0315446867436696,96,69,96.97591477336786
12897,898.7921563110839,160773.05755142687,75654.2544224475,76844.15586634797,1855.9910704239737,679.6308437928528,459.3488163690199,338.12418161329697,7.163504957419246e-05,-0.0307044146845413,96,69,96.97911021967938
12898,898.809305978016,160682.90079332984,75648.37489560973,76823.08206800857,2180.0942777032033,754.6211107741401,506.7879548010533,400.6777858354908,-6.15204394101518e-05,0.0181814304410939,96,69,96.98227393504594
12899,898.8126666430172,160595.47618175976,75622.03024230148,76848.68804410505,2454.362651445321,808.8903803645517,538.5836029789934,466.3164203480701,2.7643466301631283e-05,0.1994247029245689,96,69,96.98540596186778
12900,898.8288774744591,160561.83122422892,75637.85225144243,76852.71236465198,2648.9822189430124,837.9288987057662,552.8023573398241,522.2725201471476,1.690745844412391e-05,0.433240601528283,96,69,96.98850634378432
12901,898.8320982878334,160480.48633756037,75624.92932449463,76859.47082660276,2780.730989989126,849.8462669480068,555.5735304260743,578.3431933317042,-5.492239863133794e-05,0.1736347832146311,96,69,96.9915751256722
12902,898.8492992241988,160458.79005708147,75624.28035632947,76855.82399467293,2835.812989550701,842.9998465895333,547.1175129714829,622.3800604446733,7.171805930343516e-05,-0.3356776200838965,96,69,96.99461235364048
12903,898.8525575594747,160369.21517580908,75607.60664741806,76866.35101639232,2845.8456611783477,827.4541095086315,534.5396262839495,666.0205704549444,-6.080921741111972e-05,-0.1494224800011561,96,69,96.99761807502956
12904,898.8687821301133,160365.62769580653,75626.11878862012,76843.80359697985,2803.706337195006,801.3780335198971,517.2824340752268,698.1842363782926,2.6412828750041063e-05,0.0003991889920405,96,69,97.00059233840692
12905,898.8720703596354,160323.46714479473,75621.91507088505,76846.0506840643,2742.610887197661,773.8591313705256,500.9140566693386,730.6639070879319,1.8182091499940914e-05,-0.1020611963150566,96,69,97.0035351935642
12906,898.8892645654739,160296.44425159696,75609.51665109322,76851.30824656178,2653.761758191744,741.8210058867262,483.23350521476823,752.9815338134067,-5.574866823154094e-05,-0.0377630775380697,96,69,97.00644669151394
12907,898.8924664940781,160268.57412244374,75617.46148040223,76834.30035505546,2569.334821472992,713.7437287130742,468.790902847104,777.7742151969578,7.177685244559968e-05,-0.0508852288476255,96,69,97.0093268844866
12908,898.9086648652511,160246.8921115475,75602.42297821675,76845.37324017288,2475.6165630148025,685.000929281945,454.1927154721634,794.0224132295116,-6.00779126310693e-05,-0.0544535045236214,96,69,97.0121758259268
12909,898.9120865352841,160255.44269105414,75629.5488001342,76857.77565031692,2399.0836133487755,662.2903355339513,442.9754592242534,812.6748618428537,2.517399898545176e-05,-0.0279510988117621,96,69,97.01499357049028
12910,898.9291434126313,160186.05731025967,75633.64796577628,76866.25053787025,2321.501072800893,639.5082188504894,431.1402615502011,822.1738692659419,1.9449863144032664e-05,-0.0344429045966133,96,69,97.0177801740402
12911,898.9315988920831,160167.9385469318,75604.64102808236,76831.34126770003,2267.63702910312,622.8125091273832,422.1999274218688,833.9875235490908,-5.6555674454776645e-05,-0.0372811977118798,96,69,97.0205356936437
12912,898.9486249900954,160200.7373118455,75626.41157524765,76843.09501573289,2212.4372813181835,604.4790595579252,411.403369832522,835.6208165103453,7.181142307885284e-05,-0.0276593957343521,96,69,97.0232601875684
12913,898.9520675191297,160186.89135938993,75587.3530306955,76863.01381335752,2177.465253673785,590.529089571166,402.2825599007483,839.0798471725429,-5.93267830025766e-05,-0.0247541992890573,96,69,97.02595371527876
12914,898.9690351103299,160207.57487021093,75611.80564092661,76810.85697702115,2136.312088808394,573.9832344824099,390.6154735474847,833.637929657998,2.3927399577482565e-05,-0.0179694490412336,96,69,97.02861633743233
12915,898.9715068771164,160170.65447066337,75589.39892779558,76842.5475012907,2109.6428353530937,561.738872773567,380.6140841534361,832.0543387048529,2.0710349767657976e-05,-0.009236406952723,96,69,97.03124811587593
12916,898.9885966105937,160180.4571927796,75620.94893024195,76861.86530416727,2069.5711278617964,547.0865050080465,368.5407729008293,823.5966614749923,-5.7343156755483176e-05,0.0008318471077815,96,69,97.03384911364208
12917,898.9920376462579,160171.92439094817,75640.98898471867,76845.9558133525,2039.7898043325404,537.6675900697446,359.4752243930998,821.4825674257299,7.182177373336917e-05,-0.005869232938698,96,69,97.03641939494516
12918,899.0089259123215,160170.97812913053,75616.7778693829,76879.28048038359,1997.502672512317,527.3215624391742,350.3553981598525,815.9766554075759,-5.8556093267025145e-05,-0.0087625528618439,96,69,97.03895902517706
12919,899.0114179512854,160206.92629679362,75647.3463423056,76860.49740795493,1970.0006883025635,523.3783754793258,346.1089630306524,819.6762875532731,2.267345514197588e-05,0.0002259112227946,96,69,97.04146807090392
12920,899.0285750968286,160177.83655181195,75635.632888948,76859.29508101381,1934.9360232353793,518.63645527474,342.6679078967136,821.3219617168361,2.1963130510636985e-05,0.0139853156348306,96,69,97.04394659986136
12921,899.031999197469,160142.9445740331,75591.48253945624,76850.51115885048,1920.844628265826,520.2177389323479,344.11322663218016,832.2534700596298,-5.811086054524094e-05,0.0256725443368236,96,69,97.046394680951
12922,899.0488145285534,160147.60900267554,75615.18152561926,76868.49434331583,1905.395544823201,521.1812969482417,345.7236210370611,840.5253812473384,7.18079145667882e-05,0.0343206071869204,96,69,97.04881238423611
12923,899.0513344532521,160155.34488805404,75615.70725827393,76824.70206975371,1913.7543122371426,528.4697586749971,350.88840387028176,855.7037880364805,-5.776611463628843e-05,0.0368648892109261,96,69,97.05119978093728
12924,899.0685581086377,160088.49058056885,75577.56616165496,76838.01925914183,1918.3592087606085,534.4612983089319,354.3583738504676,864.5489861838287,2.1412592621663904e-05,0.048697680331504,96,69,97.05355694342836
12925,899.0719526786064,160078.98386813066,75610.28436326506,76855.73062013087,1942.3178496555774,545.7650966197252,359.73629109564354,876.8958995247085,2.3207787594140178e-05,0.0525848601300947,96,69,97.0558839452322
12926,899.0887011682931,160102.00359725032,75620.39571799173,76878.47973628863,1957.4926269035786,554.2055622481275,362.22041891302797,881.2289638160728,-5.88585385178765e-05,0.0315881022840522,96,69,97.05818086101606
12927,899.0912575270047,160077.47722368312,75601.70375410715,76828.59087897187,1984.859992288344,564.9928495052009,365.43377468784456,888.1477203562681,7.176986438884415e-05,0.0115563411371111,96,69,97.06044776658749
12928,899.1085440073335,160076.61017310442,75603.71960102576,76856.25548026031,1993.9875301382854,568.7061722916842,364.45259766097297,886.951019699336,-5.6957124567913e-05,0.0029984273323415,96,69,97.06268473888971
12929,899.1118981651749,160098.67178956242,75596.90168714838,76838.42379956788,2006.8353499262594,570.806243060084,363.2759626004845,889.2411609487608,2.0145241184383654e-05,-0.0287371539637044,96,69,97.06489185599727
12930,899.1285865607998,160054.64955011822,75630.42905621362,76841.13468693027,1995.117872323899,563.2330437403871,357.56546967450413,885.2365764047718,2.444390588641992e-05,-0.05347940229852,96,69,97.06706919711112
12931,899.1311877944381,160069.57544085188,75611.04187313722,76848.06212448618,1981.0625364109874,552.735469235442,351.5237610350887,885.4521875500504,-5.958595039046635e-05,-0.0755178307299996,96,69,97.0692168425545
12932,899.1485313848979,160073.7497239587,75596.25007678579,76865.20445807475,1937.2845010557212,532.7809714831819,340.97484045365127,879.1177720177511,7.170764987965009e-05,-0.0874973577683908,96,69,97.07133487376755
12933,899.1518356764493,160056.38344880307,75569.03697396998,76845.52205593754,1890.064487015421,512.0135086107621,330.5780334757583,876.4159314691497,-5.6129406686233e-05,-0.0910447145714641,96,69,97.07342337330373
12934,899.1684716561019,160073.71502676132,75598.71383641318,76849.71238341906,1816.582600944559,485.24900738470023,316.55522125275456,867.0092251184979,1.887183166548225e-05,-0.0919236703096492,96,69,97.07548242482372
12935,899.1711255571221,160097.57152877873,75620.96429131393,76858.17439777157,1744.4539091296028,460.77486783648783,303.43097946819034,860.3412702719506,2.567107388879598e-05,-0.094695964395098,96,69,97.07751211309166
12936,899.1885189287199,160084.4301147187,75601.93708849623,76834.00226919788,1651.8254858108703,432.4866806580976,287.4517514127656,846.1411792747094,-6.02928622747339e-05,-0.0894308420117308,96,69,97.07951252396948
12937,899.191765306252,160096.4080574151,75632.27189752193,76845.76609091267,1568.4145772476331,407.9152752212103,273.6181793185242,834.488014519884,7.162130604158912e-05,-0.073676283177428,96,69,97.08148374441252
12938,899.2083574992345,160116.81159858167,75601.97936379058,76851.43639439833,1473.3989945967332,380.38094100070884,258.6499737416161,816.1796563465905,-5.5283250671131285e-05,-0.0807999274824992,96,69,97.08342586246432
12939,899.2110708731554,160143.30834423983,75603.29597206494,76840.65262364382,1393.543958126742,356.45084691108787,247.2681032619148,800.8563989591203,1.759279717832612e-05,-0.0855653746801715,96,69,97.08533896725176
12940,899.2285053834271,160111.92493859614,75614.79540433736,76823.61727091072,1305.6662363774376,329.5152638208674,235.7171944459842,779.6080641776789,2.688888267536117e-05,-0.0756939984485944,96,69,97.08722314897956
12941,899.2316872765915,160169.30413763743,75603.88835945755,76847.9327929134,1236.0308077007066,307.13656314676336,228.14760272725835,762.5557772349275,-6.09790479053955e-05,-0.0751412044969545,96,69,97.08907849892564
12942,899.2482451602448,160181.62505682008,75594.40585936046,76844.98451803286,1161.0548266902333,283.8032545863389,219.9999005794234,741.4132181441528,7.15108758734731e-05,-0.0932197891056067,96,69,97.0909051094356
12943,899.2510235946588,160185.36040852623,75623.22770970558,76815.39257986635,1103.7344476124272,266.8593234579166,214.1649272866198,725.1615322863508,-5.441895271647264e-05,-0.1278496228495504,96,69,97.09270307391776
12944,899.2684895464296,160215.34812163503,75592.85202042587,76857.39442120685,1039.2397052549059,250.48994965651946,205.5515242483525,705.0213119765976,1.6308571798027984e-05,-0.1236327675667267,96,69,97.09447248683766
12945,899.2716019609576,160229.4766607917,75632.05322768672,76856.66833374597,991.323819825484,241.49488483507594,197.45645428064745,689.3908323852811,2.809692732045615e-05,-0.1266987794712295,96,69,97.09621344371268
12946,899.2881356851976,160221.91264936075,75599.0543330406,76834.96295860788,936.2870004485012,233.28746474131185,185.91368184043677,669.2561168926768,-6.164428770447425e-05,-0.1272087437567529,96,69,97.09792604110685
12947,899.290983393033,160278.46309868142,75610.18445197908,76828.7541321414,896.3643992491416,231.06494585993642,175.29522181366337,651.6862031522614,7.137641039140076e-05,-0.1205224442326279,96,69,97.09961037662536
12948,899.3084702754743,160256.77668175474,75610.25875947364,76865.985650803,848.7982720747823,227.7106823429349,163.07730524180806,628.0056115848711,-5.35368144505889e-05,-0.1153134268952756,96,69,97.10126654890904
12949,899.31150989401,160264.79819509244,75614.587068635,76854.44439300442,817.7641242683749,228.55152556626126,154.64817341632443,606.116092651413,1.501959196705167e-05,-0.1080779104354903,96,69,97.10289465762888
12950,899.3280300553645,160344.11827830967,75616.82155740727,76848.80483017678,781.8966705608764,227.0569095188548,147.49523011426209,578.8508129072143,2.9294806091480635e-05,-0.1133323500248999,96,69,97.1044948034804
12951,899.330949782806,160322.02437202987,75640.00381314245,76852.8303458556,763.2524245834211,228.43780511419754,145.51544283132534,554.2286682681006,-6.228836956429878e-05,-0.1051500872966815,96,69,97.106067088178
12952,899.3484464984188,160394.16148081503,75610.25066626663,76831.1945745965,740.5793294030009,226.865451830643,144.61882642342243,526.0167735892173,7.121796888935063e-05,-0.0963060822069407,96,69,97.1076116144494
12953,899.3514117757311,160389.29174513338,75628.13763487396,76859.24973583587,736.1602365430444,228.10623547060823,147.31536140077515,502.2482606191479,-5.263714374507648e-05,-0.1024917518202813,96,69,97.10912848602992
12954,899.3679291481158,160413.19243516467,75638.90694853997,76876.25624283637,728.3386724118027,226.7666141061345,148.77769982398604,476.5271158030373,1.3726294546029464e-05,-0.1004254810484928,96,69,97.11061780765662
12955,899.3709221504855,160434.38468763753,75597.5681144152,76841.64437370804,735.5865696800756,228.0146477901144,151.12718268175377,455.2611989478173,3.0482121009428464e-05,-0.0888651159019646,96,69,97.11207968506244
12956,899.3884172183032,160434.63352002378,75603.7555575677,76881.70028871646,735.1847730039153,226.72377969416266,150.3354819630913,432.0124017311027,-6.291108857193925e-05,-0.0891923623152725,96,69,97.11351422497049
12957,899.3913084767682,160465.88751160403,75605.54531617294,76856.16636818762,744.6195738360984,228.14590465580113,149.59550034280983,413.13283703220077,7.103561876518533e-05,-0.0789638760385964,96,69,97.11492153508816
12958,899.4078336931858,160473.0149289608,75608.04072779504,76882.48521437251,740.8746125162579,227.32729177581496,145.90069578314433,392.94223630131455,-5.172025398342563e-05,-0.0746338044583843,96,69,97.116301724101
12959,899.4108997956042,160507.46459745304,75624.29358462815,76841.13534439895,739.6335075576208,228.72744382746168,142.7077349126048,377.3315655735496,1.2429118225382742e-05,-0.1040327947839218,96,69,97.1176549016671
12960,899.4283815046684,160539.17477516446,75617.06343839786,76867.37359709833,720.7812264439417,227.45090948617144,137.47235518693924,361.0949913744698,3.165847795636914e-05,-0.0970566725022321,96,69,97.11898117841037
12961,899.431201055277,160525.7315510616,75640.65446795474,76861.75456419331,703.0483805817203,227.53423790368834,133.6371800536872,349.17536694108276,-6.351224702321446e-05,-0.0750218125621121,96,69,97.12028066591516
12962,899.4477442128564,160552.59282345476,75622.95880200621,76851.13041628197,669.3550398781663,223.81034242684836,128.41905778535875,335.3363598899741,7.082943505496969e-05,-0.0863146248568246,96,69,97.12155347671982
12963,899.4508819982602,160534.40521342136,75610.0015795726,76852.15824257996,637.794575695938,219.25823425294948,124.41035808841116,322.1860453412519,-5.0786464073668414e-05,-0.0800635462843552,96,69,97.1227997243104
12964,899.4683384523885,160566.8804686757,75633.75483320277,76862.2941719098,592.6457393675228,208.84640187486366,118.49625027735601,303.0747860901465,1.1128502576270266e-05,-0.0724554975500006,96,69,97.12401952311488
12965,899.4710908087358,160585.115525633,75623.33982317393,76858.0702567311,550.5161934441421,195.39451914018719,112.67315327335382,280.33909450258943,3.282348634329838e-05,-0.0732769048476314,96,69,97.12521298849632
12966,899.4876609168995,160606.43036243707,75620.08967489332,76905.69663915328,493.6336495318101,174.35819381775218,103.359647314006,248.9265179176582,-6.409165484580565e-05,-0.064190363733799,96,69,97.12638023674704
12967,899.4908681511419,160672.2799333736,75611.14666786179,76862.94515564268,434.3568248297088,148.7337345679989,91.91062414282351,212.60548945405753,7.059950103826743e-05,-0.0668233675542899,96,69,97.12752138508208
12968,899.5082870571979,160700.30035337486,75670.95013890704,76874.80101384895,356.2720627936651,115.95520682459755,75.34045847185189,169.623648130917,-4.983609886296544e-05,-0.0894137944961496,96,69,97.12863655163292
12969,899.5109794282415,160744.26098331707,75608.28297319778,76886.7454113641,274.5088525120518,81.21352119924268,56.26096952604712,125.90677047643112,9.824888204670802e-06,-0.06850352921386,96,69,97.129725855441
12970,899.5275834622477,160781.36613666906,75656.00374327842,76883.53964777291,179.9280000072904,45.42420830928313,34.20294656700571,82.16854849236552,3.397676048606701e-05,-0.0342523608761752,96,69,97.13078941645084
12971,899.5308580791224,160816.0277709727,75641.71858921225,76870.0579202541,95.60553660953883,16.83909568056697,14.680879297171487,44.89656316835317,-6.464912911826397e-05,-0.0350878230658876,96,69,97.13182735550453
12972,899.5482258358525,160869.59035817336,75637.99565035872,76891.92084783329,25.179210620524827,-0.0,0.7678985683596693,15.86079951794818,7.034590806786429e-05,-0.0433095663629937,96,69,97.13283979433407
12973,899.5508694986438,160825.99395976568,75639.73020183756,76870.21274956844,-0.0,4.267036258301232,-0.0,0.561371443560347,-4.886948813929366e-05,-0.0587198020006299,96,69,97.13382685555564
12974,899.5675102275889,160886.17841637984,75631.60586499241,76911.53782541135,27.38505824765889,33.1156191140617,15.465675766288769,-0.0,8.518716028813978e-06,-0.0622188939582515,96,69,97.13478866266254
12975,899.5708530622684,160838.93584757482,75629.57602164063,76896.53222573138,131.65292988956207,90.76758713705931,51.45250297954772,17.013338315329747,3.511791789004498e-05,-0.0593569689655114,96,69,97.13572534001834
12976,899.5881514090245,160822.68177812942,75657.89237866086,76862.46783085122,308.24322672665585,173.80205981347535,105.82541924505495,50.59583983075572,-6.518449452551288e-05,-0.0504519222496724,96,69,97.1366370128508
12977,899.5907665654134,160755.77040029483,75625.51124770114,76886.66684299629,560.9472256902955,277.3470704170322,175.82547054995666,99.9031476363889,7.006875540009787e-05,-0.060278121153514,96,69,97.13752380724458
12978,899.6074351250562,160731.27592259907,75618.28790293507,76880.49600246284,864.5767983689439,390.3774029028136,252.99462705646874,161.4424302133266,-4.788696722958045e-05,-0.0498777535227625,96,69,97.13838585013454
12979,899.6108609208299,160626.73972485028,75632.37327522972,76845.82570430177,1203.5658620367758,502.59250432452245,330.1349558435322,231.26377879970823,7.210428172303557e-06,-0.0366037404411361,96,69,97.13922326929926
12980,899.6280499847829,160536.61780753767,75615.95290766348,76843.57385011714,1543.9179466346395,602.6485328378039,398.29561989204376,304.88799234398175,3.6246581043740464e-05,-0.0431522827147554,96,69,97.14003619335368
12981,899.63069467061,160487.74281145952,75672.23496310534,76859.89604658162,1867.43976165005,683.3452517753467,452.8120184435975,377.5252043455257,-6.569758347817802e-05,-0.0124118391731209,96,69,97.14082475174254
12982,899.6473153367654,160434.22359018598,75626.4456071947,76881.6029875676,2146.871516430343,740.1630908026127,490.04656439612154,446.3873498753819,6.976814985243736e-05,0.1728319442427118,96,69,97.14158907473336
12983,899.6509813181975,160345.21352642722,75618.48253157358,76893.29697688439,2373.8948547643377,773.1710982516088,511.1717784272332,508.3244402851269,-4.688887659581845e-05,0.4014821692211294,96,69,97.14232929340966
12984,899.6673613929116,160314.3775991162,75610.07534124133,76892.93681962744,2536.2871834302205,785.0690236779774,518.1232187835849,563.4000232644612,5.900466774602626e-06,0.1491071430982059,96,69,97.14304553966332
12985,899.6702152144981,160251.6298921428,75618.12266142605,76877.12343475352,2637.655569219496,780.3201596468571,515.2672994310269,610.3318445917103,3.736237651645076e-05,-0.3436609851951379,96,69,97.14373794618828
12986,899.6874448064101,160222.87003514718,75589.47468346503,76863.22392275714,2677.827940068848,764.109211048708,505.7331027801265,651.5712535128696,-6.618823592446403e-05,-0.1732861481519462,96,69,97.14440664647312
12987,899.6908292054734,160179.84998863112,75631.59240048831,76901.59419075784,2669.1125470642,740.47211668831,492.8383253578795,686.1157573598612,6.944420648735362e-05,-0.010363529989863,96,69,97.14505177479388
12988,899.7073028728691,160162.39251996466,75603.12166930843,76861.29196833259,2619.400138371624,713.4070190882776,477.8049737739493,716.9007245544926,-4.587556167113545e-05,-0.0822276545948112,96,69,97.14567346620686
12989,899.7101193320092,160138.22397220414,75611.90529502374,76868.52164801121,2544.367990943778,684.8257370646752,461.5546935403836,742.1885994171025,4.589274613383705e-06,-0.036643297136105,96,69,97.146271856542
12990,899.7274633886417,160111.85700369463,75615.8119493157,76861.96965582296,2454.556421975023,657.5967300545599,444.016360347654,764.9602058530145,3.8464935966544174e-05,-0.0521003926395092,96,69,97.14684708239488
12991,899.7307252201014,160084.58230755705,75606.44434006547,76874.77991028519,2363.9309675766854,632.3761692394037,425.67829226952745,782.49434100691,-6.665629914644833e-05,-0.0461237603759998,96,69,97.14739928111987
12992,899.7472120501808,160046.30899483283,75613.04572760487,76850.2160230237,2280.222260510898,611.627531033635,407.2838686287578,798.1466648781497,6.909704779842332e-05,-0.0447519003891306,96,69,97.14792859082272
12993,899.7500538571726,160074.41193661155,75585.72049447711,76835.3517571777,2210.5249707876355,594.9420252003183,390.1362908226438,809.4279007021687,-4.484737282344031e-05,-0.0662065265801501,96,69,97.14843515035376
12994,899.7674631970182,160095.26152705113,75624.54769461161,76877.5381597227,2156.329499521933,583.7744466078293,375.6855916986824,820.7399877531861,3.2772941671996466e-06,-0.0524913186765458,96,69,97.1489190992994
12995,899.770626265836,160040.34970487055,75618.6732641885,76846.02926817005,2116.8686959306942,575.6841577758605,364.7158599507238,829.1506223077013,3.9553894537320064e-05,-0.0537419707020446,96,69,97.14938057797612
12996,899.787114599611,160040.42030913825,75601.99775186596,76843.06369580652,2088.405811471166,570.7890482403454,357.50479793941486,839.0832805204263,-6.710162875524814e-05,-0.0552665381988945,96,69,97.14981972742189
12997,899.7900029474105,160041.08747808269,75570.8462908537,76826.24186600637,2065.532264894049,565.6508259450784,352.9586757674988,846.8710958632,6.87268045081607e-05,-0.0311409536373118,96,69,97.1502366893894
12998,899.8074535551702,160024.4412020959,75577.65665018522,76853.73334873561,2044.3283661339083,560.8196154222387,350.0654040216177,856.5862916667829,-4.380466555225264e-05,-0.0307400543114589,96,69,97.1506316063385
12999,899.8105254627517,160034.4898764978,75561.08362412575,76866.351380173,2020.5150306568248,553.5592218198581,347.07785534564755,863.1982972172555,1.964968466137444e-06,-0.0191694478744076,96,69,97.15100462142844
13000,899.8270169550209,160002.52055714402,75584.47309967715,76881.84696054156,1994.8569592961576,546.1491111870127,343.72029964468675,870.7327971783816,4.062889350438081e-05,-0.0201802371140948,96,69,97.15135587851049
13001,899.8299619861173,160017.32919880512,75583.02234960337,76843.47489051564,1967.2586878578877,537.234426663621,339.53390126663726,874.3483910503273,-6.752408738609126e-05,-0.0174389922886043,96,69,97.15168552212046
13002,899.8474365993283,160035.5263954678,75581.3559493706,76854.89741573861,1943.3016580911935,530.2540798147529,335.8506776628783,878.9747066668933,6.833361476061069e-05,-0.0021310891339604,96,69,97.1519936974709
13003,899.8504209654918,160006.63145541167,75567.5441463648,76821.30825372988,1924.3131658885395,523.7476221246179,332.97580422094325,879.8185670058592,-4.274779958059794e-05,0.0112897584550749,96,69,97.15228055044362
13004,899.8669220518543,160008.46610652003,75602.25118688721,76854.63754256305,1916.2487973773968,521.0655945512553,332.41346820184845,882.8448788986716,6.527401366237687e-07,0.0174297509788783,96,69,97.152546227582
13005,899.8699286663165,160024.2582731516,75559.50737984876,76867.13209105955,1917.57719521306,520.2039487494767,333.7111577375035,884.0312891203794,4.1689578614532914e-05,0.0270833196593225,96,69,97.1527908760832
13006,899.8874127492794,160020.7001821885,75542.75471093526,76875.32697451538,1931.0813470709836,524.0714577025792,337.4259745690797,889.9460393592017,-6.792354612913667e-05,0.0448014825085544,96,69,97.15301464379073
13007,899.8903124400293,159991.73207979536,75618.01187209299,76864.36706015166,1950.4411097508855,529.6667702958512,341.9694026162906,895.8061278373643,6.791762427897553e-05,0.0363249835967404,96,69,97.1532176791864
13008,899.9068316613902,159987.658093943,75586.02047012608,76839.53961570287,1975.812911313551,539.3598953586625,347.42333308735397,907.9055778801849,-4.167713940295444e-05,0.0271828572334304,96,69,97.15340013138254
13009,899.909901371267,160013.8859615385,75607.42057192356,76862.48658819756,1998.9049875329947,549.3219805885892,352.04373353661504,920.6336047388322,-6.589485120644267e-07,0.032120721283779,96,69,97.15356215011474
13010,899.9273818954539,159966.17135453646,75588.47205641597,76848.24867476945,2020.2317084024544,561.0067830878688,356.2044034555438,938.9718131636037,4.27356003514246e-05,0.0073633200290474,96,69,97.1537038857332
13011,899.9302001945689,159972.90388997275,75588.46140865306,76872.51515884502,2031.868936804065,569.2849342581176,358.32459291725536,955.0334146144451,-6.829988350292596e-05,-0.0149129897051401,96,69,97.1538254891957
13012,899.9467470058242,159943.52267390632,75547.24117335604,76846.32549518436,2036.6538954472053,575.2719267993816,359.16693835289334,972.7431537979865,6.747898661192934e-05,-0.0373116862462536,96,69,97.15392711205914
13013,899.9498787126977,159924.72022225452,75575.46421332624,76855.05748466325,2028.4233750978601,574.184823149073,357.3126876640599,983.8263202735397,-4.059305420728977e-05,-0.068332289273674,96,69,97.15400890647167
13014,899.96734378654,159920.18971676426,75587.98858292142,76875.78980672755,2011.970643641369,568.3014696699101,353.64691617293283,992.5488042732468,-1.969655629602156e-06,-0.0967858970163822,96,69,97.1540710251656
13015,899.9700848707588,159937.0817502219,75576.50893573392,76841.30582119401,1981.7830203534104,554.3297608729335,346.613696301094,991.3671677494422,4.376661458198715e-05,-0.1057854912259597,96,69,97.15411362144826
13016,899.9866689700781,159943.37760197397,75591.30148000507,76863.98978007959,1944.4081101216143,536.8013195704261,337.2873628952948,986.9551224282186,-6.865298605254607e-05,-0.1066502013874076,96,69,97.15413684919469
13017,899.9898593698666,159932.3434527687,75572.3834327505,76882.68701547055,1895.4726943377173,514.3476761909551,324.4041222582455,974.3268507097091,6.701786258246123e-05,-0.114522017365282,96,69,97.15414086283964
13018,900.0072981915607,160001.17989350538,75603.28499417858,76827.79337073806,1842.6187344361097,492.5271071265306,309.6581784427108,961.8105516186915,-3.949591691212301e-05,-0.1154984186349025,96,69,97.15412581736956
13019,900.0099673006698,159978.07144864122,75588.56836402004,76840.05717094413,1781.456536396232,469.786895633064,292.5468256357708,944.7057686560438,-3.278939882320942e-06,-0.1300746097440105,96,69,97.15409186831428
13020,900.0265981883997,160002.820365239,75578.5911964135,76880.63251052985,1720.4582459402736,451.0650272195344,275.91056243382627,931.457182902639,4.478228241438376e-05,-0.1367399805691677,96,69,97.15403917173948
13021,900.0298420299521,160038.04382120504,75570.18782778332,76848.81240645055,1655.337497978995,433.52298858750146,260.06487615956576,916.5474989684008,-6.898274807149383e-05,-0.102537958088397,96,69,97.15396788423791
13022,900.0472449812032,160034.94799754556,75580.67490552981,76829.27698128464,1594.2179673349601,420.3403623127815,247.9662757369806,906.537912064261,6.653442079617026e-05,-0.1115857266543876,96,69,97.15387816292184
13023,900.0498484225037,160055.55684747326,75573.68834391095,76834.12305369347,1531.5288490955136,407.00718877103645,238.98321829529596,893.8747397445841,-3.838610513002333e-05,-0.1094250804401554,96,69,97.1537701654148
13024,900.0665350869199,160035.22845931345,75549.67511948131,76826.0922350491,1474.7915299627348,396.0185760969907,234.51231387478765,884.5073645721131,-4.5863606960898215e-06,-0.1054934245235674,96,69,97.15364404984334
13025,900.0698253675712,160078.44308958665,75575.00932845802,76859.02137480598,1417.2264498715522,382.86907190956117,231.8806631604093,871.0359548863198,4.5782270138626186e-05,-0.1110071118723636,96,69,97.15349997482905
13026,900.0871841758409,160104.9293324873,75575.99157308394,76841.9543451064,1364.824600486958,370.3849486718391,230.64365482376888,859.563890372694,-6.928907198451318e-05,-0.1136829372218058,96,69,97.15333809948012
13027,900.0897292181874,160111.14682365113,75565.91556504914,76850.49277252641,1309.4793166592717,354.82029955678445,227.12154154622112,843.193747217796,6.602883712982229e-05,-0.116234204356917,96,69,97.15315858338352
13028,900.1064799121394,160130.47181532864,75580.37903414662,76826.11466182671,1257.6637590213213,340.2482474123244,221.34628562573926,829.2479075457377,-3.726400042191472e-05,-0.116082962311308,96,69,97.15296158659643
13029,900.1098080387354,160145.77530746115,75597.40475069874,76838.78515233066,1202.4143132377067,323.9586215324962,211.21581888679066,811.629106988752,-5.891478178467945e-06,-0.1121088693058346,96,69,97.15274726963804
13030,900.1271159799921,160186.2213293761,75579.78338060374,76847.22033056803,1151.3186012085062,310.25060357579787,198.91570763775962,797.1977333735267,4.676624996493293e-05,-0.1017828009086929,96,69,97.15251579348153
13031,900.1296106566139,160160.38514268107,75571.69798874618,76858.06447012123,1098.3528399541392,296.26545315029216,184.42143271467648,779.2376785412198,-6.957186824372757e-05,-0.1028663307731785,96,69,97.15226731954564
13032,900.1464327601306,160213.0379749392,75583.35843258735,76849.22690289415,1051.9948480182793,286.0213384646049,171.41535091531114,764.5046633694728,6.550129491398299e-05,-0.1075427124739674,96,69,97.15200200968664
13033,900.1497886754771,160229.5150029244,75589.74134356364,76837.09869213693,1005.8897338438546,276.12841770051455,160.05810224555898,746.1794641060405,-3.612998817621316e-05,-0.1027765036071509,96,69,97.15172002618928
13034,900.167040815407,160237.8733820824,75573.95782065463,76847.21078291186,966.8095136682969,269.62938419764396,152.83687489142176,730.2426148052036,-7.193853870134742e-06,-0.0959818139168732,96,69,97.1514215317594
13035,900.1694936311754,160238.9347914659,75578.30769782267,76857.17839478757,927.0359941448551,262.60212808003416,147.96975626578205,709.6909805327596,4.773389928961684e-05,-0.089686497915661,96,69,97.15110668951526
13036,900.186393618536,160314.4007398524,75591.54090395532,76851.03303364161,893.219106139848,258.04793112892366,146.1453127329005,690.9125167317106,-6.983105485031909e-05,-0.0849015751406163,96,69,97.15077566297884
13037,900.1897658678819,160316.6873566612,75584.8499421179,76854.55875752142,858.2092583066551,252.23989635259204,144.39659837909858,667.2084542837692,6.495198475118257e-05,-0.0934540736082712,96,69,97.15042861606798
13038,900.2069593667512,160350.8491446642,75574.72940877288,76859.46229208494,828.7573763984838,247.99126646733203,143.0975169382582,644.3199944430962,-3.498445768807765e-05,-0.0944388721151,96,69,97.1500657130875
13039,900.2093788763611,160356.02439477565,75582.65819712752,76865.06791487777,798.0305066409637,241.71351681179658,139.93652667061542,615.5448871983681,-8.493050147375174e-06,-0.0818336705429291,96,69,97.14968711872172
13040,900.2263624398884,160390.08623252198,75573.56659169908,76820.60892390509,772.6119184278068,236.392568096373,136.4851369971002,587.1587182576768,4.868490126003718e-05,-0.0872467689505135,96,69,97.14929299802483
13041,900.2297381105637,160439.0747355001,75592.49125337062,76878.90153270948,744.7997641840484,228.62078000399924,131.46786730582244,553.2325457444531,-7.006655817953951e-05,-0.0885618494613057,96,69,97.1488835164135
13042,900.2468726672865,160478.92688709148,75602.94270647105,76870.71698813957,719.3401277342928,221.1288102320541,126.92321021301905,520.153189033299,6.438110433922557e-05,-0.0981569735655859,96,69,97.14845883965748
13043,900.2492668299838,160515.79622498923,75608.29104336632,76860.66743908172,688.1667222817778,210.85359812367824,121.74095680177561,482.892930130125,-3.382780150989645e-05,-0.1157495256532788,96,69,97.14801913387252
13044,900.266339289136,160527.83894034222,75592.98844142132,76880.1434755617,656.7421300907154,201.0318383731501,117.90058889711509,448.576890288532,-9.788630901033715e-06,-0.1138267141825763,96,69,97.14756456551032
13045,900.2697036578464,160588.7019665056,75607.50418464513,76848.99991031164,618.6758759221993,189.2536863963178,113.98973440297414,412.3058168962598,4.961894500681473e-05,-0.0979483193720001,96,69,97.14709530135154
13046,900.286782296684,160634.62795033518,75620.65808394176,76874.96989084342,580.3364091445692,178.7104956790863,111.33707889460493,379.7616640673077,-7.027831280157931e-05,-0.100038969042447,96,69,97.14661150849626
13047,900.2891573464665,160683.9132923962,75632.12288432333,76866.54840169266,536.6175759687321,166.96416608478467,107.83869372788467,345.0085321152292,6.378885862893966e-05,-0.1025036042062367,96,69,97.146113354356
13048,900.3063246927487,160674.07371736653,75625.40102602908,76848.13206416361,493.60483293788275,156.33540683476895,103.98830100495252,312.5010442780331,-3.266041644134565e-05,-0.087653631219824,96,69,97.14560100664532
13049,900.3096601131175,160715.38439027552,75648.51847728719,76880.1782455263,444.7605672068312,143.10244534329104,96.87989308792748,275.5109086520388,-1.108016142257966e-05,-0.0845126309626521,96,69,97.14507463337269
13050,900.326690932308,160790.6410816639,75657.75197215211,76878.36464332487,393.03030013560783,127.82488735210791,86.5447884327441,237.737631195836,5.0535725537261485e-05,-0.0845687766139868,96,69,97.14453440283276
13051,900.3290489212972,160810.6744124224,75627.90500129004,76884.92938769632,330.6716253593913,106.53913804885815,70.82306036233786,193.93214013430406,-7.046626081610562e-05,-0.0800547652464863,96,69,97.14398048359756
13052,900.3463206803973,160857.12777387834,75627.35668717977,76885.2707871597,261.2630509461742,81.0697772482672,51.73363590921508,150.07311979538645,6.317545982367269e-05,-0.0802786576040227,96,69,97.14341304450748
13053,900.3496030251998,160909.75510819,75594.01547077995,76878.37206931155,181.83933704014635,51.068780987974606,30.19890282000415,103.88685857359087,-3.148270215139463e-05,-0.0630771128007016,96,69,97.14283225466365
13054,900.3666043610062,160942.57504988374,75609.17600425927,76879.85612067119,103.68400249251863,23.130166625152924,11.617830132687232,63.34931206674082,-1.2367208619279284e-05,-0.0339365371823279,96,69,97.14223828341872
13055,900.3689356819235,161002.40712082016,75621.99773479771,76878.11110242184,35.6654248231207,2.6429070045996923,-0.0,28.47804599200026,5.143494368307493e-05,-0.0369135492593505,96,69,97.14163130036856
13056,900.3863353914825,161017.24747038237,75624.04721491109,76851.36265026017,-0.0,-0.0,2.1312694391817786,7.675806040962925,-7.0630352761642e-05,-0.0563459117414219,96,69,97.14101147534348
13057,900.3895184950607,161019.00924252853,75638.24780311775,76870.92339426572,13.307118790922686,21.39576735724404,20.99457407882437,-0.0,6.254112690999458e-05,-0.0537303016114725,96,69,97.14037897840032
13058,900.4065443130825,161017.9174733615,75622.22522938969,76878.32134314923,97.03830970125273,73.26608266330732,59.599849128280766,10.674496053776238,-3.0295061725149545e-05,-0.0700227090585894,96,69,97.13973397981286
13059,900.4087825648411,161008.17939264674,75621.14177309816,76850.64815213115,259.2150847328594,154.57921182030987,115.4548830948479,35.96247425882029,-1.3649341094810072e-05,-0.0679775336407214,96,69,97.13907665006415
13060,900.4264408171307,160940.9958191195,75623.18054592771,76866.01879786633,503.10187296709046,261.7227380658587,185.34505216110847,77.68706409516744,5.231630634004597e-05,-0.0589302040119805,96,69,97.1384071598376
13061,900.429165453866,160853.40771005873,75628.44637923856,76887.80687323402,814.2993228807463,384.0947114530427,261.4920788369491,129.6131289518671,-7.077054709281596e-05,-0.0609087742732635,96,69,97.13772568000832
13062,900.4457700147283,160847.66011256084,75591.38046165064,76877.96772198689,1172.7855096985004,510.72728065177216,337.56935418839566,191.43481755894027,6.188608603423735e-05,-0.05055517131677,96,69,97.13703238163475
13063,900.4488641263513,160779.96620983395,75633.79226209297,76880.7415515674,1547.832233519759,628.8066268738185,405.96951906062895,257.1057464769692,-2.909790118254387e-05,-0.0428234594844207,96,69,97.13632743594972
13064,900.466353979878,160707.7248736185,75586.17485411778,76843.07135474302,1910.8799874317483,729.3574187876366,462.95528460966307,325.9725015970471,-1.492612964397827e-05,-0.0456480585586102,96,69,97.1356110143524
13065,900.4690790825666,160653.93604696504,75587.0866544423,76863.0831607991,2234.0007584519335,805.8229325265565,505.3010476558411,392.56781546317507,5.3179526979215365e-05,0.0023708149516911,96,69,97.13488328839924
13066,900.4856727457774,160567.65385085574,75572.75868430897,76879.98291369548,2499.067177157034,856.832933478101,533.8717158392246,456.5200566475396,-7.088681048678085e-05,0.1996341316460289,96,69,97.13414442979575
13067,900.4888584380074,160542.11065306843,75590.75556062775,76863.27944980431,2694.8527647692827,883.5882911266817,549.3525255273271,513.5702889564564,6.12105697619917e-05,0.3784585231446772,96,69,97.13339461038748
13068,900.5062982497968,160436.65227401617,75612.36802240487,76879.59024363152,2820.0619025515043,890.1225960778975,554.8048424309236,563.9952312142705,-2.7891629720101216e-05,0.0449059524794686,96,69,97.13263400215187
13069,900.5089692792255,160435.2996488425,75589.48150899049,76861.88750812145,2879.5250439247466,881.1166927623563,551.8050928285811,605.2900818705966,-1.6197146784090465e-05,-0.3826715130975505,96,69,97.13186277718944
13070,900.5255958603542,160376.18320074584,75584.53837160199,76846.69038417081,2883.318489917612,861.4505723793991,543.2497809259512,639.5243176581862,5.402432490196651e-05,-0.1328742764459407,96,69,97.1310811077152
13071,900.5288459991087,160380.8951599422,75579.45371677812,76878.85910766458,2844.6114501120173,835.5519440462376,530.3375360091741,666.6298405989946,-7.097911768167209e-05,-0.0387402081857899,96,69,97.13028916605008
13072,900.5462410350351,160363.98373461663,75592.31899949911,76863.46895264194,2777.188804215635,806.755025123537,515.4160619906615,689.795835545141,6.0514817938623926e-05,-0.1007703004469799,96,69,97.1294871246125
13073,900.5488537181752,160330.32540932164,75573.22285013019,76861.62168864385,2695.9515910694026,778.0999256888317,499.47569090663455,709.7134856190823,-2.6676659368664564e-05,-0.038305862870118,96,69,97.12867515590928
13074,900.5655299732075,160299.5978254536,75613.55349461258,76853.41482247358,2612.515836342587,751.039083566473,484.58840924708056,728.9225524998619,-1.7461967323559708e-05,-0.0698519894737187,96,69,97.12785343252796
13075,900.5688317116908,160293.3910015925,75592.00569186673,76854.43062105104,2537.9149297787226,727.2597138283454,471.3968564195675,747.1713184253313,5.48504260381328e-05,-0.0551271553229996,96,69,97.12702212712728
13076,900.5861781787271,160272.94754782954,75599.08329142166,76871.7012454287,2476.6508280417183,706.6566107696272,461.00935300893616,765.0214524171024,-7.104745128298684e-05,-0.0634267571266469,96,69,97.12618141242926
13077,900.5887363017779,160268.21259331494,75609.87916626509,76877.40339871618,2432.1217633060296,690.0359516387689,452.9136178045883,780.9498595831974,5.9799076846310905e-05,-0.0793613129656584,96,69,97.12533146121002
13078,900.6054732214582,160227.36695786222,75562.1949496823,76847.81732757676,2399.8052696014056,676.1590023510507,446.8306527453533,794.4772405395051,-2.5453404711899662e-05,-0.055720234905025,96,69,97.12447244629196
13079,900.6088157964589,160242.47257273868,75602.27115029735,76842.3453454774,2376.559188724903,665.3319599493261,441.2730995058955,804.2761133388558,-1.872016846608782e-05,-0.0737216673195721,96,69,97.12360454053452
13080,900.6261086981567,160229.63348131764,75580.6741607969,76818.91416606893,2353.6060381229036,655.6790183627745,435.39223775998107,810.2707041290705,5.56575628055759e-05,-0.0735483698029796,96,69,97.12272791682608
13081,900.6286189179107,160228.8603202928,75607.40236214983,76864.34487922523,2328.3338207916822,647.4656567749917,428.09736417693784,812.5780545405287,-7.109180250270478e-05,-0.0435511309621267,96,69,97.12184274807515
13082,900.645424976894,160240.05484951983,75595.81566265295,76869.22918702576,2294.812558913545,638.5457076216408,419.4931224939355,812.431992436148,5.9063599257399617e-05,-0.040174594255633,96,69,97.12094920720185
13083,900.648797465841,160211.68026264184,75597.24630507486,76866.84702796936,2256.6867053218884,629.7894093119248,409.95492739317706,811.4570360577491,-2.4222283100131543e-05,-0.0408870319291096,96,69,97.1200474671295
13084,900.6660325424089,160226.807393589,75585.43870191766,76851.1453499572,2214.2189639315475,619.9176035267592,400.7465643545438,811.4147943840944,-1.997132987372097e-05,-0.0319228602250998,96,69,97.11913770077577
13085,900.6685028513044,160227.19654172802,75592.8376286698,76855.8225734266,2176.655857551319,611.3432349585928,393.0458647311898,814.1096686139354,5.644547397097334e-05,-0.0242180765935374,96,69,97.11822008104475
13086,900.6853848976565,160231.88728978773,75566.92297743901,76866.69434919297,2145.5812624529353,603.6471364861645,388.00697719317395,820.2999764425913,-7.111216987599099e-05,-0.0155346408941708,96,69,97.11729478081786
13087,900.6887755922023,160223.83825376566,75590.52142663335,76847.15124250075,2129.288244615658,599.8919831953972,386.1813921193825,830.3815625644638,5.830864490317928e-05,0.0013479800704551,96,69,97.11636197294524
13088,900.7059501497383,160207.1196703847,75569.0450203208,76859.18485546194,2125.3296705261455,599.1822221339098,387.5130377642636,843.0025111763971,-2.2983714060730267e-05,0.001945056677144,96,69,97.11542183023796
13089,900.7083890561457,160156.35212704673,75558.65933040906,76854.9735123662,2137.563471000176,603.5683399368572,391.46281004406046,856.9975592094997,-2.1215033816535712e-05,-0.0005024997671893,96,69,97.11447452545904
13090,900.7253527359096,160182.2357280198,75609.67541341981,76867.36608176521,2157.97373979236,610.159837718209,396.93248408313957,869.8856108958425,5.721390505282328e-05,0.0110706401409354,96,69,97.11352023131468
13091,900.728748857245,160149.5923844503,75580.09686282094,76870.9065736638,2187.152808154584,619.5866414782358,402.93317106485483,880.6665282605973,-7.110856074551122e-05,0.0124216248303006,96,69,97.1125591204464
13092,900.7458623742396,160160.91297847265,75579.61119638299,76863.25558126994,2214.923496188654,627.9824102162238,408.21930252440507,887.7143273186521,5.7534479260578565e-05,0.0113466042523947,96,69,97.11159136542216
13093,900.7482781465616,160138.59077623682,75588.5268687753,76866.94827129754,2241.8305274158483,636.0924385286489,412.2492763274058,891.7166000782745,-2.173811949899302e-05,-0.0073930416873141,96,69,97.11061713872826
13094,900.7653283782272,160157.59475886097,75577.15111714297,76868.80605791407,2257.5856001809007,640.3802476011333,414.3154270465602,892.4940878974157,-2.2450865127389466e-05,-0.0452371583321595,96,69,97.10963661276048
13095,900.7687157005876,160149.56961538678,75581.98948548819,76868.49774612153,2264.971805919078,642.7788636167534,414.7137572137872,891.9338815898518,5.79626085341424e-05,-0.0496060494231228,96,69,97.10864995981557
13096,900.7857705979744,160175.83802153682,75569.65720848896,76834.88177408333,2256.4021505531855,640.6932995402603,413.2779040991445,890.119223389338,-7.108099017934721e-05,-0.0728759735550211,96,69,97.10765735208363
13097,900.7881701933992,160134.37591231556,75565.92931639022,76869.46846289684,2238.2214035349316,636.7372098038613,410.65406327537494,888.6478636928077,5.6741374848710006e-05,-0.1055171895612844,96,69,97.1066589616386
13098,900.8053121079672,160138.06440205337,75558.75186694591,76862.82105514788,2204.8230765504995,628.0229391108733,406.3718976615637,886.6226354604296,-2.048592344796367e-05,-0.1237224711255103,96,69,97.10565496043093
13099,900.8086740054212,160174.97342999297,75574.3105670327,76865.01289878698,2165.0162625285448,617.1817105628725,400.68849182125996,884.7249311475898,-2.3678412064802425e-05,-0.1247031382551714,96,69,97.10464552027828
13100,900.8256771682812,160148.4825245255,75583.68186962846,76870.68398440565,2114.0261179802474,601.3113506765221,392.57351527755964,881.21282679867,5.869134312301036e-05,-0.1234516063143605,96,69,97.10363081285772
13101,900.8280640916842,160174.57879020428,75588.75156791498,76857.20693947044,2060.6367632076726,583.4281994079938,382.17604022470186,876.3971386636258,-7.102948151068998e-05,-0.1215502108517431,96,69,97.10261100969704
13102,900.8453054573556,160176.0883474998,75576.38878484358,76838.13376931188,1998.1786662287195,560.8494058997458,368.63769111482543,868.440077861509,5.5929609847129934e-05,-0.1183703842483027,96,69,97.1015862821669
13103,900.8486199594493,160153.97701618014,75574.91022462957,76860.72117074381,1935.2141541050514,537.5675069113204,353.04162436691695,858.085431909014,-1.922755205527232e-05,-0.1158373235628154,96,69,97.10055680147184
13104,900.8655870208842,160214.265621644,75585.14447565557,76869.5132379455,1865.1060131425038,511.6894439160387,335.5629678084224,844.1480898717418,-2.4897265378319647e-05,-0.1073752454010656,96,69,97.09952273864246
13105,900.8679551548454,160222.1116572183,75569.55656579147,76877.94585247361,1797.2431704126066,487.7018584795587,318.2609020708769,828.1663067922927,5.939987505573006e-05,-0.0989687055757874,96,69,97.0984842645268
13106,900.8853148166568,160214.5158799083,75607.12940331167,76863.18403103985,1724.8617555811652,463.2400710885413,301.4282151888474,809.6060289339221,-7.095406584493824e-05,-0.1129007537011518,96,69,97.0974415497825
13107,900.8885424432676,160250.73588574707,75571.0114295704,76868.79020183338,1658.696415775281,442.45835482543043,286.7595164224913,790.5509451883554,5.5099468796381735e-05,-0.1234792944496547,96,69,97.09639476486784
13108,900.9055169875668,160282.45557475122,75581.61763585931,76874.281383983,1592.2798720253631,422.2813758369157,273.484665211261,770.7247205567546,-1.7963433022049215e-05,-0.1215439228680738,96,69,97.09534408003428
13109,900.9078183954838,160259.07079863737,75585.31022136201,76856.35691666791,1535.895476859354,406.24509464814037,262.3233143397665,752.1090795501368,-2.6107019212897176e-05,-0.1179679712658448,96,69,97.09428966531762
13110,900.9253851366057,160318.08700661943,75586.16886275046,76865.42248914101,1480.6005296154763,390.50359049916733,251.71919081435772,733.9969664591772,6.008797698464381e-05,-0.1156758017244473,96,69,97.09323169053026
13111,900.9283384373748,160327.78217345968,75574.99754669165,76824.68948163945,1435.585628107423,378.75772164775117,242.5865115368797,717.720245285047,-7.085478273509249e-05,-0.1085735604811571,96,69,97.09217032525244
13112,900.9459146580854,160347.23561626577,75582.47310234055,76867.14467732066,1389.7560485485592,366.99643162802386,233.79583711037412,701.7926571680873,5.425124248325156e-05,-0.1104246940175234,96,69,97.09110573882468
13113,900.9482298656496,160333.77872374986,75574.94262778162,76841.54961572816,1351.116212770983,358.7410683843482,226.9084523714555,686.7046911617799,-1.6693995818192014e-05,-0.1100068328644208,96,69,97.09003810033909
13114,900.9651887702096,160360.520968349,75551.12767884428,76895.55183104091,1307.1813423030544,349.2645109667501,220.81247454884578,670.4041349527542,-2.7307271051381302e-05,-0.0960800187132445,96,69,97.08896757863172
13115,900.968398523224,160397.81030909324,75579.13232281804,76859.7140476163,1266.0263349786983,341.5500733457011,216.7187786642171,653.0733079944912,6.075542887112727e-05,-0.0986877908324935,96,69,97.08789434227404
13116,900.98579090151,160401.60604951472,75559.44401338256,76865.90979486275,1216.724029861798,330.9663293503545,212.76605873194057,632.92032735658,-7.073167926668958e-05,-0.1159588053317275,96,69,97.08681855956516
13117,900.988148211163,160422.67172807903,75584.21479508176,76861.31985828522,1169.871089223947,321.2971699196205,209.62057660653954,610.580725819571,5.3385226898670674e-05,-0.1080189314729251,96,69,97.0857403985234
13118,901.005120165367,160465.60888442525,75554.6849248242,76876.54191309906,1115.5173187602195,308.6698215465294,204.9474827401864,585.0356544447131,-1.5419671785557263e-05,-0.1074313399746531,96,69,97.08466002687864
13119,901.0083976515276,160473.84904922094,75566.75708313326,76897.45693005125,1065.8403191099642,298.0783483317646,199.76280242708162,557.6355372494145,-2.84976216683571e-05,-0.1082424973854024,96,69,97.08357761206392
13120,901.025695245126,160495.27643509972,75591.46203414978,76876.97376040382,1012.2027373207966,286.6161515889544,192.49183538393117,528.2178269101714,6.140201781712765e-05,-0.0962957510136518,96,69,97.08249332120774
13121,901.0280455070248,160553.91939825058,75601.2026547117,76867.30415266467,967.508395826153,279.37939264194574,185.19898549161735,498.5865256639081,-7.058481096127567e-05,-0.1012365685853083,96,69,97.08140732112588
13122,901.0450760766004,160546.98469728706,75589.37218258412,76867.44007392746,921.3198225802043,272.00879042607266,176.75081265938934,468.89799914861214,5.250172499775573e-05,-0.0949996250377391,96,69,97.0803197783133
13123,901.0483798611532,160607.3827986442,75622.63217609299,76862.1948777178,885.1464417927782,267.95237019880733,169.46666665034718,440.68140450527426,-1.4140893123405588e-05,-0.0867231119067562,96,69,97.07923085893664
13124,901.06560379261,160651.47991696832,75606.20253509245,76829.04929869875,846.985831200087,261.5210254381236,161.95749166139285,413.6864651738433,-2.9677675565803505e-05,-0.0904798102577195,96,69,97.07814072882624
13125,901.0679373380736,160652.66651031282,75598.15306772888,76854.56193822832,816.7311048222473,255.61128074952285,156.185366801481,388.5570289014431,6.20275377893582e-05,-0.0906881692211586,96,69,97.0770495534674
13126,901.0850468423698,160633.60889205808,75563.24935255667,76862.5843762085,779.7340740569634,244.60615919189877,150.07784981859731,364.46545977532514,-7.041424131506933e-05,-0.0852852184850991,96,69,97.07595749799366
13127,901.08834991223,160685.16431696052,75580.51080246076,76876.77031489843,745.9390938933357,232.92554177361308,145.47427226658328,341.4554701781599,5.160104440542082e-05,-0.0851338652635293,96,69,97.07486472717856
13128,901.105513675406,160733.04454157143,75572.31422108074,76890.64117112776,702.6829213757883,217.02948110819852,140.32804501711507,318.66769836028107,-1.2858093645882164e-05,-0.0837023908157941,96,69,97.07377140542718
13129,901.107826464161,160752.67018082156,75600.49349302967,76869.57293733605,662.8344300870667,202.85758420277853,136.63642967489432,295.9405139410228,-3.08470411065585e-05,-0.0830950644290099,96,69,97.07267769676938
13130,901.125031364234,160766.02046176884,75609.63793936318,76852.99011195087,615.0071520595811,186.83662354879198,131.95069775663433,272.5110824664007,6.263179017859808e-05,-0.0992391617966662,96,69,97.0715837648514
13131,901.128305986294,160816.8250729861,75575.292396292,76858.84367218129,573.4938211585395,174.17400108082802,127.96745219943114,247.83163161054836,-7.022004128352058e-05,-0.1047807497838309,96,69,97.07048977292818
13132,901.145427969735,160781.30375362028,75621.63394100826,76844.3033180938,526.3059535773937,159.82504659850383,121.63322514042375,221.10491755823023,5.068349879960149e-05,-0.082353682844467,96,69,97.06939588385578
13133,901.1477097591488,160838.76294711995,75622.04331257497,76859.37377457145,484.64473283762345,147.0627842211543,114.09063793494715,191.7061533271044,-1.1571708219792344e-05,-0.0865650727553769,96,69,97.0683022600838
13134,901.1650349834006,160886.581172669,75610.62216058641,76859.7119444718,431.0670952195069,128.94158954509476,101.65239241914242,159.7423440051789,-3.200532999897348e-05,-0.0904243464117074,96,69,97.06720906364724
13135,901.1682379325878,160930.86891440232,75627.20480631082,76887.32997754095,374.3373294266057,108.64773788004823,85.96938805855461,125.57471267215442,6.321458374767499e-05,-0.0686378064305462,96,69,97.06611645615952
13136,901.1853620148232,160950.11494214946,75640.95122748788,76868.0180688163,298.18589900870575,81.06200682175404,64.79281935319887,91.03786028182367,-7.000229025299365e-05,-0.0497538323943509,96,69,97.06502459880429
13137,901.1875645284528,160958.8513820708,75603.25670616946,76858.02483719931,217.18785188090988,52.88233502532239,42.40713672954007,57.92234948804253,4.974940749115227e-05,-0.0454596571026859,96,69,97.06393365232822
13138,901.20509839843,161014.1620475854,75595.74734072409,76882.77459532963,124.57819575804751,23.446232425645576,19.63408292416716,29.8320098821423,-1.0282172524207298e-05,-0.0623638035271847,96,69,97.06284377703344
13139,901.2080559659424,161038.17732823998,75590.70351910792,76892.44083222313,49.83347635756945,4.772228949004784,4.432123473932734,9.205950521340128,-3.315215804916049e-05,-0.07641590778645,96,69,97.06175513276986
13140,901.225644040624,161046.29248921937,75623.5096477511,76887.50652162728,-0.0,-0.0,-0.0,-0.0,6.377573443065627e-05,-0.0951937018582746,96,69,97.06066787892786
13141,901.2280754403456,161029.9434413484,75602.86946689317,76876.28029746578,12.965578208386432,21.882301171615836,14.590464980574325,3.5777502610872034,-6.97610753888595e-05,-0.0883740512519286,96,69,97.05958217443045
13142,901.2449066457624,161011.44473585478,75613.88346741033,76861.54587515723,94.01532385428436,70.209199186982,48.50226860732073,22.450253513175994,4.879909499888792e-05,-0.0788511304820239,96,69,97.05849817772648
13143,901.2481047124616,161010.44180395335,75600.37077929695,76899.56127997336,267.91155911877286,150.40207256581925,104.42530758146313,55.4019494773529,-8.989923386025563e-06,-0.0797317445591392,96,69,97.05741604678288
13144,901.2655404113812,160955.85280357712,75597.1863122156,76881.27733423776,518.7022781841806,252.97010199645592,175.62583027919754,102.3776499532396,-3.4287145516422926e-05,-0.0772553310713073,96,69,97.05633593907709
13145,901.267983664191,160864.46593123855,75592.11502255512,76860.51208853138,845.717229747097,373.9149203734705,258.2169967923837,159.30618177066208,6.431506569115192e-05,-0.0907697405207453,96,69,97.05525801159013
13146,901.284834661618,160821.31248423806,75592.6668366929,76878.14977715451,1207.7218527191435,496.1872511153488,340.5241770920402,224.6472288260411,-6.949649173269631e-05,-0.0750073129317487,96,69,97.054182420799
13147,901.2881011473692,160734.07956472842,75590.76676088592,76872.68458310074,1587.2046329668374,612.6537533333758,417.2576640294574,293.32427501137136,4.7832891096138825e-05,-0.0190891777097066,96,69,97.05310932266984
13148,901.3054592340112,160683.02980714038,75612.9020640822,76875.92847072796,1938.4424789304612,708.4704156913358,478.84197397885146,363.9152272757783,-7.69539785424289e-06,0.1625670161019929,96,69,97.05203887265029
13149,901.3078733365486,160643.81095156426,75611.46526219284,76874.224947764,2250.75854835927,782.6569142691733,524.7006718937191,431.7058564739418,-3.540991662458161e-05,0.3956908758926366,96,69,97.05097122566217
13150,901.3247845703048,160538.3539277336,75613.0454585531,76898.71516551785,2491.800911647908,828.0701629099785,550.580607306736,496.56051028022193,6.483240837440491e-05,0.1392020865996598,96,69,97.04990653609492
13151,901.3280846075112,160512.25554483113,75599.96131927855,76904.05548384003,2669.1239058281644,851.5202077083377,561.2885289317637,554.6194649203098,-6.920864203125526e-05,-0.3522099652346662,96,69,97.04884495779793
13152,901.3453796183412,160439.60515245027,75553.97405724705,76887.84768319217,2769.4856969787506,852.2343626777438,556.9483024204965,606.687088098668,4.685113098979348e-05,-0.1487494929831048,96,69,97.04778664407368
13153,901.3477578620068,160415.94402125353,75591.30003811643,76879.10975918159,2816.00033411372,840.5276889631641,545.1357542348269,649.7234354630345,-6.39903370657792e-06,0.0061914607213422,96,69,97.04673174767076
13154,901.3647485418018,160351.51692077474,75588.77867066627,76862.06140164864,2804.4376512001036,816.0427433624136,526.49165159525,686.2556560265075,-3.652009993135496e-05,-0.0646568981377231,96,69,97.04568042077642
13155,901.3680585896072,160319.55916775268,75622.13008661543,76865.51244039006,2763.2519348352216,788.0571417895262,507.8585784575844,714.8109637638845,6.532760082948157e-05,-0.0029879475243982,96,69,97.04463281500996
13156,901.3852993212536,160298.73688984566,75578.94789506601,76885.39352098844,2690.905177819426,754.9652832993161,488.2432666707027,739.4678177424357,-6.889763698379076e-05,-0.0085789789502548,96,69,97.04358908141612
13157,901.3876395429022,160323.81759384545,75578.6835202084,76858.56101628856,2615.350886136177,724.7130103049567,472.4006751488778,759.662645367498,4.585415452419622e-05,-0.0015727637049124,96,69,97.04254937045702
13158,901.4047260206466,160306.24494588262,75597.8051518324,76860.58285550367,2530.8739592353813,694.2966099728656,457.01110152626643,779.9426418778894,-5.101269226527433e-06,0.0006206091899161,96,69,97.0415138320066
13159,901.4080210231624,160259.44886746802,75576.6629045611,76897.09455871068,2460.765417268616,670.7561563446216,445.4812126356992,798.67727211499,-3.761732849238355e-05,0.0161993647641566,96,69,97.04048261534288
13160,901.4252211133644,160230.24148609847,75576.49371627445,76877.09478164755,2394.2494043508777,650.3221117054054,434.05622310435865,818.4797114428366,6.580048921809012e-05,0.0260251668961722,96,69,97.03945586914143
13161,901.4275158064476,160214.6545742455,75578.77321432265,76880.37095545664,2347.9286220152862,638.3961530028173,426.1188077105908,835.6594561797392,-6.856359483671762e-05,0.0226386112712074,96,69,97.03843374146872
13162,901.4447217080416,160213.12858734844,75587.70421673647,76879.93793526987,2302.9597343539936,628.656131524287,417.62105327475,851.8137121456384,4.4842306857248496e-05,0.0244151941418453,96,69,97.03741637977528
13163,901.4479630478988,160198.23008257776,75564.70459755608,76870.38746108592,2270.8133228741935,624.2997236595984,411.88328844233183,862.8875988768123,-3.802542550668744e-06,0.0299670866710417,96,69,97.03640393088864
13164,901.465157654936,160211.55824590437,75594.67786566241,76858.3126711049,2231.25969380734,617.8224894539453,404.7917186053819,871.1062079711992,-3.870124002709338e-05,0.0406385678489884,96,69,97.0353965410078
13165,901.467368666401,160168.94957509858,75582.3226582947,76851.5118984271,2196.955883484392,612.1757297673466,399.48406334931497,873.9341166935337,6.625092688781646e-05,0.0403765003002356,96,69,97.03439435569528
13166,901.4847673761478,160188.74253737854,75594.87155982072,76877.37161498636,2150.467760095373,600.7473647113366,391.58124541665893,875.7219351411914,-6.820664144822824e-05,0.032973962834848,96,69,97.0333975198711
13167,901.4878173628024,160206.91809107532,75562.3989207578,76845.90370513934,2110.5379860751564,589.0221504931396,384.79932796483627,875.3097539040027,4.3815937568507335e-05,0.0412711330067651,96,69,97.03240617780648
13168,901.505322493814,160196.3766692933,75605.66911013878,76868.34658633436,2065.8114700729493,573.448000186967,375.70028242102126,877.5701122370665,-2.503292332732361e-06,0.0618067320326908,96,69,97.03142047311717
13169,901.5079553235012,160194.1254399565,75581.513878801,76873.31766082346,2038.1278335173847,561.6298805907281,368.82991337007843,881.0372680135479,-3.977147666685826e-05,0.068772317003353,96,69,97.03044054875669
13170,901.5246063885454,160182.9473953752,75581.64561715914,76872.72808195397,2016.0842885916354,550.9191555908183,361.30386626475956,889.3720919076004,6.66787750917167e-05,0.0739644308029658,96,69,97.02946654701032
13171,901.5278398367392,160169.8044301926,75610.71210224694,76893.07010377204,2017.3484837437863,547.960679424461,357.5907190181315,899.626716519444,-6.782691095770324e-05,0.0869047922397114,96,69,97.02849860948876
13172,901.5452470283522,160158.21709885614,75592.18749509346,76847.3339291152,2026.0525043975213,548.5620722988388,354.7084127913986,913.5306684221723,4.277540151993292e-05,0.0815953149329809,96,69,97.02753687712112
13173,901.5478501407864,160150.0146739257,75607.9561319147,76891.52183550815,2055.036570064258,557.1395460583735,356.76565485529136,926.6733183411707,-1.2039567709877545e-06,0.0919659622630087,96,69,97.02658149014952
13174,901.5645345050358,160149.09681824408,75550.29023295427,76858.47480655102,2083.1267094495124,566.8371024490916,359.8316941683006,940.2939595238422,-4.082768564116082e-05,0.1016284417780395,96,69,97.02563258812238
13175,901.56782884505,160111.25528921827,75588.00375234567,76856.93499317527,2119.807931753865,579.8713039749418,366.9192070326826,950.3802885745536,6.708390289925765e-05,0.0980781359866512,96,69,97.02469030988816
13176,901.5851826848752,160114.752925517,75611.97171993306,76891.46036588549,2144.590245716914,588.8007936908252,373.3688280908973,958.7240258071106,-6.742454437288058e-05,0.0811029964351711,96,69,97.02375479358928
13177,901.5877329016212,160138.6496956006,75609.11574860157,76895.42642891643,2169.343125475163,596.3593459972908,381.5506240640534,962.3768307912687,4.172105746176428e-05,0.0653747454732781,96,69,97.02282617665604
13178,901.6044785838342,160117.50349134274,75563.60663582136,76881.53200449883,2175.359843760729,596.2746868146787,386.07121098419884,964.407878188038,9.50260075302124e-08,0.0322432448032151,96,69,97.02190459580072
13179,901.607811283489,160110.74596180144,75603.37021918604,76856.4548503662,2176.4745536730625,593.0119040826103,389.05002943982254,963.0248426635517,-4.186951905384592e-05,-0.0039257832483202,96,69,97.0209901870109
13180,901.6251155626204,160123.51950640068,75608.24317978621,76880.79362764314,2157.2421952992445,582.6234873283538,385.8907816375722,961.4733722216915,6.746618694245659e-05,-0.0201454923176232,96,69,97.02008308554434
13181,901.6276124842612,160123.31303580268,75593.66898893466,76895.68618709201,2133.70626384794,571.1604103336867,380.0798834807647,957.8978952024772,-6.699969077328089e-05,-0.0382997099612796,96,69,97.0191834259222
13182,901.644434042758,160126.4396723878,75580.25890117593,76879.30289147438,2090.6628327754443,555.0436280664144,368.52108641539235,955.0687880161568,4.065326909385987e-05,-0.0431321288339156,96,69,97.01829134192388
13183,901.6477885637946,160160.46919130464,75619.89222424716,76860.68163330905,2044.4585693663103,539.8770884521073,356.2317530194705,950.4788529116486,1.3932181755373406e-06,-0.0336246896672647,96,69,97.01740696658038
13184,901.6650445384332,160143.33720150343,75615.28210650344,76868.908340197,1981.9842058519134,521.6763242709276,341.44306099641835,945.5895056020527,-4.289663410145584e-05,-0.0310343895273556,96,69,97.01653043216947
13185,901.6674904366344,160153.62086510597,75592.65669286928,76875.5199764907,1921.031975914375,505.2210215176601,329.23623173791566,937.2386351694004,6.782551158360876e-05,-0.0384084745014706,96,69,97.01566187020866
13186,901.6844009363202,160140.12488494892,75588.3079375047,76894.12155478015,1848.3644241148722,485.59482408771873,316.5091346835252,926.7463076187123,-6.65525062752512e-05,-0.0314785165037327,96,69,97.01480141145076
13187,901.6877585434468,160183.8141055869,75600.86723168578,76904.30257644686,1781.4270480361301,467.1135400038911,306.4292015641404,911.7213198208774,3.957240423079491e-05,-0.0377870603255216,96,69,97.01394918587712
13188,901.7049717300332,160199.87360679332,75589.04026855621,76858.26053949428,1707.4804558861651,445.38082784875587,294.5141651860613,894.2204328071966,2.690182670362529e-06,-0.0654020744859478,96,69,97.01310532269264
13189,901.7073652301636,160211.29027173668,75628.138812562,76889.48409892345,1642.8973142074537,425.1870858452021,283.14388230384793,873.2681808395428,-4.390869293427251e-05,-0.0638223997657892,96,69,97.01226995032044
13190,901.724382568478,160238.05242707214,75603.09377712758,76901.74098831309,1572.6274716283078,402.4892176985886,268.0419821215619,851.8231998738192,6.816176914733481e-05,-0.0831739224046842,96,69,97.0114431963952
13191,901.7277148098512,160289.44412946128,75620.37124281726,76865.41265480412,1511.7641634735046,382.50233191369625,252.94903823235654,829.3759697745845,-6.60831548995635e-05,-0.0821145713100761,96,69,97.01062518775858
13192,901.744905490061,160293.18718460464,75604.55130463777,76877.44812339301,1446.2136894835858,361.9377078536345,235.7797736012435,807.9563663175795,3.847883486564531e-05,-0.0691809939270385,96,69,97.00981605045372
13193,901.747225884888,160312.8998938008,75593.04965162162,76881.45175475655,1391.3918718845234,346.02348633290967,221.7554182803142,786.2163061193423,3.9854828532124585e-06,-0.0731169727757029,96,69,97.00901590971944
13194,901.764398307174,160314.01353113484,75612.88393670967,76878.1753226827,1332.6232536691823,330.86624528803804,209.04378654394532,765.007071457745,-4.490536342422178e-05,-0.0814846709661056,96,69,97.00822488998534
13195,901.7676176710224,160351.62526067175,75586.34777881704,76855.37125887262,1285.1564500452369,320.8637431990501,201.9679216039076,742.6090410827892,6.847485960046231e-05,-0.1085933958476902,96,69,97.00744311486612
13196,901.7849562463942,160359.87394939456,75595.15047619112,76898.66782010968,1234.757678943919,311.495425703979,197.15198099499685,719.5866956226237,-6.559180752402043e-05,-0.1089831478133337,96,69,97.00667070715625
13197,901.7878627431638,160411.8746263616,75602.88265434488,76867.81515763678,1195.2372611812898,306.07450615949347,196.687251618132,695.1910705037881,3.737293717427173e-05,-0.0971522431544887,96,69,97.00590778882518
13198,901.8042900565902,160453.21326399484,75584.44288529232,76904.63995160475,1151.610599540465,299.5265754557331,195.65778478360153,670.5277593914652,5.278682863380951e-06,-0.0911218398528682,96,69,97.00515448101189
13199,901.8076063683932,160428.69820870258,75595.57410343598,76890.94955361744,1115.9992683471064,294.5325808616035,195.2396555148589,645.7605419396132,-4.588631807876815e-05,-0.0958952336139966,96,69,97.00441090402016
13200,901.824909004327,160485.81645945064,75633.09633656284,76910.49103043297,1074.3519515122753,286.42965371295577,191.2306568096974,621.624764247943,6.87646911404877e-05,-0.1012537813220265,96,69,97.0036771773124
13201,901.827748529738,160517.4693745003,75600.54531100641,76909.03495469323,1040.2371348364395,278.5992511536024,186.24541470612166,597.9554503069376,-6.50786431725637e-05,-0.0910869976573017,96,69,97.0029534195062
13202,901.844214257991,160508.38407674807,75591.61831791037,76887.26196153469,1000.2387605286203,267.17005193728255,177.63670876572724,574.3121595826815,3.62550910744746e-05,-0.0956167307802675,96,69,97.00223974836832
13203,901.8475915320118,160553.61318081757,75628.51799913039,76915.67636457997,967.3930159791489,256.11407948260603,168.9953738261538,550.057778349932,6.569348175750525e-06,-0.0983815161681312,96,69,97.0015362808098
13204,901.864854443646,160568.93442696115,75617.28504475612,76896.5990777614,929.1721273061121,242.69286346054287,158.5516790629481,523.9622651125537,-4.685123574263012e-05,-0.0963779358041304,96,69,97.00084313288166
13205,901.8676350375988,160615.5197722958,75617.9190076019,76897.48350365236,898.7196870489279,231.5548130144016,149.99137558878283,495.9224552188243,6.903117947435067e-05,-0.1012457023784966,96,69,97.0001604197696
13206,901.8841420186828,160635.5725171037,75629.37552020642,76909.50166194579,862.5842031625216,220.01902028996847,141.12392445860314,465.14165956838406,-6.454384722473525e-05,-0.1046202898148725,96,69,96.99948825578922
13207,901.8875832165362,160628.02388077852,75601.88274078145,76885.8732554288,832.4039193108329,211.94080967312038,134.7490640124597,433.0049108909152,3.5125680676722506e-05,-0.0994970893868859,96,69,96.99882675438178
13208,901.9047853551324,160724.92607079953,75610.78507762293,76889.66447148734,795.5969021256897,204.0010541567608,128.2954171700112,399.4728029005928,7.857044978528903e-06,-0.1064134795549505,96,69,96.99817602810892
13209,901.9075296914576,160743.7128832198,75645.15829079885,76879.45175076737,764.4386051765177,199.00188473907474,124.05258722338476,367.10010070883436,-4.779980029541878e-05,-0.1137153221903685,96,69,96.9975361886486
13210,901.9240662189208,160760.18487732433,75606.54406544704,76913.66549631403,726.4461125523085,192.714351518458,119.09703530732077,335.491423116182,6.927424857977225e-05,-0.1043489732211277,96,69,96.9969073467902
13211,901.9275900247914,160781.0927106891,75629.0914346713,76894.20459998294,693.1343541863607,187.26208433150896,115.272133686085,306.8789660548209,-6.398761259540378e-05,-0.1052448753957067,96,69,96.9962896124298
13212,901.94468714293,160825.4663730164,75601.29947472035,76928.98127321847,652.7710087862215,178.83923062046233,109.81444421969354,279.3016856480681,3.398509341764538e-05,-0.1134124035821644,96,69,96.99568309456636
13213,901.9474574653482,160835.45898655098,75619.1012665495,76899.85101862057,616.1001135219703,169.8783093826205,104.41338092280785,254.1195954681607,9.141340919948169e-06,-0.1190080988762312,96,69,96.99508790129674
13214,901.96394274109,160877.69239162578,75624.62366996516,76919.76223448024,569.8352467013174,156.80534155298665,96.23889730183873,227.74072304542642,-4.873170161191491e-05,-0.1257026204972293,96,69,96.99450413981158
13215,901.9677134459948,160885.7923453544,75613.33881993692,76899.99750515673,522.4290872796555,141.77493114162644,86.75034286579466,201.30383554266882,6.94938299528771e-05,-0.1398998971738715,96,69,96.99393191639132
13216,901.9840271716214,160928.88752973653,75616.13895478638,76920.8621866185,461.1882375680143,121.56279408208502,73.72920280409744,171.21758620385663,-6.341013960978205e-05,-0.1416454305055962,96,69,96.99337133640093
13217,901.9869436042504,160965.01394460813,75628.96992756973,76947.52692313041,394.12886931578396,98.4133296415821,59.063277437293436,140.13940636068583,3.2833720233131025e-05,-0.1459200127273917,96,69,96.99282250428683
13218,902.0040779303316,160965.70867676305,75624.6800900612,76902.27463108455,310.0821578449686,70.28160408222175,41.5779047961114,105.58733412920265,1.0421804859570233e-05,-0.1404429088567434,96,69,96.99228552357238
13219,902.0075610869322,161004.7645437611,75624.55330280488,76902.47396473541,222.3780118370778,42.07772416880471,24.649444293463603,72.98842227974092,-4.9646635109968975e-05,-0.1175140234771463,96,69,96.99176049685312
13220,902.0239702419073,161055.6055338591,75635.21597785261,76920.02723130392,128.71503907087026,15.78183175282902,9.137208481843118,41.49623199546477,6.96898634423008e-05,-0.1346262867076559,96,69,96.991247525794
13221,902.0268436801908,161085.04076442463,75611.23141145658,76920.63526385112,51.88798168656649,-0.0,-0.0,18.251373254635837,-6.281163517719442e-05,-0.1508497431396036,96,69,96.99074671112425
13222,902.0440983138476,161106.99722093725,75622.71604966997,76903.42705960525,-0.0,-0.520133626574534,-0.39726381984655745,2.04946176399244,3.167195570967274e-05,-0.1540960807183151,96,69,96.99025815263394
13223,902.0474584663972,161070.53096018895,75615.82479222567,76904.65432138223,3.197617499390617,22.819045660784468,13.235803278861567,-0.0,1.1698007407454074e-05,-0.1815772547918896,96,69,96.98978194917012
13224,902.06387971439,161040.71222749026,75630.37093144703,76881.38816460979,70.60329780180473,71.48111633960798,42.26210981642362,8.849173978931503,-5.054430240719e-05,-0.1691218901120308,96,69,96.989318198633
13225,902.0667748654042,161066.39663056133,75611.49822574883,76916.02705227127,222.6553052473464,147.0752158536343,88.60085819827509,33.825978579814546,6.986229681318765e-05,-0.1621730453706441,96,69,96.98886699797184
13226,902.0840998354464,161041.54028272684,75618.50222336533,76900.63902452952,451.4091926527908,242.7733691171743,149.0046428919013,68.68778706790181,-6.219231325443889e-05,-0.1674529695789153,96,69,96.9884284431818
13227,902.087361133464,160950.83547484197,75647.90721714588,76880.59782624245,754.969207082002,352.2748831415229,219.92945095142932,117.46180745042511,3.0500197689898196e-05,-0.1730978219052608,96,69,96.98800262929954
13228,902.10378186884,160890.65696011824,75617.44279224145,76914.24249491876,1103.1244002948515,463.61207031046797,293.66343510567094,171.99997280779644,1.296952094800986e-05,-0.1651761301915199,96,69,96.9875896504006
13229,902.1067210605996,160831.08962792184,75605.4912636961,76918.9560843588,1475.0277918050415,568.6661027644732,363.90676601041923,235.58506796008442,-5.142441078013988e-05,-0.1582078171787192,96,69,96.98718959959484
13230,902.1240919817636,160760.31888777102,75607.72808060805,76900.51573626972,1831.6645697762724,657.830184109087,423.45689780270914,299.1676137188333,7.001108549630081e-05,-0.0751013238537095,96,69,96.98680256902328
13231,902.1272620380164,160750.52784049985,75639.59484818323,76911.45913602276,2153.7499405652634,727.8941340702731,469.0876472842356,367.13173767906846,-6.155239532560455e-05,0.1627634073658802,96,69,96.98642864985518
13232,902.1436832423726,160616.31190946556,75624.97868631793,76914.2511083124,2413.2848362750956,775.3711975526239,498.66648932229145,430.55878713240963,2.9318846939778027e-05,0.2397326212826959,96,69,96.98606793228396
13233,902.1466776445184,160572.38245441005,75580.5239971846,76912.82079763076,2606.550280363532,802.3088151156844,513.9752008406504,494.3957095023943,1.4235919313339489e-05,-0.2464000715679051,96,69,96.985720505524
13234,902.1640769032092,160499.1231625793,75575.6103097385,76936.63756219971,2724.4905826351605,809.5782076894393,517.1333001188468,549.7477694711997,-5.228667378277364e-05,-0.479034375942486,96,69,96.98538645780783
13235,902.1671592519616,160462.92687031798,75612.40669381023,76909.91167960476,2780.800203517603,802.0235233830463,512.0931861082499,603.0780567688053,7.013619331366355e-05,-0.1836466564165707,96,69,96.98506587638232
13236,902.1835868287886,160418.89639824364,75596.88385794227,76879.53796963161,2780.0826454713824,782.3422017206176,501.50570924041676,645.8316222912108,-6.089210871781187e-05,-0.2013561258703797,96,69,96.9847588475056
13237,902.1866423359448,160386.34540512232,75596.62221431601,76910.77298958799,2743.2968650892144,756.0314465408592,488.3159807025513,685.1523282374255,2.812830744600899e-05,-0.2058053829777638,96,69,96.98446545644448
13238,902.2040550019486,160321.15059775044,75596.69457351613,76923.09885341545,2678.5219706851058,726.1269288419426,473.987869708013,712.9756604994764,1.5496778666249693e-05,-0.1720881692704568,96,69,96.98418578747058
13239,902.2070523816748,160317.5170735906,75599.94920407966,76915.65172015199,2605.936919392203,697.5949051350763,460.1111001922982,738.3763628272864,-5.313081133368417e-05,-0.2155479364291014,96,69,96.9839199238582
13240,902.223494450674,160274.2294882397,75610.88063340596,76881.98281934335,2530.155740109738,672.3228247018706,447.18198025473976,753.9434188784508,7.023759199320513e-05,-0.1927804791705646,96,69,96.98366794788043
13241,902.2266135496708,160264.2646514267,75600.45452520804,76882.16886639126,2465.159950309724,653.1014745966095,435.65914078618516,769.3978848934348,-6.021168806123454e-05,-0.2088003357041909,96,69,96.9834299408072
13242,902.2440261346044,160282.78796692708,75584.02983553128,76942.81397107353,2409.7382718356675,639.4772096592496,425.17278960652766,777.508357730374,2.692898600879636e-05,-0.2323061699544174,96,69,96.9832059829018
13243,902.246941690398,160269.4159926425,75595.9332253568,76891.14162348352,2371.4903611619957,631.6206919666147,415.24593277456006,788.7707167788467,1.67516771653691e-05,-0.2134486143252065,96,69,96.9829961534183
13244,902.263407379796,160257.83749033642,75565.68585627215,76880.36545727405,2343.032122677483,626.9668034753267,405.18063627029187,794.838289890642,-5.395654938882105e-05,-0.2079668161772332,96,69,96.9828005305988
13245,902.266589929676,160198.42308456532,75603.71472388163,76889.10428179681,2325.6788696914446,624.099268853126,394.58807901261025,804.9384673672321,7.031526091148108e-05,-0.2208613333782242,96,69,96.982619191671
13246,902.2839900035244,160170.6986678763,75577.53512542909,76921.00187715312,2308.5564089218387,620.1895040842937,383.65386541586486,809.7759907261061,-5.951137465100536e-05,-0.2338290951637355,96,69,96.98245221284536
13247,902.2868277885786,160244.6366643254,75550.74652867283,76887.19864327919,2291.6640679296106,614.4217488368304,372.96826766000595,819.0432108100795,2.572129191508485e-05,-0.2124842795272859,96,69,96.98229966931244
13248,902.3033265489976,160209.34498798515,75618.70948506298,76896.88214179347,2265.7098632290727,605.5412876274349,363.7345479854557,822.9834029577905,1.8000195023094405e-05,-0.2007018293830457,96,69,96.98216163524044
13249,902.3065701868062,160201.11057067095,75598.3509527039,76889.26162041606,2234.103674999904,594.535958374021,356.83412200404564,831.1749255487812,-5.476362005162618e-05,-0.191717068802521,96,69,96.98203818377333
13250,902.3239463201882,160160.73776183173,75615.72211640199,76888.60784990955,2193.514238089905,582.1711797221797,353.1611148297088,834.1920498125546,7.036918830302293e-05,-0.1834081007160628,96,69,96.98192938702776
13251,902.3267114916108,160165.97942311515,75621.39691471824,76909.41692270148,2152.8839547017124,570.7684332940407,352.45575393069885,842.6545642261044,-5.879141612964991e-05,-0.1693399529170079,96,69,96.98183531609084
13252,902.34325263734,160157.6658304586,75574.12251817272,76854.43854975185,2112.7792536234483,561.7269848299184,354.3874431014119,846.7089892641525,2.4505637571650768e-05,-0.1490971676847862,96,69,96.9817560410186
13253,902.3465530390512,160142.486122375,75585.54167008339,76885.27508347483,2082.8583784453804,556.8727136600646,357.58301556351944,856.4960848178598,1.9241915177525875e-05,-0.1398956435102047,96,69,96.9816916308326
13254,902.3638948869552,160155.2890872401,75585.1387516728,76879.28366649892,2062.6441373674315,556.4996033406933,361.3693886016554,862.0318797102955,-5.5551762456793655e-05,-0.1302204356280406,96,69,96.98164215351866
13255,902.3665937370602,160127.18654041426,75585.84951963817,76860.0320633657,2058.275351782446,560.6606266973104,364.63720157320495,873.5963318714348,7.039936947514186e-05,-0.12722544238809,96,69,96.98160767602457
13256,902.3831861102832,160128.86333760928,75627.22555650923,76901.01378787718,2064.6784022169304,567.9857470666029,367.647568693792,879.8842691137688,-5.805206686351448e-05,-0.1252321264986065,96,69,96.98158826425822
13257,902.3865371920004,160104.31421343994,75573.27528031798,76885.03450002648,2082.9930146058323,577.1696443687106,370.1221955897345,890.1547690658772,2.3282437261174034e-05,-0.1203038525056202,96,69,96.98158398308485
13258,902.4038356447312,160058.92136534431,75585.94650207186,76909.72979991589,2104.8736112593906,586.4172095114191,372.78149698372,893.2846420209389,2.047642310403775e-05,-0.1254308775571544,96,69,96.9815948963262
13259,902.4064755244916,160068.58449616577,75581.88717678191,76890.54702270922,2129.111901848344,594.5508700564096,375.062286754488,899.5784333711781,-5.632072185614975e-05,-0.1472257686936439,96,69,96.98162106675788
13260,902.4231272447064,160113.52239963214,75587.43543728415,76874.65319869052,2146.4621226397576,600.3859541224374,377.1143886736245,898.1513818089152,7.040580841259917e-05,-0.1847751618112395,96,69,96.98166255610798
13261,902.4265213350284,160075.06766457355,75587.8827318805,76895.85835295067,2155.9974040796515,603.1596663725213,377.6871224301576,899.8413711538888,-5.729358757138597e-05,-0.2095539236333787,96,69,96.98171942505518
13262,902.4437687058664,160089.4337230355,75591.2559524226,76876.92592190344,2150.834735346434,601.9750001291541,376.66585701407166,894.8678544914001,2.2052107793040463e-05,-0.2365416816119404,96,69,96.981791733227
13263,902.446357862115,160069.17918868255,75571.58198030463,76887.87569031544,2132.948465808353,596.0770345857745,373.0052878249553,894.656746192748,2.1703306597560517e-05,-0.2650961710742529,96,69,96.98187953919827
13264,902.4630761530766,160072.69095208464,75575.93928033432,76875.3317286521,2098.7079293362913,584.8878961457085,367.34055312213604,888.3937000264705,-5.70702502758115e-05,-0.2830125289198272,96,69,96.98198290048948
13265,902.466504140146,160070.63269236145,75629.07242832967,76881.18791550992,2053.020579360018,568.3437923269666,359.36200114458916,886.513690913067,7.03885166810311e-05,-0.2808782896821127,96,69,96.98210187356533
13266,902.4836943837072,160087.4587168493,75586.32817500821,76877.04327018552,1995.2545185278286,547.1837218431174,350.19283112999983,878.225331218564,-5.6516244809919934e-05,-0.2804762824980837,96,69,96.98223651383344
13267,902.486241709882,160081.8452767367,75597.67203606182,76906.44998389915,1931.9803794979234,522.7687563179352,339.58883829813567,873.9475307637767,2.081506830216428e-05,-0.2653986093101344,96,69,96.98238687564252
13268,902.5030328177264,160077.5504123326,75608.88800543203,76898.75091469822,1863.0596377946786,497.08422770528705,328.5601106211252,862.1474785927276,2.2922156446826656e-05,-0.2578594713603337,96,69,96.9825530122816
13269,902.5064842514804,160101.0596553706,75592.17374317098,76856.62289019438,1794.5045599901932,471.892606853944,316.58773184445454,853.1014769558096,-5.7800106473319184e-05,-0.2622032241753387,96,69,96.98273497597806
13270,902.5236132310891,160127.75176438913,75610.56269102317,76897.95399938062,1725.5363247555797,448.7592941117182,304.46422933554277,836.374665915122,7.034751421700934e-05,-0.2505300399952899,96,69,96.9829328178972
13271,902.5261279056532,160096.67348859127,75586.91526659185,76907.70826669055,1660.8565190481022,428.28401926040533,291.59503834403586,822.9603662602021,-5.572031210093439e-05,-0.2480606685231634,96,69,96.9831465881404
13272,902.5429971514782,160140.34038561422,75576.96345508508,76893.04473138259,1598.2058194085257,410.793653274799,278.8730754078715,802.3616924367379,1.9571739661355625e-05,-0.2527974530203596,96,69,96.9833763357446
13273,902.5464602454392,160153.02636650344,75626.13104825225,76888.85892708626,1540.8502539972542,395.84260110207833,265.74073594997753,785.8461743290536,2.4132566695337997e-05,-0.2518443114657335,96,69,96.98362210868052
13274,902.563526111668,160144.1012076562,75594.37068265166,76924.76641897867,1485.6281311056227,383.23135616173386,253.0326800729381,764.0704076727852,-5.8510055711541765e-05,-0.2638525089696954,96,69,96.98388395385244
13275,902.5660170454092,160175.35165771248,75580.06150890893,76908.2212071744,1434.6794476513169,372.29571995591687,240.18623583082808,748.3581132818363,7.028282828935158e-05,-0.2565528315649921,96,69,96.98416191709688
13276,902.5829691221174,160214.19784813077,75602.75121979558,76886.7736042617,1383.8271036426886,362.81174117124465,228.1982276889903,728.3215829374967,-5.49060684340252e-05,-0.2455260774002441,96,69,96.9844560431818
13277,902.5864305124352,160232.64182031795,75592.40421255745,76892.73524805329,1334.7013959725737,353.9468161587429,216.75563923027948,714.1890853300865,1.8322544757989296e-05,-0.2511078792214943,96,69,96.98476637580556
13278,902.6034343676164,160209.43916051564,75596.54581754934,76879.50733254365,1283.5140954324743,345.2680723772646,207.04705363942776,695.3070416231931,2.5334133930659045e-05,-0.2531218465546659,96,69,96.9850929575968
13279,902.6059092339176,160218.68913387193,75593.26459766945,76845.72302893862,1232.514496565971,335.81031298910966,198.8439687154605,680.8437341146055,-5.919987043138853e-05,-0.243166385992212,96,69,96.98543583011308
13280,902.6229490537968,160222.19687438465,75601.41622818867,76896.94512718044,1178.7941774140927,325.37621573418437,193.0985610479256,659.2239671353891,7.019449516637062e-05,-0.2413533408172103,96,69,96.98579503384038
13281,902.626392904626,160279.24669277782,75612.47010474962,76860.45166969388,1125.8688135786797,313.5699886476359,188.94808120490052,639.7691552209435,-5.4073799142316376e-05,-0.2360384758176015,96,69,96.98617060819292
13282,902.6433402995682,160304.54140472677,75594.871981856,76886.33952780637,1072.3085006204783,301.05069735048164,186.38610786633217,612.5841541870614,1.7067908360162243e-05,-0.2295437316304795,96,69,96.9865625915122
13283,902.645803400732,160320.5196649922,75585.62928751801,76881.98287209804,1022.5374928786769,288.2811970705661,183.76583036148804,587.6837060137186,2.6526458363120727e-05,-0.2374812337332831,96,69,96.98697102106688
13284,902.662938547792,160337.63775164145,75598.51383201966,76904.1808573237,975.3574274068815,276.49253091098217,180.7315888280864,555.5494290730567,-5.986932985268197e-05,-0.235684798998948,96,69,96.9873959330519
13285,902.6663434923296,160368.5135748038,75597.84594086415,76914.15572084732,935.0728380680666,266.11269825839554,176.01847233533044,526.6476532791567,7.008255828447317e-05,-0.2203925700143826,96,69,96.98783736258868
13286,902.6832489621896,160383.58753157867,75614.0897643139,76887.25348692334,899.8307506791898,257.72583617965574,170.2483375974407,492.61875929663074,-5.322379562275863e-05,-0.2194324887894239,96,69,96.98829534372456
13287,902.6856945969056,160419.1031535501,75599.71092378323,76887.67832411072,872.3270936186309,250.7435960436269,163.5474941957218,463.6286181724281,1.580825646408956e-05,-0.2280547838122857,96,69,96.98876990943256
13288,902.7029446352616,160462.43086362156,75571.11922867021,76893.38455007151,848.219899928954,244.74656539301213,157.51334953543846,430.93856803080416,2.770914346232996e-05,-0.2300281616220538,96,69,96.98926109161128
13289,902.7062698812566,160470.43682144408,75611.69289204791,76871.21846022048,827.7031262697419,238.5229843860143,152.39506542513845,404.4367746944481,-6.051822036902132e-05,-0.2349672388912548,96,69,96.98976892108482
13290,902.7231797903036,160521.14600829702,75570.89572645834,76880.58446037942,804.2429636915913,231.63168372826476,148.83357859693933,375.72956029855413,6.994706912181993e-05,-0.2225653914287363,96,69,96.99029342760264
13291,902.72555151179,160534.54572261477,75638.68106551809,76879.93800240332,776.8746470902115,223.43720065536036,145.75242589428672,353.48990146431606,-5.235635456922752e-05,-0.2197797248005207,96,69,96.99083463983952
13292,902.7430317995462,160511.6273489374,75626.15852584559,76876.78542642287,739.6703597226297,214.3096946087171,142.5878447916475,328.28952481329907,1.4544016716702577e-05,-0.223988095949266,96,69,96.99139258539591
13293,902.7459601163335,160554.06410793087,75586.65155950093,76878.73929881798,695.0483317613835,204.2881093305332,137.9342266144813,308.24710096177296,2.8881796141121023e-05,-0.2143523193064969,96,69,96.99196729079772
13294,902.7623757260952,160603.60050712145,75606.54593527151,76876.74341329685,641.8130669224192,193.98361553333234,131.7171082914865,284.30220016586827,-6.11463349512103e-05,-0.1992481873635858,96,69,96.99255878149648
13295,902.7656326021774,160594.64656231014,75584.94534667641,76862.60493439593,586.5836810373003,183.25066987339233,123.7342609265761,263.1900457520387,6.978808724736893e-05,-0.197328719580569,96,69,96.99316708187015
13296,902.7829393383694,160640.80101231823,75629.1477461672,76906.9224536063,530.6490184928407,171.96745180801372,114.74014844853082,236.45446083063143,-5.1471778675156725e-05,-0.2252408498610261,96,69,96.9937922152227
13297,902.785887546724,160641.78669158978,75570.06667103144,76905.56291072271,480.0777587243938,159.02571926746168,104.73497311890242,211.07573886986938,1.3275618182436832e-05,-0.2340212717661109,96,69,96.9944342037846
13298,902.802258769149,160686.1863512628,75589.6036661631,76895.69961318593,431.72082242852775,143.37199163269543,93.70529406797141,179.33299000977422,3.004402679375186e-05,-0.2167789674854045,96,69,96.99509306871384
13299,902.8056485724284,160696.78839936457,75596.35481794049,76899.71170637447,385.2471181889996,123.55022508007823,80.70178551334538,148.2268757953716,-6.175347422098395e-05,-0.2213238786848453,96,69,96.9957688300957
13300,902.8228567791302,160736.25525358447,75640.0099627685,76890.99891421835,331.9733071247465,99.07653859058337,65.09556024131598,112.06079488430987,6.960568007809118e-05,-0.1866276172196387,96,69,96.99646150694338
13301,902.8258173019192,160773.1606351163,75605.70649083005,76891.95958007203,270.15296502626734,70.52004931795818,46.77859424438793,79.40996336840908,-5.057037657003224e-05,-0.1921940110754108,96,69,96.99717111719907
13302,902.8421252960046,160798.9719046979,75615.38769905087,76862.14048575461,195.17896469094558,40.80781285278499,27.337007574999006,46.46720716031268,1.2003490759636803e-05,-0.2091507828498415,96,69,96.99789767773404
13303,902.8457178173912,160827.47405807162,75603.0261778517,76889.33539894548,115.87291957606794,14.94361948511505,10.120692967931973,22.16008981235791,3.119544992888295e-05,-0.1914010133095225,96,69,96.9986412043496
13304,902.862651553683,160856.1359620118,75595.47736741204,76866.22239468033,42.73313106177375,-0.0,-0.0,3.9511797599552665,-6.233944588178843e-05,-0.2041085289496443,96,69,96.99940171177776
13305,902.8662408672076,160846.50380684825,75620.50761172714,76861.82052470282,-0.0,3.5130477624188643,2.525266089680372,-0.0,6.939992297051945e-05,-0.2072026372086566,96,69,97.00017921368234
13306,902.8825110833376,160830.00467046406,75619.2309038604,76879.5181572025,8.139221531979274,31.917618047984433,22.20712785620708,7.0516193605726585,-4.965246153511809e-05,-0.1985986116460771,96,69,97.00097372265934
13307,902.8855218324306,160789.81071079418,75603.72004197056,76869.43445253104,91.88694307766855,88.51883163122693,61.56366451943177,30.90131954124081,1.0728065815607804e-05,-0.1900518185017025,96,69,97.00178525023804
13308,902.9027144317936,160779.97034531992,75610.00728764977,76875.94186798244,259.91743740526726,172.27934362064116,119.36585105519043,66.58365218128893,3.233568335484091e-05,-0.1845824162018813,96,69,97.0026138068824
13309,902.9061110387388,160733.18656384177,75601.17670634888,76876.92948517621,515.4975023652078,277.6407824787457,191.39624328672653,117.74266179619008,-6.290406469566655e-05,-0.1759106769513151,96,69,97.00345940199163
13310,902.922433828532,160663.0271786948,75587.01995885954,76871.2273750346,839.6906316337991,395.3416641954245,270.108827412565,178.08421327115502,6.917089863506404e-05,-0.1812491547280863,96,69,97.00432204390138
13311,902.925452156049,160559.44238870934,75607.8328722367,76895.1229577194,1209.3638462075032,514.4756985981658,347.5424295037519,248.91458692552987,-4.87183532342968e-05,-0.1226873634067751,96,69,97.00520173988497
13312,902.942715943718,160522.10057328778,75564.17185492584,76871.42527309076,1586.8978930414305,624.2796600289876,415.67011145767174,322.9897690771031,9.449775024891438e-06,0.0895445731145359,96,69,97.00609849615456
13313,902.946009718792,160446.09308140576,75582.80215310019,76879.47763514172,1943.266627351346,716.4213881424512,469.63514322182164,400.6535604527453,3.346434956790016e-05,0.2655424304428971,96,69,97.00701231786265
13314,902.96233557208,160357.49557074462,75584.04871453102,76866.9556510692,2246.9447654667892,785.5492390434665,506.5220842892595,474.8857632824511,-6.344715269910583e-05,-0.0933610364303649,96,69,97.00794320910268
13315,902.9654071371356,160285.11215959612,75585.53324873724,76885.14710141397,2484.5410183171625,830.2148606925912,527.289828531706,545.9027739595622,6.891869859087679e-05,-0.5167078500732594,96,69,97.00889117291165
13316,902.9826998957008,160194.68150680137,75596.52836309049,76854.83765435795,2644.923006286961,851.6558667790814,533.7673838017799,608.1488005720312,-4.776837578180386e-05,-0.2610466113056182,96,69,97.00985621127016
13317,902.9859130759396,160170.9716675604,75574.01353565347,76866.42129864675,2735.665658788581,853.7825645148841,530.1227413428423,663.4300995438243,8.169051088562152e-06,-0.1611730789857953,96,69,97.01083832510506
13318,903.0022319176788,160157.97703049314,75544.00878213966,76861.970344625,2762.1630337776733,841.1321043738426,519.3060311376466,708.5832991413481,3.458107453192548e-05,-0.2121229484445271,96,69,97.01183751429022
13319,903.0053770041504,160048.1742121428,75598.76407078773,76888.53150861197,2742.768325406767,819.0409956376534,505.27740435805754,747.0067079704313,-6.396853974437561e-05,-0.1562313183298984,96,69,97.0128537776486
13320,903.0226711376152,160043.4025281212,75587.27224285848,76875.42415538232,2688.037312131026,791.7800807884778,489.8424033258634,777.5392711040622,6.86434208293696e-05,-0.1814784432186995,96,69,97.0138871129535
13321,903.0258182365666,160048.8899111012,75560.5218635129,76872.0833419544,2617.518705472001,763.4830704291962,475.7239304515824,804.6207204821694,-4.680285899493965e-05,-0.1587358815039861,96,69,97.01493751693086
13322,903.0421256367476,159986.58445636928,75574.11890829253,76853.48369302465,2538.9379907477414,736.5212618936785,463.209634428611,827.7783596612571,6.886327417148658e-06,-0.1509542501152458,96,69,97.01600498526044
13323,903.0453605763008,159983.06272878387,75567.89849779377,76873.34939774945,2466.5962312893244,713.0694956919469,453.6362249146914,850.851331954269,3.568548894693929e-05,-0.1548923246332451,96,69,97.01708951257795
13324,903.0626279117296,159924.97361851318,75599.93550817159,76865.74901008376,2401.6895911828033,693.6129007308191,445.943239788583,872.72225226296,-6.446806259307937e-05,-0.1506597940926568,96,69,97.01819109247704
13325,903.065728317538,159929.79068802082,75574.11492697604,76868.50661590624,2352.0323645290337,678.8956173054321,440.54526923800586,895.8323559356795,6.834517221750794e-05,-0.1430160624043618,96,69,97.0193097175105
13326,903.0820135333804,159932.16651249622,75527.98744170708,76847.50901049208,2312.0028241552063,668.1434976873279,435.5186762716912,917.637720835366,-4.582213740479648e-05,-0.1321966179832787,96,69,97.02044537919365
13327,903.0853632334756,159880.56834301256,75578.73412720501,76845.17907191056,2283.7683282709913,661.1640961448575,430.8133874544292,938.8012925955409,5.602037412661001e-06,-0.1220862656509808,96,69,97.02159806800496
13328,903.1025599454556,159893.80408095891,75570.23542757022,76876.64820792386,2258.258152945549,656.3571476153156,424.37362092128024,955.8183289479639,3.677722765787854e-05,-0.1183312285843537,96,69,97.02276777338898
13329,903.1056590250984,159811.076686442,75567.69771234451,76878.92682768968,2236.8950179969543,653.0662490330142,416.64861648267834,969.0183174853737,-6.494556585985776e-05,-0.1165222835435615,96,69,97.02395448375802
13330,903.1218721941508,159841.69426215146,75567.4051990974,76849.11861456699,2211.186279461137,649.4329998579778,406.33150912998826,975.7285493857344,6.80240664975283e-05,-0.1008493772858865,96,69,97.02515818649483
13331,903.1254271512624,159869.48953563193,75580.02357515044,76868.09959020166,2184.623953462986,645.1706797640363,395.0457525931997,977.9162998372631,-4.482655056213512e-05,-0.0876497185784522,96,69,97.02637886795476
13332,903.1423731554828,159831.62083758487,75580.95162151664,76867.97056838899,2152.2653321647085,639.374547602536,382.7571837368596,975.4104528989992,4.316615150485404e-06,-0.083895892654099,96,69,97.02761651346752
13333,903.1459683861596,159833.42081562322,75605.55020304435,76856.89929313975,2121.671140663384,633.2807501334173,372.13187973888125,972.485629849747,3.785592991701585e-05,-0.0661099593894744,96,69,97.0288711073403
13334,903.1623622310726,159858.9661294079,75590.6544148611,76876.05594707135,2090.960792433878,627.3815584016702,363.2963099651097,970.4236188323121,-6.540090128553937e-05,-0.0635825342253131,96,69,97.03014263285964
13335,903.1652297366636,159852.8194734209,75585.66422028899,76870.82822550507,2069.520090808335,623.8904872786952,358.35812988248654,973.5293060452677,6.768022551103753e-05,-0.0517973452776985,96,69,97.03143107229444
13336,903.182428281646,159848.10741123158,75569.34143033247,76838.77415867368,2054.806764990033,623.1778200762201,356.1379964966036,981.4669839569251,-4.381644312561033e-05,-0.0265284567227622,96,69,97.03273640689802
13337,903.1858568386644,159828.0599410887,75583.327285672,76882.61199369661,2054.571720827662,626.5496666498511,357.6490576925862,995.8999697215913,3.0304946637623524e-06,-0.0345897167442708,96,69,97.03405861691066
13338,903.202275351036,159810.41988236035,75576.61114780947,76874.38915569377,2062.926388555905,632.6501952811232,360.8780816277722,1013.2373535383376,3.89212399890171e-05,-0.0601697947155647,96,69,97.03539768156264
13339,903.2051562943116,159773.00236389966,75531.87485704878,76882.83265897601,2083.5567530640983,641.0083183091047,366.54833390112617,1032.3890166423225,-6.583392842627433e-05,-0.0574909976074407,96,69,97.03675357907665
13340,903.2224277865054,159770.32578088975,75597.31680000354,76867.35048847772,2106.973959510098,648.8783861983975,372.6556611105043,1048.1452165920637,6.731377853015558e-05,-0.0680008111418181,96,69,97.0381262866708
13341,903.225769877502,159744.97811350974,75553.6930086888,76868.09104291449,2135.345324863738,655.4982752489886,380.18445212222287,1059.8875834233186,-4.279216386211351e-05,-0.1010762513247589,96,69,97.03951578056086
13342,903.242168745737,159748.00569521645,75577.62815499069,76898.17807814693,2158.534559847496,658.5620065653056,386.94425267973565,1064.1873415720183,1.744110019868951e-06,-0.1320039531662302,96,69,97.04092203596376
13343,903.2451058772464,159754.17308076768,75570.49575562039,76890.64247752885,2178.6148550723447,658.3625324371387,393.3533996178303,1063.3287681174115,3.9972806366052926e-05,-0.1731731645143513,96,69,97.04234502710004
13344,903.262412938332,159766.91887354697,75601.74584867661,76870.76136543434,2185.901451603917,653.7165035651124,396.5777160456346,1056.557912581833,-6.62445147333602e-05,-0.1869784106277796,96,69,97.04378472719696
13345,903.2656854475252,159780.4269685478,75586.34659646763,76868.45737636309,2184.0102622010745,646.0861013059475,396.9997549280233,1048.585662331432,6.692486240657502e-05,-0.1869556599163424,96,69,97.04524110849148
13346,903.2820566230506,159770.45975957214,75546.86111557376,76843.48357073485,2164.526452095015,634.8904511198343,392.25338758248836,1039.291392071289,-4.175406666488663e-05,-0.1939380943137811,96,69,97.0467141422332
13347,903.2850700295304,159762.27520555572,75578.67424295482,76874.5720334475,2132.2994006672525,621.7676734275301,383.7690911941754,1032.8521287892072,4.578948779375905e-07,-0.2186391863268873,96,69,97.04820379868784
13348,903.3023876579784,159785.59341069974,75581.64232165235,76870.231358056,2080.9137522057863,605.8564388222876,370.58815669757314,1027.054101752874,4.1010282578245615e-05,-0.2098576425194305,96,69,97.0497100471398
13349,903.3056010755986,159800.1610424262,75585.75729819962,76896.68129652132,2018.683265681204,588.5482154447382,355.65436651199707,1024.1039002554317,-6.663253446730517e-05,-0.1936069042850681,96,69,97.05123285589588
13350,903.3219414524058,159827.9093829785,75561.97662682665,76879.16513894274,1942.4348185866256,568.5575690289988,338.8100915821851,1019.241396074096,6.651362160463162e-05,-0.1933529439322574,96,69,97.05277219228816
13351,903.32504803042,159766.78475558138,75583.4611740396,76888.95004819438,1862.9348995033652,547.1042294640647,322.9417797725182,1013.2647980812762,-4.070250954170875e-05,-0.1727178096290507,96,69,97.0543280226777
13352,903.3423499416964,159784.3562707742,75576.1341288737,76893.36015030245,1778.5363585879677,523.042170535773,307.1757378447801,1000.7833180608286,-8.277170041529219e-07,-0.1797519463324557,96,69,97.05590031245724
13353,903.3455196240768,159845.551020204,75561.99642901646,76873.83159798203,1700.4646744035417,498.33364456673735,293.46636654800386,984.299959861557,4.203332735964853e-05,-0.1711209018947659,96,69,97.05748902605558
13354,903.3618204910788,159821.16293247085,75602.00511871901,76871.69843462511,1625.0542407227913,472.55280059463985,279.81734334965586,960.3794094499026,-6.699787041714687e-05,-0.1600562757388623,96,69,97.05909412693995
13355,903.3650448008636,159869.55606725134,75595.42291148676,76887.71531728617,1559.7930491221487,448.306141383262,267.2894588189083,934.3471854370437,6.608020759719432e-05,-0.171528770631379,96,69,97.06071557762031
13356,903.3822905030509,159909.33125898775,75579.15156044876,76878.54626573011,1497.3549686367041,425.38494820764754,253.6159983262478,904.5346232805168,-3.963785509430741e-05,-0.1755882563197462,96,69,97.06235333965265
13357,903.3854545820884,159954.23542506443,75603.78314317945,76886.3958799098,1442.9548805883387,406.2664258942532,240.31721041499986,877.8590721009532,-2.112292682938288e-06,-0.1763424613268231,96,69,97.0640073736424
13358,903.4016743338626,159937.06879033288,75581.40178551195,76890.67431787218,1387.9494389497559,389.839613144577,225.86778918886557,851.6489554629079,4.304160393104839e-05,-0.1758946094192125,96,69,97.06567763924814
13359,903.4050947403996,159960.9213719855,75582.96696921576,76869.36006518894,1337.6466430089204,377.39491722974344,212.602427769918,831.1281378353306,-6.734041265397951e-05,-0.1889799012731481,96,69,97.06736409518572
13360,903.4221357503808,159980.85357800403,75574.4250482293,76881.81600102385,1285.3834735392593,366.6884385207959,199.76887625732343,810.8538447206374,6.562478000447348e-05,-0.1757823977975017,96,69,97.0690666992313
13361,903.4256474556752,160022.63881391168,75589.59476618258,76887.22417760154,1238.9276113091037,358.3812137590576,189.99851995476638,794.5790181236225,-3.856046983062666e-05,-0.1732706092005566,96,69,97.07078540822567
13362,903.4422456046352,160002.21987135298,75604.55299084923,76879.29950019177,1192.6061081943335,349.8975139022659,182.01796008559177,775.0355797365482,-3.395399448651817e-06,-0.1844324528856699,96,69,97.072520178078
13363,903.444922484348,160036.5428584596,75580.92048259471,76873.62269612493,1153.8450812321971,342.26622485947155,177.45872293433058,756.379205534904,4.403478121444219e-05,-0.1757512257814971,96,69,97.07427096376924
13364,903.46216711538,160050.26031918425,75595.42168383236,76879.98879845804,1114.7577373440727,333.42171839294315,173.82365361167467,731.3840681984439,-6.766005926454458e-05,-0.1679032431820999,96,69,97.07603771935706
13365,903.4655633174395,160068.37207500986,75595.85359509305,76886.29426361002,1081.145647860074,325.3316342872131,172.10741818591487,706.678935679578,6.514750490162706e-05,-0.1715020063065243,96,69,97.07782039797873
13366,903.482144952582,160120.82627516874,75603.77805669366,76849.03531106749,1043.9442732387106,316.4572030081181,169.72000850658515,676.4417584124603,-3.747072469127721e-05,-0.1681633297203203,96,69,97.07961895185572
13367,903.484849381136,160137.95321590858,75601.52098483867,76908.44431888175,1008.3975445400574,308.7748766215518,167.86754880464287,648.7751804549771,-4.676605759453441e-06,-0.1538132381928487,96,69,97.0814333322978
13368,903.502159267434,160172.7799212201,75593.71844589601,76873.94144465838,966.042268206249,300.1692534706235,164.37508933627396,617.0763645773986,4.501253349248893e-05,-0.1537522194588515,96,69,97.08326348970692
13369,903.5054937345272,160210.68076659765,75596.07434052358,76876.6952942617,924.5285959399189,292.26703399568214,161.04563751845853,589.8050992940844,-6.795671577063925e-05,-0.1477468802316381,96,69,97.08510937358147
13370,903.5220301683648,160185.65555061394,75590.20050894054,76878.24623385035,877.7896490979474,282.68888198291825,156.1274289423891,558.9290420271864,6.4648556373989e-05,-0.1488815741330751,96,69,97.08697093252064
13371,903.5247941194948,160233.81591954586,75610.23527145926,76895.90923752566,834.7532526527648,273.22372305091994,151.47235384231317,532.202478801948,-3.636899434556671e-05,-0.1517431882852224,96,69,97.08884811422836
13372,903.5421429223092,160275.2809987598,75615.26581896446,76873.22972733082,789.8306952710263,261.9841662231047,145.24898393219337,500.0706587857858,-5.955480729206181e-06,-0.1376656930485981,96,69,97.09074086551789
13373,903.545422724196,160286.82142821304,75604.23621671544,76876.14513941607,752.4097012539278,251.7841389926616,139.29951982584316,471.72074793162756,4.597453982344795e-05,-0.1334647856557111,96,69,97.0926491323159
13374,903.561911439132,160327.12118904002,75598.38976175287,76851.4760312057,716.1131640504464,241.30093436629977,131.71462053069263,437.87164816833683,-6.823029591649717e-05,-0.1358707504034663,96,69,97.09457285966714
13375,903.564751216058,160337.83163061764,75599.8462395263,76890.22471977527,687.9048075528117,233.17844645743025,124.13470039793174,408.61658996815095,6.412811542907371e-05,-0.1349493325104345,96,69,97.0965119917386
13376,903.5821200459418,160393.51452017974,75601.2268405899,76874.1599462604,658.4264317718334,224.98693423999066,114.69890781774302,373.82800997418235,-3.525565684080519e-05,-0.1317362936031735,96,69,97.098466471824
13377,903.5853488819932,160415.27857475504,75590.27439315098,76882.82614931629,632.3620472518378,217.94781630030775,105.40973595232936,344.682587211777,-7.2315946223130495e-06,-0.1298190054199317,96,69,97.10043624234878
13378,903.6017904820552,160454.75750304697,75601.40803824112,76878.5042814206,598.2128056391375,207.78080743728788,94.69466707017273,309.6829258236394,4.692048541160504e-05,-0.1095813640723258,96,69,97.10242124487388
13379,903.6047206168774,160436.62107429776,75620.7056202323,76901.69358066547,558.9106602182146,194.2763498871209,84.36560990603175,279.13037471452844,-6.848072096298289e-05,-0.0989982502396581,96,69,97.10442142010088
13380,903.622088443254,160502.1368797364,75614.9306258779,76895.09028716551,502.9158671590267,172.84703441348393,72.41851640099776,239.79196918924572,6.358636994376893e-05,-0.0954532995083401,96,69,97.1064367078767
13381,903.6252745787536,160532.4548368305,75609.08932756573,76912.30559251939,435.60099570371676,144.97736695555795,60.23713912779931,203.88826488668565,-3.4131094950275536e-05,-0.0973022685921906,96,69,97.10846704719772
13382,903.6416653997856,160577.69509708165,75607.22573606312,76901.21609514728,349.4208414669265,109.19201582689129,45.71932449762244,158.86382941468037,-8.504518700206744e-06,-0.1124669130316681,96,69,97.1105123762153
13383,903.6447061124474,160601.18158639994,75621.403335919,76884.85877339289,255.43245545821264,71.28272693041072,30.857573149871314,119.1241319446126,4.785006060783285e-05,-0.1250503008179778,96,69,97.11257263223968
13384,903.6620409118868,160612.32058663055,75628.58761432831,76904.22566290676,154.555856779858,34.49151682625234,15.453188486280851,73.56507248495473,-6.870791990621982e-05,-0.1310094878638877,96,69,97.11464775174566
13385,903.6652094657738,160705.04197945693,75614.39895995555,76891.88077630209,68.5017768748221,8.950292703753803,4.3170375342306215,40.728542400029255,6.302351532002927e-05,-0.1271219241259823,96,69,97.11673767037676
13386,903.6815231845256,160707.0660721433,75585.88956905477,76932.85826428383,7.853820685588289,-0.0,-0.0,10.085625853651436,-3.299569418812739e-05,-0.1310940518326195,96,69,97.1188423229506
13387,903.6847305281876,160693.17932041548,75620.90050894162,76892.45265459077,-0.0,16.909390869099298,8.731571805954445,-0.0,-9.773825642895086e-06,-0.1384332430357929,96,69,97.12096164346332
13388,903.7019304466078,160708.97182080106,75623.68661658769,76895.43285740736,55.53202454303391,60.98295877351484,32.6069431619253,-2.5022393952240236,4.876296183923278e-05,-0.1390728324984788,96,69,97.12309556509511
13389,903.7052886155154,160668.14791036848,75602.88140888384,76906.66804603829,194.0343972357805,134.94814396370202,74.9457838985254,20.098219811887247,-6.891183011395234e-05,-0.1367474826013202,96,69,97.12524402021488
13390,903.7221494341464,160632.95106767057,75614.48747860352,76914.71693067286,409.5769498643931,231.66467281719088,132.8083686628379,50.31238490148098,6.243975376876625e-05,-0.1272012693645482,96,69,97.12740694038558
13391,903.7246078909264,160590.71083956782,75617.1247423792,76898.03655697676,699.9794509310741,345.81073462999484,203.55221306611202,103.38013402905199,-3.184984395463353e-05,-0.0882997718574083,96,69,97.1295842563687
13392,903.7419270459178,160501.69881939614,75612.16080176734,76902.041409232,1036.3052507109242,463.8852936114854,278.90311516745714,156.81199098020443,-1.1039089788963584e-05,0.0883244370317511,96,69,97.13177589813014
13393,903.7452358110232,160447.1679222907,75614.06991327225,76900.59005712812,1398.927343747404,578.0710016128578,353.095388015965,225.63518740650034,4.965889097305056e-05,0.3269789479012119,96,69,97.13398179484491
13394,903.7620352937124,160358.11338319207,75643.27594526418,76880.63397575218,1750.2411578302272,676.192388227224,417.6693833817844,286.93477274724864,-6.909239670371494e-05,0.093140058817342,96,69,97.13620187490264
13395,903.7645355599884,160313.91053883306,75623.23964597532,76892.9604177032,2071.137311685481,754.9360631116433,469.14142144517973,356.5903746341064,6.183529443358441e-05,-0.427427910206169,96,69,97.13843606591252
13396,903.7819102874364,160219.63183910193,75600.3361750931,76899.00602304493,2333.0300904879696,808.4080389762094,503.20207435140037,410.91866715968354,-3.069393649752568e-05,-0.2640795355600795,96,69,97.14068429470878
13397,903.785182545298,160176.4814189358,75615.13326485472,76865.07627624393,2532.4179702220717,840.3771060534491,521.3035812036251,469.33552088035503,-1.2299886907767494e-05,-0.0838241413750971,96,69,97.14294648735576
13398,903.8019161513917,160137.1097513289,75584.24829264985,76884.01916577347,2658.5372840856435,850.8649726917647,523.7712521992798,510.2853875439032,5.05375561644385e-05,-0.1923530133066409,96,69,97.14522256915386
13399,903.8044728912135,160073.28473627806,75609.99735238693,76886.43245968866,2723.8431367887533,847.3977838375431,515.3869666544779,554.9214605983288,-6.924957222300666e-05,-0.1305098656557505,96,69,97.14751246464414
13400,903.8218931568728,159998.31288198347,75627.41500508423,76908.62581618302,2730.224074696307,831.4272812244162,498.4730903203308,581.102526293631,6.121035324875118e-05,-0.1262412844871592,96,69,97.1498160976144
13401,903.8251221894008,160009.92384491998,75632.05755232148,76855.49019090824,2699.340316391608,810.5639215096016,478.51795047332416,612.994021880033,-2.9528367550506617e-05,-0.1305960352971614,96,69,97.15213339110416
13402,903.8417965067227,159974.3373488032,75603.66459892922,76861.85505482764,2637.7480665562907,785.1411270568933,457.38528133087675,629.328890027653,-1.355579443602824e-05,-0.1120219376423845,96,69,97.15446426741072
13403,903.8444181284146,159948.6196947389,75595.14291607417,76892.99045736923,2566.8855365937343,761.0622809328779,438.98822635615943,654.0736626416328,5.139867109267915e-05,-0.112581349499467,96,69,97.15680864809408
13404,903.8618755017868,159899.36031769993,75577.69979652556,76919.86981563852,2489.9457866250887,736.9631547637546,423.2154953063291,663.6859954546962,-6.938331769272354e-05,-0.1084717410968843,96,69,97.1591664539829
13405,903.8650542203816,159902.66489725432,75578.63596421825,76886.15873249985,2423.645146858471,717.7072452670691,412.0688027292781,683.4748699923512,6.056515302783583e-05,-0.0978474530260826,96,69,97.16153760517992
13406,903.8816777786296,159894.49739675494,75585.14555048378,76889.97354817827,2365.0430360339233,700.8037109619763,403.85334582594805,689.1293389167986,-2.8353535784434537e-05,-0.0941882676875315,96,69,97.16392202106783
13407,903.8843710894936,159836.3031137432,75574.9135732628,76884.44897446167,2323.4887415376143,689.6098700874136,399.2355648151133,704.5249236912932,-1.4806391981133668e-05,-0.0905018828544497,96,69,97.16631962031477
13408,903.9018561223154,159852.5886537493,75584.21105357388,76885.58213380456,2289.2826966335997,679.9064583345753,395.72581497282954,703.3240599170676,5.224195609002321e-05,-0.0797257632979096,96,69,97.16873032087996
13409,903.9049789633616,159815.10881754485,75569.5903058386,76870.1877667424,2266.9974200905417,673.7426027102338,393.63824607635615,711.9727502626774,-6.949360172076851e-05,-0.0674049741427399,96,69,97.17115404001954
13410,903.9215609112272,159815.33588401403,75616.7157234958,76903.0892885817,2243.7297132107196,665.8078703704086,390.419834775239,704.9883213096764,5.989992339981719e-05,-0.0656426764104078,96,69,97.1735906942926
13411,903.9243317411104,159844.25023451966,75572.6228821115,76901.18200481168,2222.3648860954563,657.6831868622394,386.4197878231935,708.9239583102462,-2.716984272996856e-05,-0.0594070430257727,96,69,97.17604019956627
13412,903.9418336093652,159778.80832895357,75568.05812364515,76909.33217844595,2191.0980570765096,644.7568229712197,379.58711694250815,697.7825724670256,-1.6051260876662797e-05,-0.0780176922348343,96,69,97.17850247102238
13413,903.9448971155408,159808.5541946785,75592.21153629299,76899.42208236989,2156.7158586026635,630.6703489806096,371.2357087233104,701.0053349013324,5.306713719956741e-05,-0.0791977985564526,96,69,97.18097742316291
13414,903.9614466188884,159828.32786893772,75583.7954227003,76861.83674273865,2112.104821981571,613.0571727431088,360.5785830023815,692.2489807609236,-6.95804010227912e-05,-0.0486764209791249,96,69,97.18346496981592
13415,903.964300059871,159780.2267091379,75581.84997979431,76878.37316906857,2068.075326475606,597.2694171222101,350.1167321775865,698.9253650128376,5.921490023430001e-05,-0.0354654991342909,96,69,97.18596502414144
13416,903.9818064308683,159771.055197346,75608.47373284142,76901.41078620958,2021.1527885339456,581.9159709893283,340.14300826290855,692.5009544560744,-2.5977692847515494e-05,-0.0261090030748884,96,69,97.18847749863768
13417,903.9848097383376,159771.51176735494,75586.28634455886,76882.28398457885,1984.915591043653,572.6119649794418,333.69231320996187,702.0921040037065,-1.7289984944084968e-05,-0.0131822836214286,96,69,97.19100230514658
13418,904.0013353117396,159727.39859975755,75595.22828012308,76904.52326545137,1956.2049597009318,567.0233457005379,330.70496997318696,698.5346761829569,5.387394663285907e-05,-0.0100281879446905,96,69,97.19353935486022
13419,904.0042761367062,159744.60311904614,75580.18637840655,76853.96404360418,1946.110592611134,569.0107923838514,332.86540742314537,709.8389044850192,-6.964370035749873e-05,-0.0085679711149256,96,69,97.19608855832696
13420,904.0217728164804,159721.3739361609,75572.23780506749,76864.66706986536,1947.693810194207,574.4786077764002,338.36914499648265,706.8178860702901,5.8510326327653024e-05,-0.021632601846931,96,69,97.19864982545698
13421,904.0247184349942,159691.4596482636,75581.09674661304,76878.25102008233,1967.5179998348467,585.9174066211272,347.13342790902243,720.8431025714381,-2.4777493003651175e-05,-0.0529820437632727,96,69,97.20122306552882
13422,904.0412268227616,159688.8309841507,75594.86279550918,76888.40454462255,1993.0761749838712,597.7872106338036,355.94336587394355,722.4222061753098,-1.8522149999330654e-05,-0.1029431819785981,96,69,97.2038081871956
13423,904.044260516693,159685.80786121576,75588.09922932387,76853.90903622382,2025.3402076190687,611.269277739877,363.9027787922241,740.832165093103,5.466212378304947e-05,-0.1254131650768896,96,69,97.20640509849072
13424,904.0617303531262,159670.03369574048,75582.4767555442,76872.59656127603,2048.68064516905,620.2679483903339,368.00385061174165,745.0804790958646,-6.968349202459585e-05,-0.1353147764926464,96,69,97.20901370683468
13425,904.0646258978678,159588.6059607449,75585.85468183145,76861.84614324488,2064.097083849425,626.3076408134075,368.35297851011273,765.7535719207372,5.778645081067419e-05,-0.1596230245713539,96,69,97.21163391904057
13426,904.0811196346046,159573.90033977176,75576.66374193685,76843.24564249151,2058.3746177560533,623.9990269117116,363.3738306289015,770.1060794147197,-2.356965249039797e-05,-0.1564043589402828,96,69,97.21426564132096
13427,904.084255239507,159568.21442733082,75565.02509171591,76856.08106138499,2036.9717550528003,616.0139485047839,354.60164105767035,786.8484787536145,-1.974734471776204e-05,-0.1458382579212419,96,69,97.21690877929392
13428,904.101674581644,159566.04991568852,75567.13876217986,76850.8397216509,1993.3930379376397,598.897973444793,341.84648134501185,784.0073613438581,5.543141358108958e-05,-0.1527751326117586,96,69,97.21956323798926
13429,904.1045379207308,159549.4093951856,75563.93855897983,76874.77280608383,1939.9770039725117,577.6365304764186,327.61592243873747,794.0873406124883,-6.96997766524072e-05,-0.1330688409640062,96,69,97.22222892185496
13430,904.121007869128,159547.77280860388,75560.43838970028,76856.43231771894,1874.5659111567074,550.5110944694607,312.0980351123726,785.2982539627119,5.704352904557341e-05,-0.1319803138826321,96,69,97.22490573476335
13431,904.1242684485704,159503.52718372655,75555.32052850105,76833.40227674945,1810.3101762030856,523.3796408348717,297.5143135100079,789.0825337908755,-2.235458319395885e-05,-0.135160027481354,96,69,97.2275935800178
13432,904.1415915989312,159554.6682552445,75559.53764069287,76833.94824970701,1743.5889741167775,494.78517455002293,283.45583081783843,774.3455510711356,-2.0965159887449756e-05,-0.1188769112864177,96,69,97.230292360359
13433,904.144476241226,159510.88061749563,75560.77461216324,76843.21998893534,1684.0677020350704,469.9803461583506,271.2561485177139,774.531067119533,5.6181567825412425e-05,-0.1101029715469988,96,69,97.23300197797106
13434,904.1608564467116,159499.93639083984,75574.03484098769,76837.20122060608,1623.4915480975178,445.9366454166884,259.5973702958727,756.862347935501,-6.969256263323775e-05,-0.1073664888150647,96,69,97.23572233448854
13435,904.1643721798296,159522.28665450265,75543.45213854616,76835.93490844323,1567.5141601844225,426.03267393037095,249.14608191081788,752.2888391856977,5.628182288580913e-05,-0.1079284013064206,96,69,97.23845333100228
13436,904.1812400982068,159512.5995782718,75547.94363661471,76815.49106322935,1507.0816522220848,406.28872400902037,238.6187156883534,729.5403838597995,-2.113269902100984e-05,-0.1191770965021068,96,69,97.24119486806674
13437,904.1837002107718,159538.99567120703,75567.58185432796,76802.85666379791,1448.9157168815727,389.80564225612034,229.0674167345278,721.7914758017578,-2.217518933981625e-05,-0.1212388443066817,96,69,97.24394684570542
13438,904.2009400947668,159539.81108452906,75528.5272593929,76807.6311069253,1385.1239308386575,372.46368441368395,219.56838146210066,694.3630961617455,5.691234501920701e-05,-0.1227094664345942,96,69,97.24670916341832
13439,904.2042832177196,159535.58914629702,75549.47118699162,76813.50175435148,1324.9020498759346,358.1297147377336,211.40154959683423,682.2698951010825,-6.966186639088633e-05,-0.1290996260843785,96,69,97.24948172018824
13440,904.2211558747844,159536.56695149414,75560.52529106312,76810.45986957676,1262.5158490315662,343.55493856899557,203.5019323489396,652.9125499495713,5.5501600120730185e-05,-0.1410023729630518,96,69,97.25226441448726
13441,904.2236007431068,159559.29074255732,75556.91077541614,76815.51820568314,1207.393675800995,332.7550203262508,196.5059422501363,640.8953062231885,-1.9904415905563683e-05,-0.1402222278915456,96,69,97.2550571442832
13442,904.2409367037928,159571.75685072294,75519.20033943673,76842.87686208944,1152.610987189575,321.98781869211234,188.68108279944863,610.8854234738101,-2.3377029869399356e-05,-0.1277961163383469,96,69,97.25785980704669
13443,904.2442251006796,159588.1781053223,75566.27048808162,76839.85338149928,1106.3703329134732,314.7345335108839,180.46215341368224,598.4851147179434,5.76235103728028e-05,-0.1294295740409728,96,69,97.26067229975745
13444,904.2610485099924,159594.23016880988,75580.23348988441,76848.69842639078,1060.6785246451036,306.734614717745,170.63957085565198,569.5408165975532,-6.960771178334837e-05,-0.1262777922603941,96,69,97.2634945189112
13445,904.2635213524826,159584.83703637857,75562.85040253852,76838.58563604878,1022.2300956220715,300.7335765832395,160.5960355330899,558.032677643554,5.4703134915801954e-05,-0.1236862040549043,96,69,97.26632636052602
13446,904.2809268842424,159599.05808055098,75560.55753793132,76837.80763272743,982.1336087767268,292.05190052061516,150.22784171884996,527.1500027244911,-1.867015169700838e-05,-0.1200885314472146,96,69,97.26916772014953
13447,904.284165155492,159592.93886623095,75545.24993729289,76829.51868811395,947.4830970608746,283.75090254966926,141.64726938473177,512.682522506424,-2.457028111167083e-05,-0.1090172403376631,96,69,97.272018492865
13448,904.3009357514586,159649.71976260233,75560.16053115507,76824.65188329635,910.1864266053308,271.8705947743874,134.67341711101471,480.09402840505936,5.8314835153215306e-05,-0.1142747904602053,96,69,97.27487857329886
13449,904.3034525813076,159632.53203970645,75547.1192241362,76807.78847132873,877.0885775283095,259.9454648085666,130.33431961739552,464.5483848906006,-6.953013136953566e-05,-0.1377528344307221,96,69,97.2777478556268
13450,904.3209156120516,159652.69246958775,75576.36509211,76791.17191185798,839.638455907756,244.5590369750862,126.96896319263033,430.1496187939483,5.388670703781736e-05,-0.1201622683302253,96,69,97.28062623358086
13451,904.3240991476066,159664.68762255405,75557.12085772931,76835.13086890928,804.8214975479059,230.0478111832781,124.40649783425033,414.30655371863395,-1.7430326387465707e-05,-0.1049390806722584,96,69,97.28351360045627
13452,904.3408215854976,159673.56812704558,75525.9274992454,76788.74367920047,764.5317792170099,213.70106946460146,120.57781625643838,382.4873412611196,-2.5754545585552147e-05,-0.1095285541893339,96,69,97.2864098491179
13453,904.3433924753168,159675.61961910804,75549.31636561795,76799.33069100406,725.8262877680245,199.90051350746944,115.69508243881864,369.70274298719596,5.898609862890769e-05,-0.0987506313591825,96,69,97.28931487200754
13454,904.360903206932,159703.87217608353,75542.24756015837,76810.86358936464,681.4842633809894,185.77264413738158,108.80226263776422,338.76276124073775,-6.942916488860108e-05,-0.0967325006974894,96,69,97.29222856115078
13455,904.364025986418,159708.66358836016,75554.50206461354,76805.36841310558,640.4503376553184,175.4695244118193,101.42591919167899,325.81607286285725,5.305260255774585e-05,-0.0897042674722904,96,69,97.29515080816304
13456,904.3807080190912,159709.7304293018,75555.95616278671,76841.06479821044,597.009991287021,165.53739234566456,93.50361676316243,294.2068226969568,-1.618536089263875e-05,-0.076668842895611,96,69,97.2980815042578
13457,904.3833402744316,159700.6384975922,75550.97827420158,76829.42993737213,559.5236814077361,158.82200852989627,86.50918671532418,277.6891924016236,-2.6929429673407615e-05,-0.0732177904491592,96,69,97.30102054025215
13458,904.4008890266446,159760.89860568743,75568.49063608226,76842.94681073188,520.2255452356767,150.56671046030533,79.56780362068093,238.50869414757472,5.963708595201674e-05,-0.0836780145787637,96,69,97.30396780657468
13459,904.4039454603868,159769.6180044077,75550.92830125325,76812.41767768594,484.36376124591334,142.61963451871998,72.94089739234187,213.55692689865828,-6.930486040972329e-05,-0.0704401528178155,96,69,97.30692319327198
13460,904.4205965161708,159793.88452655985,75546.04020845676,76812.85860889406,440.2758306588512,129.58084371266887,64.68477588542737,167.46113759250147,5.220111333503696e-05,-0.0544922192817911,96,69,97.30988659001534
13461,904.4232954361248,159811.79360327998,75553.71951480521,76754.43829630244,389.65264455240685,113.07907384271675,54.59400429474772,136.45576181382057,-1.4935678239275611e-05,-0.0517582168544633,96,69,97.31285788610823
13462,904.4408721679011,159849.25410111016,75581.09209686765,76819.3511077224,321.0449066433357,89.05001097197237,41.427330299280584,85.98434836333035,-2.8094542462893255e-05,-0.0422601173372758,96,69,97.31583697049314
13463,904.4438577562152,159848.31801196255,75551.58490348973,76817.48128121157,241.8150212081964,62.25393421083572,26.85980426898459,56.316408816725016,6.0267589931733486e-05,-0.057815954678293,96,69,97.31882373175809
13464,904.4604883151968,159895.60212134686,75527.59781525838,76818.88739629742,151.0214683371014,33.06409615576558,12.318638322205516,14.881978966033785,-6.915727354288119e-05,-0.0682974636577531,96,69,97.321818058144
13465,904.4632573896772,159919.47081224323,75562.66553072497,76804.48356229157,69.09367110900348,10.82351069780998,2.1827841279737186,-0.0,5.133253634769887e-05,-0.0604474265403059,96,69,97.32481983755189
13466,904.4808516797128,159911.43306941615,75559.70798512852,76784.69603885758,8.685105910233688,-0.0,-0.0,-21.760084522917168,-1.3681702425364491e-05,-0.0728474308060456,96,69,97.32782895754944
13467,904.483763308404,159908.53592461825,75552.21733972404,76800.25202633977,-0.0,11.900691397881019,10.876586423721164,-10.824770786130102,-2.9249497095427867e-05,-0.0768150627952483,96,69,97.33084530537812
13468,904.50038451335,159841.14191880944,75556.36565275022,76837.4293378334,56.963765413325746,49.34851393815188,37.132792154414346,-1.9318394645815715,6.0877409968399005e-05,-0.069085871962936,96,69,97.3338687679606
13469,904.5032254618586,159769.65258706562,75540.09785158717,76809.21525022287,200.00679971161298,117.69179584311496,80.54218766134,39.96701570722507,-6.898646773929385e-05,-0.0590347193466789,96,69,97.33689923190713
13470,904.520826653607,159788.9429290302,75520.24891568186,76777.43755829874,424.33655460365117,210.99543759830703,138.64456837487523,78.22381696818047,5.044717459731607e-05,-0.0747143002688463,96,69,97.33993658352313
13471,904.5236627348448,159683.12231858913,75487.88517896825,76807.13536275251,726.1070599961095,324.82606813072925,207.88907156843925,148.66099454436335,-1.2423858925818865e-05,-0.0678728228457244,96,69,97.34298070881624
13472,904.5402860854352,159597.89088757645,75535.1724022709,76823.0303665936,1075.5769575169543,444.87400347749644,281.16175329039106,213.20847123482963,-3.039391017255325e-05,-0.0577657377881087,96,69,97.3460314935028
13473,904.5431988565872,159494.81575167252,75503.49421166298,76778.70908383162,1448.7981516105356,561.8469714958337,352.0493741859682,303.5928448640334,6.146635267658741e-05,0.028531187016483,96,69,97.3490888230157
13474,904.5607962735262,159415.4763090333,75523.13724006797,76804.34313291554,1806.4591292223195,661.964237531778,413.2860590083001,380.789461946697,-6.879251473939853e-05,0.2807084229809763,96,69,97.3521525825108
13475,904.5635567984356,159285.770947504,75542.63591767318,76797.85952175099,2126.6116072480218,741.1140418001742,460.9167632132303,477.93116657817154,4.954533692387063e-05,0.3772571248887095,96,69,97.35522265687466
13476,904.5801938823452,159212.4583955679,75533.1602494481,76782.4678436892,2381.5810347265797,793.4255803100095,491.9974426490953,555.4576722451893,-1.1162573986153354e-05,-0.1248544029233197,96,69,97.35829893073092
13477,904.583176655392,159115.66329918418,75509.89111371947,76796.95896453876,2567.0839292812743,822.9033610302722,507.53022294456605,644.3571637077548,-3.152740212234084e-05,-0.3764038147864519,96,69,97.3613812884482
13478,904.6007598496802,159004.17839254788,75508.43013340954,76779.28373555497,2676.2755180810927,830.6074543191062,509.15276330299093,707.1000860199274,6.203423198224622e-05,-0.0582627035311791,96,69,97.36446961414624
13479,904.6034463761468,158969.46436678764,75484.52889260217,76785.36283427026,2724.0236520862672,824.6714889345458,501.0452049251471,778.7698465492285,-6.85754931472468e-05,-0.0687461151705633,96,69,97.36756379170411
13480,904.620108624033,158892.68828980616,75508.05429801287,76763.83706948334,2717.3732794757234,807.2292064339854,486.2349560743023,823.5631346598966,4.862733670625259e-05,-0.0766678458718252,96,69,97.37066370476644
13481,904.6231578268832,158836.96466832378,75473.07084996306,76782.29240456769,2678.1772283877362,785.0898746389284,468.6107252690126,876.3084715976438,-9.89827492659068e-06,-0.0383879112528542,96,69,97.37376923675122
13482,904.6407168449416,158766.22023577162,75495.31020433363,76760.2891164636,2615.2184254075983,758.5814021647238,449.99729466217104,904.3204724286916,-3.264959725200295e-05,-0.0661839346033833,96,69,97.37688027085612
13483,904.6433324287632,158719.903567619,75488.30955674355,76752.43395007981,2547.470406285138,732.8577960223047,432.7124355970009,945.761231237062,6.258086886189592e-05,-0.0303810949929931,96,69,97.37999669006642
13484,904.6600308934112,158720.8364358442,75493.97040401156,76797.79655796681,2477.968914879719,707.184195112728,417.2005329435633,967.6375385372667,-6.833549016039552e-05,-0.0315121984613347,96,69,97.38311837716196
13485,904.6631412398572,158652.41484063212,75469.9242060474,76793.62205888538,2418.807096942677,685.9761591391725,404.7288574480335,1005.2714049360075,4.769349321272534e-05,-0.0356642491058399,96,69,97.38624521472384
13486,904.6806668976468,158611.58825877972,75480.27614880238,76767.26010174853,2367.4964308457565,668.1486519431055,395.0968223265081,1025.841446373146,-8.631389847685102e-06,-0.0404906584632596,96,69,97.38937708514206
13487,904.683215967956,158567.0510536966,75496.25967870365,76782.21742232931,2331.2023955329787,657.0726440386934,388.8798149934155,1064.4496374563605,-3.3760123764787205e-05,-0.0431063274885947,96,69,97.39251387062242
13488,904.6999611349232,158552.27275681743,75493.76132785248,76746.92680020141,2302.865075465583,649.7619871665229,384.99101999468985,1085.1885063900554,6.310609139109362e-05,-0.0316975238634206,96,69,97.3956554531939
13489,904.7031256762468,158508.1617356537,75484.83277352422,76753.20657325756,2285.316050335008,647.1323145073693,382.9034976901312,1119.4782008462062,-6.807260016095652e-05,-0.0211512253156833,96,69,97.3988017147154
13490,904.7206098436694,158447.19434741736,75486.61057064294,76757.42497020564,2268.961941808462,644.5377582468209,380.71019983929,1132.8138208730961,4.6744130810954935e-05,-0.0133803930974776,96,69,97.40195253688348
13491,904.72309801809,158374.13894211323,75490.54773049428,76711.6106445091,2255.0916200481006,642.1662206343899,377.56088842405006,1158.8240170432837,-7.362347431500314e-06,-0.0135338424774898,96,69,97.40510780123878
13492,904.7398996613832,158411.39253653926,75478.65055437306,76752.62747291269,2234.004377457837,635.9446680467954,372.08111942661344,1163.4628908881568,-3.485861436975029e-05,0.0031850978418285,96,69,97.40826738917376
13493,904.7431098398508,158417.1173414493,75473.68782139284,76724.63003964757,2208.4039953472093,627.646810859078,364.6906863388431,1180.3590079039277,6.36097355628336e-05,0.0175741743843063,96,69,97.41143118193976
13494,904.7605457414276,158394.4460531755,75462.50507740129,76745.33510196848,2172.5524390105275,615.7660517267504,355.8217774615332,1178.9717164816393,-6.778692532492197e-05,0.030551717879158,96,69,97.414599060654
13495,904.7629795688666,158345.22235452395,75486.77514062599,76745.76908263154,2133.635851718893,604.2915684218897,347.4375880829175,1194.3017260011984,4.5779578692128935e-05,0.0448501420982288,96,69,97.41777090630664
13496,904.779846674256,158313.0314135825,75495.64238940361,76752.07490825071,2090.2179336388945,593.0878814113821,340.82158245012397,1193.5862767361687,-6.091576626438352e-06,0.0582649175547574,96,69,97.42094659976829
13497,904.783092354481,158338.77711131726,75461.33982515645,76746.73188074656,2052.520006275736,586.2279419849365,337.73553619586164,1208.7315723845968,-3.594470575684207e-05,0.0787332708530581,96,69,97.42412602179692
13498,904.8004749063924,158283.10716523105,75469.19230242848,76745.86535278878,2021.2264823410078,582.8724146730674,338.47109689892386,1208.0369643264567,6.409164405933765e-05,0.0813483086475443,96,69,97.42730905304482
13499,904.8028615116782,158257.0358088636,75489.62220123177,76739.6556881317,2005.7603401386295,585.2911458779126,343.13279374994454,1223.5280763867486,-6.74785755804378e-05,0.0687463286259323,96,69,97.43049557406644
13500,904.8198023065294,158251.69209436796,75496.03586512613,76723.00175869501,2003.4578451142297,590.4889080020657,350.2907326897257,1222.1746361760888,4.4800170866021965e-05,0.0444826092292915,96,69,97.43368546532432
13501,904.823071740532,158253.70353422794,75468.64694429259,76731.24514804418,2018.225294103555,598.7235822178773,358.6024749756907,1235.2399199859065,-4.819507134810726e-06,0.0487459565020763,96,69,97.43687860719788
13502,904.840397966865,158231.31781924845,75488.17276352007,76756.74209523766,2041.94727688696,606.0670043216523,365.99579290600377,1232.8006285631564,-3.701803890740535e-05,0.0365569018488298,96,69,97.44007487998884
13503,904.8427445472796,158241.79029467973,75487.8393616261,76747.20317734906,2073.0481653750758,612.4992317971191,371.2375342672749,1246.6086063221155,6.455166751695898e-05,-0.0003722514839517,96,69,97.44327416392964
13504,904.8597667014724,158174.62200532097,75466.9930113094,76729.05347429916,2099.9007901331643,614.6931604542042,373.2136311207141,1244.67790516495,-6.714766841015843e-05,-0.0429972331774353,96,69,97.44647633919
13505,904.8630463576716,158182.71412177992,75471.00779500743,76758.15158895745,2120.0140572933014,613.7181336741633,372.0386427791382,1256.6282618214318,4.3806246748556775e-05,-0.0695046545143685,96,69,97.44968128588398
13506,904.880315946594,158167.44532835585,75497.47380785944,76756.7556585148,2124.5506393940304,607.8511061686149,368.01993282540934,1252.0124267510837,-3.546568479286208e-06,-0.0857089449373623,96,69,97.45288888407728
13507,904.8826290758476,158138.64444443493,75486.96947699993,76752.38868254314,2115.1402501210687,599.2225083906233,362.06474927128875,1259.8325899682532,-3.807825977487653e-05,-0.0937369214513631,96,69,97.45609901379446
13508,904.8997400784684,158176.05738456803,75468.45223763389,76753.78450519717,2087.8762737727375,586.697863822279,354.6164820122067,1248.2357996183273,6.498966353924523e-05,-0.0831480338942897,96,69,97.45931155502583
13509,904.903014451566,158128.23446620777,75498.25147324958,76774.01456331281,2048.4117798760417,572.3478627087607,346.06365022298996,1246.170088896266,-6.679432843311883e-05,-0.0983256793692648,96,69,97.46252638773466
13510,904.9202300185764,158185.34185159323,75500.29053355735,76744.27633575014,1996.0316334381932,554.9293262983119,336.2942618630186,1225.6284375124087,4.27981497369981e-05,-0.1071284037798779,96,69,97.46574339186404
13511,904.922515995858,158125.19006610347,75493.64378149177,76744.17523384636,1936.9121757682296,536.0284919073165,325.29484557453543,1216.543270537979,-2.273190589885039e-06,-0.0957454034132855,96,69,97.46896244734452
13512,904.9397201105112,158180.46309801174,75504.38770751464,76757.05917163298,1869.6406474023242,514.2390716947848,313.0764864531229,1190.594596109062,-3.912501871007465e-05,-0.0932839353023509,96,69,97.47218343410049
13513,904.9429846853366,158168.07594359198,75471.79632021037,76746.09689553246,1798.9208428132115,491.2976286963094,299.9625396334741,1177.625434562622,6.540549779342714e-05,-0.0899989119248935,96,69,97.47540623205778
13514,904.959377399358,158212.38230940932,75480.14420941162,76747.03384955885,1723.1379510980914,466.66217817296274,286.4550249965978,1152.31900818969,-6.641868840283658e-05,-0.0823684297471241,96,69,97.47863072115038
13515,904.9623583615804,158206.84785863577,75516.63982659217,76760.7828270623,1646.6124386086012,442.62250355206197,273.0822349206428,1140.6369454270753,4.177622816708583e-05,-0.084324260851441,96,69,97.48185678132792
13516,904.9797595878543,158206.31375999708,75461.65332775975,76808.88931995326,1568.916641458287,419.2451944498898,260.38201305863913,1115.7292938953906,-9.998026854714442e-07,-0.0707428111230602,96,69,97.485084292562
13517,904.982849668388,158220.98056164072,75473.57237759711,76758.22251841419,1495.4985274760984,398.8063350138109,248.53650858346373,1103.5684863018396,-4.015797054670573e-05,-0.063610111707017,96,69,97.48831313485412
13518,904.9993042086526,158203.4249353006,75489.46813101474,76767.09869095324,1426.6660067784833,380.8373061464372,237.65068583353423,1077.2927959950466,6.579904306291199e-05,-0.07504659875132,96,69,97.49154318824188
13519,905.0023019975444,158239.4517550087,75483.9728743268,76761.87874829804,1366.5284158163704,366.3340053957945,227.30354972873465,1060.5656959615008,-6.602088818459558e-05,-0.0658460877739385,96,69,97.49477433280656
13520,905.0197547574624,158268.96674927513,75471.49360546216,76735.63004132416,1313.4296452097478,353.7583988511469,217.19319287972758,1027.9208508093143,4.07408349671285e-05,-0.0698622274717454,96,69,97.49800644868
13521,905.0227320062614,158277.21824627006,75530.03420852862,76767.11378231121,1268.3533824658953,343.238141992726,206.6222979693557,1005.4618929737189,2.731655998283722e-07,-0.0856669852704372,96,69,97.50123941605112
13522,905.0392204811004,158316.19112373726,75482.98272198324,76762.9417413852,1227.0852329455665,333.0838401827059,195.52614724304294,969.4727575152356,-4.117677527109906e-05,-0.0808788527353406,96,69,97.50447311517368
13523,905.0422625912488,158314.4902739242,75493.47920602294,76740.66319536486,1188.4272364990902,323.5422167293,183.7473339215503,944.2150260481576,6.617018006743655e-05,-0.1020651323323051,96,69,97.50770742637263
13524,905.05973563521,158357.44125981844,75487.15299007396,76744.64364562611,1148.360815538559,313.6154399668885,172.10502622587956,906.6821585447178,-6.560107492962694e-05,-0.1204436200154044,96,69,97.51094223005134
13525,905.0626160899882,158376.59883530068,75521.49406991235,76756.60408684573,1106.9407958473312,304.02793765197566,161.120679503656,881.3774278009369,3.969232708204354e-05,-0.1118060798841365,96,69,97.51417740669856
13526,905.0791371746958,158388.06024431545,75520.68409062541,76778.59773297398,1062.8908273089328,294.1707428404334,152.05801748219528,844.7964749629318,1.5452854504652163e-06,-0.1092309573853493,96,69,97.51741283689528
13527,905.082232427042,158418.7272918242,75492.35674182329,76767.26088053244,1018.5493594909785,284.6251781374158,145.22233010453056,818.3331376523711,-4.2181097856268846e-05,-0.1133068854843896,96,69,97.5206484013214
13528,905.0997063661424,158444.93313846106,75502.4992419355,76776.13883406277,975.0682631834643,274.773788810664,141.21947123814607,779.2993472476664,6.651879679857696e-05,-0.1053551784212496,96,69,97.52388398076322
13529,905.1024992178252,158457.5147384116,75497.44987905833,76766.06903340768,935.2762346130912,264.9943917976052,139.21770730343997,749.9911583593348,-6.5159403371867e-05,-0.0992391366710528,96,69,97.52711945611983
13530,905.119057738474,158495.2548333208,75477.52390662771,76750.56489361302,899.723157771572,254.76543534903612,138.8560222647211,708.5518334551016,3.863106588832746e-05,-0.1005684441278095,96,69,97.53035470840986
13531,905.1222083438636,158557.84225505198,75511.35959237168,76760.33578407433,868.6197083081934,244.40796584580676,138.57278417886118,675.6944017381757,2.8161284803820813e-06,-0.0960941450050196,96,69,97.53358961877906
13532,905.1396681053682,158562.670634367,75550.92621804182,76801.00509970963,840.1202502215165,233.61370294172957,137.91420152704814,631.4117009629554,-4.317060833149206e-05,-0.0911071848295177,96,69,97.53682406850643
13533,905.142380986572,158608.8241708195,75517.76817498983,76788.10990685388,811.8092142902897,222.61764920683345,135.61184473792673,597.0481972645211,6.684478933003293e-05,-0.0939118353481501,96,69,97.5400579390114
13534,905.1589838672736,158610.93645377833,75547.83944888672,76781.0028002644,781.0832377096522,211.25753487899783,132.04871845777961,552.7030470128811,-6.469603540342923e-05,-0.0922294674186726,96,69,97.54329111186038
13535,905.1621882960465,158658.80203661782,75515.54617545244,76789.90298604479,745.6232168794377,199.85654175275704,126.76023430802161,517.4976570012805,3.75574167077657e-05,-0.1001721455637217,96,69,97.54652346877388
13536,905.1796212479924,158687.8336594332,75511.14732749708,76749.25125156541,704.9328623371548,188.84102468914352,120.82966046608635,472.9623409502965,4.085266912558829e-06,-0.1048214650660038,96,69,97.54975489163316
13537,905.1822617793232,158732.5178045285,75489.70028521688,76788.91713710046,658.6776009482564,178.88360912563803,113.96713407177594,438.2358953184157,-4.41449818225388e-05,-0.0975144704505718,96,69,97.55298526248671
13538,905.1989165283494,158775.59060036464,75503.44015994221,76818.43998173086,608.8705495361937,170.5542990910908,107.21582277663401,394.64728717898834,6.714806085081149e-05,-0.0931591116083708,96,69,97.55621446355724
13539,905.2021706312828,158795.81952168944,75524.12256322612,76809.41067432822,555.96348887356,163.52673531386245,99.76656545288279,358.92044360458385,-6.421113994945586e-05,-0.0907387739939989,96,69,97.55944237724889
13540,905.2195659886283,158841.1547667041,75507.83120269391,76790.82539195086,501.86675357515924,156.6594364108023,92.04082168126479,313.508925868955,3.647174906881869e-05,-0.0850602939241311,96,69,97.56266888615274
13541,905.222142327228,158878.95055536806,75527.43904485976,76782.52128966546,444.5774254062562,147.26104851982382,82.51049402332865,274.71702525854926,5.352274012872795e-06,-0.0864809998656779,96,69,97.56589387305452
13542,905.2388562699782,158896.19385433863,75516.04586126139,76779.66955371547,383.67809451709036,132.81509477716463,71.40472967881942,225.43766303098528,-4.5103898810724624e-05,-0.0921021202097976,96,69,97.56911722094092
13543,905.2421538696472,158935.88910117734,75552.03473188193,76801.07212347155,315.0001821262995,110.89031438140955,57.36809662045562,181.49561827402795,6.742852298398394e-05,-0.0818252383204978,96,69,97.57233881300634
13544,905.2595025220268,158997.6254871279,75521.09672616317,76826.08135719378,239.45581774885068,82.03547241387423,41.574977825483074,129.6542851558188,-6.370489347832138e-05,-0.0781412465662505,96,69,97.57555853265916
13545,905.2620235281066,159038.31484029067,75531.92874484873,76782.17545293992,157.69048074854072,48.97989921242697,24.315135694632772,87.83174239940126,3.537443578910012e-05,-0.082968627664142,96,69,97.57877626352888
13546,905.2788033430236,159070.60447809965,75553.63481144619,76789.20811898075,80.69915511860745,18.88676576373109,9.432705279788934,45.096953611588106,6.616723559459292e-06,-0.0769243133105832,96,69,97.58199188947228
13547,905.282136626942,159091.6406811323,75533.13193538996,76781.93570663162,20.78117238159757,-0.0,-0.0,18.95542620276683,-4.604704513607578e-05,-0.0596218554786505,96,69,97.58520529458016
13548,905.2994311303072,159115.34773418115,75525.89474301912,76777.3383298786,-0.0,2.278441742848372,2.044219758186955,-0.0,6.768609443697845e-05,-0.0456283028955879,96,69,97.58841636318384
13549,905.301906349074,159130.39616436584,75533.52076734244,76798.36085418923,35.61818498990033,32.12086701391672,18.918097746995045,3.3846098072826862,-6.317747932555946e-05,-0.0592532770668099,96,69,97.59162497986176
13550,905.3187577606204,159084.3026906089,75506.1932868027,76796.1971860657,147.17230117123108,93.41700384514115,54.64329932286637,17.256196781410836,3.4265854107370175e-05,-0.0936703670529226,96,69,97.59483102944608
13551,905.3221175900396,159018.65974994013,75541.94118175594,76795.87550476211,338.83603194804164,182.89757419817033,107.83932675165124,52.40518812160008,7.878190941784986e-06,-0.113667626163533,96,69,97.59803439702851
13552,905.3393522252172,158968.144447825,75500.35355895855,76816.71688533643,609.7213931469596,294.04337416825,176.31108638067963,96.16832911013626,-4.697411231101647e-05,-0.1058310935212581,96,69,97.60123496796768
13553,905.341791761864,158949.1230343448,75517.26095401477,76802.36062609282,939.3957961591659,414.8022249275673,252.54343515797518,156.7504489054263,6.792070208782352e-05,-0.0959916815937162,96,69,97.60443262789504
13554,905.3587193358636,158892.7147706945,75503.89482261999,76776.64692488659,1305.767245037423,534.298537047318,330.39271356069366,220.8104783022136,-6.262908794126729e-05,-0.0976699674630183,96,69,97.60762726272108
13555,905.3620955124222,158775.14674127806,75518.85154015024,76788.99588337375,1673.6172021989478,640.7695539982378,401.14644266388495,294.92564182466595,3.314638438140229e-05,-0.0888245577753358,96,69,97.61081875864228
13556,905.3792663701398,158715.56007512988,75534.35142302311,76776.70541576942,2016.8058933813008,728.0403526539594,460.4765983450925,367.14116407898837,9.136252817805331e-06,-0.0831590563248415,96,69,97.61400700214712
13557,905.3816806916032,158628.8325185232,75517.3365064427,76800.05453255605,2305.903817123268,791.3087299667386,503.5758414606971,443.08464228350203,-4.78847972043373e-05,-0.0836493244950466,96,69,97.61719188002238
13558,905.39868771368,158573.89304755794,75534.81720583707,76762.04952295651,2529.864645922673,832.0142817559681,531.188895325351,511.32323296312825,6.813228049435262e-05,-0.0749063853249243,96,69,97.62037327935958
13559,905.4020692158256,158508.25334177376,75514.98694640218,76774.78453066871,2677.797833527962,851.2358476682275,543.0414568466076,577.0877854647988,-6.205991666484018e-05,-0.0026463440798302,96,69,97.6235510875611
13560,905.4191742935598,158428.90406206695,75522.4467082633,76782.7170907285,2758.083388045721,854.1964849794749,543.2712287186005,631.5383604445669,3.201641046011337e-05,0.2018261729782992,96,69,97.6267251923468
13561,905.4215739694216,158394.9407300787,75502.35412896592,76751.19534975315,2776.090039802075,843.5269387280277,533.5044036722975,680.8301622385625,1.0390486697639876e-05,0.364075441280007,96,69,97.62989548175962
13562,905.438662405954,158332.06930931623,75488.463604132,76733.13181292123,2752.759977372363,824.9606554116617,518.7288598989835,718.8887520031421,-4.877880253626341e-05,-0.0679106491195952,96,69,97.63306184417245
13563,905.4420375886168,158301.50563332508,75518.30858820496,76760.49204866671,2699.153714033484,800.6567976673396,500.27934072894277,753.4656798239157,6.83207721392548e-05,-0.416190040496004,96,69,97.63622416829388
13564,905.4590769027966,158273.13870490785,75542.9591422731,76774.49882810857,2636.559206908336,775.7818958089629,482.37344023396145,781.5943854156649,-6.147016968534808e-05,-0.1077174760546747,96,69,97.63938234317456
13565,905.4614722806788,158267.79540146323,75527.08664490287,76758.19778907302,2571.489748547261,751.6853282069205,465.3515846947266,810.8486028821499,3.0876319680089814e-05,-0.086677167826063,96,69,97.64253625821296
13566,905.478642839035,158249.5022620303,75473.97663925699,76779.96843247692,2518.824415673269,732.6974506310507,452.50021495699184,837.9969744515838,1.1640472210874835e-05,-0.1251516008069701,96,69,97.6456858031622
13567,905.481999570112,158205.2027056835,75498.95089300879,76792.95726604704,2476.2672986136167,718.3710093234695,442.73510490884655,867.8530406497594,-4.96558367784478e-05,-0.0651441731426552,96,69,97.64883086813536
13568,905.498975310084,158163.1543380918,75462.06937695657,76768.09354502517,2450.3640806063777,710.7346417366207,437.6830511284061,895.6184318270825,6.848612699869355e-05,-0.0920961232871419,96,69,97.65197134361168
13569,905.5013760954292,158105.7168034385,75507.8652275935,76751.61028914324,2431.5753820240498,706.7364760986529,434.5693902776402,923.1031318277237,-6.086005831324294e-05,-0.0782250948104238,96,69,97.65510712044318
13570,905.51862842994,158112.80869932333,75472.87866702245,76755.40716798339,2422.1667478267336,706.421958880499,433.8106133811525,945.2358777672925,2.972650248096064e-05,-0.0729004027136822,96,69,97.65823808985974
13571,905.5219540997592,158074.30691567512,75503.07618727982,76761.5754956397,2409.432272534934,705.2150371497555,431.7757672948064,963.9791416070366,1.288579039672306e-05,-0.065394279173093,96,69,97.66136414347548
13572,905.538870897091,158070.5625707293,75500.02191874322,76784.16727634073,2395.289387909055,702.8903186968091,428.89641449949704,977.1052703388268,-5.051561440805684e-05,-0.0615357223942799,96,69,97.6644851732948
13573,905.5412855490011,158082.91685004634,75490.81875886144,76775.39076869075,2369.1675642590853,695.785127535928,422.48598642190336,988.0583619423269,6.862830334823962e-05,-0.0612551504948711,96,69,97.66760107171828
13574,905.5586187328496,158083.82045433985,75493.7998889426,76764.92281573283,2338.1125418600277,685.7866805889935,414.7194091305719,996.7843695913907,-6.022980003115029e-05,-0.0538007505284068,96,69,97.67071173154814
13575,905.561899976088,158062.45598619911,75496.36360589621,76789.19118894663,2296.4504877200816,671.3492253161821,404.5516213775263,1006.4490197427513,2.856735206632156e-05,-0.0538709994611115,96,69,97.67381704599444
13576,905.5787654905988,158020.79252699343,75484.93087529081,76750.91683558228,2256.046888310928,656.3768003746954,395.51794696287834,1016.7758725650783,1.412602396223629e-05,-0.0419096859963061,96,69,97.6769169086806
13577,905.5812001760044,158025.4796956747,75470.93911040909,76811.99715292268,2214.3336148989038,640.6564402925869,387.3169035341998,1028.6644864995033,-5.135785596011283e-05,-0.0328719933239665,96,69,97.68001121364968
13578,905.5986137875932,158018.3570598577,75478.13658043127,76746.1708473937,2184.4456042522797,628.6701154184266,383.45910133307916,1040.9744200518471,6.874726681875136e-05,-0.0354252078020252,96,69,97.68309985536943
13579,905.6018354420488,157989.22071536692,75474.50185165153,76768.94647598095,2161.233130417764,619.4094384822092,382.4632832639327,1053.2235671323433,-5.95796197847714e-05,-0.0272680535797357,96,69,97.6861827287385
13580,905.6186619077092,157954.3312875184,75503.36600555347,76757.10759646929,2154.0760120021296,616.0485305737966,386.15502175854635,1064.8285906221718,2.739926511063598e-05,-0.0090297995068361,96,69,97.68925972909187
13581,905.6211181276828,158018.6726706545,75487.20161797767,76764.74387726534,2153.9483331996016,616.1541103662603,391.4021548239398,1075.2855485788023,1.5360758147719844e-05,-0.0216316184775543,96,69,97.69233075220652
13582,905.638615213992,157980.71876694745,75476.29655070219,76770.0757835751,2167.5918428140576,621.8415464530699,398.8702807123773,1085.2324596191465,-5.21822876127619e-05,-0.0144476801651656,96,69,97.6953956943072
13583,905.6417566752208,157975.08032761628,75495.16289549235,76758.99128839739,2182.9232295223046,629.5068607376452,404.65848344174447,1093.8561721019214,6.884299129493366e-05,0.0084099096880027,96,69,97.69845445207172
13584,905.6585661489826,157946.0123264329,75480.93241271524,76762.12175822053,2205.0948080942617,640.5217354761699,409.5296727679379,1102.051313434029,-5.890974818039892e-05,0.0043286943216936,96,69,97.7015069226367
13585,905.6610328087116,157945.13532546794,75454.95405414246,76788.71162252403,2221.578587804979,650.795238598279,410.5226408460585,1108.1692018748436,2.6222640490969212e-05,0.0084648183178738,96,69,97.70455300360312
13586,905.6786315441112,157950.55945180342,75496.60685726484,76762.3019864488,2238.295414256805,661.4615589968453,409.87702101501054,1113.4388990156585,1.65895795919808e-05,0.0080860088807188,96,69,97.7075925930414
13587,905.6816489056064,157932.3583232367,75473.17437354276,76767.13563240817,2242.6387310719583,667.9311372592638,405.8588951379352,1115.7195930297894,-5.298864219117464e-05,-0.0131361385401793,96,69,97.71062558949738
13588,905.698503503408,157936.03861553158,75458.20646272112,76760.95630922192,2241.6375049918424,671.4268933815038,401.62250229582423,1117.001655227621,6.891545810029259e-05,-0.0245305473312215,96,69,97.71365189199749
13589,905.7008997007016,157946.6979268989,75471.51188947377,76752.38370420894,2224.5474726174143,668.1107161310356,395.6971184015565,1115.282099587901,-5.822042306792742e-05,-0.0472226800611037,96,69,97.71667140005384
13590,905.718764727012,157957.79269460586,75486.36357103696,76759.38474757843,2201.0132670393796,660.6314928432694,390.76745158660924,1113.3162043628981,2.5037880358074025e-05,-0.0804829611721618,96,69,97.71968401366998
13591,905.7209787279684,157992.33813488434,75472.92923119436,76748.9198997489,2161.0524495672435,646.2583250506577,384.0422581541934,1108.0950937245216,1.78120777530506e-05,-0.0985931677412495,96,69,97.72268963334596
13592,905.7380000989843,157963.26910466742,75486.77768390543,76784.51196312299,2116.3521610228927,629.0541375538305,377.2966576878389,1102.1554089138517,-5.3776658557835294e-05,-0.1175084289220071,96,69,97.72568816008356
13593,905.7410244373278,157955.3912050449,75486.14067155797,76771.62446826983,2058.7372896488523,607.2718840384623,367.4847722236882,1091.7596383364871,6.896465686976464e-05,-0.1349925017840974,96,69,97.7286794953918
13594,905.758623085506,157974.38248043714,75498.30680883268,76751.69935099331,2000.194333138992,585.0447969083034,356.5932703911094,1079.4215710769931,-5.75118884529396e-05,-0.1255827331617462,96,69,97.73166354129178
13595,905.7609106929108,158002.95074291318,75468.96079206685,76724.90863165802,1932.1221014992916,560.1850035542739,342.388777640037,1061.473741860711,2.384538878174656e-05,-0.1240021910955108,96,69,97.734640200322
13596,905.777911748652,158041.77821706288,75466.32032066498,76755.13401219834,1866.838451038755,536.5665454258269,328.080746319989,1042.0790455659735,1.9027844015464384e-05,-0.126715828655326,96,69,97.7376093755434
13597,905.7810327366744,158047.3295988795,75497.2590180618,76765.48729985835,1795.4308796170517,511.6699622663291,312.3010587232711,1018.6840769820847,-5.454608199552743e-05,-0.1210146473949126,96,69,97.7405709705446
13598,905.798533152714,158096.15176909824,75480.72750075179,76758.74387254077,1729.390853744524,488.98398548523255,298.3331481400528,996.2334451219358,6.89905850107867e-05,-0.1155566373644308,96,69,97.7435248894468
13599,905.8008067089208,158108.9177275198,75479.31222689946,76782.41379357547,1659.3261873048032,465.7335551006545,284.35324520771974,971.6947882574168,-5.67843944976623e-05,-0.1114359655978168,96,69,97.74647103690872
13600,905.8178573209844,158120.2635000214,75490.9371329977,76792.01157359986,1597.9110069635208,445.62228073424194,273.16922375030117,949.7344712644699,2.264557239429568e-05,-0.1061724400665192,96,69,97.74940931813174
13601,905.8210187917836,158175.94821265235,75496.14531108247,76763.23902694149,1536.158421609376,425.89153961277043,262.4434552238381,926.0642926634755,2.023647270875785e-05,-0.1252339318393696,96,69,97.75233963886456
13602,905.8384526006902,158155.41345887433,75484.70400749355,76769.33877453755,1485.7155867144465,409.97119692657725,254.53795472029014,904.2002393815492,-5.529666411323459e-05,-0.1381183603651674,96,69,97.75526190540852
13603,905.8406903882252,158187.3082139343,75522.37895186801,76758.46296635816,1435.6308664224925,394.77839195082197,246.9863872829883,878.9883612074773,6.899324737894721e-05,-0.129212754725313,96,69,97.75817602462212
13604,905.8578241895844,158243.01347819754,75501.92564653116,76742.65727215215,1396.2445251567988,383.75073982792674,242.3287535023701,854.629478658404,-5.603819797040549e-05,-0.133877240774996,96,69,97.76108190392586
13605,905.8609873333965,158274.45289197826,75480.54932285343,76773.88461358057,1354.6707424899796,373.51512587197067,237.95455861263326,826.6254333552206,2.143884019654857e-05,-0.136925593089082,96,69,97.76397945130692
13606,905.8783816271208,158259.80450386554,75512.9347526703,76769.68587459829,1319.6286775226472,366.9031624470517,235.75948566559236,799.8551173352462,2.1437560388014043e-05,-0.136240116243185,96,69,97.76686857532415
13607,905.8813418368331,158342.78430685602,75478.44229036702,76774.6229145019,1278.4572393139242,360.00730199700047,232.4534306890564,770.3598773480044,-5.602816305952855e-05,-0.1285733420941529,96,69,97.76974918511276
13608,905.8978179981488,158361.86528623104,75471.93086682806,76741.04489671726,1241.282721575466,355.1948023323348,229.34134719433496,743.241605489864,6.897265701811747e-05,-0.1233753848461681,96,69,97.77262119038868
13609,905.9009187006858,158367.7487704832,75477.80946221492,76745.00588199738,1197.7718849336961,348.5545668721461,223.15937860542908,714.4436861633731,-5.527356165159576e-05,-0.1361365704121742,96,69,97.77548450145342
13610,905.9183779102927,158389.35898579544,75520.75352512297,76735.59417922939,1159.5206489990233,342.75257108497317,215.74293917787145,688.4525652256561,2.0225603183585545e-05,-0.1349319568061309,96,69,97.77833902919843
13611,905.9212096489686,158474.14167271223,75507.55154031505,76758.1819335754,1115.997502863058,334.34152876205917,204.8307073613978,660.0832905199204,2.2630706740808544e-05,-0.1314056491599724,96,69,97.78118468510982
13612,905.9377488767544,158447.660106635,75517.47375328686,76784.4974951371,1079.1629918342805,326.97897816155455,193.84025288405246,633.5410105960909,-5.674034365495716e-05,-0.1305322682936097,96,69,97.78402138127292
13613,905.9408835322524,158491.8688365941,75482.92728850864,76761.28584813912,1038.7747151877848,318.0739299831621,182.06950214732205,603.9428137567302,6.892883488546241e-05,-0.1187507639078492,96,69,97.78684903037642
13614,905.9583501638668,158538.38966432714,75485.66660027747,76749.69442215905,1006.1869413406239,311.3484064202785,173.6136890196649,575.7745871125371,-5.4490754145782045e-05,-0.1184442774919374,96,69,97.78966754571697
13615,905.9610855087484,158537.61849352732,75468.2260417202,76763.45769865168,969.7232645875192,303.47151426687196,167.2736905888887,544.4459693686513,1.9006274203964463e-05,-0.1169772551382376,96,69,97.79247684120357
13616,905.9776784459846,158604.5272465636,75496.94736926674,76780.28991818058,940.330012812803,297.4321263064485,165.75757090214756,515.2449119755765,2.381551411154477e-05,-0.1114626556889572,96,69,97.79527683136192
13617,905.9808576079512,158647.75234510604,75494.1564436256,76776.84515974339,905.9035442348686,289.29197552210826,165.8394207370584,484.38647465239046,-5.743297726322666e-05,-0.1144014370590877,96,69,97.7980674313384
13618,905.9983103324385,158649.47016317875,75512.38520584124,76747.19090363808,876.0971873387462,281.5678241743444,167.98281384180882,456.97285200093756,6.886180933404283e-05,-0.1152739124643283,96,69,97.80084855690482
13619,906.0009627911976,158676.12531675695,75489.31615587187,76746.81221888184,837.5562693096581,270.29570876985963,167.52642519085202,428.6413947476831,-5.369005044860695e-05,-0.0983483993710016,96,69,97.80362012446209
13620,906.0176122763296,158698.89889932115,75495.74686623913,76756.81623745334,800.9802943594987,258.80843693487986,165.17400238639675,404.06142055487726,1.7781267995036842e-05,-0.1083996405197174,96,69,97.80638205104478
13621,906.0208361907348,158739.33806113625,75515.75387403433,76769.95746286746,755.323019856005,244.1618143995147,158.02941401928547,378.6548732428928,2.4991588097795483e-05,-0.1066120247062503,96,69,97.80913425432504
13622,906.0382607228624,158769.58997548642,75486.6249582918,76779.75489424037,713.2940322663053,230.19028165962663,149.1243197421718,356.13290761827375,-5.8105841995082455e-05,-0.0926442363738375,96,69,97.81187665261658
13623,906.0408406947596,158784.76806768627,75491.4517947386,76741.76359595083,665.2609905366553,213.9224310041609,137.65033775454503,331.1873498238274,6.877161718246674e-05,-0.0933054814620017,96,69,97.81460916487887
13624,906.0575520046076,158834.61715436957,75487.998813989,76775.92956904396,625.0607048815582,198.98753825835593,127.73237683752086,307.09155017806916,-5.287173094265468e-05,-0.092484807017679,96,69,97.8173317107212
13625,906.0608171842078,158843.2371001836,75524.15914072304,76761.66219272256,581.769702453923,181.77685931131418,118.04233022884,278.64892912411597,1.6551001019005194e-05,-0.0894863276914242,96,69,97.82004421040634
13626,906.078201714828,158861.2843326438,75490.16594447482,76738.34748917785,544.591865410679,164.76885113908793,110.57602554437472,248.80239122913918,2.615853733357554e-05,-0.0915508757328559,96,69,97.82274658485451
13627,906.0807202845916,158899.14144108226,75493.17517394396,76770.55896569818,496.95833275304176,143.41530840581981,101.4809345054382,213.0457956046448,-5.87587228616712e-05,-0.0856909320420157,96,69,97.82543875564728
13628,906.0974972496394,158970.782761198,75495.26726438075,76778.10486827012,444.88946636550827,120.25365877739387,91.09826584291295,175.6802452126576,6.865830244359098e-05,-0.0808810584203493,96,69,97.82812064503167
13629,906.1008006320892,159005.09205450097,75491.29014653494,76772.0985381796,372.0717862260062,91.80973970527702,75.479139535164,134.41742274165154,-5.203608237503463e-05,-0.0861366083248686,96,69,97.8307921759233
13630,906.1181309336482,159028.62956887716,75511.11139698353,76779.51646126907,288.90037247841246,62.626013834393234,56.53228042734554,94.98393082918483,1.5315891403494796e-05,-0.0827271901453934,96,69,97.8334532719106
13631,906.1206071907656,159067.52159625947,75515.0865400332,76757.61381457324,189.00580445077503,32.524686041491805,33.725985854514875,56.95838044420816,2.7315973781438818e-05,-0.0724163671428551,96,69,97.8361038572582
13632,906.137439334266,159096.9488739861,75478.32357677397,76810.8904375925,97.53741914423881,10.37878126052965,13.588035255874274,27.24900916207116,-5.939141169249194e-05,-0.0844604021317277,96,69,97.83874385691084
13633,906.1408036599508,159139.14161879104,75530.18677900833,76790.57514192243,22.917886344366707,-0.0,-0.0,6.320270629774313,6.852191719885845e-05,-0.0897945846808698,96,69,97.84137319649662
13634,906.1579974944228,159155.69886605875,75492.87766262374,76760.38706633383,-0.0,12.255833237228217,1.942129148519598,-0.0,-5.118339647110327e-05,-0.0992160300834815,96,69,97.84399180233063
13635,906.1612227857572,159116.0741986749,75529.10720839606,76778.50361940397,40.01337773009436,50.289414518207195,23.010793119698064,7.676581708685262,1.407635804242748e-05,-0.1053034660292226,96,69,97.84659960141867
13636,906.1775432170494,159105.1433646529,75490.57532929421,76755.31477676783,170.49612861278,120.56854132958688,68.33265091050998,32.64189328899374,2.8463512936871063e-05,-0.0869196033481075,96,69,97.8491965214605
13637,906.1806816650112,159062.83037845907,75471.8320946664,76782.47765107572,386.28701893717516,218.6936870697973,134.88134059493314,72.24236050096806,-6.00037071179574e-05,-0.0778987878729328,96,69,97.85178249085332
13638,906.1980296036792,159021.85652366362,75514.7199157641,76752.96149348769,691.046799312986,341.527829833969,219.62681618449278,126.86586290661944,6.83625210334118e-05,-0.0994519434310168,96,69,97.85435743869468
13639,906.2010775381036,158939.8861131179,75483.33525957346,76768.70477043287,1052.810613322421,475.2682747961662,311.993143195461,191.71303639758844,-5.031397111126624e-05,-0.1139526112026088,96,69,97.85692129478672
13640,906.2174799893533,158889.733932219,75493.98538643819,76760.38203995787,1453.257582165068,610.5434394522308,404.25527122154017,265.147638554743,1.2832821745907336e-05,-0.1083642965746583,96,69,97.85947398963856
13641,906.2206298538372,158778.3087807093,75499.24484527597,76740.99844827263,1847.951586403593,732.1028739767207,485.1636361696874,341.796798974392,2.9600773865542287e-05,-0.1004448698168883,96,69,97.86201545446995
13642,906.2380194286236,158739.49929997692,75507.58590101957,76770.5981386432,2216.5783393881284,833.6799625364511,549.9134888222325,419.3439541942789,-6.059541484514475e-05,-0.0978637256100839,96,69,97.86454562121408
13643,906.2409513635492,158673.8606997697,75486.64185819999,76763.52765953468,2522.832175639516,906.6529803054,592.8025375374127,492.9646432242589,6.818018172380645e-05,-0.08829742001242,96,69,97.8670644225212
13644,906.2574058765464,158561.70161711093,75472.60221182324,76783.491334534,2763.1858460020158,953.3217991053825,615.7962341756793,561.2122739992337,-4.942810948647675e-05,-0.1006654841795419,96,69,97.86957179176156
13645,906.2605953569636,158529.9646073886,75449.52954530902,76779.95633865474,2921.909302745131,973.3506223496515,619.5982547433232,621.4291526762245,1.158570428288702e-05,-0.0865092256609555,96,69,97.87206766302792
13646,906.2779924541592,158452.48908110033,75489.63494170275,76741.61285145381,3013.930018691055,974.8915378796955,610.6982329062303,674.0582109048555,3.072737913049296e-05,-0.0743776698485406,96,69,97.87455197113918
13647,906.2808297473572,158422.7914125984,75484.85243804764,76763.51209312471,3037.466883631074,960.5198938258254,592.1166778951592,718.9088888487895,-6.116634790280629e-05,0.0238357223464629,96,69,97.87702465164294
13648,906.297331459609,158413.34610424913,75500.69830052459,76748.49189797649,3017.402294687694,938.9465996004146,570.7412802423933,758.1597241399577,6.797497421360944e-05,0.2717529692794461,96,69,97.87948564081836
13649,906.3005704404068,158348.65027942992,75467.07019333042,76769.97199120712,2957.755957817426,911.6729789713863,548.5169073384895,793.0886458443129,-4.852611997875612e-05,0.329329897728558,96,69,97.88193487567956
13650,906.317952774571,158322.65202726368,75468.56986530682,76764.08156485595,2884.4957609515986,885.168653783825,530.0398999279423,825.7078980269434,1.033542819847028e-05,-0.1908798961650601,96,69,97.8843722939776
13651,906.3207105670637,158287.55241578066,75465.30583666154,76730.29937762336,2799.6776018884266,858.605206795939,514.5606887160684,856.6282611238421,3.1842955351672335e-05,-0.3956864693125077,96,69,97.88679783420356
13652,906.3372592510216,158281.28084726236,75453.30895171307,76772.39650252073,2726.1537739312043,836.7624671976082,504.25118406739784,886.2955334142898,-6.171632614567208e-05,-0.1021504411289927,96,69,97.88921143559156
13653,906.3405529217716,158225.8919897018,75470.19839340972,76724.04732853903,2661.158967338328,817.6532468678924,496.52318359265337,914.1346561169194,6.774698163887503e-05,-0.133331062476747,96,69,97.89161303812084
13654,906.3579002053244,158186.95705486657,75484.705815217,76798.75073511135,2619.8012606014963,804.7350893198891,492.19480791850947,939.3649979530019,-4.7608316383975234e-05,-0.1329934899619258,96,69,97.89400258251877
13655,906.360595705708,158202.08841002663,75453.57681143537,76758.5182155375,2590.3447035380523,794.7028871304792,488.11280868956237,961.3041041289398,9.08241683391219e-06,-0.0930664241776482,96,69,97.89638001026316
13656,906.377187599776,158175.65450196693,75460.18265990222,76767.62661563541,2580.1446000772994,789.9006777702598,485.314743762312,979.5178027484508,3.294713304951075e-05,-0.1142769536490226,96,69,97.89874526358504
13657,906.3805452236492,158136.59370534276,75480.89598724732,76747.26999811443,2571.5540165124694,786.0665887233336,481.27331167584634,994.5000019087747,-6.22451764433959e-05,-0.0960103602754753,96,69,97.9010982854706
13658,906.3978285466288,158139.05877052632,75477.34402778286,76746.32564714583,2567.916104079166,784.5042015834479,477.47341977606993,1006.7370241048629,6.749629414676771e-05,-0.1043174395599046,96,69,97.90343901966398
13659,906.4004963613032,158143.85904039585,75476.98340118158,76767.27915168143,2551.5836839042604,780.5329648424231,471.8143136106082,1017.676784392097,-4.667501765649154e-05,-0.1099752446877243,96,69,97.90576741066997
13660,906.4170989476444,158142.3843059113,75459.54817024093,76722.81979623438,2530.729516973777,775.999866743703,466.3144894396537,1027.9914929867664,7.827094284909085e-06,-0.090324661276461,96,69,97.90808340375544
13661,906.4205808952788,158104.45379800786,75461.44776892324,76723.04251167885,2495.108849999786,767.5572555399704,459.47391926226555,1039.0206093591405,3.403954662968507e-05,-0.0822395065341071,96,69,97.91038694495208
13662,906.4376507003864,158079.39899047505,75491.08626805626,76762.07237243486,2459.3478846106445,758.4577964227792,453.64502756259753,1050.7325551190588,-6.275273325440046e-05,-0.0838499947751702,96,69,97.91267798105872
13663,906.4410508562376,158094.60458422854,75486.1997693541,76753.01773570407,2418.575128954486,747.1010468060995,447.67199308102136,1063.93017397722,6.722301014327586e-05,-0.0705028682329062,96,69,97.91495645964346
13664,906.4573180554614,158050.62825093753,75502.95661523206,76791.5099282017,2389.4786697493983,738.05468049724,443.9208797790634,1078.005919029878,-4.572654769342351e-05,-0.0653905464716106,96,69,97.91722232904549
13665,906.4604164114196,158079.50226015976,75470.22083103076,76748.76257962518,2366.238356185204,730.4946962409449,441.0155183140014,1093.538300365326,6.569885238917535e-06,-0.0630722839751201,96,69,97.919475538377
13666,906.4777064494128,158033.93538365417,75463.2931072465,76752.23609016999,2361.6396310004056,728.7003575918643,440.7463388951437,1109.622487093584,3.51198348415427e-05,-0.0523198244329106,96,69,97.9217160375262
13667,906.480903088584,158018.62569534112,75461.99442730004,76724.6056689514,2363.6633177379263,730.414927993741,440.8934839757276,1126.6190554749046,-6.323883824788661e-05,-0.0526123787740068,96,69,97.92394377715809
13668,906.4972543883464,158016.36462956946,75488.81700197779,76770.50557527498,2380.137230538181,738.0250234640262,442.632268257963,1143.1811077194288,6.692723493866361e-05,-0.0491147617034188,96,69,97.9261587087169
13669,906.5003529586116,157981.496538292,75487.31441960347,76728.8002557222,2396.47310573695,747.4970008918754,443.61479133579996,1159.2579991450184,-4.476323539013968e-05,-0.0375669406321657,96,69,97.92836078442804
13670,906.5177068732112,157990.83112980935,75472.65707710307,76758.26146233805,2419.189756310836,759.5141034948174,445.1629438304517,1173.130785059504,5.311214735391936e-06,-0.0148270064487749,96,69,97.93054995729985
13671,906.520781605284,157944.25554348648,75468.60315783,76741.02519317639,2433.2257298940676,768.8978455272154,445.29511055577314,1184.707322660659,3.618764064027478e-05,-0.0132274126517648,96,69,97.93272618112492
13672,906.5371732905708,157963.11161338462,75470.50186184012,76768.84978446698,2446.5437681826297,776.2725545944704,445.9032332551724,1192.5538062216656,-6.370334045093879e-05,-0.0057514679809512,96,69,97.9348894104826
13673,906.5403119643112,157945.32346257512,75440.52773501958,76756.01489343468,2446.7305751116364,777.58694092714,445.5222189235501,1197.2102903266787,6.660908210688796e-05,0.0122260314845724,96,69,97.93703960074004
13674,906.5576884063552,157972.00036420504,75489.91760315798,76770.46565275558,2443.3721983992727,774.9478807608975,445.9776589050016,1198.107480699342,-4.378541420667589e-05,0.0036103907068699,96,69,97.93917670805388
13675,906.5606659042114,157932.29798852798,75446.32777774843,76747.2369179373,2424.437130030419,765.8911662319151,445.21482108172495,1196.616861771996,4.051507950753944e-06,-0.0065097307168548,96,69,97.941300689372
13676,906.5770888955628,157955.62889602827,75502.59774842135,76733.1872653131,2400.2106519180816,754.0101406635222,444.36145495291566,1192.7992558023252,3.724261157031697e-05,-0.0160525108987143,96,69,97.94341150243514
13677,906.5802838056716,157950.05510107064,75469.83165811558,76721.51372975552,2359.8243897565408,737.9582894585183,440.9065888907353,1188.1628365700599,-6.414609593489396e-05,-0.0560954829142095,96,69,97.94550910577782
13678,906.597656157635,157982.3760745964,75476.95979431295,76732.19901692146,2314.066715996363,721.342922181735,435.7642810619145,1182.5187140199996,6.62686720640528e-05,-0.0811294720882692,96,69,97.94759345873032
13679,906.6005530796426,158002.37130911063,75474.98470201103,76739.45397486951,2252.6996813000296,702.063285593118,426.7032723282464,1176.5929397564905,-4.279342289689362e-05,-0.0962457084794741,96,69,97.94966452141978
13680,906.6170041743774,157957.7371730087,75484.60325967336,76745.56786129758,2188.6505382498726,682.7275557450193,415.514709240495,1169.3611957371468,2.791190525733507e-06,-0.1232965368123119,96,69,97.9517222547715
13681,906.6202664899224,157978.3212072737,75451.78192766692,76752.45934499236,2114.4110295832506,660.5371789781202,401.15229968863423,1160.7291306808183,3.828439980033612e-05,-0.1336779868218278,96,69,97.95376662051024
13682,906.6376093297804,157981.8279195669,75447.43961717263,76737.6057886917,2043.915494519577,637.6190530395688,386.2624535934301,1149.484314757894,-6.456696858217964e-05,-0.1253308954598941,96,69,97.95579758116143
13683,906.6404456629296,158022.67192639684,75458.64150968922,76762.24455440907,1969.112710308982,611.4801826563198,370.1788164409809,1135.678299238265,6.590613297224945e-05,-0.1427686352829404,96,69,97.95781510005224
13684,906.6569165547324,158038.76843674615,75461.30945490261,76734.85195859356,1903.0294909209479,585.3466839231696,355.4854852674471,1118.8464251857076,-4.178760398925443e-05,-0.1479706975497869,96,69,97.95981914131312
13685,906.6602641765436,158072.76595216407,75443.61031514907,76750.85758525238,1836.1018497835612,558.1933850849746,341.04559384397,1099.6549137467227,1.530687289821817e-06,-0.1454547520110649,96,69,97.9618096698779
13686,906.677539096069,158044.18393601573,75485.32084910944,76733.61668906333,1778.3351511508808,533.9582056034706,328.5611309650121,1078.3329232188407,3.9312661473367534e-05,-0.1524714875966675,96,69,97.96378665148598
13687,906.6803583276508,158101.93718150945,75435.92370647097,76737.97824363234,1717.4496190072969,511.5424339973979,316.1274372123589,1055.7005072617903,-6.496582972709236e-05,-0.149150953248426,96,69,97.96575005268237
13688,906.69680330188,158114.98469188402,75489.16736721492,76759.89629794858,1662.792856254906,493.9913582024601,305.1592963655421,1032.2467345075565,6.552160028213327e-05,-0.1351422247403051,96,69,97.96769984081912
13689,906.700319264716,158124.65654538613,75466.13834577832,76739.8448318932,1603.1731257810607,478.8471684404212,293.91854907677043,1008.5736929372943,-4.076830531372022e-05,-0.1371561372762941,96,69,97.9696359840558
13690,906.7173429647494,158170.86887484617,75472.70729064096,76728.29919492397,1548.8258464275277,467.3521640519175,283.99503753942554,985.0213478154619,2.704235584265141e-07,-0.1346313025871091,96,69,97.97155845136058
13691,906.7208249802784,158210.12855150882,75445.47137428733,76739.28309811892,1490.4049775432213,456.0073297190829,273.9044340873661,961.4976063703652,4.032705849264784e-05,-0.1244852956956148,96,69,97.97346721251095
13692,906.7371403570188,158212.26332175077,75496.56882450976,76757.48108678921,1439.691630394198,445.8394415820221,265.2774297714641,937.8799451690866,-6.534255765966642e-05,-0.1223053667542574,96,69,97.97536223809428
13693,906.7401239537508,158238.2972106846,75454.92856820101,76731.71136716977,1388.1919761972968,434.1689163586416,256.48814707400743,913.298841234704,6.511521690248679e-05,-0.1170331518232088,96,69,97.97724349950867
13694,906.7574121989012,158250.89733624557,75462.02327639444,76749.0524730928,1347.3225535090896,423.2401448809251,248.9204906700179,887.5865727307682,-3.973587844379316e-05,-0.118689369207082,96,69,97.9791109689632
13695,906.7606815503508,158280.44110304656,75473.31585060288,76740.16811494902,1306.057527796307,411.4011470211699,240.6643984724942,859.7618905756099,-9.891758371136198e-07,-0.1379541095192699,96,69,97.98096461947902
13696,906.777074095364,158348.36029395155,75458.92038066471,76740.11897751558,1273.597200548451,401.4798156271863,233.21042575655156,830.5522405850643,4.13272569971755e-05,-0.1390792059916791,96,69,97.98280442488924
13697,906.7800499462988,158337.3101371159,75480.87493400561,76772.15702828737,1238.0494973189197,392.0113615452574,225.19970402889885,799.7900003411341,-6.569703907781465e-05,-0.1194859039970655,96,69,97.98463035984008
13698,906.7974203780914,158383.78010473054,75452.65255716088,76759.50661902018,1208.171342659567,385.16085489261604,218.67336370362318,769.3988634757698,6.468713283789556e-05,-0.1282388902477051,96,69,97.9864423997904
13699,906.8005665674168,158406.82735680218,75454.65741760793,76716.87288873036,1171.6753670006874,378.34012352510763,212.47086567684892,739.2817014418833,-3.869067901846476e-05,-0.1309743762309336,96,69,97.98824052101293
13700,906.816987915484,158461.5260374291,75469.84075337459,76749.48264325588,1138.3509437742177,372.61916793935234,208.48193517923937,711.3737801735988,-2.2476867537571507e-06,-0.1151231750618506,96,69,97.99002470059392
13701,906.819999626724,158462.32457356455,75491.36084253572,76769.88624819565,1098.2449502689415,364.982062891082,205.07803697386407,684.4860334795667,4.23129282120631e-05,-0.1149320325660084,96,69,97.99179491643366
13702,906.8374111898004,158521.34269031647,75482.09885819523,76733.47632038494,1062.7025582734495,356.44577597788884,203.29901817947393,659.504587542091,-6.602916746881422e-05,-0.1421674061140544,96,69,97.99355114724692
13703,906.8404555229428,158515.29507089607,75464.67928238751,76729.50541236802,1021.8903019902646,344.5506720471458,200.59243507898645,633.412809830741,6.423750570640746e-05,-0.1490290765481034,96,69,97.9952933725624
13704,906.85689850815,158561.47585173967,75476.2243637587,76755.1907879904,987.0989860182162,331.34982996751205,197.52905690655462,606.5959725744324,-3.763306744086149e-05,-0.1382349320391684,96,69,97.99702157272353
13705,906.859961748506,158551.76597739238,75474.65529883515,76746.25707740446,948.4565834698151,315.787938141395,191.737954090524,576.0251627758553,-3.5046854512277247e-06,-0.1329138807797929,96,69,97.99873572888812
13706,906.8773911461972,158617.20872212577,75475.69157818661,76748.25681912649,915.9995242155856,300.7585654503491,184.34129390466842,543.5503740245476,4.3283748331051326e-05,-0.1216827143447613,96,69,98.00043582302855
13707,906.8803437856766,158644.87127542787,75490.95806338028,76757.15746384794,877.9711094961967,285.45413250502315,173.74103522929363,507.28721506195143,-6.633884443199003e-05,-0.1223873743951597,96,69,98.00212183793168
13708,906.896810754359,158709.43163066587,75486.95539691957,76756.00227487237,843.7743526768754,272.34297061567486,162.04413179360563,471.0854096439434,6.37664995562514e-05,-0.1334111747962643,96,69,98.00379375719848
13709,906.8999324027064,158748.93363971467,75493.23219048104,76784.92010313382,802.3620854562614,259.8634859527374,148.6260664666188,433.81020146005903,-3.656340773185594e-05,-0.1241645782461413,96,69,98.00545156524444
13710,906.9173618449316,158754.48310799818,75500.50555300311,76747.31072191676,763.5138351159985,249.18717132184247,136.1169358100451,399.4722034816223,-4.759748916023756e-06,-0.1160919722204677,96,69,98.00709524729866
13711,906.920230389863,158825.3960587294,75478.71903324562,76759.27952195269,716.258930671378,237.62044631406025,123.85712542568217,365.1228497980919,4.423939924996381e-05,-0.1160178813925105,96,69,98.00872478940408
13712,906.9367268206804,158808.26074897763,75482.76594542894,76759.3467980026,671.1025902584079,225.62423177312303,113.99188074469566,333.6107979656372,-6.662597905158509e-05,-0.1061073212442889,96,69,98.01034017841724
13713,906.9399095153856,158875.90962764513,75483.10956423816,76773.4331326175,617.7028606067179,210.46325535260257,104.91424145706696,300.4168452662998,6.327428627875247e-05,-0.1115724372193177,96,69,98.01194140200758
13714,906.957323507411,158877.51490232768,75496.36083270397,76756.63616851333,565.3523955693818,192.5740357118775,97.34872454419383,267.9732710243552,-3.54820678915358e-05,-0.1025273594231369,96,69,98.01352844865713
13715,906.9601156881964,158940.2985964026,75505.27179276609,76778.31108962491,501.5013717561378,169.45518342971627,88.28686377499253,231.14037774683675,-6.01245509023511e-06,-0.0948699449530125,96,69,98.0151013076604
13716,906.976647716754,159042.6895351673,75483.32053007379,76764.40334338453,434.35228005080717,142.05891046590114,77.76142465413432,193.83346245402936,4.51795678203551e-05,-0.0986273080910515,96,69,98.0166599691229
13717,906.9798917951068,159007.13965559003,75495.0610062725,76755.30907132,352.1053938459372,109.23899275610165,63.14318180072587,152.27717993740225,-6.689048778117577e-05,-0.097914663234195,96,69,98.0182044239622
13718,906.997275718124,159044.765486876,75525.70967877972,76780.89405452594,265.45329452707665,74.1254668176698,45.972956660436466,112.52257485548034,6.276104463082458e-05,-0.0878907153046096,96,69,98.01973466390584
13719,907.0000008634828,159088.1471233683,75489.22799645229,76792.82060700601,168.63910840672906,39.19874246761901,26.378664522082545,71.90856035097386,-3.4389419042724815e-05,-0.0895292572203893,96,69,98.02125068149122
13720,907.0165735414228,159164.99612848763,75485.4830166839,76753.33161718461,83.10932153009344,12.151625753278495,9.71128958358895,38.937739522370975,-7.262383391320987e-06,-0.0903083889273173,96,69,98.02275247006526
13721,907.0198786786652,159179.8805958583,75492.07857637705,76772.03072877158,16.199377407261636,-0.0,-0.0,12.024628864601254,4.61039461462647e-05,-0.0799616909242905,96,69,98.02424002378294
13722,907.0372173360996,159188.60665204845,75486.4980579282,76752.4309821773,-0.0,12.80016563081881,5.159843935311073,0.1790739998978097,-6.713229537644456e-05,-0.0751765092872121,96,69,98.02571333760696
13723,907.0398881989224,159190.60652866992,75489.06487829918,76770.82260343745,46.63205762708094,56.53860983627965,29.302669026568765,-0.0,6.222696004316806e-05,-0.0627446895015144,96,69,98.02717240730692
13724,907.0565029407826,159180.1717165934,75493.26334757244,76744.92434719494,184.26120910065947,135.77955210018263,77.2880671362509,19.30971285200212,-3.3285836697442115e-05,-0.0540983088227525,96,69,98.02861722945823
13725,907.059871206074,159135.98311513872,75467.94559470788,76743.72378936292,409.97895762702683,247.1757791321288,147.0119340712845,51.83572717435891,-8.509113685906584e-06,-0.0709938153655283,96,69,98.0300478014411
13726,907.0771451985796,159091.31264302996,75503.10201036176,76798.73866366834,726.628397799388,383.65811286364624,235.04251366102835,102.60290990353678,4.701223225668445e-05,-0.0860550106552931,96,69,98.03146412143964
13727,907.0797830452186,159040.6303601064,75504.0724531136,76805.08857985363,1102.3637868361548,531.3441001334722,331.18543208623305,161.70623999467352,-6.735133354099354e-05,-0.0908678778233279,96,69,98.03286618844122
13728,907.0964300034262,158972.8079790315,75487.93963137787,76782.55375177559,1515.576244548778,676.5345363808447,426.552336423978,232.96324347821064,6.167222524723262e-05,-0.079559632959108,96,69,98.03425400223443
13729,907.0998770342107,158902.46667976788,75514.84187862698,76774.67863904247,1919.851764345949,804.5919327155134,509.5892379076395,305.0898976281751,-3.217169957759535e-05,-0.081006112629283,96,69,98.03562756340892
13730,907.1170456672612,158843.5631236469,75495.45498915385,76791.56888878079,2291.177497726516,906.5972242918506,574.3823419696419,381.60052958049346,-9.752227716120776e-06,-0.0720963387706781,96,69,98.03698687335353
13731,907.1197092983816,158744.36629379212,75482.32777517436,76757.21222596057,2593.6641371186124,976.8855953026941,615.8824911755219,451.0368051394762,4.790412942547383e-05,-0.0791176397645071,96,69,98.03833193425528
13732,907.1363120557849,158708.30190568176,75492.7150528721,76757.55612535083,2823.444610934879,1016.8540309481032,636.3392496238812,519.3578947119531,-6.754754235884193e-05,-0.0857672011082393,96,69,98.03966274909828
13733,907.139995676436,158637.7612749008,75478.94584626061,76759.4625775645,2967.916104094533,1029.997317965972,638.1253007800842,577.1985306540446,6.109703969215226e-05,-0.0768866536286671,96,69,98.04097932166206
13734,907.1563581844124,158570.9183083777,75490.68762478874,76739.3873264066,3043.04323823686,1023.6452452910744,628.2501198862155,632.3570908587717,-3.104738951825657e-05,0.0206976351369398,96,69,98.0422816565204
13735,907.1592289269796,158549.1512532972,75479.62962797389,76739.00191365444,3051.9262938711327,1003.9120446995948,610.8786121863814,677.2430411085661,-1.0991308611935676e-05,0.2584485192396411,96,69,98.0435697590397
13736,907.1764428784423,158526.32504858854,75485.68448040947,76743.59731140592,3020.277868691017,977.7164426415402,592.1127159705211,722.1180673287308,4.877934681789462e-05,0.3420617411728842,96,69,98.04484363537784
13737,907.1798421729072,158493.88629318087,75480.5124842458,76739.0793306876,2953.572095164098,948.8521591162425,573.2439512594719,758.5083102586796,-6.772086934736646e-05,-0.1596089443524571,96,69,98.0461032924822
13738,907.1963009726138,158431.29058530298,75513.67433727247,76759.13518043495,2876.140384351893,921.2174171723454,557.1480319999973,796.0598343571473,6.05016095277056e-05,-0.3783710925447657,96,69,98.0473487380884
13739,907.1991318385464,158412.23616948602,75506.41736608009,76744.90099886587,2790.467405480449,895.9470412286173,542.6302629915008,825.2130798306025,-2.9913291627639422e-05,-0.0652308511908296,96,69,98.0485799807186
13740,907.2164626504696,158409.15194701822,75463.67798903752,76764.04919110709,2716.6027857023873,874.8335512907215,531.2301790390047,855.4668910744076,-1.2225940705980003e-05,-0.1026942794626801,96,69,98.04979702967978
13741,907.2197369926288,158333.98197406795,75498.92133796446,76751.54849873617,2650.7116500830743,857.5209074756858,521.2903209553915,875.7273443197773,4.963759922012272e-05,-0.1065794981837148,96,69,98.0509998950621
13742,907.2362112664156,158363.24870121852,75444.38853332742,76724.70783302102,2606.1097158386256,844.7136209564196,514.4979108558618,895.968318321713,-6.787126974427533e-05,-0.0584978113571112,96,69,98.05218858773692
13743,907.2390653503472,158360.9354557564,75480.09470605731,76758.21979286913,2572.4224083413137,835.2610369350296,509.33213531336514,906.4247714192315,5.9886147688003465e-05,-0.0904685737100674,96,69,98.05336311935548
13744,907.2564634541392,158333.72688969763,75468.74982690408,76744.7030487436,2556.32853963878,829.0115295372962,507.03065926473937,919.0753989507793,-2.876979441766425e-05,-0.0659863579268118,96,69,98.05452350234648
13745,907.2596370264756,158356.67009992336,75464.85540339198,76752.56897413016,2541.1218658924336,823.9341127005755,504.919921036053,923.8441052039561,-1.3455710734716856e-05,-0.0646547290697218,96,69,98.0556697499142
13746,907.2761147653624,158335.6568102692,75472.85388336453,76733.47053939098,2530.5610916612786,819.17461024363,503.1507878092816,933.0039393526677,5.0478607688745706e-05,-0.07056883926855,96,69,98.05680187603711
13747,907.2790135907152,158345.2951370374,75495.27195247055,76750.43733027829,2509.4650351208984,812.5363183872541,498.67735705454834,936.3884416863148,-6.799870658888974e-05,-0.0567718092315486,96,69,98.05791989546547
13748,907.2964546418594,158331.085066134,75465.87003493558,76744.74916404752,2486.1214270305354,803.6315343649039,492.259678327624,945.9981541806192,5.925087364333252e-05,-0.0643296091517239,96,69,98.05902382371912
13749,907.2995353678668,158334.32618458552,75484.56660597118,76763.90680545512,2450.6875852975645,791.4641113874968,482.285896674759,949.5396081259532,-2.7617288849178947e-05,-0.0674896948046681,96,69,98.06011367708572
13750,907.3160179292212,158322.95562751006,75464.45337987816,76740.1912256644,2417.3252225623,777.4762973082688,471.59174780437024,958.7394194087537,-1.4680206757009503e-05,-0.0618115287586827,96,69,98.06118947261837
13751,907.3189719171576,158326.32856972562,75457.00695741613,76762.72144185106,2380.6874375068583,762.7006448064931,460.4991644266993,961.9811997500074,5.130209888031778e-05,-0.0523386125855206,96,69,98.06225122813366
13752,907.336438373915,158325.49904574643,75467.29157944485,76737.8348095773,2355.949875260587,750.0630898902891,452.77777580785914,972.095055471058,-6.810315079497545e-05,-0.0577636898642233,96,69,98.06329896220925
13753,907.3394301502244,158310.81252012384,75481.15123435073,76774.43880799376,2334.994748213794,740.9677822949307,448.25043996833847,976.8988911147462,5.8596013562482666e-05,-0.0675480590750801,96,69,98.0643326941817
13754,907.3559237135792,158332.12993809042,75447.70452633024,76735.6905282604,2329.4947500751587,737.5001194541983,449.238049171865,989.8661545530194,-2.645616906472202e-05,-0.0566244063479403,96,69,98.06535244414395
13755,907.3589380024272,158319.5470691093,75453.34155209688,76738.35674928673,2328.1430170548265,739.2269234206469,453.61829962945194,999.085980871343,-1.5899019237975353e-05,-0.0583063529385393,96,69,98.0663582329434
13756,907.3764150889546,158298.8539752906,75460.54295385384,76739.9179346422,2339.6208743124153,745.9298654200102,461.7472779478121,1017.2116577053966,5.21078056891722e-05,-0.0612240699450358,96,69,98.06735008217906
13757,907.3793210232608,158308.07517925696,75475.22208767963,76757.75728276842,2349.9374338616035,755.0789873533504,469.963846280647,1029.428496464563,-6.818458094763952e-05,-0.0441433954103495,96,69,98.06832801419912
13758,907.3958339049376,158279.69363190618,75491.73409623919,76746.2663082808,2367.35903981555,765.2692432989279,478.123877358943,1047.3119665836857,5.792180018426095e-05,-0.0315053071810033,96,69,98.06929205209872
13759,907.3989102141578,158256.62763691432,75483.16070581457,76766.18796987864,2378.678887381684,773.7941849809577,482.96926525013987,1055.993116895872,-2.528683157416482e-05,-0.020974106896544,96,69,98.0702422197174
13760,907.4163846921008,158266.03546342347,75472.69153878791,76724.02382309332,2392.4147860176745,779.8741821337753,485.25216815120075,1067.53389718142,-1.7111740555734234e-05,-0.0091013485053495,96,69,98.07117854163592
13761,907.4192082828544,158262.49528230482,75490.21166112009,76745.42235849358,2394.47604370903,781.7847868178796,482.69413497604546,1067.192134464858,5.289546712957535e-05,-0.0001950882512641,96,69,98.0721010431747
13762,907.4357497368022,158277.8275275228,75442.42026055983,76721.0206085307,2393.5072794504813,779.9044341305998,477.1462095807947,1069.5684392986877,-6.824298350492976e-05,-0.0080233133889969,96,69,98.07300975039
13763,907.438887152154,158308.67539259867,75485.248102315,76742.76370142394,2376.122975184582,773.4182627067639,467.21527438715566,1062.4941139368166,5.7228472119827575e-05,-0.0192956525536855,96,69,98.07390469007213
13764,907.4563469434383,158308.46186952712,75458.25321089313,76758.42212725838,2351.740998405032,763.2446418285399,455.28204101504525,1061.4955363741901,-2.4109675666089924e-05,-0.053804416806881,96,69,98.074785889742
13765,907.459092561404,158287.13105652106,75484.53464498736,76732.2002131228,2308.0061497405986,748.6757277957513,440.21129303678754,1052.95601832564,-1.8317965331917237e-05,-0.0911559027188752,96,69,98.0756533776488
13766,907.4756721022718,158331.04498257226,75480.5430306554,76763.97657430175,2257.448641402705,730.7118232060893,424.8138969366555,1051.8404512435955,5.366482871244901e-05,-0.1119273859705472,96,69,98.07650718276672
13767,907.4788674867864,158340.6663428638,75460.73206442028,76764.30788542319,2191.0314544456196,708.6928196328081,408.3109005498118,1043.5058043513854,-6.827835232904764e-05,-0.1401457603029453,96,69,98.07734733479262
13768,907.4963016207156,158338.30469483466,75471.62761188882,76754.83949964707,2123.1659135923837,683.8463458305196,393.52506867138436,1041.0302350868296,5.651627490560486e-05,-0.1532784767889282,96,69,98.07817386414249
13769,907.498974684218,158344.43982176992,75469.61589962144,76783.53268029101,2044.9971052940236,655.8907593016484,379.20490882883314,1027.6990961302363,-2.292510313991569e-05,-0.1440280201032922,96,69,98.07898680194884
13770,907.5156016412036,158361.13372721514,75491.06005593366,76740.70231993315,1971.530178492656,626.8475565428816,367.54804295959184,1017.5923041190836,-1.951729132741376e-05,-0.1451915372080683,96,69,98.07978618005777
13771,907.5188498988756,158383.97415508272,75448.91379662341,76745.7775608468,1893.6953358859173,597.1728669221338,356.413245394564,995.9055092353374,5.4415641497828605e-05,-0.1378076444492265,96,69,98.08057203102548
13772,907.5362486011004,158460.1905276708,75478.76973505146,76761.00287967088,1825.0450141422334,569.3532983983168,347.03497056433116,978.0084094122867,-6.829068962373838e-05,-0.124287132922678,96,69,98.08134438811572
13773,907.5388555847968,158440.92025939518,75499.23289316254,76747.35754598418,1754.3761724238866,543.6482055140368,336.5888429923216,949.659436981281,5.578545987033985e-05,-0.1329067076602166,96,69,98.08210328529584
13774,907.5555387831567,158506.39349816446,75477.39936940519,76744.38455262582,1694.5686751434696,521.9740150064899,326.45209473223076,928.1955083976209,-2.1733517370531223e-05,-0.1237090494987547,96,69,98.08284875723464
13775,907.5588330589214,158515.3451966338,75506.8356983592,76752.72558041979,1633.4374335487373,503.4588352484716,314.4270477333921,900.1838493730465,-2.070931768248482e-05,-0.1067834627326644,96,69,98.08358083929848
13776,907.5761879094642,158511.7607541414,75462.59100622262,76748.24683054948,1582.174135828216,488.75278116557456,302.6902391986805,881.6411102311686,5.514766418811658e-05,-0.1040424338664472,96,69,98.08429956754794
13777,907.578736242176,158595.71624974575,75464.38553711389,76729.45038519784,1527.0346537230653,475.76135797535244,289.7335877104779,856.9047170213889,-6.828000509523974e-05,-0.0987126336801028,96,69,98.08500497873511
13778,907.5954837761276,158583.1698875517,75474.72752083889,76736.67244023508,1480.0288481923053,464.60928704662365,278.34276567128836,841.55916651382,5.5036284667647134e-05,-0.0970569935113036,96,69,98.08569711029948
13779,907.598815620813,158649.98956994832,75472.36262905368,76764.31592803093,1428.429218017147,453.06820919124584,267.02323721253197,819.170581727114,-2.053532474940204e-05,-0.0911568604803537,96,69,98.0863760003653
13780,907.6161197530032,158630.62454544732,75512.35307707619,76755.08661013543,1384.7169499282609,441.647453456957,258.01535303733544,803.6202089632279,-2.1893647304162767e-05,-0.0894567260432768,96,69,98.08704168773752
13781,907.6186176239914,158669.3721975682,75495.41222046406,76746.22510999776,1336.2507841399638,428.69295936694834,249.0662031316606,777.4318285735499,5.586066089829458e-05,-0.0875597023171298,96,69,98.08769421189866
13782,907.6354367158996,158703.47275385226,75459.79544246958,76725.96552870964,1296.702121233975,415.68908158726117,242.06377913311007,756.2049809279852,-6.82463159542665e-05,-0.1080614166668127,96,69,98.08833361300536
13783,907.638796216423,158738.93120715482,75499.31839551161,76777.40699440041,1253.1579330838867,401.632056019982,234.57385831594002,724.2136397072172,5.426901286973633e-05,-0.1050703380008174,96,69,98.08895993188445
13784,907.6560445543654,158783.8656699986,75484.01243827824,76748.07410891994,1217.6203434298513,388.38525275814754,228.47778439696413,697.7660562832607,-1.933093300600148e-05,-0.0906305773797762,96,69,98.08957321003004
13785,907.6585006240016,158778.8368654668,75501.74230210477,76746.78234561835,1175.4023283136194,374.8190732237417,221.493339395558,661.9925746636582,-2.3069885265370536e-05,-0.0929981150957931,96,69,98.09017348959904
13786,907.6753975880874,158873.7520698373,75472.96413108007,76745.60559187528,1139.0205726890126,362.7028438464913,215.94355944360723,635.2673579554539,5.655440256040744e-05,-0.0856165115730154,96,69,98.09076081340837
13787,907.6787734375785,158881.63090953988,75494.28442628428,76758.69339402583,1094.3645656228182,350.42322174047877,209.67503754759673,602.9440914557199,-6.818964759054619e-05,-0.0850980151020182,96,69,98.09133522493045
13788,907.6959629972922,158941.6032518345,75467.00477557752,76765.43444822848,1054.736901635013,339.3505048857769,204.81483283432317,581.257497893559,5.348391419289249e-05,-0.0837077141746443,96,69,98.09189676829004
13789,907.6983859786988,158937.72638134853,75496.23596403799,76775.0011393553,1007.3542564199306,327.5389657667838,198.86692833714187,553.4085984908452,-1.8120752235610495e-05,-0.0785472124345353,96,69,98.0924454882604
13790,907.7153663414324,158983.17512877236,75455.29403392562,76768.80684751934,968.1544509024243,316.6671479671495,193.87523399759084,535.2226718192978,-2.4237639949267923e-05,-0.0713366742939851,96,69,98.0929814302592
13791,907.7187457826368,158982.26129214469,75483.45109653071,76778.48155198398,924.7565332027152,305.02191948525433,187.1704528616683,509.13180749566527,5.7228666972701496e-05,-0.083813221565086,96,69,98.09350464034482
13792,907.7358761121878,159009.13557186903,75491.22924231002,76748.39408815459,891.649972834799,294.6204000951111,180.74678436463,489.94743731134804,-6.811003291618982e-05,-0.0845385914682602,96,69,98.09401516521255
13793,907.7382741296684,159055.71790355296,75541.37318085828,76774.44505888368,854.434300529887,283.791100716684,172.1800293191045,460.9318854044541,5.268126406247657e-05,-0.067549625554545,96,69,98.09451305219048
13794,907.755343035218,159112.86112281526,75493.39844576517,76751.9494058958,826.9071521785227,274.6658417466242,164.1722553129366,439.63364409210044,-1.6905193732413983e-05,-0.0764649412274303,96,69,98.09499834923584
13795,907.7587115117714,159126.150631079,75485.93431937823,76755.9861855014,792.7060958861257,265.02109244142775,154.77071105584037,410.45010249261395,-2.5396522728632625e-05,-0.0790681076815497,96,69,98.09547110493064
13796,907.7757854737888,159180.77813032948,75479.82303537335,76768.35252804362,763.7908567155246,256.380283868697,146.88390960669494,389.9218516465626,5.78832387944624e-05,-0.0756146958962237,96,69,98.09593136847796
13797,907.7781649369856,159161.95652277523,75499.65936750008,76762.94504841296,723.4821436709608,245.91447495936882,138.4940188988985,361.55834633894847,-6.800751275306253e-05,-0.0778373147380255,96,69,98.09637918969744
13798,907.795328188321,159228.88107665774,75502.64798675245,76747.71053201047,686.228058793,235.27016975804872,132.31810819829116,341.68753016612027,5.186134357520859e-05,-0.0772065073079787,96,69,98.09681461902198
13799,907.7986682363378,159243.580212882,75499.8355923706,76760.75635779556,636.9633584409603,221.65874893973523,125.51680001756176,312.28560782124987,-1.5684670608143934e-05,-0.071090006786939,96,69,98.09723770749272
13800,907.8156937524894,159276.5613539977,75498.19576484365,76768.80138402266,591.33609836502,207.03307587117888,119.77739211067092,287.8073293103371,-2.654614829299571e-05,-0.0746851449985734,96,69,98.09764850675532
13801,907.8180569034876,159306.50106744908,75489.19885526573,76751.0094606782,534.9820845653885,188.66044645228249,111.42218158041942,250.80466741937562,5.851790887823416e-05,-0.0869488965121324,96,69,98.0980470690557
13802,907.8353238213532,159359.40332919997,75535.7142367702,76728.01406607652,483.96878139680484,168.61236735037528,101.91112002558657,218.3912789360329,-6.788213508974081e-05,-0.0886238705343308,96,69,98.09843344723596
13803,907.8386115144048,159419.4670651108,75490.08640820433,76763.26561484578,420.75913024612237,143.5475428943464,87.57148252535262,174.85975644373684,5.10244396324084e-05,-0.115516572757232,96,69,98.09880769472962
13804,907.8556067275902,159442.197554602,75517.65840747277,76796.36413633698,357.8571946613956,115.44922729805694,70.61431192769669,138.17221127657103,-1.4459597315274607e-05,-0.1230763436099301,96,69,98.099169865558
13805,907.8579441630806,159512.25741034516,75504.18066607516,76759.4004388718,277.0550371692516,82.03524524833483,49.140994161251,94.40383867459605,-2.768613441654661e-05,-0.1223953727584011,96,69,98.09952001432526
13806,907.8753380677832,159565.14245995114,75492.65849475509,76775.21139482045,196.31977016711608,48.67760973000259,28.277184268197743,63.24063561996445,5.913247530209039e-05,-0.1399438418657999,96,69,98.09985819621414
13807,907.8785274491214,159568.99483584135,75500.23246450398,76739.86968885387,106.48660256370204,17.703336178936297,9.207195449562278,30.03739819751354,-6.773395635902925e-05,-0.1225379316267004,96,69,98.10018446698214
13808,907.895546137354,159592.40124909254,75508.36618564454,76744.55560814298,39.172620362311136,-0.0,-0.0,12.737226959667169,5.017084470454397e-05,-0.1036867246996053,96,69,98.10049888295616
13809,907.8977916231876,159612.36870601322,75541.68303399128,76781.03239914628,-0.0,2.032143241187441,3.721507209033007,-3.5157846095389687,-1.3230389759943149e-05,-0.1194502654859542,96,69,98.10080150102895
13810,907.9154430087988,159640.77754005586,75502.80572272615,76759.45677556537,31.809454931761138,35.83952250427683,28.438447505555814,-0.0,-2.8816102730978628e-05,-0.1577653432634493,96,69,98.1010923786536
13811,907.9181744916932,159609.47534474355,75513.97055459511,76753.1820385669,138.38123514381004,103.39082029671408,74.0224560786155,7.3054796718934085,5.972674287781959e-05,-0.159515570567507,96,69,98.10137157384024
13812,907.9347714662248,159615.30563922602,75516.28100848198,76790.74898357925,348.82831110432744,207.77194747868634,142.98939286189852,35.962140786403324,-6.75630399189224e-05,-0.1649087484263285,96,69,98.1016391451503
13813,907.93787417086,159551.5756871397,75535.06099880845,76784.03740475108,643.9487775567104,339.2332516310271,228.52786051441217,71.14048019630718,4.93008565494509e-05,-0.1619299263456515,96,69,98.1018951516926
13814,907.9553552058424,159553.0367921829,75511.86865326465,76749.36671827188,1022.3637468971428,489.13295078394003,326.3335832315788,128.30536511176615,-1.1997464850357788e-05,-0.1566090331854147,96,69,98.1021396531184
13815,907.9580890330592,159443.79618688955,75508.75471083175,76769.57170239121,1435.0263290145085,639.0066619265999,424.363262996485,189.4194628027617,-2.9935678091117823e-05,-0.1558970674938867,96,69,98.10237270961714
13816,907.9746732842234,159420.45513869292,75493.3364720521,76784.64007142255,1861.7604327666922,777.8027646105766,516.3402244214085,267.4942138143524,6.030052370488677e-05,-0.1597786093904343,96,69,98.10259438191136
13817,907.977869489097,159307.2506988822,75476.42435204955,76754.48126528504,2248.4271385276224,890.7684692257462,591.518689193239,342.9398415910546,-6.736945734879655e-05,-0.1478659248014011,96,69,98.10280473125212
13818,907.9952983965496,159270.72532896054,75511.34432408442,76776.35934896964,2582.5369613605435,975.262532039982,647.487101423234,426.13563233442255,4.8414778472139074e-05,-0.149136793491652,96,69,98.10300381941416
13819,907.9979803024344,159176.30264495595,75509.35202629499,76766.32567464153,2827.4253310722997,1026.6231526636984,678.9825156540319,495.999663641036,-1.0761240586809947e-05,-0.0883089589360893,96,69,98.10319170869155
13820,908.0145953059562,159097.54930024283,75475.87573093871,76790.89870683725,2995.5560211611446,1051.969964698088,690.0414958640467,564.6200245987857,-3.10444894598772e-05,0.1527526864592682,96,69,98.10336846189212
13821,908.0178582543322,159062.33903358487,75483.79703400201,76766.18682586124,3074.673271184962,1053.2259250934148,681.3108762449992,614.7396718968521,6.085363648752755e-05,0.2841037041069225,96,69,98.10353414233332
13822,908.035239876747,159026.32353158027,75488.51907303938,76774.05455382307,3095.346292310045,1040.2428347485838,661.0715895709291,661.4042114915792,-6.715328766267139e-05,-0.1645000582051936,96,69,98.10368881383717
13823,908.0378660646588,159050.25875912682,75493.01231029411,76744.50159580892,3055.6834229181986,1014.4379886937822,632.1143751707859,690.2769234423176,4.751291903404657e-05,-0.4769573377696698,96,69,98.10383254072512
13824,908.0545280636638,159007.37340704986,75494.77557523019,76783.56414524447,2991.822355769051,984.2550504237588,603.0994911231683,719.9605739769468,-9.522135719673645e-06,-0.2057921439617252,96,69,98.10396538781345
13825,908.0578454475824,158952.82950423114,75469.37691576473,76767.442030236,2901.677055029606,949.4293691388011,575.3074051230797,738.4541046186641,-3.214216943719768e-05,-0.1814669011319886,96,69,98.1040874204082
13826,908.0751754102288,158920.73838675997,75472.17254436717,76778.84428296737,2816.1885233452194,917.124659805675,554.419071174867,763.3677929897967,6.138590741763984e-05,-0.2006226641626019,96,69,98.10419870430016
13827,908.0777503060724,158979.99213975057,75496.30946707148,76790.49996876522,2726.0821893451503,886.1788214345434,538.2606445124256,780.694109123695,-6.691461709378295e-05,-0.1584103454490556,96,69,98.10429930575988
13828,908.0944696043118,158926.1428817255,75465.60520308484,76780.01949404948,2656.833516486862,863.3697242930066,529.663917095022,806.9373737166752,4.659559152678431e-05,-0.1904253644999011,96,69,98.1043892915328
13829,908.0978313853868,158916.46724933945,75494.78888246113,76766.53255842261,2593.3712413518806,846.1731442875316,524.177605890407,826.8549949521257,-8.280569686351438e-06,-0.1787937105738233,96,69,98.10446872883408
13830,908.1151039113086,158869.87054747288,75474.98562172045,76739.88269041039,2554.196971688303,838.6450379321468,522.8963256240531,854.3625021909829,-3.3228354671346363e-05,-0.1845383452389615,96,69,98.10453768534332
13831,908.1176350281248,158878.91839526163,75466.15523997272,76783.57110664005,2518.057093635085,834.7373845206457,520.5142691171495,872.7655506120645,6.189716931359517e-05,-0.1943323446754646,96,69,98.10459622920004
13832,908.1344191738302,158844.75087565288,75491.9733619199,76755.75743354751,2500.5295534008765,835.701252214043,518.472361010703,896.8906059052097,-6.665353993066161e-05,-0.1949232987291083,96,69,98.104644428998
13833,908.1378154180586,158833.55486491672,75509.24803175747,76758.63796652168,2478.3194718224113,833.667351783326,512.4658870762214,911.2873552254459,4.566311471335672e-05,-0.1962668442979278,96,69,98.10468235378008
13834,908.1550251774186,158853.19865364156,75466.61081077586,76766.57523340169,2465.1600940369535,829.7163163699443,505.2182889211981,930.5808744200622,-7.036962697065106e-06,-0.1849515514638484,96,69,98.1047100730336
13835,908.1575216852503,158851.98480684805,75473.19348754577,76774.33440293449,2438.243810393964,817.9380909532629,494.06990823021624,939.5287933363288,-3.4302685865042425e-05,-0.1776405894155507,96,69,98.10472765668456
13836,908.17437623951,158796.94687078043,75472.13941440832,76764.96377215965,2415.422869065136,803.3845329682226,483.65404155440046,953.9902384837333,6.238726271052624e-05,-0.1735602858271363,96,69,98.10473517509284
13837,908.1777966312,158828.99173828735,75487.7868143455,76734.2686919168,2378.203488249448,784.2042269355297,472.6736365513061,959.0149923436693,-6.637015744172969e-05,-0.1672015597614747,96,69,98.10473269904664
13838,908.1949394079612,158839.51913411554,75491.6802166,76738.96557015504,2347.3809207869926,768.2078868362587,466.11599866874167,969.107023606688,4.471581215132976e-05,-0.1605830801886416,96,69,98.10472029975736
13839,908.1974115025512,158811.35971557966,75476.57158463041,76763.79454280066,2307.5780312350835,754.4842111632897,462.2513910395792,969.0425460189581,-5.791735205239183e-06,-0.1530107468561934,96,69,98.10469804885436
13840,908.214340244333,158795.2492934693,75518.40358557524,76757.62170291267,2283.0889734028606,749.9618698560807,464.97874150963617,974.9100648123131,-3.53648077047454e-05,-0.1511851934812001,96,69,98.10466601837966
13841,908.2177740588218,158840.813806788,75482.02515631648,76769.84306742226,2259.0404642830836,750.7588751507574,470.6267288948875,972.6976113314449,6.28560349089618e-05,-0.1326055634442492,96,69,98.10462428078245
13842,908.234847054204,158820.35893443573,75514.20238432944,76785.53470749051,2256.6591073480085,759.7868380109721,480.71285812865244,978.3557965053478,-6.606457888468122e-05,-0.127288932373584,96,69,98.10457290891377
13843,908.2373055595132,158843.0934319068,75486.26903028986,76765.31121552893,2257.5609586820356,769.9700213382166,489.87636230830685,978.2808367551188,4.3754012376764986e-05,-0.1179582511254367,96,69,98.1045119760212
13844,908.2543105332448,158848.4247954379,75469.1798879109,76787.61690966347,2280.1810232768767,782.9331528547918,499.2152170302579,989.2028232102166,-4.545308184404852e-06,-0.0950915362343923,96,69,98.10444155574363
13845,908.2577467728664,158841.73541976602,75487.75726111387,76769.30890079318,2302.0758246469777,791.7667525468423,503.96685444988543,996.3110452109249,-3.641436974037475e-05,-0.0943015663226697,96,69,98.10436172210564
13846,908.2747487556534,158810.20542956362,75502.86015569449,76751.81187877852,2336.800011981919,799.2324414430623,506.50997780493344,1013.2454797401442,6.330334103589145e-05,-0.106257548761088,96,69,98.10427254951192
13847,908.277204808049,158801.03906395147,75493.19061555846,76769.1633874157,2359.6639612796716,800.3666399806825,503.958433338179,1023.269375358941,-6.573692064068488e-05,-0.1186478630519141,96,69,98.10417411274211
13848,908.2942863338252,158804.22420390867,75492.11699979636,76761.08678733083,2384.826642032771,799.8391903418087,500.42123705297126,1039.8742683323508,4.277804813903272e-05,-0.1501566710182229,96,69,98.1040664869452
13849,908.2977139319808,158806.60711473585,75486.65965320045,76769.01785037327,2388.569181321538,793.452957397807,493.72001605838886,1046.0623654437368,-3.2981024132229022e-06,-0.1789518743101512,96,69,98.10394974763408
13850,908.3146453028992,158777.36882438723,75491.7176188079,76801.91975585703,2386.2246422491735,785.4931885685073,487.5247063380084,1055.1172492312326,-3.745102561319711e-05,-0.1932640930900868,96,69,98.10382397068012
13851,908.3171100695544,158809.47785224294,75506.93238366132,76777.5984260699,2357.926169822691,771.3699757389113,478.8953842520132,1051.8513818421343,6.37290430030821e-05,-0.2320955875639137,96,69,98.1036892323069
13852,908.3342667582896,158827.4339628405,75497.55794996278,76746.32818097237,2323.9609113620245,755.3352989141858,470.7553820826288,1052.4063569984573,-6.538730652328771e-05,-0.2601775166037456,96,69,98.10354560908615
13853,908.3376748136968,158818.79793267095,75526.57111559955,76760.15809845329,2267.300974503567,733.0334553031134,459.5613550588314,1042.6207381115237,4.178825727616183e-05,-0.2830367424861753,96,69,98.10339317793051
13854,908.354537608526,158859.46414484893,75477.97707787837,76736.62600238124,2208.73412497947,709.3122948462842,448.04690964409383,1038.0372542102996,-2.050539022327057e-06,-0.3000286304888611,96,69,98.10323201608932
13855,908.3570220258796,158851.4780072607,75471.7908377261,76760.84044525593,2132.4438586066826,681.2217998059641,433.39042907359544,1024.5118059804372,-3.8474433543270414e-05,-0.2951415968302616,96,69,98.1030622011422
13856,908.3742508152208,158864.16357007532,75475.5521883757,76742.64818727874,2060.180420171353,654.8761468991725,419.36632445434225,1017.8385584658536,6.413301027940641e-05,-0.3030541452545541,96,69,98.10288381099356
13857,908.3776288382918,158874.94048784676,75499.64417030622,76763.44770660317,1975.2639150849427,627.5308807934343,403.76417916905484,1002.5293514684308,-6.501586756645731e-05,-0.2876678834338221,96,69,98.10269692386736
13858,908.3944266796112,158918.26492416655,75508.01923872723,76751.42360012821,1897.6618951014825,604.312055079412,390.21594105035183,992.7104966192855,4.078498170019027e-05,-0.2714179760098757,96,69,98.10250161830082
13859,908.3969412101555,158916.71236328292,75485.03890127572,76769.15520147563,1811.1429060287192,581.3400965000328,376.07362264976837,973.1407517779444,-8.030387859327253e-07,-0.2600034503314479,96,69,98.10229797313944
13860,908.4142374260558,158966.0536789779,75486.40876839866,76721.99878948147,1736.314543235465,562.4339118611388,364.1279093325429,959.0941327234323,-3.9484256392452445e-05,-0.2480929932340074,96,69,98.10208606753072
13861,908.417575587882,158956.869104084,75475.22006395538,76770.81330188131,1655.8468473011744,542.4993006229633,350.73244723133394,935.0716876097722,6.451512020363273e-05,-0.2551675055393732,96,69,98.10186598091909
13862,908.4343135889272,159039.0946344216,75500.06638503702,76768.7803005603,1588.2277664539288,524.6473915882816,338.0442629911995,915.8130821302475,-6.462274247931577e-05,-0.2399569514149159,96,69,98.1016377930394
13863,908.4368680008176,159036.83389198373,75484.27572246955,76752.88903965586,1516.2163671590388,504.4718503800541,322.89148052435485,886.8243287582882,3.976856786889722e-05,-0.2429352370898513,96,69,98.10140158391198
13864,908.4542254431354,159050.04151888192,75505.72935569096,76736.30100885525,1458.513734550972,486.2412553899776,308.426523844857,864.1681251007249,4.439777824487128e-07,-0.2527519240699015,96,69,98.10115743383642
13865,908.4575148227776,159092.28263938226,75477.48363460849,76751.18415907,1396.9640771922423,466.57317171462637,292.4261189774261,833.0153777486121,-4.048016223550358e-05,-0.2385630628473787,96,69,98.10090542338595
13866,908.4741994430568,159145.27136251365,75483.80125772381,76775.46862811502,1348.8504312899895,450.14257995157095,278.54515609977534,808.998421000375,6.487525654744172e-05,-0.2361781115463023,96,69,98.1006456334018
13867,908.4768026213864,159154.04270644038,75505.82559079959,76735.25910310159,1296.6543837568024,433.8186862064322,264.8297738813271,778.2473239390529,-6.420807657204518e-05,-0.2320502755528123,96,69,98.10037814498722
13868,908.4942136662952,159230.79078868,75466.93784422586,76744.2892006119,1257.4862749370513,421.5546188855951,254.45565542019904,757.0756701125938,3.873936654709539e-05,-0.2252534825534063,96,69,98.10010303950186
13869,908.4974464977436,159226.15333860114,75497.21454539442,76756.1192532738,1212.2781201722682,408.9221637793671,244.45795555165387,730.1084804886777,1.6900901068401428e-06,-0.221419851470903,96,69,98.09982039855572
13870,908.5140853447932,159226.9682333387,75505.91967700887,76765.25202771527,1176.5669905320392,398.5923093161691,236.96320678660413,711.9775986396708,-4.1461823227312485e-05,-0.2207490036194201,96,69,98.09953030400376
13871,908.5167451499324,159297.7208245891,75490.41030266663,76759.84592679467,1132.6642097840086,386.1612336170947,228.75762852074695,687.0704563707113,6.521331160707254e-05,-0.2116513565606576,96,69,98.09923283793974
13872,908.5342008530536,159312.8857770056,75468.85630725301,76737.02891124864,1097.2545286570676,374.83803532848833,222.06500667351065,669.8581233640143,-6.377202285406835e-05,-0.2104638531607789,96,69,98.0989280826904
13873,908.5373707831934,159325.50815921277,75522.21974531343,76765.75751788986,1052.9290872064303,361.17280327856133,214.0009674183384,643.3112747121777,3.769773233326549e-05,-0.2068578504713621,96,69,98.0986161208096
13874,908.5539723440976,159381.66341057705,75484.9097431994,76758.24629168467,1016.3055002824403,349.1702582818689,207.11872634768952,621.5364413241041,2.9348791425584382e-06,-0.2013547610711898,96,69,98.09829703507286
13875,908.5566955461104,159397.1186019246,75518.80982888966,76771.57740688906,971.7854420152144,336.3098192906036,199.04665743021178,589.211566659942,-4.2428917283398335e-05,-0.2034904368230354,96,69,98.09797090847104
13876,908.5741857119876,159428.40132467143,75476.84211630154,76734.66001392064,936.2282131838147,326.4103010189574,192.3053121723642,562.1958536987368,6.552918467076043e-05,-0.1990046890015559,96,69,98.09763782420453
13877,908.5772881037155,159469.4693866968,75479.83511005294,76736.61302175347,893.0944900270551,316.09593134286115,184.17575105201104,525.3463583629928,-6.331474119023909e-05,-0.1903274107112031,96,69,98.09729786567746
13878,908.5938613622304,159530.42471981206,75495.903506746,76790.1218475467,858.1386419555056,307.8970078307466,176.80740794251324,495.1773346661066,3.664402406967074e-05,-0.1904907697880976,96,69,98.09695111649197
13879,908.5966537164423,159555.1863854606,75468.20411835244,76766.2825291815,815.9159527305746,297.9489643627312,167.7465281515906,458.0502364001877,4.177925683135827e-06,-0.1962532875464934,96,69,98.0965976604422
13880,908.6141668517514,159609.70030908193,75479.50670970036,76765.85727031773,781.9009388401173,288.39996201232134,159.4517403061327,430.6810500175634,-4.338112712784944e-05,-0.2009436126655003,96,69,98.09623758150802
13881,908.6171992295708,159617.16710973906,75514.61034890884,76775.1857768431,739.8994196766289,275.76908455297234,149.90149523090804,397.376919398288,6.582278256456229e-05,-0.2056905697041649,96,69,98.09587096384963
13882,908.633753042153,159662.7734295435,75489.79696411328,76786.18007752254,705.0136120497482,262.95991547679296,141.87113986033364,373.4253257563687,-6.283639878043284e-05,-0.199947071548927,96,69,98.09549789180151
13883,908.6366196821016,159690.6044751151,75523.88194367095,76763.52033154812,663.1252661061008,247.93438791077642,133.72957634084742,343.03438435550197,3.557860430407785e-05,-0.1935862744009598,96,69,98.09511844986616
13884,908.6541425966508,159713.9568686184,75512.21274799616,76760.18837526321,629.7852805891307,234.07114306675794,127.93084395560436,320.94179401898873,5.418811807905821e-06,-0.1944329435528866,96,69,98.09473272270874
13885,908.6571055449105,159772.2379492913,75491.98131199996,76770.61801928819,590.395122183545,219.12318380826036,122.11462850088719,289.7793179821165,-4.43181406526152e-05,-0.1879137674216014,96,69,98.09434079515042
13886,908.6736473498815,159789.6758989539,75517.45526637907,76747.79456371829,558.8148268280784,205.18544692458818,117.63469913814333,264.3712221563037,6.609401984387812e-05,-0.1776048479695962,96,69,98.09394275216349
13887,908.676594104358,159835.71959065564,75499.35728544123,76753.45199993637,519.0197611162439,188.74756102150423,111.22840039400035,228.9357194758486,-6.233716950910904e-05,-0.1858459336256465,96,69,98.0935386788639
13888,908.6941102887484,159874.35563539638,75515.09656304512,76774.25607436385,480.3856730363914,170.1524043886311,103.1936160326004,199.1338338215428,3.450183916485583e-05,-0.1927370142623417,96,69,98.09312866050672
13889,908.6970100726984,159914.81341247263,75498.67897514856,76761.4524634136,422.9499512084876,145.24749501525366,89.93501240957994,158.8491940072272,6.657120217889959e-06,-0.1661892320284691,96,69,98.0927127824796
13890,908.713542011682,159937.3229260672,75552.97472531429,76768.23807601818,355.41312097065384,115.11886829989089,72.54925381252542,124.99043143770541,-4.523965113144128e-05,-0.1514173466365237,96,69,98.09229113029645
13891,908.71658067365,160022.83176069733,75508.17407767285,76764.3773303607,264.4325876951916,79.02357226866297,50.07226829440333,83.82758026203373,6.634281850681217e-05,-0.1537746556010983,96,69,98.0918637895922
13892,908.7340624666498,160050.2285509459,75521.79727100456,76770.64909221556,169.51197174552362,42.9448080148868,27.274324594938662,53.52053734433139,-6.181723446550194e-05,-0.1648229387090706,96,69,98.09143084611637
13893,908.7369241023192,160044.4654173568,75523.39204584324,76811.37388969524,73.10299578215927,12.662983204369084,7.6948678100598045,20.321263936377363,3.3414098887426394e-05,-0.1796691478242011,96,69,98.09099238572718
13894,908.7534198302816,160093.06740261952,75528.77996334381,76793.49598539459,11.261735543143004,-0.0,-0.0,3.526288522523828,7.892435061415886e-06,-0.1877578319483994,96,69,98.09054849438542
13895,908.7566146278382,160143.92668436028,75516.48019025628,76767.66852384282,-0.0,14.44668324261147,9.86577375169145,-9.279471795016434,-4.614535730093043e-05,-0.1730401916394379,96,69,98.09009925814895
13896,908.7738918271576,160099.96933688872,75502.37691904488,76759.35476053148,76.5687611773028,66.10087836215098,44.338353086059215,-0.0,6.656910835753922e-05,-0.1765928578600479,96,69,98.0896447631662
13897,908.7760545046596,160122.41180399162,75549.61752858302,76800.48625284137,245.55848509521456,157.33287887215556,103.81919619982364,15.639173360192217,-6.127678118921603e-05,-0.1815015337667418,96,69,98.0891850956704
13898,908.7934457211492,160070.2334694357,75526.33615153139,76760.30837054196,521.3167115811375,285.9679798933503,187.11362802484655,54.90523844520794,3.231575666389817e-05,-0.1731766931649426,96,69,98.08872034197364
13899,908.7965451866644,160051.63268583713,75509.06894097723,76780.42707399513,877.367122875934,440.33047243328474,285.3902367554838,98.684647360089,9.124341802606829e-06,-0.164196173329584,96,69,98.0882505884608
13900,908.8138281792584,159962.78334890289,75495.42008213598,76781.30800563644,1295.077068315819,605.5425902218121,389.4792902788031,160.43111319383024,-4.703496322002912e-05,-0.1648048269076332,96,69,98.08777592158364
13901,908.8159087411964,159918.4541017,75532.90161344594,76764.97951395561,1724.7045014761388,763.2436439742596,486.75214109785156,219.12182380785816,6.677282676321624e-05,-0.0665609689618902,96,69,98.0872964278548
13902,908.833499486686,159864.28206585126,75542.9497695061,76777.94485335743,2137.737876838073,898.8141908668913,569.0679870482709,289.0576918818988,-6.07160047533513e-05,0.1689349647253724,96,69,98.08681219384177
13903,908.8363821900908,159803.0317985702,75519.90087593957,76786.65617086657,2489.8291844432824,1001.4025698831829,629.3797621018603,349.2602298234997,3.120718920613309e-05,0.2417594942658125,96,69,98.08632330616078
13904,908.8540492631912,159740.71534406175,75525.327268073,76814.86783839457,2769.351060445595,1067.805644478416,667.4861611317028,414.8839023640321,1.0352426936333045e-05,-0.2725426290268541,96,69,98.08582985147122
13905,908.8564630426604,159732.62910571485,75496.84485619394,76781.64762844126,2957.23102756351,1099.890108119449,684.6469910801679,466.8191039937374,-4.790817876902589e-05,-0.5308859530286187,96,69,98.08533191646924
13906,908.8733172810876,159652.67157046148,75481.50185061732,76770.62688931134,3066.4643333082204,1104.327737616899,686.6461567668885,522.0783377895714,6.695391851605611e-05,-0.2276140924553383,96,69,98.08482958788206
13907,908.876421868202,159610.36512344092,75521.40916295364,76764.23126704135,3099.3171837662812,1089.023113261428,677.7429281692603,563.8126079470967,-6.013510626164112e-05,-0.2214042553419948,96,69,98.0843229524615
13908,908.8939566934358,159574.3135738507,75488.13835726042,76756.25591933283,3080.7384900738834,1061.7852521790628,663.2641787100874,608.8178946353146,3.0088776715366263e-05,-0.2277473680905412,96,69,98.083812096979
13909,908.8963667939048,159544.37588036124,75504.44793867935,76788.20287153321,3018.484898824303,1028.7294972733944,645.1767636747973,639.6009865438973,1.1576278905898055e-05,-0.1910174296784587,96,69,98.08329710821847
13910,908.9132432804496,159546.6585122691,75477.1547740415,76771.09065791602,2937.088376502914,993.8444711221528,625.8048954099359,673.897086499026,-4.876471948101368e-05,-0.2029687807602187,96,69,98.08277807297118
13911,908.916416667365,159537.755892304,75511.18455300176,76791.15075464293,2841.1515921732644,959.7338237748336,604.9385249092593,695.0189847280853,6.711233647804636e-05,-0.1817116533857829,96,69,98.08225507802948
13912,908.9338822955374,159466.82886285015,75483.50548799224,76763.02030174146,2748.8018698847736,927.4555478014081,583.723352374247,719.8451650873758,-5.9534293824424274e-05,-0.1834756009923522,96,69,98.08172821018064
13913,908.9362540871864,159469.75720260083,75504.88469778663,76770.29828630984,2659.0017389327986,898.2704855717311,562.1925002427306,731.2167146075226,2.896090200661265e-05,-0.1733004630174451,96,69,98.08119755620136
13914,908.9531892625532,159472.0149516175,75465.26653739512,76771.29138981813,2584.4609214901575,872.3676355793723,542.2338009522355,747.5401078292052,1.2795487216852338e-05,-0.1623295356938612,96,69,98.08066320285126
13915,908.9564007574808,159495.4200895637,75483.8238844145,76761.56202154518,2519.5989818538073,850.7410193951364,524.6212889206363,752.7973423424119,-4.960430670255697e-05,-0.1727218566644824,96,69,98.0801252368676
13916,908.9738081123083,159495.62115411667,75488.6069453605,76778.78119037682,2471.1923809318105,832.7430116092,510.9719252070936,764.5267596620834,6.724804071687334e-05,-0.1729018175803596,96,69,98.07958374495873
13917,908.9761364184106,159482.1447755412,75524.10845704653,76761.14117486237,2429.048728378315,818.4191529951786,501.0593271557591,765.888139671908,-5.8913782039818825e-05,-0.1774948933319324,96,69,98.07903881379843
13918,908.9931487852048,159446.03585978347,75482.99293592587,76738.38556585873,2396.1679539930774,805.5972728876077,494.7609803855885,775.0081576558296,2.782395112526961e-05,-0.1860374621069416,96,69,98.0784905300202
13919,908.9963767493862,159493.43379971792,75492.317991156,76767.6565073196,2360.794714243035,793.5416671337007,490.28976715766476,774.9522326286242,1.4009644198780727e-05,-0.1619414408833632,96,69,98.0779389802108
13920,909.0137323520588,159481.35607240468,75496.4450184308,76772.20180471808,2325.4282161618466,780.0195289047551,486.4241014760628,782.298596890003,-5.04266674724684e-05,-0.1502931040536615,96,69,98.07738425090469
13921,909.01601578887,159479.32501746572,75483.04366805412,76762.46609238537,2281.3163547212025,765.6560646084545,481.5131046072638,779.6780290572206,6.736099940594218e-05,-0.1502484250911854,96,69,98.0768264285783
13922,909.0331215589706,159497.30096033003,75498.0700249629,76778.4182460784,2235.7403839218896,749.9775222584867,475.3271483066783,785.1701397806464,-5.827379229466613e-05,-0.1244073444310403,96,69,98.07626559964343
13923,909.0363425347635,159508.14845670818,75525.6212166837,76749.2185849584,2185.7763520645676,735.7941009575297,467.92543142376235,782.1970060549793,2.6678313310158973e-05,-0.1066791789665156,96,69,98.0757018504424
13924,909.0536574921206,159469.7957006017,75496.86855188145,76769.6697725157,2142.6236977697117,723.9571005789039,460.57237091852585,787.9802322091709,1.5218343036238836e-05,-0.0932622244176313,96,69,98.07513526724112
13925,909.0558900871226,159537.15647356608,75469.57186182667,76746.85710132006,2106.144515089167,717.6776567459456,454.4157473590458,785.8367428909987,-5.123153522458731e-05,-0.0771760180775101,96,69,98.074565936224
13926,909.0731116894256,159509.6110315033,75483.86512473923,76775.41412131255,2087.234153748199,716.621743792668,450.7805587500334,794.039287950407,6.74511884296939e-05,-0.0683415814397742,96,69,98.07399394348766
13927,909.0762903156,159497.7370626252,75483.21446467248,76779.6603696496,2082.734608555096,722.3232910740771,450.16918042037287,795.6386387958482,-5.761455183942731e-05,-0.0603790713436621,96,69,98.07341937503516
13928,909.0935942655532,159518.08451413314,75488.68721864106,76749.0650557201,2097.4964934958844,732.321495589189,452.56468859052984,807.1538351344061,2.552437948577592e-05,-0.0484942158277214,96,69,98.07284231677036
13929,909.095744521498,159483.5475054232,75509.33668495351,76752.6511528425,2122.642514905252,746.421296831657,457.1926488717145,811.106035306555,1.642117976488791e-05,-0.0597669243388007,96,69,98.07226285449158
13930,909.1131451821492,159495.86755351548,75482.14544471161,76770.8526962991,2158.073203588254,760.6355460135819,462.9192736465484,824.9425832052948,-5.201864901455441e-05,-0.0935724431806439,96,69,98.07168107388644
13931,909.1161660268642,159506.43492925612,75519.41937944315,76776.83072872988,2192.0722866968717,774.3757598774973,468.5538699970057,830.7780219386623,6.751859090559239e-05,-0.1160427256160201,96,69,98.07109706052564
13932,909.1337033916042,159514.59423906638,75527.33341572751,76756.87481141998,2223.3929750761017,783.8412129586795,472.99084585663513,844.7285118004365,-5.693629493238735e-05,-0.1559336442706957,96,69,98.07051089985715
13933,909.1363576018754,159468.96370205173,75490.33211869588,76743.30859459305,2242.130221673462,789.3330220820062,475.6418743415561,848.7746947777632,2.4362544147492546e-05,-0.1913826287026821,96,69,98.06992267720057
13934,909.1530098364508,159509.64079502202,75524.1782257353,76780.790134959,2249.6415173971327,788.075782814587,476.03270971478196,858.565094325284,1.7617752383020314e-05,-0.2065851486916296,96,69,98.06933247774134
13935,909.1561700329304,159507.27020703084,75524.5923386165,76759.62970360175,2239.810625289101,781.5767572115146,474.21286619771854,857.2544288580248,-5.278775410799182e-05,-0.2235906538851379,96,69,98.06874038652458
13936,909.1736448379248,159469.42630499875,75515.78446356297,76806.97657438759,2216.489793324843,768.1800450803566,469.9100200741086,860.1167950904346,6.756319799891296e-05,-0.2163198453262449,96,69,98.06814648845044
13937,909.1762442112826,159506.52294489433,75506.90266598591,76779.19448559752,2175.6512426272384,750.5466442406614,463.16563462655176,850.363476276194,-5.6239261732825817e-05,-0.2023765923671421,96,69,98.06755086826688
13938,909.1929400088524,159546.15923716538,75505.143109182,76788.77027991552,2122.5083106166567,727.53340002193,453.4013539562584,845.1258359081403,2.319320371192692e-05,-0.1975262644155103,96,69,98.06695361056488
13939,909.1961527792178,159547.65246101498,75507.05460911724,76780.17275001173,2054.5685887460713,702.1337202859431,440.65444835380185,829.9602949937398,1.8807661071232797e-05,-0.1958178003041908,96,69,98.06635479977275
13940,909.2135906133371,159556.19386503682,75515.86909714906,76780.54935159984,1977.975204987626,673.2405792097125,424.7154514042777,821.8658157371392,-5.353860222985769e-05,-0.1878160090108426,96,69,98.06575452014997
13941,909.2161225919908,159570.593050111,75500.28638106855,76751.81549273331,1891.8682496363763,643.7873148818617,406.59944606077624,805.6101893407758,6.758500866236887e-05,-0.1747528033001715,96,69,98.06515285578176
13942,909.232882838289,159627.37876818396,75492.10274908341,76757.856984447,1804.0693348525674,612.1262205792591,387.10478686357965,797.9925645082258,-5.5523698303254986e-05,-0.1658296708462699,96,69,98.0645498905734
13943,909.2361321765763,159625.0491494976,75502.0790808059,76751.59301311178,1715.1089167806203,580.9124794533564,368.05772552618873,783.3013288574875,2.2016757135226846e-05,-0.1517015383124799,96,69,98.0639457082448
13944,909.2535316766624,159630.8100439888,75524.62947162632,76773.72334444946,1632.279969809053,548.5897572529648,350.26948645699304,775.7797033193347,1.999050883023507e-05,-0.1487136694686495,96,69,98.06334039232418
13945,909.2559985497074,159611.69793773728,75522.98148809717,76779.80989209877,1554.471822922933,518.2832281003502,334.8453689549642,758.0730563207762,-5.427095140036246e-05,-0.1449708038927844,96,69,98.06273402614326
13946,909.272835880953,159697.26634387806,75508.03218523269,76790.26996113878,1486.2406914782478,488.582970057716,321.1622168343165,744.9761700792005,6.758402905059843e-05,-0.1316051252392526,96,69,98.0621266928314
13947,909.2761082494964,159688.94952788186,75496.0652042445,76758.64487423681,1423.5609522143495,462.65396505751414,309.0105819091841,720.6711061511305,-5.4789857697495126e-05,-0.1260482629824491,96,69,98.06151847530931
13948,909.2934677362538,159739.88176126115,75519.84457470312,76768.89230319252,1367.9838276694645,438.80877105474065,296.98769315562095,700.1385044261115,2.083360506735241e-05,-0.1298722236177194,96,69,98.06090945628486
13949,909.2958730182183,159767.64708193837,75522.3075620423,76788.25569193388,1314.0016520773643,419.58608959148114,285.066063469887,668.6283293603046,2.1165900925338883e-05,-0.1199977500052678,96,69,98.06029971824611
13950,909.3127996846936,159802.74536053083,75495.18867479412,76793.64069139397,1263.2544783813646,402.1722172202426,272.59426544085727,643.1164882731682,-5.498456574288832e-05,-0.1194337556106544,96,69,98.0596893434569
13951,909.316078676184,159825.44786298668,75521.55690184471,76783.70121546315,1211.7298404305475,388.3074897233164,260.65129761589924,610.1901691764069,6.756027366224782e-05,-0.1178061387822949,96,69,98.05907841395042
13952,909.3334007194702,159886.11212243148,75515.9118496848,76796.7031353054,1162.7403428528341,374.9504102690844,249.3708320094156,585.6828847406141,-5.403799808388547e-05,-0.1066614705821822,96,69,98.0584670115244
13953,909.3357448512847,159881.08378309236,75529.81548060407,76780.45491988568,1114.0415492200991,364.0786540418776,240.0994550221949,555.5597132142575,1.964415082984069e-05,-0.1112215394474341,96,69,98.05785521773512
13954,909.3527769636522,159924.95136780597,75510.75225508978,76773.54696811576,1069.908396282175,352.88957318851317,232.52526239940198,535.7719173954974,2.2333445880238755e-05,-0.1410518456509112,96,69,98.0572431138926
13955,909.3560382094248,159937.46462284,75507.17481626483,76776.0974063613,1027.8940382780856,343.8029829061852,227.32980025329744,511.90585642436054,-5.567921601278927e-05,-0.1416596163576576,96,69,98.0566307810544
13956,909.3733368519432,159998.59296038526,75504.19170219019,76801.59308733232,990.7889914517291,334.4104953601054,223.39778082360863,497.6270425763505,6.751376417607682e-05,-0.1201544401192614,96,69,98.05601830002053
13957,909.3756065765228,160002.34666385883,75520.80141840095,76793.09178857328,954.6052462453954,327.14829107643163,220.66334760255995,477.37553493722226,-5.326838411376686e-05,-0.1231291796505177,96,69,98.05540575132838
13958,909.3927808346814,160028.3262095225,75519.06520140014,76786.15534314362,921.0532159541617,319.0962076341384,217.22616750368616,464.663765833684,1.844879925942035e-05,-0.112733135045863,96,69,98.0547932152466
13959,909.3959607261849,160040.60644377797,75513.76365977399,76780.43016338415,885.6882190939505,312.2709976590995,212.6615613483591,443.63824000940076,2.349275465507573e-05,-0.1094679202323153,96,69,98.05418077177058
13960,909.4133422796,160056.16032906596,75500.97066015679,76774.7109000793,850.3503283886821,303.56339409487555,205.23976799211232,426.6563993957243,-5.63546796993988e-05,-0.1106895723644137,96,69,98.05356850061624
13961,909.4162492884984,160081.82992966773,75529.5555588097,76777.21020623013,811.674799198925,294.87835380615434,195.41836826864164,399.1064086276456,6.744453001418079e-05,-0.0940205688008532,96,69,98.05295648121556
13962,909.432715364556,160128.3686083979,75552.17939277594,76804.06030183088,772.9051777928253,283.35229060571874,182.88148594796075,374.48096652983804,-5.2481286122556354e-05,-0.0938639713322646,96,69,98.05234479271051
13963,909.4359211982126,160182.69792692005,75562.62562975602,76773.55610877134,732.3275413134252,271.2645951390732,169.68721595878014,341.1149354954832,1.724795680037786e-05,-0.0942456500208053,96,69,98.0517335139486
13964,909.4533189433696,160204.74562043822,75491.619145427,76782.37225690689,694.2567996580619,256.50915672734845,156.7514641091111,313.3300531277782,2.4643441255706007e-05,-0.0795113807827469,96,69,98.05112272347668
13965,909.4561207815384,160229.90046175706,75557.92311000342,76802.5880672145,657.207506362407,242.12502905460133,146.57450134778628,279.4536780602648,-5.701074061039854e-05,-0.080168645424531,96,69,98.05051249953657
13966,909.4726492142167,160266.69024644094,75497.81684063147,76774.85908593376,624.9716671519564,226.17147910916538,139.22610628261464,253.62266213839757,6.735260868267198e-05,-0.0809748611227128,96,69,98.0499029200592
13967,909.4758911121868,160295.4232401942,75508.87135632594,76795.97852261488,594.3365899646888,211.1831528590992,135.3283723682689,224.16872790557682,-5.1676979666179205e-05,-0.0754807937097761,96,69,98.0492940626599
13968,909.4932831880654,160333.47493030204,75515.07522223431,76769.80831066739,565.9624160045641,194.4145695784391,132.4873126237071,202.85559320819448,1.6042031887325635e-05,-0.0664353377974556,96,69,98.048686004633
13969,909.4959940062348,160390.53397675158,75527.43775426237,76806.19972554954,532.6242886396358,177.2672957777686,129.01883735496085,175.91007997788256,2.5785123072565788e-05,-0.0398351023378012,96,69,98.04807882294666
13970,909.51258710735,160372.66020485017,75533.35707489197,76785.28460510162,491.6887039200519,155.76814186821866,120.99517656705575,154.27266138908453,-5.764718947297031e-05,-0.0254568735484621,96,69,98.04747259423796
13971,909.515865628006,160402.7385012972,75541.95570461356,76765.69189976779,434.5224811648368,130.75604307961476,106.90352571939002,125.236236287863,6.723804466479681e-05,-0.0442398377532219,96,69,98.04686739480736
13972,909.5332377035916,160440.9984316558,75544.2166916752,76783.7509720132,360.55914908711566,99.48535113701655,85.14089810743462,100.06281032483093,-5.085574677680136e-05,-0.0570082514323544,96,69,98.04626330061438
13973,909.5358676286164,160481.26552388738,75532.61116849264,76783.79256007279,267.8435417985893,65.94337756912864,58.48313876768225,67.88343954618904,1.4831433997151218e-05,-0.0567005599806805,96,69,98.04566038727204
13974,909.5525313404644,160528.68343078697,75541.74631373439,76775.50030137999,167.70709458336933,32.209303599069244,30.500670544308377,42.82833469341858,2.691742066957319e-05,-0.0696352606046069,96,69,98.04505873004176
13975,909.5558418413788,160547.3423226793,75523.30988026709,76812.43106157385,73.03235786658479,7.864644605302601,8.802571126871044,17.278107096557505,-5.826382338098544e-05,-0.0773412901845307,96,69,98.04445840382864
13976,909.5731838766168,160555.08516269852,75543.59793462635,76775.22649171589,9.628636472392827,-0.0,-0.0,5.649888017622288,6.710089021810979e-05,-0.0728568078613869,96,69,98.04385948317642
13977,909.5757414201516,160577.78407488964,75531.26675346908,76801.11326458963,-0.0,20.11119115020847,11.783244852296775,-0.0,-5.0017874521444267e-05,-0.0663213366327779,96,69,98.04326204226264
13978,909.5924832603783,160552.63548579317,75506.52240300081,76775.02132400144,71.21558379085036,72.54090194411401,47.31944873082102,13.53938176058,1.3616574366071072e-05,-0.0695020424816481,96,69,98.04266615489344
13979,909.5958173800018,160543.74855059627,75515.22676020728,76800.55226473535,235.3216213445994,161.18459275047644,107.97458889850532,36.70890309289098,2.803995786035835e-05,-0.070919833135,96,69,98.0420718944991
13980,909.6131228959748,160518.4540953953,75512.99314309626,76803.29722169589,497.81181964382995,279.763938548087,189.0265829920245,78.78850472488557,-5.8860446541318735e-05,-0.0704635403332894,96,69,98.04147933412862
13981,909.6156153909094,160440.70488233925,75511.29568220268,76790.55203902446,841.8387787823449,420.75608643992746,284.1090567096544,127.41134817388956,6.694120574568749e-05,0.0421493769346242,96,69,98.0408885464456
13982,909.6324439084434,160399.97164994094,75521.63705227243,76783.95252817564,1243.8870722731808,568.7556984945113,382.61784295449615,190.11808759489213,-4.916365567553929e-05,0.3006326040511404,96,69,98.0402996037229
13983,909.6357899453805,160336.67172311107,75517.32263814847,76775.61735139137,1664.2844998987857,711.7953888159536,475.71887720399536,254.14085919738864,1.2397865003581436e-05,0.3424018518204648,96,69,98.03971257783792
13984,909.6530560613492,160271.11942929105,75515.90433547938,76776.40504425882,2068.3599535808316,835.8090148363262,554.2090336894908,325.8747590375715,2.915236203225089e-05,-0.1876215374069743,96,69,98.03912754026813
13985,909.6554897354056,160188.9496913477,75487.14712912239,76785.64069604785,2419.0407491615624,934.634211487486,613.8426540258806,393.11737619747873,-5.943686993861033e-05,-0.3486949105278522,96,69,98.03854456208616
13986,909.6724134224088,160137.75617683143,75500.41134304862,76783.39356618554,2696.7365607470274,1002.461684032547,651.6071619159193,463.4927289860789,6.675905853063307e-05,-0.0498473710965904,96,69,98.0379637139552
13987,909.6757597619757,160128.07072356448,75482.06548555504,76757.95557119568,2886.627728294523,1041.6776795971819,669.6120670520759,526.1615639299271,-4.829338801566e-05,-0.0895688589478894,96,69,98.03738506612412
13988,909.6929745545112,160015.32065439242,75493.51888987941,76788.08640301267,2992.974603891489,1053.7470800621086,670.008526518126,588.4000934663636,1.1175719476929342e-05,-0.0626671020202309,96,69,98.03680868842328
13989,909.6961289606954,159938.29100700284,75519.61686486441,76777.55188888226,3022.0203335646074,1045.7800111548277,658.1511417029833,640.1914313400921,3.0254264453450632e-05,-0.0424076943155611,96,69,98.03623465025944
13990,909.7124389532238,159934.92898608863,75500.78196074672,76784.83552518801,2993.236781731597,1021.7272884900158,637.5439407896774,688.9959573651722,-5.999291169081132e-05,-0.0883047761975039,96,69,98.03566302061157
13991,909.71567236715,159906.90844527518,75494.40775261496,76740.85764445402,2921.524344798585,989.241696042227,613.4617830416828,726.3912895713875,6.655452362790006e-05,-0.0475284868649971,96,69,98.035093868026
13992,909.7329851229332,159840.38994868804,75504.10855577569,76776.95481897477,2828.5500575873884,951.7768769695103,588.4752298792009,760.5560572154354,-4.740737502359623e-05,-0.0494813454281477,96,69,98.03452726061217
13993,909.7359885324348,159847.40765836122,75499.88426160777,76780.18339149111,2726.137297313777,915.7804384714836,566.5505388146848,783.6801369397144,9.950551499463957e-06,-0.0499158053706823,96,69,98.03396326603826
13994,909.7523756367088,159835.09212138038,75494.3653317627,76775.80264876677,2629.6800657690037,882.6434438525612,548.3671255908848,804.758872623468,3.1345299780181594e-05,-0.0262919654105482,96,69,98.03340195152632
13995,909.7556291339412,159830.2959724378,75506.10173248367,76776.39008291913,2543.0321545916377,856.0677140334737,535.5903961418953,817.3150273835054,-6.052839663211989e-05,-0.030816662484214,96,69,98.03284338384812
13996,909.77296562755,159792.1548264858,75517.53729230349,76813.98951675209,2472.901123981341,834.522311079927,526.3838426911971,830.1148456141818,6.632768366651995e-05,-0.0260611830823638,96,69,98.03228762932072
13997,909.7758601787788,159785.6495315927,75522.98737146445,76746.39868723945,2415.2635394890094,818.9938194128044,520.2391689016949,836.163302810688,-4.650592466346342e-05,-0.0067848534437258,96,69,98.03173475380235
13998,909.7923075228318,159805.56569023314,75490.35082901946,76808.74051784178,2370.951016864332,805.6454818891798,513.7921389761905,844.0438406223839,8.72277630889164e-06,0.0025078912880296,96,69,98.03118482268736
13999,909.7955981423676,159795.76379088295,75502.95681456133,76774.13361750596,2332.4562182954396,794.1614704077656,506.3352742547577,847.2589154954185,3.2425107216465194e-05,0.0018134327045124,96,69,98.03063790090326
14000,909.8129320141531,159802.0083877811,75515.77998245198,76789.02451939182,2298.8957673312398,780.8169381328189,495.6970137406315,853.7521637589671,-6.104315649279028e-05,0.0132181059294931,96,69,98.03009405290504
14001,909.8157347112506,159789.0492365387,75528.05001110664,76803.30792704209,2263.145093778905,766.6634405724762,483.3982500790735,856.4314522347704,6.607862882660911e-05,0.0207772476238673,96,69,98.02955334267166
14002,909.8322420092976,159800.78855850114,75498.74224047981,76772.70474056849,2226.58821564354,749.805444208876,469.4344939108414,863.1475088445877,-4.558935046625869e-05,0.0269124376356102,96,69,98.02901583370203
14003,909.8355733327378,159757.46378390593,75513.07216004422,76798.67212677062,2185.758697450685,733.210683966201,456.9003407108539,867.2270898719144,7.492809296197266e-06,0.0322681933312988,96,69,98.0284815890104
14004,909.8528876243652,159810.38976074004,75509.07620938846,76802.3019463207,2145.4988516427693,716.5299100683187,446.2367071112385,875.9101851054584,3.349332904423744e-05,0.0149354050590064,96,69,98.02795067112253
14005,909.855610364054,159764.04405726673,75500.37305930733,76771.39660677967,2105.4058403154486,703.5093317487626,439.8488629644853,882.0722278725298,-6.1537030725264e-05,0.0129880973745705,96,69,98.0274231420715
14006,909.8721816784026,159777.15230770354,75511.21912750791,76788.70463300399,2072.2016705811257,693.3503766057838,436.40965818281984,893.0729796162632,6.58074563571774e-05,0.031719905407809,96,69,98.02689906339371
14007,909.8755517172272,159762.08889280196,75497.99390804005,76781.15679412676,2046.0874932060833,688.6937593525654,436.50973275038996,902.133720391721,-4.4657970500986144e-05,0.0447960198247679,96,69,98.0263784961249
14008,909.8928337773704,159759.10914861178,75493.68836477923,76780.06222572844,2032.389303547272,687.4530909417517,437.64274758449756,915.8542421325692,6.261066871278024e-06,0.040119384069477,96,69,98.02586150079588
14009,909.8954869997376,159731.2921211216,75479.46700864378,76767.15809037969,2029.1501722745597,691.2163333965436,440.28596692095743,926.7515475120454,3.454961214597758e-05,0.0348509744582249,96,69,98.02534813742912
14010,909.9121277574668,159732.8676570123,75496.49044379294,76772.08714989906,2038.823274859169,696.9102244566166,442.4068514488463,941.2880746614828,-6.200986526859097e-05,0.0225796327371726,96,69,98.02483846553442
14011,909.915531179414,159732.62663095753,75508.48663846147,76773.2245678798,2056.5187681374955,705.6549755223241,445.40800409117946,951.9501930038678,6.551427159012815e-05,-0.0088549328582321,96,69,98.02433254410502
14012,909.9327712764753,159742.8573641707,75492.71373069471,76778.00926870515,2081.15101385623,714.2110126888147,447.97114785623853,964.383525051293,-4.37121080967601e-05,-0.0344608519013067,96,69,98.02383043161404
14013,909.935365029555,159693.35771252617,75487.11866381168,76804.33624774576,2105.2446889901184,723.6112734259805,451.6407250670891,970.7144652092538,5.027964917892555e-06,-0.066554204645307,96,69,98.02333218601032
14014,909.9520808796556,159687.98462638527,75500.3243302822,76798.2095910446,2126.129344872141,730.0846669377934,454.2719565331936,977.2828580353817,3.559360791019661e-05,-0.08924436416572,96,69,98.02283786471526
14015,909.9555099308742,159707.61807267778,75496.71650474893,76793.01178694732,2136.7046751605812,734.4242809042917,456.37814952264307,977.1766003344674,-6.24615135526917e-05,-0.0847655057662025,96,69,98.02234752461852
14016,909.9727008465396,159717.32605763382,75542.12167286238,76791.06486064139,2135.7264602747746,733.096526967638,455.0152719215548,977.0593589831842,6.519918620764565e-05,-0.0861886988632155,96,69,98.02186122207382
14017,909.9752450437576,159729.18185110053,75498.32379110274,76776.08199793978,2119.3256099660066,727.7803493137471,450.6323678541521,970.4128918007773,-4.275209095615224e-05,-0.0908832098876482,96,69,98.02137901289714
14018,909.9920413623568,159744.58941874915,75492.74922984354,76806.63347350624,2089.7240647866274,715.8474138344172,440.79261764441617,964.5885720826627,3.793920332910398e-06,-0.0888328245359725,96,69,98.02090095236112
14019,909.9954863070984,159740.30006491602,75515.97755958428,76810.86616105773,2046.562115921115,700.1977104600955,427.34609499084763,952.9889806850697,3.662497184965031e-05,-0.0839871593538774,96,69,98.02042709519242
14020,910.0126233283942,159774.25397866167,75482.73042381702,76816.3965278839,1993.8633777801879,679.1473458997498,409.5452564295265,941.9398479859228,-6.289183623839742e-05,-0.0947528652162126,96,69,98.019957495568
14021,910.0151276101772,159757.0705292922,75466.79410278588,76805.4396991508,1932.318124020705,656.0767447384278,390.66144381815684,924.2094502079708,6.48623202895432e-05,-0.0978601951207778,96,69,98.01949220711174
14022,910.0320093739242,159805.39289173207,75511.35056625021,76841.3780235341,1865.4012220220175,628.869920787838,370.3239470324479,906.7385617718974,-4.177825114480368e-05,-0.0996444477135224,96,69,98.01903128289078
14023,910.0354586378934,159811.64287299916,75507.26084581965,76813.42184602609,1793.1345944546047,600.6454076621449,351.5996231879981,883.0186029345787,2.559349750660219e-06,-0.1046100212852347,96,69,98.0185747754122
14024,910.0525398275342,159824.44706724212,75536.30280718283,76814.24666200219,1717.7786388121895,569.2545668620296,333.3908790173009,860.4992853408621,3.764336359236385e-05,-0.0891414563640042,96,69,98.01812273661966
14025,910.0550130863096,159931.3242542651,75536.75599525773,76818.47193635051,1639.4201680666301,538.2384703893622,317.9232143368572,833.3693555594946,-6.330070116083564e-05,-0.0910516193893439,96,69,98.01767521788987
14026,910.0719851195864,159902.42812488147,75557.78318442343,76859.26122659617,1560.469830666727,505.7005208869814,303.14597626798786,810.0656659839733,6.450380057864247e-05,-0.0915772630253641,96,69,98.0172322700292
14027,910.075425072287,159932.7695585562,75540.90871005337,76837.67623101214,1482.0355143952183,475.85449137413525,290.98417737023556,784.4210460874601,-4.079092560655573e-05,-0.0898325155613074,96,69,98.01679394327093
14028,910.092451935824,159965.64839562066,75521.44473810437,76860.91942728517,1406.6767099119024,447.14133073488483,279.42867621046025,763.5658419136307,1.324669697437227e-06,-0.1058701651413755,96,69,98.01636028727148
14029,910.0949013170192,159969.2777659343,75528.15885574807,76853.96950603886,1335.7741266766097,423.5852724437282,270.54997895643464,740.2155842690263,3.864844800476528e-05,-0.1151572865455437,96,69,98.01593135110744
14030,910.1119691963872,160016.31970749798,75551.5968629403,76812.32076569495,1270.7044512254652,402.31931205913133,261.99505391484126,721.5389416240796,-6.36879836691595e-05,-0.1010560417915295,96,69,98.01550718327228
14031,910.1153831705242,160007.83792966662,75540.38073250858,76833.14610910609,1211.757299523917,386.1587182150397,255.5557525245822,700.0027235872985,6.412376079259605e-05,-0.0987497450587749,96,69,98.01508783167326
14032,910.1323622711795,160064.90663789102,75570.33353532807,76835.06782844599,1158.3510224447236,371.02017056866316,248.49998584447894,682.7389259063348,-3.979045554155469e-05,-0.1060025728218266,96,69,98.01467334362847
14033,910.134790884754,160073.61305993109,75543.57433525185,76833.03553812538,1109.899765666225,359.03132228726463,242.4393531391106,662.6795543034968,9.029669587637268e-08,-0.0935415446362413,96,69,98.01426376586386
14034,910.1519635882696,160094.93575662214,75537.71621036656,76853.40205200089,1064.7660830450477,345.6454235092824,234.57585298203048,648.1005554175936,3.963989400098176e-05,-0.0992126539238311,96,69,98.01385914450988
14035,910.1553285746576,160105.0141794104,75547.64594276035,76845.83794328826,1022.775352513534,333.78572866212926,227.260255925823,631.5972111283918,-6.405356627809808e-05,-0.1173856080052693,96,69,98.0134595250986
14036,910.1722763742678,160130.61746806433,75550.10910101738,76865.1788703354,982.2987989009125,319.93048568103404,218.56782002892578,620.4988966842939,6.372234273843798e-05,-0.1097376659745731,96,69,98.01306495256117
14037,910.1746762847436,160160.8587723181,75540.07235419999,76794.46161440738,943.8985928434413,307.93693569539755,211.46963370183948,606.420551718882,-3.877718623366141e-05,-0.1096063271700084,96,69,98.01267547122464
14038,910.1919759676232,160150.22179047271,75534.92238238869,76825.68617500884,905.504012298712,294.2245498022239,203.78832634355058,596.5702218738152,-1.1433534887599984e-06,-0.1079169595540786,96,69,98.01229112480912
14039,910.1952481399688,160151.579101577,75531.43550484686,76828.64854142512,868.070333883923,282.749044449185,198.06833176742657,581.5012069685035,4.061737586840868e-05,-0.0961872699530445,96,69,98.0119119564249
14040,910.2122145723648,160171.18094632338,75540.59411724983,76818.54209402241,829.1061284455354,269.5174610592949,191.28612654606695,567.986402987648,-6.439733889910407e-05,-0.0953092382607802,96,69,98.01153800856996
14041,910.2145251261112,160226.6564539992,75545.46045508771,76839.47267432301,790.0376937837573,258.1348515855061,185.23682895698585,546.8688310232246,6.329969448334775e-05,-0.1033081228362582,96,69,98.01116932312716
14042,910.2320721719276,160273.26474329652,75521.09363971333,76818.20353244946,747.9510704880231,243.9949659291451,176.33131591120036,526.4549217382446,-3.775146708559891e-05,-0.0948773490504548,96,69,98.0108059413612
14043,910.23492791301,160251.70367795913,75541.63158234225,76824.44943211172,705.3895065548131,231.40241006923316,167.02903860691004,497.4646701848542,-2.375865249811804e-06,-0.0892748274246168,96,69,98.01044790391674
14044,910.2514219107284,160306.54369291806,75532.08762316786,76808.7741385838,659.870463828498,216.40113904840837,154.75001415415318,468.46401762004825,4.1580572322310805e-05,-0.089891897920805,96,69,98.01009525081508
14045,910.2545938754693,160341.06670731568,75540.30695393184,76839.52807201477,614.9568819613196,203.61017202973017,142.8278448759229,431.3261017028999,-6.471919910430793e-05,-0.0788543927008387,96,69,98.00974802145178
14046,910.2719940244408,160363.48660504122,75541.3344940386,76789.90786132385,568.3685544684995,189.1545863835927,129.36768000759184,395.12159826181596,6.285597156135317e-05,-0.0899637808372307,96,69,98.0094062545947
14047,910.2748385081554,160414.07532064084,75539.14744943508,76827.87764071813,524.3915232737781,177.59945081261685,117.98850870257593,351.33843076846097,-3.67136516960007e-05,-0.0849320659714144,96,69,98.00906998838074
14048,910.291325006364,160508.3430224214,75542.03355673817,76825.88390957392,479.08166856953176,163.57172635247116,105.85868477303302,309.98276284959866,-3.60682362015306e-06,-0.0528931644613675,96,69,98.0087392603138
14049,910.2945855420406,160532.69653330027,75560.65969293223,76838.99841995536,434.70667201437755,149.9970801842719,95.19275715449476,263.12975069275126,4.252916755510611e-05,-0.039064410349076,96,69,98.0084141072625
14050,910.3119418194692,160564.15547991756,75553.78531151013,76857.26263035923,384.0147694897023,130.3018738496321,81.84436577316956,220.77488699290552,-6.501905153845926e-05,-0.0548149802742354,96,69,98.0080945654578
14051,910.3147287623268,160614.93160730743,75583.40906231575,76838.88873767704,327.9164892912959,107.98241585944197,67.69866539223585,173.9273342654924,6.239133654178086e-05,-0.0566423445096549,96,69,98.00778067049036
14052,910.331245879328,160673.6694636372,75532.16050839743,76839.90230585521,258.8517437285045,77.99831212457502,49.09123681456549,133.36077982615097,-3.566409697137324e-05,-0.0633272163472031,96,69,98.00747245730868
14053,910.334572754096,160693.0119116355,75591.60850114403,76859.34140099787,182.73024698230438,47.647442837711424,30.15331495690043,90.90127348568058,-4.83581456548517e-06,-0.0862703717945709,96,69,98.00716996021698
14054,910.351886641386,160757.79554206214,75543.22478780402,76861.87861751366,101.47617954370799,17.217936380635365,10.952536191733088,58.13013509157463,4.3462850316590114e-05,-0.0747280660240919,96,69,98.0068732128724
14055,910.3546142273948,160774.27466110128,75575.52875947882,76864.36808611164,35.56574454950169,-0.0,-0.0,26.84169648779789,-6.52968087276996e-05,-0.0788037204516373,96,69,98.00658224828362
14056,910.371176512689,160806.07678463208,75580.82475666121,76860.28377784947,-0.0,-0.40644132332818117,0.04357667142176069,10.123289795126766,6.190595870566734e-05,-0.0872013972256416,96,69,98.00629709880836
14057,910.3745595577462,160834.53581173214,75532.16942777905,76867.11887092453,24.6982924186741,29.500405622515245,19.83526605917723,-0.0,-3.460316446290015e-05,-0.0424943139743792,96,69,98.0060177961513
14058,910.3918248697852,160817.43030726467,75554.36253045504,76850.4243641539,124.15811710455455,89.19065158358717,59.13229331781622,8.495166062755743,-6.062424857342083e-06,-0.0247222221415516,96,69,98.00574437136244
14059,910.39449838671,160795.27045154697,75531.14686073548,76869.27665530334,317.12042957922677,184.32066424285586,120.93053466250421,24.895435483165784,4.43813153661376e-05,-0.0130419688241126,96,69,98.0054768548348
14060,910.4111153865978,160773.46400275172,75542.06376336337,76871.29227289223,594.1571291478467,303.04319550712535,197.19006925434223,59.946937670058105,-6.555239019030843e-05,0.0173947144784142,96,69,98.00521527630278
14061,910.4145459823792,160719.56609326752,75573.34587473994,76875.16302089227,945.3418215692509,440.367841152678,283.9683960544353,100.80112637337879,6.14000144248857e-05,0.1676261853821323,96,69,98.00495966483984
14062,910.4317555882964,160690.99867288975,75577.63572080899,76865.73969717948,1333.6699218899594,577.1138812171266,369.078399461403,155.78126866256935,-3.353121859181032e-05,0.4279448225540127,96,69,98.00471004885758
14063,910.4343830626832,160637.44591459908,75570.15430599895,76838.77033536452,1731.232069274818,706.2675341611903,448.1661449742969,209.62709572774475,-7.286242620811072e-06,0.3917027592597796,96,69,98.00446645610288
14064,910.4510619499948,160590.63391407471,75584.19241895656,76872.58742862326,2094.1559169070097,810.9803175100242,511.47593256412074,270.83880309577216,4.528426191804088e-05,-0.1597021311649809,96,69,98.00422891365707
14065,910.4545312552068,160527.17497381865,75581.42376920165,76851.91359692952,2402.302717770741,891.1250338181417,559.5005853934272,324.35625262901885,-6.578572385208505e-05,-0.2096091508268895,96,69,98.0039974479333
14066,910.4716786315208,160480.60429377604,75585.24350712603,76911.59836103904,2629.71866206493,938.9329790979682,588.1736020247627,378.9476078217558,6.087368688138509e-05,0.0836774982285291,96,69,98.00377208467648
14067,910.4742696434788,160413.56398121503,75556.87729618144,76850.12142778296,2779.7997891361592,963.0513210066129,602.9386611538357,420.46094328409526,-3.244862746132026e-05,0.0129766114613657,96,69,98.00355284895946
14068,910.4910157888406,160426.2183330657,75579.82683556837,76878.95312026552,2847.7362425355823,961.4245485308056,602.6155150842969,460.8277259764145,-8.506856379922535e-06,0.03280948583769,96,69,98.00333976518358
14069,910.4945143975716,160385.9124411982,75576.61977286534,76872.16171663857,2854.7562408003723,946.1331368652463,594.114990720991,488.39169980370207,4.617139509496584e-05,0.0475768114806879,96,69,98.00313285707588
14070,910.5115941822528,160347.211825516,75554.50366836073,76855.96629216171,2807.618476036878,916.4123521618894,576.7091233728279,516.3035896789224,-6.599674388245083e-05,0.0507410542346036,96,69,98.00293214768824
14071,910.5141593430365,160357.3983740774,75602.52987491032,76846.10128372187,2733.098405958677,883.8705351244425,556.9872724474699,533.6342821392172,6.0327165923090975e-05,0.0613418292452052,96,69,98.00273765939568
14072,910.5309764226104,160327.97089884768,75573.39980707776,76871.49506430773,2636.456924714148,845.5440321043425,533.1982681733498,554.7941744317941,-3.135576285442571e-05,0.0454774728738502,96,69,98.00254941389484
14073,910.53449440515,160345.53659634246,75612.32787584998,76861.55559527499,2540.554623830074,811.2115655968228,511.13647058972856,568.4122486971901,-9.72385706869037e-06,0.0502744577379552,96,69,98.00236743220336
14074,910.5515026483714,160316.78101843936,75583.2951516939,76863.79340573889,2445.0403024891857,776.6781147270958,488.4652668743511,586.8819308122911,4.704242547038182e-05,0.0387449134420645,96,69,98.00219173465771
14075,910.5540532643436,160255.76851994655,75519.8788218837,76865.51954956855,2366.594662431744,750.5147846990149,470.08711102453526,597.3965883214842,-6.618539337118021e-05,0.0506231129638458,96,69,98.00202234091267
14076,910.5709432449796,160314.13875004204,75578.17587431874,76866.62761148467,2297.225495221268,726.5800122981454,452.2837317803933,612.4736100143928,5.976064840122304e-05,0.0591705765340629,96,69,98.00185926993952
14077,910.5744703257488,160285.32451457018,75602.60297270544,76871.25490008906,2247.6837265269132,711.9074009633478,438.9408643892093,619.1535827429325,-3.025299931720208e-05,0.0554409145314054,96,69,98.00170254002543
14078,910.5914046099458,160287.92425789736,75540.25577844288,76890.28120664512,2205.0266454564407,699.0334264671692,425.8297127460828,629.2046850412444,-1.0936836413361994e-05,0.056064727922539,96,69,98.0015521687722
14079,910.5939524094814,160282.90714269815,75586.36420917537,76873.85254014445,2175.7337605173816,693.3315414556128,416.34182353215874,630.2030516940285,4.7897069359187385e-05,0.0624318230416084,96,69,98.00140817309496
14080,910.6109155089327,160313.87859948253,75544.64017326543,76860.94171905197,2142.740400494018,685.4534251728037,405.71359798760386,635.3719578518067,-6.635162230501484e-05,0.0748643478277723,96,69,98.00127056922148
14081,910.6144413046884,160289.04568487903,75545.77210895001,76855.6988975185,2111.9983893676545,680.3288788474892,397.43899223412154,632.8338333331048,5.917433722526348e-05,0.0824333095668082,96,69,98.00113937269104
14082,910.6313007859804,160290.79797049984,75598.00708873344,76860.12522331756,2069.1647385900724,669.6031645918993,387.5176413652953,635.1327779802377,-2.914071481826253e-05,0.0899481921046021,96,69,98.0010145983535
14083,910.6338576742008,160303.01042890598,75589.12856807443,76849.13994290517,2024.9507785009337,659.6155724827695,380.1732470319257,630.9874406931922,-1.2145387659856252e-05,0.0822324080394809,96,69,98.00089626036852
14084,910.6508923284592,160307.78883186285,75541.56168969552,76875.95427258016,1970.00647548493,643.4593728817417,371.9328855207714,633.9997468085203,4.873504851805591e-05,0.1104061332964069,96,69,98.00078437220483
14085,910.6544066180112,160297.05870838586,75544.60982430518,76845.76211825207,1920.8073496365105,629.5818479064619,367.5317446117406,633.0181072199775,-6.649538808378839e-05,0.1297466172496263,96,69,98.00067894663904
14086,910.671192005274,160321.1365242865,75597.65980547745,76882.01797043465,1871.9032728267484,613.0910265784769,363.6929592898232,640.2879604646296,5.856844241705537e-05,0.1305153901784199,96,69,98.00057999575536
14087,910.673769839826,160345.0392539393,75541.3622933406,76908.14508821163,1839.6505310579669,602.9789689269237,364.37245141909807,644.4070244266477,-2.801929006937164e-05,0.1379625292465619,96,69,98.00048753094477
14088,910.6908726866776,160285.82035374144,75551.75081226657,76865.5532082373,1814.781841716147,593.5918649927335,365.0934419303376,657.0691267801158,-1.334910631297918e-05,0.1215700579361123,96,69,98.00040156290416
14089,910.6943657009156,160293.16868025862,75565.63614150601,76862.1752643068,1809.5101251692977,592.9436890584038,369.0517947433691,665.540213570901,4.955609041628222e-05,0.0968138205976062,96,69,98.00032210163596
14090,910.7110791752856,160285.64292676575,75553.97981678457,76877.14200012154,1810.764252995199,594.1843046743597,371.70031732480857,679.3657209053636,-6.661665617881006e-05,0.0813109782276553,96,69,98.00024915644762
14091,910.7136895684208,160302.81274912186,75563.91989865815,76863.57628330594,1826.9228029653896,603.204557117002,376.19496685420745,686.1284384767932,5.794318003371679e-05,0.0363328466163452,96,69,98.0001827359511
14092,910.7308554451524,160271.33190276878,75547.57302177999,76853.34267738654,1842.0211912352825,611.0711944329087,378.1983581132954,696.1985993330018,-2.688910894408158e-05,-0.0057255931079264,96,69,98.0001228480621
14093,910.7343181755132,160251.50417146756,75562.26576917623,76844.0815733836,1863.9983620524872,622.7249281681143,381.3343873420381,698.1265411397326,-1.454758926907786e-05,-0.0196360980670984,96,69,98.00006949999992
14094,910.7509632451648,160299.82139522894,75538.84414124077,76849.71094981904,1877.5681367520592,629.216660314647,381.6734831252834,702.4130129328987,5.035992864823014e-05,-0.0278271701374571,96,69,98.00002269828722
14095,910.75361740593,160313.67897657072,75546.70123970104,76877.43715771247,1890.4024429440033,635.206784022419,382.40826091286726,699.5055670249858,-6.671539948626575e-05,-0.0325791691968643,96,69,97.99998244874948
14096,910.770839349414,160284.49338472035,75555.40301626704,76853.366457437,1887.0099451856804,631.9178674150608,379.08770123060094,700.5721217828977,5.729877300734722e-05,-0.0280528311870405,96,69,97.99994875651458
14097,910.7742638823132,160301.13620976798,75540.96623628821,76888.20126430823,1876.3650499787182,625.158223419392,374.7871013447584,695.8164548763889,-2.5750557747160867e-05,-0.0190043430831411,96,69,97.9999216260131
14098,910.790845158164,160305.09427136966,75547.51437103093,76873.02811520032,1845.194872922788,607.9706163859373,365.5316208433651,694.648698383593,-1.574043573850224e-05,-0.0132827226709299,96,69,97.99990106097732
14099,910.793553799555,160308.4603496698,75573.80778254592,76871.48171977792,1803.8842286272557,587.445553592057,354.7808948327729,687.523385634151,5.11463027609048e-05,-0.0028546532649015,96,69,97.9998870644423
14100,910.810823023156,160325.55644042045,75564.00679903477,76881.26295412837,1741.2361180186272,558.1897206921567,339.37725470992154,683.3140516898711,-6.679159833534112e-05,0.010858249310636,96,69,97.9998796387442
14101,910.814202923527,160332.72950283575,75549.06996014163,76868.44072193069,1670.906053769053,529.038882291934,323.7521401057311,672.3885373789817,5.663545018375466e-05,0.0123971898034091,96,69,97.99987878552164
14102,910.83072578402,160352.78180220813,75552.94548315436,76838.27098418654,1585.1289765455294,495.7985481477954,305.5208636847092,662.8939453005733,-2.4604025665766425e-05,0.0042170201574063,96,69,97.99988450571516
14103,910.8334991417652,160393.7142525586,75547.50254779446,76878.29270496366,1498.9147214501863,466.5871367857326,288.7915412450966,646.9192375546845,-1.6927246929841123e-05,0.0101619946303866,96,69,97.99989679956684
14104,910.850804935647,160355.73522478013,75549.60808605989,76880.4531053561,1405.4044973754208,435.97902643423004,270.641077597189,633.0404968745424,5.191495843978721e-05,0.0188997047992101,96,69,97.99991566662132
14105,910.8541357364952,160405.4758815397,75580.33505471433,76842.65790024653,1319.9362268466502,410.83793774941296,254.56551386186038,614.016354092746,-6.68452409027314e-05,0.0069928957746115,96,69,97.99994110572491
14106,910.8706058086992,160454.13372599822,75542.22306271554,76877.9330839759,1234.7070923207793,384.75309963169275,237.27757489521173,597.7505447992589,5.595344693032631e-05,-0.0154827841729182,96,69,97.99997311502668
14107,910.8734538703204,160435.28088831867,75548.9238368322,76854.08959786074,1161.2698282766505,363.1337099252705,221.66959731676616,578.2127576347266,-2.3449903949739143e-05,-0.0213566359843284,96,69,98.0000116919784
14108,910.890783304275,160481.6799899466,75531.51755362592,76849.64872280743,1088.4768038333277,339.2191662158293,204.5891462774016,562.5519065621775,-1.810762629577509e-05,-0.0207868249920347,96,69,98.000056833334
14109,910.8940632455492,160482.1034707236,75532.38562791349,76859.4997955934,1025.7476280042902,318.8513848612638,189.40917820265167,544.4817358819128,5.266564717778201e-05,-0.02279320635386,96,69,98.00010853515144
14110,910.910485518944,160486.1445107216,75560.78131711786,76856.75988126695,961.5497751545627,296.1388684104895,173.63360189722152,529.6359928785532,-6.687632302440647e-05,-0.033826135795006,96,69,98.00016679279192
14111,910.913418707902,160529.37808639806,75555.60298412706,76838.8838923081,904.9965441543027,276.9303799048939,160.52438963070745,512.4433664602693,5.525300439553324e-05,-0.0285370538971146,96,69,98.00023160092054
14112,910.930755819832,160558.74106759217,75557.9832180328,76850.93327351904,846.5682630462106,255.91274247254478,147.5964136942639,497.4425447580288,-2.2288586631450144e-05,-0.0201153872583066,96,69,98.0003029535068
14113,910.9339872442808,160551.1024989468,75533.35091889284,76873.4491715969,797.7329652544577,239.46286848653108,137.88086674216902,479.16520286523155,-1.928118010567028e-05,-0.0285237065816808,96,69,98.0003808438254
14114,910.9503642722616,160598.45055860476,75553.59898295421,76863.68192234242,750.5467525029089,222.66440638822678,128.7396400879661,461.0770970804442,5.339812685499924e-05,-0.0291644838178575,96,69,98.00046526445638
14115,910.953395336655,160590.79284482764,75543.1165767974,76846.66529586942,714.8697909694165,211.08629163926526,122.57826126378495,439.0598966575053,-6.688484776503846e-05,-0.0278703951414584,96,69,98.00055620728588
14116,910.9707187694032,160641.9445174976,75590.88605172242,76867.51127478977,681.3559372150339,199.56925206210872,116.78625133368769,416.2193598772865,5.45343701954401e-05,-0.0279959192286576,96,69,98.00065366350668
14117,910.9739116333826,160618.54875305676,75554.45164025576,76848.54132207038,658.0365234839264,193.31381439312827,113.85323870333377,389.9178463726421,-2.112046945390914e-05,-0.0283235688291764,96,69,98.0007576236193
14118,910.99023870593,160691.56861850587,75581.3285487415,76863.29201785801,634.4192721035215,186.92305888950068,111.46372507174965,363.3936227237864,-2.044751623818944e-05,-0.0317190052764535,96,69,98.00086807743196
14119,910.9933889924198,160734.8872243764,75559.63357293457,76878.13131829613,616.5151995131164,184.53691414470086,111.73108351792325,336.1502098070923,5.411216171245198e-05,-0.0348066204042375,96,69,98.00098501406224
14120,911.0106631275954,160741.19502833966,75550.72931950066,76856.97442039923,594.2980548247579,180.7912841047655,112.2448939390597,310.95864553080173,-6.687082642376078e-05,-0.0347734378288637,96,69,98.00110842193736
14121,911.0138487072096,160752.8270061969,75580.53165817786,76885.2138028514,574.6258296386804,179.96317728422582,114.590599847259,288.0951163196005,5.379779773908399e-05,-0.0329050104342382,96,69,98.00123828879497
14122,911.030091899772,160786.09385062856,75556.36990669735,76845.43493668022,549.356250707875,177.26838391188357,115.97646544175223,268.7204432335857,-1.9945950574559065e-05,-0.040538493078112,96,69,98.0013746016844
14123,911.0334290680167,160781.7111616001,75566.19072035544,76839.33247763303,525.9390477465349,176.74450766503287,117.27589635297772,253.19237885111943,-2.1606246556022512e-05,-0.0397732489826157,96,69,98.00151734696756
14124,911.050527685523,160791.6058301866,75549.52625365485,76879.56442505485,498.6602046827902,174.24126757359772,115.99633855209686,240.3867960020143,5.4807522295937306e-05,-0.039274648972012,96,69,98.00166651031982
14125,911.0539858204168,160824.44443132725,75587.8977039482,76853.70913591365,475.8937646924169,173.6835381964338,113.46171815154958,230.49085689117783,-6.683427720088069e-05,-0.0520547993367591,96,69,98.00182207673122
14126,911.070692567312,160859.516285948,75554.29622780532,76850.91955530479,452.14041817263933,170.6663370829192,108.151280710008,220.15621719209594,5.3043546512218205e-05,-0.0489478227862772,96,69,98.00198403050724
14127,911.0732798431052,160834.68457837854,75577.26885411792,76840.89975132984,433.07679518766236,167.87126777078083,101.79939925603685,209.8028723007592,-1.876542983563061e-05,-0.0615260928377819,96,69,98.00215235527016
14128,911.0905415185282,160841.45018487453,75570.0658539683,76861.6039628638,409.6997275733738,159.8347917868232,93.09038567857351,194.33343009781674,-2.275698450598627e-05,-0.0522468719302344,96,69,98.00232703396055
14129,911.0939184125076,160865.47082718706,75589.65671052261,76821.50097733132,383.0957959353691,148.24529652646743,83.14102046459448,175.7801979255455,5.548398557323714e-05,-0.0439366166560168,96,69,98.00250804883778
14130,911.1105835299276,160885.3964133175,75539.0139264864,76881.7222094987,342.25713121151784,128.2225521061482,70.29136895766715,149.43274949424085,-6.677522654983005e-05,-0.0706680328156674,96,69,98.0026953814821
14131,911.1132087266122,160915.53962468368,75553.09946734733,76849.27323666177,287.7311988348374,102.52673809412227,55.245024893432856,120.78906493098475,5.227188161090901e-05,-0.0779778884302099,96,69,98.00288901279532
14132,911.1305277335732,160956.0146349633,75563.74668971323,76863.0487287656,214.43920967011945,69.8528434819018,37.526470857905224,86.406239026197,-1.7579309204928357e-05,-0.0891729116205699,96,69,98.00308892300248
14133,911.133858837141,160984.11309896296,75585.8758381807,76860.47775881845,133.37082469509915,37.695942639693385,19.980823269695975,55.86087161352043,-2.3899347164452245e-05,-0.1082610770678362,96,69,98.00329509165324
14134,911.1504642821432,161013.6619082232,75557.81888914025,76854.59597843545,54.911951953719836,10.662998973988579,5.60098207561532,26.526792637072504,5.6141335052806805e-05,-0.1094059518824471,96,69,98.0035074976233
14135,911.1531519888548,161035.99149261264,75572.45710884982,76866.05477153439,3.5344650603365153,-0.0,-0.0,9.606959365628427,-6.669370798787833e-05,-0.0999176825155798,96,69,98.00372611911584
14136,911.1705089237448,160996.61264854792,75558.70413242764,76884.85579870491,-0.0,11.99225976994785,8.094593290414196,-0.0,5.148307374735265e-05,-0.1029826569183547,96,69,98.003950933663
14137,911.1737955751177,161041.85036175235,75568.91389614012,76875.12478129154,68.99221519217826,54.99277890927624,34.57674261703505,8.781614256236935,-1.638799170664046e-05,-0.1040143149824047,96,69,98.00418191812798
14138,911.190342159526,160992.6425473747,75567.2645162112,76872.61166803369,221.7004029394011,128.92252401445876,81.11183634001645,27.33265095896786,-2.503295444028532e-05,-0.0989250505424201,96,69,98.0044190487057
14139,911.1931061518987,160952.67373025024,75570.43078689481,76881.11154716663,461.0328141916543,231.86414562106074,146.30029764975188,64.90074831349193,5.6779360979233416e-05,-0.1033846584331537,96,69,98.00466230092538
14140,911.2104857535855,160904.2324887963,75579.81545263783,76864.94927818868,772.1448445382412,353.6362044252164,225.21953316085273,108.61551556451013,-6.658976282619836e-05,-0.0738137796971452,96,69,98.00491164965196
14141,911.2137279832016,160840.47648904583,75580.38428797487,76869.73841715457,1130.9918963876553,483.6786190314597,310.1253557266027,167.75079557785648,5.067739966069984e-05,0.1105479941151664,96,69,98.00516706908782
14142,911.2302183322964,160763.83629479093,75580.21810486983,76882.60942741211,1504.2586778749246,607.9899345807353,392.5113621602941,227.4220312293619,-1.5191882546229e-05,0.3433861877510318,96,69,98.00542853277402
14143,911.2330715958244,160709.00986609724,75552.24749526079,76846.40471278246,1859.211877372407,716.4301423866709,463.8942713025317,296.9520611517946,-2.61574295710228e-05,0.0911085686523694,96,69,98.00569601359362
14144,911.2504559014924,160661.15854063956,75556.31087131453,76858.40277893803,2167.910860752396,800.6527383150678,518.8195487447956,359.9331383041572,5.739785970071119e-05,-0.4251861480621307,96,69,98.00596948377203
14145,911.2536581825004,160574.3402653588,75543.03107742047,76865.16820363063,2411.457559313625,858.2778676212474,553.8616650811164,428.14686694947886,-6.646343980029154e-05,-0.2677245476279064,96,69,98.00624891487968
14146,911.2700913559964,160458.76109574945,75546.01566845523,76866.32211825214,2582.474207872059,889.7965716237813,570.1031700611056,485.25344193709316,4.985514103927181e-05,-0.089912022406657,96,69,98.00653427783392
14147,911.2730514496736,160461.08737909334,75543.87625361078,76841.68660212896,2681.561620926601,899.4730511869857,569.8064125209348,544.2636657056282,-1.3991387671782946e-05,-0.1604622594054061,96,69,98.0068255429012
14148,911.2904133990914,160387.1924258376,75540.31603635529,76839.24073072003,2718.923550839303,892.4964856409351,558.4305850742676,588.8763867177477,-2.727239908539344e-05,-0.1024955693998245,96,69,98.00712267969836
14149,911.2935936215296,160316.92119006373,75540.12353102324,76871.31673234134,2705.890869601746,874.4137244136655,539.8692029768717,635.6031554848014,5.799663495473139e-05,-0.11699244005134,96,69,98.00742565719614
14150,911.3099518205812,160308.26713701588,75566.18074703075,76866.94060268774,2659.2388739358867,850.132020454781,519.4755205393594,668.8476525970327,-6.631479536316905e-05,-0.10572255585519,96,69,98.00773444371966
14151,911.3130621733612,160253.563048603,75573.78967686152,76845.66585804148,2590.940765081148,823.1978921077098,499.2578191444627,705.8029755132739,4.901658546872834e-05,-0.0947390812164878,96,69,98.0080490069521
14152,911.3303250905918,160221.0954034651,75539.69925037611,76848.3469437085,2516.2173552805907,796.9001046186604,482.35945567753515,730.318472619896,-1.2786914765610924e-05,-0.1107393901595621,96,69,98.008369313936
14153,911.3336225144786,160197.43361595468,75562.12605872306,76853.40283504715,2441.7925620340975,772.8360518925037,468.27347852961975,761.2698506109591,-2.8377492733644928e-05,-0.0983081318813189,96,69,98.00869533107551
14154,911.350591439446,160135.20786997984,75538.50576126028,76870.87724189182,2377.943638688128,753.2383500831056,458.58681762986816,780.9021404369851,5.857549698288987e-05,-0.0864199133534619,96,69,98.00902702413973
14155,911.3529756745412,160127.9703436706,75537.58225871692,76834.9008835455,2324.6202809597016,738.1085161786323,451.39940243793535,808.1532071128895,-6.614389318868029e-05,-0.0897748107099473,96,69,98.00936435826362
14156,911.370298468973,160110.38169252084,75525.99955084703,76850.49071012277,2286.982308651088,728.5151567758876,447.71240107828635,822.4446046345984,4.8162025844008354e-05,-0.0942012867634009,96,69,98.00970729795152
14157,911.373588918802,160093.12227611378,75533.06059726537,76860.52054758264,2258.7399226504494,722.4569763965701,444.77421216655057,843.3718235205743,-1.1578872252131929e-05,-0.1147866186115019,96,69,98.01005580707908
14158,911.3904679340252,160046.83455718085,75555.50209891573,76846.62314943977,2240.9194965216448,719.5530319852405,443.20956802833825,850.9234164858353,-2.9472343964592616e-05,-0.1040487776820531,96,69,98.01040984889572
14159,911.3929071808471,160044.2969497451,75555.72291334825,76826.95745424971,2223.906952801277,716.463865259735,440.10632991822786,865.2774267344212,5.913426260935708e-05,-0.0928241042025421,96,69,98.01076938602776
14160,911.4102731661852,160007.82392325255,75530.5317397852,76848.3955184347,2208.9975177766755,712.9572813928244,436.75644045937224,865.5900332622696,-6.595080462257223e-05,-0.0920072836387905,96,69,98.01113438047987
14161,911.4135471753768,160012.4076483214,75544.50705593599,76853.68879657266,2187.389221515681,706.2035860737669,430.8436352489516,874.5059457037132,4.729175974430063e-05,-0.1009530537766156,96,69,98.0115047936384
14162,911.4303436729184,160027.40816594948,75551.1491203104,76882.73944310402,2163.957140911778,697.6537585181504,424.6988188048708,872.8920324452047,-1.0367669788905634e-05,-0.091410380942909,96,69,98.01188058627476
14163,911.4328448512388,160001.77138412313,75545.26392446537,76879.41103589919,2133.6807079825085,686.0921026175783,416.95447656227043,883.3693737298017,-3.055658984231398e-05,-0.080694152946704,96,69,98.01226171854604
14164,911.4502505699433,159990.4862839379,75523.89897659383,76834.28755085263,2106.165944205539,674.7908115430328,410.9414669586113,884.6266184994311,5.967275576351263e-05,-0.0757005370654345,96,69,98.01264814999986
14165,911.4534968228176,159949.28837306637,75525.0528211017,76851.7168987512,2077.953213290719,663.0178655640484,405.36918898066506,899.3473760389315,-6.573560855956512e-05,-0.0654360098537101,96,69,98.01303983957584
14166,911.4702192178966,159950.16854932476,75545.33737089556,76842.98238637915,2059.1479623198393,654.1553990795364,403.2989175138646,905.4522441701265,4.640609072302123e-05,-0.0715950366488558,96,69,98.013436745609
14167,911.4727897389336,159920.31483421064,75532.50652369273,76874.22946218438,2044.369097010116,646.7960160510993,402.63166357093723,923.542744578328,-9.153717579085784e-06,-0.0747899663426409,96,69,98.01383882583232
14168,911.4902285388024,159900.58614412195,75544.9234489837,76844.2206051844,2041.5969554896,643.8315494541166,405.50454543100204,929.4272527571011,-3.162987149901122e-05,-0.0749358058620728,96,69,98.0142460373797
14169,911.4934388055376,159889.9284751839,75513.02992800703,76868.79453361052,2041.317511547706,642.7357557634823,408.43588795728283,945.1077149183257,6.019080751334695e-05,-0.0939101763036784,96,69,98.01465833678904
14170,911.5100946513426,159881.5744223195,75534.50698725533,76863.98622378598,2049.240310882742,645.7962944153114,412.8046947476978,947.8774197727616,-6.549839080095913e-05,-0.120360877946216,96,69,98.01507568000504
14171,911.5127429785052,159837.90535288863,75543.3669129224,76853.34860099868,2054.8072499015834,649.8639491813374,415.105348189536,959.6665421535145,4.550532649173609e-05,-0.1594533900053279,96,69,98.01549802238186
14172,911.5302047187744,159843.63914591633,75525.31643593984,76844.74883139739,2064.908242719539,656.9690947361232,417.466060443694,957.6933448292839,-7.937426691336473e-06,-0.1878296885044004,96,69,98.0159253186871
14173,911.533374488514,159858.3533326259,75570.99902402761,76855.58533989747,2069.0202259661746,663.064626668187,416.9720713279967,965.8889124731941,-3.269183353509724e-05,-0.2203718736776526,96,69,98.01635752310386
14174,911.5499697079642,159825.3079060902,75542.8592252813,76861.93583203717,2074.9126869323663,669.7063992501498,416.4136278689257,962.3237158366246,6.068825575470173e-05,-0.2290564683296113,96,69,98.0167945892346
14175,911.5527060175694,159802.1202403307,75509.93053648675,76840.48698218241,2071.9860647437163,672.4623811355705,413.21130374714267,969.0777785737591,-6.523924510238456e-05,-0.2463899031743554,96,69,98.01723647010382
14176,911.5701760847268,159823.25932983437,75514.4188663518,76841.07473609052,2067.4727252777666,672.9548858471098,410.06551389582455,962.8024601306533,4.458978031123612e-05,-0.2684106947576143,96,69,98.01768311816154
14177,911.5733063801832,159805.11962211892,75519.97377515053,76843.52306568222,2047.8550900880946,666.5095157042524,403.5882845041051,966.2573202054773,-6.719208620178995e-06,-0.2610114699889894,96,69,98.01813448528632
14178,911.5898427169318,159794.0378433343,75544.4463822024,76836.75458316287,2019.0680486328201,655.2840491180104,395.89607130383956,956.5337271311146,-3.374212505914814e-05,-0.2496272725908704,96,69,98.0185905227886
14179,911.5926821244416,159800.75533909,75527.93121886005,76870.57413489226,1968.1043557650992,635.6261453360639,383.50782569270814,954.9619570874493,6.116494523024213e-05,-0.2593388520466188,96,69,98.01905118141435
14180,911.6101366200533,159795.96069715908,75516.19178399726,76840.1307489282,1904.191968846193,611.2501636083616,368.981076189084,939.0661890790507,-6.495827225337811e-05,-0.2503468491398889,96,69,98.01951641134774
14181,911.61324244463,159803.94203464178,75532.26634032339,76829.0895198918,1818.094724665687,579.7068259001389,349.49677260400495,932.328969021095,4.365976970233972e-05,-0.2378399118854346,96,69,98.01998616221492
14182,911.6304883915952,159803.1906568335,75521.7004560228,76836.2831860447,1725.2569569617044,546.276722325827,328.9312921622186,913.0775071418611,-5.499475317973975e-06,-0.2473202655151509,96,69,98.02046038308764
14183,911.6326805947076,159825.01701970145,75514.42429272446,76844.7406140968,1620.848309765337,509.3078273577994,305.60157461676863,904.7861310331791,-3.478039887837859e-05,-0.2286208283446162,96,69,98.02093902248647
14184,911.650063893528,159840.62027680466,75515.5911220986,76829.23593614913,1523.7411070538801,474.7122989601339,284.33822152085486,884.1443194230669,6.162072809645488e-05,-0.2254493297507822,96,69,98.02142202838378
14185,911.6532422228104,159870.94469359348,75501.11432348937,76856.24702268932,1427.6172937431838,440.32277548892307,263.40353317934205,873.2276691228908,-6.465558056194742e-05,-0.2366060264572229,96,69,98.0219093482083
14186,911.6703532173182,159834.77728650568,75522.91393705546,76803.25804156945,1346.689259671839,410.9555089974456,246.7020868534746,849.445292842167,4.271561737812021e-05,-0.2307574897797962,96,69,98.022400928848
14187,911.6726139593516,159834.33443440785,75524.36580351916,76818.21191706926,1268.6293035938288,383.19856516191794,231.33720753795933,833.2825642186799,-4.27863920810671e-06,-0.2285526761421713,96,69,98.02289671665385
14188,911.690026757012,159869.2424475339,75542.40077243927,76820.68696337298,1203.2852055853582,360.9887687984592,220.16631266329205,801.6719240640232,-3.580631265703862e-05,-0.2298319454159553,96,69,98.02339665744314
14189,911.6932159948096,159885.17506583867,75529.5013601814,76823.63418791919,1134.634195185674,339.8291234851931,209.2756935962534,776.4751065049204,6.205546352064129e-05,-0.2340143476720191,96,69,98.02390069650411
14190,911.7102279134768,159951.80126756505,75543.0335949463,76837.86898282758,1072.1397507950314,323.0418372748827,200.94181660658796,738.5140205414209,-6.43312853048767e-05,-0.2277753336102615,96,69,98.02440877859829
14191,911.71254434122,159967.4206578718,75522.73814221122,76826.58036326787,1002.7913911697106,306.25544262176845,191.54025896446547,710.0102996692003,4.175765032053073e-05,-0.2284943158657865,96,69,98.02492084796532
14192,911.7300004070108,160003.20618403397,75532.16496910936,76812.13290001506,941.5321586331702,293.5033519420249,184.1479410994216,671.7869030158618,-3.057112320342094e-06,-0.2405573592284552,96,69,98.02543684832634
14193,911.733176249324,159998.95694808735,75507.25701877101,76819.05957872473,878.7110515792738,280.6242287873756,175.78840524124098,645.4146735555842,-3.681952783419929e-05,-0.2489783680733303,96,69,98.0259567228876
14194,911.7501053597013,160027.0043269797,75508.14582732256,76839.79757213073,830.8508791430504,271.60036872141063,169.9199216782581,612.1368120162224,6.246901788496873e-05,-0.2689585585357217,96,69,98.02648041434468
14195,911.7524777670584,160041.1433445667,75510.32720751718,76806.57484569796,787.8857985174982,262.22519378313154,163.91286811672035,590.2754974248819,-6.39855089558285e-05,-0.2674784895138305,96,69,98.02700786488612
14196,911.769979673738,160064.42328944174,75505.00074814232,76836.78376621871,764.166737151565,256.43936303345254,161.1150423590152,559.5105087934353,4.07861999053359e-05,-0.2566720202151173,96,69,98.02753901619732
14197,911.7731257195146,160080.80173644546,75517.24828370819,76808.26884234358,744.1750749312341,249.5449316527811,158.09914723783731,537.5481343597348,-1.8353069112613296e-06,-0.2651549955542923,96,69,98.0280738094647
14198,911.7899843141374,160133.74621813395,75526.48043803315,76813.20915183885,737.0781231899164,245.16594374354463,157.1050128606439,506.124646488548,-3.781971046807251e-05,-0.2599510053818594,96,69,98.02861218537942
14199,911.7924163570236,160139.7945993957,75512.97263447798,76814.9092144121,724.5322185042896,238.8431879344862,154.12329544842942,481.9050321742543,6.286126479633572e-05,-0.2581492833567995,96,69,98.02915408414148
14200,911.8099618931544,160149.55935940213,75518.55264028771,76847.03792399213,715.793812453514,234.60281722292711,151.28086278072442,447.6709560895979,-6.361838163218737e-05,-0.259265921774044,96,69,98.02969944546368
14201,911.8130654949996,160180.18931392222,75511.99688424867,76826.89855186742,693.3760395001154,227.9440090690041,145.00565261859447,420.7837710689928,3.980160221328154e-05,-0.2714261467420977,96,69,98.03024820857613
14202,911.8298649015492,160200.27041323055,75516.78497378615,76823.14358686788,669.7090084086522,222.82560144286253,138.4686124783766,386.38518362049945,-6.136353075447021e-07,-0.272529613510916,96,69,98.03080031222962
14203,911.8323610462533,160251.0063125689,75518.33454790381,76838.33700565509,632.3076441014418,215.02542486134917,129.8212063423416,360.10379374813056,-3.880653159936306e-05,-0.2872087725595773,96,69,98.0313556947002
14204,911.8499451664871,160280.03154862535,75523.43143107192,76809.87034118375,598.3278880475555,208.61963906655728,123.44160462758737,327.3780666134553,6.323208486106393e-05,-0.2949498295527714,96,69,98.03191429379346
14205,911.8529962244374,160271.3341411795,75500.3284144582,76799.26264774063,556.5654384625959,198.9608441152377,117.55154258798575,302.95329452637816,-6.32300400507085e-05,-0.2774570587077423,96,69,98.03247604684849
14206,911.8697477431484,160270.6691706974,75525.73764095365,76839.71703794824,523.4599311976344,189.61411336202582,115.27288363213302,273.18673066119663,3.880419702972565e-05,-0.2871604101338882,96,69,98.03304089074209
14207,911.8723121947668,160326.72750287675,75526.48881609274,76833.76464678376,485.5739951936994,175.81875467793725,112.97209073492559,249.97245013760403,6.074906220368094e-07,-0.2980488081623858,96,69,98.033608761893
14208,911.8899279329288,160393.18734645023,75512.03619921154,76823.3369307316,455.18867109523853,160.91402703110361,111.36919713119278,219.90460323204752,-3.9779666618833945e-05,-0.2789524245556892,96,69,98.03417959626664
14209,911.8929184585688,160389.5137178907,75520.58760908124,76797.59079484637,412.7607884009485,139.80100854717602,104.97347925812937,194.01481205807067,6.35813666089894e-05,-0.2651590460910875,96,69,98.03475332937889
14210,911.9096336656396,160387.5023554136,75508.67173797572,76818.28283327981,366.86003611737397,116.04827277781442,94.11825799464714,160.7631522276788,-6.28206282657352e-05,-0.2874568507980533,96,69,98.03532989630044
14211,911.9122697967264,160425.45382951372,75542.74797497972,76829.06924304256,299.16744808340445,86.14741677968414,75.39694228908047,130.06614528232603,3.7794328719755766e-05,-0.2768156910115175,96,69,98.03590923166166
14212,911.9299088320482,160437.14580656067,75497.93311884184,76839.23765067158,224.32454779784894,56.17741247439699,52.8236832350085,93.3948953244253,1.827659666391492e-06,-0.2886511730417672,96,69,98.03649126965652
14213,911.932832776948,160491.20771351803,75534.03387759598,76816.9193263539,133.85639383236412,26.06381587413489,27.731421799078817,62.098192829755135,-4.073879581750559e-05,-0.295424570649315,96,69,98.03707594404749
14214,911.9495235692976,160540.30982092465,75558.2682912085,76815.21019205952,56.52755868382519,6.010471451154444,8.592647874174872,31.399987714801682,6.390900520602122e-05,-0.2733936410729644,96,69,98.0376631881695
14215,911.952233573368,160568.37058294602,75540.13866904825,76831.16742338959,-0.9659394035697915,-0.0,-0.0,11.820951349684037,-6.239029748419422e-05,-0.2813469411753465,96,69,98.0382529349347
14216,911.9698866579992,160543.84725220595,75508.84066362446,76806.5516274016,-0.0,19.808249642708688,10.526950393948937,-0.0,3.677234552113572e-05,-0.2655622231123336,96,69,98.03884511683684
14217,911.9727398385852,160539.4979587601,75510.9363489881,76831.18237203552,65.85979794320883,67.32407543731097,41.6079266181041,3.749250857566949,3.0464608426064184e-06,-0.2671572945109904,96,69,98.0394396659563
14218,911.98941835414,160532.61441083267,75529.90579046946,76838.15577399208,224.94864663283806,148.2936429868132,95.66784915022436,18.905213950725738,-4.1683604350272585e-05,-0.2776830343671729,96,69,98.0400365139638
14219,911.9922030242208,160484.70447700805,75508.2083393896,76829.6274076537,464.47939756372944,255.84816075836716,166.82677564726328,48.59207288836478,6.421490384930698e-05,-0.258843592761427,96,69,98.04063559212598
14220,912.009860348976,160462.62549661854,75533.0098563498,76822.97125455884,786.6219921528245,385.3753142145579,250.14855329756392,87.94594348943792,-6.193920516952249e-05,-0.1912076341682191,96,69,98.0412368313093
14221,912.012640399072,160418.72753804596,75537.8410319585,76833.17876895543,1151.3622487428947,521.0544058543746,334.76232022134354,136.93002786350553,3.573859951716803e-05,0.0248003037735443,96,69,98.041840161985
14222,912.0293188722854,160340.04880457057,75545.47627218478,76834.90008319341,1540.9815322566428,653.2840047811187,414.2291127592325,191.21661999996286,4.263483989062113e-06,0.1924891288967836,96,69,98.04244551423372
14223,912.0321774615678,160302.60330036632,75532.06591758844,76849.05107207605,1907.4385947895935,766.8209447539994,480.2548787725973,248.81412342537078,-4.261378253890084e-05,-0.2136572854497358,96,69,98.04305281775036
14224,912.049828991742,160232.61840265428,75500.91844142256,76841.73549383886,2235.9994296143996,856.987117482684,531.2643190449453,307.0477126012556,6.449897243579018e-05,-0.5940595241306619,96,69,98.04366200184852
14225,912.0525353100056,160214.93868782488,75539.10503882846,76843.1026150201,2490.966830695863,916.6177938083565,564.8548958028259,362.78749633027473,-6.14675166464272e-05,-0.31860149275867,96,69,98.04427299546552
14226,912.0692258946692,160124.86253688537,75525.74069598575,76822.9866777854,2677.018893624132,950.0523724728264,584.4215990981902,415.35257280559745,3.469344623202318e-05,-0.2724006901296132,96,69,98.04488572716724
14227,912.072156037687,160091.92762330105,75511.4881624161,76869.3089727438,2779.9906759021105,958.2266886699945,590.9265205803968,461.2489130470494,5.478320071885913e-06,-0.3109677863713868,96,69,98.04550012515246
14228,912.0897918327714,160019.21525927645,75562.73059083115,76829.38075898642,2822.0049638337805,950.3582741520513,588.7095780819072,502.343201085052,-4.352902568435847e-05,-0.251767121774829,96,69,98.0461161172583
14229,912.0924255073692,160017.75906881547,75504.12703691269,76842.94476547676,2800.867056062154,929.2418347609637,578.4555866751471,535.0339553326776,6.476112886861046e-05,-0.2783031303062316,96,69,98.04673363096484
14230,912.109140087533,160014.8882419876,75532.18087116015,76848.50204208752,2746.393922786636,903.4714179638831,563.7207757403376,564.0143769242568,-6.097540381283896e-05,-0.2584811544243289,96,69,98.04735259339988
14231,912.1121377685212,159972.50774813426,75528.47728184352,76837.21934000216,2660.1849860742805,874.019195623594,544.9330949483556,586.0198522505525,3.363724529465867e-05,-0.2514440837454929,96,69,98.04797293134396
14232,912.1297482924184,159937.98029128512,75544.0382213122,76842.08879083149,2570.695201964525,846.607166408663,525.4289720129163,607.5478966883093,6.690560697597913e-06,-0.2511803522379199,96,69,98.0485945712353
14233,912.1323119918046,159935.64700499887,75527.62223799546,76856.99979295334,2475.337539211381,819.7351224315353,505.7116867166478,623.8152048779884,-4.44290345924573e-05,-0.246240934770076,96,69,98.0492174391748
14234,912.1490619971806,159950.31341476113,75497.09848391781,76807.2364404851,2397.737964662607,797.3735969546251,488.8201323450485,642.103536610899,6.500129815450549e-05,-0.2393395170403949,96,69,98.04984146093078
14235,912.1521215547566,159880.12102673505,75496.69386372095,76800.8662875151,2329.95865514467,777.2702451282239,474.6546863138501,656.1677909193968,-6.046304472376102e-05,-0.2304045372887436,96,69,98.05046656194465
14236,912.169697980746,159897.81389128725,75504.69503903526,76844.87610435512,2287.759543606837,762.4978709701973,464.78017036040546,673.2037287847779,3.257035963266722e-05,-0.2268741462258928,96,69,98.0510926673347
14237,912.1721958017472,159901.65046986315,75544.48171639688,76873.21568775868,2255.017445682606,750.1216655568132,457.55032845935784,684.7133463080972,7.899798668218363e-06,-0.2156847086455421,96,69,98.05171970190266
14238,912.1889920432632,159890.23074256722,75513.87485682621,76831.75102472838,2240.881648627692,742.3054618157184,452.99423269717954,698.7905114868481,-4.531351503646738e-05,-0.2064862775785133,96,69,98.05234759013732
14239,912.1921061994178,159845.57428584056,75525.7831962819,76841.32383076611,2224.94682730193,735.2865524650406,448.5828241010604,706.5497205697757,6.521941296593391e-05,-0.2005234430617427,96,69,98.052976256221
14240,912.2096407155184,159855.61612363826,75521.57618480078,76841.25351974941,2213.317674542719,730.0185442172078,443.7877329676703,716.9754512096697,-5.993062497207916e-05,-0.2047137603263725,96,69,98.05360562403328
14241,912.2120779787784,159896.2620266986,75531.27740934845,76827.94207170521,2186.5696871607215,722.4734227596491,436.43770338606555,720.397780760657,3.149315554944136e-05,-0.1867934772465807,96,69,98.05423561715745
14242,912.2289305225383,159871.87374861815,75527.39903283257,76817.34332994085,2156.201841490867,714.3354349271831,426.9195042332285,727.8182724150247,9.10562813784701e-06,-0.1792163391607621,96,69,98.05486615888452
14243,912.2320904193264,159841.10965779063,75530.93751326553,76833.06737874799,2110.816901336133,703.4713988618605,414.6939585584623,729.9291257301229,-4.618217830827002e-05,-0.1583035764019412,96,69,98.0554971722192
14244,912.249576544838,159860.6122412108,75533.1167296,76838.95569849506,2068.3136177888373,693.2469868963672,401.74304510155343,738.2434425057727,6.54154132733597e-05,-0.1338813266354226,96,69,98.05612857988476
14245,912.2519595222724,159847.31169674743,75541.89285165355,76833.39002219062,2022.3457607929595,683.0960837743478,389.1677877494658,742.146058875951,-5.93783361807272e-05,-0.1431584497081764,96,69,98.05676030432798
14246,912.2688776274816,159881.16713825805,75520.55552678855,76843.27233760523,1993.180903293076,676.8833117600298,379.7935075802088,754.0269352353935,3.0406002784090185e-05,-0.1262752145021811,96,69,98.05739226772516
14247,912.272072844635,159838.71632801305,75525.48181739953,76836.58984980751,1973.2527738842764,673.6634607279266,374.67160206477274,762.3350780587934,1.0307644696040102e-05,-0.1189869247617704,96,69,98.05802439198646
14248,912.2895057805388,159854.7028714456,75543.5822997846,76831.14878823905,1976.6069943158072,675.5815180661739,375.1766360504553,778.2963330579514,-4.703474137786962e-05,-0.1312207548358484,96,69,98.05865659876164
14249,912.2918413265662,159842.64510947693,75526.72137453643,76860.14091039477,1988.68246660172,680.0822789374506,380.33894367163884,788.3284429362393,6.55892465194764e-05,-0.1448159390913226,96,69,98.0592888094456
14250,912.3088334886596,159786.90789003673,75494.95283871026,76828.08719836039,2017.3603082727059,687.8791732350801,389.24164783392916,804.4319077662658,-5.8806377050171656e-05,-0.1953963112496453,96,69,98.05992094518297
14251,912.3120519955868,159813.42741459204,75499.44319234596,76843.52721754996,2043.9936028952943,695.8691371026216,399.34264710190473,813.0557261515642,2.9309273792034166e-05,-0.2437307505165653,96,69,98.0605529268741
14252,912.3294290540996,159814.47929383183,75495.02443152163,76840.59818421007,2073.397578920296,704.3595994404168,408.9159094481729,826.4187465595896,1.150544512515218e-05,-0.2528763667713086,96,69,98.06118467517985
14253,912.3317240879812,159811.41046095046,75519.64520095805,76860.14026122639,2087.8238785611466,710.6266480473714,415.8986876361596,830.9836433249002,-4.787092680403487e-05,-0.2746462237978579,96,69,98.06181611052764
14254,912.348798254756,159815.17977089318,75509.54250201728,76853.69311989291,2095.5381571958424,715.2317005359364,419.70128646018566,840.8664209415729,6.574086805482624e-05,-0.3048413668557477,96,69,98.0624471531159
14255,912.352026223154,159793.82664990638,75524.98871043374,76845.84035036148,2083.5136065711267,715.8283593652159,419.8740694501612,842.5808249447437,-5.82149523767766e-05,-0.3008703409427024,96,69,98.06307772292028
14256,912.3693474024816,159835.909472266,75540.62014019382,76857.59088174238,2063.1128517508623,712.7691193942883,416.98680001325556,849.0993725834996,2.8203344356720487e-05,-0.2842994862629772,96,69,98.0637077396986
14257,912.371608189944,159801.06051091122,75500.84222779349,76828.98322084089,2025.0147010839428,703.989399006532,411.3013276270067,845.6363386061566,1.2698628685434244e-05,-0.3080549803851879,96,69,98.0643371229965
14258,912.3887721661574,159812.16800575258,75520.32472398142,76829.05651576802,1983.1618486180669,690.1504374301876,403.21799219521927,845.7977992407978,-4.869046248646816e-05,-0.3226382519573226,96,69,98.0649657921524
14259,912.3919937433092,159830.00773953626,75547.4352260113,76866.18474044945,1929.3755179260625,670.156968511059,392.58274509295006,834.738474688027,6.587024033046438e-05,-0.2960689263332492,96,69,98.06559366630376
14260,912.4092620430404,159849.26074305858,75539.16647039706,76822.88963319817,1875.640411159431,645.4964179838571,379.2701986397151,825.8808393294166,-5.7604273681519626e-05,-0.2914332527406087,96,69,98.0662206643919
14261,912.4114944626168,159885.6010266292,75567.87686586926,76839.05027855875,1812.3962961035431,616.3934077082085,363.25800313067157,805.4250749603088,2.7088593137512503e-05,-0.2778975263134053,96,69,98.06684670516766
14262,912.4287530167524,159897.15033072355,75560.90103397619,76871.18929666621,1750.0923297870322,585.1061015709711,344.9458910090907,789.4216071320989,1.388679525044464e-05,-0.2580663459895626,96,69,98.06747170719656
14263,912.4319629207868,159909.75235796117,75563.67819818067,76857.37924806304,1678.597802205244,552.5121421346121,325.34987261818605,765.2867346270359,-4.949308259980897e-05,-0.2620090661993846,96,69,98.06809558886522
14264,912.4484100081193,159933.39840284083,75548.66282131811,76839.04373098981,1607.3209916404448,520.6311083459441,305.656192500639,748.1798998082231,6.597733338049919e-05,-0.2427836507162923,96,69,98.06871826838594
14265,912.451336620916,160003.2902844623,75558.34392159182,76859.20595426722,1528.8728078808635,490.2337297307531,287.3044250991661,726.34725013969,-5.69745588340493e-05,-0.2264257451993433,96,69,98.06933966380248
14266,912.4687930540722,159993.68362668136,75560.12770346474,76887.71654078634,1454.455832518055,462.6133434307703,271.04862576094456,713.9122574508365,2.59654013285004e-05,-0.2294865332170282,96,69,98.06995969299582
14267,912.471827154611,160026.18803267673,75538.9500482632,76866.93189917156,1378.0520544689498,438.1148174934933,257.4946180401603,696.1883516834641,1.5069547756058296e-05,-0.2208139124172331,96,69,98.0705782736895
14268,912.4883376421484,160031.29648812287,75543.27877160924,76859.86261359202,1310.6559458082193,417.2802193554671,246.12668118803413,685.1796333052625,-5.027852670795195e-05,-0.220003660466698,96,69,98.0711953234555
14269,912.4912794246944,160045.31086999006,75550.7364520301,76843.59552809222,1246.0429949764512,400.08412961961585,236.55114128690911,666.21360689422,6.606212498781227e-05,-0.2137162337692583,96,69,98.07181075971933
14270,912.5087891257012,160064.17764569714,75548.0501914267,76878.52918159253,1192.3414175924845,386.1787046695099,227.57747367973207,651.2698722053319,-5.632603198263557e-05,-0.2006601875324195,96,69,98.07242449976576
14271,912.5117084633096,160092.5587004938,75548.9278399533,76846.7056992422,1140.6955155843752,374.9552923532319,218.95442827657098,626.2549974455906,2.483415295233522e-05,-0.1956494306955297,96,69,98.07303646074465
14272,912.5282550075934,160110.31708120392,75582.91145710216,76864.49990713372,1097.016385350551,365.12335544206144,209.99068339861697,605.01034836896,1.6246490682649646e-05,-0.1982718742418673,96,69,98.0736465596766
14273,912.5312389243664,160197.3965892407,75553.51490747483,76881.82214913897,1053.1163521382841,355.81377143577265,201.29160376588698,576.7572466558777,-5.104654095417239e-05,-0.1937443283795956,96,69,98.07425471345788
14274,912.5487711589328,160194.40147344672,75537.78078366123,76887.49064299525,1015.0598699785769,345.57886100991163,192.75615722712246,555.9677265997743,6.612460013314029e-05,-0.2001698854654661,96,69,98.07486083886704
14275,912.5515912593258,160225.70954411538,75548.01718618869,76847.40402575559,975.8818299442064,334.4134258443228,185.3524885896186,531.0036444163125,-5.565892317806235e-05,-0.2172148605328222,96,69,98.07546485256982
14276,912.5681730706902,160240.6999306328,75539.55128473754,76861.47800134608,941.923785434512,321.6436712046416,178.6759995998582,514.5388349474233,2.369523454748733e-05,-0.2243496279534783,96,69,98.0760666711252
14277,912.5712073778196,160264.10814201462,75548.01792886341,76848.23038789985,907.1914706839598,308.43653889118286,173.20046644998365,494.2350439382135,1.7417230675792737e-05,-0.2194384677938629,96,69,98.07666621099048
14278,912.5887433368204,160283.21855611072,75555.84798997898,76842.6846399309,876.6600964744575,294.5558927998354,167.90668272666517,480.2753698233282,-5.179687680585249e-05,-0.217631656521344,96,69,98.07726338852764
14279,912.5914727953336,160285.74942394724,75475.88195394147,76863.3023312443,843.7786091142334,281.56836055802705,163.0599592923536,459.2976596817898,6.61647517667362e-05,-0.2043943125219269,96,69,98.07785812000893
14280,912.6080953337248,160322.93597068576,75540.5397038961,76853.51739494762,812.672662774683,268.62549278240476,157.5393951755541,441.6920420090901,-5.497346894345144e-05,-0.1960257699245698,96,69,98.07845032162176
14281,912.6111815618287,160354.30839041292,75541.55100336995,76854.13568250947,778.0607562306104,256.8587931457296,151.88057269976707,416.9420419607777,2.2549034415668056e-05,-0.1956880067850446,96,69,98.07903990947528
14282,912.6287068844828,160381.16889058636,75534.02067404226,76846.6346805542,744.1842709717457,244.76761395705398,145.29358246881748,396.08891330711776,1.858137683106916e-05,-0.1788042094502593,96,69,98.07962679960583
14283,912.6313525917128,160447.78668183787,75538.43909159613,76823.21420720275,707.119700538402,233.7490534758108,138.80794299193076,369.7252174227615,-5.252929242062548e-05,-0.1554719349102842,96,69,98.0802109079822
14284,912.6480235758604,160449.03548957387,75525.05846263497,76847.54560438552,671.0928222364746,222.32982870003616,131.752014568483,348.61115838299156,6.618258005939666e-05,-0.1667099665179683,96,69,98.08079215051193
14285,912.6511593359966,160429.82976393958,75527.52651631382,76851.80745237882,632.7858924572938,212.3772434778657,125.12174116258393,323.84074756258633,-5.4269911907000885e-05,-0.1666032561273485,96,69,98.0813704430464
14286,912.6686623022272,160484.2872269064,75549.72305658877,76864.66141416128,594.6278393569519,202.1265184350632,117.86240409786114,303.464089309884,2.1395944212919997e-05,-0.1702223098664013,96,69,98.08194570138753
14287,912.6712309166562,160524.6748675574,75534.55636114944,76859.42166572147,552.413577215746,192.9315666086186,110.5092675969936,277.42878370310063,1.973854062502992e-05,-0.1868484804377051,96,69,98.08251784129192
14288,912.687958890911,160563.8412100709,75536.55194655168,76850.28350358413,506.389397779305,181.16496374746202,101.25255160519737,252.4132324794191,-5.324355171759711e-05,-0.1702289109024184,96,69,98.08308677847822
14289,912.691138906366,160580.84852568485,75551.24227760932,76872.7875404481,451.7296196842217,166.70084812885034,90.20997250117944,219.83361633689492,6.617809277661986e-05,-0.1626857793132005,96,69,98.08365242863208
14290,912.7086099426564,160601.4657207389,75520.93580502569,76855.88874047923,387.23372126789764,145.04488990343816,75.65689530741656,186.13274737403844,-5.354850029845078e-05,-0.1660770093976507,96,69,98.08421470741166
14291,912.7111083268252,160670.03026351728,75537.80006002686,76862.65988610481,310.0582269538427,117.55622782702267,58.68892039911589,145.45655437686946,2.0236356443840136e-05,-0.1607504586522264,96,69,98.08477353045366
14292,912.7279020210252,160678.62510252174,75510.09772316192,76852.26667843979,222.82335404696641,82.71289143628383,39.1342728449672,106.20468036911916,2.088833651289566e-05,-0.1487845757157943,96,69,98.08532881337904
14293,912.731118574819,160741.12133049394,75549.82605092708,76854.10761425181,131.9289138209424,47.256972215589485,20.488091333507327,66.43173957569525,-5.393942518888022e-05,-0.1461214870984263,96,69,98.0858804717991
14294,912.7485502463072,160787.50264165897,75574.29308050535,76851.21964802084,51.02929498505546,15.59516497173172,5.377312111668289,34.7570134337584,6.615130529822982e-05,-0.1304949752284226,96,69,98.08642842132036
14295,912.7509854444542,160800.69941654254,75579.59249242302,76865.02049936577,-0.0,-0.0,-0.0,10.487354131299071,-5.280948826540124e-05,0.0144115822336667,96,69,98.08697257755097
14296,912.7678535276124,160826.59479212196,75518.48598007533,76878.67985861565,1.0057877345825545,6.777365782705601,8.30417484944337,-0.0,1.907066631470548e-05,0.2631679387936501,96,69,98.0875128561064
14297,912.7710966035291,160842.9103879128,75532.76603725429,76857.1650421594,76.11626804363914,46.42673470589216,35.86117225009366,1.352124802331673,2.203038090740842e-05,0.2292237141442798,96,69,98.08804917261484
14298,912.7884838995644,160791.55581258616,75518.72925485471,76870.15143214836,237.38121877069352,118.67642031596915,83.36114675144199,16.313060452142963,-5.461668961081924e-05,-0.325081933839094,96,69,98.08858144272364
14299,912.790862774562,160758.8969638014,75528.19470358931,76854.43141737579,487.5861050472013,224.33639304505778,150.81531306437682,41.57790590717923,6.610224023594584e-05,-0.3917660224846258,96,69,98.0891095821039
14300,912.8078139549132,160714.9911249936,75539.37588233202,76876.576449376,810.7842099469854,351.3227264986199,231.88279651035555,76.37876625897479,-5.205313636969424e-05,-0.1145453550311667,96,69,98.0896335064576
14301,912.8110710629916,160688.3038186522,75549.13087821194,76870.12247125802,1182.8746178281144,490.8809536214103,320.24299907128443,118.54783922922798,1.7899270693633015e-05,-0.1746173437190074,96,69,98.09015313152224
14302,912.828412034192,160653.31807929423,75546.71871104895,76878.33579657131,1566.6802259698743,625.504150935536,405.5553622036241,166.72425239975564,2.316429396134156e-05,-0.1429311146581485,96,69,98.09066837307704
14303,912.8307404441354,160607.10345133545,75550.95873386184,76858.68103463804,1930.3722920649452,746.8659195793734,480.9082155125798,220.68746668603853,-5.5275128189631255e-05,-0.1214638071736372,96,69,98.0911791469487
14304,912.8477841148416,160569.83826462994,75558.22288903699,76862.65969098575,2241.090243569168,842.0750818537344,538.5087734068511,277.8489303140377,6.603092830991859e-05,-0.1259611185972003,96,69,98.09168536901724
14305,912.851039512694,160495.5705594304,75548.67384853616,76886.3182338842,2484.1810638030292,911.0762811742024,576.5703137700912,338.02039902535034,-5.127970985703645e-05,-0.1191671489641223,96,69,98.09218695522124
14306,912.8683366557328,160400.06300974434,75525.62169754629,76839.19160780645,2649.186156794429,949.7827933035005,593.4197984295024,396.0656356072868,1.6722567929171743e-05,-0.1169820430046105,96,69,98.09268382156432
14307,912.8706176187088,160354.57880051958,75567.67970337642,76844.0918097141,2744.896972739196,965.6478745396016,592.9093279053341,451.8737385253189,2.428969793790796e-05,-0.1147864454824964,96,69,98.09317588412024
14308,912.8877658273202,160294.51652817577,75561.1192600826,76884.76706400285,2777.4781943542184,958.7778186812793,577.3489319150976,499.23441947627,-5.59145304148195e-05,-0.1358492524615121,96,69,98.09366305903887
14309,912.8909980415888,160277.48451290562,75538.22023811136,76840.81362568795,2766.0843504118966,938.9388188885496,552.9799113421468,540.6262306608842,6.593740699844057e-05,-0.1306164481029434,96,69,98.09414526255212
14310,912.9082619900742,160207.48974722743,75573.67670009831,76873.10206077814,2719.1320859100088,906.8163606786256,522.97639342412,571.8529042189184,-5.0489480274656725e-05,-0.1159273812559989,96,69,98.09462241097933
14311,912.9104905567458,160237.5371420166,75529.52675257972,76856.88506253355,2653.863879413053,871.9546510602959,493.21929072306375,599.4390664917009,1.5540958418416875e-05,-0.1269949359573473,96,69,98.0950944207332
14312,912.9277647458658,160196.3952792269,75541.90477416948,76879.80931354276,2573.343657323392,833.7703505688114,465.4998540561646,620.1186810131185,2.540621899188102e-05,-0.1183440119057933,96,69,98.0955612083253
14313,912.9309369984076,160161.28440352765,75542.24785014108,76868.2303169605,2491.500258968328,800.9130185075774,443.90184683798,641.9576969574264,-5.653469242209206e-05,-0.0927821128105684,96,69,98.09602269037232
14314,912.9482013696788,160162.41259084584,75524.39843570086,76867.27603042488,2408.8997067105374,771.4204025247163,428.04615071765147,660.2837195268949,6.582172165059961e-05,-0.0963706355110764,96,69,98.09647878360109
14315,912.9503406856708,160116.43971863025,75508.27721956374,76873.23334751041,2338.1175405218382,751.7882556256955,419.552356644097,682.1838363799325,-4.9682724345766754e-05,-0.0834534801875502,96,69,98.09692940485483
14316,912.9678131812996,160094.98295277954,75531.69180380933,76850.75944397207,2275.9414714886225,736.5759763913666,415.48983104905346,699.6767281572102,1.4354843298006556e-05,-0.0543607507205517,96,69,98.09737447109828
14317,912.970788507869,160031.42199771342,75563.81534958171,76819.09008052434,2230.8503283108585,729.3223441091686,415.6186151999573,719.3891264553822,2.651348602265909e-05,-0.0464117691092845,96,69,98.09781389942412
14318,912.988369438894,160078.9941783633,75512.94615473997,76848.10990566375,2193.3704843696905,722.0825456421444,416.01132799478364,732.6482640689355,-5.713541710102168e-05,-0.0304572928486826,96,69,98.09824760705806
14319,912.9909245403818,160051.25515774445,75500.76311878941,76838.76569048087,2166.1873628237518,717.0875101015554,416.3830588271958,747.5157245821902,6.568392501255286e-05,-0.0136748942610702,96,69,98.09867551136482
14320,913.0076542208076,160027.94871940484,75507.38957472092,76844.2342262463,2135.3392076353193,706.5968999466568,413.68676195462467,755.7793398538779,-4.885972478452289e-05,-0.0061718505965993,96,69,98.0990975298538
14321,913.0108089202496,160014.62371020712,75531.30748250484,76827.19690113016,2102.803139651078,694.488569477835,409.06033678379026,766.6147270677029,1.3164625360104166e-05,0.0011204891891142,96,69,98.09951358018446
14322,913.0282960152266,160025.28661184906,75502.15778494603,76836.58796259493,2058.0132531036506,676.0927445670386,401.25696345657343,771.9899544033105,2.761113135846399e-05,0.0084506420387098,96,69,98.09992358017242
14323,913.030817221893,160019.41705998854,75511.02989903114,76835.89826200689,2009.9561583735049,658.6130535473494,393.009994393331,781.9627085914835,-5.771651401998164e-05,-0.017011985592237,96,69,98.10032744779474
14324,913.0475845494452,159957.23001542347,75528.4249988544,76832.06489491291,1954.6056524773594,639.226065595969,383.9767491273815,787.0411183314864,6.552407741633603e-05,-0.0569507758491458,96,69,98.10072510119586
14325,913.0507957738536,159965.72996978922,75498.78953629703,76841.48099278798,1906.6486517695012,625.6421947663475,377.13687060790835,796.7906531789922,-4.802076865037079e-05,-0.0879170043609754,96,69,98.101116458693
14326,913.0682337759774,159982.9148305436,75530.94134580974,76830.97665444814,1865.0057885056012,614.566120505784,371.95190322824055,801.4566693375818,1.1970708440964443e-05,-0.1222524724781248,96,69,98.10150143878184
14327,913.070697787933,159929.558246882,75510.48684425137,76852.67867100211,1843.8543514027842,612.2904016960238,370.67573762935353,811.6498070466332,2.869879087333314e-05,-0.1461583731149992,96,69,98.10187996014244
14328,913.0875309274968,159958.31743871034,75512.49846762829,76861.62759781443,1836.7659802812268,613.1224438137433,371.5431632612017,816.914565684041,-5.827779947889877e-05,-0.1496356318469199,96,69,98.10225194164396
14329,913.090775936332,159936.02083583878,75514.68742833946,76824.2802939178,1851.0092671692837,621.2438417655067,375.4682542007067,827.8755072532804,6.534224612235225e-05,-0.1505776015709135,96,69,98.10261730235167
14330,913.10816889651,159921.3767606799,75510.63601956531,76833.25671425476,1873.6596201760694,629.8705226456368,379.7005764149071,833.96406740151,-4.7166148978504814e-05,-0.1462054306765786,96,69,98.1029759615312
14331,913.1105750191928,159930.28919271048,75504.27847220786,76828.90562378259,1907.169106297195,642.5767131162429,384.5272580627061,845.9199921796971,1.0773497575612652e-05,-0.1333289654212172,96,69,98.10332783865492
14332,913.1274888827946,159867.17123980765,75521.47947254531,76858.50317735039,1934.978562664066,651.8793526013615,387.00522183952853,851.4793264004693,2.977610398348812e-05,-0.1345996734684695,96,69,98.10367285340708
14333,913.1307506973408,159870.1989504048,75500.1132660334,76833.02561881603,1958.9358551524929,661.083462345181,387.79968533685314,860.7355588532519,-5.88190961663352e-05,-0.1338358237902009,96,69,98.10401092568978
14334,913.148100387148,159890.81386523048,75501.62746037579,76865.276067957,1964.7748872712255,663.2254218464223,384.934723923041,861.7362645571411,6.513850630356907e-05,-0.1145755580521509,96,69,98.104341975628
14335,913.1504503215516,159864.53066745866,75494.00284761333,76850.07196921662,1958.1640802213806,662.1921915051644,380.04866706978646,865.5257234439196,-4.629616353016315e-05,-0.1181149385811688,96,69,98.10466592357535
14336,913.1674586208602,159886.65685988095,75528.16456809628,76824.66619944238,1928.5898747660685,651.5323761616601,371.8471015468531,859.9380359862989,9.573398294650914e-06,-0.1120611008468842,96,69,98.10498269012018
14337,913.1707177497644,159862.9345386866,75510.02873802165,76815.57772342506,1886.248434444191,636.2412049337581,362.3040138435317,856.6570686999476,3.084271399848159e-05,-0.1106832423953539,96,69,98.10529219608982
14338,913.1880305468832,159882.5567756375,75531.05134722784,76842.3951270281,1825.5266087447526,611.909499270274,350.30695724111865,844.7355248034874,-5.9340234153777454e-05,-0.1302109163454403,96,69,98.1055943625572
14339,913.1903219684352,159879.16357126032,75518.50107663004,76856.02846503149,1760.022037469549,585.3059791384585,337.67830619085,836.5912660281756,6.491294013525241e-05,-0.1139295768248851,96,69,98.10588911084592
14340,913.2074436632178,159890.82993961676,75554.06707280184,76858.43841232618,1685.00692800252,553.0955349591677,323.08736780742765,820.5391934880754,-4.541111533801287e-05,-0.1035502967065388,96,69,98.1061763625356
14341,913.210670435648,159911.37357195615,75540.74365568867,76886.05337354651,1613.5200237135869,522.5462753567845,308.3086409397074,808.7461283124285,8.37081721921255e-06,-0.1117348161796103,96,69,98.10645603946736
14342,913.2279680107612,159926.19198136678,75528.56257365171,76855.42698943797,1539.3437833464122,490.4798075715953,292.3299375854258,789.9318234432722,3.189826776427577e-05,-0.1126319641804896,96,69,98.10672806374964
14343,913.230178650102,159924.15896221448,75530.31022975816,76852.254641872,1472.2037457554834,463.104553252866,277.13658678453066,775.9679754140961,-5.984105020371537e-05,-0.1039691808870948,96,69,98.10699235776296
14344,913.2474637792644,159944.20076971088,75530.00788262047,76858.17111433203,1401.6799087168765,435.5731154148234,261.7621253823745,754.4071842817357,6.466563728216792e-05,-0.1059430173270718,96,69,98.1072488441658
14345,913.250568518346,159948.3945406534,75561.69715874332,76858.22126828307,1334.6935861242237,412.7448069752718,247.99687334505143,736.8413111112604,-4.451131192888781e-05,-0.1034279575344217,96,69,98.10749744590008
14346,913.2680242540908,160000.54693347408,75525.26209602733,76836.79546615039,1260.675699293788,389.3914004623657,234.58174950498505,711.57941987901,7.166161180940811e-06,-0.0999896241640374,96,69,98.10773808619606
14347,913.2708101658914,159999.31806339312,75547.64545114576,76856.03556562237,1187.831426357152,369.9623804186849,222.70223180236644,690.1578700287791,3.2942416314276195e-05,-0.1069536411673806,96,69,98.10797068857798
14348,913.287360603204,160003.2020712682,75578.7737496977,76867.7054772996,1109.241419740254,349.52075031724235,210.75080349401105,661.4326821586874,-6.032138817622012e-05,-0.106610826565994,96,69,98.10819517686956
14349,913.2905514885244,160064.820295788,75525.97014722553,76846.5039582748,1036.361186176946,332.3223907138308,199.67821900272975,636.3652915857383,6.439669456907487e-05,-0.1141494814554755,96,69,98.10841147519898
14350,913.3079833411216,160074.87002010562,75542.53185236016,76873.36859999124,965.6421561295283,313.88012524291116,188.21420484932605,604.6455893797392,-4.359706594763418e-05,-0.1198785365094579,96,69,98.10861950800448
14351,913.3106888542025,160078.85270182427,75570.92760830489,76891.11161069694,909.179677855107,298.5847113151103,177.73789910430787,577.7511585985194,5.9598376275031015e-06,-0.1092438299740109,96,69,98.10881920003926
14352,913.3272927188252,160139.98991896573,75522.10434518426,76892.94264441633,860.6820475164568,281.8580904211267,167.33204683556687,545.2679504355765,3.397481463987671e-05,-0.1036383372211469,96,69,98.10901047637742
14353,913.3305279312082,160171.0205818235,75540.86029222219,76868.75076855996,826.5200618216768,267.6191831976903,158.32733701835969,517.5953348190815,-6.078109866150658e-05,-0.0998966203028856,96,69,98.10919326241844
14354,913.3479384979748,160153.31065220624,75555.519123879,76867.1240838123,795.4922087143641,251.7496369304281,149.7288665738015,484.89285133685917,6.4106216018822e-05,-0.1112368510424941,96,69,98.10936748389295
14355,913.3505643058792,160214.6045408504,75592.42632050614,76876.30464211138,770.0250194968539,238.51473024129518,142.5236042244651,457.5994826790411,-4.266869463522642e-05,-0.1063316675144994,96,69,98.10953306686768
14356,913.3672331299545,160214.37349464156,75582.50030075014,76879.8018074357,737.7069562338875,224.18375079626276,135.45535805850523,425.83301641844446,4.752254680648227e-06,-0.1272851693946652,96,69,98.1096899377508
14357,913.3705051355832,160266.54398379265,75560.86443687727,76855.64012318636,702.3252733870759,212.9144368340203,129.32718149325228,399.1112120181497,3.499512192840243e-05,-0.1305044839307688,96,69,98.1098380232972
14358,913.3878862398096,160292.113201962,75571.41368262397,76899.51348960598,656.7671985962661,201.40050333394902,123.19493758873432,368.4083826916758,-6.122003944687844e-05,-0.1462130256627048,96,69,98.10997725061316
14359,913.3904389141794,160302.2606380032,75562.50315181207,76879.48439460319,610.0824507232173,193.39876836039184,118.09215029742336,342.895826462307,6.379431304000477e-05,-0.1484915249798035,96,69,98.11010754716214
14360,913.4071816801528,160348.5850775838,75555.11377403876,76872.98287442575,559.1664518938051,184.86700359164388,113.15760650869925,313.1559921428852,-4.172651992337762e-05,-0.1156481740757684,96,69,98.11022884076918
14361,913.410481704788,160322.8778166026,75556.50273455518,76879.37462082614,513.4028219094616,178.16190645277675,108.924859958468,286.8625123455131,3.543820033292358e-06,-0.0963752217581955,96,69,98.11034105962696
14362,913.4278270836588,160403.87006366672,75554.83098101651,76888.3077348033,468.08314364479156,168.6355481081264,103.8372269362444,255.20469362166477,3.600300152291707e-05,-0.1123830020967444,96,69,98.11044413229958
14363,913.4303130583723,160432.93940634537,75560.35855425942,76879.4756952571,427.28839472681284,157.73147489517578,97.36737886088667,225.41249273414724,-6.163807555368604e-05,-0.1233526195167994,96,69,98.11053798772905
14364,913.4471393008746,160439.4392504119,75584.30591738678,76867.82027325063,380.7206118898466,140.61013198347064,87.32712837919826,189.3027366589231,6.346110398591509e-05,-0.1198009697733317,96,69,98.11062255523902
14365,913.4504552978788,160465.80402454868,75555.04684884279,76878.51590748027,328.1580980470171,118.98630249944108,73.3083754197869,154.18684205278987,-4.0770867754710445e-05,-0.1385823990491417,96,69,98.11069776454082
14366,913.467762578463,160523.00942242405,75568.21433675094,76860.34352874347,261.09414292371366,90.3476325274969,54.7931348127604,114.58177611231804,2.334941651133984e-06,-0.1254230088990099,96,69,98.11076354573753
14367,913.47018618623,160544.788805833,75543.74513649673,76886.63424250051,185.4949062645319,59.4973141807277,34.11709383508423,79.08176093245856,3.699812133736159e-05,-0.1064649357736264,96,69,98.11081982932988
14368,913.4871078568224,160584.92963575968,75581.62932411539,76897.56614605158,104.56810618052259,28.49789287475869,14.409542189794593,44.38030698194052,-6.203507872322101e-05,-0.1064661948837202,96,69,98.11086654622058
14369,913.490422151623,160607.7529747788,75562.42117501244,76888.56439863972,37.33684157737298,6.591131397464778,1.2786302282474935,19.35030379818636,6.310671462851794e-05,-0.0983917738538564,96,69,98.110903627719
14370,913.5076964639734,160642.08408851258,75567.48882569926,76883.29557753698,-0.0,-0.0,-0.0,2.1445020187820774,-3.980206898362272e-05,-0.0921568573142242,96,69,98.11093100554704
14371,913.5100547150198,160617.5411308805,75582.83780284556,76887.24514859427,17.41167493799003,18.697898511585663,15.745485124672996,-0.0,1.1260276656118068e-06,-0.1006870576539496,96,69,98.11094861184282
14372,913.5270938454344,160616.79028393797,75559.80214299323,76863.18705819207,103.87140404712409,66.22826819018519,50.803290697949706,9.935718015563907,3.7980153907183065e-05,-0.0946402591629549,96,69,98.11095637916668
14373,913.5303697318697,160581.76475591084,75589.44118648264,76882.55549584284,271.76234818447847,145.40275370718155,104.88008962894673,35.91652736190008,-6.241092849898621e-05,0.050555935491257,96,69,98.1109542405049
14374,913.5476548716094,160547.20038352747,75548.57413615934,76862.37944840785,516.5483028316521,250.62408463864995,173.9491615895531,73.6293676274654,6.273127757470059e-05,0.2885852227693715,96,69,98.11094212927526
14375,913.5507012610504,160494.4140918374,75579.91412023184,76885.42132030189,826.248197418463,374.3241842461284,251.6971486255352,123.82462471109466,-3.882045842470965e-05,0.2694821833150786,96,69,98.11091997933153
14376,913.5670698423476,160419.9427485698,75568.32822804619,76882.79723566712,1174.5507272646064,503.2907171236875,330.30926430391264,181.23946757469093,-8.25143601715661e-08,-0.2595990421735707,96,69,98.11088772496832
14377,913.5703081518212,160399.41050662013,75575.58412480753,76890.89759101115,1532.7179239235702,625.8055341296276,402.39424379495904,244.42297232866986,3.894877604042848e-05,-0.335267935861448,96,69,98.11084530092556
14378,913.5876471335008,160330.98510238167,75549.683360699,76901.1247527295,1868.7411250958103,730.0758941519307,462.19386225016206,308.2463427889743,-6.276551109250365e-05,-0.0443517129652471,96,69,98.11079264239352
14379,913.5905680809012,160233.02977557434,75571.94071860642,76860.87894376999,2157.545448925288,809.5645564922888,506.34400565113174,370.47626044106437,6.233493234596657e-05,-0.1020458619840359,96,69,98.11072968501728
14380,913.6070033641068,160192.20533664263,75554.08619435706,76867.28742784046,2380.4016535556293,860.716905326437,534.1881803867873,427.3757645219739,-3.782637506297265e-05,-0.0600466555070586,96,69,98.11065636490132
14381,913.6102735418348,160144.86713060748,75565.7030337291,76903.55894768037,2529.665408720786,885.2089731779997,546.9267295831232,477.50088057134417,-1.2902774205246687e-06,-0.0262841550307366,96,69,98.11057261861428
14382,913.6276176105196,160087.70506706354,75537.45465910705,76892.8413594376,2606.620515304152,886.9565196523763,547.3617486928997,520.0504827814293,3.990366958956307e-05,-0.0204689453054858,96,69,98.11047838319357
14383,913.6304424199584,160067.56345270126,75587.06232820085,76888.35008495637,2620.5876751413452,872.1501579778705,538.3928608006972,555.3996128226863,-6.309872022615989e-05,-0.0049769142475639,96,69,98.11037359614951
14384,913.6469358447208,160013.93054722284,75535.54872716893,76884.6416698083,2586.406784261111,846.9320654183393,523.3193116617331,585.6936236243637,6.191782563071403e-05,-0.0128351295231909,96,69,98.11025819547083
14385,913.650248128972,160051.5084559918,75558.81116646568,76885.78637618499,2520.3095884512877,816.8915114938864,504.5305426206032,612.2171791466535,-3.682016155117411e-05,-0.0032070812406391,96,69,98.11013211962776
14386,913.6675752926312,159981.19454511115,75541.84829231782,76878.65608329003,2439.202467787836,786.4407623528532,484.58289247372886,637.8700647333753,-2.49685437520954e-06,-0.0102845769645753,96,69,98.10999530757783
14387,913.6703193040406,159945.72036055475,75541.05496032648,76865.92563644412,2355.4224888412864,758.2087279199914,464.9159656672564,662.1508398191945,4.084452110103207e-05,-0.0145216564262056,96,69,98.1098476987694
14388,913.6868718336996,159936.63921175082,75562.28028567134,76877.53407041806,2279.628490095027,734.0403125454177,447.29035647635465,686.6044550670777,-6.341045670263859e-05,-0.0025140851060027,96,69,98.1096892331469
14389,913.690227768584,159940.060400081,75548.857384925,76888.15739257807,2215.5222877060296,713.960097841351,432.0965077423898,708.1838162849017,6.148011112379644e-05,0.0017165275172433,96,69,98.10951985115422
14390,913.7075221368048,159916.5886528982,75564.85612537498,76901.10765984056,2165.9255251367576,698.0930479104863,419.9220077355858,727.1945301438973,-3.58021649849344e-05,0.0164966795788487,96,69,98.1093394937399
14391,913.7101982309327,159857.6983452673,75550.96781694092,76876.05915798945,2126.8197821916547,684.815312489096,409.7702304478735,739.4543853935611,-3.701839434548437e-06,0.0339185298079178,96,69,98.10914810236102
14392,913.726812699682,159858.29824845796,75573.70273488208,76865.61692810986,2095.9178894442157,673.4898061747663,401.2406207708118,746.7542428565794,4.1771022048452105e-05,0.0376575192632196,96,69,98.10894561898776
14393,913.730210511753,159890.50077510744,75566.32917743869,76876.08689914909,2065.335305517947,661.8556867967854,392.8283573722292,746.7471473279875,-6.370062886476487e-05,0.0479512871869174,96,69,98.1087319861074
14394,913.7474584710922,159902.5290555495,75568.44278089958,76871.40268608676,2031.9536210190854,649.5131063473527,384.4104770197591,744.0082214186259,6.102194901964612e-05,0.0772422323853112,96,69,98.10850714672878
14395,913.7500803300692,159898.56652916755,75551.75558780508,76883.6437645064,1989.0228002324584,634.7912891176384,375.2319485627231,737.8104464217322,-3.4772735987253033e-05,0.0854854253442161,96,69,98.1082710443864
14396,913.7667580150228,159889.12404315243,75566.25128449617,76870.62935693821,1938.1326720444486,618.9342345954938,366.2430082616047,734.3037271534267,-4.904827146568743e-06,0.1026007553219722,96,69,98.10802362314472
14397,913.770196267172,159915.50840622198,75540.69895109562,76882.57435687847,1878.200054602581,601.8971389394719,357.4308325013262,732.1725447001518,4.2682868988518224e-05,0.1241832390679827,96,69,98.10776482760184
14398,913.7873823371606,159918.83445364315,75572.36386368191,76864.14971505226,1817.082184282015,586.5180007457966,350.06375544704497,735.8588772308722,-6.396915246144359e-05,0.1214105364484697,96,69,98.10749460289428
14399,913.7899704421596,159898.69828510477,75556.80666458682,76880.79379145034,1757.9271046151407,573.364969711969,344.00520271997084,741.1941872178286,6.054350666486033e-05,0.1228773334483282,96,69,98.10721289470074
14400,913.8067007247352,159873.38178546907,75561.01984657164,76890.30110976145,1711.1796011577244,565.2923018270376,340.39011734633823,750.8538639265171,-3.3732228597194866e-05,0.1308383342825266,96,69,98.1069196492459
14401,913.8101983263342,159875.93939473064,75551.3702846082,76881.16408842393,1678.8058719438268,561.6706754094048,338.9147402320523,759.219652050524,-6.105413080410932e-06,0.1180669769380996,96,69,98.10661481330496
14402,913.8272537443032,159866.48496703146,75551.31102868327,76873.18110360591,1667.4742556051933,563.7142975018069,340.5784498224966,768.6471534808807,4.35797634986589e-05,0.0894360623453969,96,69,98.10629833420714
14403,913.8306090777376,159893.53853940967,75555.26592226834,76874.1493610253,1673.1261962998542,569.058653480548,344.7799210319936,774.3234889309097,-6.421595009112113e-05,0.0611594910066832,96,69,98.10597015983996
14404,913.8467620066082,159859.5839948372,75519.25397147129,76873.37975471195,1696.2619927361375,577.877618862578,351.8922667972802,780.2728662317968,6.004495784796837e-05,0.0320023714134291,96,69,98.10563023865308
14405,913.85010611011,159862.50949879567,75570.42269672123,76884.97944223402,1727.1834051889018,587.3829577615834,360.3253687361721,783.4782848024624,-3.268100053669197e-05,0.008645711310609,96,69,98.10527851966192
14406,913.8672558533864,159866.5928836681,75562.09796749573,76891.09041702416,1762.9224041984417,597.9931228706264,369.3796179036726,789.1232752538053,-7.303193845005548e-06,-0.0031504005506252,96,69,98.10491495245157
14407,913.8697095631936,159862.792337064,75555.26707884418,76885.77511963069,1791.9661047523841,607.0836242656951,376.6412400541303,793.824356662517,4.446141241606292e-05,-0.0167951142784596,96,69,98.10453948718128
14408,913.886667606622,159843.68968666848,75565.77371718078,76890.3968920272,1813.3263900328311,615.6540665887296,381.46238292282214,802.5331125299272,-6.44409522026543e-05,-0.0218106888156206,96,69,98.10415207458736
14409,913.8901049782517,159871.6301328064,75558.83794461313,76877.88923320589,1818.7040157829178,621.1274383069394,382.17013731235056,810.5840633643093,5.952648342955642e-05,-0.0425617492889792,96,69,98.10375266598726
14410,913.9071492296556,159835.306067733,75514.53422910749,76862.45959159709,1811.2447471093037,624.2344699328532,379.30390927690314,820.9577153280843,-3.1619413199213204e-05,-0.0475192221827121,96,69,98.10334121328331
14411,913.9096126923724,159806.7425068122,75565.66837550663,76873.98009248149,1786.5435590504203,622.0253460174281,372.445856688224,827.7263721060881,-8.497767490541149e-06,-0.0426050608864726,96,69,98.10291766896658
14412,913.9266349887944,159837.7886344966,75554.22254534526,76879.0216128353,1751.4043904813589,615.2930599482788,363.0483723459474,833.5307717164978,4.5327528193398993e-05,-0.0416826168569882,96,69,98.10248198612004
14413,913.9300792323368,159815.31333795242,75549.23741751882,76860.56934281983,1703.163599263993,601.4303418282216,350.96465666836593,832.7651487709372,-6.464409648215243e-05,-0.0448754278398201,96,69,98.1020341184225
14414,913.9470467545764,159848.2950559006,75543.9828004238,76887.48758021988,1649.1005808129557,582.1803699230659,337.4074751426233,828.5009812492353,5.898827053228825e-05,-0.0472420821778776,96,69,98.10157402015226
14415,913.9495155581384,159874.83563467494,75589.43264239066,76867.05987807226,1586.262932617683,556.5872856806527,321.943905054708,816.62138278762,-3.054783064341391e-05,-0.0449678798601163,96,69,98.10110164619044
14416,913.9666112558652,159853.51356793827,75557.3107392746,76881.88478499513,1521.8767623146996,528.4659683161881,305.72647484438494,801.7095513509994,-9.688733233185454e-06,-0.0468862762645629,96,69,98.10061695202448
14417,913.9700452045322,159870.41673105862,75573.64169538603,76884.5335905645,1452.4573302772478,498.382981218092,288.51713328028563,780.9898410053866,4.617782801299748e-05,-0.0561086528355061,96,69,98.10011989375155
14418,913.9869411542364,159920.43633542192,75568.20154427926,76900.86391152078,1384.9921093520243,470.60525448022236,271.7630974779313,759.3624095520063,-6.482532794834063e-05,-0.0459318874460984,96,69,98.09961042808264
14419,913.9894234293968,159938.6761675711,75590.79787973259,76898.71361270762,1316.3125372070936,445.06722664397967,255.55106473731576,734.8537074953201,5.843051284757361e-05,-0.0354816289632919,96,69,98.0990885123446
14420,914.006592751516,159971.23411194107,75589.89211747241,76900.98578603222,1253.9761542730848,424.4589435294765,241.38446392293554,712.3457906344556,-2.946662058911317e-05,-0.0369622198137971,96,69,98.09855410448483
14421,914.0100039855269,159982.12532698782,75590.45295566902,76903.93236460886,1194.022251882765,406.55847436630575,229.02769516967237,689.5776556338242,-1.0875691545488354e-05,-0.0363154331169937,96,69,98.09800716307386
14422,914.0268321806418,160001.75924036652,75586.31642076497,76857.5339504283,1141.9776026820764,392.045650369706,219.26671847593389,669.9310966947814,4.7012035536182615e-05,-0.0342666315705151,96,69,98.09744764730898
14423,914.0293377750934,160031.18374319616,75550.9030083833,76910.59440755328,1091.4916200188454,377.71634714951506,211.10744188906392,650.5281173099938,-6.498459947043809e-05,-0.0433165296992036,96,69,98.096875517017
14424,914.0465778526064,160036.85524319654,75571.23725759896,76857.52896255763,1046.0888867814792,364.2191300463892,204.61450918004266,633.520246246364,5.7853410585847314e-05,-0.0429096003972278,96,69,98.09629073265802
14425,914.0499554876052,160082.6029824424,75548.00686080926,76899.12408353222,998.0117473863647,348.96442949982884,198.38251887483057,615.5350928333355,-2.8376153862407774e-05,-0.0657876816031903,96,69,98.09569325532816
14426,914.0667205403388,160088.2291530491,75541.71585469837,76895.30569192341,950.8631761832512,333.4091705876781,192.42470133223105,597.7366265521268,-1.2058244824031493e-05,-0.0836023989256037,96,69,98.09508304676318
14427,914.069259320794,160086.14080547373,75570.94326935214,76878.77037950691,898.9805451055872,316.04834928095806,185.8236877192685,577.5290563319577,4.782987913552397e-05,-0.0486572421817633,96,69,98.09446006934084
14428,914.0865652715236,160111.00611114068,75557.25593090714,76870.60801054208,848.8394931510556,299.12285441046697,179.17925694369478,556.3845774598303,-6.512187071364709e-05,-0.0554237926865031,96,69,98.0938242860847
14429,914.089899489131,160160.54839302236,75568.05489650457,76886.35136223852,796.886946560815,281.623522093083,172.05920252538635,533.0555273462087,5.725717061817068e-05,-0.0506491850527513,96,69,98.0931756606665
14430,914.1066072190664,160188.0605659349,75522.2075629457,76881.47522091329,750.3438296063105,265.8739304865012,165.13344492184115,509.2502998894779,-2.727680327351373e-05,-0.0307832326113815,96,69,98.0925141574094
14431,914.1091884662338,160191.67037394198,75548.11167894432,76873.8975336819,705.4873527224408,251.04064770619152,157.9000225600612,484.9420764866227,-1.3235997029898662e-05,-0.0303502702221846,96,69,98.09183974129137
14432,914.1265537902334,160228.466022872,75577.8710593054,76889.76771283326,667.9267030765186,239.16973885746847,150.75585184342344,461.29156271758256,4.863109349662171e-05,-0.0193636841088,96,69,98.09115237794713
14433,914.129835845839,160250.1987682687,75534.94319945305,76882.36630161449,631.4287415417493,228.9424505788047,143.10087094639312,438.3118081886787,-6.52371091342951e-05,-0.0198856323206715,96,69,98.09045203367168
14434,914.146493311817,160260.1162407403,75586.79728237254,76861.56587375335,599.3593141189194,221.59791906650935,135.3439477023785,415.68461230245885,5.66420055791453e-05,-0.041232497824974,96,69,98.08973867542318
14435,914.1491253839736,160285.56908962104,75571.04777785396,76879.69168104995,565.2697972430033,215.4203951311938,127.23314183254843,393.36538998238393,-2.616894565494368e-05,-0.0520068052359126,96,69,98.08901227082488
14436,914.166542207828,160320.80944905244,75566.56910934925,76876.4891785002,533.5157224595314,211.0893438487401,119.41256919098669,369.73424385668477,-1.4408554140793346e-05,-0.0650638700080744,96,69,98.08827278816914
14437,914.1697645546924,160342.36842122712,75553.02896339464,76883.78759824765,499.3636368098669,206.50068125568214,111.79996226279764,345.2361945020384,4.9415418478269e-05,-0.0619412870510551,96,69,98.08752019641892
14438,914.1863799514564,160373.27914855268,75590.70704201532,76895.29179361364,468.5080749427434,201.66471236530924,104.77549747630837,317.6499212599301,-6.533028969088123e-05,-0.0562394610941057,96,69,98.08675446521104
14439,914.1890700517685,160368.9674942906,75596.40229435873,76909.24442126407,437.05167646636255,194.13014154986013,97.79612144036219,288.5752987048472,5.6008134869948776e-05,-0.0439135139422267,96,69,98.08597556485904
14440,914.2065293390476,160428.84521986128,75597.17955328588,76884.4756726716,409.08546072483296,183.2436619188229,90.34922020041267,255.45072321718908,-2.5052959559835584e-05,-0.0300695277381108,96,69,98.08518346635502
14441,914.2096857770542,160473.18079460223,75585.03790096441,76872.60865294625,377.289452294528,166.4124829780776,81.15791969615384,221.4184298251639,-1.5575523905243585e-05,-0.0220120928243919,96,69,98.08437814137278
14442,914.226268264098,160506.75221285838,75576.16191281745,76877.5484068531,341.58450293994974,143.30074133771996,69.31499990643351,183.74118327445467,5.0182600471074646e-05,-0.0267126693256692,96,69,98.08355956226968
14443,914.2290222688608,160525.3205611931,75578.57645321105,76895.32648963809,292.9045700498391,113.22147073080123,54.264446290093474,146.8987910092692,-6.540139458849505e-05,-0.0385814927533428,96,69,98.08272770209004
14444,914.2465140277252,160574.8434860929,75585.21903695918,76877.28913808356,232.62309779820498,78.718560833644,36.7997136048798,107.80013624709682,5.5355783924336274e-05,-0.0593828350677493,96,69,98.08188253456656
14445,914.2495998467972,160595.51621257968,75588.64034363236,76907.9085803949,158.56541844061576,43.48323959404661,19.208689680090174,73.02036194503307,-2.392922640625497e-05,-0.0607341146764097,96,69,98.08102403412327
14446,914.266159332989,160605.52191492126,75600.60954184053,76900.28891999838,83.91934006364318,14.589487606615876,5.302098774671322,39.77183773345314,-1.6736516259555925e-05,-0.0604222345231642,96,69,98.0801521758778
14447,914.2689816702688,160675.83345928177,75592.76586087151,76871.56787569313,22.15267149847932,-0.0,-0.0,16.491155187424738,5.0932391379843335e-05,-0.0710333692289822,96,69,98.07926693564328
14448,914.2864951637824,160678.14583377176,75569.47409837095,76883.05060040245,-0.0,8.45809332736826,8.05336370159057,-0.0,-6.545041369440113e-05,-0.0828287178739831,96,69,98.07836828993103
14449,914.2895072717794,160673.75609626202,75572.66541884023,76880.15981421422,38.21517964755185,46.584854360480676,33.37555454892572,0.17959741383674555,5.468518424073192e-05,-0.0801744879198508,96,69,98.0774562159526
14450,914.3060541647736,160648.61884037577,75583.36799362618,76907.74862548363,159.61706633021822,117.46043387221289,77.22846565506188,11.91203564486932,-2.2798130015619325e-05,-0.0600832290682618,96,69,98.07653069162168
14451,914.3089477445652,160594.33150175036,75584.65246234325,76894.91285813361,369.6391964876675,219.17857282797922,138.45960020192433,43.71215109323384,-1.789114366331229e-05,-0.0570059235239648,96,69,98.07559169555674
14452,914.32647169831,160591.16325465747,75579.28778434696,76876.62693021695,665.0663440196076,344.4062304258696,212.47165934342775,86.55044056667248,5.166454923483044e-05,-0.0130978322198638,96,69,98.07463920708244
14453,914.3294087333104,160499.32422423185,75588.94578853658,76882.33686253137,1021.6818680537981,482.24986654205713,293.2286150084983,147.38023574420367,-6.547734437347395e-05,0.1922499461390614,96,69,98.07367320623224
14454,914.3459536544816,160454.82558183296,75581.63853275364,76894.45551724672,1409.836486897897,619.334689726049,373.02379089186434,213.18206624186132,5.399657314553634e-05,0.4106540423307898,96,69,98.07269367374992
14455,914.3489198591654,160377.5993357939,75592.64909034107,76894.57321254697,1789.9760115985991,743.7040418871766,445.4265174494649,288.77143589031766,-2.166005632228536e-05,0.1028515434254514,96,69,98.071700591092
14456,914.366442651813,160277.5898018476,75574.08453524816,76911.74009585028,2130.4451990386588,845.1562631460693,504.64621814276325,358.86629017529776,-1.903902062325751e-05,-0.3657021513216158,96,69,98.07069394042898
14457,914.369305088622,160188.35491008792,75579.29741943,76868.8076666855,2403.727754648193,918.5800770744099,548.0254093801195,430.0481201559596,5.237883798207037e-05,-0.1528976209855908,96,69,98.06967370464804
14458,914.3858585443496,160139.8214702762,75549.01635173624,76861.10298771161,2599.5397997431573,961.6907166659075,573.993633533828,487.9312654394889,-6.548219102496e-05,-0.0396953032993361,96,69,98.06863986735412
14459,914.3888972991532,160109.69987792443,75536.98128249503,76890.28695006609,2715.8849311857484,977.2577052648994,583.9615500206419,542.1580291820865,5.329019436753264e-05,-0.117194587140251,96,69,98.06759241287182
14460,914.4064071075064,160046.9311609938,75535.86134245161,76882.80869935152,2764.8356738779694,969.1674617475801,579.5842783646076,581.2103884249518,-2.0515393352754055e-05,-0.0702321085363775,96,69,98.06653132624736
14461,914.4091973858348,160019.1943097285,75537.17033605817,76858.51792202439,2760.158679035958,944.703625652066,564.7590298304276,619.4426227117947,-2.017976424530872e-05,-0.0804186361671856,96,69,98.06545659325052
14462,914.4257693657016,159961.6733539919,75536.82089060346,76861.38727020193,2720.8079053953406,909.8311247286911,542.5692468899069,646.6093658650934,5.307502824641136e-05,-0.0738403321004626,96,69,98.06436820037526
14463,914.4288793333257,159944.8096189265,75567.05881421403,76893.6969940975,2660.1824692651862,872.1549571148498,517.5639608939236,677.6413787060883,-6.54649660693908e-05,-0.0570846880480152,96,69,98.06326613484237
14464,914.4463641715504,159905.94803902716,75547.56418264422,76870.33937499103,2591.3490168934804,836.0964829680306,492.57597069148323,701.3276708699414,5.256629688176609e-05,-0.0496260985001927,96,69,98.06215038460044
14465,914.4490869144222,159881.28432148468,75569.50242331311,76873.87627045077,2520.2329179827357,806.6663121540914,471.2054702398309,732.3653450135898,-1.936453138010935e-05,-0.0452354758174149,96,69,98.06102093832745
14466,914.4656863352008,159852.58523362872,75542.00590536899,76865.096366972,2452.8363387184218,784.5050190939219,454.4709944979113,756.467001990386,-2.1312994443421884e-05,-0.0435512497327402,96,69,98.05987778543252
14467,914.4688653450244,159814.14907290248,75555.89746193148,76865.50396870336,2390.15276818478,770.6900799552241,443.7756655163539,785.8768434530357,5.375289631777132e-05,-0.0410731361444137,96,69,98.05872091605694
14468,914.4863128497482,159792.1749721054,75561.21992043163,76818.18095430874,2334.6914866328007,762.1525419814279,437.8343338375853,804.8737139952136,-6.542568914266031e-05,-0.0308901759523071,96,69,98.05755032107557
14469,914.4889753582518,159746.66680576472,75520.05349578692,76897.37872534191,2285.382545556582,757.4033463607775,436.090958186076,826.677578503848,5.182513594487289e-05,-0.0225386416040603,96,69,98.0563659920984
14470,914.5056091158448,159737.876302347,75536.25441057343,76868.33309005095,2243.115330473869,751.9570611259405,435.7057349177194,835.5391880731913,-1.8207862064403976e-05,-0.0175807299977795,96,69,98.05516792147182
14471,914.508855150352,159747.23608038924,75536.82455264406,76874.42055859945,2205.709262369608,744.7196261921781,435.412288834661,845.9601240871707,-2.2438333792581443e-05,-0.0181457902407158,96,69,98.0539561022794
14472,914.5262516692044,159718.59828117138,75578.02521540408,76878.63863466964,2173.0554919364513,733.096694742082,432.63342435410595,844.5905174340878,5.441222514739341e-05,-0.0197366681731011,96,69,98.05273052834384
14473,914.528865293895,159728.75385662128,75579.9822397062,76898.68284913112,2142.7435027234023,718.8773464035621,427.3360411359463,848.7880729108292,-6.536438701044238e-05,-0.0182225938615449,96,69,98.0514911942273
14474,914.5455360937528,159713.05062717426,75564.47244756651,76874.75626617945,2115.0846546373796,702.0350835140125,418.7127238783287,845.1657529483491,5.1066972186646537e-05,0.0039544743512457,96,69,98.0502380952332
14475,914.5488500185328,159703.31303547247,75555.24765322148,76875.45908532428,2088.7602521367953,686.1551789718942,408.7575565952866,850.1833406864316,-1.7045779313890364e-05,0.0177519110984491,96,69,98.04897122740653
14476,914.566177264643,159713.3400825896,75543.51825373434,76859.40248553986,2065.2574730710476,671.8004705217609,398.42028603720246,849.6714473759348,-2.3555407603011944e-05,0.0144605484639158,96,69,98.04769058753593
14477,914.5687622528496,159704.97092218132,75565.95582799905,76869.49178738863,2044.4614386404282,662.0044181408302,390.59868571916013,858.9491643437941,5.5052803940476095e-05,0.0207272822217184,96,69,98.04639617315334
14478,914.585461196364,159686.28672806203,75542.44085261242,76855.01952605414,2028.7837749502505,655.8049497906759,385.8540230753133,861.0942511760804,-6.528109430761983e-05,0.0409762765061923,96,69,98.04508798253588
14479,914.588857747512,159655.90718623492,75555.56421054085,76853.48123138251,2018.524540757062,654.6058968166617,385.600630947476,869.6762709640607,5.029207164438689e-05,0.0366628963261399,96,69,98.04376601470648
14480,914.6060758760946,159640.13912839128,75543.4804758585,76862.25554544428,2015.702731219586,656.2689666970109,388.3769921956409,868.798336493579,-1.5878678125703983e-05,0.0229632246633087,96,69,98.04243026943452
14481,914.6086902346748,159638.89232766588,75536.7681156811,76862.7803114019,2019.4125140320393,661.4996552189987,393.6267610260111,873.8741524439829,-2.466384455037965e-05,0.0109669931958453,96,69,98.04108074723672
14482,914.6253416675776,159652.39872769677,75542.69055705598,76894.94042429868,2029.8553056461387,667.6891381683381,398.59882430761354,870.2508382671513,5.567442864671574e-05,-0.0261327923821919,96,69,98.039717449378
14483,914.628977907121,159657.63195703336,75558.93012269717,76857.50020871293,2043.8166547520086,675.2042187263578,402.551731576561,874.2932653238822,-6.51758526724758e-05,-0.0747537060914095,96,69,98.03834037787205
14484,914.645386369631,159658.0296437359,75583.09824317697,76901.88712172593,2059.1442482892307,681.3131166152016,403.7280584530672,873.6888913342555,4.950070636804581e-05,-0.0894974060012616,96,69,98.03694953548164
14485,914.6482119495854,159633.92656262705,75573.42860919352,76878.78834949965,2070.74143340264,686.0378797943558,402.7808558685647,883.6256598797627,-1.470695540113024e-05,-0.1204965519199758,96,69,98.03554492572012
14486,914.6654709653432,159608.60024999556,75546.73318829072,76877.89314183815,2075.662984329916,686.4644199697796,399.25947929901304,889.0787889961211,-2.576327640045865e-05,-0.1314699254899242,96,69,98.03412655285096
14487,914.6688257736572,159554.08131098238,75542.32533322471,76880.25548274769,2068.979308394657,683.0085046380264,394.65273113545845,903.8375921220286,5.627690135976046e-05,-0.1150808984245869,96,69,98.03269442188882
14488,914.68532781561,159590.1374215482,75531.01375977849,76859.4744870361,2049.445502433926,673.6198038159346,388.60113243496744,911.8207266647951,-6.504871142940854e-05,-0.1178290346806099,96,69,98.0312485385999
14489,914.6881162014796,159556.397901067,75561.18789294631,76866.49675669095,2014.831640415301,659.6995096311148,381.9528922227619,924.8480596566515,4.869315339619996e-05,-0.1132246258915749,96,69,98.02978890950246
14490,914.7054894793926,159576.55357211776,75533.3990310187,76856.78970555023,1967.3647474909085,640.3933194010024,373.56243737245677,926.7064327461121,-1.3531008946635965e-05,-0.1057746471671029,96,69,98.02831554186672
14491,914.7087217529722,159540.5839037752,75531.08818466755,76854.35461485788,1907.78253625636,618.204346755243,363.73299915145617,930.7039489844465,-2.685333783432019e-05,-0.10868626191115,96,69,98.02682844371584
14492,914.7252369597724,159544.67077669562,75581.25032191291,76873.11187170344,1840.7997077039327,593.1090771038434,351.30869099107804,922.8897006211046,5.686003065716417e-05,-0.0984601254242484,96,69,98.02532762382585
14493,914.7280508823732,159541.77282665335,75553.0448565197,76874.34690166016,1768.3250337928766,567.7180603400193,336.95831844516215,916.804327880498,-6.489972709436986e-05,-0.0872577679066337,96,69,98.02381309172574
14494,914.7454891752462,159564.66472756022,75588.05938875492,76837.3882624701,1695.2644723232952,541.8144825756026,320.33652338708634,899.8823313298926,4.7869694964905046e-05,-0.095597632643339,96,69,98.02228485769776
14495,914.7486228026615,159561.39776417907,75533.77171778002,76853.93874052365,1622.128246327571,517.3600952176348,302.91319188001216,886.777333225793,-1.2351237991169892e-05,-0.0934611932394157,96,69,98.02074293277796
14496,914.7651394521145,159611.60207606255,75560.6231853308,76833.78077364711,1552.0630639251904,493.3618633952283,284.90397647730424,865.8293434297957,-2.793366709265133e-05,-0.0872904622541872,96,69,98.01918732875548
14497,914.768000161015,159613.4636223707,75549.9249992618,76865.32444247417,1483.3694403172121,470.7438888852339,267.7211704076326,849.6735569334123,5.742363243214439e-05,-0.1112056367397211,96,69,98.01761805817328
14498,914.7854793689628,159615.47661194458,75569.83366599696,76865.6812919549,1417.70264295995,448.03978078556247,251.27947135362774,826.1471174433536,-6.472896359254921e-05,-0.1163212824542574,96,69,98.01603513432792
14499,914.788522050629,159619.86657044102,75529.54833324354,76862.26265119732,1352.1438978378428,426.03670280220103,236.44732546524028,807.1735277751868,4.703061899293567e-05,-0.1012834600564893,96,69,98.01443857126912
14500,914.8050417208356,159654.4594202236,75552.61435996123,76817.9073490814,1288.6332376135397,403.7116595382395,222.71240034440416,781.0238402841787,-1.1168042636018638e-05,-0.1075287751763276,96,69,98.0128283838006
14501,914.8079594231688,159669.39943731678,75522.01536594235,76872.89201546239,1224.9121168980491,382.20986767268914,210.48594263382256,758.2669915574952,-2.900390631308989e-05,-0.1079348670486181,96,69,98.01120458747891
14502,914.8254621937996,159710.63083443855,75526.23549149917,76833.21234027795,1164.068928224151,361.17081292653165,199.1162385167845,728.4853007999482,5.796752860219224e-05,-0.101651455379695,96,69,98.00956719861372
14503,914.8284176573646,159714.45449262575,75533.14900971238,76853.89416802776,1103.9521918442333,341.98313525979756,188.85080147505505,702.7290471314627,-6.453649212282271e-05,-0.1023210224929316,96,69,98.00791623426775
14504,914.8449466959102,159766.5313070121,75531.33069358002,76828.2264785822,1047.9794996870914,324.4453366444068,179.02241164183943,671.656840945041,4.6176217906030174e-05,-0.1148738111732193,96,69,98.00625171225624
14505,914.847926364761,159813.33681752978,75555.73106169386,76831.99959301349,993.7403662101133,309.48570432943234,169.716191425774,644.4323995719897,-9.981824111840767e-06,-0.1089215769988492,96,69,98.00457365114636
14506,914.8654380659276,159784.61226277362,75541.98226615207,76837.75478920135,944.8679990441888,296.60486603862955,160.37026277260156,612.038076449302,-3.006370053954864e-05,-0.1143093541618866,96,69,98.00288207025784
14507,914.8683092957564,159827.63171899554,75554.58801531309,76850.25229160955,898.5372090209858,286.0347981562227,151.1329157121654,582.6089905851986,5.849154816560677e-05,-0.1149766903831198,96,69,98.00117698966102
14508,914.8848561413636,159871.7225909528,75551.31959924243,76835.09328499732,858.7678563001682,276.8721257963625,141.79456622392172,547.8976415636716,-6.432239120582747e-05,-0.1043704377050686,96,69,97.99945843017768
14509,914.8878993739404,159868.90110483265,75541.07307644474,76862.41322855414,822.2913158598822,268.7247450665309,132.8086709061754,514.9920624590595,4.530678967011074e-05,-0.1123602117618921,96,69,97.99772641338018
14510,914.9054068704136,159943.30100953605,75555.05911908629,76869.21081026437,792.5091227181838,260.7233413130598,124.53879421981401,477.8987566298747,-8.792984254165073e-06,-0.1273383413079983,96,69,97.9959809615904
14511,914.9081972828616,159981.21946353666,75518.67707820397,76840.31926676969,764.2463508468354,252.4336481772043,117.65325189571013,444.0725891861366,-3.11126991816567e-05,-0.1272599677697515,96,69,97.99422209787996
14512,914.924771269563,160002.55721603797,75545.62531830525,76880.82513590255,740.1237421252299,243.54039134155028,112.50023402069928,409.218117658922,5.899552678351536e-05,-0.1199516859798657,96,69,97.99244984606877
14513,914.9278770701118,160027.3096771469,75540.98968364298,76860.14733351057,714.2489645824535,233.87136250200274,109.02038123528473,379.1942181206541,-6.408674654392733e-05,-0.1423293500912393,96,69,97.99066423072462
14514,914.9453683479912,160044.79071235596,75559.3386468501,76874.20618886591,689.712945334788,223.77646857856598,106.75126145334798,350.30051391536836,4.442263658443795e-05,-0.1477027914496093,96,69,97.98886527716306
14515,914.9480822719672,160086.15478451244,75548.21481085785,76842.11249329016,660.7424311457435,213.22618349679396,104.70725309170666,326.0285734528734,-7.60192561346293e-06,-0.146884180468209,96,69,97.98705301144535
14516,914.9646929521356,160089.90983083795,75552.4336989849,76858.53153707559,631.9530846916023,203.04834457563993,102.24826917832252,302.4600703594915,-3.2150555248589086e-05,-0.1584061796753796,96,69,97.98522746037908
14517,914.9678581440868,160119.42667098434,75562.63112214561,76858.74798992272,598.0891592777916,193.01043082935212,98.62080950775999,280.41412097695866,5.947930725216648e-05,-0.1492255862449645,96,69,97.98338865151564
14518,914.9853222559598,160162.35693934278,75530.49219771281,76865.5361538344,563.8494910639129,183.72078424056235,94.00879269602592,256.7643277698662,-6.38296510348959e-05,-0.1601548694459155,96,69,97.9815366131509
14519,914.9879651107916,160185.9354227096,75556.04744150378,76889.67716196891,522.1598111400963,173.66932996286778,88.079612931062,230.81529810404754,4.3524066141262855e-05,-0.1577708078693242,96,69,97.97967137432325
14520,915.0046218051853,160182.72320565913,75592.90016460195,76858.18718017994,476.91292333981255,162.37267520316527,81.16678324301029,201.49703481735196,-6.409051040085564e-06,-0.135179200258687,96,69,97.977792964813
14521,915.0078413000672,160234.8223007531,75546.55944901243,76851.32519342251,419.8545336673851,146.86274009778572,72.26459786738269,168.01243735244498,-3.317692596674809e-05,-0.1274612743093127,96,69,97.9759014151408
14522,915.0252684476662,160269.5763633362,75566.40188720092,76879.94019941578,355.34104927565204,126.46423284996126,61.16461044625612,132.7162077909743,5.99427388920168e-05,-0.1536919748683627,96,69,97.97399675656727
14523,915.0278467592198,160311.53231375036,75535.90729465634,76871.6668081624,276.6262293352629,99.05387023575895,46.73420416971203,95.1220836090215,-6.355120477197518e-05,-0.1660206356208793,96,69,97.97207902109136
14524,915.0445582295786,160358.3807891115,75552.0785095987,76855.27226670137,193.94945343886502,67.55062274279771,30.369017857534345,61.17029490266577,4.2611390298825976e-05,-0.1627898519613696,96,69,97.970148241449
14525,915.0478252378404,160378.50614546123,75554.24393963077,76858.27303626019,108.38322820799658,34.76244057035365,13.751834298454924,30.185190879856236,-5.214763912823058e-06,-0.1926612856403515,96,69,97.96820445111258
14526,915.06520691746,160394.4001870022,75558.5842587827,76861.93136559095,40.34684294776525,9.77545647000079,2.088098650041502,9.939828237576876,-3.419147203408289e-05,-0.1907191068953456,96,69,97.9662476842886
14527,915.0677282303716,160429.27746375295,75551.09612020293,76862.78167473388,-0.0,-0.0,-0.0,-2.9597550871549174,6.038567832152887e-05,-0.1891410202283575,96,69,97.9642779759173
14528,915.084502435481,160436.04541924302,75556.21657721199,76860.52851213673,15.614216207177378,16.94788543236791,14.03048537261202,-0.0,-6.325151514573212e-05,-0.2005666577862961,96,69,97.9622953616707
14529,915.0878086513268,160388.26288335494,75534.82736792052,76853.60492256319,97.72923141671345,65.33929594251094,46.88560256364872,12.280510828306433,4.168492574349784e-05,-0.1830709798632881,96,69,97.96029987795154
14530,915.1051378297656,160394.12189423756,75560.15360508753,76859.93074388431,266.569221160491,149.54631868941942,100.45691400888609,42.04840707741096,-4.019468117012535e-06,-0.1959835218359523,96,69,97.95829156189116
14531,915.107610540006,160317.86473292005,75522.42239665368,76875.22613169237,514.8017927768524,262.99278962057724,170.59527749329573,78.88955614247243,-3.519385902688014e-05,-0.1998168915859973,96,69,97.95627045134886
14532,915.1244544643846,160316.26362795255,75524.56073196804,76865.31905177067,840.4113455199404,398.6270895714115,252.57361767222756,132.07102939669858,6.080798895222496e-05,-0.1908766366999491,96,69,97.95423658490982
14533,915.1277902316864,160244.2459703312,75567.48840010747,76861.59654537209,1211.308091515093,540.0040691067843,336.9222713453637,188.7392076596152,-6.293069636270488e-05,-0.0821501371993097,96,69,97.95219000188337
14534,915.1450615421992,160198.377180667,75513.52817426229,76827.6313760648,1605.1572833470418,675.2305778399168,416.6354623962543,257.99647104911855,4.074499329281168e-05,0.1677634565187072,96,69,97.95013074230148
14535,915.1474946558106,160135.9266140311,75546.17119958017,76873.26054863438,1978.0330334765022,788.5007288220222,483.04224728117697,323.701112979732,-2.823567043201952e-06,0.1978119512378203,96,69,97.94805884691732
14536,915.1644142172424,160074.873028337,75578.61099611278,76856.99713164933,2309.1267492391635,874.7337360239617,533.1770548131608,396.54383177525597,-3.618375646491729e-05,-0.3570470624673442,96,69,97.94597435720333
14537,915.1677686659272,159968.67227823005,75521.40120885329,76858.92138625035,2565.88996032835,927.6569716249942,563.775648462004,459.1219435255043,6.120954130732918e-05,-0.5447649459207866,96,69,97.94387731534904
14538,915.1849786312556,159922.57435380953,75543.24889018667,76855.75178662613,2746.704341122997,952.5287789407012,577.64764343758,523.471848716581,-6.25888699535936e-05,-0.2259296179142295,96,69,97.9417677642598
14539,915.187381438072,159895.44331328638,75537.94725177903,76868.64650787189,2841.1568760016817,951.3448225040047,576.1768106063246,572.2566784738738,3.979191846673692e-05,-0.2643333119681934,96,69,97.93964574755476
14540,915.2043814985532,159865.7484503301,75535.59593646783,76846.62233253826,2869.916725619987,935.190112148397,565.4816993775021,622.5366381659114,-1.627464432592576e-06,-0.26463126240697,96,69,97.9375113095644
14541,915.2077426192365,159835.86009196736,75549.1290673437,76825.3199114326,2838.3447095646407,907.7390656503121,547.9925536124792,658.4433045798505,-3.716083842682904e-05,-0.2345765646384184,96,69,97.9353644953298
14542,915.2248899337628,159778.43127929512,75542.35360375205,76827.92180916008,2775.387630890822,878.8802829821361,529.2489234865934,698.6909821473528,6.15902130311127e-05,-0.2472276966359603,96,69,97.93320535059902
14543,915.2272715568768,159777.8299631512,75529.87768346845,76833.95717507957,2687.462004667439,849.0732798863901,509.89310965291224,726.3995323065319,-6.222616434770302e-05,-0.2255483856977231,96,69,97.93103392182634
14544,915.2443560950128,159756.92493278402,75536.25558487761,76834.40137621564,2600.5090589655447,825.0370372277539,493.54588974037324,762.0701637583261,3.882603089820254e-05,-0.2296395607625533,96,69,97.9288502561696
14545,915.2477106773616,159703.08637707456,75532.6830541145,76880.88145886065,2513.5001940304646,803.7254024486901,478.5996575721074,786.4790608311887,-4.315635103736076e-07,-0.2335992127709317,96,69,97.92665440148794
14546,915.2647966329872,159712.5463933027,75528.41768895718,76860.1726866153,2443.624594345398,789.1522983506293,466.74396211924613,818.2018050707411,-3.81247835643073e-05,-0.2318119453431118,96,69,97.92444640634008
14547,915.2671653499448,159687.6704659108,75557.30505445352,76824.59872313762,2381.9233281858033,776.4319006386941,454.94115141103975,835.9678497839777,6.194988881653528e-05,-0.2248974059638868,96,69,97.9222263199814
14548,915.284337935174,159682.3835699904,75526.08011421033,76808.54090566153,2340.2226779435878,769.0751114266022,444.5123929567635,860.618649317068,-6.184271489187131e-05,-0.2199722769521646,96,69,97.9199941923625
14549,915.2876711880106,159631.5437685923,75538.49660292147,76861.95101510116,2304.4654680540552,761.5181894240959,432.58065640940913,870.7093637562357,3.784766430856623e-05,-0.2198458576166878,96,69,97.91775007412618
14550,915.3047004692634,159657.5434507194,75528.71156033127,76867.8215576616,2282.5695847637253,756.7901640102064,421.3529019621783,887.6646302620356,7.637323440895322e-07,-0.206014566700405,96,69,97.91549401660544
14551,915.3070625158822,159681.55297393491,75532.78424132142,76861.1847475659,2258.661810340709,749.1549209554796,409.2075360630115,890.8303826751944,-3.907527492300191e-05,-0.2031948675774844,96,69,97.91322607182074
14552,915.3243274725028,159679.53659808764,75508.99010215618,76833.60969678339,2241.338262669684,742.325574071001,399.68080654079677,904.6586644897179,6.228846067985502e-05,-0.1932214858677517,96,69,97.91094629247806
14553,915.3276218051468,159679.29685497342,75539.27100105939,76849.52096862553,2215.5486801044317,731.1302826614265,391.51332040294074,907.3575560897007,-6.14386639755896e-05,-0.1838491347731337,96,69,97.90865473196588
14554,915.3446043480384,159644.513174453,75543.0407201855,76858.55964977943,2191.6015800150344,720.2402518100716,387.76541648225975,921.388449397753,3.685715627651272e-05,-0.1783593125368282,96,69,97.90635144435294
14555,915.346961255928,159653.22123942166,75530.19580445254,76851.3851796822,2157.8553236963926,705.8318755109649,386.11599262882373,923.5910254589107,1.9580204372624583e-06,-0.1749087038216761,96,69,97.90403648438578
14556,915.3643268539256,159671.7710327844,75518.39934705073,76855.26267611912,2129.0142052650917,694.0765163155447,388.4887038176239,937.4283795450756,-4.00120005848266e-05,-0.1494470664901731,96,69,97.9017099074857
14557,915.3675578983358,159655.49872431494,75539.20674909964,76847.40638395541,2096.122276187525,681.5149101067509,391.2947339148377,938.2853641073452,6.260582753437397e-05,-0.1279038318148481,96,69,97.8993717697464
14558,915.3845146300029,159666.97629183307,75543.2297088603,76848.26064813165,2075.1480812618975,674.0254081546154,395.7436280916154,948.7566733510466,-6.101416053263251e-05,-0.1262132383247571,96,69,97.89702212793104
14559,915.3868548241414,159680.5038418616,75544.93632748682,76855.85253784111,2057.8215097286156,667.7222839730821,398.38355222393875,945.4781773132563,3.585484887054228e-05,-0.1212056923017545,96,69,97.89466103946998
14560,915.4043452613212,159690.70792505535,75542.49430919808,76841.8361780008,2059.314449439291,668.0528047385305,401.28471807710594,953.8231270556571,3.1508988917643325e-06,-0.1397511183648169,96,69,97.89228856245728
14561,915.4074638744576,159672.687908099,75521.05737782402,76840.00023714606,2067.4121064670617,669.9550595084002,401.77765043466934,949.9947883826098,-4.093465327104807e-05,-0.16082600021135,96,69,97.88990475564869
14562,915.4244563987704,159704.65427992318,75529.77067456354,76849.41121581125,2091.7856867500814,677.5272696068423,402.5932203216944,958.3246422147786,6.290189563627489e-05,-0.1503128875710802,96,69,97.88750967845765
14563,915.42670143913,159692.76042677494,75543.35720852937,76881.25850452365,2115.664371831692,684.6260039682529,401.5292261694849,955.3988996569242,-6.0569360884887785e-05,-0.1964270931145723,96,69,97.8851033909538
14564,915.4444712087674,159712.38950482084,75542.30377009105,76863.662024453,2145.7410842624377,694.5319077773456,401.5088547487394,966.4258963782922,3.484108681323067e-05,-0.2357406935226493,96,69,97.88268595385868
14565,915.447010975162,159712.45434114282,75551.72527278755,76898.60642176567,2163.1893767687725,700.0117530159478,399.88779611096834,965.2899488341063,4.34196636794965e-06,-0.2418469668122731,96,69,97.88025742854371
14566,915.4637476469036,159709.09065948514,75524.88590511632,76884.36287558833,2175.7038278707187,704.2136410988751,399.2005364992365,975.4638466935721,-4.184293063414594e-05,-0.2607886946390502,96,69,97.87781787702652
14567,915.4668154057982,159699.62379659203,75573.8924346337,76871.2258206202,2169.287620809395,701.3366038978857,396.79491063349997,973.0378701529698,6.317657879276731e-05,-0.2656452194372959,96,69,97.87536736196805
14568,915.4843578839792,159707.39428564158,75528.53835500203,76834.41728621253,2155.1108746013488,695.8119594964082,394.86338212538976,980.114520498726,-6.010442746630697e-05,-0.2596673846152389,96,69,97.8729059466698
14569,915.4869360593036,159744.9237774835,75519.06571350232,76876.83632241725,2122.1119354775874,683.2485241103714,390.360977794684,972.1960923602455,3.381621948883377e-05,-0.263085464192528,96,69,97.87043369506996
14570,915.5036470521482,159761.39794869162,75560.20203869468,76878.06380560176,2083.42800086207,669.3527193971095,385.20485009637196,972.3131263934192,5.530822347751132e-06,-0.2597691674586922,96,69,97.86795067174091
14571,915.5068204140194,159768.96342387158,75569.09153926841,76894.071967555,2029.1540140149882,650.5425812826725,376.25441916284035,958.3129236887617,-4.2736535675001385e-05,-0.2650726041741278,96,69,97.86545694188554
14572,915.5242871582057,159793.08064820457,75550.99510827327,76893.67652638089,1971.2382671669475,632.0681091850711,365.3798710414849,951.973021068552,6.342979749063297e-05,-0.2557577878651539,96,69,97.86295257133392
14573,915.5268312137608,159780.72705467077,75538.628858051,76897.90016067059,1899.2899978496716,609.7203697445075,349.99509866783046,930.776591736998,-5.96195299136691e-05,-0.2461062208610443,96,69,97.86043762654036
14574,915.5435724307508,159823.62155620693,75568.84403499088,76865.56117669492,1826.2384908657987,588.4613099412963,333.2075015347509,917.317396960716,3.278059937230631e-05,-0.228372340171059,96,69,97.85791217458
14575,915.5468135695572,159870.49097280615,75569.50164524329,76910.25261735286,1744.0358235500753,564.2392193150445,313.8884176694555,891.4554380508489,6.717067068927511e-06,-0.2216121296783115,96,69,97.85537628314464
14576,915.564217806862,159879.7898857917,75583.11254780636,76890.80444868069,1666.236398993351,541.6500817449851,295.9128237700206,874.3576559755602,-4.36151760107263e-05,-0.2284945524607367,96,69,97.85283002054052
14577,915.566719411622,159933.42702466113,75570.14902049629,76904.78243479691,1585.2086165770888,516.5199325617432,278.29751301946817,845.8356984034181,6.366147998161482e-05,-0.2206616903921101,96,69,97.85027345568396
14578,915.5835107781846,159973.44293385613,75583.52399548583,76905.54962121266,1513.906785882078,493.4148123654886,264.39734269707697,827.0144030703523,-5.911484399137764e-05,-0.2205353035416763,96,69,97.84770665809792
14579,915.5868021498488,159993.5787723282,75573.38958867703,76911.53031510647,1443.437005055428,468.3264465529064,252.1674197850516,798.7687687240832,3.1734582534527165e-05,-0.2199871952443432,96,69,97.84512969790909
14580,915.6041441118026,159973.6520705753,75551.32161714013,76902.0357479719,1383.229427690152,445.437212310484,243.30027860807604,779.2120685484842,7.90030240717173e-06,-0.2051311104738587,96,69,97.8425426458432
14581,915.6066058665348,160052.03531481943,75580.57490331086,76904.36912929872,1322.2860391595168,421.0264209782181,234.45827210490825,748.9731842815236,-4.447856485293676e-05,-0.1981941409508003,96,69,97.83994557322262
14582,915.6234590427308,160087.4819978129,75566.37047546601,76905.62435350519,1269.2252107629902,399.831612965354,226.75043817746337,726.2325776248472,6.3871561755633e-05,-0.2018351356712978,96,69,97.83733855196168
14583,915.6267871862192,160107.7266867173,75597.049699443,76917.36688628404,1214.1390970865614,378.8077727273485,217.18598938680952,693.8542735378142,-5.859055254437602e-05,-0.1965757854347828,96,69,97.83472165456344
14584,915.6440646198232,160141.37188803247,75586.64398335881,76910.31020045486,1165.8733295429847,362.237501829688,207.6421955350088,668.3483146089129,3.0678528037399464e-05,-0.189152725791685,96,69,97.832094954116
14585,915.6464929756946,160205.9748158687,75568.94316417383,76909.99168717142,1116.1223346215556,346.6441095435439,196.52520535234362,633.988329686952,9.080131304821826e-06,-0.1847480124058912,96,69,97.82945852428844
14586,915.663415976112,160227.7532290187,75594.70023832502,76879.27752195997,1074.5447390103946,335.4979723398137,186.97388939122902,607.3267957760545,-4.5326420728553e-05,-0.1738585776292556,96,69,97.82681243932716
14587,915.6667683054064,160232.3365374606,75571.85872021037,76898.27470142543,1033.211602795869,324.72447109170025,178.0754095360462,574.1929052092019,6.405998541919323e-05,-0.1794776563196486,96,69,97.82415677405196
14588,915.683979126174,160291.0934765456,75586.57485520706,76909.62887162642,999.4690149469534,316.70079160381283,172.41228808450978,548.1484549914894,-5.804684457659183e-05,-0.176121815296152,96,69,97.82149160385228
14589,915.6863822599046,160346.7149141558,75601.53856746948,76897.1838488785,964.1564845423563,307.2721922161727,168.09525097568985,515.7140936305223,2.9612798453810976e-05,-0.1618505459706652,96,69,97.81881700468293
14590,915.703380814674,160359.58348755326,75586.05246011996,76910.38005077849,933.1578099582111,298.9233694746654,166.40996655478375,489.3645360402006,1.0256158062897696e-05,-0.1637122093958655,96,69,97.8161330530607
14591,915.7067446701036,160357.35310569825,75571.95052890039,76902.10904819764,897.2105560438358,288.17552976019215,164.45860384812113,457.10278878259123,-4.6158467588841264e-05,-0.1631601037161485,96,69,97.81343982605966
14592,915.7238880236154,160436.71855492753,75593.58745248521,76916.63684262877,861.2135692596785,277.63511924029444,162.68024624034297,428.9074300597131,6.42267011287753e-05,-0.1584553136925569,96,69,97.81073740130786
14593,915.726274793972,160468.14215660328,75601.34852896596,76907.5192817897,817.4318093372276,264.7757353291672,158.31522722993395,394.80476213802467,-5.748391568715309e-05,-0.1853779551446623,96,69,97.80802585698252
14594,915.7433529679056,160500.97680078525,75617.78780271139,76924.11436438527,772.2225011119153,252.82751872700464,152.412119841174,364.1046973261691,2.8537759035483034e-05,-0.2051520222744236,96,69,97.80530527180622
14595,915.7467152259064,160530.28814966633,75621.30457517855,76916.81356730188,720.5939247764181,240.0679180118168,143.34081450622762,328.923156066041,1.1427988585586196e-05,-0.1993534659145144,96,69,97.80257572504313
14596,915.7637921436426,160557.50153676866,75565.01508660181,76895.53149802677,670.0371238812222,229.419329816752,133.07722700596787,296.1772578203527,-4.697443446729541e-05,-0.2118553421604209,96,69,97.79983729649416
14597,915.7661712684804,160620.23898516482,75640.1092864884,76914.57464186328,618.0698091267259,219.13353943816037,121.17562365849153,260.1010074308724,6.437166625680854e-05,-0.1829422609094786,96,69,97.79709006649338
14598,915.783332001125,160645.72499842942,75597.6851898277,76919.70266713046,572.4580390893389,211.115656081849,110.18970271927537,226.03470612858655,-5.69019677857366e-05,-0.1656703338452712,96,69,97.79433411590314
14599,915.7866787039426,160677.1295546366,75611.28580234344,76908.47090403787,530.1485028202878,202.64921588415746,99.71139950753422,190.21543286641827,2.7453778383109344e-05,-0.1879775795087608,96,69,97.79156952611028
14600,915.8036928117508,160696.547284555,75587.18552767405,76899.59039316094,494.4700657702051,193.76102457253728,91.16348713741172,155.7431017634226,1.2595230087001376e-05,-0.1797064518270734,96,69,97.78879637902176
14601,915.8060718419168,160753.74764621878,75593.52215421127,76909.98976754952,458.1358597658109,180.84275468584383,82.77948723320151,121.63823813502677,-4.77740565702613e-05,-0.189609851757708,96,69,97.78601475705976
14602,915.8233178458504,160775.07639694502,75583.85069231942,76927.77652536864,418.63825016398914,163.01424336744822,74.25695245905081,89.35858067829395,6.449484553982562e-05,-0.1905210080674792,96,69,97.78322474315824
14603,915.826633364119,160848.6190553397,75607.02111572886,76912.70251351465,366.1871083492297,137.49533318569593,62.95008864265401,60.56760117970407,-5.630120908039888e-05,-0.1787845582946801,96,69,97.7804264207578
14604,915.8435922138708,160818.34736424687,75591.7343953786,76891.80057235574,298.62021299201297,105.21443261450622,48.70617457231856,34.71915441250894,2.6361227464240068e-05,-0.1776068883936128,96,69,97.77761987380116
14605,915.8459755901616,160841.18827864924,75603.26980178841,76894.12045311791,214.58881821477553,68.01356737394235,31.246215455437778,16.33273947885027,1.3757492291239971e-05,-0.168907636257048,96,69,97.77480518672937
14606,915.8633115590362,160853.1502533973,75586.84874291407,76853.86982734603,124.61101375083672,32.22369502624497,14.044610536744585,2.363468978466699,-4.855707466804673e-05,-0.1669393308081392,96,69,97.77198244447652
14607,915.8665759718892,160867.61553468174,75570.28865398574,76880.91273449651,44.81395279505523,6.087331618837197,1.3554148861730937,-0.0,6.459621138608773e-05,-0.1527407448672339,96,69,97.76915173246564
14608,915.883494865823,160865.31009391972,75542.86686262795,76888.16732717492,-0.0,-0.0,-0.0,3.835827070462983,-5.568185378219729e-05,-0.146214060126512,96,69,97.76631313660415
14609,915.8858783001504,160836.84668949913,75537.39357853637,76858.07247099538,15.62247397750616,23.584470284200506,15.663431027205661,23.21135768041131,2.5260479980657927e-05,-0.0980533761472078,96,69,97.763466743279
14610,915.9033186742053,160812.17447093254,75539.46916680993,76842.48798302928,112.77926449093502,82.85216358028993,52.88211959504406,48.58155084736063,1.4914386135118529e-05,0.1119263420967279,96,69,97.76061263935212
14611,915.9064965342676,160770.77931716503,75541.79977094158,76839.33029182254,302.72129985142965,178.98590457729006,112.06204355176305,90.82573431357741,-4.932323493447461e-05,0.312463714010424,96,69,97.75775091215571
14612,915.9234164449388,160687.19067682014,75533.11501156847,76868.79775672677,580.7783275870024,305.52819518018805,189.93419268424623,137.0811056100647,6.467574293778772e-05,-0.0338695553901157,96,69,97.7548816494876
14613,915.925756364768,160638.2606667765,75514.49722201363,76819.13405259165,930.1601416813792,451.739054154139,279.33303496288136,199.25812801765278,-5.5044122617118766e-05,-0.490372786855901,96,69,97.7520049396066
14614,915.9433823529388,160586.64737380008,75506.9086269025,76829.10307832644,1319.3142383040977,601.4773299970984,371.0253616567643,260.28550186631037,2.415191240123625e-05,-0.2465856053193187,96,69,97.74912087122765
14615,915.9462918810927,160477.0076727411,75513.34175401296,76852.89023564396,1715.75117830612,740.8452956287947,455.77346771073644,334.66570459955256,1.606552480198656e-05,-0.1358729627641257,96,69,97.74622953351673
14616,915.9638921225136,160444.15821991448,75505.15151261151,76831.99741582386,2082.85088914691,856.1224228931387,525.89974619227,402.8514021465671,-5.00722898060869e-05,-0.1987455518622145,96,69,97.7433310160866
14617,915.9660843380852,160319.49297423544,75527.52814336249,76806.42008360631,2396.784097049327,941.7762316432782,577.2670721916074,481.58554530204856,6.473342757250138e-05,-0.1255025179515237,96,69,97.74042540899136
14618,915.9831956051064,160284.54800589924,75514.1146775195,76791.52999939828,2636.5198499577236,994.2277775966068,608.5083082790079,548.2021947636676,-5.438824214983947e-05,-0.1404882948851754,96,69,97.7375128027221
14619,915.9863526106502,160183.61418421884,75526.5171568165,76833.20345120788,2799.3782359748147,1018.4229766193021,621.8378036831273,620.6064177973603,2.303590359647881e-05,-0.1270418925537792,96,69,97.73459328820168
14620,916.003757171498,160111.0930024146,75486.50320682194,76815.749252464,2883.993134066579,1018.1680661404534,620.30810271058,675.6729535616469,1.7210524028564393e-05,-0.1370490203938635,96,69,97.73166695677978
14621,916.0060094789624,160041.18535698042,75506.53111127469,76824.52672548174,2904.9620072758407,1002.6827346102073,608.5805829626333,734.654910756828,-5.080399741102467e-05,-0.1524496902750294,96,69,97.72873390022797
14622,916.0231304027884,160005.74044363605,75487.92898682109,76801.11500473821,2871.1992603997933,975.7809041657456,589.8114654890378,772.4476797856332,6.476925929670892e-05,-0.1339370732968083,96,69,97.7257942107346
14623,916.0263518305233,159972.55193231002,75494.82976964855,76779.7516324855,2804.0107104054186,945.1098623462021,567.8601232676592,813.3474147189409,-5.371444502492544e-05,-0.131725821904048,96,69,97.72284798090033
14624,916.0436512926996,159928.8902424109,75486.51973211934,76807.77404603262,2714.048899853544,911.7071636020701,544.557460045995,833.7533714884194,2.1912834293692748e-05,-0.1317472688986698,96,69,97.71989530373207
14625,916.0459139072184,159867.48889715772,75503.47204185514,76795.879045482,2622.0738815875957,881.0685535334633,522.8532330366143,861.4697869317315,1.834900145030447e-05,-0.1051781500784942,96,69,97.71693627263896
14626,916.063089883209,159895.02306787705,75474.60340518678,76774.12162838665,2533.7264532838017,851.8949497411231,503.53328424235224,870.0490003369632,-5.151812191506692e-05,-0.1013809406940868,96,69,97.71397098142666
14627,916.0663324539274,159854.92789753617,75465.83053951456,76806.20256703618,2463.770419110544,828.4967211539479,488.61607728377567,888.5615115406108,6.478323994222389e-05,-0.0983172946767476,96,69,97.710999524292
14628,916.0835508349096,159841.8701109493,75490.98068256097,76748.47827458085,2409.2203000894515,808.2612019089429,477.3247288201237,890.2735013958882,-5.3022969726708426e-05,-0.0776527327922841,96,69,97.70802199581846
14629,916.0858133389758,159807.41822310592,75485.9273499838,76803.48442349682,2375.7601495439303,794.3190366957424,469.84287218700047,905.2741361079097,2.078308767811298e-05,-0.0786559585609922,96,69,97.70503849097058
14630,916.103063928916,159781.2707663932,75496.07401163866,76794.06886390006,2350.3348648221,782.0424244621681,463.3169100289524,902.8012800301076,1.9480577369256863e-05,-0.0653792532931797,96,69,97.70204910508892
14631,916.106299659508,159769.1096586925,75489.15982967429,76791.18352876767,2332.6353638908477,773.4043496850645,456.8478858949966,914.3053264538466,-5.221443371104842e-05,-0.0415345995906392,96,69,97.6990539338846
14632,916.123452769984,159755.3203677669,75506.50439700118,76792.47108693398,2307.4191076186253,763.0490801528649,447.60907803077134,909.993763744802,6.477537837478402e-05,-0.0188521048280468,96,69,97.69605307343406
14633,916.1257106975032,159777.79803181326,75492.86700685215,76775.88457608565,2277.1335130554507,753.2223871876922,436.09213875213754,922.7415569053846,-5.231406034977191e-05,-0.0099207094577286,96,69,97.69304662017436
14634,916.1430510636972,159760.80015934023,75504.22087193555,76756.7892600203,2231.6516391835175,739.1009044715756,421.4538966646069,919.0569841685647,1.9647049120758632e-05,-0.0019667540878385,96,69,97.6900346708966
14635,916.1462519590616,159710.5141097627,75467.0779744482,76793.02037795137,2181.760106282367,724.7392781993403,406.5676835355989,932.6853422829881,2.060487444878655e-05,0.0141800361985572,96,69,97.68701732274214
14636,916.163360136086,159706.79912086777,75450.82555430231,76783.96150435407,2124.7876892423956,707.1801026313042,392.30879724837723,930.1461659146298,-5.289270914141936e-05,0.0183790444209073,96,69,97.68399467319604
14637,916.1656028216112,159671.62495383568,75483.39886933516,76797.11651097164,2076.2770326673635,692.0284287021786,382.23695075223804,944.9592860394623,6.474569121187968e-05,0.0249828229269895,96,69,97.6809668200822
14638,916.1830565234062,159651.9338474767,75460.35273434792,76784.05289082465,2033.3825293779955,676.7346686196106,376.5156534129055,939.9520618058741,-5.1587967240479794e-05,0.0035875562272992,96,69,97.6779338615578
14639,916.1861791473054,159661.04630112875,75458.3749857837,76760.93332873836,2009.2751070596278,667.2413218072616,377.27137408667477,950.9671063527057,1.850510532570207e-05,-0.0238297202627442,96,69,97.67489589610804
14640,916.203288932124,159650.9725095778,75461.9216098224,76778.08175512408,1996.1292198489537,660.6145102155715,382.63053243100876,943.0448836801515,2.172151830613249e-05,-0.051947766709976,96,69,97.67185302254023
14641,916.2054655218932,159602.69435002506,75458.14864703194,76774.74978991153,2001.2703204603167,661.8150033512211,392.64619572414085,953.2249252948095,-5.355273078561633e-05,-0.0873475113658631,96,69,97.66880533997916
14642,916.223124322519,159636.65206560798,75479.14249793715,76780.03861853438,2011.171068104857,666.1784257309919,403.66500710480614,943.7211472241033,6.469420219950882e-05,-0.1095563808402409,96,69,97.66575294786072
14643,916.2259806559978,159598.46285133125,75482.11425732961,76799.45486271147,2031.0955204660422,677.4192114564066,415.0201029742602,953.8358940239123,-5.084494583097446e-05,-0.1134582016787625,96,69,97.66269594592688
14644,916.2436577064956,159611.78390991234,75442.20187481954,76769.09183806165,2047.162320986332,689.3172610290057,423.14400644003763,945.2423129638191,1.7357645323370943e-05,-0.1126022477710643,96,69,97.65963443421995
14645,916.2459042506744,159568.1380175945,75445.25967501377,76779.07603321892,2065.8744673053734,704.1626478940889,428.2914365240722,956.7120293939952,2.28301371927304e-05,-0.116227037592426,96,69,97.65656851307703
14646,916.2629253655164,159538.75355465309,75495.50846574825,76773.96075244473,2074.6525005134754,714.5122553861293,428.2909222903836,947.6198942789924,-5.419428767342843e-05,-0.1054593329949491,96,69,97.65349828312476
14647,916.2660407614592,159556.4589481507,75442.31538654078,76736.56805937132,2080.791753419384,722.0782165449054,424.969378838432,954.8307936767524,6.462094233158875e-05,-0.103921626492576,96,69,97.650423845273
14648,916.2835367382892,159496.31268776863,75439.30212704926,76732.14099536938,2072.8811619073967,720.2717642098869,417.6416697301611,940.1075782578846,-5.008525730504672e-05,-0.1365879329114669,96,69,97.64734530070994
14649,916.2858216696392,159566.29843118193,75427.34280399393,76777.19672324618,2058.8161717198673,712.529079437576,408.9607510349888,942.6981246407668,1.6205059267332898e-05,-0.1234779972252099,96,69,97.6442627508963
14650,916.302854533441,159530.98093415503,75441.65379799606,76758.55039594069,2027.1442268323735,694.2692416072387,398.10938204079866,922.5886706682213,2.3930362149915125e-05,-0.1126578486054733,96,69,97.64117629755904
14651,916.3060406995644,159554.40132678128,75462.65971710342,76776.91878339874,1986.6780257675564,671.1847974537086,386.9904981109139,918.2310545395594,-5.48171750933872e-05,-0.1375798340722231,96,69,97.63808604268672
14652,916.3234433828364,159552.39125973612,75453.64133794824,76759.98827644375,1928.6365884026745,640.9321784226195,373.95375080395024,891.625639517355,6.452595001723568e-05,-0.1367662200162118,96,69,97.63499208852264
14653,916.3257179463824,159520.4744310264,75470.52275740985,76739.6580953788,1864.342909363564,610.2582535455149,360.2200144007802,881.8349526196253,-4.930916848376494e-05,-0.120335070379017,96,69,97.63189453756046
14654,916.3428081967204,159531.98882610467,75444.90653733304,76762.34503253149,1786.581332140835,576.488633396264,343.90449027577415,847.9895986028132,1.5047739354568764e-05,-0.1151161805322036,96,69,97.62879349253691
14655,916.3460241522685,159574.54886744474,75466.36182719294,76755.54800948527,1707.8151517614024,545.3523784792342,326.6322428068088,828.6250199405476,2.502182782596608e-05,-0.095855392943428,96,69,97.62568905642756
14656,916.3633540207396,159583.22482554344,75459.88447512567,76775.15100272169,1622.1692425194196,513.3346154616738,307.44728105550166,786.4349321800983,-5.542119492612241e-05,-0.0967215338294731,96,69,97.62258133243982
14657,916.365608434466,159622.83301767608,75466.5056635387,76717.3623095403,1541.723034029419,485.063523916906,288.6725567949761,761.7080543190241,6.440927118535713e-05,-0.1059211885941921,96,69,97.6194704240082
14658,916.3827769326402,159620.84496871114,75459.76958792166,76740.34511076807,1459.0117076229653,456.09211999262334,269.5461739115126,715.5695607424714,-4.851695156650287e-05,-0.085206137876266,96,69,97.61635643478728
14659,916.3859957158404,159679.2633054951,75465.31450141751,76741.8759698126,1384.340439666761,430.65979549704934,252.11473416525405,687.9430210615974,1.388607877490458e-05,-0.0861911335054717,96,69,97.6132394686473
14660,916.403265830759,159677.27127070338,75450.83740568746,76756.8953621789,1309.6878562433994,404.8539975670283,235.3045756877982,642.3299463646545,2.6104171518247064e-05,-0.0805256740103163,96,69,97.61011962966714
14661,916.405495863084,159694.91950595516,75460.61384373011,76752.02433457413,1244.1029227651306,383.151923450685,220.77196802487015,617.5171919541317,-5.600615525099374e-05,-0.084054322795448,96,69,97.60699702212916
14662,916.4227597198212,159728.81271149317,75474.60277864509,76750.74557352914,1178.6514487752574,361.7604713348701,207.36108337258338,573.4579700030736,6.427095861157106e-05,-0.1117738196604166,96,69,97.60387175051277
14663,916.4259535369392,159742.31638752337,75446.95677663728,76717.36077165154,1121.9863832579576,345.06968010330456,196.8844850609603,547.6001974215615,-4.770888346480743e-05,-0.1202472222767732,96,69,97.60074391948945
14664,916.4431818107148,159761.72485330483,75484.20299658115,76746.43229420176,1066.1362295527942,329.42412212092313,188.50616619747598,502.6143233794428,1.2720471614871549e-05,-0.1000653845469255,96,69,97.5976136339157
14665,916.4453772257324,159782.32519386229,75492.77647408779,76738.23145074706,1019.2515335850185,318.4710839847103,183.74051009790855,475.61597035772866,2.717703394519366e-05,-0.1067481632509657,96,69,97.59448099882806
14666,916.4627617891788,159824.7343296797,75474.20249350666,76729.7633282686,972.7102228447329,307.73787461113534,180.97755624892307,428.01204078047886,-5.657187094716161e-05,-0.1113285700039342,96,69,97.59134611943668
14667,916.4658876862468,159855.28251041885,75457.06057384764,76761.28172803788,933.7582347694552,300.04802644114534,180.54496120740077,397.70397200921434,6.411107289403011e-05,-0.1042714756379052,96,69,97.58820910111972
14668,916.483116801626,159881.37392733133,75467.31347675087,76753.56133311818,894.07058253797,290.83152754856565,179.90070746312267,349.998986702034,-4.688524692798961e-05,-0.1149451609218671,96,69,97.5850700494168
14669,916.4852307284922,159890.55799457635,75461.28103832096,76717.00276308473,859.8868874876644,282.4555757286289,178.68144960395875,322.2003314343747,1.1551313827206606e-05,-0.1136858691769175,96,69,97.58192907002382
14670,916.5028220839616,159922.77678298362,75475.33899701305,76763.35304055506,822.6414426428964,270.54818444148987,174.60241523612058,278.04236996918917,2.824005944379349e-05,-0.1342180241583487,96,69,97.57878626878656
14671,916.5057131040462,159913.439565788,75485.92530190638,76721.89788935003,788.5977457949775,258.1109119574394,168.33358525446965,255.11195913449046,-5.711816325730874e-05,-0.1377739745741112,96,69,97.57564175169448
14672,916.5233706866168,159984.46541141043,75490.63012073355,76757.4108082853,750.6802818270517,242.3110795003886,159.33185572826187,219.29463421777473,6.392968133876819e-05,-0.1239568974073367,96,69,97.57249562487512
14673,916.5257620027036,159928.8934629833,75478.27049401405,76743.23362396777,715.4402469006018,227.1684678458696,149.6577558502031,206.35395078043803,-4.604632940358996e-05,-0.1278852011494185,96,69,97.5693479945879
14674,916.5426356487512,159997.2255662507,75440.59604638668,76724.8860412045,677.077844464744,211.06864260393195,139.70434363087406,182.01550922411843,1.0379001675619845e-05,-0.1206909056410233,96,69,97.56619896721828
14675,916.5457564371252,159974.42932564684,75450.23302990783,76724.31810048253,641.2511721855844,197.74373108362488,131.11822120356373,177.49036346981302,2.9292895858205995e-05,-0.1132399260775238,96,69,97.5630486492713
14676,916.5632736076506,159980.90568971317,75408.47838734614,76724.50862446797,602.0661622607149,184.99951600233908,123.15215281263227,159.87874525182997,-5.76448604883683e-05,-0.0975026930252121,96,69,97.55989714736582
14677,916.565666787096,159978.2487465872,75413.39444707293,76685.10664777066,562.5202165984083,174.25784427196777,115.41663057726691,158.9673701012507,6.372685869913021e-05,-0.1194575938805839,96,69,97.55674456822868
14678,916.582563888175,159956.376751044,75404.7012925488,76688.61002814492,514.213219884492,160.902121930063,105.47071975041763,140.79898835674976,-4.519242345199572e-05,-0.1210992991062487,96,69,97.5535910186882
14679,916.5857509579944,159959.11909690907,75417.55155899533,76687.97000727347,456.923551557702,143.9744129632454,91.97955337323947,132.8227716065012,9.203932417240769e-06,-0.1181781097447361,96,69,97.55043660566828
14680,916.6031968755764,159980.4356163814,75413.58250900255,76685.59874562368,383.1568340603844,119.21583074731461,73.53254408968496,105.82886626859545,3.0335194365355943e-05,-0.1384580060264142,96,69,97.54728143618236
14681,916.6055541048224,160014.80496397807,75414.10568779995,76668.99036042487,295.97516707051545,88.10350608674344,51.30695623025531,89.27905181693495,-5.8151797116927375e-05,-0.1273543521979784,96,69,97.54412561732728
14682,916.6225130149676,160008.9097685286,75405.18485783036,76671.65329625085,197.19111740600783,52.186331089775194,27.992860010563163,56.57193109818036,6.350268699415007e-05,-0.1126415655688484,96,69,97.54096925627738
14683,916.6257336958756,160035.10792947016,75411.15161810067,76698.9791572163,101.97474648279604,19.854166811230243,8.868221746204654,36.98408442392247,-4.43238265153587e-05,-0.120791918140628,96,69,97.53781246027782
14684,916.6431209505888,160070.25134798128,75415.08509707924,76668.78219023316,27.58682025037706,-0.0,-0.0,8.622372800629819,8.026504119235924e-06,-0.1234860821396303,96,69,97.53465533663925
14685,916.6454364525856,160043.5546185354,75386.15694210616,76679.71325170397,-0.0,4.522623523444054,7.405119233066216,-0.0,3.136661040175145e-05,-0.1121543435383278,96,69,97.53149799273082
14686,916.662475883721,160066.6711020448,75401.74677076822,76641.74648214405,41.27568804821931,41.41245699826686,35.274211579031544,-11.222563500195974,-5.8638814702821566e-05,-0.1096019863238096,96,69,97.52834053597503
14687,916.665707689415,160024.31534452617,75384.24956404664,76690.85058361171,169.8175416950835,115.20412211214716,84.64070475418703,0.014456404198426753,6.325725518560703e-05,-0.0964061216557272,96,69,97.52518307384052
14688,916.683043844536,159990.68612559646,75404.29696611248,76685.06012446404,390.67471913120244,222.83311588969082,153.2491578074987,13.378896902839188,-4.344084063898168e-05,0.0630133792261399,96,69,97.52202571383688
14689,916.6853159471896,159981.55207482912,75426.20344210966,76668.47218524577,695.2177877861541,355.33482770815317,235.10993842215976,51.115660837938776,6.847115386153956e-06,0.312330921279256,96,69,97.51886856350784
14690,916.70245211192,159918.81594227854,75414.24141467786,76675.16294848651,1060.7771005718969,498.84236024529673,322.72553676602547,91.72027192122187,3.238680292888727e-05,0.19979812838459,96,69,97.51571173042548
14691,916.7056708014188,159871.5703209879,75412.11092571457,76702.61900990152,1454.088663342758,637.8683803065651,407.24310864973813,153.70969689497724,-5.910576200238135e-05,-0.3504651008114358,96,69,97.51255532218406
14692,916.7229682358716,159784.72769563182,75420.11430324356,76659.45920188742,1839.6677583440323,759.0788564658433,481.7405775889638,216.44775606616167,6.299065968489081e-05,-0.3158467422781927,96,69,97.5093994463934
14693,916.72519018825,159718.122599254,75425.93329317623,76659.65494521428,2183.0517379425582,852.6701554997417,540.4367026407854,294.5683454249811,-4.2543772966222254e-05,-0.0763158436578093,96,69,97.5062442106734
14694,916.7424461682758,159623.52987718844,75420.97199553624,76676.11075110211,2461.497062382463,915.432456619732,581.4935525116161,365.89616319036577,5.666164913603111e-06,-0.170595546506251,96,69,97.50308972264727
14695,916.7456146220982,159534.93350935093,75378.75395374194,76656.46457398962,2660.3911220551236,947.9091711574438,604.2471335205773,442.48086838203017,3.33954351373724e-05,-0.1287964621047589,96,69,97.49993608993584
14696,916.7629059241518,159466.79804379813,75393.12370359186,76672.62976378511,2781.106852398836,956.0531689939817,611.3791930428997,505.194506160944,-5.955249386808188e-05,-0.1163670358429399,96,69,97.49678342015072
14697,916.7650426515615,159402.96621365944,75394.85358376242,76660.20907699403,2829.707557847374,945.6569212300674,605.138546054106,566.2661780121562,6.270300361603436e-05,-0.117544766732898,96,69,97.49363182088896
14698,916.782487138853,159355.5396409225,75349.89224329432,76664.96349080984,2823.8404119997867,924.8846423216455,590.0030112282548,609.9110642212036,-4.163293454322753e-05,-0.1005474573821047,96,69,97.49048139972632
14699,916.7854781404934,159344.9286750461,75373.80461126847,76662.94072598877,2777.187756969186,898.0814080342534,568.6321030523104,650.2988589742163,4.484052032428776e-06,-0.1058740347034086,96,69,97.48733226421116
14700,916.8030443856604,159290.73822271352,75367.77833095139,76657.8145710308,2709.398925357207,870.7130380337185,545.3840587678424,676.5988313230919,3.439217394171519e-05,-0.0934862983708649,96,69,97.48418452185813
14701,916.8056421081033,159256.4385860882,75395.33614621649,76622.09661106515,2630.409295865975,843.6029408219183,522.1639342499839,703.1140113986912,-5.997887264020281e-05,-0.0813996624953407,96,69,97.48103828014249
14702,916.8223388235508,159222.38261896587,75356.84731480373,76650.58502410748,2554.451538739144,819.7475428261241,502.29561193773407,721.0992760761583,6.239439731794932e-05,-0.0735659117594241,96,69,97.4778936464932
14703,916.8254909627652,159225.32198020583,75399.62801347762,76635.02142908954,2484.3008574888227,798.0759996590059,486.01483479654416,742.4284362736216,-4.070864137511944e-05,-0.0718261332539215,96,69,97.47475072828728
14704,916.8429780462334,159183.28260176216,75376.71886647741,76649.9495389791,2427.5370083964663,780.6484812701237,474.5470249221544,759.04309133676,3.301176159165422e-06,-0.0643232187824625,96,69,97.4716096328434
14705,916.8455318993828,159178.2638252825,75369.31749297759,76658.37752586995,2379.917714422161,765.3141942346265,465.7078266960161,780.3974207093706,3.537669123413128e-05,-0.061232428812148,96,69,97.46847046741574
14706,916.8622689600796,159132.27428114475,75369.37164105594,76650.78426277783,2344.1459799529403,753.61477221323,458.9626100687892,797.7410011783941,-6.038476740045629e-05,-0.0464891494634909,96,69,97.46533333918757
14707,916.8654759176878,159147.16245974175,75365.19389449546,76632.31410489153,2311.7068588349503,742.5124904005352,451.2652609705692,817.47373093426,6.206495805786187e-05,-0.0488342921356117,96,69,97.46219835526551
14708,916.8829197376853,159101.49871395962,75359.5005994775,76629.10116652214,2282.871813918173,732.920099539595,442.5320121117984,831.5056329657964,-3.97712136273924e-05,-0.05192695859144,96,69,97.45906562267288
14709,916.8854113142944,159095.98320347557,75360.81426629212,76643.27701726704,2247.968386479013,721.2355604611075,431.20787104411284,844.9407692006498,2.1179364306715924e-06,-0.0280852935434819,96,69,97.45593524834396
14710,916.9022136273762,159110.50128591998,75326.53865316535,76637.61704815865,2209.376782635809,708.9094522059895,419.4342259837431,850.9529816191061,3.6348662446210346e-05,-0.0151954902791684,96,69,97.4528073391174
14711,916.9054557052,159053.44327313456,75378.7000061645,76638.89251183544,2161.0907810235512,693.1978951678466,407.4631526270241,854.3959708627954,-6.077005400146316e-05,-0.0058786222315387,96,69,97.44968200172993
14712,916.9228578684572,159091.41290118737,75366.81952180911,76650.30272443012,2110.6406314526103,676.8607562488905,398.14579485350987,851.5139315848355,6.171481008141446e-05,-0.0019363397253769,96,69,97.44655934281074
14713,916.9252877431304,159083.67338738614,75352.32310791004,76640.77210633809,2057.128855042043,658.4544871338585,391.13231490476755,848.0018574131536,-3.882097558565989e-05,-0.0120321558218904,96,69,97.44343946887516
14714,916.9421693039094,159085.07839259793,75374.85753672496,76634.34802596841,2012.8901990512968,642.4002237434324,387.94526401127223,842.5262107593007,9.34732271529045e-07,-0.0132156548564654,96,69,97.44032248631784
14715,916.9454310241318,159110.51786968598,75348.21346401631,76645.33560022505,1978.6448519048863,628.2668581455655,386.7132092869433,840.4590169841831,3.730776759398624e-05,-0.0022322704372172,96,69,97.4372085014074
14716,916.96279176853,159096.94173567495,75377.49209458721,76677.55043977016,1964.5095940295141,620.6757275791751,387.9732773527503,841.3928453142289,-6.11346159408136e-05,-0.0170599362741246,96,69,97.43409762027986
14717,916.965162378124,159091.3465011439,75383.64599754839,76684.45587061961,1965.6432913168683,618.3992366173334,389.88007863564417,848.3576263299619,6.134408465808125e-05,-0.0430573414892406,96,69,97.43098994893226
14718,916.9821363515086,159049.8949889679,75368.77696640298,76658.19294304604,1985.5367402623524,624.7012355609622,393.85566865012515,859.7215277903597,-3.785825603612452e-05,-0.073337816061064,96,69,97.42788559321724
14719,916.985399566328,159071.5109577563,75379.83209385266,76626.70767044924,2012.6788230490056,636.088770391696,398.93183736817446,875.2383623861242,-2.480373393301665e-07,-0.1185900989224961,96,69,97.424784658836
14720,917.0027235505,159035.12521503176,75359.14072687847,76628.05769890544,2045.6824341605534,653.1283232990681,406.5859543075494,892.1965452717268,3.8253691941523306e-05,-0.1402592775474655,96,69,97.42168725133276
14721,917.005033779814,159033.9674133233,75384.35195184736,76630.89356702672,2071.723981418414,670.0293894520873,414.99446096629254,908.0989316856721,-6.147834308575322e-05,-0.1339719094728454,96,69,97.4185934760884
14722,917.022117897657,159029.7939492581,75378.26033121745,76665.7119865812,2091.869844064,686.2501374511339,424.1019185559999,920.8431306572456,6.09529199990738e-05,-0.1342022464792275,96,69,97.41550343831418
14723,917.0253553591266,158987.84777907815,75387.0940206333,76644.377754298,2097.5860393925686,695.9807275034254,430.47257618713775,927.8989057049039,-3.688338723587479e-05,-0.1243572509629427,96,69,97.41241724304597
14724,917.0426606755592,158984.71775299765,75347.26752590503,76623.49113871696,2093.9621792160906,699.6619468299032,433.02231573386234,929.4883581034082,-1.4299742328981929e-06,-0.1145331925243899,96,69,97.40933499513793
14725,917.0448925142824,159014.96843789975,75387.26792344486,76649.26863698079,2075.8255997324595,693.5656138249324,428.77079411633895,924.2012205528445,3.918612448468638e-05,-0.1150028787937345,96,69,97.40625679925644
14726,917.062130446681,159038.10778230018,75370.95588770225,76645.28951338102,2050.0702351514483,680.7930965779233,418.50174193593557,914.9983170685009,-6.180113293281885e-05,-0.1278949611821333,96,69,97.40318275987364
14727,917.06526515027,159033.621767247,75398.61196902834,76678.6327395675,2011.6259974706336,660.0033407909505,401.9661517313798,900.8756118141755,6.054146052041282e-05,-0.1175368290781125,96,69,97.40011298126184
14728,917.0826916678604,159071.16307894862,75356.82259952978,76685.7736699501,1966.05962436751,635.8193429105886,382.4139935653657,885.4668817379861,-3.5896705923017866e-05,-0.0948432837044435,96,69,97.39704756748736
14729,917.0855302832624,159098.60989368317,75429.42731958954,76693.12425564135,1907.993967382994,607.8830112290889,361.2844939309289,866.3830202346726,-2.6106798302482206e-06,-0.1020483491241301,96,69,97.393986622404
14730,917.1020454854053,159066.56716017224,75453.28722445625,76679.57478651196,1843.100056039344,580.6801915313263,341.87490958641865,846.8498179937887,4.010475943148525e-05,-0.1147544833163784,96,69,97.39093024964755
14731,917.1052368670502,159114.45764131483,75452.28643065548,76684.80051273602,1768.000745875528,553.2711799131503,324.49909896295867,823.3973069442727,-6.210288988288018e-05,-0.1227467383658789,96,69,97.38787855262926
14732,917.1226597886156,159123.36764660678,75408.80842873768,76719.2960282482,1689.9084893124527,528.6715030388441,310.2900030007586,799.6513135827263,6.010985822053932e-05,-0.1233393860957204,96,69,97.38483163453004
14733,917.1254049688334,159184.4903420316,75421.2815715073,76694.88164894411,1607.1124218859477,504.58013486159325,297.58248327235924,771.8409093103546,-3.489855192979667e-05,-0.1094959471061135,96,69,97.38178959829442
14734,917.1419788605106,159224.08910150378,75450.75665165712,76681.1411538681,1527.2392245904193,483.02697891969,286.19669004165917,745.0723457516287,-3.7897571404482537e-06,-0.1081915716472279,96,69,97.37875254662453
14735,917.145209704714,159253.90821813565,75428.39801524465,76696.6074140123,1448.4548298995942,461.58407068497036,274.408397373918,716.0100311440765,4.100929573338755e-05,-0.1065203086906975,96,69,97.37572058197358
14736,917.1626199114424,159243.1277116601,75438.83254914079,76716.24168088117,1376.086170120223,442.0905098500225,262.5625087671797,690.1356709769461,-6.238352537885953e-05,-0.1031871463659472,96,69,97.37269380654092
14737,917.1652787698872,159285.46316686185,75456.33616519226,76745.42302887814,1306.4578904195223,422.3465488854563,250.04291986237513,662.8594843379105,5.965827105124989e-05,-0.0979261783600074,96,69,97.36967232226458
14738,917.1819185268538,159318.6246020394,75469.10107614163,76750.18006823439,1243.0393714382662,404.2070886820002,237.9926868493494,639.5068741152936,-3.3889269358239645e-05,-0.0950834517341069,96,69,97.366656230817
14739,917.185185121136,159361.657008655,75458.16288107968,76704.51712303639,1182.037846129504,385.6737271788734,226.31694548463565,614.6291183576686,-4.966809735890425e-06,-0.0893447217194541,96,69,97.36364563359722
14740,917.2025715462112,159361.16888696095,75447.10559297602,76730.16211949731,1126.228129090683,368.19861513384967,215.80764767507208,593.0515175371256,4.189943756054562e-05,-0.0937313050557598,96,69,97.36064063172668
14741,917.205152259318,159394.34143973052,75436.69941918025,76709.729449012,1072.4799355408177,349.9393184383662,205.94287511066068,568.3886160358379,-6.264295834962817e-05,-0.1032009431855747,96,69,97.3576413260419
14742,917.2218655361778,159413.49228831672,75450.13421707787,76705.68715743675,1023.3822294871788,332.5276122440555,196.86281956741004,546.1822103585873,5.918686420579302e-05,-0.0996075732018272,96,69,97.35464781708932
14743,917.2251609689208,159451.00891779346,75428.57016170154,76700.93618060702,976.423253855959,314.87532969711174,187.94214200464194,520.4699970311194,-3.286920541623748e-05,-0.1127482784965123,96,69,97.35166020511898
14744,917.2425156486717,159467.25905836563,75452.4457533562,76715.42087845517,933.1753392095561,298.677355767868,179.2530299111968,497.15182077744976,-6.141441596867006e-06,-0.1410792259147059,96,69,97.34867859007896
14745,917.2450255053524,159510.71554022285,75455.51778871546,76710.80766035183,891.2933637122624,283.1145984846662,170.649322028592,470.05902427915134,4.277489354601267e-05,-0.1256937954789553,96,69,97.34570307160904
14746,917.261821039608,159538.37905322068,75459.46943926014,76692.70497302934,851.4340151602519,269.38941948684806,162.33915127601358,445.7927843325888,-6.28811145783894e-05,-0.1276178524306986,96,69,97.34273374903547
14747,917.2651348737784,159575.67332485854,75405.65740342872,76739.77922859248,811.771608935378,256.41648947345675,154.3570235245861,418.25890091832844,5.86958090961115e-05,-0.1303582588526018,96,69,97.33977072136426
14748,917.2824536079104,159583.1676569576,75420.76658412107,76778.50457745281,772.2891333762091,244.48491856525652,146.43562125021708,393.74375375616364,-3.1838710977115224e-05,-0.1289565812340956,96,69,97.33681408727618
14749,917.2848982160026,159612.59942611598,75451.89502307371,76711.729111193,732.256918713043,232.4741231247608,138.36736334607122,365.9259818189894,-7.313258303228005e-06,-0.1373630848058607,96,69,97.33386394512029
14750,917.3017865144714,159600.7319415155,75445.64545275274,76719.75974214415,691.4008570524165,220.52092765095585,129.45313592936145,342.0208013395895,4.363537799933619e-05,-0.1272419025799549,96,69,97.33092039290852
14751,917.3051037752476,159676.3694227558,75442.05986120919,76718.55322603579,650.2437328742235,208.32460541253386,119.90845733485185,316.29222100714105,-6.309792737433086e-05,-0.1188414859680099,96,69,97.32798352830964
14752,917.3223879756428,159718.02146690068,75439.45036289527,76731.14988550053,608.1687936205417,196.33332153136143,109.59971008682624,295.5330757712072,5.818528376059927e-05,-0.0980103803324462,96,69,97.32505344864369
14753,917.3247686667308,159744.15506696788,75424.7857118475,76747.42489282711,566.830064773967,184.99482947285287,99.8188665563357,273.0362439880264,-3.079814034814624e-05,-0.1049435994329947,96,69,97.3221302508759
14754,917.3417653017132,159737.28648712207,75449.27605644646,76703.48779480693,524.365613303904,174.0876935320848,90.53244594976422,254.5270840926969,-8.48186679248271e-06,-0.1209210484335103,96,69,97.31921403161138
14755,917.345061539172,159792.98967517592,75443.97356847467,76684.70553485765,482.1519775100751,163.1726249437197,82.63910382590257,231.73051439705887,4.448061019609819e-05,-0.1102156700220682,96,69,97.31630488708916
14756,917.362326985742,159761.07962670375,75461.21816167053,76722.8898434835,435.5323959647212,149.87487008486642,74.51371310229297,208.67345328471856,-6.329333706022915e-05,-0.1278272776187405,96,69,97.31340291317608
14757,917.3654116606252,159810.20175846491,75454.18363889909,76708.08577260205,384.3712842562818,132.6564119848481,65.70859951523016,177.5236643043172,5.765547285878821e-05,-0.1250721054564365,96,69,97.31050820536193
14758,917.3817662242124,159854.22219476113,75450.64821369661,76702.42808900584,321.60729522974,108.74700246709108,53.65474416932557,144.1076906818198,-2.974785046883381e-05,-0.1159534845563506,96,69,97.30762085875315
14759,917.3849861382092,159905.28067015344,75438.31443628241,76718.64323884709,249.34890887781512,79.29626799948164,39.015449123922735,104.50638749514474,-9.646874591758816e-06,-0.1246396971425648,96,69,97.30474096806742
14760,917.402329552917,159956.60054464394,75443.83252846259,76713.93672872713,165.8879590718425,46.022352973071975,21.88241221118369,67.99437232248602,4.531031460237172e-05,-0.1118245514655551,96,69,97.30186862762793
14761,917.405273556304,159979.7070679836,75439.96173651196,76731.13250332615,86.08260812971275,17.099316390318563,7.516707661474356,33.341816669126274,-6.34672915239226e-05,-0.1101254916976008,96,69,97.29900393135786
14762,917.421702614806,160010.5985564552,75486.54827221825,76716.71742040057,21.325905986013822,-0.0,-0.0,11.062065843783785,5.71065670595906e-05,-0.1117613595150056,96,69,97.29614697277472
14763,917.4249459427044,160025.88652808784,75468.92106503103,76727.1546042703,-0.0,6.767681063793134,7.317239419557154,-0.0,-2.868820173932295e-05,-0.116625456682078,96,69,97.29329784498492
14764,917.4423064463136,159997.1716842195,75468.28971606893,76709.53811371377,39.014002337586135,43.46864641760476,32.838763800944434,7.876299221010413,-1.0807891579292393e-05,-0.0545238665918765,96,69,97.29045664067792
14765,917.4451450078444,159995.04736365448,75499.34637030576,76682.00142920097,164.5783797542681,116.57129112169787,80.91679297431256,30.012049125536578,4.612422178986528e-05,0.167618899743869,96,69,97.28762345212104
14766,917.4616363377436,159941.7591293519,75459.94379795688,76735.37529539008,376.9540711623267,221.28803789858648,147.77868967529503,70.28124860220123,-6.361974556952879e-05,0.3247897335816353,96,69,97.28479837115358
14767,917.4649162196952,159922.37678678054,75444.2928113684,76715.34030341795,678.1959028436686,352.3452776368649,230.02101247233804,121.42648873303551,5.6538763845327016e-05,-0.120851128401308,96,69,97.28198148918216
14768,917.4822701249784,159854.37911030752,75445.42873466319,76752.96406431205,1039.1608318374492,494.18593036373204,317.0372380593035,184.60453574880376,-2.7619557713008128e-05,-0.4702755841025883,96,69,97.27917289717368
14769,917.4850189176896,159757.78918323337,75433.54344217671,76707.88511960261,1438.0176946459687,635.9909510042926,402.20011363198864,251.55473770177923,-1.1964528490650686e-05,-0.1642299114594478,96,69,97.27637268565164
14770,917.501573389154,159682.8185489426,75453.42015430033,76735.46631444183,1828.2798932872247,761.1351165227388,474.8564875481534,323.63481694002985,4.692206688293268e-05,-0.1253913101491425,96,69,97.27358094468984
14771,917.5048918482825,159635.35062217264,75423.01322209959,76714.53522044938,2185.6793368059443,863.5825368365768,532.1840137272666,394.23824941029307,-6.375066138022423e-05,-0.1584037073378068,96,69,97.27079776390664
14772,917.5222232414512,159596.38044719517,75427.82165387027,76704.29578631061,2473.662061275798,934.5224998761987,569.304907661106,465.63490958570037,5.59522663075875e-05,-0.0991153147211278,96,69,97.26802323246064
14773,917.5248941746994,159500.810580934,75416.39117972876,76713.40722314923,2689.5011531927157,977.5739571063314,590.010146609653,532.259167313663,-2.6542283953959007e-05,-0.1096297752882432,96,69,97.2652574390443
14774,917.5415156848989,159450.098540876,75433.51258714317,76698.97679326069,2819.037980467663,991.4432040250977,594.2158516434429,596.8789265221567,-1.3116398192103472e-05,-0.0958234222311091,96,69,97.26250047187936
14775,917.544870476069,159404.81494435016,75399.3033364174,76695.31390234017,2881.517682943144,985.594750435921,588.8710885316832,654.3627655869932,4.770359128308183e-05,-0.0767330566653255,96,69,97.25975241871087
14776,917.5621664120396,159311.65210031398,75409.30090834023,76694.46104284862,2878.4140401793993,961.8435723899456,574.9340131853824,706.9836685841437,-6.386000861829857e-05,-0.0752104120376708,96,69,97.25701336680264
14777,917.5647716258457,159268.86382168136,75386.90298582298,76697.84248959823,2838.872686961782,931.2091228117933,559.1104430216656,749.9038017640705,5.534728452039021e-05,-0.0826200670573393,96,69,97.2542834029315
14778,917.5814630479108,159249.36200475195,75381.40719300411,76686.7015770398,2765.0219602121506,894.4587597187347,540.5113525259949,786.4162165195739,-2.545674952983648e-05,-0.0674029491071203,96,69,97.25156261338236
14779,917.58485194916,159245.4173420903,75379.0890618082,76663.81569016456,2683.999516918033,861.1248219887493,524.0386659543728,813.3847772583831,-1.426311532951476e-05,-0.0447818746539186,96,69,97.24885108394264
14780,917.602097458775,159233.08732081263,75396.27405333104,76699.76074727609,2593.919925963739,829.8262656065781,507.25096187734744,835.0323337939335,4.846854166755355e-05,-0.0357216346579493,96,69,97.2461488998976
14781,917.6046567000108,159175.8233115077,75412.96554630033,76721.14769056372,2518.143112305086,807.8997446901922,494.124841918092,848.9283433390374,-6.394776405454125e-05,-0.0174867285234851,96,69,97.24345614602476
14782,917.6214070218527,159193.21317460353,75395.24799625463,76696.09669364779,2447.6682978953468,790.4759477578045,481.1100810353819,859.3483085820917,5.4724033721911934e-05,0.0003449557073408,96,69,97.24077290658914
14783,917.624853113816,159208.12575583585,75400.53314518895,76689.00490327601,2399.515546298353,781.8366530629719,471.69920385989826,863.291972519306,-2.43633258420706e-05,0.0098277506636965,96,69,97.23809926533792
14784,917.6419659587935,159182.89485570329,75412.70819838591,76699.44298684961,2358.444463640626,774.5207379334897,462.1877022780827,863.5684205208381,-1.540429642647262e-05,0.0257840083128201,96,69,97.23543530549544
14785,917.6452711069684,159196.25805065173,75427.55441411574,76703.1427799253,2335.7354970413726,771.0262686840724,455.87927454686724,856.3956992468738,4.921667084478522e-05,0.0280842967367381,96,69,97.23278110975828
14786,917.6615116101456,159202.2517065294,75460.7489721039,76721.43296262778,2311.2818639556062,763.1408327138925,448.6966353114112,844.3952537698788,-6.401391182720418e-05,0.025930240735956,96,69,97.23013676029016
14787,917.664729999382,159229.86321522453,75409.59995648693,76730.07845665305,2294.038609546027,754.1100211727608,443.4879725916253,824.9026488060481,5.4082735986897466e-05,0.0500070113703736,96,69,97.2275023387169
14788,917.6819992963632,159241.79588118382,75484.00899535017,76777.20076575372,2264.3091913427343,737.7597248139791,435.83806345879566,802.240364113386,-2.326238625949624e-05,0.0800015253416492,96,69,97.22487792612176
14789,917.6851244860824,159280.71347645298,75518.98912042327,76781.22245463554,2235.972562319599,720.7614176834904,428.95939773277496,775.4301729603612,-1.6539560275637224e-05,0.1170001379606841,96,69,97.22226360304016
14790,917.7014497967768,159318.7293811818,75497.31203740009,76794.00197537694,2193.253523685329,699.3454458299093,418.69048795927665,750.4267166556965,4.994773700428058e-05,0.1430538457791322,96,69,97.21965944945512
14791,917.7046768321204,159340.96922792727,75502.25622185967,76780.67668809937,2153.5446832575835,681.375787880228,408.7611828748486,727.1188061209978,-6.405844350165598e-05,0.1411260397320663,96,69,97.2170655447919
14792,917.721990514114,159379.0064740814,75485.24493608474,76797.61907009325,2104.328508832841,663.190853942433,396.08860131990514,710.8741140998318,5.34236191283792e-05,0.1145864672711672,96,69,97.21448196791415
14793,917.7249967575966,159352.37004321392,75510.1192837834,76805.69192572267,2066.6763965945574,652.1676346577005,385.949793200969,699.633628220734,-2.215430700131926e-05,0.0630568449635264,96,69,97.21190879711766
14794,917.7413773427148,159351.5166099085,75503.88266336356,76804.5625950161,2028.430123577593,642.9210672417685,376.17346355167683,696.786955729709,-1.766852770340792e-05,0.0184997764101215,96,69,97.20934611012716
14795,917.7446406615215,159368.77877780914,75510.76052344819,76781.12744345685,2009.2015756450128,640.8839480397291,372.12974685354857,698.5105081001238,5.066150467328435e-05,-0.0181087834928501,96,69,97.20679398409044
14796,917.7619653267436,159350.08868077636,75481.89290512542,76800.80567162784,1995.1358600050444,639.5974262736127,371.1454699122114,706.8225485726143,-6.408135742550719e-05,-0.055452733951029,96,69,97.20425249557414
14797,917.7648730830916,159354.46767581723,75487.56780981753,76766.3237275433,2004.0161502345,644.2795012215502,377.3730539708922,716.8238994585408,5.274691648758558e-05,-0.0693810245066896,96,69,97.201721720559
14798,917.781305244085,159368.85766479746,75459.56711170943,76792.34788074809,2017.3521634693607,648.0919490487577,385.992568744201,730.6157205395575,-2.1039466225420225e-05,-0.0793981893424156,96,69,97.19920173443526
14799,917.7846132312056,159315.22049116937,75516.88045320135,76759.7148738386,2047.554511208902,655.817442163243,398.8304450289288,743.6580249290564,-1.8790822256620967e-05,-0.0843680577079014,96,69,97.19669261199796
14800,917.801928481818,159338.8591543048,75487.183014917,76769.78078169,2073.008319195942,660.8431660736096,409.7560207042552,758.5006211342989,5.1357743881004514e-05,-0.0806741659835083,96,69,97.19419442744244
14801,917.8047505204976,159276.5184063336,75467.29975716979,76782.1272419721,2105.1346020383644,668.2530159908492,420.2861544547486,770.7827476740058,-6.408266006250518e-05,-0.0772524079532721,96,69,97.19170725435951
14802,917.8212370561548,159297.17923210852,75486.94180803643,76748.47181998761,2121.5387253857916,671.2083347671723,424.65708493386046,784.1781078379427,5.205286755248509e-05,-0.0588888746492829,96,69,97.18923116573164
14803,917.8245910089936,159271.0390347148,75492.91080199165,76734.12445220775,2134.1927803123835,674.2968600727618,425.3595488128776,795.3027121002378,-1.9918244084952684e-05,-0.0437541133747853,96,69,97.1867662339278
14804,917.8418815709704,159274.5327312346,75475.08784592315,76760.2220554619,2124.4912682712893,671.0400146066968,418.61344529830967,808.5616238507791,-1.990606939761533e-05,-0.056924830048884,96,69,97.18431253069906
14805,917.8446285687044,159280.81849199673,75459.85386122736,76736.01004070553,2108.8259774005273,666.4780861744512,408.9397215906938,820.307100891805,5.203623132254402e-05,-0.0595774829366588,96,69,97.18187012717472
14806,917.8611744141732,159251.98318749713,75440.28061931508,76744.91806402685,2071.193377321528,654.4781552977947,394.03819479909725,834.9513692172186,-6.406236432427471e-05,-0.0406938121810068,96,69,97.17943909385734
14807,917.8645717374932,159251.21251888026,75456.58254840218,76734.01925906968,2029.0827282382525,640.3997776889009,379.0135187258129,847.89670444472,5.1341717471271686e-05,-0.0401521350870318,96,69,97.17701950061888
14808,917.8818253330616,159207.75048019984,75454.5311345234,76731.3984171224,1968.495333849627,619.4782725388941,361.84200798752136,862.363413106912,-1.879102297513937e-05,-0.0273501966286284,96,69,97.17461141669592
14809,917.8845075665208,159205.9034706924,75441.78272044002,76724.7787358975,1907.4217713089893,598.1096862895065,346.93022664266755,872.2235816886532,-2.101389774330389e-05,-0.019854599536258,96,69,97.1722149106856
14810,917.9011181433168,159217.748853631,75428.20204002886,76709.32468914597,1830.6832737122313,572.0517258137261,331.00806273912895,880.829525547073,5.269674940713939e-05,-0.0273120829736307,96,69,97.16983005054168
14811,917.904553647682,159230.0012543398,75435.38125831398,76707.84731684127,1754.7930703351158,547.4047413887602,317.1085888041707,882.2723949695064,-6.402049105934545e-05,-0.0130809602522553,96,69,97.1674569035699
14812,917.921760262828,159184.16784775513,75415.4732080743,76721.22354709069,1666.1501017289702,520.0560537998535,301.6742555627716,880.6511774964747,5.0613716797368455e-05,-0.001505265925508,96,69,97.16509553642396
14813,917.9243882090065,159224.490514846,75438.07164003725,76726.3125768,1582.6212521156995,495.39935010338377,287.7261620324862,870.4069203786785,-1.7658186439156857e-05,-0.003941625937963,96,69,97.1627460151015
14814,917.9410686083193,159276.88649924065,75420.7790750439,76700.62302353226,1491.4536408596323,468.55127313302364,272.1105866251164,857.163997425494,-2.2113938604567543e-05,-0.0168506825553408,96,69,97.16040840494009
14815,917.9445352097102,159274.09661230753,75421.97622469395,76700.0965908136,1410.4791701863287,444.04771850480756,258.1708279818704,835.8688105671317,5.333908662269016e-05,0.0054040577472253,96,69,97.1580827706122
14816,917.9616868300444,159277.6006354114,75433.3455781514,76737.09200032678,1328.4107953475905,417.53413739764073,243.554718603933,812.5170331748959,-6.395706813260489e-05,0.0334800458204119,96,69,97.155769176123
14817,917.9642713460124,159332.6856550314,75429.3552888815,76706.51566984263,1261.8941916257027,393.70272096141707,231.6331228974741,781.7789425577212,4.986912169535554e-05,0.0451386377297944,96,69,97.15346768480474
14818,917.9810258565934,159341.55164469717,75466.36773555909,76719.78293446152,1197.1424209526158,368.6217771419615,219.83567030579434,750.9277425870241,-1.6520120391020582e-05,0.0506351342818483,96,69,97.15117835931368
14819,917.9845150428166,159374.41095162128,75471.79823817383,76724.29902842482,1147.3598561243853,346.89493230618245,210.85236371433712,715.0169656249345,-2.320582580619698e-05,0.0546708615416561,96,69,97.14890126162572
14820,918.0016055728016,159452.31900853178,75467.54662121292,76744.87025238344,1097.9626868769992,325.25693286077876,202.00553123210557,681.7015528784541,5.3963038304219495e-05,0.066975273028473,96,69,97.14663645303288
14821,918.004157875372,159478.54942170813,75494.06565122765,76744.24068479151,1059.8387972441851,307.78039082225587,195.33074652499636,645.3477471548831,-6.387213049878279e-05,0.0710449577127665,96,69,97.14438399413925
14822,918.0209896916156,159538.85952723442,75460.60808818159,76736.671793934,1016.7628379765665,290.7288041877473,187.76041614316637,613.854628531466,4.9108194026930656e-05,0.0529572941459933,96,69,97.14214394485708
14823,918.0244918826234,159544.3904790883,75462.19883507707,76744.19143813738,978.1481615095981,277.070570969212,180.7862717398093,580.0737567383912,-1.537721153207083e-05,0.0403680737479691,96,69,97.13991636440365
14824,918.0415171410611,159546.52246250614,75488.09975126536,76738.27507576003,929.9122099941596,263.0701188030507,171.7221227324335,550.5463195255143,-2.4289196323318968e-05,0.0307434348635832,96,69,97.13770131129652
14825,918.0440486733556,159607.31772809385,75465.63065190248,76733.0236631998,882.4091574976337,250.95016212445626,162.15736316505354,516.695896088524,5.456840553439265e-05,0.0156670180574564,96,69,97.13549884335087
14826,918.0609597213625,159636.73099113986,75501.60175569377,76750.31933944818,823.9297862460371,237.14002279096167,150.1751728261297,486.1732681712019,-6.376572057122965e-05,0.0121542656500158,96,69,97.13330901767532
14827,918.064464569872,159701.27561995276,75506.259853734,76738.19084785962,766.6671632617945,223.74221798576764,137.98102878817008,450.7039546734886,4.833120063177629e-05,0.0156074780655124,96,69,97.13113189066812
14828,918.0814223188592,159734.39737734332,75487.67803212053,76747.4826384979,702.9078216812923,208.30833576757868,124.94394762068987,418.8140884975728,-1.4229848696795943e-05,-0.0116459508510572,96,69,97.12896751801443
14829,918.0839445399276,159738.98350465373,75506.05818026567,76753.57826536772,645.1556814209907,192.9489056339953,113.5788020818145,382.3470305642986,-2.536369037089604e-05,-0.0221994721762484,96,69,97.1268159546816
14830,918.1009354007788,159799.78634433518,75482.49005832626,76750.85600887661,585.5787085826742,175.7630661551666,103.41415772261098,351.18375905475114,5.51549960507895e-05,-0.0216603604385846,96,69,97.1246772549169
14831,918.104432043624,159835.2734085246,75506.55301184312,76732.69048340112,533.7551857749932,158.26108887395822,95.79399289924186,316.0342142424197,-6.363788794584405e-05,-0.0479743112640084,96,69,97.12255147224325
14832,918.1213220399555,159890.4698415404,75479.4808334367,76734.89464475827,479.9718898271094,138.66082771362562,88.9283494091942,285.62839769833954,4.753841369980075e-05,-0.0607959014381778,96,69,97.12043865945608
14833,918.1238461459686,159916.7822095005,75476.57580891707,76765.15981976897,428.39160384773277,117.37847883209179,81.83072342979722,249.1245493919996,-1.3078421598765524e-05,-0.0613256112728087,96,69,97.1183388686201
14834,918.1409160808925,159931.6941838123,75475.89738854778,76743.70562144957,366.39369356038515,92.98391472816002,71.63969999118126,216.2072682181606,-2.6428951090318395e-05,-0.0789105488321497,96,69,97.11625215106574
14835,918.1443933254938,159968.01069171805,75546.07215238911,76744.34463046036,296.81283145741327,66.31602596200537,57.36633250612067,175.8340757570113,5.572262398968798e-05,-0.0779959172569192,96,69,97.114178557386
14836,918.1612174108532,160023.02539328346,75463.73643286459,76775.2748973216,213.2082230867818,38.87238530786999,38.9947029579198,139.0851580002054,-6.348868929341377e-05,-0.0769090566847315,96,69,97.11211813743311
14837,918.163753967987,160063.26851866234,75483.72177570904,76748.21390718374,127.26321116450708,14.609492539049825,19.51185290477588,96.6215156178223,4.673011071818963e-05,-0.0979593104055638,96,69,97.11007094031568
14838,918.1809010812398,160171.28901271336,75501.84945011685,76784.58189906224,47.70985830097925,-0.0,4.303094452014193,63.194381007924676,-1.1923320935047832e-05,-0.1106541922523055,96,69,97.10803701439504
14839,918.1843474741294,160158.09045813707,75485.1129638669,76783.80900213547,-0.0,2.054231749178143,-0.0,30.017246259667445,-2.7484625424544263e-05,-0.0762350353813227,96,69,97.10601640728228
14840,918.2011097663514,160158.2664306516,75533.085949006,76762.57840246527,4.5558021944598295,28.91809662047308,13.547057102288818,12.1673015197739,5.627111022774118e-05,0.101691637983499,96,69,97.10400916583563
14841,918.2036681798076,160182.80205108726,75526.96101370457,76783.95612607471,86.17400890903082,84.25788779502909,48.616899144573836,-0.0,-6.331818874698877e-05,0.3093808055580457,96,69,97.1020153361566
14842,918.2208898248176,160204.63579510685,75526.57261850775,76784.27401920148,255.4645701686386,170.16763518443622,106.45378414832521,9.054227929504123,4.590657410392424e-05,-0.0237210794817508,96,69,97.1000349635878
14843,918.224293458242,160137.4465861273,75518.03560874466,76808.95337124931,514.6703369302559,280.2316489962541,182.14438917124062,26.95479393651476,-1.076493854746879e-05,-0.5075930056633269,96,69,97.0980680927095
14844,918.2410008259036,160144.55796568102,75551.0320196169,76798.36150283476,848.1744804188493,407.26263744576136,269.15036795978085,67.1857958403416,-2.853036341219128e-05,-0.2895520646405716,96,69,97.096114767337
14845,918.2435884106112,160142.49364036837,75545.72044739663,76818.22564734561,1229.8363376655034,537.0885614110157,356.5330350413569,114.98807639692677,5.680028171490458e-05,-0.1567629990426567,96,69,97.09417503051738
14846,918.260882158945,160044.19938657925,75520.14723636182,76841.51918620965,1625.1900170101435,660.4482246675907,436.35443817809573,183.05030211940175,-6.312645703204801e-05,-0.2260523097295039,96,69,97.09224892452724
14847,918.2642297759198,159952.2445879054,75549.45617999349,76820.8069905393,1998.606931480579,764.6934572686296,499.6211794423871,253.01770046749152,4.5068091220081486e-05,-0.1713385159736421,96,69,97.09033649086923
14848,918.2808931939272,159888.23767744,75561.12796525587,76849.61984559793,2321.017547096999,846.8377620569954,544.1616723372135,335.62255091872066,-9.603667108807192e-06,-0.1857827922313803,96,69,97.08843777027047
14849,918.2835130200384,159816.4404024339,75528.67980743178,76825.25205067823,2570.6199862924987,901.4554337783193,567.7603317942994,411.8716400777921,-2.956581884999745e-05,-0.1742933389182001,96,69,97.0865528026783
14850,918.3008793769826,159763.0760363227,75508.74577678826,76822.42661435653,2740.6942977086874,933.3635265057383,575.2641446830239,494.5017649522342,5.730997249030767e-05,-0.1753058116561172,96,69,97.08468162725896
14851,918.3041530399444,159663.37626079732,75532.34063129647,76791.34147190923,2830.7315865318524,941.702703248011,568.7588321748481,564.6174507761898,-6.291357255412205e-05,-0.1857264665473079,96,69,97.08282428239416
14852,918.320792422577,159642.73450266488,75496.85060825356,76778.4142098585,2854.058721250505,934.4880366731959,555.3780048277113,636.799295886769,4.421495452203599e-05,-0.1754397093154894,96,69,97.0809808056793
14853,918.3234359164512,159555.58240278155,75479.43604574217,76761.59577447672,2822.5151337465504,911.7543785799353,536.7667718746525,694.5335380658216,-8.43990028929999e-06,-0.1751566384832556,96,69,97.07915123392
14854,918.340889293038,159517.66506907044,75468.26508220786,76740.26016371108,2757.020339661627,882.3318812317011,518.5963657981483,755.3572043424065,-3.059064877528927e-05,-0.1700593344222718,96,69,97.07733560313058
14855,918.344049477715,159448.2141344612,75468.84374371094,76735.26425041583,2668.8284597392776,845.4171043350216,499.666741976107,801.9882489441079,5.780002310519359e-05,-0.178817995151788,96,69,97.07553394853107
14856,918.3607225203328,159455.37165354777,75488.2803011681,76744.34239811973,2576.0524763949797,809.8062791896227,483.63199160588556,851.8183654246386,-6.26796206377357e-05,-0.1689068529184664,96,69,97.0737463045448
14857,918.3633143406786,159410.13497354314,75482.03441703467,76741.22043889739,2483.686135686061,774.0390646771848,467.75337129371474,887.4103827433719,4.334746084942343e-05,-0.162775798702611,96,69,97.0719727047966
14858,918.3810114709854,159345.66361469898,75460.16522689292,76743.6936482839,2404.779926596617,746.4404786327359,455.38298829158884,926.6400299904053,-7.27403188786893e-06,-0.1617518745717935,96,69,97.0702131821097
14859,918.383357697789,159345.2117668604,75487.95381856788,76749.01232319693,2336.8631904601934,722.7620667360461,443.02609520137776,949.0434147201886,-3.1604514699852926e-05,-0.1428582492299855,96,69,97.06846776850456
14860,918.4002465410366,159365.2912388277,75461.07408867881,76723.67094783111,2288.0836295922636,709.2675033593405,434.2269810511498,973.2683693594881,5.827028096092515e-05,-0.1398163094497913,96,69,97.06673649519536
14861,918.4034416136316,159313.3047371357,75467.71286933895,76723.50687062815,2250.150831686391,699.0847239866998,425.2895375514054,980.6319665992341,-6.242469343719945e-05,-0.123585393447313,96,69,97.06501939258932
14862,918.4208612834708,159313.58800836062,75453.97315053502,76731.64601580153,2226.561570589489,696.0617214335944,419.261704817618,990.2883493089757,4.246591188643599e-05,-0.1194039746429037,96,69,97.06331649028311
14863,918.4232972141008,159346.36445094587,75463.64043025166,76751.31232666565,2204.3132332796813,691.442144234752,411.65103079224355,984.3596511962533,-6.1064563614541175e-06,-0.1029608655914581,96,69,97.06162781706216
14864,918.4401527184698,159348.13726437042,75454.34943007978,76755.13269620683,2186.298304006865,689.6043156644882,405.68244017555844,985.096955748013,-3.260708183696697e-05,-0.1032661581745823,96,69,97.05995340089768
14865,918.4434582472676,159367.25138638835,75454.44003143432,76722.48455422033,2160.2215335784713,683.0000711329776,397.2056984734372,976.2150135195116,5.872059981017951e-05,-0.1271980316312469,96,69,97.05829326894488
14866,918.460759089304,159385.932211374,75456.3375649263,76763.52098576062,2132.745967657829,677.9149351007218,390.2577629921434,978.9424455026456,-6.214889046106127e-05,-0.1323800200887425,96,69,97.05664744754164
14867,918.4632045421108,159397.36426934265,75452.16997271858,76728.98550789944,2096.22525882395,668.7015852381737,381.6355761610612,974.9565147893736,4.157061403206746e-05,-0.1413595091683468,96,69,97.05501596220596
14868,918.4800892192442,159369.79343934613,75456.20901371079,76784.04560332853,2064.4235219720285,664.2595391198556,376.8916580453806,985.1711764115316,-4.937568693847578e-06,-0.1552558729083049,96,69,97.05339883763408
14869,918.4834561604608,159348.32521108197,75486.1368039963,76801.52350995224,2034.3269935977878,660.0348357921321,373.4364502305689,989.7485814293614,-3.359801908883278e-05,-0.1797583484369829,96,69,97.05179609769962
14870,918.5006618684844,159380.41654994283,75478.48188490108,76794.00876203927,2021.9452625843696,664.5135675416823,376.4808810534305,1006.9769132779038,5.91508407484747e-05,-0.2161828268035103,96,69,97.0502077654508
14871,918.5031053173174,159383.5571716475,75463.66333299875,76716.83255802336,2022.607851873734,671.4762998022925,382.2279013628431,1015.6315857950831,-6.185231800962286e-05,-0.2336809748173537,96,69,97.04863386310936
14872,918.5200402226252,159343.3531567477,75471.02362381069,76752.13568980855,2049.171172315371,687.8931477356819,394.6991447429755,1035.5618034011568,4.0661877789554445e-05,-0.2511893079467847,96,69,97.04707441206868
14873,918.5234446603046,159341.51397796467,75504.95497916502,76793.52181992085,2089.941425391182,705.1729812746489,408.3510100597341,1046.1955431652896,-3.767763793673209e-06,-0.2673396168345067,96,69,97.04552943289208
14874,918.5405627573592,159360.55783007698,75494.23075798522,76783.7901207363,2149.502886917966,727.9074097657576,425.49571085814387,1066.45925967957,-3.457699973796752e-05,-0.2763283625718528,96,69,97.0439989453118
14875,918.5430059606234,159339.2780813587,75461.07307259664,76806.0950862361,2208.434797190421,746.1116114739707,439.54698712105164,1075.515691819106,5.956087161770975e-05,-0.2675149183540014,96,69,97.04248296822703
14876,918.5600011202432,159332.28207798355,75475.96195088691,76787.35901576054,2267.826314990234,764.7769537542481,453.0027210259577,1093.650093574397,-6.153508946064538e-05,-0.2830182181924982,96,69,97.04098151970236
14877,918.5634258746448,159330.1083556945,75491.66069337726,76788.93657462407,2307.3712007313734,774.528799301188,459.7779737347737,1099.688759313518,3.9740018308558976e-05,-0.280814354850067,96,69,97.03949461696696
14878,918.5804599219156,159305.7055880126,75499.77917316277,76792.67857909064,2330.952910820488,781.0164776772435,463.15211302562966,1112.0256311607664,-2.5974366394823128e-06,-0.2679851503280622,96,69,97.03802227641263
14879,918.58290939722,159343.67344256374,75483.82955735434,76773.00809904234,2324.1062324870727,776.0399962489464,458.358388715249,1109.1851747771434,-3.554370156824658e-05,-0.2698731883147447,96,69,97.036564513593
14880,918.5999696115192,159331.77186361127,75517.58322458745,76804.80576432933,2298.829730533762,766.9255956017878,450.44341485219775,1111.2613891393703,5.9950566759314346e-05,-0.2613437961432569,96,69,97.03512134322172
14881,918.603400216654,159373.8106380728,75513.7094647667,76780.43461554729,2246.5770977187785,746.3319588909071,435.84899288023007,1097.2452300083824,-6.119732466188745e-05,-0.246142983736495,96,69,97.03369277917172
14882,918.6203530381756,159380.2777207302,75504.17454473225,76778.62005727975,2182.5838806605316,721.84139642636,420.1482520457939,1086.4320295462094,3.880535465882658e-05,-0.2432178819348575,96,69,97.0322788344738
14883,918.622817388636,159400.6632170451,75506.82837834903,76799.67999751907,2099.5680614393787,687.0186421065446,400.13358319184044,1058.8283074405044,-1.4269822861786248e-06,-0.2400128956238409,96,69,97.03087952131573
14884,918.6399440857494,159471.56732316766,75513.03939378391,76824.70941417667,2013.055763117678,650.8932513535256,381.4411167924991,1035.9729234301485,-3.649780595125084e-05,-0.2295529313571991,96,69,97.02949485104104
14885,918.6433675709156,159470.51743018898,75544.44920828694,76800.4265496913,1914.0017941500992,607.8770020319644,360.15006092732074,998.4127776336973,6.031980799468359e-05,-0.23303111990462,96,69,97.0281248341478
14886,918.6602424237288,159515.26820503213,75540.73275392578,76799.68980277689,1815.7780571123585,567.0436384074565,340.72376154508675,966.7473870228569,-6.0839150847112645e-05,-0.2245996933743054,96,69,97.02676948028798
14887,918.662731147358,159596.7510565717,75549.9463968219,76836.41212253328,1708.8637164915563,523.1565719482605,318.7138494013634,922.461170373077,3.785821028452168e-05,-0.2164522895534227,96,69,97.0254287982666
14888,918.6799231607488,159636.28974411657,75564.24305584963,76827.45604033339,1607.5971446303301,485.38516306711244,298.6055168924795,887.6114858704968,-2.567953611744516e-07,-0.2318441639875259,96,69,97.02410279604058
14889,918.683327680705,159644.82512945082,75587.75846911523,76839.12359231991,1502.843425079016,447.80004039347114,276.12652548978804,843.1573074926855,-3.743899984414844e-05,-0.2284619425466758,96,69,97.02279148071791
14890,918.7001287291422,159732.84172856295,75545.58834774482,76837.39870513938,1408.6763676804258,418.2784323867236,255.94114003912546,809.087135370617,6.0668483957672686e-05,-0.2272100903653249,96,69,97.0214948585572
14891,918.7026515484852,159771.55374346417,75571.52384123405,76860.4758029441,1316.4175473603536,390.56847429519985,234.60506646434078,766.4007645778183,-6.046070173074165e-05,-0.2353678388105042,96,69,97.02021293496634
14892,918.7199055221356,159800.5523151665,75561.07084153895,76850.08251529632,1240.0708179236972,372.19408682140056,217.47416598518612,735.3874106577132,3.689891265126405e-05,-0.253514511433318,96,69,97.01894571450286
14893,918.7232803098568,159832.85585508036,75565.7894027536,76854.6032041875,1169.220970908471,356.0235319217172,201.2782089880493,695.8784580717038,9.12729558262025e-07,-0.2435013949278367,96,69,97.01769320087216
14894,918.7400127950684,159902.82438665713,75576.22530827632,76866.58526435282,1114.8702914448804,347.9688140840881,190.8553383142862,666.2181644498487,-3.836697354869929e-05,-0.23929910567259,96,69,97.0164553969276
14895,918.7425792162304,159940.87126559843,75578.0413277042,76881.51145401635,1064.7790402843966,340.18066751779406,182.61317151706317,627.1939699364011,6.099648992696263e-05,-0.2286875022003421,96,69,97.01523230466996
14896,918.759889863904,159950.4385519997,75600.38602294729,76871.1853326426,1028.1145749467541,337.62027618827415,180.48730541794794,598.2893436177692,-6.0062118011582455e-05,-0.2248384893988868,96,69,97.01402392524662
14897,918.7632253238731,160019.8948259105,75561.49597118422,76840.17469338124,990.8087000562809,331.5665644247347,179.56712472852087,560.2151495979924,3.5927792911450274e-05,-0.2341714881277499,96,69,97.01283025895148
14898,918.7798955680734,160056.74467139924,75614.51746060004,76845.22954147136,960.5330028408207,326.27391742270265,182.19873534207,531.5876604460063,2.081198479938729e-06,-0.2058795912919503,96,69,97.01165130522432
14899,918.782514566372,160078.85793543185,75581.660913342,76864.32331116582,924.4269638351398,314.37177772914583,182.9496170542261,494.836353961291,-3.928142302875597e-05,-0.1826003488619143,96,69,97.01048706265068
14900,918.7998748680996,160129.5399458564,75572.7074291622,76851.08017697406,891.5660260735312,301.8196241710539,183.96710159731447,469.3645401634858,6.130372860975938e-05,-0.2051220444782427,96,69,97.00933752896162
14901,918.8031627377504,160163.30636224343,75589.57349466806,76859.05909536594,850.5465445337468,283.31581516721053,180.304748290946,436.7016977442545,-5.964354701245088e-05,-0.2137060312564854,96,69,97.00820270103289
14902,918.819778038399,160198.73683278394,75577.18770900274,76859.66973127786,811.3122239572695,266.1866326454765,174.96128034961293,414.2089909874776,3.494518621557187e-05,-0.2098593191633277,96,69,97.00708257488569
14903,918.82245783465,160240.0238848438,75575.50849072121,76852.96989614275,764.9541259194375,246.86383348463278,164.9738907283463,383.8788382313214,3.2482182906472227e-06,-0.2271066503316911,96,69,97.00597714568582
14904,918.8398591989604,160261.3448630887,75568.59843380864,76845.0132093983,722.3684230623767,232.38406853575725,154.77074049823568,362.4689990731422,-4.018204824098739e-05,-0.2172722122228575,96,69,97.00488640774392
14905,918.8430927501986,160287.00726601935,75615.83973032203,76844.8446836409,674.5829621778685,217.62784644220665,142.1774976622837,330.7384722677525,6.15901097753826e-05,-0.2072650613265498,96,69,97.0038103545152
14906,918.8596611833478,160324.81475105023,75574.74805531585,76841.37045588235,630.4210160945076,206.5859923455282,131.00449160390417,304.2649962143041,-5.9205142577141526e-05,-0.2321802029266224,96,69,97.00274897859984
14907,918.8624091058318,160331.11493086384,75587.76926372058,76858.97030580408,579.5323116037762,192.18390610429924,118.23353920239606,266.11610500130337,3.3951430883747506e-05,-0.2245615066820008,96,69,97.0017022717426
14908,918.8798414977452,160455.83788214557,75580.81079230494,76863.69429084923,527.3481315094978,176.31301364325918,105.85133708186913,233.1686614305072,4.413396031484474e-06,-0.2306219650215623,96,69,97.0006702248332
14909,918.8830157764742,160469.63042491188,75622.56022093366,76839.7095784524,461.02205085917376,151.7210804332426,89.63489573408151,189.2835734935652,-4.106855463979953e-05,-0.2371238923820323,96,69,96.99965282790652
14910,918.899545905034,160518.4186929669,75574.76036354853,76858.28360620333,385.02695075358497,121.667862570117,71.24918612130568,151.54029614347382,6.185555020936762e-05,-0.2196868951484076,96,69,96.99865007014256
14911,918.9023683555685,160537.45423430027,75605.30288537269,76836.46370860777,291.68297170783626,83.74905962856428,48.662061523704324,106.5815453468822,-5.874706505104757e-05,-0.1538067385853601,96,69,96.99766193986714
14912,918.9198203649324,160602.81746407648,75593.17992773882,76864.59098808876,193.8558186959708,46.63902551967476,26.709764023747994,72.26271575942519,3.2946869483753306e-05,0.0741871579361219,96,69,96.99668842455156
14913,918.9229324938065,160599.1706761167,75595.15731717744,76849.14452766853,96.85705947177485,14.334914943494368,7.721740704175318,35.6155962186167,5.5763404145809584e-06,0.226690046331225,96,69,96.9957295108137
14914,918.939432947194,160675.07577582033,75601.30184815628,76862.69818814112,26.53342224966036,-0.0,-0.0,14.207674792502075,-4.194065205152783e-05,-0.2363128396761837,96,69,96.9947851844179
14915,918.9423355235784,160697.44273051704,75608.65941856198,76856.13743178386,-0.0,10.413080976824858,8.145928711892338,-3.0934901534055825,6.20999737823124e-05,-0.5664483185421252,96,69,96.99385543027569
14916,918.9597943069136,160706.4974478944,75580.59471618541,76858.79785350751,45.53327870933572,55.98593000108667,38.878212371404516,-0.0,-5.826948196877195e-05,-0.2948820171226566,96,69,96.99294023244592
14917,918.9628439268172,160692.00166301074,75579.66927586151,76856.07044631267,173.54494435078232,136.8107869929663,92.26097477023723,10.181967013457324,3.193184760983132e-05,-0.2553765944489148,96,69,96.99203957413592
14918,918.9793227576168,160653.29534385417,75588.07168880577,76847.84663493301,394.15535466064466,252.15423975650629,167.38539618681534,40.42039595704409,6.736660370162969e-06,-0.2590904941515698,96,69,96.99115343770168
14919,918.9823106610564,160626.56275194924,75588.26762209428,76876.74956826956,694.3021688048029,390.826338182771,256.5876294868649,76.58501201850595,-4.279805579673683e-05,-0.2163432732917515,96,69,96.99028180464882
14920,918.9997615912408,160561.7460365642,75552.06287667005,76856.2595172232,1056.8973923259764,541.3596766050468,351.881821945688,128.95340143353678,6.232331138796765e-05,-0.2361438955101463,96,69,96.98942465563243
14921,919.002751645244,160533.55212815202,75572.43394622808,76846.10617944889,1447.2802831890294,687.0500137353811,442.22584076656494,182.0466875746497,-5.777256640143979e-05,-0.218528376128457,96,69,96.9885819704595
14922,919.0192152014148,160471.55554310925,75572.78104728498,76838.90827226585,1835.1165470239357,815.9651658961957,519.8463303848403,245.287204571825,3.090671428062985e-05,-0.2100072487246015,96,69,96.98775372808784
14923,919.0222942800212,160406.87618851068,75556.23985984523,76858.03168762081,2186.016155366495,917.40251397049,578.2446427952091,305.1687379150826,7.893966510356246e-06,-0.1991451968578888,96,69,96.9869399066283
14924,919.0397198355806,160358.25308078993,75571.47782025131,76842.20363554318,2479.1490313970135,987.9717610348889,615.9026185870171,370.77624237688724,-4.364048615387783e-05,-0.1906240100961264,96,69,96.98614048334504
14925,919.0426583158396,160335.4050107185,75557.05526607372,76834.22331909233,2698.1808679250535,1027.2083626821113,633.5401603282371,428.62607846272294,6.252550156280225e-05,-0.196792516797968,96,69,96.98535543465674
14926,919.059108784393,160245.13156373615,75558.59529135481,76841.82752087759,2841.727221654961,1039.6400535085268,635.1259708471189,487.26118995799334,-5.725649858058545e-05,-0.1725713330748925,96,69,96.98458473613736
14927,919.0622883968282,160208.811825194,75549.94371485824,76822.33561990302,2912.4212023045984,1030.559793120643,625.0686047911586,534.7074782893469,2.987182161920351e-05,-0.1682222040606931,96,69,96.98382836251754
14928,919.0796646011904,160145.33949965786,75545.28639854424,76810.41976590033,2921.749895538611,1006.2538450962602,607.9933062118944,579.2396545324882,9.047870468778446e-06,-0.158042438217777,96,69,96.98308628768524
14929,919.0825697186898,160105.6190668197,75539.76603386599,76828.3566996194,2881.054012175591,972.2784883691347,587.5023598573171,610.2000788995647,-4.4467668593753705e-05,-0.1525425979684356,96,69,96.98235848468738
14930,919.098997636566,160113.51834816032,75538.75719047044,76817.95332031077,2804.891182658437,933.3328174641792,565.9210419485462,637.5682895546488,6.270648940796381e-05,-0.1747753569217371,96,69,96.98164492573083
14931,919.1023011512276,160105.14556430583,75513.98315375666,76835.16230935839,2705.8458941531717,893.84376097325,544.8703345947433,654.179712578014,-5.672146447757535e-05,-0.15173543090004,96,69,96.98094558218352
14932,919.1195819776264,160082.81395011547,75527.56946705,76804.59986635513,2596.8088331694016,856.7149849240668,524.7602552229946,670.6046123874548,2.882752465828529e-05,-0.1225813394080593,96,69,96.98026042457587
14933,919.1225076226306,160111.74315017805,75550.33413787725,76793.50081502451,2488.707164608757,825.1310924748104,506.45407464602613,679.9659942085855,1.0197985320248916e-05,-0.1185301530555534,96,69,96.97958942260222
14934,919.1388466011928,160082.8056437898,75536.99095122832,76805.72817911427,2390.3640100783086,799.5174817932857,489.6990278776502,691.5283711254015,-4.527933387132095e-05,-0.1021628399955172,96,69,96.978932545122
14935,919.14240478203,160062.41787430964,75533.0294869912,76823.67365301796,2307.868886021839,780.5580370351527,475.28033053156105,697.920810428157,6.28662272965363e-05,-0.0757148599884878,96,69,96.97828976016166
14936,919.1592296707915,160034.99295902348,75520.41238642507,76816.75340973375,2242.5548316496424,765.4855407697323,462.4960878205602,705.7586075144645,-5.616765682588996e-05,-0.0687876672777276,96,69,96.97766103491551
14937,919.1617319283556,160042.87925275267,75537.07948131388,76830.11608143018,2193.210111547087,752.9983838975168,451.8908216058917,707.0869021922117,2.7774181728133408e-05,-0.0682228677815818,96,69,96.9770463357476
14938,919.178931029873,160067.14073692384,75530.56420064163,76793.8642204569,2153.526703233423,738.9520032715373,441.93574572112993,709.2534219789377,1.1343925520918092e-05,-0.05543219437332,96,69,96.97644562819356
14939,919.1823151930804,160073.9489690633,75518.9613564299,76818.63567300883,2118.2802378042834,723.191397653849,432.9912415339204,705.6824815883883,-4.607521838726725e-05,-0.0770360219915319,96,69,96.97585887696158
14940,919.1991458509252,160093.9503672177,75515.34344439209,76836.60021511666,2080.032265662914,703.732076890301,423.43435174573096,703.9593623633555,6.300467535620199e-05,-0.1062130555256535,96,69,96.97528604593498
14941,919.20163217806,160084.17005072912,75535.90559184235,76803.52545395016,2036.9794594899286,683.6359207306232,414.27321059344104,698.897137008782,-5.559527453299283e-05,-0.134741002870786,96,69,96.9747270981731
14942,919.2189279822084,160089.21887329064,75539.3097724847,76805.76221503921,1986.8424055763753,663.0997952454782,404.47985931421863,697.904236439761,2.671215399870109e-05,-0.1833940476979478,96,69,96.9741819959135
14943,919.2222567188855,160075.17448171906,75529.00223645483,76833.20779529707,1934.9560733622056,646.8198325117264,396.1624740224506,695.2316742522235,1.2485307489389712e-05,-0.207074672338001,96,69,96.97365070057408
14944,919.2390386931412,160115.90999245617,75493.79005332672,76792.60464369174,1884.5035118961823,634.6779029334866,388.8769094455347,696.4662113295926,-4.685506377750526e-05,-0.2119206426092171,96,69,96.97313317275407
14945,919.2415526837426,160077.35402399013,75499.56761128358,76810.35760094743,1844.3333415536908,630.0112156310788,385.01805609164876,695.9598204719077,6.312180044452722e-05,-0.2213126053487081,96,69,96.97262937223714
14946,919.2589183385212,160070.78806853844,75541.08212117758,76781.87168947408,1817.007997380395,630.1423920810921,383.5758054984617,699.1288700124132,-5.500452263288795e-05,-0.2151713934226262,96,69,96.97213925799224
14947,919.2621965538286,160069.16794856143,75501.8968002242,76828.14310142731,1808.5446595401154,636.5385995366523,386.3880576847878,700.8799848741037,2.564180495569737e-05,-0.205928549973153,96,69,96.9716627881766
14948,919.278926024802,160135.35793322488,75495.87377092811,76789.28275226736,1815.7801038582693,644.8700577650307,391.40888104456826,706.3523074060795,1.3621749421167092e-05,-0.2079148321543766,96,69,96.97119992013704
14949,919.2814839340832,160095.86908940732,75487.19314375002,76797.98932216216,1838.594129342353,655.8709329089615,399.4828501487209,711.2775454239454,-4.761861737526897e-05,-0.195682837227284,96,69,96.97075061041248
14950,919.2989071103394,160062.5443424828,75505.45511016852,76788.05248169795,1867.9165283936309,664.8322629757167,407.44875216891523,720.1765137843904,6.321757672098874e-05,-0.1868113946937763,96,69,96.97031481473635
14951,919.3021304393264,160094.52416426037,75499.15945225206,76775.03327618272,1900.7906614369713,673.2724782527657,415.7186831208237,727.9734062099596,-5.439561158386929e-05,-0.182401347810465,96,69,96.9698924880382
14952,919.3188118518984,160051.57186697982,75514.49728017434,76787.43294756908,1927.3144848952652,677.2447801452654,420.8213446692971,737.5631815055094,2.4563500848050223e-05,-0.1697023039745999,96,69,96.9694835844462
14953,919.3214239579538,160032.20575624646,75477.3047636665,76808.35070061297,1946.0777598342975,679.0837129297433,423.24344878431293,743.908814689581,1.4752870829552176e-05,-0.1692019890208699,96,69,96.96908805728984
14954,919.338894628635,160052.19148961615,75512.20814239097,76792.30908543315,1949.6808197891805,675.2691264314344,419.8273907538969,749.6951006777817,-4.836563217997689e-05,-0.1685014139535905,96,69,96.96870585910176
14955,919.3420572782636,160080.8583607297,75485.66798658237,76775.33472275556,1940.5850960216485,668.9040015200735,412.21745282478514,750.4810715633212,6.329198523574221e-05,-0.1485165540302102,96,69,96.96833694162046
14956,919.3586981877364,160071.04775050812,75498.30241588438,76761.9013302912,1914.4176004847395,656.7324214535183,398.6230061352835,749.1505654393695,-5.376875889641466e-05,-0.1451869605546731,96,69,96.96798125579272
14957,919.3613719885682,160051.73243364246,75502.36993065281,76774.17990598283,1875.8417473315494,641.8925025758945,382.2053307608585,742.5060243057669,2.3477610439615776e-05,-0.1611540636440621,96,69,96.967638751776
14958,919.3788802545336,160066.80878784123,75481.86437682525,76776.53797022818,1821.6352806956274,621.0636019408557,362.4266903351818,733.6494552503282,1.587829400938849e-05,-0.1478527478615495,96,69,96.96730937894094
14959,919.3819768594108,160118.79125345426,75490.49835804901,76772.29619573009,1758.0034791715443,597.9652442095685,343.4376273888047,719.7436395937402,-4.9095866992281126e-05,-0.1357422643562572,96,69,96.96699308587436
14960,919.3985864963364,160087.26536565353,75513.02503782978,76755.09136272279,1682.7789834991563,569.798458388701,324.5586895478773,703.728291772597,6.334501516905374e-05,-0.1414254391259667,96,69,96.96668982038138
14961,919.4013274819772,160132.00000189053,75495.38684920476,76756.05420363371,1603.11450402427,540.7627738480514,308.74153903333354,683.6562033439113,-5.312418705272592e-05,-0.1463908835498306,96,69,96.96639952948836
14962,919.418863083667,160172.62669861538,75501.32101212161,76754.71078637868,1517.5075203097076,508.57906901618117,293.5362194268673,662.723715866683,2.238450472192761e-05,-0.1434133929089785,96,69,96.96612215944562
14963,919.421889374112,160153.39744686958,75460.56284208506,76742.2077874889,1433.8076197290793,478.212869862371,280.51568478287663,639.5912961288413,1.699764298321204e-05,-0.1440837219200721,96,69,96.9658576557302
14964,919.4384780117874,160188.61741526076,75480.91255914456,76740.90787036055,1349.8642399627715,447.5613359949639,266.3964551706158,617.5169044677459,-4.980908615887889e-05,-0.1346686597048917,96,69,96.96560596304876
14965,919.4412898701586,160229.08923485616,75503.50215730858,76777.45980670504,1271.7819372461527,421.01691525975184,252.81312969571445,595.6408509783505,6.337666213990767e-05,-0.1379186482166855,96,69,96.96536702534064
14966,919.4588421603236,160251.35027672403,75473.63559794506,76771.71339669477,1195.4649575353833,395.58862629550276,237.50710525666364,576.4404576836387,-5.246212517738911e-05,-0.1883192020341646,96,69,96.96514078577992
14967,919.4617952653144,160264.53888622252,75465.17819615248,76765.71377902219,1125.868527253042,374.8033390671917,223.68511909453082,557.9833050841698,2.1284557008692908e-05,-0.1982479161723735,96,69,96.96492718677938
14968,919.4783738226544,160297.2496522489,75483.27239484883,76755.66046371509,1058.0320032316376,354.6254434162838,210.05795184371527,540.9968876398052,1.8110544361128305e-05,-0.1605983154384343,96,69,96.96472616999336
14969,919.4812584867448,160290.55619976937,75469.4930427532,76758.30172910499,996.3797994570341,337.5467230883514,199.64713558531366,522.5672563037369,-5.050506011215288e-05,-0.1545787233275491,96,69,96.96453767632003
14970,919.4988165674536,160318.84564142904,75443.61988453542,76764.01268219754,936.21964200394,319.300119439984,190.10764151709736,502.48880686756456,6.338692925514796e-05,-0.1373229198182055,96,69,96.9643616459054
14971,919.501695163472,160315.2458248288,75503.20634700611,76738.34549587789,882.7393143292866,302.8642122105375,183.01698952788138,478.19638031127397,-5.17828075273612e-05,-0.1521604466230337,96,69,96.96419801814616
14972,919.518274890413,160354.1419824057,75451.83830123684,76745.25737658738,831.5071800760343,284.6672380101227,174.6359439153166,450.53076753832283,2.017814282935676e-05,-0.1662733796731777,96,69,96.96404673169252
14973,919.5212325473798,160432.1525117287,75480.0386483683,76766.60093202816,787.1194376209751,268.12442715183715,165.8232744660636,418.9694852681132,1.9216626908266663e-05,-0.1561243487876735,96,69,96.96390772445204
14974,919.5387854757122,160449.45307688945,75475.03183186147,76768.34896099973,744.5473293344257,250.35130129907338,153.5213881165546,385.68451233318774,-5.118356539874027e-05,-0.1625577978769171,96,69,96.96378093359242
14975,919.541589849091,160487.3492808637,75486.21739076298,76757.6012283668,707.5224043541239,235.20558081779745,140.31151912282803,350.9823857155279,6.337582666722256e-05,-0.1579157859599924,96,69,96.96366629554517
14976,919.5581820467718,160491.4432737486,75493.01579560492,76729.85058985942,669.6994832572527,219.7703914607846,125.02609111380298,316.751067275909,-5.108647427209918e-05,-0.1582820329622182,96,69,96.96356374600845
14977,919.5612111515584,160552.07694924652,75494.58185609205,76747.7233010956,633.1044616657309,207.04224488526233,111.35966531469603,282.7218851004727,1.9065638950769963e-05,-0.1477232682571555,96,69,96.96347321995157
14978,919.5787481757732,160555.04930092662,75501.66250310815,76761.83645396584,590.7006613587146,193.25657423312077,98.31577010531328,249.5788919987972,2.031552199483839e-05,-0.1432318797480862,96,69,96.96339465161704
14979,919.5814802235194,160608.849825478,75480.83358499192,76751.04375496325,544.2474377657636,180.10121516195068,88.37548966886243,216.2927195354714,-5.184438441214095e-05,-0.1389902111370163,96,69,96.963327974525
14980,919.5980959847286,160645.70612856344,75491.91812261009,76759.11242522964,486.7671107900096,162.50882898089185,78.37069810499088,183.14436898744316,6.334337178856048e-05,-0.1306110715818793,96,69,96.96327312147666
14981,919.6011932943492,160691.79650858446,75483.46041635897,76771.95166279947,420.17418183531845,141.1950528204179,68.54336470045382,149.4951545612712,-5.037337112648037e-05,-0.1406325674263787,96,69,96.9632300245576
14982,919.6187041021518,160720.30085410964,75494.86864030229,76753.66985394942,339.63517184072407,112.25633665922214,55.12072353059193,116.12332445100765,1.794742467597582e-05,-0.0293205996911006,96,69,96.9631986151414
14983,919.6213672814896,160739.10105322095,75483.76384986003,76726.81180710102,251.14204690098995,79.44750599574763,39.68083030087291,83.37600119606941,2.140686377171956e-05,0.2245541461177613,96,69,96.96317882389388
14984,919.6380172492716,160767.6069636097,75502.17667144173,76724.8856616015,156.97432903246954,43.9633062043431,21.76523825339973,53.20105513485032,-5.248730549108879e-05,0.2528359704268575,96,69,96.963170580776
14985,919.6411778831608,160769.91196733326,75459.36553257577,76746.48710646442,72.64423912862549,15.223364041739842,7.220168468775228,27.38026966515463,6.32895894590897e-05,-0.2915631682726631,96,69,96.96317381504804
14986,919.6586528518624,160850.66552972564,75466.90968995118,76753.74611769366,12.103444442385808,-0.0,-0.0,8.87120673825848,-4.964374936096679e-05,-0.461275992015669,96,69,96.9631884552736
14987,919.6612520828576,160822.71717336992,75467.93782361932,76738.86138186669,-0.0,10.212405314319767,8.343787779973354,-0.0,1.682388063732283e-05,-0.1699228333931909,96,69,96.96321442932307
14988,919.6779462306978,160840.4755933204,75474.69084164573,76750.60067065115,53.45924405800179,51.06950040922675,35.53009616633062,3.4167092104326002,2.249028902376088e-05,-0.2112504428650237,96,69,96.96325166437757
14989,919.681163756785,160814.59328651495,75501.37701337686,76761.22635024622,190.56099159899168,127.80093093648611,85.41756080772029,20.299491072219098,-5.311212357725171e-05,-0.1909368128409735,96,69,96.963300086933
14990,919.6985941995086,160762.02871689736,75459.93803071117,76760.10047365034,413.0711124164518,235.90645060841052,154.58437702213996,51.23007002475788,6.321451143846347e-05,-0.1764572807051085,96,69,96.96335962280412
14991,919.7011357222872,160740.3880894433,75492.43636679591,76748.70058831094,716.0101812912035,369.06797736698354,238.99062754842453,95.1186609598808,-4.889786565043207e-05,-0.1864441937300061,96,69,96.96343019712812
14992,919.7178831624178,160684.0801065928,75500.03942864118,76758.70576672492,1075.9500865523005,512.8738982218347,328.54389518717653,150.28257555825985,1.5695389409505534e-05,-0.1572921283471608,96,69,96.96351173436904
14993,919.721149704526,160588.53528549828,75475.45648039633,76730.41159630143,1465.8858407076332,654.6891103937087,415.42408295266796,213.96221137364046,2.3565437359156777e-05,-0.1630696120938262,96,69,96.963604158322
14994,919.7385281102826,160573.48447792206,75440.99150064263,76744.32820596738,1849.5149679800961,779.6502251578495,490.04910208750516,282.96514361162554,-5.371863950772948e-05,-0.1502803559335249,96,69,96.96370739211676
14995,919.7410192957273,160484.45053667156,75497.15375253794,76742.65194297304,2197.7726521444856,879.4734798522841,548.46920572815,353.8955304584815,6.311817680806988e-05,-0.1358434384055356,96,69,96.96382135822228
14996,919.7578281252956,160402.29021627398,75478.1082305915,76730.10696779504,2483.196749023453,947.4652358427993,587.0681153696205,423.1328230261861,-4.813598196987364e-05,-0.1318771774194084,96,69,96.96394597845104
14997,919.7611344829152,160336.27231925208,75431.60264600218,76764.03923397174,2693.6421927622287,984.6856520215952,607.9597956355137,487.8076071959513,1.4562334517300056e-05,-0.1256937793630721,96,69,96.96408117396304
14998,919.7784547528934,160299.2190143471,75480.32734611587,76723.14276470954,2822.8632267164066,993.4330306898337,612.5038411376008,544.9463875009678,2.4631951734071874e-05,-0.1163707388570301,96,69,96.96422686527008
14999,919.7809038617796,160241.65097209526,75451.38261854871,76731.61645157207,2879.1016694567516,981.103706340713,605.5031637737993,593.5284715761663,-5.430666032928304e-05,-0.1122902863999128,96,69,96.96438297224026
15000,919.797781061494,160185.15855324606,75445.45949510286,76728.02791540371,2871.977870262286,953.3617840812512,588.9846587617358,632.3844342508819,6.300063160937803e-05,-0.1013604856583427,96,69,96.96454941410228
15001,919.8011168259662,160156.26662300987,75448.44027430097,76704.097449591,2819.6685856426484,917.8753909725638,567.1035977287393,663.1168179610104,-4.735836554774177e-05,-0.0817450217452012,96,69,96.96472610944976
15002,919.8183745164132,160149.53360134648,75433.246243313,76715.95558107567,2735.853478684032,878.7289498424507,541.0494897730532,686.3118613332044,1.3425100870710394e-05,-0.0738735214028798,96,69,96.96491297624586
15003,919.8207903937353,160115.1500514078,75449.05805444939,76726.91249720585,2637.9669255829067,840.6993211672234,514.1974747931527,705.3495189521636,2.56894781158268e-05,-0.06132838792817,96,69,96.96510993182775
15004,919.837741803624,160145.78892764833,75436.7374375437,76724.46967568136,2535.206707853067,804.9152750577341,487.2248872265627,720.6559793004417,-5.4876000025596334e-05,-0.0406911854060517,96,69,96.96531689291054
15005,919.8410954413556,160087.7282071615,75440.61176086283,76739.67606569399,2439.08835761348,773.6537720729539,463.11314319219673,735.1213248939894,6.286192925711529e-05,-0.0204865611773838,96,69,96.96553377559307
15006,919.8582880397438,160090.88390505317,75417.7262101225,76734.58098030453,2352.0813064418617,746.4543443634611,442.07589440082666,747.1122760083817,-4.656528859199289e-05,-0.0170120013138487,96,69,96.96576049536132
15007,919.8606797121998,160053.95834016436,75423.29298987893,76726.6308201058,2279.1746700195945,724.3823177739832,426.09675667461124,758.1936750508321,1.2284074743683303e-05,-0.005030975259526,96,69,96.96599696709356
15008,919.877710132418,160060.1149212028,75462.8271011166,76715.80375670939,2216.1516892256914,705.9038449051004,413.8720901507768,764.7751557314768,2.6737665448099705e-05,-0.0072891200441379,96,69,96.96624310506525
15009,919.8810689752762,160051.6163022755,75432.1790278791,76745.58025623967,2163.1350121870055,690.9597211258078,405.74943681489094,768.4755757695821,-5.542647834500155e-05,-0.0043226045624831,96,69,96.96649882295316
15010,919.8981962747974,160064.12034945443,75454.97913685313,76725.37951588216,2112.5335791753605,677.0149017714866,399.0753528945206,765.8711478280311,6.270212984573239e-05,-0.0001488288946903,96,69,96.96676403384046
15011,919.900572372184,160066.8052500017,75461.07361890448,76746.11169877357,2063.6983462887,663.366883355222,393.36625646820175,760.4846697056491,-4.575702865578116e-05,-0.0250110627368379,96,69,96.96703865022192
15012,919.917685897033,160089.79696958122,75442.10305523987,76758.40326880473,2009.700496493664,647.6124974380509,385.8483655260643,749.6104569550371,1.1139643468906411e-05,-0.0592533607726495,96,69,96.9673225840076
15013,919.9210359008896,160068.32002964304,75479.08552853628,76740.00799977306,1953.7085547702154,630.3595175195951,376.9282033997297,738.6385370776698,2.7776166559009646e-05,-0.0897269002179438,96,69,96.96761574652898
15014,919.9381006420288,160094.40285011588,75453.07571616865,76715.48527598703,1893.5830599251785,611.3218434724258,365.4467435903498,725.2004818971618,-5.595792203876006e-05,-0.1102600132595513,96,69,96.96791804854294
15015,919.9404684277496,160116.20538382183,75429.49276203816,76718.31335212389,1837.9742867501918,593.3679713437159,353.71665959601523,715.5164650407678,6.252130119528137e-05,-0.1366038526915078,96,69,96.9682294002373
15016,919.9576693017196,160111.01917240306,75468.28637970907,76710.6042821554,1787.711551258748,577.649701793649,342.18292968708556,705.7751324269921,-4.493386800626614e-05,-0.137243552667989,96,69,96.96854971123511
15017,919.9609941883822,160118.4436760426,75440.29651354259,76709.93321455325,1753.316326032742,567.5128089131322,334.3495418126695,702.0562557061494,9.992195135263115e-06,-0.1465335367332857,96,69,96.9688788906005
15018,919.9780034740338,160102.95480226568,75465.40167563042,76731.60498158596,1734.0462411687477,563.2414385868615,330.81413758406416,699.068678682379,2.8804637132582296e-05,-0.1627935966368442,96,69,96.96921684684294
15019,919.9803668000388,160108.4840585975,75439.37445992863,76731.10757259245,1737.1362434741459,566.4505055516784,333.99878967675613,702.6258595829713,-5.647016392720105e-05,-0.1321284842279022,96,69,96.96956348792254
15020,919.9976617521328,160124.7701858973,75434.81893672512,76702.90229990968,1755.6618147432455,575.0309775204369,342.12053585404647,705.3976329177676,6.231951759960796e-05,-0.1286937226319019,96,69,96.96991872125572
15021,920.000940179356,160078.96910245018,75431.288791437,76708.62402756509,1792.030425725854,588.6785183507891,354.9550813883834,713.5033249578555,-4.409609396120111e-05,-0.1277564495994158,96,69,96.9702824537194
15022,920.0179096147344,160082.22999470346,75446.42800223117,76712.89556303731,1834.2583251738106,603.7274972236919,368.28779089299496,718.8096738090971,8.842118375087525e-06,-0.1127242134122228,96,69,96.97065459165684
15023,920.0202629052704,160077.78046772155,75432.5474791484,76722.96648780882,1881.86663043499,619.1661015401332,380.55483970729983,728.0383603530354,2.98227373606095e-05,-0.1139998019636709,96,69,96.97103504088248
15024,920.0376694215948,160082.5785642552,75454.84014948842,76704.59871938218,1920.1759369896608,630.9896404383762,387.43421688178205,731.6090730522992,-5.6963043778598805e-05,-0.1049915248858832,96,69,96.97142370668736
15025,920.0408630288968,160053.36466021565,75449.9901117222,76675.48724083227,1950.2017002257053,638.9331602473103,389.00415323794005,737.475677130773,6.209686085585609e-05,-0.088210522132613,96,69,96.97182049384485
15026,920.057835667231,160055.1925475428,75442.86489896382,76748.57142659827,1959.517410848115,639.9465292661043,383.3384964358702,735.8315497064905,-4.324399792129041e-05,-0.095280851831875,96,69,96.97222530661443
15027,920.060131965446,160058.58531557617,75476.94561287208,76703.60771119852,1953.751896843256,635.1960050951166,373.14425788636436,735.8750187593687,7.689802818454214e-06,-0.0958775397406851,96,69,96.97263804874916
15028,920.077737123516,160063.50901591044,75429.43651146386,76710.45062625049,1923.8051845346927,622.6742831874581,358.3050081023539,726.7839976940304,3.083012989875777e-05,-0.0859054891790129,96,69,96.97305862349911
15029,920.0806586162374,160045.28774892967,75429.82526781759,76688.89308610055,1881.0716817622306,605.1049951219757,342.84186014553416,720.0746535036014,-5.743640778285591e-05,-0.0887878163055729,96,69,96.97348693361816
15030,920.098259904085,160065.48972396253,75431.13915577524,76695.97695339848,1819.1132092684275,581.3425825585873,326.6071590987267,704.8337933915609,6.185341907262002e-05,-0.0879495090218422,96,69,96.97392288136837
15031,920.1005167140182,160125.05710832484,75449.25348757734,76731.3509689961,1751.980754977907,555.0753289154673,312.95873941181344,694.326247246092,-4.2377877101117895e-05,-0.0817591864052494,96,69,96.97436636852636
15032,920.1175414056534,160060.42981900755,75475.401293769,76733.4277980441,1672.1356484206044,525.2556326732156,300.2375734975212,676.3451828749385,6.535638519589225e-06,-0.0895090216969605,96,69,96.97481729638815
15033,920.120721184984,160122.46157047327,75431.55814671036,76702.19814236717,1593.1810636208975,495.80129681328253,290.4140876005695,664.3787091454433,3.1826482511904336e-05,-0.0931020313463969,96,69,96.97527556577477
15034,920.1381303741632,160104.04118359127,75439.80854296194,76694.07606491967,1506.391779494763,465.4823633031483,280.6792862440925,645.2870251514832,-5.789010892307514e-05,-0.0840879236390072,96,69,96.9757410770381
15035,920.1404390068652,160132.65250491156,75438.18670185134,76695.47127807888,1426.122728249873,438.29065605823416,272.56261390275904,633.4456687265483,6.158928827712061e-05,-0.0840307555646673,96,69,96.97621373006632
15036,920.157472379788,160120.76087519503,75436.00894980236,76676.27002745183,1341.6834821085795,412.10514620035246,262.7956815485377,613.1254324967449,-4.1498032128711605e-05,-0.089494923360306,96,69,96.9766934242894
15037,920.1607220576552,160164.40407280915,75421.08330633491,76689.84451729938,1267.8751380940084,390.45216133059876,253.17660520519712,599.210261634289,5.380015976832056e-06,-0.0800334608127637,96,69,96.97718005868497
15038,920.1780295796112,160169.24126242762,75459.6399579496,76696.54037104324,1193.1470485620666,370.2953389980539,240.78182884521084,575.7997773984971,3.2811466053434467e-05,-0.0809917686130032,96,69,96.97767353178352
15039,920.180340171665,160157.07060730847,75442.50166434584,76674.15306965577,1132.2904458164703,354.6423824987578,228.093784119701,559.8259531828808,-5.832400695420862e-05,-0.089201216025028,96,69,96.97817374167468
15040,920.1974280805442,160205.31018156937,75405.5362405292,76654.04605082086,1069.5263494526152,339.08919623440306,212.40826862305403,533.547860010789,6.130457035622196e-05,-0.0863124952801338,96,69,96.97868058601266
15041,920.2007053317784,160187.43622810472,75445.61056760029,76682.6212710124,1018.2040456717368,326.3205080599,197.04960640645004,515.3986214564648,-4.060476891224147e-05,-0.0744261295688038,96,69,96.97919396202202
15042,920.2179334536688,160250.6340446903,75427.38896130689,76640.2988443181,960.7224156094017,311.69127460940217,180.02586156321922,487.7558632515138,4.223325611736319e-06,-0.0855010793234848,96,69,96.9797137665034
15043,920.220236001951,160240.96580727503,75441.65801631454,76691.55490998925,911.5011340382625,298.6207754719071,165.39010548606166,470.59407007790287,3.378475586520319e-05,-0.0842195613515563,96,69,96.98023989583936
15044,920.2373985807036,160256.7027771042,75411.91613898246,76680.79099496343,851.7446759382146,282.54770608436957,150.80441219409113,443.0310911400884,-5.873796819587841e-05,-0.089412126676981,96,69,96.98077224600044
15045,920.2406759826852,160274.2355635861,75432.87536873447,76691.85050777026,799.5079969109502,268.1014802116697,140.1038069233764,425.51005683722906,6.099937490530317e-05,-0.1080350681068483,96,69,96.98131071255064
15046,920.2578390237378,160259.98349612058,75417.77329050597,76664.56508334825,738.6811202507233,251.3412519704725,130.15024456018,396.2652242791373,-3.96983969763236e-05,-0.0942537399878712,96,69,96.9818551906535
15047,920.2601293503,160329.25742527252,75438.80336910611,76647.53064445118,690.2851288710372,237.45951334451092,123.96120340377092,376.69367017102195,3.065958306379606e-06,-0.0984364139043264,96,69,96.9824055750781
15048,920.2773826295244,160322.15499506248,75431.83029808835,76667.14736439493,634.6343449207488,221.11684415012132,116.81555968691828,341.66457985230954,3.4746031138804414e-05,-0.1048652232574893,96,69,96.98296176020489
15049,920.28063231076,160367.7852267006,75408.69365896445,76691.6926223352,590.8621913586976,206.51484130468452,111.03742481916561,314.3590222914936,-5.913186601014609e-05,-0.0809448959605089,96,69,96.98352364003158
15050,920.2977493612944,160372.6238574508,75432.82806721544,76691.19297121209,534.4766238088487,186.51468746944738,101.34104584876332,270.33091913352837,6.067381794865659e-05,-0.0946498892179821,96,69,96.9840911081794
15051,920.3000170583005,160400.41279288227,75448.97562620015,76687.03548780302,481.7721089425613,164.52905137713242,90.28745783490012,235.3841301529028,-3.877923067974545e-05,-0.0822799100547517,96,69,96.98466405789856
15052,920.317385573101,160440.83398238197,75464.20186711937,76671.38463727127,403.8859412180027,132.88242932836874,72.88120973311015,183.14888041029917,1.9083046482025526e-06,-0.0720373562449772,96,69,96.9852423820753
15053,920.32056407036,160501.59248438934,75449.75727899402,76674.25116180726,322.4620170778362,98.12147836427903,53.859517128090374,143.17376753938152,3.5694975544069145e-05,-0.0067291034263557,96,69,96.98582597323684
15054,920.3376801578136,160529.7566642983,75433.15114023878,76677.30313873124,217.37515316944337,57.38856301660417,31.072312543314183,90.62752604397247,-5.950558041457096e-05,0.2141978668442183,96,69,96.98641472355804
15055,920.3398757121836,160543.6120024663,75452.75106827731,76681.02039268114,124.63466990645975,23.967721795503167,12.942713507887674,57.55470431424328,6.032802237682406e-05,0.3731775152689496,96,69,96.98700852486762
15056,920.3574496168224,160588.57549121833,75453.83664377558,76681.790065102,35.20734690793324,-0.0,-0.0,15.731878758524545,-3.784758817016342e-05,-0.0292705921546492,96,69,96.98760726865368
15057,920.3603770389348,160596.64107731584,75463.75070822543,76705.22347334563,-0.0,3.040438467040076,3.2122187822242267,-0.0,7.507552716843796e-07,-0.403004183326294,96,69,96.98821084607076
15058,920.3779906380984,160572.16447363477,75444.80249493722,76668.71643750693,14.803413448913489,34.1184314104612,22.770687643438578,-19.25468422283302,3.663127717016017e-05,-0.1186890985983473,96,69,96.98881914794536
15059,920.3803649171252,160555.33683037863,75460.3094940519,76702.999958565,127.96374054264743,105.35983685853716,66.8146055698162,-6.382265623775311,-5.985899842929381e-05,-0.0804654703371919,96,69,96.98943206478224
15060,920.3972518969168,160535.30767958943,75467.5587432578,76674.8194526184,318.10952520836145,206.85195746197132,129.3044308546523,5.270544275321299,5.996211780047561e-05,-0.1353369462515175,96,69,96.99004948677056
15061,920.4004325751622,160544.97254364737,75457.8375098736,76719.93970843704,609.724091621465,338.36084485350875,210.87184849911137,49.03640723787248,-3.690379151966832e-05,-0.0825793785801596,96,69,96.99067130379083
15062,920.4178785457876,160414.9712177639,75452.69594819381,76734.32702486169,954.3452962960582,478.7831815315003,298.34071319396026,89.43533613989712,-4.062994290491626e-07,-0.1111611811459629,96,69,96.99129740542014
15063,920.4202785297682,160358.625454721,75470.6246919199,76708.29855652011,1354.4983136928058,621.6842884569778,387.8702326194325,160.0449677919678,3.755462826906769e-05,-0.1116611695827666,96,69,96.99192768093916
15064,920.4371780356976,160279.15904188924,75448.74273337355,76699.50380632338,1742.1059058934916,744.0687065847887,464.41904387270915,219.49936696022633,-6.019201423423344e-05,-0.1226040846986093,96,69,96.99256201933812
15065,920.4404326314532,160195.86622344583,75468.5279119534,76710.89089294018,2115.1543350720312,844.5414538849873,526.7810285616724,299.7187062187004,5.957624085751731e-05,-0.1208979652095539,96,69,96.99320030932326
15066,920.4577908486498,160105.9752153354,75424.64708961152,76666.73653282083,2413.868588536454,909.4460605599161,565.7859495455341,359.81247758382233,-3.594816697607993e-05,-0.1056855443209697,96,69,96.99384243932326
15067,920.460172653705,160031.97579165432,75448.98549612232,76700.97953656483,2656.1613203349407,948.7764237638767,587.7809257813788,435.3757594965573,-1.562469890147516e-06,-0.111658060574651,96,69,96.99448829749548
15068,920.4771269532996,159944.56339474968,75421.53766823917,76687.88382668069,2801.334633392922,957.3004875024053,589.5564547095564,483.947018175415,3.8464725893130736e-05,-0.1421023767191315,96,69,96.99513777173232
15069,920.480418579912,159883.18609753082,75421.78857775674,76689.42944509836,2889.9863756407285,951.3207259595947,581.9083424823475,543.8432124051033,-6.05045283449472e-05,-0.1254680994997161,96,69,96.9957907496676
15070,920.497705411162,159888.59937404346,75451.37669313741,76670.64513358506,2900.57861611055,928.3784577639599,563.5325398331042,576.4939400803123,5.917053413918278e-05,-0.0982270988788886,96,69,96.99644711868334
15071,920.5000615677104,159782.99778875647,75455.94886758106,76693.40699629331,2886.870669832977,904.7336478328943,544.879569686047,624.3012012478721,-3.4981044211235824e-05,-0.0933035933490846,96,69,96.99710676591558
15072,920.5170901254504,159719.73811860426,75418.58078392311,76667.48044331814,2827.1316216674168,874.4004161106132,521.9964850528049,645.8472460607009,-2.7173664384748484e-06,-0.0784147921907104,96,69,96.99776957826148
15073,920.5203944060448,159710.88321913526,75415.4823154686,76671.05638209413,2772.736574411858,850.6473752821184,503.16295136418194,683.9146871872654,3.936127147994192e-05,-0.0695344398699101,96,69,96.99843544238507
15074,920.537619698914,159654.28789807687,75440.19110874196,76691.32198541537,2696.8964819060056,825.0677096513973,483.1018441145425,698.4304219600745,-6.079644873372192e-05,-0.0582679111288456,96,69,96.9991042447248
15075,920.539947804709,159594.9313761519,75432.15821285707,76737.0409872151,2644.8727709348896,809.147752435063,469.4736168010859,733.0300776686345,5.874514770152677e-05,-0.0446435496847384,96,69,96.99977587149888
15076,920.5570667627416,159629.05787753724,75417.27185037614,76704.56740013791,2579.010446905042,791.7039116924134,455.86934050518903,742.8530168544676,-3.400275722981069e-05,-0.0283613229251418,96,69,97.00045020871244
15077,920.5603581765236,159526.99995656864,75436.84862331564,76690.04110210719,2539.7546329107718,782.943285511792,449.36536237443215,771.223200398701,-3.870600793098637e-06,-0.0190280517609581,96,69,97.00112714216412
15078,920.577536504056,159538.31295059613,75411.25273663712,76690.84109975967,2487.4321683666203,770.9309454109025,442.76410479523474,774.8475366295606,4.0243971726778166e-05,-0.0110881466592641,96,69,97.00180655745248
15079,920.5798286958086,159505.75956825833,75447.95615546258,76692.04230053248,2460.9494616260636,765.1947165992897,441.79508110065944,797.8619165547134,-6.106769028553624e-05,-0.0008061999084169,96,69,97.00248833998224
15080,920.5970617065992,159462.0197171576,75438.17192419505,76691.57067105033,2414.8020667342353,752.2610045866168,437.25399336087867,793.3407504633942,5.830023749427452e-05,-0.0020525910804219,96,69,97.0031723749715
15081,920.6003006847328,159418.28128831787,75435.88723921226,76664.4210849033,2387.671585430973,742.1408271517575,434.38949782171403,807.0808531340735,-3.301364280226114e-05,-0.0096989834640138,96,69,97.00385854745804
15082,920.6174692425908,159453.81199334952,75424.70760139439,76688.89062568477,2335.9252509424114,722.9868763990235,424.9560388122045,795.6141529883316,-5.021784898328514e-06,-0.0347416224261527,96,69,97.00454674230556
15083,920.619684895978,159438.63589073045,75424.61473500448,76713.20021918004,2300.343998366152,706.7267475716071,415.99675497438875,806.2064930769266,4.111253795705899e-05,-0.0602841844581604,96,69,97.00523684421118
15084,920.6371093325708,159422.05115692373,75424.16189376159,76659.8407607669,2236.269792675448,682.4532755746623,400.94199845340336,791.8317494757066,-6.131817507872677e-05,-0.0920124221676775,96,69,97.0059287377112
15085,920.6401482290406,159392.06886744522,75425.64100529565,76697.57289722477,2190.2791230661096,664.2039145110903,389.1647688605881,801.024662275915,5.783596618356382e-05,-0.1069532394467354,96,69,97.0066223071881
15086,920.6576604219772,159403.7642106882,75397.49201987252,76705.61993756193,2123.2469684619573,642.3284684750979,375.50778860677383,787.578653361561,-3.201404142195813e-05,-0.1218537580920649,96,69,97.00731743687744
15087,920.6602585511256,159324.8104537474,75419.10272389333,76695.30692198002,2085.1330398784485,630.7341991496796,369.2012019417307,798.9828195412119,-6.1705320335929376e-06,-0.1372759511315014,96,69,97.00801401087422
15088,920.676933380463,159361.2319485519,75419.07402693147,76689.51011956694,2037.017013429082,618.5079021516576,363.7395440173277,787.7107367903227,4.196668638008733e-05,-0.1223394481476801,96,69,97.00871191313954
15089,920.6801834509772,159358.91498394086,75426.18447169557,76679.73986963341,2024.75314185163,617.1914730176359,365.97276836514357,798.1260405011999,-6.15478317538989e-05,-0.1413308478291993,96,69,97.0094110275077
15090,920.6975721665744,159318.02066346258,75414.5122896655,76684.44268008997,2007.0476954877959,614.6015457705071,367.7514450715971,785.0796080184809,5.735250273340263e-05,-0.1416904425763414,96,69,97.01011123769244
15091,920.7001621351884,159285.77773539367,75430.26087683202,76684.39962319848,2026.7048730114475,621.4472338342457,374.74861204600893,796.0097970708157,-3.1004297107167966e-05,-0.1214418365565686,96,69,97.01081242729389
15092,920.716855869119,159295.78082978775,75418.13114415554,76670.29322722142,2034.0114998262725,623.9571813357034,377.65476749517256,784.2912417888001,-7.316456312142492e-06,-0.1313874724434684,96,69,97.01151447980529
15093,920.7201804256208,159272.6234539144,75444.132349574,76691.25175262039,2064.989476770279,631.801589360286,381.81480037397705,795.4807436604169,4.280613811181333e-05,-0.1244867860286093,96,69,97.01221727861956
15094,920.7374973009034,159254.03054011232,75442.73174133911,76672.08053124357,2069.585217244923,631.8057390469621,379.1779274775181,785.36217182377,-6.175659661482954e-05,-0.1049458327809479,96,69,97.01292070703654
15095,920.7400529337648,159253.8743077876,75424.17026794037,76679.71831958751,2086.520297062001,634.5240669710038,376.782823148591,800.5993199074001,5.685002280140978e-05,-0.1023317286902448,96,69,97.01362464826924
15096,920.7567946985112,159221.05577132932,75438.29438172694,76664.81880533315,2066.094966376142,626.8529013238876,367.732466826943,793.1163442711404,-2.998475688241654e-05,-0.1057835809678731,96,69,97.0143289854508
15097,920.7601705710072,159206.1374927724,75420.96009083926,76686.31947395757,2050.0935288602486,619.9320312315685,359.95229639013996,805.8431174206489,-8.459173223141504e-06,-0.0861464500879364,96,69,97.01503360164092
15098,920.7774191189828,159196.67494535263,75434.0505369035,76682.7081972277,1996.6918195970356,602.7502353672899,347.62928348538117,792.5300190327398,4.363061977566211e-05,-0.0862440025034971,96,69,97.01573837983348
15099,920.7799419330046,159135.84476356,75421.98888914599,76678.14048078534,1954.0463082153583,588.086217340242,338.75802016592934,797.3139508464374,-6.194441238255579e-05,-0.0872948014265642,96,69,97.01644320296268
15100,920.7967434728108,159182.46495505594,75452.53870864262,76675.00242880825,1880.5162965855561,565.0631050024531,326.4225827078044,772.6189337153919,5.6328708156299246e-05,-0.0816485499673612,96,69,97.0171479539098
15101,920.80015691198,159203.37662489654,75417.58811661537,76663.01466537754,1823.8258073424222,546.1481443229422,317.33993852802087,762.9306473646138,-2.8955770869325505e-05,-0.1037601320164411,96,69,97.01785251551046
15102,920.8173349673666,159146.43393792963,75434.64998472983,76692.0727567092,1744.358600696607,520.8633654354489,304.278312539187,726.7010908784869,-9.59829956309628e-06,-0.1032236221998117,96,69,97.01855677056103
15103,920.8198323506728,159214.0326785801,75442.18732029026,76656.14551100449,1688.5704728224082,501.0967876320792,293.5671383026347,711.3590336703055,4.443986288183196e-05,-0.0837235905495881,96,69,97.0192606018254
15104,920.836700307938,159251.28810463872,75436.10025550745,76658.72317375545,1610.7955028215074,474.95849057054147,277.6056971348007,674.1073922381038,-6.2111229797365e-05,-0.0847200875611205,96,69,97.01996389204233
15105,920.8401395157188,159203.76909952727,75404.53450583671,76663.97099127853,1553.4454525867477,453.536875950158,262.9257606174797,660.491367879411,5.578874626077551e-05,-0.0903803809280374,96,69,97.02066652393168
15106,920.8572443697514,159212.08226767337,75421.55513012335,76675.70141114379,1472.3460738863214,425.94418422714807,243.32733417581767,629.7368646780669,-2.7917692104373518e-05,-0.0796001517423844,96,69,97.0213683802018
15107,920.85972595646,159255.41944844235,75429.81264298162,76670.77145309935,1410.2903249028022,403.7526233332901,226.3031020432245,624.9242525660084,-1.073345327720994e-05,-0.0748378931610211,96,69,97.02206934355584
15108,920.876664145427,159211.59411778845,75420.95462662571,76621.30435869782,1321.6564040337107,376.04646382184,206.21573248959612,600.5251015782706,4.523360448644887e-05,-0.0692163852549144,96,69,97.0227692966986
15109,920.880117799884,159211.51748069187,75383.8873083063,76660.95385270043,1250.7908398818108,354.47658219511504,190.88770520570688,596.4204685756122,-6.225700565746355e-05,-0.0764971935509925,96,69,97.0234681223442
15110,920.8971475405696,159217.55278631585,75384.39827480068,76649.30963788547,1157.8931638713111,329.0673074325605,175.21883108720067,570.0357356354943,5.523033173670987e-05,-0.0953056163086937,96,69,97.02416570322184
15111,920.899624038004,159244.0823933887,75392.16523683038,76646.46264714634,1088.5602121802513,310.77648985382984,166.05499670634163,560.698182652879,-2.687087664755439e-05,-0.0866524337482395,96,69,97.02486192208346
15112,920.9166340799771,159252.17700406915,75398.31253813372,76613.44533978977,1000.2163876920822,288.26720585451403,156.5164893316687,524.8493840859446,-1.1864254304549283e-05,-0.0760812715734601,96,69,97.0255566617101
15113,920.9200910400664,159261.76033543347,75398.1730438514,76596.81448966032,936.8075480175903,271.5310495175072,151.591078890051,502.2602982216922,4.6011586897788585e-05,-0.0750652945814055,96,69,97.02624980491886
15114,920.9370450218024,159298.47076687653,75392.41519822685,76641.35661011522,857.8733157202951,249.96895871435117,143.76336999158957,454.960472087143,-6.238170482153563e-05,-0.0674814197845163,96,69,97.02694123457012
15115,920.9395276363692,159305.6484038194,75388.05487110572,76642.36228864915,805.5682058663806,233.54958231947967,137.45664868841413,422.96657489138306,5.465366506675319e-05,-0.049582543864474,96,69,97.02763083357388
15116,920.9566091811098,159345.66265966772,75407.65410480356,76656.80270310273,736.6087721689255,211.9847462917096,125.71591532227467,368.1414036852366,-2.5815683094592643e-05,-0.0689236750098007,96,69,97.02831848489694
15117,920.9600585380156,159343.81331393446,75392.23224150101,76662.91136585583,692.9590239404351,195.89006230706582,114.47714556663414,330.7481687023828,-1.2990324215418782e-05,-0.0777859799826129,96,69,97.02900407156991
15118,920.9769375531616,159422.84846030036,75422.52473048808,76640.5103222711,634.4532098371419,176.41634325338237,99.30232723182417,276.99629722710233,4.677355814150863e-05,-0.1020857756687824,96,69,97.02968747669354
15119,920.9794376146956,159469.4401217772,75420.90231263274,76687.86675466347,599.9809333818266,163.30192101937428,87.13858416627045,244.71241176547483,-6.248529882825466e-05,-0.1359226776462749,96,69,97.03036858344592
15120,920.9965884408132,159470.11749725346,75435.86413563484,76680.55347999542,544.2245316428016,146.09829417744186,73.57506357089733,197.59739817449008,5.405895197052388e-05,-0.1249784093676954,96,69,97.0310472750895
15121,921.0000196968384,159495.731464108,75440.63479764912,76659.05835819022,502.78100447676843,132.62093203027325,64.30894945119508,170.87172486187774,-2.4752472569408697e-05,-0.1216894444166103,96,69,97.03172343497764
15122,921.0168260066248,159523.99018428256,75410.26528089073,76655.87367820214,431.80022957740584,111.97144072364608,53.57928125781473,130.24045092499,-1.4111286094113114e-05,-0.1248202798365973,96,69,97.03239694656152
15123,921.0193546791868,159502.38799598737,75447.17461892539,76674.76463436,366.127440181328,91.28910424358037,44.8780251131102,107.50906964798924,4.751927146789849e-05,-0.1169057872502986,96,69,97.03306769339756
15124,921.036570761976,159533.11033955976,75413.22166763216,76653.50537798925,266.0429479551385,61.7173056214815,31.917709962610388,68.31944221223239,-6.256776632268865e-05,-0.107523439952555,96,69,97.03373555915287
15125,921.0399740643358,159562.79932764353,75415.5062719784,76648.74427523844,177.39882821240462,34.87803543249902,19.69683800416533,45.83512930676807,5.344640491757068e-05,-0.1010032062427393,96,69,97.03440042761407
15126,921.0567113403024,159587.29414871224,75393.64172851606,76649.09412910939,77.65289840445621,8.869358904354158,6.0876772444171365,12.12230902473675,-2.3681609097538292e-05,-0.0896460835262111,96,69,97.03506218269246
15127,921.0592793869276,159624.6868756128,75407.93906772422,76655.76042379295,23.577343001088593,-0.0,-0.0,-0.0,-1.5226765503973632e-05,0.0717602319038067,96,69,97.03572070843168
15128,921.0765549611708,159611.8420449905,75394.6655809339,76652.54602310268,-0.0,8.967358676876756,2.778565676388098,-16.942529862659285,4.824848590354219e-05,0.3202682202401259,96,69,97.0363758890142
15129,921.0799213643754,159557.3100427439,75401.95268346155,76616.98235434966,64.38575834967196,50.104382993566105,23.994079261959996,-6.490026336425217,-6.262909302021432e-05,0.2272970957349351,96,69,97.03702760876872
15130,921.0965945560451,159542.62749483902,75420.63029241282,76651.95161340055,194.8235206968384,118.32596954560722,62.74630982155213,6.860793574422132,5.2816242005028725e-05,-0.3093346694808093,96,69,97.03767575217626
15131,921.0992121539396,159506.8156575626,75432.16733346341,76660.39301732127,426.7847540003713,216.9754726546962,122.08375720030745,49.62637999778963,-2.260345843405201e-05,-0.3149899901485174,96,69,97.03832020387766
15132,921.1165397742144,159453.6797474674,75418.96595395265,76658.8649645155,712.9637007887941,330.05611091680476,193.5407061621081,94.56043844172382,-1.633638969295962e-05,-0.0528403556685179,96,69,97.03896084867988
15133,921.1198615255272,159390.48564990386,75418.06386839657,76643.15520291863,1065.069980560802,452.16309976563207,273.0217493135715,164.51057763156132,4.8960966358254206e-05,-0.1301327389535558,96,69,97.03959757156302
15134,921.1364766527018,159281.08887828924,75416.73083143984,76633.81479861522,1420.3049744144082,564.2296590660553,348.23347194696544,232.43900551419938,-6.266927237074792e-05,-0.0912034478644202,96,69,97.04023025768744
15135,921.139153271984,159209.78082938743,75416.0333995845,76663.03861621005,1779.0567465193453,661.8231935306248,414.19201541374787,316.24627089549904,5.216868722468292e-05,-0.0736011006443336,96,69,97.04085879240009
15136,921.1565238557644,159128.04890919957,75399.81503890632,76662.9552593752,2081.0257811125484,732.4513798416883,462.11528829223244,388.79924758084235,-2.1518389166300435e-05,-0.0820517025493703,96,69,97.04148306124154
15137,921.1597947154264,159018.99130141363,75435.8685711948,76656.21933393899,2339.8332875000197,780.31025920315,492.7873491976061,468.0128637358139,-1.743978836007725e-05,-0.0776726299856675,96,69,97.04210294995264
15138,921.176358566183,158970.76866838316,75423.17447577121,76663.99177064956,2515.934891610872,801.9810127468663,504.37707445563865,530.7866191358189,4.965648342514989e-05,-0.1015355515426298,96,69,97.04271834448166
15139,921.1791029447928,158915.2773809188,75415.99765126224,76682.7693175772,2639.2687053388217,806.9690380070097,502.72041766010807,594.3643767139874,-6.268830419954337e-05,-0.1029687016054677,96,69,97.04332913099064
15140,921.196505760009,158851.42324068383,75412.43583083885,76653.39777307496,2686.6467255709576,795.1078826430894,489.5858663007093,639.0587553305086,5.1503970149489726e-05,-0.0983663020515637,96,69,97.0439351958623
15141,921.1997213954616,158777.48221518158,75411.36245976841,76657.1124931506,2699.7768340128823,776.1198963270435,471.7877185460238,683.9870569261257,-2.042677143684364e-05,-0.0981938451949615,96,69,97.04453642570697
15142,921.2162410789014,158770.0300471706,75436.72526351096,76661.79483420955,2662.669594655221,749.1520375312393,450.65447866532486,713.4060011220572,-1.8536593449835883e-05,-0.0871073302574696,96,69,97.0451327073691
15143,921.2190613663696,158730.44990213326,75418.19693827875,76703.54149075525,2614.3486681076465,721.5100141795992,430.74401136187953,744.9009158739937,5.0334813491148334e-05,-0.0799194061150188,96,69,97.04572392793436
15144,921.236483873384,158714.09055796827,75423.17293299784,76683.06428306278,2536.7937430302845,691.3119086772058,411.5578140717407,764.3581850990304,-6.268619582132617e-05,-0.0729038862741731,96,69,97.04630997473572
15145,921.2396424324268,158656.2556669755,75401.34017554134,76663.60821351322,2466.5761111553875,664.858304866706,395.8643821080914,788.7953917838167,5.082232620713511e-05,-0.0570851755556397,96,69,97.04689073536112
15146,921.256124651432,158636.40064121856,75444.13563292113,76652.65714526719,2384.323473330878,640.0373532273807,382.369376618386,805.3538000076951,-1.9328977641319555e-05,-0.0509856866773581,96,69,97.04746609765913
15147,921.259028904499,158616.82142575606,75412.10830334635,76685.1185722525,2320.740814794961,621.5054434015474,372.82400907343253,827.7362831143837,-1.962643916616286e-05,-0.0496988887411087,96,69,97.04803594974656
15148,921.2764562134992,158632.50193800204,75416.08950914234,76655.89256431223,2254.03463580471,606.1644760945783,365.68841393775074,843.3052143228124,5.099573910461706e-05,-0.0158440936952031,96,69,97.04860018001447
15149,921.2795593840606,158592.23938189718,75401.53355597393,76660.51033234855,2211.813250768406,596.8837913020106,361.9647849862813,864.1009341782483,-6.266296168246735e-05,-0.0039525235093394,96,69,97.0491586771354
15150,921.2960090131564,158553.7038220097,75416.05698324995,76691.51206986282,2169.0229981760494,589.3960648029606,359.51840196174453,878.0738942459575,5.012399585095429e-05,0.0010050262128819,96,69,97.04971133006956
15151,921.2990066247248,158518.9546338611,75424.43307851908,76672.11936094644,2145.3512854975415,584.735096822842,358.0952310053108,894.5609265708481,-1.822538222338251e-05,0.0145419194728574,96,69,97.05025802807182
15152,921.316419745333,158530.82841855971,75424.43585482394,76648.73879062619,2112.5052711153985,578.5238686925877,355.1948315805348,902.9508838686743,-2.070896288239745e-05,0.0199847181065818,96,69,97.05079866069832
15153,921.3194754949924,158514.73439652735,75409.40249594297,76664.46468684623,2088.7114834055537,571.9426129776111,350.49563720141305,912.5864259953087,5.1639048367755e-05,0.029645432588104,96,69,97.05133311781287
15154,921.335891640206,158523.35205533076,75382.17875008675,76672.23878937117,2047.7598442785093,562.1187747253862,342.6553449826024,915.1822307777184,-6.261862346528336e-05,0.0411435093709129,96,69,97.05186128959376
15155,921.338998707824,158524.41044517438,75385.45330847829,76676.81030717601,2008.959493480972,551.2589979862678,332.63210316211917,919.1572996040632,4.940922588543924e-05,0.0270629308021075,96,69,97.0523830665404
15156,921.3563657857746,158495.28619165937,75384.89801140074,76633.80672054096,1953.0129402142484,538.5120193295297,321.0553845051036,918.2353753409698,-1.711636073481242e-05,-9.315240138500345e-05,96,69,97.05289833947953
15157,921.358617532068,158477.27376965305,75402.65195604664,76649.4828948975,1906.0199341112166,527.0896457346535,310.08307277582935,920.3802330513427,-2.17838041328974e-05,-0.0185906656050017,96,69,97.05340699957247
15158,921.3757645731912,158521.63230928013,75392.61998349128,76632.34013222727,1852.1061228818144,516.9090572433197,301.12386427616,919.794149211084,5.2264536150822937e-05,-0.0596352528463867,96,69,97.05390893832096
15159,921.3790248546876,158495.55965130907,75382.63840729524,76681.53420452471,1817.2999643164221,510.5538064252178,295.7827176861465,922.6027473928698,-6.255320972947505e-05,-0.1002025948832652,96,69,97.05440404757432
15160,921.3962358276268,158477.04951955582,75389.3474372651,76672.38401147089,1786.6791002068785,507.5582315788779,294.54069629704463,923.96802562417,4.867826758636908e-05,-0.0940512629927918,96,69,97.05489221953536
15161,921.3985409388245,158514.2655935345,75381.5663816758,76676.50075230375,1780.8943265738199,508.84385609927995,297.10277551872423,928.0590219732258,-1.6002290924211344e-05,-0.1101042299391293,96,69,97.05537334676748
15162,921.4157141362748,158474.87017778817,75402.60769196015,76663.97382589619,1779.2274203881389,512.9500138853473,302.4674521194829,930.4636258151731,-2.2850605283041607e-05,-0.1145643660651605,96,69,97.05584732220086
15163,921.4190150010928,158468.81423561537,75390.8103113708,76689.36424396936,1795.8788229562342,519.3706702908676,308.91337500256486,934.0013879628677,5.2872002816546575e-05,-0.1151258828255291,96,69,97.05631403913873
15164,921.4361189806298,158484.52882070048,75422.23821090252,76633.85353356054,1808.7459748287802,526.3909779568348,315.1882044057711,935.6921952610719,-6.246675615293315e-05,-0.1120591062800935,96,69,97.0567733912644
15165,921.4384568567002,158465.37263758984,75408.72837502189,76676.94169164237,1829.2178766070283,532.8401282084378,319.73662379352027,937.4730052488158,4.793137816492236e-05,-0.1056313416480027,96,69,97.05722527264712
15166,921.4556785356432,158479.4679773441,75430.97922572722,76670.99833832958,1835.7225811531534,537.3719574617135,322.4720659062732,937.7490822553518,-1.4883551694003046e-05,-0.0984092064166719,96,69,97.05766957774895
15167,921.4589918718926,158479.28496030116,75406.08488617475,76706.3149421039,1840.9563904904062,538.6460597583355,322.7173165992426,937.6472189025371,-2.3909011973702385e-05,-0.0889687070570228,96,69,97.05810620143086
15168,921.4760032506264,158491.73377453696,75440.46408563961,76657.11958994753,1828.3844646011712,535.9394651767507,321.3170704571239,936.5386949177773,5.346125530121984e-05,-0.1047944811001244,96,69,97.05853503895912
15169,921.4783741444356,158456.2345323761,75425.60446572406,76673.34126698163,1811.9458306096494,527.9606135239592,317.702029903885,934.0198927362799,-6.235930558687967e-05,-0.1148271208336349,96,69,97.058955986012
15170,921.4956513155898,158510.28411418514,75399.05158788571,76695.94808248029,1777.0480676091975,515.0202330368338,312.83697749773273,929.9633148527064,4.71688200831474e-05,-0.1012453147727881,96,69,97.05936893868574
15171,921.4989587849052,158473.59981521883,75417.35537184472,76665.5903536979,1737.9619235841092,496.37800133920973,305.68314841442043,922.543251675379,-1.3760523313721872e-05,-0.1007143946824281,96,69,97.05977379350098
15172,921.5158865888176,158491.60878490272,75413.45017417296,76647.68848272468,1682.580739180441,473.7263230114768,297.1330118642654,912.3538126570347,-2.495867279571652e-05,-0.0904433086555453,96,69,97.06017044740922
15173,921.5182957489618,158543.10726160207,75403.08668894296,76664.16702514658,1624.0441224522074,447.14496136902017,286.037939984526,896.9282327664259,5.403210685959738e-05,-0.0847130737426888,96,69,97.06055879779886
15174,921.5356296231118,158552.71026712627,75396.97514302305,76672.69429793762,1550.9758481720928,419.73449594306294,273.7856963406084,878.6975470993202,-6.223090801343677e-05,-0.0871383034707219,96,69,97.0609387425019
15175,921.5389166864388,158531.47468735513,75409.79913399798,76663.71307884394,1476.6739122005529,391.7381146428088,259.34778333155555,855.2218386897002,4.639086014418019e-05,-0.0822687686696528,96,69,97.06131017979943
15176,921.555768825676,158587.2546499944,75418.22882225065,76692.14098350603,1392.5460450053215,366.3205229585874,244.4451978369325,830.5692631627608,-1.2633587269060148e-05,-0.0780998245905824,96,69,97.06167300842873
15177,921.5582231449156,158621.84787579154,75415.9212482183,76678.80890670618,1311.4048984528054,342.55475426976045,228.0941179621732,802.2451308468881,-2.59992392935344e-05,-0.0799540306500431,96,69,97.06202712758862
15178,921.5756115235404,158679.4053130638,75415.68240627057,76668.49536666453,1225.819901595707,322.72071119629254,212.41814944622456,775.6390014524513,5.4584376841070594e-05,-0.0803615019463423,96,69,97.0623724369465
15179,921.5788659172284,158661.34806444173,75418.72565294738,76698.25527182074,1148.2077918071882,304.18889763450716,196.45064569471288,746.8344637076661,-6.208162012372679e-05,-0.0856039003719137,96,69,97.06270883664394
15180,921.5956504568684,158714.05421725044,75427.32437373875,76671.57711884045,1072.1314977025613,288.58738126946264,182.6313107558817,720.7069758387806,4.559777110490605e-05,-0.0869129533872726,96,69,97.0630362273024
15181,921.5981571617984,158743.70909168542,75434.57675677662,76693.08466576056,1007.1771906668437,272.8891659416404,170.03137575427536,691.5675804189523,-1.1503126082777771e-05,-0.0753676177910894,96,69,97.06335451003096
15182,921.6155954182404,158761.51774117205,75423.44591759089,76692.58049046679,945.684966181987,259.5427857302566,161.07365810067859,664.429439908592,-2.703036676610681e-05,-0.0753897467337946,96,69,97.0636635864301
15183,921.618806671506,158811.0974204482,75409.4362834234,76668.8817023251,894.8190444139764,245.6120730793773,153.84687652654247,632.2245107101917,5.511789115006545e-05,-0.0804953459831409,96,69,97.06396335859982
15184,921.6355322767996,158822.61858693173,75451.90250800223,76677.84864762927,846.7932238550857,234.03157675221155,149.6780639536446,600.6714543468261,-6.191150620759903e-05,-0.0765768450167382,96,69,97.06425372914455
15185,921.6380982402115,158871.76853095007,75427.37966044444,76682.7359375831,806.2637630067184,221.70758232331718,145.49133047932992,563.2783928987919,4.478982993560938e-05,-0.0726105205147687,96,69,97.06453460117952
15186,921.6555798645612,158920.16366404505,75437.60175023155,76711.70032274655,765.539177360246,211.84073645115132,142.203629159485,527.9422131003812,-1.036952350663164e-05,-0.0743317589435053,96,69,97.0648058783366
15187,921.6587391650957,158967.33677247734,75447.10362356658,76700.15476064806,728.4453999720863,200.72608954153839,136.69441932771588,487.9833277523576,-2.8051713328099625e-05,-0.0859736593856203,96,69,97.06506746477022
15188,921.6754152213674,158993.43683526758,75452.07453792574,76689.60719303403,688.8656615893124,191.8217956184526,130.95511764890398,451.7776765728195,5.563248191949445e-05,-0.0985429172381072,96,69,97.06531926516354
15189,921.6780465355498,159057.62881098138,75447.9561790314,76746.76621471859,650.240343024605,181.6880474802747,123.38811539619928,411.95767432358116,-6.172063663851e-05,-0.0814117121537308,96,69,97.06556118473428
15190,921.695563514767,159066.64219096472,75435.29271462101,76749.40635517855,608.7200865006889,174.5694329048565,117.5163786073972,376.73702025055536,4.3967319051695465e-05,-0.0629952472254767,96,69,97.06579312924042
15191,921.6986637087108,159136.14947462882,75459.35026553264,76704.19597218747,568.3653815913713,166.4535522039514,111.93521987827262,336.443201617687,-9.233163480217497e-06,-0.0689916669737385,96,69,97.06601500498616
15192,921.7153002808484,159148.7280160131,75464.55281159455,76759.08472864746,526.9307085007313,161.02074183170043,109.40935989789432,298.71832604164956,-2.9062941133358414e-05,-0.0833216520601595,96,69,97.06622671882812
15193,921.7180019704424,159219.93480307987,75459.68797663697,76732.77258139642,486.3064845891786,152.94678163965,106.73835791478632,254.0052149616531,5.6127987941840925e-05,-0.0848840055590214,96,69,97.06642817818036
15194,921.7355450985732,159246.0361340497,75496.58835103508,76754.85129128302,442.77525315544335,144.8880355440342,104.64431250281632,211.76056361780502,-6.15090897609861e-05,-0.096241297843596,96,69,97.06661929102064
15195,921.7385807425804,159316.37171303734,75491.44362777118,76772.18386274074,394.38931697880616,130.04460467489844,97.98395746201277,163.086260707787,4.313052484735963e-05,-0.1076822463074198,96,69,97.06679996589622
15196,921.7551884409056,159369.62354389846,75477.94870651921,76770.81427333197,336.5365314275841,111.53660130930075,87.25484395917738,119.76432169717737,-8.09443117602493e-06,-0.1016940070995677,96,69,97.06697011192936
15197,921.7579642689284,159377.05725033127,75467.98798262705,76750.65377664175,267.34609080152586,84.58869798362139,69.07198652089573,75.06368299611495,-3.0063715496037523e-05,-0.1062070976201131,96,69,97.06712963882327
15198,921.7755234228508,159445.42824563262,75503.6135714285,76784.40348127362,188.71110627939925,56.343080754581024,47.61551877294551,42.548296637949534,5.660425474073253e-05,-0.1103362213054721,96,69,97.06727845686744
15199,921.778490853016,159495.38867934354,75444.89794625832,76769.63959462893,107.54332815506496,26.208909920649603,23.88965956986067,14.39262771976064,-6.127694997793384e-05,-0.0937824929522029,96,69,97.06741647694348
15200,921.7950806355964,159510.66698358784,75474.72261507236,76753.75569298542,38.852543941524345,6.397752970398869,6.657547678158153,3.2984403941372875,4.227973938918153e-05,-0.0878435725183453,96,69,97.06754361053056
15201,921.7979329859,159472.65346351932,75466.92551469922,76740.4935415462,-0.0,-0.0,-0.0,-0.0,-6.953712278669026e-06,-0.0923697855446309,96,69,97.06765976971111
15202,921.8154973764316,159498.79995250938,75481.02662651069,76737.37997974253,13.729607415210921,20.337656581919873,12.940861561015481,15.528065113699995,-3.10537061197472e-05,-0.0453737658338742,96,69,97.06776486717644
15203,921.8183947809456,159454.84587111874,75463.33582756572,76703.87261761854,95.12836388050346,66.87755492812721,46.04345576171181,37.72426019734121,5.706113395852621e-05,0.1435294720872921,96,69,97.06785881623192
15204,921.8349777043092,159424.5523079395,75458.91067001193,76736.61221755306,257.3648728110129,146.35108729703643,102.11801857105456,76.87537062107003,-6.1024309229809074e-05,0.3577225797612284,96,69,97.06794153080284
15205,921.8379075396084,159392.5250682104,75487.81383878787,76709.05385548534,496.25259573495714,248.95226306845143,173.90988449877477,121.11740528728114,4.1415258345660215e-05,0.078287407307823,96,69,97.06801292543952
15206,921.8554659319047,159331.75067322003,75448.40134794223,76720.50303761673,803.0350528054987,371.77985651398194,256.69328915924416,181.1824366581859,-5.811392488595001e-06,-0.402507316252851,96,69,97.06807291532286
15207,921.8582934301054,159281.30280933774,75451.06148997377,76745.28139727416,1150.4360168785206,496.70226939054555,337.8158118693391,244.09355956490617,-3.20325859404486e-05,-0.1946821772952554,96,69,97.06812141626976
15208,921.8748803454572,159240.12514601336,75481.65415035354,76730.343554933,1514.603772693139,617.5860692952556,411.42175494122785,320.50340153477737,5.749848439766243e-05,-0.0482221711801041,96,69,97.0681583447384
15209,921.8778872551017,159126.62891948788,75423.42024263443,76714.62163461966,1861.1110516102053,717.9579027837026,467.9226583269774,396.92082076892257,-6.075126599797306e-05,-0.1220727012856418,96,69,97.06818361783388
15210,921.8954281347872,159032.05644858556,75444.80330214089,76717.49155946315,2170.23390089412,797.3442256120034,507.43988298039767,482.60926683811704,4.05373820576144e-05,-0.0550318633498229,96,69,97.06819715331248
15211,921.8981878857152,158988.824577544,75467.06382650747,76709.89804222134,2417.798929305456,846.4434884835646,527.2778368308791,561.4035917418078,-4.667858150447e-06,-0.075927772313586,96,69,97.06819886958829
15212,921.9147890550132,158889.6074441925,75461.38112968695,76731.50802370814,2600.9303109357134,873.0101118360326,534.0589770875522,642.138590544695,-3.300003202938812e-05,-0.1005482358128659,96,69,97.06818868573758
15213,921.917871433346,158858.25425166189,75443.33820623663,76704.68309490915,2711.9413030126016,874.4246105557977,529.423225081875,709.2187256948091,5.7916171153036025e-05,-0.1178588099947212,96,69,97.06816652150395
15214,921.9353830609748,158803.19380170642,75438.97495971389,76724.14582708073,2763.287877707975,862.5176809176628,521.2616128914524,772.445751121646,-6.04579256712834e-05,-0.1100535890585916,96,69,97.0681322973038
15215,921.9380794673996,158713.3355693944,75428.98093286011,76719.67625425814,2757.2801107926643,835.8619656803494,509.6555957218807,816.9841799543065,3.964641546073352e-05,-0.1178899102878972,96,69,97.06808593423122
15216,921.9547040205532,158709.48571020365,75439.73586702527,76722.9122363473,2714.564701212221,806.7231199100206,499.6528485180752,855.9240064633486,-3.523495891400175e-06,-0.122340528959632,96,69,97.0680273540633
15217,921.9578594840368,158679.3612722676,75415.29763816182,76734.04848331968,2641.1613532364718,773.0360858171916,488.14820414528367,877.9281649866316,-3.3955725785919655e-05,-0.1019217831104445,96,69,97.06795647926504
15218,921.9753296916432,158677.70176427218,75440.89244284148,76713.56408130807,2559.0506480914773,745.377116952659,477.5574642823194,898.4406397498387,5.831406608535227e-05,-0.0929570567706686,96,69,97.06787323299405
15219,921.977969883776,158680.26758853983,75484.1382394589,76744.7448434466,2471.5525105844135,719.0593708140368,463.57481902689324,906.5520002045669,-6.014440029452591e-05,-0.1129228690234714,96,69,97.06777753910612
15220,921.9946248808996,158685.38241294405,75448.33072790035,76705.85235051552,2397.754563031427,702.5713476625242,449.466339962004,918.7120546750084,3.874266745887128e-05,-0.0964829255815464,96,69,97.0676693221596
15221,921.9978512450205,158673.26912063622,75459.89858836649,76740.73963146596,2335.17408093228,688.8849075905455,432.87219693211955,923.4635095044214,-2.378691806663553e-06,-0.0823311290899185,96,69,97.06754850742068
15222,922.0152665339638,158640.48019259993,75499.94408690429,76752.17534863109,2295.7164949229336,683.772326170656,418.7472435440286,934.8704059270676,-3.4899352363949006e-05,-0.0820174819616307,96,69,97.0674150208678
15223,922.0178617314756,158650.36421198546,75476.03706988409,76746.80447362857,2267.6803315675934,677.8165350233612,405.4123281603679,938.1702999384142,5.869204822188394e-05,-0.0538264563376467,96,69,97.06726878919736
15224,922.0345500025538,158681.56093874705,75471.1076666552,76762.67830962407,2256.1891935113817,676.248639503101,397.44933396493434,946.6684897821106,-5.981080882599283e-05,-0.0395379861398893,96,69,97.06710973982716
15225,922.0378480026404,158666.22424547534,75478.07848530338,76746.07816846237,2243.8544014884974,670.0755920029333,391.5902528142906,945.4878632724576,3.782645125452484e-05,-0.0299718982805489,96,69,97.06693780090224
15226,922.055190207861,158643.29701099067,75478.24325219942,76751.55651079856,2233.3103316018824,665.2090135624603,390.0278052339854,947.917335032369,-1.2338325036372195e-06,-0.0069657487993827,96,69,97.06675290129944
15227,922.0577605561674,158681.95711277367,75465.55323302263,76725.26520266777,2207.779331148602,653.8309652978642,387.58549763960764,939.4983937614015,-3.5830601548929505e-05,0.0013607388438972,96,69,97.06655497063142
15228,922.074473300058,158696.31418305926,75489.72039398378,76784.13236845403,2176.0289222614956,644.0673943136062,386.0535100265988,936.3440183910716,5.905000274972731e-05,0.011712616493575,96,69,97.06634393925206
15229,922.0778575636904,158715.78762663147,75466.90482023607,76789.29973729955,2128.773004681687,630.0356740757124,381.1683700494759,926.0261457093584,-5.945727682522895e-05,0.0164278562883783,96,69,97.06611973826064
15230,922.0950869498724,158695.09269571272,75438.85687167656,76755.69772209415,2081.9109147586278,620.5742016768054,376.2035836202558,924.7394488238788,3.689808372804728e-05,0.0123481042057027,96,69,97.0658822995064
15231,922.0976903551336,158738.11264359392,75480.77750592981,76781.33002397545,2030.795863236126,609.943364919789,368.68740924983285,918.9643532507762,-8.93038861024778e-08,-0.0025132405751347,96,69,97.0656315555932
15232,922.114352029737,158749.49182927795,75451.2850707179,76772.22049806517,1994.2709980027867,607.0203776680864,363.42648691058275,924.7175331051985,-3.6749167509547625e-05,-0.0201466341030545,96,69,97.06536743988394
15233,922.1179794689988,158696.70581427368,75472.26686570853,76763.6245459294,1966.3565827831626,605.3285617743531,358.49427784766885,927.199149270542,5.9387822043756056e-05,-0.04903840684619,96,69,97.0650898865047
15234,922.1343951266168,158731.579631898,75460.976163924,76753.02382070912,1960.5249128572177,611.4212726139667,357.7081136130728,939.2435884679726,-5.908393628590875e-05,-0.0791793985679093,96,69,97.06479883035009
15235,922.137214511854,158712.88083976097,75461.42059826941,76737.51669204663,1964.8160362159251,617.3540423156373,357.99475760787027,944.9285985454917,3.595788616517919e-05,-0.0946651225754984,96,69,97.06449420708616
15236,922.1544793879136,158709.01239828247,75483.10899300083,76739.01699580111,1987.8224540641531,628.8742783527705,362.1363362116099,958.1404956805636,1.0545080898362532e-06,-0.1043195772679366,96,69,97.06417595315588
15237,922.157829176578,158721.71912773547,75476.77563559786,76746.65351658696,2011.7501810424728,636.7364379383507,366.03376006463077,961.9868930370139,-3.76547485571926e-05,-0.1156990865709133,96,69,97.06384400578304
15238,922.1743347052904,158707.53861768387,75470.88909678465,76752.20502389439,2042.2320918049663,646.2230741291132,372.1024674252549,970.938354721904,5.9705405596077386e-05,-0.1023692987085925,96,69,97.0634983029763
15239,922.1771206813654,158717.93786670806,75480.10173033859,76758.05079415684,2061.5135966996313,648.8953986458073,376.5845574406849,969.7658638060093,-5.8690926513546e-05,-0.0947881382719376,96,69,97.06313878353356
15240,922.1944960162282,158711.49481941832,75453.42326710692,76750.17087328706,2077.539518353704,651.1037915955676,382.11615445514326,974.6477774034138,3.500618300831216e-05,-0.1043603822948959,96,69,97.06276538704614
15241,922.1977269920608,158746.9843247557,75428.44845650875,76745.6481453175,2074.6057334940997,645.0901913662674,384.58660710792174,969.2613676748297,2.197218438863916e-06,-0.0922096024263633,96,69,97.06237805390286
15242,922.2142419758294,158746.9320689043,75447.45623818945,76759.25080931094,2063.8400906567113,638.1635551794607,386.09521414880874,969.1805514599255,-3.8547047853258725e-05,-0.0851103715568227,96,69,97.06197672529396
15243,922.217057301592,158762.45272817448,75478.20614199733,76766.84281462258,2033.2943298936589,624.2232219853177,382.5179999068205,958.351406647329,6.000265928196421e-05,-0.0878040321885713,96,69,97.06156134321532
15244,922.2344937887966,158756.56927345213,75486.52165114915,76751.38461050179,1996.6866170438007,611.3806992793398,376.3086259578704,952.7388321850158,-5.827839235967624e-05,-0.0799352118902186,96,69,97.06113185047232
15245,922.2376299173012,158790.83418067134,75455.81032300739,76744.18703956236,1942.2791484112386,593.0758812551503,364.16807419864926,935.0861507166119,3.404330268198219e-05,-0.0746582631568254,96,69,97.06068819068382
15246,922.2541425584288,158779.0354725155,75478.71560290731,76743.93774284876,1884.0115428747959,576.4115519005281,349.8316128049919,922.0327907826286,3.338442345856937e-06,-0.0736523633979985,96,69,97.06023030828624
15247,922.2570085645166,158819.07818888282,75459.56873373184,76752.42134427448,1811.4045891224523,554.3511570962437,331.5208964840858,898.528917255142,-3.9425773108721575e-05,-0.0633246787841031,96,69,97.05975814853662
15248,922.2744820001152,158904.66047402535,75475.13959646567,76745.32573042551,1739.3083259108244,533.2271449224645,313.6033344507159,882.8744414988032,6.027949594524968e-05,-0.0681411121854937,96,69,97.0592716575178
15249,922.2775311021682,158885.5542099716,75465.07416914571,76771.24481624403,1657.204942239623,505.6188022258575,294.0181203710672,858.8609274935443,-5.784648597270121e-05,-0.070742122235496,96,69,97.05877078214095
15250,922.2940428600908,158935.52345602278,75473.12125702693,76737.14683241352,1580.2390317296959,478.5406342295173,276.4184267677483,843.9733848226024,3.306957758876335e-05,-0.0610944886515196,96,69,97.05825547014985
15251,922.2969698758,158941.14934572615,75478.08801190913,76752.8639452544,1498.7499173027463,446.673991579999,258.3586936062784,821.3999361190072,4.477795883723913e-06,-0.060811838341963,96,69,97.05772567012434
15252,922.3144627628322,158944.04925237346,75439.6216441707,76738.38879415393,1427.1587022704189,418.3480868029146,243.06744658065145,807.1745878648362,-4.029063679889439e-05,-0.0543052948007226,96,69,97.05718133148446
15253,922.3174287296416,158983.9647097825,75435.70682487483,76721.59821849974,1353.9457687269314,388.63355087807577,227.90078465343686,781.747904268821,6.053583593975026e-05,-0.0545198473845315,96,69,97.0566224044931
15254,922.3339457879692,159021.28533645577,75470.53262670948,76776.72904799246,1292.1494250349933,365.4109225296852,216.04549782336107,761.1784953088209,-5.7395365482523744e-05,-0.0518141880453883,96,69,97.05604884026042
15255,922.336938953484,159062.97998110202,75444.77219753349,76722.85498669522,1230.0914829610265,343.2907426867314,204.96602701413212,728.0442260464479,3.2085342856697164e-05,-0.0579820140559403,96,69,97.0554605907472
15256,922.35443647003,159085.67605500502,75450.74791372777,76740.34336258049,1179.3794791356777,328.49055829703866,197.2169207787956,700.3243073118792,5.614896289048558e-06,-0.0551197737729145,96,69,97.05485760876758
15257,922.3573224980482,159136.61841347668,75453.0398512785,76732.14369499395,1126.4872970413999,314.0492988360638,189.36735857263557,660.864110560884,-4.114135639490348e-05,-0.0516307981264889,96,69,97.0542398479935
15258,922.3738530797256,159194.7303817443,75478.0300743815,76728.15798736677,1081.8241775021306,305.19474070717115,183.2701589143544,629.1614822650445,6.077160605221829e-05,-0.0602403085142677,96,69,97.05360726295724
15259,922.3769142117184,159243.83880431805,75480.87491299382,76737.66470286266,1032.2870836193324,295.23680610235897,175.6605252630252,589.4070373796276,-5.6925195731423e-05,-0.0468487423025277,96,69,97.05295980905512
15260,922.3944029796152,159258.44928388562,75465.10809433123,76773.87872340839,987.8264354039566,289.02405184136296,168.79806135827675,560.341109659872,3.109093734560244e-05,-0.0440422663211994,96,69,97.05229744255078
15261,922.3972127543452,159282.92508251034,75474.23108665677,76765.06764187425,935.5777529800544,279.70003540063044,160.25839886948233,523.3672236459388,6.749361312492977e-06,-0.0418416840686794,96,69,97.05162012057836
15262,922.4137659162602,159341.24079148236,75500.16579050312,76737.87995343124,886.7683668765821,272.07816899627505,153.06527758928132,496.4325014902861,-4.197765442174606e-05,-0.051893264229254,96,69,97.05092780114536
15263,922.4168943014938,159363.0738733528,75483.68225600146,76743.38072557209,831.3978745501372,260.21256796468515,145.33413295802893,461.1220782105811,6.098674018764695e-05,-0.058887447757628,96,69,97.05022044313618
15264,922.4343619993274,159442.36089439664,75492.51874265286,76747.73096439234,781.8115959819406,249.1889412985911,139.547716724599,434.75003914296394,-5.643614748963596e-05,-0.0488245067881111,96,69,97.0494980063152
15265,922.4371001880472,159450.01001918933,75483.23170276487,76747.68850077549,728.9851105567068,233.99743072762794,133.00150867857155,397.5679913676868,3.008670294837592e-05,-0.0493841764546066,96,69,97.04876045132958
15266,922.4536851306144,159505.07030607315,75473.10296717274,76759.578858624,685.4916400474613,220.73448813703726,127.39430407679174,368.0800600486691,7.880810352756574e-06,-0.0435878023932733,96,69,97.0480077397123
15267,922.4568779529864,159519.52876493282,75459.4909306774,76754.50398773362,642.323208271293,205.6740729539888,119.90465043464792,328.2404433345073,-4.279925799935344e-05,-0.042205471148973,96,69,97.04723983388504
15268,922.4743132452068,159573.92570880326,75510.71769125704,76753.38239241195,608.6080063875415,194.20019668478926,112.12032699590782,296.69860328765935,6.118117912751073e-05,-0.0327897628865741,96,69,97.04645669716126
15269,922.476985692065,159631.15749813468,75491.7863172076,76743.62986165569,571.3517314296332,181.19388376257848,101.56760098197265,254.47728808017564,-5.592839827805434e-05,-0.0313965233599293,96,69,97.0456582937491
15270,922.4936112902984,159672.75763114696,75478.9787578362,76734.8115570214,535.356518779532,169.71949704595318,90.14563933890895,221.3297137222835,2.907298484083198e-05,-0.0689446317763138,96,69,97.04484458875396
15271,922.4968639207816,159734.91542627048,75472.09394434062,76741.37289507972,485.52575585857267,153.05863710129051,75.82186806589016,179.22176993830362,9.008863513259572e-06,-0.0661510427538191,96,69,97.04401554818108
15272,922.5142565175016,159764.5803105098,75486.36896098078,76746.24942991322,425.18821801734157,132.8027230551379,60.47058247376117,147.09377399319783,-4.360589989880481e-05,-0.0822839742841461,96,69,97.04317113893886
15273,922.5168702843602,159796.50911301203,75467.57782097715,76751.18530744885,342.81922450463753,103.60677290474996,42.630084992881166,105.73182242480107,6.13548710331933e-05,-0.1047380714273107,96,69,97.0423113288407
15274,922.5335447332528,159820.52609314883,75497.74886653968,76740.26689167629,249.62860320700565,70.8504882354755,25.36287240491947,75.8060653974826,-5.540213123479625e-05,-0.0788118459039786,96,69,97.0414360866084
15275,922.5368509709016,159887.26939341388,75466.00477978423,76766.77232692104,147.0892655510106,35.77250284900947,9.418560125224758,40.25165275897598,2.805013088178458e-05,-0.0798421225493419,96,69,97.04054538187408
15276,922.5541917402002,159886.16769546334,75491.20506593691,76757.03132898452,59.16192802769365,9.920253136995598,0.0101784075377509,20.424996228364762,1.0133143025104516e-05,-0.0791147443032722,96,69,97.03963918518316
15277,922.5567550550294,159961.08063505875,75506.1954508201,76741.79178416418,-0.07079603540478274,-0.0,-0.0,-0.6337526175775565,-4.439731779499823e-05,-0.0656438009999133,96,69,97.03871746799636
15278,922.5734855856248,159959.97538522544,75507.48972598831,76715.9695896143,-0.0,19.033581437994144,15.360073637071764,-0.0,6.150777103891652e-05,-0.0478200461108005,96,69,97.03778020269264
15279,922.5768378869848,159975.15177119977,75484.22369238701,76772.834401237,72.71333226456773,70.77992162325245,48.00703840400092,5.188080820837058,-5.48575361757816e-05,-0.0473224965583607,96,69,97.03682736257088
15280,922.594118981519,159905.17765106025,75445.43821555149,76735.89230744632,235.82751823903527,159.13086393181584,100.27039807612891,34.73972046771087,2.701849211643128e-05,0.0103789006133501,96,69,97.03585892185292
15281,922.5966411254278,159887.9884206791,75458.57118213683,76784.66469389104,482.7509655369213,276.0571550555469,168.87860353422002,67.84507902475889,1.1253272025116246e-05,0.2279918316962886,96,69,97.03487485568522
15282,922.6134337728467,159831.3965412718,75478.60894037772,76750.15879722509,805.733649051981,412.8042555520515,250.0269179609313,123.056602850731,-4.517325450956148e-05,0.3994966051234137,96,69,97.0338751401416
15283,922.616823485876,159821.51217260762,75473.96853173227,76767.64680440341,1174.7600888461457,552.3357650453545,335.25430188881,178.0922486600175,6.163984065515017e-05,0.0269687923317409,96,69,97.0328597522246
15284,922.6340384627132,159759.54710130065,75450.98058036678,76744.73860029312,1563.1223812012468,681.6669239523762,417.30912785819964,249.01713924887008,-5.429480851021441e-05,-0.3770142214290675,96,69,97.03182866986864
15285,922.6365296137636,159674.23849903164,75473.87438913218,76755.99322677229,1933.4442513370886,786.8193696203816,487.544404594606,312.1928501636721,2.5978422343668364e-05,-0.1296237528161224,96,69,97.0307818719411
15286,922.6533890289932,159614.73797582954,75454.93795464218,76732.9583500042,2261.699574534723,862.774293277922,541.2919142504979,385.2120105768554,1.236887543379118e-05,-0.0644345929320168,96,69,97.029719338245
15287,922.6568066379148,159548.64689313783,75489.55354302436,76725.27725847471,2523.4136130390107,906.7324179604766,574.8418585269828,445.38808863135637,-4.593345888463209e-05,-0.124382855877779,96,69,97.02864104952064
15288,922.6739505586448,159538.14279553844,75471.73731010036,76728.8294847505,2711.4470937576843,923.6779936105886,589.0715768891387,509.93862409016583,6.175104934163277e-05,-0.0582054614584745,96,69,97.0275469874476
15289,922.6764216050092,159480.2238484138,75455.56655831351,76743.18993838332,2821.0683196020545,918.602892666735,585.7826856006577,556.8284272897581,-5.3714150204589626e-05,-0.0754189170559839,96,69,97.0264371346464
15290,922.6933509067736,159405.58888142055,75443.45803178022,76763.8145922035,2861.889762559964,899.822621548883,569.9199449605949,606.2589080065663,2.4930277398145568e-05,-0.0654755395295988,96,69,97.02531147468058
15291,922.6967862893292,159399.17363131724,75469.44355896338,76747.45020023483,2842.6571192791453,872.4417395684432,545.7568861286563,637.9223823257489,1.3479579963283664e-05,-0.0633452862229405,96,69,97.02416999205846
15292,922.7138557918936,159365.81097895943,75469.60467238967,76764.8217841609,2780.3405840916676,841.9042182658886,518.618703390588,672.0865215131489,-4.667768470306492e-05,-0.0489904470482223,96,69,97.02301267223436
15293,922.7163181242456,159388.18302838865,75478.51463399273,76766.4739666971,2687.9679462039494,810.2515901869192,491.8741688778973,689.3000149331638,6.184137312908223e-05,-0.0398268107966932,96,69,97.02183950161093
15294,922.7333187891604,159362.29643253871,75461.69828615176,76713.0136765668,2582.43962823716,779.8833268077287,468.7077000408026,712.1593732764886,-5.311576844025512e-05,-0.0427336458719898,96,69,97.0206504675402
15295,922.7367614851718,159337.69207405223,75455.74891804758,76719.67442832193,2474.8005876175594,751.2464619719976,449.9764515988645,721.3408940309891,2.3874416287756256e-05,-0.0143150693084983,96,69,97.01944555832566
15296,922.7537548213986,159339.29380162188,75451.38148084273,76748.82801919777,2376.5782711608917,725.6112288054865,436.11287646123674,737.5860390423622,1.458501432188235e-05,0.002333752836866,96,69,97.01822476322286
15297,922.7562201133225,159339.25792572906,75431.9565352974,76728.9681291459,2292.530260534608,703.2586505499494,425.8341911806783,740.7389991302916,-4.740569127904134e-05,0.0045109606296287,96,69,97.01698807244196
15298,922.7732919030576,159361.35578805604,75470.51163084904,76762.00871301757,2225.745003728778,684.8073589314445,417.9531327972654,752.3758406830311,6.191079538373756e-05,0.0188134626928613,96,69,97.01573547714824
15299,922.77673139173,159352.42043723873,75454.5213886134,76743.00482792757,2173.1718464298174,669.8922195347113,410.558253594907,751.5286118523509,-5.249987671778815e-05,0.0194195153386736,96,69,97.01446696946408
15300,922.793648426402,159332.64945854872,75482.84323606825,76747.7713714176,2130.694149702147,657.8055111135036,402.5453142845945,758.0718212376232,2.281120017191e-05,0.0225873722572822,96,69,97.01318254246952
15301,922.7961284109192,159365.37229426624,75493.45247346841,76767.1804786615,2091.8315960628097,647.2955394989549,393.04189031611895,751.3608045861765,1.5684809416489706e-05,0.047911404816178,96,69,97.01188219020442
15302,922.8132693351037,159368.01447885757,75486.57573834843,76756.31556899358,2052.004900137428,636.8636237858736,382.31328119095997,753.3933984826435,-4.811724410029631e-05,0.059458780847451,96,69,97.0105659076687
15303,922.8166953174368,159400.8376520974,75467.36412372577,76744.41020954255,2008.4226805825601,625.5656071230187,371.02889138573664,743.8023522672302,6.195930617353025e-05,0.0661129377249836,96,69,97.0092336908241
15304,922.8335374865987,159413.8174217302,75483.83844533064,76731.94555816574,1961.6941647455678,612.7396839052235,360.4609685242176,743.8375400725345,-5.186669428738728e-05,0.0852565610813457,96,69,97.00788553659513
15305,922.8360437357618,159413.9245759732,75472.69133696101,76739.74417527585,1915.083212056139,599.1557475952723,351.7719619399868,734.0362828824145,2.174099221975728e-05,0.0929994626622984,96,69,97.0065214428697
15306,922.8532500501984,159382.34299745894,75467.40345664402,76763.17256071403,1872.9941913709044,585.674485703159,345.94558929334744,737.4272354919813,1.6778597637627796e-05,0.1015390392257434,96,69,97.00514140850083
15307,922.8566527305568,159422.06650625012,75428.12111852165,76755.50990084803,1840.3979864168214,574.4518237817247,343.51801154311397,733.8185825088585,-4.881211362794653e-05,0.1059840662346428,96,69,97.00374543330663
15308,922.8734229606624,159447.41949573762,75454.80544252813,76769.45639433489,1820.136642245343,566.6613611718785,344.51228937209817,744.3523722504033,6.198690291162901e-05,0.0967287576354069,96,69,97.00233351807248
15309,922.8759666709608,159441.18000615208,75478.5856665328,76736.03734945966,1814.0121581639978,563.9513455792039,348.54273283696966,748.4386534603836,-5.121644582815702e-05,0.0789045387748046,96,69,97.0009056645501
15310,922.8932329157356,159428.63189011675,75464.82466700752,76770.60494168579,1820.2333911641035,565.9145118324959,354.6650618777203,767.145155494014,2.066415819625293e-05,0.0658014519063548,96,69,96.99946187545989
15311,922.896603268319,159414.31406848488,75464.42514002988,76738.31756385148,1836.5975806180504,572.4690344931587,361.8487365216424,777.3440788354783,1.786601447364487e-05,0.0125180633185731,96,69,96.99800215449066
15312,922.9133058707534,159398.0590657409,75511.51880340971,76747.00358528434,1857.8242418938316,581.4692840238713,368.82154730395996,797.4488844991138,-4.949007659080249e-05,-0.0109297277596367,96,69,96.99652650630084
15313,922.915897639466,159390.50711202662,75462.95542700024,76740.33074284502,1879.79180916521,591.7705136674485,374.7744603428,804.6217230093898,6.199358992129339e-05,-0.013856610782296,96,69,96.9950349365188
15314,922.9332167461996,159397.53588016788,75462.71833562892,76739.96382067668,1896.496092076588,600.7687954332505,378.9537571616238,819.0454804604233,-5.054936201904208e-05,-0.0346197943641475,96,69,96.99352745174332
15315,922.936546714896,159408.9955404074,75445.9662654844,76739.37652167173,1905.1187396713067,607.7134196380648,381.2513844636851,818.2189855598554,1.9581065186361837e-05,-0.0246125288292274,96,69,96.9920040595444
15316,922.9531873268216,159426.70433919,75472.02524593762,76733.61357530301,1902.0535332102445,610.6643455753074,381.3439341635094,823.0079268171394,1.8946697137476088e-05,-0.0171777995641045,96,69,96.99046476846333
15317,922.9558368205752,159421.84335436203,75478.82012328347,76776.03977702976,1887.6218314688886,609.5836985984643,379.2020699804125,813.7360222163843,-5.0150915475028697e-05,-0.0142969690813068,96,69,96.98890958801344
15318,922.9732004449348,159432.44587295884,75449.12846158938,76741.87764758916,1860.974179211189,603.0073130606906,374.2141331640596,813.6326167369261,6.197937873986786e-05,-0.0138601855799895,96,69,96.98733852868013
15319,922.9764828265384,159429.85236442773,75485.36696214759,76703.7132390653,1824.6146322600543,591.3287312663888,366.07945365679916,802.2616710039438,-4.9865678604157816e-05,-0.0058557438990815,96,69,96.98575160192112
15320,922.9930687864802,159508.9939510372,75443.63315685681,76727.44036644213,1778.599672764307,573.4608858590364,354.15831205862924,801.4729470115562,1.849208272215648e-05,-0.0227728758178733,96,69,96.98414882016728
15321,922.9957836844454,159461.6872178577,75453.34949262468,76732.24876514288,1725.3223476671265,550.3362513208849,338.6173966983042,791.0435213509772,2.00202856384316e-05,-0.028055553806536,96,69,96.98253019682204
15322,923.0131837979424,159486.44756440862,75469.11489078848,76733.25594159169,1664.3628604812548,521.8320737729955,319.7606101749989,792.4181934380904,-5.079441866240436e-05,-0.0054777519610723,96,69,96.98089574626174
15323,923.0164100030636,159513.41370149524,75446.11802696473,76740.52495216597,1598.1464449330233,490.28323474450735,299.0211880195129,782.7684931839467,6.194428771654089e-05,-0.0191482854496017,96,69,96.97924548383588
15324,923.0329544722722,159505.67522627275,75474.83147098661,76737.45147263171,1526.9757115886314,457.0421086731076,277.87302612815984,781.9144982044818,-4.916563704903326e-05,-0.027409336561061,96,69,96.97757942586706
15325,923.0357321044462,159533.15762883975,75444.66734645294,76742.54433151933,1454.2940034659696,425.3395461520122,258.39791358073126,768.2512688168499,1.739758204690322e-05,-0.0152224568933905,96,69,96.97589758965088
15326,923.0531787630518,159549.45550655053,75463.88060158724,76741.76080225168,1381.4174184177537,396.6192411328957,241.91065069453907,762.8355247477011,2.108642272467996e-05,-0.0121389989647014,96,69,96.97419999345588
15327,923.0562902061604,159559.6705206247,75443.64445280134,76714.01620307026,1311.9684458750417,373.1164480320731,229.46565502742305,743.4141303417855,-5.1420380328041466e-05,-0.0185693707935305,96,69,96.97248665652327
15328,923.0735829701092,159619.23129950007,75441.57411109899,76725.66075803046,1246.3283518875833,354.4930929668917,220.74641806975706,732.0044719114667,6.188834265325748e-05,-0.0095803266083057,96,69,96.97075759906716
15329,923.075805517036,159631.225937787,75453.96919990842,76741.96926110757,1186.125118131109,340.8129317136627,215.0833586086519,706.7165987430781,-4.844948430894569e-05,-0.0036408380755819,96,69,96.9690128422735
15330,923.0930709137816,159623.97516124332,75472.8943547036,76730.79038288225,1129.7767127628904,330.06983942337683,210.92650747226435,690.8701546797238,1.6297935614122706e-05,-0.0028567158087054,96,69,96.96725240830042
15331,923.0963129596772,159709.75490010408,75416.87570496283,76751.91635646446,1077.414684752992,321.38831139626564,207.1473345278937,662.286186392419,2.214475349235389e-05,0.0079982832546556,96,69,96.96547632027796
15332,923.113441243784,159730.38399371918,75468.58780368148,76735.66946068013,1027.5074381293962,312.9926128588995,202.60709573645727,641.8852512547746,-5.202860120339552e-05,0.005593689690361,96,69,96.96368460230704
15333,923.1157402572984,159759.22548492323,75453.59826186676,76749.20621180866,980.81844499812,304.6463454556506,197.06259863378364,607.2477619839192,6.181157572235447e-05,-0.0024580642497475,96,69,96.96187727945964
15334,923.1330240609296,159789.2291930312,75461.42565542649,76749.33234906675,937.2505579423159,295.6379883022746,190.4728140636871,580.7718535057502,-4.771747242761385e-05,0.0118118819023868,96,69,96.96005437777742
15335,923.1362977887428,159808.93615767045,75471.90426349964,76785.38523976087,898.3138320847065,286.42118998056685,183.4482304621779,540.5410399176471,1.5193517820592617e-05,0.0082972432096508,96,69,96.9582159242724
15336,923.1533160085316,159896.19852066686,75465.12107332445,76796.68682228676,864.1387806106941,276.8513534328522,176.4463021547126,508.65213838755153,2.319492640509985e-05,-0.0099077314514973,96,69,96.95636194692511
15337,923.1556663835948,159926.5328383931,75510.70498955497,76765.78289993247,834.705777092604,267.26116332279344,169.95638963367674,465.1774876784184,-5.261888741818884e-05,-0.0039710466918218,96,69,96.95449247468464
15338,923.1729926371024,159987.91145464528,75501.28823177025,76783.02445519615,808.3694985948969,257.47333542624256,163.93316420464544,434.7562780640146,6.171402672125349e-05,-0.0037909636198457,96,69,96.95260753746736
15339,923.1762668551222,160000.10707962097,75493.82389333281,76790.14121113492,782.8707518884912,247.49239454293274,158.03433459604275,397.1246881814732,-4.696985848416224e-05,-0.0082143021275307,96,69,96.950707166157
15340,923.1931946377466,160059.535044629,75477.16787528002,76794.36131429292,755.79792669171,237.23449947609333,151.57200641243253,374.34893494899734,1.4084704111060865e-05,0.0019501408954744,96,69,96.9487913926027
15341,923.1955933085748,160102.56513732366,75499.44417146967,76802.5557243392,724.8700067019672,226.57783897103218,143.90655044530286,344.91456076916074,2.423659267584624e-05,-0.0066523003704321,96,69,96.94686024961896
15342,923.212969579643,160116.75697312833,75516.53285525714,76807.58120475605,689.7425754372962,215.80582985850924,134.84506572876126,330.00467825864325,-5.319105211769876e-05,-0.0104038786279199,96,69,96.94491377098396
15343,923.2162238675056,160110.45762358562,75490.98034246857,76805.9622181209,650.2963502930361,204.81390584543988,124.71354659835924,305.58354332097224,6.159574213482395e-05,0.0006257971382643,96,69,96.94295199143964
15344,923.2330752945536,160148.51563571123,75514.70657929969,76787.39054811161,608.8924802524853,194.16502744919853,114.55382092154468,290.56820471418905,-4.620690491518864e-05,0.0070240799885272,96,69,96.94097494668938
15345,923.2355233644124,160181.68537544747,75503.19777418216,76776.05244008005,566.2961455672048,183.35241871762264,105.34150851753657,262.1789970577229,1.2971871174694544e-05,0.0188717180988562,96,69,96.93898267339756
15346,923.252952693057,160242.396098167,75511.55167667134,76798.76933563458,524.9644828693126,172.58941833174322,97.96984175243415,241.84705943311565,2.526940641133793e-05,0.0001196097612693,96,69,96.93697520918852
15347,923.2561688032677,160294.11135399883,75501.41553059113,76787.44411404154,483.1604950936162,160.17413365797256,92.0692495322728,207.49969831563067,-5.37449137879414e-05,-0.0103776697968464,96,69,96.9349525926449
15348,923.272959653847,160311.55581380858,75500.26923881014,76785.03610716916,440.5456199256005,145.52468114123621,86.67574066913221,180.6630906147475,6.145677535126665e-05,-0.0160029149596856,96,69,96.93291486330664
15349,923.2754552105838,160321.11877987927,75495.4732993213,76823.55904601704,391.7571142320521,126.20237006011303,79.54313376059872,141.28847950266208,-4.542887910746714e-05,-0.0220336781077795,96,69,96.9308620616698
15350,923.2929438256648,160395.24131317355,75498.95218592601,76752.83480603546,335.2507821714389,102.46916082623648,69.02785332425265,112.6066065588966,1.1855397190108614e-05,-0.0238811376728911,96,69,96.9287942291845
15351,923.296096364092,160439.84181667157,75526.31003560692,76772.01452480542,266.2333255993435,73.57977733066946,53.744765972776804,74.01770714091253,2.6293025318801584e-05,-0.0324880989328915,96,69,96.9267114082542
15352,923.31285763966,160463.2482044387,75509.8999088404,76761.10022794225,188.81384535698453,43.55148578778608,35.03296067225165,48.30928850904456,-5.428029791996047e-05,-0.0183212663268815,96,69,96.92461364223423
15353,923.315373275624,160485.08046328637,75506.191145889,76787.63333234756,107.29804256733041,16.023357453101198,15.790876965067582,16.87740054918686,6.129718687881408e-05,-0.0142236855606634,96,69,96.92250097542949
15354,923.332972951116,160514.4557285833,75510.31666394195,76792.13037568652,39.00506760308053,-0.0,2.0934821260452736,4.216209814563626,-4.463605335966374e-05,-0.021306945586069,96,69,96.9203734530936
15355,923.3359267858038,160578.53312191894,75500.23914088769,76753.05078062238,-0.0,1.8414936599874636,-0.0,-9.369333911279682,1.073566098208762e-05,-0.0262439896622902,96,69,96.91823112142691
15356,923.3534315839172,160536.6607385221,75479.4502175089,76796.03817266182,16.67444479634287,30.999591820058413,16.22136169244186,-0.0,2.730711015143778e-05,-0.027325114890515,96,69,96.9160740275751
15357,923.355561077162,160562.7695378044,75489.59590986682,76782.8967721323,104.9360738163814,89.69622776891629,53.733983417303534,11.30614200324635,-5.479703628002113e-05,0.0835430391669645,96,69,96.9139022196269
15358,923.3728193396022,160508.19887240563,75475.28334009292,76801.27887985225,282.21909174713073,180.2801976501505,113.26082563283853,47.473606755112996,6.111704401265038e-05,0.3282667363893519,96,69,96.91171574661284
15359,923.3759765818442,160467.88507338276,75530.74548999582,76772.62155839763,544.2957572790328,294.92328187299427,189.8213939628622,85.99548144612345,-4.382870464334984e-05,0.3091263338999231,96,69,96.90951465850304
15360,923.393284490579,160412.9652587814,75519.27557487338,76787.02992716327,882.8923941781395,426.4566654954542,276.70755790770636,146.08786586820497,9.613042211712328e-06,-0.2447878105308331,96,69,96.9072990062052
15361,923.395497105704,160374.08033950825,75518.79590590774,76807.98370315756,1266.6424344920088,559.7904013516672,363.7861199240433,203.78750214335741,2.831132525480113e-05,-0.3239843720393126,96,69,96.90506884156342
15362,923.4127594120064,160321.98628836544,75495.96167507651,76776.55935626243,1667.660459201492,685.7247902829258,443.17868401602027,278.57488916505827,-5.529496630955466e-05,-0.0202739275373401,96,69,96.9028242173548
15363,923.4159739668448,160272.9247082126,75468.83390801084,76766.00712447044,2044.334397665807,791.0407539547305,507.03006510523846,345.8117547016591,6.09164212085544e-05,-0.0991997399754715,96,69,96.90056518728888
15364,923.43316210012,160221.15766845044,75508.22991395382,76768.99201412241,2372.085197574517,872.3018386046315,552.5563865828444,422.77174614483374,-4.300711468547523e-05,-0.0739549194579645,96,69,96.89829180600432
15365,923.4354172024982,160083.25271071485,75507.7199340314,76814.09671974737,2623.1233034041943,923.4074872339697,577.9491136891884,484.91544221850927,8.487921390840593e-06,-0.049609763301654,96,69,96.89600412906756
15366,923.4527207907722,160053.17539647638,75470.62923141402,76793.26022270939,2795.3897047743085,948.7851061274996,586.3733097060758,551.6617253164877,2.9305338414536003e-05,-0.0633211091956149,96,69,96.89370221297013
15367,923.4559528563298,160032.53009509065,75467.17296790652,76787.1659190004,2883.626363992167,948.1024947308761,580.2171247949591,599.8929736280406,-5.577393296170959e-05,-0.0296307997578987,96,69,96.8913861151262
15368,923.473045252153,159988.61947794489,75496.56808977891,76765.85982666018,2905.8611280694604,930.0746060909441,565.0702201642271,649.693451737432,6.0695399278098825e-05,-0.0328939677356532,96,69,96.88905589387124
15369,923.4753347296812,159966.25465163687,75495.21271836176,76786.23114377739,2870.1299096319126,896.6021479983465,543.7558527783258,680.6112370501796,-4.217157017445823e-05,-0.0433055095346964,96,69,96.88671160845816
15370,923.4926942349704,159933.65906533264,75499.42740918128,76785.3236238362,2802.337154427427,857.8520845427265,521.154010682716,715.9922883361578,7.360679450447164e-06,-0.033870865988081,96,69,96.88435331905616
15371,923.4959181684056,159933.7510686606,75483.14213047443,76815.3108973582,2710.4439014632953,815.0181339407136,498.1630572502618,735.7784381005331,3.0288820936114788e-05,-0.0533489943508167,96,69,96.8819810867476
15372,923.51293119462,159929.10507634826,75501.9605076561,76791.4866647737,2616.676596046018,776.8143009899795,477.5982196969271,761.7097375963931,-5.623378689616411e-05,-0.0540277260268822,96,69,96.87959497352549
15373,923.5152525778328,159888.91700454836,75484.58649785639,76792.45469258665,2522.4271052581607,741.9721650737338,458.38849427885725,773.4677210733935,6.045406637958358e-05,-0.0317083353132871,96,69,96.87719504229098
15374,923.5326776772748,159869.06021157006,75482.58450317607,76794.53480335034,2443.8741765893064,716.8482628098282,442.2153565088229,793.4090446285554,-4.132236187410277e-05,-0.0243962769445085,96,69,96.87478135685129
15375,923.5358692692624,159878.17614865233,75465.20616839905,76769.12650669162,2374.2015183658805,696.6170896300173,427.16289967036573,800.0469106220116,6.231698248585067e-06,-0.007961549446061,96,69,96.87235398191586
15376,923.552822305508,159885.7075632409,75475.8009395279,76762.23882397707,2322.53255640273,684.622624324591,414.81696787054534,814.4893583816593,3.1261448606711604e-05,0.0113686108221793,96,69,96.86991298309432
15377,923.5551683828602,159885.29723402215,75454.73889702768,76768.86769564106,2275.660867377592,673.7130305249157,403.3870172504103,816.3153953878791,-5.66743859120574e-05,0.0222296265652498,96,69,96.86745842689416
15378,923.5726748854404,159911.09024258147,75473.75422420017,76771.96601682382,2239.5315195536823,666.7208661859768,394.82633643143345,828.4233198032598,6.019251717738828e-05,0.0329876240394146,96,69,96.86499038071663
15379,923.5757979011198,159891.08504755024,75471.3585152407,76758.946479312,2198.189566167828,656.3066715987807,386.9963499891164,829.4283440933214,-4.045978510627016e-05,0.0637780348876975,96,69,96.86250891285506
15380,923.5927325551504,159890.26074815227,75476.8509116176,76742.05084514547,2158.806255751755,646.6422602415842,381.42531024623895,840.7450853247719,5.101359286528996e-06,0.0842832143137302,96,69,96.86001409249111
15381,923.595060401183,159860.15778622875,75454.62715799258,76757.42750592864,2109.173935449391,632.4040758159972,375.4772260970785,841.1894237452652,3.2222899997006903e-05,0.0804951205608582,96,69,96.8575059896922
15382,923.6127266698854,159912.35581426544,75438.668094318,76734.32681660671,2063.102005345514,620.4410095361527,370.8198008785839,853.1750879131432,-5.7095593768683176e-05,0.0876120988810913,96,69,96.85498467540845
15383,923.6156037601156,159891.01446359535,75457.31361408418,76791.93763873189,2012.2792281665606,606.5066906765423,365.00674698658986,853.8962824078917,5.99108532272985e-05,0.0846686435686577,96,69,96.85245022146928
15384,923.6332245044364,159896.09105499653,75479.93821644381,76760.71668844104,1974.1664248128654,598.4483015712322,360.6815553669003,865.6694771304901,-3.958413969180057e-05,0.0706206176656074,96,69,96.8499027005806
15385,923.6353668345572,159887.92533293506,75440.04487812487,76731.48148630498,1940.3596639541793,591.7703408542002,356.25199398215045,865.6979019845894,3.970044831889871e-06,0.0626314951040843,96,69,96.84734218632138
15386,923.6525380395316,159913.58814071136,75465.1902920521,76735.78290691218,1927.31851298135,593.9853393851226,355.23740421707043,877.3959723146108,3.3172858700268064e-05,0.0491797409325509,96,69,96.84476875314088
15387,923.655670556762,159900.04119904354,75441.11083184012,76753.19942536554,1922.93593199522,599.217226117602,356.0245755012147,878.7431442691013,-5.749728120966928e-05,-0.0019182464502759,96,69,96.8421824763544
15388,923.6730792167236,159907.52801583623,75492.14449404209,76748.6481684547,1939.030060531455,612.830883947463,361.3112090798386,891.422504416696,5.960918240942684e-05,-0.0272690436887738,96,69,96.83958343214074
15389,923.6753015833768,159900.34958102115,75457.8665144864,76721.21602395915,1958.805171483953,626.5898092502612,367.97777223362937,892.6216390986228,-3.869572932814104e-05,-0.0463344205769241,96,69,96.836971697539
15390,923.6924664354152,159890.33647269884,75464.65739136316,76736.35745521424,1992.3931632703752,644.7357186609588,377.5333142641466,905.3309995657764,2.838137099157527e-06,-0.0630045703526671,96,69,96.83434735044412
15391,923.6956773219372,159913.9039763248,75470.6444848868,76738.04394667762,2020.7885785080143,658.0831834401324,385.6894167664577,906.7899646853912,3.411101144507397e-05,-0.06242128892098,96,69,96.8317104696045
15392,923.7129619586284,159894.8460207225,75441.30560578677,76766.86835167531,2052.924617004057,670.8175740911975,393.5164377875626,918.3717291067878,-5.787932572767767e-05,-0.0679918833433596,96,69,96.82906113461756
15393,923.715217084568,159900.56574450858,75484.39650816376,76760.3632401211,2069.6119099510834,674.7080259359645,397.0161724600184,916.808066028927,5.9287620152427366e-05,-0.0651989866670071,96,69,96.82639942592678
15394,923.7324180879322,159953.76109636266,75460.3874466861,76735.89556796724,2082.8985905865557,676.3029239781172,398.6494466411241,925.0696311187348,-3.779486218346965e-05,-0.0519993235787709,96,69,96.8237254248179
15395,923.7356665471896,159924.07189121994,75454.96085711697,76753.76080654156,2075.659420598764,668.9309851069702,395.6501288082218,919.6485358518548,1.706017934489682e-06,-0.0525938341873454,96,69,96.82103921341508
15396,923.7528487534152,159937.94073904675,75435.12377629847,76801.9194534211,2062.3236989622237,660.0763898642035,391.5233258551161,921.9817593512707,3.503705011687693e-05,-0.0462262215411926,96,69,96.81834087467723
15397,923.755129804798,159907.54242364323,75470.76373012456,76770.44568311165,2028.1415051145013,643.5950327629689,383.9114005678857,908.6286770321894,-5.824161142942114e-05,-0.0481323630397941,96,69,96.81563049239442
15398,923.7723817522652,159977.57401976406,75447.89133462592,76767.46935207461,1991.4866168648587,627.846690391525,376.4632806533773,903.5753013088251,5.894628757319895e-05,-0.0416703116323761,96,69,96.81290815118368
15399,923.7756448101276,160007.0102285581,75485.50954315277,76775.44033370278,1938.4013882653671,606.3947167130245,365.9620901271119,883.9782930384681,-3.6881850071190016e-05,-0.0365972242720366,96,69,96.8101739364857
15400,923.7927349424004,160023.41781390485,75468.02317243669,76757.98010157065,1886.8116115729208,586.9952737262793,355.1669287044788,873.2287035872578,5.740695928680589e-07,-0.0327204361780802,96,69,96.80742793456017
15401,923.7950446867568,160044.89580137536,75476.1970404855,76789.71228296818,1821.6366868839832,562.8563150975679,340.400767173589,848.9074909777555,3.5950670141774714e-05,-0.0388622013827366,96,69,96.8046702324824
15402,923.8123533469146,160058.83432708128,75488.90602824032,76779.16608115449,1761.3490186849376,542.1543371925072,325.1206742046925,836.1537487250171,-5.858402908475241e-05,-0.0395871436095283,96,69,96.80190091813918
15403,923.8156139102294,160128.53361364742,75495.59559295338,76796.85128623553,1689.394165158912,517.6211440141633,306.44100022362545,811.2517325236695,5.858531295105221e-05,-0.0382506070316863,96,69,96.79912008022444
15404,923.8326194167752,160103.7554296026,75444.03815037849,76795.29520224815,1623.5927219834994,496.84392920041864,288.89767823464354,797.092953986692,-3.595700913524077e-05,-0.0427775487684366,96,69,96.79632780823566
15405,923.8349640568786,160147.2429591683,75497.78297670379,76794.79891009889,1547.8960288585513,472.3548375040991,270.4247338375426,769.4741291752434,-5.573265947559367e-07,-0.0401160305413705,96,69,96.79352419246923
15406,923.852330522836,160213.3698235291,75474.26348707575,76786.68221332657,1482.6032184352516,452.21926175376575,256.09754191178945,752.8833862120227,3.685157144082411e-05,-0.0475373386838099,96,69,96.79070932401622
15407,923.8555743991776,160208.48904570367,75476.4216497239,76773.35365140025,1411.1043871612637,428.5714062996558,242.99488906224724,722.3003797042184,-5.890647625796673e-05,-0.0471571203194812,96,69,96.78788329475876
15408,923.8725022352556,160266.3168843564,75477.59916138559,76761.36193167194,1352.5420403543394,409.1852281068277,234.84135720704217,701.3955648118281,5.82048309726062e-05,-0.0445771660832987,96,69,96.78504619736502
15409,923.8748892508736,160275.46984823744,75496.79434192009,76763.73584567102,1289.0644849973032,386.5631202689692,227.25037703826092,666.2775108424248,-3.502065874719736e-05,-0.0602931276918888,96,69,96.78219812528548
15410,923.8923115139644,160345.45523103862,75459.3783898771,76794.12385461683,1239.7838277583942,369.4758850824146,223.08749662106857,643.1557485909725,-1.687789393560096e-06,-0.0854966801339859,96,69,96.77933917274775
15411,923.8955264507327,160382.26524868872,75468.10031367093,76782.90286770795,1184.269017593062,350.38461774722964,216.99555400124518,607.3027913657133,3.773945884077917e-05,-0.0950377563783586,96,69,96.77646943475324
15412,923.9123839622796,160430.4652803757,75477.43735278309,76796.74858778022,1140.1724110707873,337.79529760782316,211.66029398023966,583.8015612367308,-5.920885735234159e-05,-0.0807836279610512,96,69,96.77358900707178
15413,923.914821086536,160416.5830657569,75480.45851528492,76746.43078511345,1087.2363474956364,323.9574499066948,202.21875724819256,548.3608167328639,5.780498279282398e-05,-0.0836744600626718,96,69,96.77069798623742
15414,923.932294788011,160482.41135740757,75466.1946892234,76798.7286270686,1045.0345779843046,316.89242982128053,192.532617903169,527.478069533885,-3.407312251220972e-05,-0.0899257012955259,96,69,96.76779646954402
15415,923.9354701622163,160539.67841397226,75490.22927697397,76777.84171113603,992.3615705945413,306.9138535946986,178.3677036888257,494.8595678060956,-2.816938020140639e-06,-0.0857386462307878,96,69,96.76488455504038
15416,923.9522654124868,160550.27348115132,75451.23581236735,76781.14853456909,948.3884963491,300.3974346223549,164.415027657029,475.5076007125608,3.861404154287125e-05,-0.0875966619181182,96,69,96.76196234152576
15417,923.9547600403369,160600.58833731973,75498.70038100866,76788.75121752065,892.4817042122595,287.48100811848417,147.29724567895755,443.5993932643323,-5.949108371641981e-05,-0.1007235751540662,96,69,96.75902992854508
15418,923.9722789225972,160626.58109349466,75499.44545126692,76779.2664958199,845.5953807088663,275.78680493043794,132.57156102056615,425.5115684827906,5.738591594154007e-05,-0.0931439294593791,96,69,96.75608741638436
15419,923.9754056826484,160663.47191886013,75512.10965002383,76766.95640283058,786.3551905323402,256.7323272170179,116.58018334652297,393.38150673164637,-3.311472713707936e-05,-0.0846479989297663,96,69,96.7531349060655
15420,923.992147524043,160666.9853973305,75476.75974042999,76785.10359603104,736.4568557465682,239.85895619000075,104.38763952525915,372.6780002138694,-3.944392888519874e-06,-0.0867091949976215,96,69,96.7501724993424
15421,923.9947063272982,160744.79849355508,75477.30108320873,76779.3632408853,676.455327535863,218.6600621164689,91.65169706768938,336.7212662961392,3.947503317241809e-05,-0.0897311199594198,96,69,96.74720029869496
15422,924.0122625607014,160790.81329703078,75489.74684837129,76778.46595453947,629.878239307378,203.4589264295355,82.8856905924622,312.7364806473488,-5.975307355785105e-05,-0.1271434408623437,96,69,96.74421840732502
15423,924.0153332751424,160836.86954869478,75524.22464609485,76787.32788540436,574.5768190838862,185.8852629725734,72.67169741136604,272.1890997281007,5.694778442201384e-05,-0.1380829451612733,96,69,96.7412269291507
15424,924.032031280377,160869.93569981318,75504.39474534435,76801.28024464812,531.0015546116047,173.51242235345126,65.16718771695741,242.00560278166085,-3.2145803128847035e-05,-0.1428944319127433,96,69,96.73822596880215
15425,924.0346599460678,160897.1263632502,75513.34406371818,76806.60601960064,474.0450352636981,155.6720625753369,55.080054411053425,195.50048154548858,-5.069774553787147e-06,-0.1659766035177204,96,69,96.73521563161631
15426,924.0522443971092,160971.523875133,75519.35155022329,76818.6244551533,421.87185034289723,138.46381450373156,46.96464039661805,161.98409332762822,4.03221524375432e-05,-0.1699100922350538,96,69,96.7321960236311
15427,924.0552533509168,161015.65963407076,75493.56392337113,76798.70161141349,346.4963922324241,110.7957041003101,35.264445316948695,113.85932026046794,-5.999475161093683e-05,-0.1676470412161068,96,69,96.72916725158152
15428,924.0719176512436,161035.38501067524,75517.81345018122,76807.32787537263,269.27176205127034,81.4339314069075,25.045342722849455,81.62254819413647,5.649074855822531e-05,-0.1784653446223537,96,69,96.72612942289362
15429,924.074620713074,161141.5295122873,75511.23156539623,76803.3878267972,171.89654761791462,45.18305404258717,12.208416527602822,40.28867219854146,-3.1166684040464455e-05,-0.1954164355108424,96,69,96.7230826456794
15430,924.0922231755744,161165.0421107921,75526.11513519313,76828.7712299893,89.6635620399029,17.876528045220766,4.371106488484656,21.899610130814835,-6.192705089131732e-06,-0.1735702279177444,96,69,96.7200270287321
15431,924.0951664914568,161196.207313573,75507.65448537696,76804.56712249265,16.707755641196854,-0.0,-0.0,-1.6289782308158465,4.115512284617284e-05,-0.1688151912249342,96,69,96.71696268152036
15432,924.1118075394902,161195.84121593853,75508.1538371803,76789.7484167234,-0.0,10.787259296092088,9.609716942271916,0.4138534851372242,-6.021604994482433e-05,-0.1690549036547718,96,69,96.71388971418308
15433,924.1145882983471,161155.15304461724,75510.55095450005,76794.15850865915,39.31004983535968,50.046210343716666,33.124172393610934,-0.0,5.601497488458534e-05,-0.0278452713563095,96,69,96.71080823752408
15434,924.1321976845862,161172.3322770761,75511.74043840643,76789.48663274455,176.47759032109752,130.46061424216896,79.64026291269693,27.501498007884948,-3.0177706911866276e-05,0.1970804072600443,96,69,96.70771836300705
15435,924.1350734699704,161174.5912085494,75499.44855787377,76809.89000251645,392.61568862205604,240.1590339707036,143.76219845059677,51.39607118346612,-7.312807353843835e-06,0.0585638795678069,96,69,96.70462020274924
15436,924.1517017231484,161135.52029204008,75515.46563116231,76787.42611424631,705.3030828871997,379.17586163731175,227.58665562729584,101.7607163253706,4.19736727288863e-05,-0.4544423241054183,96,69,96.70151386951711
15437,924.1545622741484,161122.99014322975,75491.9940160072,76803.0606529151,1069.7813932067365,525.4771470089327,318.5143275296432,148.00614023496746,-6.0416907254671216e-05,-0.4109317203857837,96,69,96.69839947671976
15438,924.1721667387966,161039.24090673606,75471.10317011364,76805.88710865247,1480.4072512837593,673.1098808450479,413.06143189698923,219.52954973833403,5.552063634417674e-05,-0.1883923370235173,96,69,96.6952771384042
15439,924.1749752861962,160964.45567262516,75488.97577848547,76818.68443925357,1875.7258515654248,799.4811556585919,495.8231069587928,281.3845979650214,-2.9179211723427317e-05,-0.2485849620419116,96,69,96.69214696924944
15440,924.1916007773888,160926.72231018075,75503.68571669537,76768.90236048757,2248.146047652408,904.3041848094435,565.1130264859239,361.9450880283548,-8.429705467912762e-06,-0.2110441149624458,96,69,96.68900908456033
15441,924.1945421952472,160833.31879952448,75502.01621364958,76807.66400421217,2547.2309474748326,974.6276209176285,610.805093624338,427.0068648442975,4.277753560113461e-05,-0.2339592178398034,96,69,96.68586360026325
15442,924.2121291224474,160811.9958995021,75465.29512215164,76770.56937902284,2783.653173521976,1019.7295478761516,637.9576414887852,504.86583456461085,-6.059726935464776e-05,-0.2322253961452366,96,69,96.6827106328991
15443,924.2148732436368,160768.1672052955,75498.66951732025,76782.81173906197,2926.5638453306747,1033.9691018100857,642.5768559407443,559.3105131565244,5.500791181783027e-05,-0.2118744699427831,96,69,96.679550299618
15444,924.2315049405222,160679.91331282043,75465.46406683422,76763.20138845107,3007.396674915566,1031.701003156064,634.9891299882729,621.0143992802186,-2.8171541347522583e-05,-0.2203511106876155,96,69,96.67638271817368
15445,924.2345277570638,160683.470112731,75475.23550485756,76738.6056981497,3011.846024716855,1009.8239604746923,614.3415835934575,657.6554538656783,-9.543024954735073e-06,-0.20909436665846,96,69,96.67320800691787
15446,924.2520834337498,160663.30635879788,75442.45333296247,76774.09464408335,2979.760598533612,982.1641680408065,591.3899432748731,701.7714100145386,4.3566450115097365e-05,-0.205574468370221,96,69,96.67002628479368
15447,924.2547691493694,160618.0131504035,75465.65178348387,76764.95771122717,2897.9243780416436,943.5792862924427,563.495182804385,720.3195801443653,-6.075708889632056e-05,-0.2140199327480115,96,69,96.66683767133053
15448,924.2714138178624,160605.49661094847,75445.36664426058,76753.17680674522,2806.402561067778,906.4045702196454,539.3291876054427,748.3899239827588,5.447698643418469e-05,-0.203722310254971,96,69,96.66364228663755
15449,924.2745191758725,160627.47886416593,75489.04456839338,76739.15827843493,2690.9673312842497,864.6402986704343,514.1200061098498,755.4464545433875,-2.715504187970793e-05,-0.1967554955520597,96,69,96.66044025139848
15450,924.2920276305064,160656.7839146557,75441.03410317653,76742.84245297596,2587.706730802136,829.0844447910931,494.3114038980857,775.641976513085,-1.0652392669566627e-05,-0.1871058537822198,96,69,96.657231686865
15451,924.2946659163792,160646.10133609333,75476.6517039455,76737.91297799631,2476.6063452212256,792.0928215614695,473.3127113224182,775.0385514214577,4.4340160161740206e-05,-0.1794926574564964,96,69,96.65401671485048
15452,924.3113255240498,160615.43141553152,75469.75758615941,76751.55555055362,2390.118262636126,763.5904616595944,457.18703404138796,788.0701465580496,-6.089632565852052e-05,-0.1749081291860048,96,69,96.65079545772494
15453,924.3145183753386,160627.93382528142,75449.22544153231,76736.08090984375,2304.243699163664,735.3827328606567,439.6662827222317,781.79024815312,5.392805088879711e-05,-0.167742166199525,96,69,96.64756803840812
15454,924.331957399158,160639.84066091408,75479.9560798649,76783.98842991231,2244.675913733954,715.9218695368618,426.87282176609733,789.3809963545064,-2.613006175237313e-05,-0.1530841491335482,96,69,96.64433458036372
15455,924.33456992608,160689.84211227,75464.8059948904,76739.1835646032,2180.7531784509774,695.741049179007,412.4745580465824,776.3200015095936,-1.1757437234542423e-05,-0.1365349082756109,96,69,96.64109520759284
15456,924.3512330870816,160688.4429769727,75459.11125851875,76771.91974155852,2136.362814753724,683.1171458612516,403.0118699450977,778.5541013095644,4.509841451201095e-05,-0.1262813358415584,96,69,96.6378500446286
15457,924.3545346331246,160731.8282314566,75436.19891426952,76724.34941125727,2082.1415519632283,669.0754384136526,392.4299621177197,764.2744714035944,-6.101494626184944e-05,-0.1238555757768972,96,69,96.63459921652915
15458,924.371856842788,160728.39406541936,75469.18254520373,76795.85570511693,2043.2352935035597,661.664900260017,386.7596688463818,768.1413574918988,5.3361302819695785e-05,-0.1166521684680128,96,69,96.63134284887153
15459,924.3745077000722,160746.22130708245,75487.00113285519,76761.41961210112,1993.2366740455036,652.1056146891642,379.5134961633594,756.0654950707103,-2.509695221978426e-05,-0.1296194475865129,96,69,96.62808106774592
15460,924.3910907560808,160740.25172337907,75456.75723624212,76769.06043040792,1962.661823582428,649.2676517954242,377.0097618016589,763.4298453900556,-1.2857788651068144e-05,-0.123524124504185,96,69,96.6248139997487
15461,924.3946692983136,160796.24662049618,75463.57583767595,76776.28275782477,1929.1418502822635,645.2802057179506,373.33827585712424,756.9655709516373,4.584096806717338e-05,-0.1326162076320767,96,69,96.62154177197662
15462,924.4112779602874,160762.38542229126,75469.50735599936,76785.7031114895,1920.5507207377814,648.152726606073,374.49866366840433,768.0937713871244,-6.111292418579702e-05,-0.1606166120761424,96,69,96.61826451201966
15463,924.4139062346062,160781.41654512438,75507.48742849103,76792.76161882332,1911.763666064653,649.793259117665,374.7920084365178,762.7980429566815,5.277694454606437e-05,-0.180360772750317,96,69,96.61498234795592
15464,924.4312250826646,160776.81418755362,75492.21980869617,76771.13001430487,1929.0760044076596,658.4778005624103,380.8380392846593,775.9992070780718,-2.4056067265928435e-05,-0.2062755727713133,96,69,96.6116954083438
15465,924.4345298232028,160834.8834321127,75507.93778281983,76778.76131370706,1941.68381103914,665.2251001250406,386.42138790639,771.7273083939799,-1.3953079057529356e-05,-0.2292338588395374,96,69,96.60840382221645
15466,924.4512148506986,160817.02284276552,75488.55244151804,76795.68206863716,1971.8124204076594,677.4068907353067,397.4082847815007,783.8045677869814,4.656758064157493e-05,-0.2441697307598346,96,69,96.60510771907472
15467,924.4538045796324,160817.30988702827,75465.08038836277,76784.43989336192,1988.9556935239234,686.1271966518252,407.1775187640742,777.8842413770908,-6.119024017769144e-05,-0.2523761866841797,96,69,96.6018072288812
15468,924.4712407328144,160819.775709871,75507.55050650719,76737.9649966397,2017.5720121549093,698.7655502596463,420.99490967736347,789.8554091875267,5.217518515542022e-05,-0.2481649435754745,96,69,96.59850248205314
15469,924.4744398967052,160856.08767235492,75473.66415860527,76766.60374442524,2027.4852173818508,705.763225929637,431.0420074913127,783.0740201738081,-2.300776280903529e-05,-0.2401921181283319,96,69,96.59519360945605
15470,924.4911181152028,160871.9788920696,75492.88504051886,76750.018335665,2043.6268550357781,713.7982468145347,441.62042617285624,791.8184173072805,-1.5042942531450265e-05,-0.2369016146788618,96,69,96.59188074239734
15471,924.4937328768656,160839.21083906482,75475.86516536196,76779.02798419498,2038.3132480229833,713.7613587454689,445.1356316441379,781.2980261440389,4.727801782394626e-05,-0.243030168351498,96,69,96.58856401261924
15472,924.5112399640346,160888.43790463707,75465.8812139388,76746.65615858138,2037.4831889465568,712.6614353544865,446.5348702830961,787.5727718746639,-6.124688171719939e-05,-0.2459847875238806,96,69,96.5852435522927
15473,924.5143537570838,160908.40563933656,75453.98207951798,76788.54020520796,2011.414953220752,701.4429989836062,438.9493013875908,773.8028306412452,5.155623872773316e-05,-0.2611826102262075,96,69,96.58191949400992
15474,924.5310141260312,160937.0933125583,75468.86009259024,76779.87845110797,1984.7286195338238,687.5092960667098,428.4608441996097,775.0130769300449,-2.195239737660395e-05,-0.2410352936572782,96,69,96.57859197077848
15475,924.5336754285032,160943.55325242676,75450.78060453686,76753.79542102157,1930.3177739444654,663.574363305539,410.16871247431845,756.6813096906117,-1.612701495133945e-05,-0.2386435582146049,96,69,96.57526111601403
15476,924.5512319101872,160987.14554695186,75472.3366739367,76733.83515092495,1875.5971816590754,638.4747779609606,391.5921825421101,755.1103389114433,4.797205051237078e-05,-0.2322597603284366,96,69,96.57192706353362
15477,924.5542645021502,160966.7512224531,75470.15850190246,76773.74366685224,1794.9684881002177,605.755625708669,368.4455358405248,733.4136352139467,-6.128284328807431e-05,-0.2276678349214822,96,69,96.56858994754909
15478,924.5709091846544,161004.39812727645,75480.8794598057,76791.21537323947,1718.2055563163594,574.6994519728032,348.3734156131686,727.0149977104738,5.0920325581910506e-05,-0.2234054927888726,96,69,96.56524990266
15479,924.5736280372475,161067.37431601572,75472.1133805317,76761.42994848949,1624.2681342498981,539.7005938915245,327.3332618831482,701.5870732111216,-2.0890331502693485e-05,-0.2172975450030608,96,69,96.56190706384729
15480,924.5912184192103,161100.99006299226,75480.0909811972,76788.8898500653,1544.45445695112,509.63974842691096,312.11775329386,693.4217063511896,-1.7204934681093038e-05,-0.223592200782293,96,69,96.55856156646549
15481,924.5941702552572,161124.52665892625,75461.55676356719,76786.1176708244,1455.5777431100141,477.74452801687585,297.00884957186645,665.609373203537,4.864945553856905e-05,-0.2195321273532184,96,69,96.55521354623664
15482,924.6108061828396,161141.50877173326,75489.53939798374,76761.49799050162,1386.0240913541638,451.7412772276439,286.99186899804045,653.5453472167428,-6.129812676395995e-05,-0.2143279941904096,96,69,96.55186313924334
15483,924.613588730907,161161.93221453825,75484.90493475611,76756.90057341148,1311.4899848533678,424.87442551215645,275.5050885209348,622.739504401572,5.026767143523552e-05,-0.23254717934879,96,69,96.54851048192111
15484,924.631199662366,161206.9681263443,75507.39374735681,76809.53937326239,1257.1116875312873,404.41201052627,266.8134435067186,609.046610617137,-1.982192785463945e-05,-0.2432834202157749,96,69,96.54515571105226
15485,924.6340706022496,161278.8054385819,75501.48949614279,76782.52761090033,1194.6522076340625,383.0820377775817,254.38858774132677,575.8727539550164,-1.827634212985905e-05,-0.2360954816124618,96,69,96.54179896375824
15486,924.6507069389442,161289.8402179744,75498.13294140759,76759.67720416996,1147.689836750389,367.7699794787477,243.47099399246508,559.2348250270879,4.931001571310921e-05,-0.2266874456584276,96,69,96.53844037749336
15487,924.6535561509688,161310.10910219818,75502.97009857115,76778.36173654054,1090.4538497772883,351.66456429933896,229.59750468609855,525.5452198555868,-6.129274043051632e-05,-0.2237376492759258,96,69,96.53508009003674
15488,924.67117530527,161369.65300134843,75495.54392292138,76808.30372527121,1047.5376454600482,341.2153221997578,219.1514006429934,510.68211148682167,4.959850740095989e-05,-0.219370573884453,96,69,96.5317182394862
15489,924.6739657470828,161436.76613076552,75492.86949663791,76818.08678088333,993.4335577561869,329.08240504910646,207.88592193287332,478.1231710901775,-1.8747550912618932e-05,-0.2269681664952494,96,69,96.52835496425084
15490,924.6906127901387,161425.59312401267,75505.3486252773,76807.77120766965,953.6489117655437,321.305977607306,201.36974324000767,462.963631658582,-1.9340880560503956e-05,-0.2256763478115513,96,69,96.52499040304365
15491,924.693529104733,161468.76332624888,75534.11007419336,76769.45064711804,904.9426609840011,310.9037680423935,194.32762814802118,430.63232677051565,4.995351905205312e-05,-0.2184130627694379,96,69,96.5216246948748
15492,924.7111448832665,161513.11189657357,75527.05974983772,76812.05243064677,871.132524216373,303.28280234003614,190.40695555973798,415.3529549642699,-6.126669970256465e-05,-0.210534204633139,96,69,96.51825797904466
15493,924.7138562203376,161541.5518075362,75511.73405407582,76800.51450678821,825.9770145270741,290.9704586036678,183.17346598571748,380.4992653449299,4.89130698543236e-05,-0.1918323605112711,96,69,96.51489039513592
15494,924.7305247889312,161589.0698257079,75525.4561679077,76796.13105953053,791.6150056563783,279.3498852644843,176.44166149562807,361.45101994278957,-1.7667566803558755e-05,-0.1812874045005373,96,69,96.51152208300702
15495,924.7335064104516,161626.07127075866,75508.6252492289,76802.62092755544,743.4005976660992,262.20924226714124,165.7434657276608,325.3020266343083,-2.039819515781237e-05,-0.2183168695089994,96,69,96.50815318278484
15496,924.7511079597564,161669.2712696193,75530.37600579315,76804.18724025726,703.6576286905329,245.69180743403558,156.5445453414286,307.3136239081505,5.057976037721112e-05,-0.2165466401915282,96,69,96.50478383485722
15497,924.7537427455304,161717.2959835295,75533.96821945765,76794.330819215,649.1440773416543,224.70029344510112,145.6939959177107,272.5945091274334,-6.12200271815209e-05,-0.2100695396050088,96,69,96.50141417986625
15498,924.7704437808044,161742.40091544448,75514.73727439986,76825.06350741534,604.8830676968792,206.22223724219657,138.69712009685463,256.3464890617179,4.8211601035001e-05,-0.2307970411493719,96,69,96.49804435870034
15499,924.7734868382852,161777.297953106,75502.56947546834,76808.74948969815,550.9050519593875,185.7979037417972,131.5381181933917,224.85896151850466,-1.6582343603811326e-05,-0.2276368617006879,96,69,96.4946745124876
15500,924.7910642097996,161838.77994519033,75532.17505302762,76799.79877449437,509.8616039425251,168.8960741133924,127.05675770423841,210.44647149808588,-2.144793453418984e-05,-0.2264137589222785,96,69,96.49130478258812
15501,924.7936261585108,161851.1161264844,75510.82418756386,76783.77032993756,457.38072963024024,149.00285188997805,118.86310180000146,176.42057996813674,5.118853931519367e-05,-0.2455370519024559,96,69,96.48793531058686
15502,924.8103704416924,161865.62592844898,75527.58860929243,76813.18322579675,411.6547738991794,129.55544270163227,108.39324804936768,156.00799693987938,-6.115275234554322e-05,-0.2430434103014679,96,69,96.48456623828623
15503,924.8134690874498,161927.30347268766,75559.35868407476,76799.54696103772,346.81551099097123,103.7904993109114,90.16270982174319,116.27911154588219,4.749434796364492e-05,-0.2405530938016824,96,69,96.481197707699
15504,924.8310134735106,161980.7697595795,75530.5734982236,76795.13787522347,280.1302471952513,76.08406574664696,67.73019818772445,91.29918789680232,-1.5492250676735852e-05,-0.2383927032838209,96,69,96.47782986104043
15505,924.8335073464688,162035.6408836215,75513.94823645416,76782.70739260344,191.31423338624882,43.68049010397226,39.947629217174836,49.5294562720228,-2.248974946480454e-05,-0.2267560213089826,96,69,96.47446284072149
15506,924.8503053010704,162080.96056817088,75528.88499978006,76799.8967795022,109.68295558739919,16.93266026902711,15.521826234064065,28.76229701540433,5.177966243929848e-05,-0.0820935053060301,96,69,96.47109678934127
15507,924.8534517810832,162061.67782380135,75526.04746654497,76806.97130345633,31.85633322398644,-0.0,-1.4712555949517991,1.0146459789248183,-6.106491137892401e-05,0.1614141166897787,96,69,96.46773184967928
15508,924.8709557897012,162155.11664556002,75529.50407362191,76773.44229515665,-0.0,7.270217263081577,-0.0,1.8115962570882402,4.676156296924829e-05,0.0665418393881832,96,69,96.46436816468837
15509,924.8733872043492,162136.0134363414,75507.28013684174,76810.52798813145,19.1849535254878,43.51077349642583,23.421374007652048,-0.0,-1.4397659009030527e-05,-0.4756182591226955,96,69,96.46100587748752
15510,924.8902487430732,162090.68327287983,75532.61762869518,76778.22257261348,130.6233881850494,118.4090117134765,75.0009798379615,29.42345227012993,-2.352329392640064e-05,-0.463670501772116,96,69,96.45764513135384
15511,924.8934335013478,162076.7202987565,75512.67096344044,76782.95761891943,327.7917910317192,227.66325101275288,150.53807141791913,57.48487999479403,5.235294222275796e-05,-0.1943006878571593,96,69,96.4542860697154
15512,924.9108913622588,162046.27629616737,75519.10110137859,76796.05871714176,626.7066676265677,368.0427298758732,246.27054652952938,112.79017846286297,-6.095654754241001e-05,-0.2603291896475095,96,69,96.45092883614367
15513,924.9132666976512,162032.55437160752,75496.0261518599,76794.45740137775,991.7214203889016,523.1504724872066,349.72435845431755,159.65697049262235,4.601350354755763e-05,-0.2317090528074447,96,69,96.44757357434672
15514,924.93020082463,161958.16294181408,75479.63737212928,76772.52285165213,1411.209202098078,680.9930371236114,452.1040629732015,227.14829776700935,-1.3298940371229116e-05,-0.2086095455827867,96,69,96.44422042816052
15515,924.933413161164,161883.93575977467,75479.45693185524,76762.55691100456,1830.4252532368992,822.6070310603973,541.1601914666826,281.22746718351846,-2.4548224816175705e-05,-0.2122907948308855,96,69,96.44086954154233
15516,924.9508198938782,161854.69563588614,75504.53803982602,76776.26991735594,2227.931585611892,938.9300898391666,612.1560989429418,349.4295473821403,5.290819690519418e-05,-0.2057634226354869,96,69,96.4375210585629
15517,924.9531481682455,161835.7334403815,75520.21318996609,76785.47701431486,2554.7939967989805,1019.6307371255098,660.3115550472867,398.3805886878981,-6.082771086409533e-05,-0.2046643427955131,96,69,96.43417512339909
15518,924.9701584230102,161775.5900049347,75506.42552220865,76772.84775459976,2807.5017476985813,1066.6486910123785,688.4794139188016,458.6217251228809,4.5250431977552445e-05,-0.1855501562055438,96,69,96.43083188032612
15519,924.9733970106812,161734.4856085642,75446.63508459275,76784.36558931044,2962.6950730400276,1080.6807656370947,698.102008289803,499.3395860596502,-1.2196468371462814e-05,-0.1833405321233556,96,69,96.42749147371012
15520,924.9907174803492,161681.4034093904,75470.39271252017,76791.5153917541,3040.6440247499268,1071.2979175387445,694.758836838475,549.560543656873,-2.5564202337160435e-05,-0.1775119167443773,96,69,96.42415404800091
15521,924.9937845380704,161677.67397099087,75506.12801648426,76767.41270490021,3039.712704199599,1043.6899338252406,680.4984473769437,579.7568764261086,5.344525137698572e-05,-0.1654704420997927,96,69,96.42081974772384
15522,925.010205608152,161672.49917551054,75480.23900703051,76785.69516477219,2992.746521372348,1007.6516149593663,659.4393346555007,618.7566147776961,-6.067845865016374e-05,-0.1657819393210435,96,69,96.41748871747264
15523,925.01330082809,161617.6121347651,75486.86241561384,76782.1382463259,2904.409377563803,966.4200495891128,632.3876720492262,639.440196179552,4.447261558119598e-05,-0.1785303224901114,96,69,96.41416110190175
15524,925.0307329225157,161627.01736804898,75481.40162329278,76774.34166889897,2804.907348998764,925.9086685006914,602.3315694466874,670.2879623197077,-1.109061704217089e-05,-0.162192197590471,96,69,96.41083704571868
15525,925.033644540862,161625.5199988661,75501.4677234,76794.37041590043,2691.862789038336,885.7082866489654,570.0613659653463,682.1561980905244,-2.657088962632344e-05,-0.1582803242642681,96,69,96.40751669367664
15526,925.0501401985616,161591.85344819623,75509.69556308816,76796.79279937399,2586.797172891849,848.7818519583234,538.7029575693014,703.3038515362714,5.396393624451352e-05,-0.1550836401741475,96,69,96.4042001905665
15527,925.0532569720598,161617.56103434737,75455.662124812,76767.80074354007,2480.547686196922,813.4343633427779,509.44637824234087,706.6683618044481,-6.050885458323622e-05,-0.1325297877909352,96,69,96.40088768120974
15528,925.070714486645,161630.92295905962,75500.71876302245,76800.39623723924,2387.1430062421714,781.7005692421808,484.72156104355236,719.550354847248,4.368032645808509e-05,-0.1194637639832899,96,69,96.39757931045024
15529,925.0735187446936,161621.06096639496,75484.18321946946,76733.0183484211,2292.454780058353,751.7035219323006,464.56363180090557,713.3828377958562,-9.981761740323557e-06,-0.099393366521393,96,69,96.39427522314747
15530,925.090068150484,161613.0318219866,75494.31176345501,76800.97729572756,2208.2415927502443,725.1660931596125,449.4210139326751,716.2261881967715,-2.756795334697083e-05,-0.082765019872644,96,69,96.39097556416782
15531,925.09322691887,161648.33666357028,75516.5098418941,76754.59173821888,2121.900355890859,700.2488925998623,437.68632269403315,702.5495783396473,5.446408934381518e-05,-0.0876225718978224,96,69,96.38768047837792
15532,925.1106811021892,161696.13822731032,75495.70798993409,76781.56466241219,2046.235518261441,678.2040569687815,428.3305444564612,700.1736330649292,-6.03189694188322e-05,-0.0858093853616542,96,69,96.3843901106366
15533,925.1133963534976,161688.81264603764,75491.95673735975,76782.13334899973,1970.8498781410744,657.2342134773935,419.537855338247,682.8620310034021,4.287384143578408e-05,-0.096861360138484,96,69,96.381104605787
15534,925.129997751354,161720.60783193575,75485.58240833094,76779.46666693359,1910.531912320992,638.7944397823303,410.7923072843114,679.2859946672106,-8.87027838072364e-06,-0.1014566415988564,96,69,96.37782410864976
15535,925.1332042423746,161720.70012318974,75516.61165372941,76817.4909410173,1856.7517766089877,622.0128421465197,401.81626314591267,665.0998832485056,-2.8555063844715217e-05,-0.1193100868842423,96,69,96.37454876401418
15536,925.150636128011,161739.39893027858,75517.72905559815,76790.42738969493,1822.4549823044217,609.0159044499742,393.5454066337552,666.8590618283488,5.494555376909453e-05,-0.1644322629953125,96,69,96.37127871663188
15537,925.153275777238,161743.39451533186,75520.98887783356,76805.1619830347,1796.6206658488372,599.8380403479532,387.17685044545215,657.8814558710728,-6.010888067296508e-05,-0.1794304752236575,96,69,96.36801411120788
15538,925.1699311882852,161790.06567444946,75491.4747710578,76803.57258900363,1789.5313110591378,596.8956266702735,384.1564181475551,664.1668204633461,4.2053441999811086e-05,-0.1936475229457306,96,69,96.3647550923941
15539,925.1731867032684,161775.6811577213,75499.82447072046,76815.68490371677,1788.9781332000857,600.071725645379,385.54021539210225,659.7075087708363,-7.756543462893718e-06,-0.2047952660061703,96,69,96.36150180478089
15540,925.1905797373676,161798.1030633741,75518.89029284837,76782.23174934897,1803.1709718053462,610.3498855324578,391.5103718964092,668.0195105831663,-2.9531894628850837e-05,-0.2080775037822173,96,69,96.3582543928898
15541,925.1931584417812,161757.84877917025,75516.73761593728,76763.02043559647,1819.564621538797,625.7678223316616,401.58214658038924,661.8659388438682,5.540817990276712e-05,-0.2044802638469509,96,69,96.3550130011658
15542,925.2098674748298,161803.5400214624,75510.72704548479,76822.99761986286,1846.734686990152,645.0357481074025,414.0837279045081,666.2428511930048,-5.987867250946382e-05,-0.2009545178652357,96,69,96.35177777396947
15543,925.2131755276148,161785.84521882376,75515.28036698465,76843.36957339928,1873.0603613668354,664.5527306198346,427.32435979074216,656.8857706723211,4.121941355695113e-05,-0.1958289191253151,96,69,96.34854885556982
15544,925.230507600564,161850.54948635172,75540.88072763829,76820.59651547896,1905.6454402159434,681.9798817016563,438.9413467432605,658.5733694689989,-6.64093396243234e-06,-0.1837951432938545,96,69,96.34532639013608
15545,925.2330528904292,161843.01980826963,75533.35383207873,76832.29219284382,1931.6062807283597,694.1496317411656,447.5242641874938,647.5804452996817,-3.0498123224065065e-05,-0.1822960929736771,96,69,96.34211052173023
15546,925.2497932074256,161843.6475821192,75543.06264085931,76821.6098300814,1956.7307745607686,700.0608075003984,451.35390865409863,650.121686142491,5.585182418741874e-05,-0.1709563618098868,96,69,96.33890139429968
15547,925.253196738886,161889.74851983308,75537.86410879616,76801.73954636569,1967.7791583546787,698.7023763461766,450.2441998552822,643.415102044295,-5.962843590838391e-05,-0.1635814690288954,96,69,96.335699151669
15548,925.2703484298812,161861.12516194346,75539.964331441,76810.14669096828,1969.5041328456136,690.8872639132751,443.7113146619522,650.2271296817635,4.037204708797698e-05,-0.1500381030700154,96,69,96.33250393753298
15549,925.2736431078906,161837.15191601645,75534.8294358654,76811.98519067769,1950.2270823958097,677.0610677460936,432.832761609694,646.421273493499,-5.523827601262152e-06,-0.1564901653461456,96,69,96.3293158954483
15550,925.2899517341864,161905.39597264832,75528.02982598191,76833.46863668827,1916.8635222221492,658.4328493555076,417.89320145119564,652.7448503736523,-3.1453430823995584e-05,-0.1515354484053487,96,69,96.32613516882655
15551,925.2930536902476,161908.64561990285,75524.88956429395,76808.18674486055,1861.8258133908967,635.3623619728605,400.4249696866318,645.844934971421,5.627634916657236e-05,-0.146518411325391,96,69,96.322961900926
15552,925.310392403366,161898.55126271796,75532.60305061808,76802.28031995411,1795.5178429395892,608.5048172041279,380.67073824672843,646.6450959609647,-5.935826877180769e-05,-0.1690560511461578,96,69,96.31979623484403
15553,925.3134966086932,161920.3370221358,75538.43581198771,76825.3689441393,1713.1915899729356,578.0183292708098,360.1234485427267,631.2191659073869,3.9511636653790784e-05,-0.1644459064697299,96,69,96.31663831351024
15554,925.3298877671276,161940.76661309323,75523.68055964619,76814.2814351476,1627.2838338052388,544.669548334612,338.7762407543196,621.7309497457172,-4.405601887452082e-06,-0.1525722565809143,96,69,96.31348827967793
15555,925.332996850524,161956.0217276192,75523.80980593995,76803.07097971886,1534.7883225832484,509.3089094117313,317.9956440871465,597.9706288778689,-3.239750239698517e-05,-0.1596415525116241,96,69,96.31034627591664
15556,925.3503869967618,162001.11376713385,75529.73240787852,76815.88577535549,1447.3583370462293,473.34707048305427,297.61283613796695,583.194632914383,5.668162514907282e-05,-0.1477509945692344,96,69,96.30721244460494
15557,925.353373203218,162060.8371259393,75504.52483749676,76811.79141970589,1359.791675412911,438.21465793931566,278.9085231581994,556.5719476020895,-5.9068275192472784e-05,-0.1517442462886068,96,69,96.30408692792248
15558,925.3698093316838,162079.62016011812,75501.48256565108,76825.79600707641,1280.9011249770992,405.3483193791326,261.30968043164467,540.9646553306375,3.86384816257259e-05,-0.169839057272088,96,69,96.30096986784268
15559,925.3729602047928,162084.4596226225,75511.39497053248,76814.01329618896,1203.4827847016277,375.85243434185395,245.60957216692623,516.4215345685661,-3.2866347924213934e-06,-0.1716855321105658,96,69,96.2978614061246
15560,925.390363446796,162078.2472464586,75518.87752898832,76831.51729319588,1134.071400997229,350.30066816064937,230.78774214041186,503.764811038418,-3.333002726846132e-05,-0.1651665747863935,96,69,96.29476168430588
15561,925.3932551883544,162133.15327268673,75522.42430642871,76797.06874211266,1064.4400165247498,328.80698255567404,217.4891049558064,480.6731178041373,5.706752771098914e-05,-0.1634616393568725,96,69,96.29167084369496
15562,925.4097289287988,162154.39108815638,75529.90315948086,76789.71068602041,1001.5791266294545,310.8119760050613,204.61984870082233,467.4081843814056,-5.875856630235574e-05,-0.1568748573971133,96,69,96.2885890253634
15563,925.4129349674236,162221.86851680736,75494.17345981827,76798.60376729578,939.075843610568,295.58296003972646,192.87361031436012,443.4318617207464,3.7752884388086615e-05,-0.1523377132599769,96,69,96.28551637013838
15564,925.4303264247808,162217.7049325914,75499.98299478236,76790.66071853391,884.5680927148205,282.01728181100043,181.2752984459512,428.39234202585067,-2.1673041087485163e-06,-0.1555287386626502,96,69,96.28245301859526
15565,925.43314000885,162267.72146858575,75530.78055332211,76794.16045995378,831.495373962156,269.4086903213465,170.6756520382769,401.12109242286533,-3.425069845613782e-05,-0.1353360820038754,96,69,96.2793991110499
15566,925.4496493289172,162264.12284567265,75483.58584282416,76809.0872529738,786.6714829012053,257.0193009023933,160.13072947837645,382.03492570490926,5.743393965462661e-05,-0.1071740825007055,96,69,96.27635478755096
15567,925.4529190341452,162296.29678956824,75515.20006683886,76772.24835308375,742.663691249676,244.78790531690174,150.48644880962092,352.35007660571137,-5.842925950456325e-05,-0.126626509483442,96,69,96.27332018787268
15568,925.4702754317464,162307.95292503072,75504.10807697504,76807.02184265212,704.6886926173465,232.53986885961785,140.88575831035268,332.1274432129867,3.685515215829955e-05,-0.1340252752065213,96,69,96.2702954515074
15569,925.4730299071724,162418.408661302,75518.40481776973,76777.838813316,664.6805808912031,220.5869736464665,132.27420791221084,302.2774564646825,-1.0479876015981795e-06,-0.1257874480222144,96,69,96.26728071765748
15570,925.48956836453,162415.50103084947,75492.63651831764,76803.3395707797,628.5922539360472,208.75603792759648,123.82641964306822,283.3258782310004,-3.5159213359470926e-05,-0.1470818679755938,96,69,96.26427612522848
15571,925.4929157825604,162422.24004771028,75520.0735654056,76793.81763090608,589.8420638075331,197.11056598900177,116.42168256922741,257.08697628907976,5.77807504281312e-05,-0.1423913640417758,96,69,96.2612818128211
15572,925.5102028042792,162465.87170963566,75496.55194627811,76804.00113537438,554.4156939507229,184.99765430600382,109.14637695704005,241.44600498772343,-5.808047891658663e-05,-0.1304938615777787,96,69,96.25829791872424
15573,925.512938075758,162508.6243977844,75492.98486180573,76775.96179739242,514.5660311266547,171.79595346840506,102.45351736203884,215.95504156133393,3.594559576505052e-05,-0.1420186638338249,96,69,96.25532458090696
15574,925.5294654462072,162505.98414279582,75518.33082136774,76792.98534430905,474.20127656741533,155.99073299184965,94.65852551689022,197.80005004734267,7.093747915028662e-08,-0.152164873194579,96,69,96.25236193701166
15575,925.532964061981,162555.50504278817,75515.96065345444,76782.48157009608,423.3419578082976,136.25961070563062,85.26205749961082,167.85494323875173,-3.605527366863888e-05,-0.15295973720959,96,69,96.2494101243458
15576,925.5500114754204,162576.00672433767,75514.49426109911,76761.21796767603,364.09734787989873,111.22333646878542,72.22971529015922,142.81544174530427,5.810785623759036e-05,-0.153024545602566,96,69,96.24646927987536
15577,925.5534539102724,162616.50500504748,75545.70980436899,76815.83091097938,288.3000780660077,81.21795339843084,55.67668827352463,105.93320214893902,-5.771235524883114e-05,-0.1648954649842535,96,69,96.243539540217
15578,925.5697410792778,162659.85402612126,75529.16608739915,76795.90738805996,204.2850006906665,48.535009450191865,35.84796778848977,76.25647556991316,3.5024529624734343e-05,-0.0696287833931689,96,69,96.24062104163043
15579,925.572784017897,162727.85276572296,75502.7693289092,76773.26287579759,114.83298723923508,18.794783010409446,16.472252563253278,40.64105970127275,1.1890935900494909e-06,0.1817462887457055,96,69,96.23771392001152
15580,925.5900739032912,162748.70369249646,75553.1035204052,76825.18071590959,41.788074228097685,-0.0,2.130870049353689,19.965044010750717,-3.693858561910004e-05,0.2354508594419226,96,69,96.2348183108845
15581,925.5933087033636,162750.86595004745,75513.57657601792,76786.83021532468,-0.0,1.869099014918902,-0.0,0.08415224682539701,5.8415159692507294e-05,-0.2657171103751864,96,69,96.23193434939486
15582,925.6096750799704,162765.0597482287,75534.46166585479,76771.62307930751,18.77206241420936,32.97245886437304,15.798800679505803,-0.0,-5.7325025487040325e-05,-0.4655878759707777,96,69,96.22906217030172
15583,925.6127165940684,162782.75007025813,75575.29541515114,76815.43459089968,112.08179650374223,98.73205035008141,54.248148527694866,4.808724988630274,3.409227228035243e-05,-0.1571270890789499,96,69,96.22620190797105
15584,925.630077129648,162749.86361884064,75528.34194359239,76799.08307695255,297.4316268346156,198.92596488099662,115.4066482236085,30.78142544894945,2.3061045497446056e-06,-0.1699699911506241,96,69,96.22335369636772
15585,925.633191561024,162692.01662009442,75546.69666067525,76808.9044194081,566.9654568340629,327.37929742754204,196.06837082735728,59.674511092191096,-3.780885969518405e-05,-0.1765704240897239,96,69,96.22051766904852
15586,925.6495898627516,162704.63825337184,75562.79886839434,76805.00970620815,911.5190897381399,472.5245132310811,288.3693722686148,105.54134971581516,5.870257041498981e-05,-0.13558362852257,96,69,96.21769395915508
15587,925.6526727645576,162621.13560034888,75539.67272516203,76796.99594615168,1298.0005677719018,620.0956465816853,383.17808584313025,150.59683037747163,-5.691863289680883e-05,-0.153190077351737,96,69,96.2148826994062
15588,925.6700617286346,162645.53547090845,75548.24784358387,76825.03531707723,1698.7430070602568,755.9381114817079,470.6265461999865,207.99119481508387,3.3149145322500314e-05,-0.1346571180526056,96,69,96.21208402209052
15589,925.673079706046,162541.54157041406,75540.37239982493,76790.9855739934,2073.117002765881,869.0210002128006,543.620300901559,258.89941248312243,3.421594426755105e-06,-0.1281786643417771,96,69,96.2092980590602
15590,925.689500974362,162478.18457194438,75529.62406943511,76826.79112331169,2398.583907767432,952.9115322105063,597.6077502466214,316.29074781853706,-3.866581107111202e-05,-0.1203692684398862,96,69,96.2065249417226
15591,925.6926420606538,162460.81016609274,75535.42126478639,76823.64042647688,2649.9456957535003,1006.1698521497601,632.084459050966,363.3230681590794,5.897000469749069e-05,-0.1247915234761589,96,69,96.20376480103371
15592,925.7100334487924,162426.18723618862,75547.54696875332,76809.94415678536,2824.776678955008,1031.202310410532,648.6721405376738,413.2497125304071,-5.6493327272728194e-05,-0.1116249713790997,96,69,96.20101776749084
15593,925.7129695233044,162376.4487538912,75580.92045772426,76765.16567867358,2918.0456936031114,1032.7557824948744,650.991053163074,449.70521861096495,3.219547424447108e-05,-0.0944627929223499,96,69,96.19828397112526
15594,925.7294120947096,162335.72201863644,75527.80042928329,76826.3228093854,2944.3811446300824,1016.2041186173592,642.3983733824862,487.22235150518827,4.535187808428002e-06,-0.0968784420211872,96,69,96.19556354149604
15595,925.7326219016644,162344.82603775497,75525.75904059566,76846.31976239347,2910.8301786260563,986.5924066170846,626.1406617627072,512.2949481076794,-3.950915975243974e-05,-0.0892594603131503,96,69,96.19285660768112
15596,925.749992135985,162290.49992618852,75556.70295941373,76810.89419668804,2837.830706476234,948.1252968849149,604.271484258963,539.7235350706615,5.921738577518798e-05,-0.0776432799876883,96,69,96.1901632982722
15597,925.7528626116716,162304.5008389097,75507.22669135871,76801.92386810394,2733.6231078077108,904.4037041904376,578.6335888740432,555.7958393201989,-5.604926466031714e-05,-0.0690185508186128,96,69,96.1874837413661
15598,925.7693218202512,162299.49755376278,75537.41435058587,76793.35041568475,2617.1861301189056,858.5814681675402,550.4828541092575,574.9787107002921,3.12315873980142e-05,-0.057466452944112,96,69,96.18481806455894
15599,925.7726151528302,162276.10049619753,75543.88912412987,76818.81687939694,2494.0424232350197,813.6830467895052,521.3949865311151,584.1466253969411,5.646510626337071e-06,-0.0441579684594826,96,69,96.18216639493836
15600,925.789930598126,162284.67369457215,75531.11681045184,76833.4123218245,2378.661302085384,772.3076704613923,492.6500859995722,595.9017871271353,-4.0338630120652514e-05,-0.0376905025064844,96,69,96.17952885907636
15601,925.7927712970172,162266.57138742713,75527.28888665668,76801.85441859176,2271.25415450125,736.4858075374796,465.5728272522392,596.0953203230747,5.944464335434013e-05,-0.0262814596310571,96,69,96.17690558302355
15602,925.8092106781924,162261.07248193744,75535.69967821539,76807.5619692362,2180.3818800839363,707.0392732591572,440.8147937275935,597.5234620531555,-5.558660732087844e-05,0.0004275509854313,96,69,96.17429669230047
15603,925.8126596625784,162300.42822648963,75528.73964608011,76833.82072458073,2100.335335511714,683.6767541432346,418.8181807557412,588.4408826298022,3.02578169832608e-05,-0.0054077970373389,96,69,96.17170231189206
15604,925.8297544030878,162302.0671469173,75542.56615578692,76842.64294369666,2033.4100870114635,664.8274543496373,399.5596705559583,582.1307457110088,6.755189468062685e-06,-0.0041431508625509,96,69,96.16912256623992
15605,925.833159803522,162328.01914416492,75536.21798558377,76813.34548481125,1970.0290358861093,648.5375896249461,383.19865345579456,568.6090402707632,-4.115395206277102e-05,-0.0002865851291854,96,69,96.16655757923614
15606,925.8496444006904,162335.05900285864,75533.67657018336,76820.30758200462,1911.6002626208356,632.7428138845717,369.84244143089745,561.8511129005637,5.965171440514007e-05,-0.0111922474548139,96,69,96.1640074742156
15607,925.852388848714,162349.0831892219,75533.28526032908,76831.22599534367,1851.3969537242083,616.4412398671411,359.8934871501406,552.5925764926942,-5.5105523620535096e-05,-0.0430705509884654,96,69,96.1614723739498
15608,925.8699590527244,162369.91958086292,75536.3477008676,76814.62813740293,1795.9538050823612,599.5000228731515,353.50122652592836,554.0195656305586,2.9274497749434424e-05,-0.0719657897788154,96,69,96.15895240063992
15609,925.8724127499954,162322.2657210839,75556.89835736882,76818.0033231117,1743.6663436987437,583.3354281102802,350.7602276490943,553.9984883703873,7.860852389671173e-06,-0.126126035431718,96,69,96.15644767590987
15610,925.8892088085256,162381.80426101468,75531.54169290188,76812.54858768867,1704.9754960758728,569.7382569800102,351.21209657003055,563.3646752022323,-4.195485971033215e-05,-0.1527077849721906,96,69,96.15395832079946
15611,925.8924855360729,162353.1345797118,75516.91356302795,76807.09986458093,1679.8089009465184,561.1552026879654,354.35340002083103,569.4439715070766,5.983854253471792e-05,-0.144482570610951,96,69,96.15148445575824
15612,925.909833083991,162338.9455092093,75554.11142377277,76816.85337639935,1675.8569485781481,559.120983441273,359.39957547260565,580.8079494195408,-5.460618817355357e-05,-0.1594836552052323,96,69,96.1490262006379
15613,925.9123324978248,162292.5510703105,75517.87049350476,76794.32619570871,1688.4651387865306,564.8038018780644,365.8843728117354,585.077152666956,2.8281967743762417e-05,-0.1556214491153131,96,69,96.14658367468662
15614,925.929131469624,162348.49210346868,75543.4754578881,76799.15767515928,1719.7113446781295,577.5351694059937,373.2249491230468,592.1817561631615,8.963128295435314e-06,-0.1439786903115248,96,69,96.14415699654155
15615,925.9324882846728,162336.95619862963,75519.73775291057,76791.62060749732,1760.1303462656215,596.0837086508836,381.1787172910117,592.405250700569,-4.274109263605806e-05,-0.1466735328953571,96,69,96.14174628422276
15616,925.9497426981784,162377.0952579993,75533.65366284919,76810.18899483158,1807.6006838410976,617.5207271950349,389.18658258303185,595.9824558820401,6.000507800531254e-05,-0.137582182908563,96,69,96.13935165512598
15617,925.9522296151474,162342.8501667757,75558.6831583857,76811.17949820588,1851.1619123880519,639.1805004599737,396.8585107945837,594.1165129436413,-5.408878146423094e-05,-0.1207085328717191,96,69,96.13697322601708
15618,925.969076904326,162341.20372232897,75544.54836751641,76806.4149542625,1889.1558732908452,657.5375867945259,403.27790322859073,596.9519242964743,2.728056771784678e-05,-0.1243924502962693,96,69,96.13461111302468
15619,925.9724783990418,162354.18975217338,75523.83833745497,76812.18466327153,1913.0631120092585,670.5460547619732,407.77215627246187,595.585398738709,1.006164788075743e-05,-0.1267985851535712,96,69,96.13226543163422
15620,925.9896522831914,162325.80584244602,75537.87842466176,76823.33615482674,1923.6936448333436,676.083555015648,409.28568519486,597.9180445876555,-4.351239582699131e-05,-0.1033395403779495,96,69,96.1299362966806
15621,925.9921243581622,162368.09974811212,75531.49065900281,76817.33171392416,1915.8662110544974,674.1312066083337,407.3960373191512,594.6380381302151,6.015127834007147e-05,-0.1045274768045548,96,69,96.12762382234274
15622,926.0090333168222,162381.11565270173,75557.75075979956,76809.16743238663,1893.0328636575723,664.3815740370337,401.5553482949326,593.5508926408656,-5.355348991324843e-05,-0.1055353247146189,96,69,96.12532812213684
15623,926.0124620998786,162356.63991939623,75511.1621655115,76823.10136211895,1852.3122946089134,648.370874931803,392.1880352014268,586.3744717580848,2.6270641646270094e-05,-0.0979014542745913,96,69,96.12304930890976
15624,926.0295573905636,162387.61366322078,75521.82050661786,76834.35835744136,1798.0162018376868,626.5681702468719,379.54604869463947,580.4617532425327,1.1156043229380189e-05,-0.1173436435325278,96,69,96.12078749483264
15625,926.0320212272758,162372.00211936486,75574.24818752136,76807.73633401167,1728.740399110131,600.8250856163068,364.6966984811879,568.7772619235911,-4.4268518812677054e-05,-0.1297058328067406,96,69,96.11854279139524
15626,926.0489976467215,162433.54978236416,75537.49512311765,76808.97549894649,1650.0690757586272,571.365395890738,348.0114497754257,559.2923974507721,6.0277107859460816e-05,-0.109601048011674,96,69,96.1163153093988
15627,926.0524402506028,162415.9314539106,75516.52738043571,76786.87349125074,1562.5165636015008,540.0209703223372,330.42193836084334,545.7709135401528,-5.30005063535069e-05,-0.1111181916770699,96,69,96.11410515895042
15628,926.0694572313404,162449.28767830503,75516.88817245665,76795.08540034245,1472.6520313619403,507.0195183532487,311.86284493564744,534.8514916144777,2.525253524458553e-05,-0.1151206809774291,96,69,96.11191244945628
15629,926.0719222770376,162456.46444729285,75544.54415079221,76815.44970670098,1382.2193658350734,474.3883878380875,292.93898608195013,520.311457726144,1.2245947800231886e-05,-0.1066785077462428,96,69,96.10973728961606
15630,926.088968323578,162447.05479240557,75529.42631376736,76821.6052487996,1297.4397664379212,442.08273089489376,273.33935060328804,508.0784065872431,-4.500921666637085e-05,-0.1067423406980794,96,69,96.1075797874166
15631,926.0924126464496,162510.95210551322,75518.97922369784,76806.52585285896,1218.9449918467435,411.78786210215185,253.9474948773859,492.00012421191786,6.038253761745589e-05,-0.1155600077890498,96,69,96.10544005012514
15632,926.1093520091948,162478.27454159863,75497.52374168031,76812.3578238932,1149.8698016373091,382.7314782359026,234.92373671755195,476.8818246817973,-5.2430028699693085e-05,-0.120721137503305,96,69,96.1033181842842
15633,926.1118288169656,162515.93539876642,75516.54840763181,76777.75084935073,1087.9060464973445,356.0708865777415,217.7528637018113,457.5029163445579,2.42265976715771e-05,-0.1242093368044689,96,69,96.1012142957051
15634,926.128944124422,162582.9348491413,75530.49054487384,76823.97909468162,1032.5616615166655,330.5615470249759,202.69142965367064,438.9829331767978,1.3330997218557382e-05,-0.1131399907242412,96,69,96.0991284894618
15635,926.1323788369758,162568.56507739672,75560.28419428044,76796.94214900427,979.3190046499949,307.6749165210058,190.9698362344643,417.1050521969446,-4.57342501578215e-05,-0.1007950246630531,96,69,96.09706086988464
15636,926.1492423337174,162577.04726956456,75538.0580644883,76806.38271623875,926.2357707977062,286.59967346656776,181.91311064275214,396.4509620600438,6.046754570968301e-05,-0.1159588513135941,96,69,96.0950115405556
15637,926.15174180524,162608.14062575967,75542.213039202,76828.41211412517,870.159510810452,269.2707932817284,175.61867331480607,373.7672010654933,-5.18422610333278e-05,-0.1276216034837228,96,69,96.09298060430092
15638,926.1689238875152,162635.30794852052,75528.40852668697,76796.37435632432,811.4675007995102,254.5248081914615,170.15906457099481,353.38414867347456,2.3193180337555723e-05,-0.1096352341905588,96,69,96.09096816318628
15639,926.1723383732568,162661.569124768,75523.18501097569,76788.81296782392,751.0147263038089,243.70235454212525,165.12150687276153,332.3057247499819,1.4410828780791592e-05,-0.0992876088485814,96,69,96.08897431851037
15640,926.189129024757,162691.07713445707,75536.07595012136,76796.39606176259,692.1714543732232,234.46966738364426,158.63858219137182,313.4791170194221,-4.644338490548771e-05,-0.0832974146790884,96,69,96.08699917079906
15641,926.1916619685904,162714.838772681,75547.85614447237,76795.34436043105,638.2078922094661,227.22939808110823,151.123171826388,293.86781276925467,6.053211715091712e-05,-0.097389086131523,96,69,96.08504281980036
15642,926.2089064266962,162699.75339772724,75525.45361759521,76823.80307142354,591.7054965639836,218.92385277265566,141.63484533975134,275.116701245337,-5.123741333391933e-05,-0.117012880394425,96,69,96.08310536447772
15643,926.2122909080524,162758.8427470478,75547.93482008853,76800.93070085111,553.5561550966813,210.3289520534454,131.68596685235389,253.97854081043624,2.2152636280401923e-05,-0.1161499052565866,96,69,96.08118690300488
15644,926.2290130204452,162735.2195946114,75531.2380972636,76790.87710070303,521.3611236679135,198.85620760498568,120.70740936146467,231.1113947679696,1.548508178307911e-05,-0.1222346944057696,96,69,96.07928753276042
15645,926.231589846684,162823.75017351416,75544.8891353827,76810.53935795742,491.35699040361214,185.6474548738188,109.92146834329469,204.46496316959383,-4.713639266913615e-05,-0.1201865058108049,96,69,96.07740735032128
15646,926.248890506874,162801.20711574928,75547.43666363174,76810.1420795886,456.4692211096408,167.62910387541342,97.59876778468606,175.20300211044378,6.05762438040255e-05,-0.1208468093468134,96,69,96.07554645145822
15647,926.2522362479928,162862.10682462307,75558.2317207172,76798.06915881645,411.57920125179226,145.7584461517108,84.06456634830101,143.1797712323896,-5.061570086682914e-05,-0.1238717172631479,96,69,96.07370493112973
15648,926.2688953168858,162881.48664112354,75533.51125631153,76826.45108094606,350.73570146784186,117.15370467053435,67.15558299791883,110.25573638718924,2.1105321474522816e-05,-0.1237984815619798,96,69,96.07188288347623
15649,926.2715258150158,162942.46345939976,75577.46768386262,76820.82678776863,274.70171311544254,84.65636110887863,48.20646454859525,78.1637875251763,1.6553397705237916e-05,-0.118116520730036,96,69,96.07008040181525
15650,926.2888748395908,162946.3071418375,75578.10959709281,76814.99547424103,186.301846136339,48.97649678806192,27.3949547293887,48.86488378595095,-4.781305041986536e-05,-0.1092139973755248,96,69,96.06829757863584
15651,926.2921743887566,162965.81290921828,75564.47142568881,76829.97750152698,99.18093993520597,18.685493117649457,9.993413674179465,24.96864557522349,6.059992427318219e-05,-0.1142726773824245,96,69,96.06653450559286
15652,926.3087769155406,162993.02081701814,75571.88345162576,76805.51663867598,28.858403805468697,-0.0,-0.0,7.701606925053056,-4.997734443194826e-05,0.0077263289407003,96,69,96.06479127350173
15653,926.311470106412,162997.45729071158,75545.47816953094,76813.94423040631,-0.0,5.094157718471251,5.26088050857652,-0.0,2.0051593517738732e-05,0.2584407542830697,96,69,96.0630679723334
15654,926.3288580814796,162989.19114646653,75564.86021521047,76824.1080958758,32.118155997246504,39.51616083897534,29.37386438495014,1.8101958453189582,1.761542001891097e-05,0.2315381257497414,96,69,96.0613646912092
15655,926.3321055475252,162983.37704673936,75547.60419815884,76837.81592425947,146.35460922762286,110.46516911353683,76.85745135304751,15.948972288228106,-4.847314075374277e-05,-0.3159393242412912,96,69,96.05968151839478
15656,926.3486587658152,162966.80393484252,75547.71150235902,76793.41451831922,347.78996637364617,213.7854742307245,144.76567921609967,40.65922824552399,6.060316454870672e-05,-0.4378603203263841,96,69,96.0580185412958
15657,926.35142284366,162916.95034277614,75549.96389019684,76850.05242107762,635.6175656909472,344.8441878322774,229.76911065538297,78.00073860306293,-4.932257065281352e-05,-0.1462456479838053,96,69,96.05637584645244
15658,926.3688388225876,162871.9929783729,75568.33506604783,76837.06077043644,988.1862754526665,488.3198611243279,321.6389307635254,123.9216512949206,1.899181210837795e-05,-0.1883476629904482,96,69,96.05475351953424
15659,926.372030205595,162818.55667917474,75527.49120083696,76843.28124297486,1381.4641889257473,632.9820022334898,413.0236114542058,179.84312915994087,1.8670795105292847e-05,-0.1621727375132203,96,69,96.05315164533528
15660,926.3885416891426,162759.14352192057,75578.12981176066,76842.01467999838,1777.1967758063693,762.1611982395698,493.27090339805,239.95736914977897,-4.911645228164733e-05,-0.1453790072856709,96,69,96.05157030776893
15661,926.3913840995866,162646.08782663615,75556.37847463226,76837.14198118608,2146.4774048829568,868.850374309477,558.3566093881964,305.49181776240584,6.058597686552784e-05,-0.1663550735652138,96,69,96.0500095898631
15662,926.4088155448984,162625.27530273734,75550.28707815806,76802.90304167206,2456.9704587083543,944.2167847622186,603.193121856777,369.5377400848374,-4.8651611304726686e-05,-0.1351117785294371,96,69,96.04846957375484
15663,926.411949184272,162597.01064808547,75533.32714172045,76841.0831895216,2696.1747895149747,991.0110279468208,630.3414406809025,434.32475851100753,1.7926338641967066e-05,-0.1531107113659652,96,69,96.04695034068624
15664,926.4284262567828,162481.4735617968,75552.49276568713,76828.82384051195,2851.707535868278,1008.6543372749584,639.8997349212004,492.58724147311295,1.9719171427622903e-05,-0.1521487764742956,96,69,96.04545197099884
15665,926.4313540202,162430.35019328794,75558.65957398844,76848.8831292561,2931.517702021927,1005.6377428197593,637.5887303593336,547.4298092458339,-4.9742779178861344e-05,-0.1314596726920526,96,69,96.04397454412926
15666,926.448786504879,162411.60801199928,75550.28567784179,76822.47615273797,2939.63579168421,984.118128705988,624.4085452518775,591.5066865446279,6.054838082426408e-05,-0.1358049813635351,96,69,96.04251813860428
15667,926.4518638130758,162332.73364214526,75549.12163176853,76836.5073532423,2896.6736629962106,953.5233856912528,605.8069297873881,630.2436259881069,-4.796470341229913e-05,-0.1058295098723324,96,69,96.04108283203604
15668,926.4683125444255,162313.98479016055,75547.29517799812,76830.58369422096,2812.7363403387135,914.9197770969768,581.447719171294,657.3474366180017,1.6855536260238364e-05,-0.103993725392645,96,69,96.03966870111796
15669,926.4713331139887,162282.20715757678,75556.62253907934,76794.93725831746,2710.2092145138304,875.974152200477,555.5545910827641,680.524238517246,2.076020003064093e-05,-0.1094897894528592,96,69,96.03827582161895
15670,926.4887493997516,162278.52026518236,75539.65780571675,76823.25087628867,2596.907886196859,835.889714221732,527.1288006804534,694.3977293090138,-5.0351921686542754e-05,-0.093003416099571,96,69,96.03690426838028
15671,926.4917763828817,162296.60626456144,75563.90519914195,76791.92873043352,2491.476843161916,801.1594713860977,500.6829113335116,708.925636718981,6.049040292143495e-05,-0.0803160569696308,96,69,96.03555411530968
15672,926.5081994942273,162269.34958479254,75582.45161319655,76805.0017906836,2394.4745969331125,769.2710009555449,475.2525367944618,718.0061684400716,-4.726208919022989e-05,-0.0740665571163739,96,69,96.03422543537786
15673,926.5113230940372,162214.60046868795,75534.01265587322,76770.38416889304,2316.0955171064707,744.8519441677054,454.94598529630457,730.8995766984881,1.5779769688185507e-05,-0.0564048808677317,96,69,96.0329183006137
15674,926.5287002488076,162204.06852687642,75558.46159700952,76818.1044575302,2247.9730623623473,723.507172785452,437.7052817977092,739.3159202312236,2.1793534662093756e-05,-0.0558710272270425,96,69,96.03163278209966
15675,926.531691742642,162207.7605506816,75545.77762574329,76822.68524602531,2193.981389880588,708.6601297596353,426.2514783717925,752.4644530088117,-5.0943685963683855e-05,-0.0715961821141675,96,69,96.03036894996762
15676,926.5480825429484,162199.7784820508,75533.64238768809,76787.76704090727,2140.88368165493,694.5483702726633,416.5714509667014,760.2160894692352,6.041207607684687e-05,-0.0383992621702466,96,69,96.02912687339484
15677,926.551330460043,162191.65437601687,75525.85685643187,76780.87780918971,2091.610406633641,683.8207973107928,409.8918331426976,771.4375819633715,-4.654401625681771e-05,-0.0226937152967676,96,69,96.02790662059913
15678,926.5686277275272,162171.336228942,75549.90026706923,76810.82825347809,2035.536622186657,670.7922507550102,401.8628935813322,775.3839656611963,1.4699404953884354e-05,-0.0403390173876849,96,69,96.0267082588352
15679,926.5716269924718,162155.38528486295,75554.20227927643,76816.6374008025,1981.6520782934967,659.3005085374898,394.8302704093803,782.7625337823993,2.281883200894224e-05,-0.0428587984209392,96,69,96.02553185439012
15680,926.5879352380072,162175.28962165452,75550.9927370928,76819.7766134412,1924.4729679275188,644.799458639347,385.9369191479054,782.5504455008486,-5.1517883752555486e-05,-0.0507142886029728,96,69,96.02437747257946
15681,926.5914079075884,162158.83295416294,75512.82154589554,76789.31308744838,1877.0011051144684,632.5372922583774,378.99771278203116,786.2709578977665,6.031344030315851e-05,-0.0840913359059958,96,69,96.0232451777428
15682,926.6083700479012,162128.38228778788,75499.23558570555,76805.24026580193,1835.7737125988351,619.6478124546411,372.2213476857287,783.5171563853801,-4.581073711256071e-05,-0.1094917560793668,96,69,96.02213503324052
15683,926.6108059643768,162119.09695727957,75554.63753022732,76808.25702992854,1813.9555022321292,612.8004326229711,369.7455169541936,788.2782125060039,1.3614809640788915e-05,-0.1331979162394165,96,69,96.02104710144891
15684,926.6279703978528,162130.6769119504,75545.47503174319,76824.7339750665,1803.5399589915178,608.4356608736271,368.6335355026822,788.4784593513759,2.3835751824981355e-05,-0.1603509330394353,96,69,96.0199814437568
15685,926.6313520650432,162153.44285173845,75531.8580611038,76816.71496066787,1813.5075369367842,612.1444466261019,372.0602040462836,798.7925662251073,-5.207433341758956e-05,-0.1572803597948422,96,69,96.0189381205616
15686,926.6482703271578,162131.5452610183,75540.83260894571,76798.5287188563,1831.2563873056206,618.4461222464743,376.2642355001881,805.8766904524527,6.019454278612499e-05,-0.1529009000196854,96,69,96.01791719126534
15687,926.6507145018204,162065.89824096436,75536.2062162225,76799.46075360474,1861.8912816713564,630.6044679863699,383.7335695679649,823.1061723676394,-4.5062509119059285e-05,-0.1553576710106997,96,69,96.01691871427104
15688,926.6679516742788,162079.34191358704,75526.56893715051,76770.7590336685,1889.4216967949178,640.8322256980755,390.00687120636576,833.1481937713106,1.2526352261296504e-05,-0.1575197681069086,96,69,96.01594274697877
15689,926.6713118132664,162040.85413609835,75534.17327865545,76823.04894033681,1919.1111759595224,651.7803448193736,397.4683426056872,849.0529427595029,2.4843956864362548e-05,-0.1340333323968092,96,69,96.0149893457824
15690,926.6881557232036,162030.86548880851,75541.36507206551,76809.74607123931,1936.6397084111231,656.211277971539,401.7183829456917,853.2909102263511,-5.261285930310137e-05,-0.1167571277471426,96,69,96.01405856606544
15691,926.6906366686428,162023.6648468336,75528.5883890513,76798.40304471868,1949.448827168264,657.9599336856918,405.12716759354225,860.4891047306301,6.0055436870699095e-05,-0.1160728261343057,96,69,96.01315046219798
15692,926.7079317321096,162023.37080842414,75537.81435710845,76817.4038094841,1944.4270879213,651.0663395537122,403.29291331922286,853.1992141981027,-4.429959460742512e-05,-0.1129918425392056,96,69,96.01226508753278
15693,926.7112671686848,162028.95155691364,75528.18074569725,76800.87487252383,1931.3816682259785,641.3881539839058,399.2971478686959,849.7071474614204,1.1434402265055509e-05,-0.1135514198197223,96,69,96.0114024944016
15694,926.7280366422884,162047.35847266385,75518.014722639,76792.540378668,1898.8578828771715,624.6213951926475,389.70767676946707,834.4055035138445,2.584311255073141e-05,-0.1076416505248783,96,69,96.0105627341126
15695,926.7305678218404,162032.40837433393,75518.66755826342,76824.11167096959,1857.6712185317883,607.3570287764596,378.3780280718929,826.5471525937028,-5.313329125316308e-05,-0.0988622479194257,96,69,96.00974585694624
15696,926.7479123785644,162067.0561601712,75540.13850286383,76805.13454205544,1796.9091093319003,585.0772706666612,362.3749879540992,808.0271631522337,5.989618321932332e-05,-0.1105614716107903,96,69,96.00895191215184
15697,926.7512160831166,162066.9787815355,75546.41652086124,76808.6634474832,1730.059687597619,564.334282055177,346.19576847032295,798.4803274902806,-4.352226082581267e-05,-0.1118700182897599,96,69,96.0081809479452
15698,926.7679152253432,162046.65569262364,75542.56692815127,76824.72075104862,1648.6703849352198,540.1308868446795,327.19529029057594,778.5487076072604,1.0339330705686806e-05,-0.1109193038922075,96,69,96.00743301150428
15699,926.7705076427106,162036.5690808503,75543.48595679214,76827.79471223392,1567.569185179309,518.0494072469883,309.5441900191363,767.1432685225736,2.6832888448475244e-05,-0.1132115489363083,96,69,96.00670814896696
15700,926.787892717751,162101.13971301273,75537.75677967616,76802.73305543001,1478.20606598421,492.0802382079564,290.0205227386614,742.946057905996,-5.363546657290836e-05,-0.1111227058406259,96,69,96.0060064054272
15701,926.7911583721776,162096.60814971977,75527.38445973636,76805.08492341563,1395.9772043831763,467.84303019921936,272.6173781278776,727.5632430769037,5.971684893598023e-05,-0.1056802947462176,96,69,96.00532782493244
15702,926.807792495986,162108.06403202788,75565.00758102121,76803.76081481027,1311.498067497334,439.53884231016855,254.0173165637243,700.7480904824624,-4.2730779623737725e-05,-0.1111487625178212,96,69,96.00467245048031
15703,926.8104564663494,162119.74767740385,75529.0579903129,76771.93986854967,1237.9195149464067,412.83145499533566,237.9902292608458,684.6393483149295,9.241508479687158e-06,-0.1128482632212094,96,69,96.00404032401576
15704,926.8278711999276,162182.5499807465,75532.49458114606,76822.63439782448,1163.1788947940222,382.1011055977433,221.18978642302682,656.990759200824,2.781295667528536e-05,-0.1074003546579886,96,69,96.0034314864284
15705,926.831094551014,162138.2691749943,75548.510987447,76795.4013724422,1099.7854934920906,354.12456034684146,207.78999932383886,641.3969727878866,-5.411922754558957e-05,-0.1119944538635561,96,69,96.00284597754886
15706,926.8476690228274,162145.4618843211,75559.32780883141,76803.18529523614,1035.020058638649,324.27214337937767,194.5889757386467,614.4725216835504,5.951750794191834e-05,-0.1232856763288821,96,69,96.00228383614709
15707,926.8504148695752,162180.0945909762,75522.55348718507,76797.43884360699,980.4232375290594,299.7081593039038,185.23286328290123,598.4838068749232,-4.192542712904735e-05,-0.1094698076006432,96,69,96.00174509992864
15708,926.8678459066924,162196.44262768488,75526.91564184273,76795.95750401303,922.6239688852802,275.7279521734599,175.80941443319898,567.7940946247545,8.141307906726309e-06,-0.1145093603543165,96,69,96.00122980553245
15709,926.8710256166278,162213.14595125362,75548.22035697615,76786.0484144372,874.2324538613902,259.3846198564861,169.55522285302868,547.4310255918826,2.8782993372340003e-05,-0.1116615826719617,96,69,96.00073798852812
15710,926.887545229388,162222.5148936346,75567.96351480283,76807.2967439369,822.0392193737789,244.84418004432519,162.19945417976123,512.3680199583177,-5.458442370242816e-05,-0.0980771770710185,96,69,96.00026968341324
15711,926.8903828505942,162265.31762468978,75554.58590582442,76801.33823056747,777.6946928221732,237.21304850648448,156.5570047631918,488.0093405012449,5.929824082393625e-05,-0.1045685413766403,96,69,95.99982492361087
15712,926.9078170467257,162277.10624767898,75551.79650509598,76805.74973504742,727.2932884329348,229.05348250192765,148.40523954236414,448.4960509077064,-4.110648463966202e-05,-0.0990633439068166,96,69,95.99940374146706
15713,926.9109432016286,162304.20919490713,75515.89432012798,76765.80708173818,683.7498821501504,225.18744662113022,141.168812957505,422.4753874570015,7.039101724464033e-06,-0.092274455019089,96,69,95.99900616824844
15714,926.928186267278,162325.00238423477,75551.57476163669,76788.78280898822,633.7430677011143,218.11827095421904,131.15411960839992,382.924228499789,2.9742678310747663e-05,-0.0883000061575627,96,69,95.9986322341396
15715,926.930405830406,162339.2037278562,75569.89314590443,76811.38472191084,591.7687858604477,213.39742869118345,122.47156791435555,359.4839269222866,-5.503091054136794e-05,-0.0611265421615056,96,69,95.99828196824134
15716,926.9477316025492,162347.63026389093,75522.12248109354,76808.57786194129,544.7807145219413,203.92070147307822,111.88336154090939,321.6705861853552,5.905913500189552e-05,-0.0729962691789404,96,69,95.99795539856764
15717,926.9509520485634,162389.88889765472,75510.409336937,76830.64552417486,507.8873712437344,195.9198520976206,103.88556040843832,299.4131950023875,-4.027423699110061e-05,-0.0851393102026059,96,69,95.99765255204412
15718,926.9680472756936,162396.8095627896,75575.81981621304,76829.48738906227,467.8414612681954,182.84428403832135,95.31850198147004,262.42363607379957,5.935262682126334e-06,-0.0780586462437867,96,69,95.99737345450524
15719,926.9703412031772,162459.53791986703,75564.99968957732,76823.33659744817,436.74367382301716,170.44992017668847,89.58864069578703,240.5301601467363,3.069169438288006e-05,-0.0826730846902642,96,69,95.99711813069288
15720,926.9876897517717,162436.75730111168,75564.06785001418,76828.93598984473,396.2309200083255,151.03476719652826,81.76322362583596,199.9802082995884,-5.5458550150304805e-05,-0.0872159400841318,96,69,95.99688660425356
15721,926.9909311821044,162460.98987085154,75572.97069746966,76825.21421837845,355.1332771044108,130.10346383675642,73.8394350213348,172.5579171073332,5.880028443828601e-05,-0.0801019913305377,96,69,95.99667889773684
15722,927.0079201173688,162474.04488087166,75553.4546326835,76818.73546844014,295.0097606224008,100.98615581831837,60.718226840457646,126.8894015547121,-3.942897424961762e-05,-0.0717768694743778,96,69,95.99649503259356
15723,927.0102719672212,162508.7136909214,75551.81060095193,76831.75567268473,228.17347820661962,71.30467676444096,45.53505166940158,97.32104865132715,4.830164425264674e-06,-0.086166498161109,96,69,95.99633502917337
15724,927.02766001082,162549.89841218176,75571.78397570271,76814.50702345578,144.39912003732752,37.898454688634956,26.140239108295646,51.908472639916,3.162972903431468e-05,-0.0947066865433186,96,69,95.99619890672338
15725,927.03089624614,162584.9190799634,75551.32470276665,76795.3296787509,69.93507302453509,13.558961544942576,10.138591249560704,29.3553132302186,-5.58672107475661e-05,-0.1069107404217426,96,69,95.99608668338618
15726,927.0477958723984,162567.39532218553,75553.81320768944,76838.55523187906,9.684298843611032,-0.0,-0.0,-0.0,5.85217895836996e-05,-0.1265448141986383,96,69,95.99599837619807
15727,927.0502052475492,162569.7698806817,75555.38983412436,76783.96094303954,-0.0,12.01305273779144,5.841201894538244,2.210983185505029,-3.857098986627267e-05,-0.0305264499683529,96,69,95.9959340010876
15728,927.0676366178104,162532.1471490369,75539.22797434144,76804.33396559927,47.34982099267654,49.34855364024406,29.614749825297622,1.145751364325406,3.724180333890379e-06,0.2060778132568523,96,69,95.99589357287356
15729,927.0708502346006,162553.64644764923,75553.07917603778,76790.25664208729,180.831605088606,121.33103826739534,77.56000999661046,34.515477761480724,3.255647318069147e-05,0.3490681106558593,96,69,95.99587710526384
15730,927.0876732036578,162430.80085813074,75530.31773290697,76813.18540119492,390.07632963120705,219.05348886227875,144.84549106121995,64.88615010565263,-5.625676740757635e-05,-0.0837147500589573,96,69,95.99588461085366
15731,927.0901430829954,162382.10101925462,75551.54617818647,76816.77678218951,679.8788470980944,341.3504779388022,229.09202474716585,126.25230191499577,5.822375769347234e-05,-0.4301849216487343,96,69,95.99591610112417
15732,927.1076172884582,162323.6394542299,75547.70783813455,76796.21260358184,1014.7821627747035,470.09185630361026,317.83826650943956,175.69290229093167,-3.770058181038459e-05,-0.1512079129816518,96,69,95.99597158644094
15733,927.1107935282138,162236.17191838086,75566.58479068954,76829.41785059976,1381.2928288137773,599.1884930949891,404.4072210290469,248.8585915696749,2.617684085932979e-06,-0.1118657983871526,96,69,95.99605107605296
15734,927.1275532658358,162172.59660235728,75542.94398263212,76794.72481629289,1734.8434032594669,710.3570256012463,476.39158325159224,303.7758768257918,3.34716218803126e-05,-0.1396811213279922,96,69,95.99615457809108
15735,927.1300848711928,162094.89412181405,75530.53144221501,76794.8958238674,2061.9044042443275,801.3071534186165,530.8657776153705,376.0905923189712,-5.662710152266278e-05,-0.0923703198961781,96,69,95.9962820995665
15736,927.1476025824244,162010.66863807623,75519.21998733659,76784.52214997236,2326.776363808429,860.7937650335225,562.0927768067049,422.35922969991225,5.790630213415927e-05,-0.1086092063576685,96,69,95.99643364637072
15737,927.150722840234,161957.6721419251,75536.08615761802,76789.32481666848,2531.9888569520554,895.4849993434618,574.9458278008387,482.9854279263236,-3.681805212973802e-05,-0.0793347709248624,96,69,95.99660922327269
15738,927.1674430960692,161899.28964950747,75529.50267900397,76779.70027923158,2659.322554454673,902.2193787092256,570.4379678540281,516.8434935666446,1.511048950012036e-06,-0.0717060233591514,96,69,95.99680883391927
15739,927.1700195976651,161848.96477304833,75541.79111364536,76800.35881093862,2725.947924375534,892.9368882384442,557.3593491584761,564.4307903486188,3.437487435009283e-05,-0.0773441578766236,96,69,95.99703248083344
15740,927.1876141083204,161771.6618793063,75549.52387542634,76815.41813962776,2725.150499505573,867.0901973267173,537.8305855446088,583.1359020985547,-5.697810101022521e-05,-0.0677949478487269,96,69,95.9972801654134
15741,927.1905767500812,161763.13675165546,75537.84098185439,76800.7284641422,2683.612122099148,837.3947665317974,519.4162941270915,618.0011844781984,5.756954320232164e-05,-0.056578222935387,96,69,95.99755188793227
15742,927.2080466897322,161742.9298475535,75559.944202669,76788.80748558912,2599.8563242904493,801.7449620623811,501.14751314543537,626.0017155071255,-3.5923706306487345e-05,-0.0563807362237227,96,69,95.99784764753636
15743,927.210150318494,161700.42594530768,75542.82734283103,76815.32226961285,2503.4905624529347,770.3615277301869,486.94889767692075,653.548690928641,4.046485669915643e-07,-0.0497183175554708,96,69,95.99816744224498
15744,927.2274811504292,161673.50022717656,75549.21318102116,76804.34321651084,2392.8415548236226,738.0936651530792,472.70194441318745,654.2407444280398,3.526593380799509e-05,-0.0418866210446529,96,69,95.99851126894956
15745,927.2306153546472,161624.0594264825,75546.36231611444,76827.13394071841,2295.661707362102,712.7887533438043,460.58506207569735,674.2386369004962,-5.730966074686037e-05,-0.0324384946823223,96,69,95.99887912341316
15746,927.2479001891908,161622.57759880266,75574.21605034432,76844.53034840636,2207.1420906524872,688.2316117429,446.5803779330454,669.4315233635716,5.721360728936324e-05,-0.0161824793941433,96,69,95.9992710002694
15747,927.250087222721,161599.22553677385,75553.78556830854,76824.75522868136,2147.9607082466828,671.2561793163622,433.7140690460801,686.5635908062395,-3.501785409284914e-05,-0.012049102084422,96,69,95.9996868930221
15748,927.2674264654476,161578.5937601051,75545.58548101925,76829.70882762547,2103.0565627868054,654.6074964944419,419.0367956937989,677.9182646375557,-7.011443805530226e-07,-0.0108188053385869,96,69,96.0001267940454
15749,927.2706079613688,161561.109307133,75545.85693897516,76832.79393960175,2083.228606097866,644.624686390147,406.4899573539151,691.2949623322347,3.6144508092940807e-05,0.0142368830305278,96,69,96.00059069458236
15750,927.2877749325338,161533.8976236856,75538.26831898646,76777.01707102677,2065.9905837482074,633.9985645161651,393.6141149329196,681.5842817813391,-5.7621681682727264e-05,0.0307763635514399,96,69,96.00107858474512
15751,927.2900113091376,161571.21331786487,75535.11178984607,76774.92446079483,2057.0558583196835,628.4146598557418,383.8668308923661,696.4934123462008,5.6838627536012006e-05,0.0442894220362046,96,69,96.00159045351428
15752,927.3073906813728,161507.41274413042,75537.67368061878,76823.5314541887,2032.890529589029,619.7735325896647,373.90283885161625,686.5983267611009,-3.410080863916372e-05,0.0558168819407913,96,69,96.00212628873918
15753,927.3105829384216,161445.13388024052,75549.51216985016,76824.19514715526,2004.2440391890705,613.9157907746994,366.6868879375397,700.5167416496552,-1.8059571613213413e-06,0.0553880241935826,96,69,96.002686077137
15754,927.3276547946582,161476.91396444076,75552.4153663714,76823.79261045929,1956.661094408657,603.8110768805054,359.04835260580876,691.2987360184488,3.701030914254064e-05,0.0484835145107012,96,69,96.00326980429296
15755,927.329934135962,161461.72010473564,75535.24513222206,76774.14808428293,1909.3511181783979,596.1217281977442,354.24096986316727,707.4536271176476,-5.791407192516023e-05,0.0364986418607266,96,69,96.00387745466033
15756,927.347365521716,161411.62811607087,75510.45701849525,76775.26648385117,1853.7523047171417,584.5057421054516,349.45826361869695,698.7944256104238,5.644474295267503e-05,0.0173982975978495,96,69,96.00450901156007
15757,927.350544680238,161422.13191940103,75503.97838430203,76788.04423789126,1812.5923167774454,576.6819869784085,348.3611827697896,716.1429875403119,-3.317288677995841e-05,-0.0106290733852948,96,69,96.00516445718108
15758,927.3675374314438,161378.7722701655,75501.90649963872,76772.31535751234,1777.020058921189,567.2480412052391,348.18489023292204,712.0308928183804,-2.9094179638544865e-06,-0.038250738382155,96,69,96.00584377258002
15759,927.369858347386,161366.94444435296,75522.59714750464,76755.0331066607,1764.4538283746806,563.6586752778239,351.70142697292613,735.9999765521789,3.7863053548800166e-05,-0.0554574232425238,96,69,96.00654693768188
15760,927.387348841494,161304.62666488328,75507.41415421455,76762.97396066207,1758.5176578497048,559.5867018285498,354.80708157556364,736.196467927628,-5.818674605259412e-05,-0.0697654385790759,96,69,96.00727393127966
15761,927.3904928416048,161291.48489935257,75491.01644929047,76731.64553953595,1770.9463235776639,561.7402759527758,359.29452615068294,763.4221334297326,5.603209934083074e-05,-0.0640926361014918,96,69,96.00802473103502
15762,927.4074249166474,161255.92332987764,75501.35958160307,76741.68456524397,1781.9449256670778,563.0339461999538,360.7874765493907,767.2528501425404,-3.223440885398651e-05,-0.0656610311598392,96,69,96.00879931347824
15763,927.4097820180656,161232.5841449196,75481.14748853272,76761.48249017772,1800.9068660563207,568.777469067325,361.4227862113039,796.2826281689049,-4.011155647492588e-06,-0.0531920874343987,96,69,96.00959765400886
15764,927.4273435618604,161187.14090379505,75475.93448005161,76748.75648503819,1807.7866102032713,570.7924005417735,357.966702002479,796.388704168814,3.8702462866740335e-05,-0.040477151687909,96,69,96.01041972689592
15765,927.430420457682,161169.7584307447,75491.70243171047,76727.09987966965,1814.8766735793324,574.4325967608165,354.2827903110883,819.0573430578806,-5.843962523620212e-05,-0.0416938915135105,96,69,96.0112655052786
15766,927.4473295010456,161154.45076166777,75496.95463022619,76746.53166527019,1805.7580419307924,572.1748105303122,348.4555940986029,812.8989744287683,5.560084839133849e-05,-0.029593241025923,96,69,96.01213496116615
15767,927.4496859815108,161091.64762719037,75436.29635664588,76723.28503076077,1794.7678527972894,569.7042757963354,344.4404018833302,828.5139913769963,-3.1285698127001246e-05,-0.0311136579142061,96,69,96.0130280654397
15768,927.4673860612244,161099.79902951157,75462.1114096758,76719.99384037581,1766.8112247595564,560.014213366012,339.4485054303077,812.4199522098934,-5.110799621700078e-06,-0.0252151324043023,96,69,96.0139447878514
15769,927.4702349542742,161104.42198258542,75452.4272961019,76736.40021015065,1738.5187561787898,549.97793447203,336.35937656779424,819.7689296993194,3.9528262578154544e-05,-0.0187944614849984,96,69,96.01488509702646
15770,927.487866328402,161090.48698064184,75486.28282006521,76715.52678078804,1695.448791481147,533.3653536587663,331.1429374884465,797.6663850166078,-5.867263757584704e-05,-0.0105690503292862,96,69,96.01584896046292
15771,927.4899321328523,161084.49760601672,75491.68005529765,76727.74340211414,1654.1142170114908,517.5122826007573,325.90342451195465,801.7637619833113,5.515114796400151e-05,-0.0060465344878296,96,69,96.01683634453306
15772,927.5072140809364,161072.62343670387,75500.94785537664,76699.11865825682,1598.9524028989254,496.2403901617945,316.43922958985786,776.0711320904084,-3.032708178830656e-05,-0.0178954170578751,96,69,96.0178472144839
15773,927.5102937623712,161068.82592943934,75475.26505158968,76695.28105160591,1545.5705940116895,476.69541313359514,305.4628460822569,773.9782103928737,-6.207980488683736e-06,-0.0055882520601915,96,69,96.0188815344384
15774,927.5277201601962,161039.912979238,75452.14960295694,76739.256390053,1479.7710459095542,453.1292387237045,290.2549228762218,742.6250157401664,4.0340183558695326e-05,-0.0002064765709042,96,69,96.01993926739608
15775,927.5298667723029,161086.35507364658,75458.87255195247,76715.09574488374,1418.1132422517403,432.4722032133577,274.96174420410534,736.0762606976787,-5.888571796006188e-05,-0.0155352049895557,96,69,96.02102037523468
15776,927.547149354118,161085.8206080931,75475.99097151312,76745.67062890423,1346.69700161129,408.4319678519969,257.7739463055914,698.5385315431631,5.468316222237992e-05,-0.0428736659056849,96,69,96.02212481871072
15777,927.5502948712892,161059.50536201874,75458.63358655683,76715.69100535102,1282.8767845794791,387.7728937295178,243.23684647411574,684.7858991209068,-2.9358889669163825e-05,-0.0548178572729703,96,69,96.0232525574606
15778,927.5676015781856,161071.0241292923,75468.92525993218,76687.71833946179,1214.0180738428026,364.875433660447,229.32204683573218,643.7861492246448,-7.302330076493473e-06,-0.0532369497993188,96,69,96.02440355000216
15779,927.5697826830948,161117.8368357876,75451.40757608663,76748.60157442422,1156.467386740027,346.7101762528764,219.39462104279664,631.1019364169333,4.1137961312793457e-05,-0.0605011570108411,96,69,96.02557775373596
15780,927.5871080901952,161138.03142836303,75458.03776894281,76703.88840940574,1094.817321365932,327.41054975449515,209.67887260194402,591.6106060998573,-5.907880778815354e-05,-0.0677561160299874,96,69,96.02677512494613
15781,927.5902767420844,161118.3154366266,75479.83641129041,76724.2054636925,1043.500682069338,313.58521102459054,202.26678718160838,579.8429633101914,5.419706142971389e-05,-0.0581823143742554,96,69,96.02799561880212
15782,927.6074890354936,161146.69083375868,75480.51110507555,76699.64410730112,986.8734537633718,299.0029567519232,193.04225214134203,542.7225734305393,-2.8381454717154587e-05,-0.048125543572854,96,69,96.02923918936033
15783,927.609694571502,161083.62259640385,75453.75766930117,76749.83597122741,938.7490004239371,288.9262784205057,184.4383655746642,533.092589989712,-8.393481043755625e-06,-0.0461721212999243,96,69,96.03050578956513
15784,927.6270804172416,161103.32677805345,75479.73279607239,76733.24781692367,882.9604919781559,275.67694680143904,173.14916088679456,493.73415385207045,4.192133623111747e-05,-0.0363775456160918,96,69,96.03179537125038
15785,927.6302445824696,161151.67469485203,75474.10032922216,76722.36280180652,834.5500070243725,264.13084587875346,162.89408609818202,478.9156966023438,-5.9251855557134144e-05,-0.0348514823416031,96,69,96.03310788514176
15786,927.6473795465804,161166.2773707255,75463.89238643662,76731.6715795475,779.6154697536258,247.686302491682,151.49183874385199,436.5189843514527,5.3693021352338506e-05,-0.0378216471776223,96,69,96.03444328085742
15787,927.6496054283538,161170.0405133669,75470.76981890264,76747.33486038988,733.6611605972284,232.46765127369144,142.93642678210745,421.3623196995759,-2.739511264206352e-05,-0.029858765136402,96,69,96.03580150691064
15788,927.6670644562718,161184.96609753105,75487.18838169608,76719.41936174448,681.9570882780245,213.2444479163387,134.50382821905077,378.53269235166954,-9.481067750501494e-06,-0.0184786116171769,96,69,96.03718251071088
15789,927.670197412266,161190.95917161956,75460.833043509,76702.28643871026,639.9042123207473,197.4880107975041,129.54463001393015,363.8644125427236,4.269005385109303e-05,-0.0303773734300773,96,69,96.038586238566
15790,927.68727580624,161177.1814889526,75467.25368753907,76717.59759545552,593.1793983551324,180.76232161806547,124.62614247211604,324.85031174879987,-5.9404816182789664e-05,-0.0412071846494782,96,69,96.04001263568404
15791,927.6895124760656,161205.66882444697,75454.38528261587,76727.67824013237,556.203390667215,169.59016818815144,122.19783041518531,314.39914957544534,5.317122423909838e-05,-0.014793626488164,96,69,96.04146164617512
15792,927.7070647236986,161187.43372864934,75462.54415049052,76714.43881390139,513.3013117498485,157.72327238369326,117.93301559615065,275.35506720049307,-2.640020250528816e-05,0.0013504896341176,96,69,96.04293321305336
15793,927.710125917206,161208.60046604762,75442.23236550366,76714.46288320332,478.698461154534,149.97070822546084,113.98675948890741,261.71512006712146,-1.056472544803596e-05,0.0095582023463645,96,69,96.04442727823934
15794,927.7271930484588,161234.96422369895,75466.81862586434,76718.2832935712,436.3963504139683,138.83734950011421,106.03721304013743,219.51038172026165,4.344386482516933e-05,-0.0061691372429569,96,69,96.04594378256152
15795,927.7293922459436,161243.4222499207,75476.90203447372,76703.27329270332,398.3140870376956,127.87711287691491,96.34996298720944,201.55168075405527,-5.9537651804673145e-05,-0.0105600069952587,96,69,96.04748266575898
15796,927.7471246935922,161251.42626157426,75449.66034170975,76711.7455653976,345.96242449298734,109.39583263060194,80.99909032703727,151.7153656448645,5.263185824593639e-05,-0.0168925685674156,96,69,96.04904386648352
15797,927.7499265781612,161306.97834061846,75506.99925412612,76700.85463322597,291.8615316476207,88.59483630221803,63.664927031844854,127.06236148576136,-2.5397065058877445e-05,-0.0250605480460012,96,69,96.05062732230157
15798,927.7676383912624,161248.79731327185,75470.51395093264,76722.60917057257,220.5096935707843,60.77008818916511,42.299321678699926,74.45917744949111,-1.1644091553462229e-05,-0.0241645342534869,96,69,96.05223296969692
15799,927.769753818288,161324.9965250572,75482.43197852524,76693.87230619641,150.5523475339287,34.918438142805826,23.01066236765473,52.634709765407024,4.418252502950717e-05,-0.0279753045863527,96,69,96.05386074407306
15800,927.78692751218,161310.78312770705,75483.25547881996,76731.91968107717,75.50471091485815,10.56634186624433,6.206212696561124,8.822636964498088,-5.965033115989352e-05,-0.0143126806265589,96,69,96.05551057975556
15801,927.7899939667174,161339.52541849136,75446.84947538878,76743.94003865079,24.01818953966722,-0.0,-0.0,-0.0,5.207511676709195e-05,-0.0117068458421474,96,69,96.05718240999413
15802,927.8075005816823,161326.37686668528,75450.44995104341,76743.22504631322,-0.0,4.965199327591108,5.8782376282906625,-22.661046347639058,-2.4386044609158445e-05,-0.0192149469487654,96,69,96.05887616696604
15803,927.8096828488564,161305.45458360948,75467.73740018636,76722.64220639817,36.7267326634028,36.571669818571536,30.958618643286172,-2.857560946344165,-1.2718805049271943e-05,-0.0081672772158194,96,69,96.06059178177787
15804,927.8268552275013,161259.8980865447,75461.5547429718,76734.34045758643,134.18317676626612,91.89787235060066,73.12380003914586,5.181690084864385,4.49057954282282e-05,-0.0261501759772788,96,69,96.06232918446872
15805,927.8299992328018,161215.74663094454,75460.69855291593,76722.01457882009,313.59445219585905,174.74378835134848,134.1581457227294,53.05658121255692,-5.974282988013853e-05,0.0735117307893941,96,69,96.06408830401274
15806,927.8473919997472,161128.20366512073,75471.48322130431,76708.20468385008,557.4623160511837,274.44072305067675,206.01521898273495,87.61756845397758,5.150119947806127e-05,0.321076597672618,96,69,96.06586906832172
15807,927.8495907866492,161043.17190512503,75462.2345359937,76731.97092541175,865.3409725273377,387.37814714769775,285.02310951057007,158.84108078386635,-2.336748731869241e-05,0.354979114104803,96,69,96.06767140424826
15808,927.8668077040636,160984.376551237,75473.66615123017,76736.74302789713,1198.9841619007639,497.9083359474316,359.45661011498305,209.57803785605938,-1.3788506377360866e-05,-0.1696414751183508,96,69,96.06949523758804
15809,927.8699864689576,160904.84394241837,75485.68310945366,76729.91980429224,1544.2624728571973,601.1696300350159,425.23994677883456,288.97621074691415,4.561344273621974e-05,-0.3464324295351616,96,69,96.07134049308388
15810,927.8872882369644,160797.42149010295,75465.2471123749,76731.24051118296,1859.8509423507494,684.5005410362646,473.6286603602639,344.6133258995251,-5.9815130316879015e-05,-0.0418747684114025,96,69,96.07320709442712
15811,927.8894939544502,160757.48590622924,75460.72587291685,76728.67221667996,2136.597990714188,748.098595932679,505.604898076941,426.4489572699531,5.091031162377487e-05,-0.0787036745143357,96,69,96.07509496426204
15812,927.906774296093,160653.30287356972,75459.368047018,76734.11180099903,2344.493884345342,785.390548662559,518.1016890136234,479.504539002548,-2.2341741595319972e-05,-0.0685447489644224,96,69,96.0770040241883
15813,927.9099614644924,160532.99427989198,75483.15158495003,76733.39223108307,2490.2853529098793,802.5590194671531,517.4879796389141,553.6532342688588,-1.4852838504531352e-05,-0.054645007070277,96,69,96.07893419476407
15814,927.927185447038,160492.90452554115,75466.06292720218,76728.16079251072,2561.8411395067233,798.4159332221461,504.74951947957743,598.0238928378967,4.630523842932023e-05,-0.0622095103522198,96,69,96.08088539550972
15815,927.929396281594,160437.27663465575,75456.0482571188,76705.7615639618,2580.6165057920152,782.3493942159839,487.9851812850102,662.3001103425049,-5.9867221646873816e-05,-0.0302751749654857,96,69,96.08285754491018
15816,927.9467523218252,160344.49952732358,75455.23179080237,76720.42255990862,2545.2045114315697,754.7059382114239,467.72541838971665,693.2055930933275,5.030266370981384e-05,-0.0420351143768878,96,69,96.08485056041876
15817,927.9499243373468,160325.55170448066,75444.17245457237,76709.2825944161,2484.306660717586,725.1238906859071,450.40534156840295,741.7016866178892,-2.1309158263908884e-05,-0.0336916019840295,96,69,96.08686435846104
15818,927.9670843944676,160229.79764140295,75438.88009161213,76700.97533776844,2400.371940281533,693.5333847511793,434.3564188152377,759.6244580694183,-1.5911445747703187e-05,-0.0311593106792526,96,69,96.08889885443708
15819,927.9692977764232,160221.36752012742,75450.92090908015,76728.53077167335,2320.1354236950283,667.6565116196871,423.42992008454166,798.1486168312258,4.698096030936748e-05,-0.0288373871775779,96,69,96.0909539627257
15820,927.9867425300675,160190.1569497487,75440.1740317727,76718.20421233725,2240.1511053258437,644.9601472541544,413.6840822529921,806.9257169935445,-5.9899100065256174e-05,-0.0141987961416523,96,69,96.09302959668798
15821,927.9898716583698,160151.70098856205,75460.83470514407,76725.3390350752,2179.7612038374064,630.5964409287117,407.70871797797736,838.0242632214504,4.967847201179075e-05,-0.0046256302256509,96,69,96.09512566867032
15822,928.0069901720436,160099.67164090733,75418.10887381968,76708.45731710207,2128.319372540631,619.9060792271775,401.26487670995994,844.1154620381712,-2.027009048120857e-05,-0.0043792917379658,96,69,96.09724209000848
15823,928.0091930015536,160084.11177998778,75447.89037529245,76679.21026176157,2097.0869754871237,615.5595802018943,396.864557805995,874.7369067979162,-1.6963975229771762e-05,-0.0047411368407377,96,69,96.09937877103104
15824,928.0267528219148,160030.3332209122,75447.85869408828,76683.63625044042,2069.0100668589002,611.1031470675225,390.3962415558053,878.437596337375,4.764039116523872e-05,0.0191633382759222,96,69,96.10153562106314
15825,928.0297894028168,160010.83544737418,75421.92132066523,76683.93416990824,2052.1629753332236,608.4950690286496,384.8351642303169,905.0673003493284,-5.99107684329352e-05,0.0221711560826348,96,69,96.10371254843048
15826,928.04692535964,159972.8005674141,75405.40306362424,76709.00080974409,2029.4275283281459,602.0269217377063,376.6593114825664,905.9000948658213,4.903795822923271e-05,0.0241218730085355,96,69,96.10590946046275
15827,928.0490446895348,159951.40858875212,75427.76944482011,76697.58570085697,2009.318130580068,594.7779297276866,369.06845819504815,929.3148925813148,-1.922489268963092e-05,0.0140040125856107,96,69,96.10812626349764
15828,928.066861092386,159940.12577259052,75424.8380241698,76704.04185988555,1976.7499066185555,582.848215635182,358.7659034592216,924.238401538023,-1.8010076008830166e-05,0.0269371703848781,96,69,96.11036286288484
15829,928.0694065783898,159896.2958710019,75389.16232200168,76729.60646211062,1944.5619947540108,571.346903495898,349.5916147454118,942.6043203199806,4.828331959503093e-05,0.040463606880187,96,69,96.1126191629899
15830,928.0861670022746,159880.88360918447,75433.96957530294,76682.3146844583,1902.6521314753918,558.0377399910067,338.94237035684637,936.5438887236232,-5.9902236396410575e-05,0.0577201692496912,96,69,96.11489506719836
15831,928.0891445408764,159875.98513023517,75384.67015558571,76708.89485600374,1866.0620191239868,548.000288387062,330.7132390991319,953.191265522124,4.838134944859096e-05,0.0624599861373945,96,69,96.1171904779197
15832,928.106759238722,159849.08004230395,75399.03528093206,76712.0098381092,1827.8167361037922,538.9006908441806,322.74257357549504,946.8321596155583,-1.817392154426841e-05,0.0526628374156171,96,69,96.11950529659164
15833,928.1093294734252,159809.05547881842,75438.2238221756,76703.79881736121,1803.7980953612132,534.8466100244841,318.97032130588195,966.4840432857163,-1.90493996123106e-05,0.0656007020575113,96,69,96.12183942368368
15834,928.1260633694758,159781.55005323418,75429.32047616162,76695.42733262823,1785.3479732284904,532.2537704960268,316.67537729119067,964.855406257062,4.89095398857782e-05,0.0298008748655633,96,69,96.1241927587026
15835,928.1291477564148,159777.91817384143,75448.31831438601,76711.10101455289,1783.9425494571333,533.683417434484,318.5370491325157,986.749511967093,-5.987352051562138e-05,-0.008952330121428,96,69,96.12656520019496
15836,928.146693354276,159726.14209017158,75408.28878627316,76702.73582063,1787.3909845088492,535.0605657022243,320.7914452612458,986.268209027301,4.770887794969701e-05,-0.0330378789819629,96,69,96.12895664575326
15837,928.1492261251726,159718.66465218438,75418.30024224581,76720.02879396031,1803.2798753417446,538.7090621453826,325.12990637717303,1009.7439916490112,-1.711753574535825e-05,-0.0627435513691957,96,69,96.1313669920188
15838,928.1659824622903,159696.55237948976,75449.79829892407,76716.0631589256,1816.0836579946917,540.7166228008427,327.2346866634034,1009.4127870326047,-2.008159991885481e-05,-0.0737842482301721,96,69,96.13379613468702
15839,928.1691421792436,159646.83059915493,75414.42841036261,76688.07191904508,1830.8482033393811,543.3813985290908,328.8522532117786,1028.362012637488,4.9518852152642784e-05,-0.0713524740250359,96,69,96.13624396851162
15840,928.1866271464936,159654.70868513963,75428.75229717903,76707.94918547917,1833.0825654545915,543.3350939881202,326.917412759125,1021.4705846841389,-5.982464405422115e-05,-0.0750907709696945,96,69,96.13871038730878
15841,928.1891164799728,159632.67291899744,75407.21371420071,76693.6740280751,1829.7565853486303,542.950179999476,324.57256986771245,1034.305813376879,4.702078116153641e-05,-0.0793928982221147,96,69,96.14119528396247
15842,928.205913328841,159599.63339092073,75432.55662305836,76700.43918169741,1808.9326922495966,538.8588663467381,319.7718990982685,1021.0390727602644,-1.6056094786184164e-05,-0.0651908991407582,96,69,96.14369855042816
15843,928.209133781518,159566.3713902173,75436.56318948313,76701.80595215976,1779.8114204924204,533.1410480552586,315.76255017335643,1025.821003517427,-2.110633410436023e-05,-0.0656624600535685,96,69,96.14622007773816
15844,928.2265557027764,159600.55294159937,75412.52257970425,76715.38479118916,1734.3288745482569,522.8979432084598,310.22852449002676,1006.6725071512919,5.011106255122993e-05,-0.0647787047205796,96,69,96.14875975600606
15845,928.2290050926952,159614.26665955476,75403.13704431988,76702.39200841908,1684.2556786238565,510.5374332781357,305.3485518228845,1009.6860501265619,-5.9755637295807895e-05,-0.0603755626217435,96,69,96.15131747443144
15846,928.2458535100368,159594.03758173046,75399.93490202639,76691.14669076285,1623.1634256425896,493.7691217489337,297.65928877255647,990.444858180068,4.631730187903392e-05,-0.0614687872016846,96,69,96.15389312130468
15847,928.249123239352,159595.34543015604,75434.66621417186,76677.84138240007,1562.8884077271214,475.39394696071395,288.5781871556828,991.5548541026365,-1.4989960255465489e-05,-0.0543488889098201,96,69,96.1564865840118
15848,928.2664777025796,159559.80664995717,75429.41424483014,76688.39876498729,1497.6494395465706,454.0093139063247,275.26122420222964,970.1236633152294,-2.2123261239489223e-05,-0.0409451495684843,96,69,96.15909774903932
15849,928.2688942081556,159549.56592983034,75421.7893308284,76666.62503767159,1437.8618046247284,432.68555977476353,260.33823314658366,968.779853828717,5.068598269871781e-05,-0.0415641956646284,96,69,96.1617265019794
15850,928.285801979523,159537.65825600608,75403.81167110805,76664.0358581298,1375.6929394559702,410.1706569064554,242.63093338668114,942.395781644329,-5.966653687706874e-05,-0.0456986525762255,96,69,96.16437272753444
15851,928.289110095068,159607.5407685518,75419.37086760337,76718.56245876373,1319.0508962435415,389.16211608466983,226.05580064217793,932.7538088529254,4.559868750760852e-05,-0.0344826883615576,96,69,96.16703630952232
15852,928.3063928441323,159566.42927095367,75415.9948605494,76681.67963226288,1259.899677711015,368.3863489616342,210.33290593101992,899.475868283771,-1.391949475515121e-05,-0.0317469078878083,96,69,96.16971713088157
15853,928.3087854073476,159619.37978853728,75427.43581673257,76673.35701591085,1205.6730638388544,349.95657928199216,198.78307642586879,886.355911640363,-2.313204372215614e-05,-0.0546939853251507,96,69,96.17241507367636
15854,928.3257580201368,159600.3981177191,75424.04828222732,76673.95735402522,1148.8175962590612,332.18875224537624,189.60152211680543,851.3533456046134,5.124343028678401e-05,-0.0621886100388494,96,69,96.1751300191014
15855,928.329093565582,159632.16637164415,75427.16332991306,76730.3290061454,1097.163113956456,316.57367461272224,183.97744291226263,836.5442022717616,-5.9557386588389074e-05,-0.0587149006767501,96,69,96.17786184748768
15856,928.3463012821944,159604.2676680416,75418.6853089029,76677.57717591831,1045.020027095452,301.45153138579917,178.68278622371145,802.1616760831675,4.486519079776621e-05,-0.0571215281519548,96,69,96.1806104383074
15857,928.3486799860584,159632.31324226735,75402.9966373996,76679.5494661988,1000.2733377634431,288.04690935104736,173.9523027044488,789.215303296689,-1.2845062448416e-05,-0.0483906059494046,96,69,96.18337567017907
15858,928.365720932708,159642.42100104678,75425.47781299271,76656.74789766871,957.0018008632469,274.87649975687964,166.83964501315495,754.6714766091318,-2.4132346864599508e-05,-0.0491365849355456,96,69,96.18615742087326
15859,928.3690727920036,159662.4638125739,75408.34052266766,76696.78090807848,921.7784878953826,263.20163407763175,158.61467279464705,738.2343383767293,5.1783229217575966e-05,-0.0568704464852435,96,69,96.18895556731768
15860,928.3862034471936,159643.8176349963,75400.42357979722,76673.63079882113,888.3784496703884,252.12269754086446,148.21229408142972,700.4581770913792,-5.9428236906161607e-05,-0.0487368360371614,96,69,96.1917699856027
15861,928.3885790629104,159714.3972161928,75416.83947964375,76682.45320833576,861.3318933039554,242.94789858917648,138.1811386824702,681.3778427558718,4.4117069294376665e-05,-0.0497077803497524,96,69,96.19460055098702
15862,928.4056899440906,159700.26067788477,75414.9686125688,76696.06771668847,832.84853804874,234.9231834725506,128.30216352824937,639.9109976109467,-1.176702824760494e-05,-0.0655800300881413,96,69,96.19744713790236
15863,928.4090469446804,159715.7719887069,75417.44121798094,76706.93430744256,805.7204331228277,228.85674093441048,120.97311578856898,616.0190943424241,-2.512383914994665e-05,-0.0665694474189754,96,69,96.20030961996058
15864,928.426099966869,159758.85002724215,75411.57660530243,76721.31924151572,772.7067743361113,223.65013265848393,115.52948472165735,572.1033493530704,5.23052095792952e-05,-0.0668381135394758,96,69,96.2031878699573
15865,928.428483609526,159768.1908938342,75400.92176267874,76727.69177104528,736.9788281894871,219.22593511693412,113.03854030839284,547.3643187026319,-5.927914468112502e-05,-0.0702601272274077,96,69,96.206081759879
15866,928.4456641792576,159775.41108761713,75388.51929202565,76680.1944648317,693.7105463750777,214.20135852642125,111.66397402930306,501.8755432530015,4.335458503304106e-05,-0.0595527661034389,96,69,96.20899116090852
15867,928.4490152795912,159796.26221295123,75415.64686947163,76653.56010372739,648.6118610130507,208.2796225091588,111.30766399556887,474.5978239782271,-1.0685757930157507e-05,-0.0573150962940707,96,69,96.21191594342996
15868,928.465991620676,159838.72162705136,75411.59450106623,76678.5607103205,600.4728942756192,200.66181154469086,109.8815424889035,428.74785920541035,-2.610619212403412e-05,-0.063652874613167,96,69,96.214855977035
15869,928.4683944549118,159881.79737510727,75410.5075162827,76665.21652687024,555.8589981523692,191.32683510713105,107.21769575690269,402.05058289601584,5.280920725416011e-05,-0.0588467523755643,96,69,96.217811130529
15870,928.48564265866,159870.76605615564,75425.3547895178,76676.89227415615,513.365144618263,180.02379780060437,102.00733365281485,355.43005181479384,-5.911017376880339e-05,-0.0552651400218273,96,69,96.2207812719363
15871,928.4889771745918,159904.91938400437,75423.00513433953,76694.62359111571,476.56476936186664,166.52630760203465,94.79676612166804,326.4484518940153,4.257800479982477e-05,-0.061271488414597,96,69,96.22376626850628
15872,928.5058793052526,159945.5427590649,75415.26025317902,76681.82214812477,440.83364678523503,150.44267529528588,85.23466120837838,278.7099316388776,-9.601618757811298e-06,-0.0524922221329099,96,69,96.22676598671929
15873,928.5083122814448,159957.65407539095,75427.74303538834,76695.03283875142,404.7229104221915,130.91318551065342,74.00905956586939,248.18992291018367,-2.707908048487562e-05,-0.0624701567937044,96,69,96.22978029229245
15874,928.5256243072766,159990.34993112495,75396.11609859462,76686.16557908067,360.8035605531186,107.79589479033893,60.9674207981443,197.08746540980064,5.329506450181364e-05,-0.055580104546498,96,69,96.2328090501862
15875,928.5289321554144,160001.77232042665,75391.57321550397,76689.53805095576,306.5798661868903,80.95724331840756,46.62611077306792,162.93142288844683,-5.8921394776163366e-05,-0.0250343207193552,96,69,96.23585212460956
15876,928.5457640032606,160053.91255629406,75397.82467433432,76670.47066028378,238.6619506161078,52.60391805417021,31.428796060965396,112.21331810051925,4.17876001408078e-05,-0.0174580091945253,96,69,96.23890937902678
15877,928.5482376193146,160085.28945953288,75416.27541657086,76676.36291297297,161.60491834231652,25.63795129301434,16.76928250430501,82.23526757091167,-8.514977984034947e-06,-0.058135048160351,96,69,96.24198067616308
15878,928.5656079698311,160099.1788826743,75406.66293663564,76706.2560518514,84.10467645950848,6.216402737190947,5.159921889659017,39.28254294139333,-2.8042182716894448e-05,-0.0893903932914331,96,69,96.24506587801116
15879,928.5688799149502,160126.96147575523,75411.08547795372,76666.86201755852,23.37702136806911,-0.0,-0.0,22.24873794883024,5.3762629682077786e-05,-0.1059221424184539,96,69,96.24816484583712
15880,928.5856467531788,160091.6956479464,75380.35287774142,76677.6181683631,-0.0,14.364693542098394,5.668087396305054,-0.0,-5.871288456467343e-05,-0.11944238484047,96,69,96.25127744018664
15881,928.5881708417504,160107.00794579848,75396.03072481272,76683.86361315628,35.604955274029635,52.907494422775926,25.45229955535615,8.582192664704053,4.0983647048135046e-05,-0.1146304055470519,96,69,96.25440352089171
15882,928.605592430465,160094.26426726513,75405.39337885207,76702.34327173501,147.1846811612486,118.29723757690226,61.83499071479309,14.28098611618043,-7.426204039176024e-06,-0.1131144530341031,96,69,96.2575429470764
15883,928.608820325874,160019.95167031573,75441.87337858294,76709.6292517558,341.35571295011323,206.56526281336846,113.63815018860623,52.49150367939728,-2.899518068865201e-05,-0.1202864982600462,96,69,96.26069557716325
15884,928.6255286212772,159966.39130519948,75417.89441642916,76673.69149826956,613.1979350368492,312.54564332574955,178.09324851693236,89.8675863625831,5.4211757382423765e-05,-0.1015358620343309,96,69,96.26386126887996
15885,928.62811215936,159935.87902230574,75424.22201832414,76685.16277624592,942.9643299031304,425.49854715658876,248.76115544806817,157.53335705058998,-5.848472688995704e-05,-0.1021134482620744,96,69,96.26703987926555
15886,928.6455764399424,159799.34979060452,75399.22809029963,76681.21537384688,1303.4278976615751,536.8065815209848,319.7544307259668,219.28959205609863,4.016642578572162e-05,-0.103429491509556,96,69,96.27023126467684
15887,928.648753440458,159731.53364654552,75380.86553012696,76689.30012182347,1659.7778787818388,635.4344677176996,383.69199696648866,305.8093538392568,-6.335665379501337e-06,-0.0930149226313676,96,69,96.27343528079528
15888,928.6654106856038,159660.01448263324,75373.57080650947,76697.03717203956,1982.5012685411493,716.188598924622,436.70612060057465,381.3826429246692,-2.9937759810599164e-05,0.0194856398346664,96,69,96.27665178263258
15889,928.6680615995276,159563.36877289126,75377.90317501355,76676.77333742536,2245.4870414453326,773.5971491241216,475.06277790290187,473.248669450375,5.464230889173981e-05,0.2563914772517624,96,69,96.27988062453856
15890,928.6855587711212,159434.75976435994,75362.84729565527,76664.83799605454,2437.743971799675,809.1279830757703,499.52916250680573,544.7103093952464,-5.823701218263353e-05,0.2622796438691405,96,69,96.28312166020628
15891,928.6886794451416,159365.23876269945,75376.06839330736,76687.8773137881,2554.5521106513334,822.9685122758092,510.1226230271859,625.0366340874752,3.933622098715561e-05,-0.2646798209119191,96,69,96.28637474267993
15892,928.7052940819016,159317.83343193404,75356.982319072,76679.33889216553,2606.0535181129817,821.0815453407413,510.45522452451405,680.746501935384,-5.243730836125403e-06,-0.3788763422686002,96,69,96.2896397243606
15893,928.708018894886,159227.26085902128,75367.00461274014,76684.15212939179,2603.1213565397193,806.2502778578491,501.84078926758957,741.1838397118263,-3.086960903868965e-05,-0.0805944492924781,96,69,96.29291645701367
15894,928.7255384220356,159171.95219692518,75367.40042694847,76655.81567210102,2565.476010129263,785.4319392592442,488.3100443420699,775.648323254165,5.505415146486917e-05,-0.144761387661661,96,69,96.29620479177466
15895,928.7285983767044,159119.7206653378,75396.02433176874,76655.22546115195,2506.1394642767846,760.6597249632032,470.6409963283222,818.1263368747896,-5.796983692155378e-05,-0.1272749081938267,96,69,96.29950457915687
15896,928.7451804324056,159112.69372447452,75349.45273061591,76683.93103533685,2442.7799374450115,737.6088920166076,452.49287899563205,841.4735953187628,3.849332129305443e-05,-0.1035637228233706,96,69,96.30281566905792
15897,928.7479827294336,159056.66798616725,75358.76317782803,76682.87215839059,2382.858554379316,716.711800471312,434.25069010962034,878.1354229430726,-4.15077009911813e-06,-0.1267704543857614,96,69,96.30613791076586
15898,928.7655159601132,159024.26941388176,75393.5292635987,76672.42323192337,2337.1504180022166,701.9330957725906,419.2533677397296,900.2495410355623,-3.179042177053975e-05,-0.1018218003816644,96,69,96.30947115296703
15899,928.7685076900204,158986.23443762003,75368.16181043077,76683.21764707346,2304.670191050158,691.5103675986611,406.9264823333069,939.7756102562998,5.544715879984332e-05,-0.1019904737352378,96,69,96.31281524375254
15900,928.7850766770306,158929.8357053329,75354.52788383157,76659.35121953227,2288.4883615142317,687.263289660099,399.4696309666033,966.7625152921537,-5.768330460729597e-05,-0.1021915092777947,96,69,96.3161700306248
15901,928.7879395457873,158859.0087151613,75383.60418103583,76648.8739775924,2280.7404491432244,685.3541616294242,394.8050931302423,1007.823228516907,3.76380198154491e-05,-0.1035329839388647,96,69,96.319535360505
15902,928.8055284668184,158853.42484347842,75333.52852621592,76686.81856027088,2279.5722286205855,685.8501272052818,393.65914158525993,1031.1354091538233,-3.057151814553916e-06,-0.1050816131151764,96,69,96.32291107973984
15903,928.807670377413,158805.62649033876,75365.1694023834,76666.91205237704,2273.961152110307,683.7818070513749,392.5299373494636,1065.1729155005305,-3.269989455000401e-05,-0.1157610068201426,96,69,96.32629703410863
15904,928.8248604962696,158764.5724257221,75329.86189526484,76660.42495015907,2262.7645107720746,679.8729528843251,391.88600848644273,1077.2461418086023,5.582121144178062e-05,-0.1153070315841061,96,69,96.32969306883024
15905,928.8280016082396,158777.43563161982,75310.6333201213,76663.16526930315,2238.0853525050334,670.9887272742635,388.6536718845309,1096.227319988364,-5.737752502195968e-05,-0.103061996670727,96,69,96.33309902857
15906,928.8453864211136,158747.6702483963,75364.96867735627,76663.50122140425,2203.626695097133,660.1190411961288,384.33220187420375,1094.4196454388148,3.677061335042569e-05,-0.1076349322769703,96,69,96.33651475744732
15907,928.8476016491642,158732.06321115285,75362.5659433811,76646.60641855007,2157.2216875579325,646.4341465289617,377.2751288510626,1102.9399705205287,-1.9632457239401355e-06,-0.0989080468910608,96,69,96.33994009904212
15908,928.8647949791276,158704.95233821857,75364.90972121476,76643.22687056386,2108.048381432309,634.472653121542,370.5170492156176,1094.524707270728,-3.359772856675155e-05,-0.0906283301276729,96,69,96.34337489640248
15909,928.8680037454832,158704.06367475222,75374.9618910042,76669.51331778204,2057.3993633625796,623.6631441120117,363.26654476029216,1100.5059552604798,5.617619565747319e-05,-0.0823591499994509,96,69,96.34681899205138
15910,928.8852696249984,158718.9507242849,75356.64046592974,76679.2100776675,2015.1646623495035,617.4536672031827,358.5142957578064,1095.992961421056,-5.70526143313495e-05,-0.0795919074396331,96,69,96.35027222799484
15911,928.887516714937,158684.11816160544,75340.20486155288,76654.47637524601,1981.42799949256,613.9036183389253,354.81996789062396,1110.9146159733064,3.5891402337682375e-05,-0.060818088193452,96,69,96.35373444572778
15912,928.9047503199168,158692.38786176758,75354.5021003094,76614.40550272474,1963.3612627962139,615.1658655688079,354.2968076208199,1116.8191642639867,-8.694209613197521e-07,-0.0540053858964674,96,69,96.3572054862421
15913,928.9079897170316,158596.70333936845,75327.05910831015,76648.98785881574,1957.3932442966616,618.3909452042863,354.5867676891794,1140.64554547664,-3.448362896940764e-05,-0.0507875920251821,96,69,96.36068519003425
15914,928.9251558361276,158626.50048537462,75357.42505034803,76626.23624268301,1966.4278135429486,624.9680612870143,357.1770435429353,1153.7452464484377,5.6512005123568606e-05,-0.0426385473590353,96,69,96.36417339711151
15915,928.9274303091094,158580.6353634473,75318.6207693064,76662.67184846668,1983.5544657689752,631.913210187151,359.7870259580668,1180.7516334799002,-5.670869497344656e-05,-0.0566950107193358,96,69,96.36766994700038
15916,928.9447165781252,158547.45106500867,75324.38021344504,76666.19642505611,2008.7585565340705,640.4224677279271,364.30983787678997,1190.8188749132387,3.500069172579741e-05,-0.0711491386464111,96,69,96.37117467875343
15917,928.9479651147956,158523.93903173396,75340.9315743109,76662.72382366886,2032.9247668805765,647.2322306850401,368.62314917176263,1209.0358883272856,2.239539070070327e-07,-0.0832259675849862,96,69,96.37468743095658
15918,928.9650412146408,158501.7032662234,75350.55619651503,76645.35721541806,2054.125261961075,652.8681898475625,374.1615062453493,1208.2806373717904,-3.5357305060733165e-05,-0.1269084309105833,96,69,96.37820804173668
15919,928.9673467372988,158522.84478677704,75340.50001757235,76651.57793203751,2063.439873216441,654.0369150608749,378.20099661592394,1215.003010860033,5.6828539133546704e-05,-0.1698088324564002,96,69,96.38173634876928
15920,928.984690091848,158512.80552496976,75364.69987228067,76636.09211246566,2060.382446206757,651.4829738672852,381.48183369706385,1202.6518043551187,-5.634589596725359e-05,-0.1909748478854014,96,69,96.38527218928536
15921,928.9879314275394,158504.39889845517,75343.75928792365,76672.9857964652,2039.3644120111712,642.7539008257299,380.8817964992486,1199.357746678288,3.409878956241076e-05,-0.212187391857027,96,69,96.38881540007924
15922,929.0049249691511,158503.86499277985,75366.82580734871,76639.80852174573,2003.727957215975,629.4493444469117,377.21010361687513,1181.197055533994,1.3165102604714765e-06,-0.2212551160253056,96,69,96.39236581751612
15923,929.007268049704,158508.98881662433,75364.02178543858,76644.27437707031,1953.1377316208673,610.6459908287943,368.48166064778343,1175.117094551213,-3.62184703905834e-05,-0.2151734037358252,96,69,96.3959232775397
15924,929.0246686655406,158514.47316562582,75344.44635487406,76661.53708519696,1894.9347805448924,589.0928044824977,357.0622702703695,1154.9450512229814,5.7125704530302593e-05,-0.2273850227877162,96,69,96.39948761567918
15925,929.0278891070471,158541.18613182483,75350.06038806449,76647.31400065821,1831.6200015952927,564.9248867650167,342.5777664366469,1146.9655217881664,-5.596435249250745e-05,-0.2258611605482734,96,69,96.4030586670575
15926,929.044807311632,158523.40373606305,75338.90986391155,76667.35894432414,1770.1861313245026,541.0697416120529,328.30587556559476,1125.755457162566,3.318600741323234e-05,-0.2126099268841735,96,69,96.40663626639837
15927,929.0471954214764,158518.9423939261,75325.25952619164,76640.83384367269,1711.5782384406193,517.8476828191051,314.32655321463244,1115.7402674941986,2.407880405561808e-06,-0.2246277173351623,96,69,96.41022024803456
15928,929.0646506018768,158556.71134188012,75324.24357150857,76675.56488894085,1658.7330374922021,497.44330925871327,303.2927533473121,1090.0358090114896,-3.706684308392139e-05,-0.2491434723558887,96,69,96.4138104459147
15929,929.0678383029228,158555.33286805594,75373.11121781507,76664.53492999231,1608.9771789430524,479.3925222062244,294.0560845854343,1074.133931745746,5.740341389041397e-05,-0.2527983262247891,96,69,96.41740669361155
15930,929.0846888954324,158591.67210294024,75359.77259982123,76652.06533620985,1561.6673607749399,464.5316149124701,287.5259255093988,1043.4503634985886,-5.556420596735439e-05,-0.2418325589967538,96,69,96.4210088243295
15931,929.087129550536,158570.77145807544,75328.84124412177,76660.43568559844,1513.7419399782666,451.8019258313434,281.4309608853073,1022.9111587062653,3.2262660896488696e-05,-0.2406408925540305,96,69,96.42461667091209
15932,929.1046344116684,158631.22216471485,75348.86793581002,76641.589212488,1465.100144862081,441.27435515883553,275.87804357966525,987.3555912843731,3.4976967711777446e-06,-0.2307282513787224,96,69,96.42823006585007
15933,929.1077791171996,158637.66041300527,75323.6258941375,76637.12054786146,1415.6003430098062,431.9079730302328,268.6750898677856,962.8725328793807,-3.7902145672303685e-05,-0.2346624525050398,96,69,96.4318488412888
15934,929.1245705953052,158670.1725057384,75366.9949046034,76625.91710996842,1366.896678258956,423.4636094766611,260.34296613620245,925.5514949969074,5.766158691060996e-05,-0.2462982845642408,96,69,96.4354728290364
15935,929.1270708066244,158668.13297328603,75334.24336931921,76656.32139815555,1320.6800891208695,415.2161119950324,249.8870910749538,899.6592926180747,-5.514560396251535e-05,-0.2455729709847596,96,69,96.43910186057072
15936,929.1446187137312,158733.25046817522,75353.18090924584,76649.02792438833,1277.3339277559426,406.6160847818828,238.73579300186248,859.9617980984913,3.132906826030058e-05,-0.2463639201603541,96,69,96.44273576704836
15937,929.1477117118112,158729.78267509906,75384.77384961936,76670.65203613535,1237.3067886069184,397.2776748664328,226.85893858934287,831.772861171019,4.585593006330634e-06,-0.2456789752463437,96,69,96.44637437931114
15938,929.1644533968274,158743.41118332435,75364.13980225865,76650.76667389777,1198.0093782655895,386.6001988521457,215.98721318750177,791.305184181314,-3.8724105442395406e-05,-0.2463033276016743,96,69,96.45001752789524
15939,929.1670192985184,158779.54281476335,75344.0373290733,76663.03351692097,1159.0362083986984,374.9911138310272,206.42675436925492,762.923120334046,5.790014965318062e-05,-0.2456827433780641,96,69,96.45366504303767
15940,929.184602202838,158829.6153501811,75353.0125472037,76645.34951874327,1116.958831322554,362.09688747233304,199.39728888584068,722.7223771230201,-5.470870007226691e-05,-0.2463853188435189,96,69,96.4573167546852
15941,929.1876363584214,158839.46963036124,75363.72954406796,76648.31552124198,1073.8884292512666,349.2392989020591,194.62518056234694,696.7344098759932,3.0385551539356915e-05,-0.2428394701675112,96,69,96.46097249250182
15942,929.2043383285654,158847.25926810093,75382.4104516261,76643.85553357702,1028.2048424784443,336.0858447587234,192.07669009489473,661.7204477411578,5.671203624744368e-06,-0.2540989128062764,96,69,96.46463208587676
15943,929.2069749103712,158901.20490605314,75342.30563073109,76648.10181469143,984.9804610887659,324.3167125757027,190.61721510151983,641.1867099491647,-3.95324540627701e-05,-0.2799004434652468,96,69,96.468295363932
15944,929.224583645985,158900.90846666228,75370.47690985829,76648.52959903091,942.6488539132406,312.96770748384006,189.15022927094833,610.0121159172268,5.81190351586106e-05,-0.2665201556562543,96,69,96.47196215553068
15945,929.2275534610868,158887.33472535154,75342.98505740763,76635.840922937,906.6954895173549,303.7346637293522,186.4946346306533,591.8922421274183,-5.425365423595264e-05,-0.255771962439544,96,69,96.47563228928487
15946,929.2442264137196,158932.81440603547,75348.84269008679,76622.22595849584,872.5287540911231,294.7162082928262,181.79790091494215,561.6255585296603,2.9432435639415525e-05,-0.2624352618691228,96,69,96.47930559356332
15947,929.2469373261716,158944.63072131673,75339.99180357091,76682.11380484016,843.3961985175847,287.25005723675713,175.23214811991784,541.331518762745,6.754163994088904e-06,-0.2484687196672623,96,69,96.4829818964996
15948,929.2645618912584,158937.98274563756,75339.05840098031,76659.2459125446,811.3905199804576,278.4749368479679,167.093621380307,506.32755089507555,-4.032692861425327e-05,-0.2550666893343295,96,69,96.4866610260001
15949,929.2674635639128,158990.33824035476,75362.91785387979,76654.3001221118,780.5990982531221,270.1387280792842,159.03347969119204,481.599401482119,5.831818299393746e-05,-0.2602064662502172,96,69,96.49034280975182
15950,929.2841186319888,159043.99582761756,75351.5510276365,76657.39767021537,743.6185046129976,259.3184374538978,151.60200797914877,444.0705499323085,-5.378063213483044e-05,-0.2507737133937699,96,69,96.49402707523066
15951,929.2869060501775,159032.01380472165,75351.24051733871,76653.24681689694,707.6625346130459,248.67141908138,146.2354616538505,417.724850402039,2.847004842119064e-05,-0.2585680362544493,96,69,96.49771364970918
15952,929.3045358821064,159072.50896447618,75334.99223917529,76655.11646699494,666.4688912603306,235.41999310317624,141.9225985086814,379.2692453856871,7.834110499923857e-06,-0.2790024984911997,96,69,96.50140236026483
15953,929.3073673493928,159037.02159322455,75365.774107815,76653.7350539852,629.5547409426654,223.07558362174314,138.78601897976478,353.5960205424635,-4.1107269948325816e-05,-0.2904244281878104,96,69,96.50509303378767
15954,929.3240158876616,159110.59340002312,75349.33771973578,76638.05852133429,587.9925645445473,207.93109834699135,134.03222767013358,316.47797249499126,5.849753939512954e-05,-0.2750910859002732,96,69,96.50878549698857
15955,929.3268804270028,159161.24662099895,75351.9263375384,76676.77920000625,548.3208776355023,192.64158114261227,127.11943059862824,290.13102859442006,-5.3289805761935416e-05,-0.2705191213368789,96,69,96.51247957640749
15956,929.344504673205,159164.42009699618,75325.1082752011,76649.35822366404,496.5497283716104,171.81166854256298,114.97186131260241,249.7082767363172,2.7498720858755137e-05,-0.2774023602581791,96,69,96.51617509842104
15957,929.3472656304768,159164.44441498184,75374.28017536238,76647.93288111484,438.8031122762477,148.29556418296124,98.4923355585197,218.9657870933006,8.910681319241145e-06,-0.2645933726562565,96,69,96.51987188925128
15958,929.363918981978,159212.27716264647,75365.4784738075,76667.50562217427,360.88729003822664,116.98588111356366,76.23978974521742,173.56010267775855,-4.187322509389706e-05,-0.2409296391864225,96,69,96.52356977497304
15959,929.366859663267,159270.41441727726,75356.70759281768,76656.30355882818,274.7618384687812,83.5506806550402,52.009752555255545,137.1870180372207,5.8657057354028425e-05,-0.2186186771869533,96,69,96.52726858152242
15960,929.3844674453286,159266.96634828355,75363.64769639261,76680.24414141195,174.69861503870925,46.69111822558625,27.13209341801121,88.06879835939617,-5.278135249156743e-05,-0.2408470509968026,96,69,96.53096813470458
15961,929.3871593385824,159314.30330162178,75361.41173827037,76633.80848486297,87.14202352100983,18.023514561355114,8.814384822093416,54.150586716627004,2.651878653555191e-05,-0.2545903383090449,96,69,96.5346682602027
15962,929.4038285884463,159345.83325737293,75343.75628613996,76655.86315623332,17.11320786573924,-0.0,-0.0,15.52331853171927,9.983515332512127e-06,-0.2372008555013497,96,69,96.53836878358464
15963,929.4068428522702,159358.3485048086,75358.97048696362,76684.41742270255,-0.0,6.383463085949188,8.330171878100373,-0.0,-4.262454510184096e-05,-0.2481451444134532,96,69,96.54206953031252
15964,929.4244235169958,159356.0230589054,75366.62202871079,76676.19512533827,41.14662693190621,37.50905119055824,34.36466928670416,-11.85451294091763,5.879669638067563e-05,-0.2447415729974601,96,69,96.54577032574996
15965,929.4270495099154,159328.4614471617,75361.91224890629,76648.32767676047,170.27888855425408,102.43809517139744,81.82550072512822,7.730381840781774,-5.22554559256152e-05,-0.2279958446726843,96,69,96.54947099517032
15966,929.443745229401,159302.02592295076,75351.58997015424,76637.36054764157,373.69783919892507,192.05082537524868,144.67595811098,35.498181703238515,2.5530581896389486e-05,-0.2259094965927969,96,69,96.55317136376524
15967,929.4468290036696,159224.3679755452,75350.42406488593,76665.86535348931,657.9037969108904,305.65965243398387,220.34389423634275,93.70762100431602,1.105225363222659e-05,-0.21279375565848,96,69,96.5568712566524
15968,929.4643723495344,159145.9553615494,75375.98020662155,76655.55363271385,984.1725606114487,425.3839772424253,297.59670043201186,155.58384977569222,-4.336098674764931e-05,-0.1953791973005487,96,69,96.56057049888372
15969,929.4669372740152,159075.90568282708,75357.6372607151,76647.84226491561,1342.0719222563202,546.5616427468776,372.2560500235995,241.20390161473188,5.891642318592914e-05,-0.1808680498919262,96,69,96.56426891545374
15970,929.4836692498806,158978.22168666386,75363.6800725603,76629.01817327357,1681.0425078092376,650.2746122662211,433.71674833336147,320.4933563224622,-5.1712305354082496e-05,-0.1762086775250592,96,69,96.56796633130742
15971,929.4868170831168,158862.41968230126,75330.3771650712,76649.72891337663,1991.6266559014912,735.9558622579643,481.6070239171968,411.4113853590097,2.453444584780572e-05,-0.1140606208697505,96,69,96.57166257134875
15972,929.5043135384278,158773.64581919217,75325.93191107726,76686.0461049112,2233.5625440396834,791.6156508147978,510.32563084817957,485.7862993545423,1.2116538130043732e-05,0.1090210576111499,96,69,96.57535746044834
15973,929.5068238539308,158721.565496637,75331.64608786003,76619.25454701565,2416.6087145571946,825.6215214643889,525.1689275090757,565.1206825052504,-4.408231171144334e-05,0.3101059706037847,96,69,96.57905082345232
15974,929.5236007774936,158653.04886389905,75304.70907244842,76674.79037598173,2517.7491141176433,832.3285832171678,524.1430576338898,623.1399928817118,5.901621081783327e-05,-0.0362583873548195,96,69,96.58274248518973
15975,929.5268060766332,158578.53463734733,75309.6432162394,76679.70820937287,2564.4221019437537,825.0843014597776,515.1161244733958,683.11817835705,-5.115209567282831e-05,-0.4467658222629637,96,69,96.58643227048115
15976,929.5442467700194,158480.11839727414,75338.11699983042,76638.37699302826,2547.485854749102,800.8982356158522,497.12518169070245,722.4756756782008,2.353071972789174e-05,-0.1893914441305713,96,69,96.59012000414708
15977,929.5467106065944,158486.91530102462,75293.53751572195,76625.75257655981,2504.8686195792397,774.5034609300492,478.4492618365621,767.1729313443357,1.3176013219147132e-05,-0.100006244293094,96,69,96.59380551101547
15978,929.5635396298976,158452.02824945535,75314.32822545615,76639.91485909565,2428.3226615369204,741.2762092314806,456.80871228070464,794.0266845957085,-4.47882873414585e-05,-0.1340622301816749,96,69,96.59748861593044
15979,929.5667951331787,158419.37244646254,75345.42796559221,76632.59700012338,2354.037151761295,714.3053758261522,439.2451149620174,827.6803911009629,5.9096039221491016e-05,-0.0935311858783629,96,69,96.60116914376026
15980,929.5841716667908,158353.9581254603,75315.67721257683,76634.32662214676,2269.703629264084,687.2247687900817,422.1204494224803,845.6571860575932,-5.057502736666588e-05,-0.1206755648979812,96,69,96.60484691940545
15981,929.5865992147884,158306.37605855032,75326.25087499409,76657.05191885494,2207.3390196399414,671.6123455344059,411.44036583264824,872.7444489238842,2.251974711424669e-05,-0.0720522968985784,96,69,96.60852176780728
15982,929.603485006513,158308.77784882617,75326.40972326465,76663.55364380758,2146.3198876054375,657.7760219877091,401.659703958896,884.8044048875454,1.4230324854838804e-05,-0.06093792105369,96,69,96.6121935139552
15983,929.606784031597,158293.14069611084,75314.1276975825,76628.573701363,2112.730974789767,654.5878632269887,397.551712067856,905.8168112949061,-4.547868550701976e-05,-0.050410469890646,96,69,96.61586198289626
15984,929.6240871383568,158259.03038433116,75349.68176532036,76619.24524871228,2081.436885714822,650.2256521510863,392.7661634514807,913.5315596844885,5.9155895185876746e-05,-0.0318649925996884,96,69,96.61952699974212
15985,929.6264926441522,158258.34689295304,75316.81905328004,76655.17562298744,2074.7613669752027,652.2025207721017,391.79258615581784,932.6556074640248,-4.9981306643947046e-05,-0.0237260726591447,96,69,96.62318838967754
15986,929.6434339446156,158236.31412347747,75325.33110798859,76659.40061488393,2060.645986358344,646.9386763949442,387.54310122461175,939.2402915238636,2.1501873970172643e-05,0.0007358692973294,96,69,96.62684597796904
15987,929.646775753457,158186.88380052045,75318.02266567432,76665.4797292265,2058.081581724109,642.3275185396924,384.79767621002975,956.4687123455806,1.5279120894201694e-05,0.0035072837012385,96,69,96.63049958997242
15988,929.6639869180356,158169.00758640567,75359.82964242589,76663.61665735747,2035.6831939184922,627.0351903963165,377.537712502206,961.0941030999529,-4.6153284251468815e-05,-0.0004718152629311,96,69,96.63414905114138
15989,929.6664036371254,158205.91578602308,75306.02009205897,76631.34072518739,2016.0454137988854,611.9483411801193,371.9677250123641,975.7628080070717,5.919577207104896e-05,0.0209722428278311,96,69,96.63779418703544
15990,929.6833625964628,158163.89750397613,75316.62523611935,76647.58653265615,1970.9111147151561,587.7041988761775,362.7398059995321,975.6226426702924,-4.9371144966103065e-05,0.0267778397159875,96,69,96.6414348233281
15991,929.686831364624,158093.15724204126,75327.55682666533,76650.77411149534,1929.381286997639,567.4229600514082,356.81048989019473,983.1666400929389,2.047744845627644e-05,0.034275532228842,96,69,96.64507078581522
15992,929.7031679725028,158141.71961282706,75342.46173915028,76640.54170762154,1871.867423967924,543.9801972217974,349.43602699573967,977.2223833436437,1.6322051576529056e-05,0.0518975018480037,96,69,96.6487019004227
15993,929.7061307590616,158131.8639940601,75317.11602179345,76625.31643731383,1830.1610655845725,529.8456461707392,346.6633050283126,980.1598688054946,-4.681186679970872e-05,0.0665973513870636,96,69,96.6523279932154
15994,929.7234391858044,158157.63107715704,75318.99816803198,76645.35797070425,1784.0141151713324,515.9576365326211,342.36092604423175,971.1305363105494,5.9215669967761134e-05,0.0742543752975707,96,69,96.65594889040436
15995,929.7266909081792,158127.3700285493,75315.79313944087,76644.54850902855,1765.398835418804,513.5749216022523,342.1644247252261,974.5114804854093,-4.8744759630113457e-05,0.1013074199493205,96,69,96.65956441835576
15996,929.7430954835032,158101.5497749094,75332.44402956455,76650.40364336314,1749.6982318681548,511.42970392918505,339.4156727163936,969.5791084947705,1.944682012176637e-05,0.1136583501978057,96,69,96.66317440359846
15997,929.7460646367878,158098.023527978,75337.98543142444,76628.82785291268,1761.3574610186042,518.167960656021,339.31305656261975,977.8558630283515,1.735876883964314e-05,0.1117533664683134,96,69,96.66677867283224
15998,929.7634385653358,158096.94902080833,75323.69313758773,76646.79537075975,1769.0042205354548,521.0446471829491,335.29887123481603,976.7129646234098,-4.745422209900221e-05,0.1081450118969308,96,69,96.67037705293612
15999,929.7665853618856,158074.72148728094,75321.25736749219,76661.44705718114,1794.4584801956662,529.250128296786,333.5710744643875,987.4619611005764,5.9215595931391726e-05,0.0961916459584809,96,69,96.67396937097658
16000,929.782999001082,158058.09982233983,75338.21246260752,76665.55314496794,1803.9091576428036,530.670977853777,328.16727066610474,986.7844268602203,-4.8102372513341145e-05,0.0622173655341842,96,69,96.67755545421498
16001,929.786025712075,158075.34180498417,75322.51020064899,76647.28712516978,1817.0829252357362,534.6352601504477,325.2756808260456,993.6880154217652,1.841034140403833e-05,0.03028746680075,96,69,96.6811351301164
16002,929.8034169859644,158060.7226842335,75319.4393471077,76685.44181552989,1802.088647804223,529.8154869426508,318.9819610195409,985.0313477586315,1.8388927606605417e-05,-0.0178495912534581,96,69,96.6847082263572
16003,929.8064876994644,158042.31088652255,75336.20910103296,76662.45159073544,1784.6862763861427,526.7947391815396,315.68827327666804,981.8953765231126,-4.808014419325122e-05,-0.0433758732036014,96,69,96.68827457083373
16004,929.8228947980284,158054.2776930844,75288.27948107815,76647.63599157821,1738.0835175015382,514.4734349685168,308.9955271173094,962.7951557582128,5.9195563621220514e-05,-0.048903850742547,96,69,96.69183399166936
16005,929.8260045188288,158050.27872195296,75305.87271237637,76676.8193840942,1690.7128699986497,502.64329079819436,304.28871639911085,948.6683482456137,-4.744421151305904e-05,-0.0637900984314504,96,69,96.69538631722357
16006,929.8433781714294,158125.36970076666,75322.2165568973,76650.40617446146,1619.5546298146364,480.69458803650923,294.93161528138444,919.979673069407,1.7368365067956422e-05,-0.0644761012957246,96,69,96.6989313760995
16007,929.8463971458062,158102.2171056295,75335.36096041436,76689.54388285604,1556.4747222847072,459.940147129455,286.8860950131202,899.9863232641364,1.941218457674675e-05,-0.0587697768808922,96,69,96.70246899715193
16008,929.8627825299008,158134.28448529865,75334.7117054729,76628.30505021803,1478.150163944927,431.0075681713206,274.1401958174247,869.7147997371503,-4.868943380397344e-05,-0.0656982407321848,96,69,96.70599900949549
16009,929.8660043244124,158109.31383846415,75319.2906863956,76679.3705170264,1412.5081794136204,405.35789024227415,262.9724985411449,850.1969937252579,5.915559315968635e-05,-0.0740097693250977,96,69,96.70952124251254
16010,929.8833135485218,158173.87634391102,75324.49175782313,76667.61699650498,1334.9025874723447,374.4074840208341,248.21240674486035,822.015077145159,-4.677050915146131e-05,-0.0524564149214868,96,69,96.7130355258614
16011,929.886327829296,158170.70601585094,75319.2841365539,76662.22593528275,1273.1377159574768,349.8013113087509,236.66718533312087,805.7142624054977,1.6321247015380598e-05,-0.0501480257124173,96,69,96.71654168948378
16012,929.902640431942,158213.76398858053,75320.99913672995,76650.46949213088,1201.678605666093,322.00878816188197,222.79129541906877,780.4203129051602,2.0428199714323304e-05,-0.0584320273540494,96,69,96.72003956361335
16013,929.9060651440764,158187.14139775146,75344.6315494988,76649.264532642,1145.5247446572757,300.5225171644561,212.07655275362777,763.6623677924799,-4.928189641856644e-05,-0.0443372846725979,96,69,96.72352897878368
16014,929.9231336689496,158212.9770853876,75311.11044612982,76655.2881487768,1080.29361482081,275.5865179540706,198.557015365368,735.218633198936,5.909571188734248e-05,-0.0434819841414238,96,69,96.72700976583576
16015,929.9266094612876,158239.09363519945,75346.01263414715,76664.91709541433,1031.0222387790564,256.72289204612025,187.4621021829662,713.5051253263373,-4.6081503553724944e-05,-0.0433653430593557,96,69,96.7304817559259
16016,929.943152056302,158240.66837679868,75338.45817984296,76654.51066649544,972.8426362865139,234.88514291573665,173.05111501427018,679.901713745232,1.5269343431639117e-05,-0.0362134634476964,96,69,96.73394478053444
16017,929.9458710264132,158283.13710967038,75315.308468814,76649.61888423437,929.0746761372429,220.0479878893966,160.9041446695628,654.0060333714064,2.143663510898917e-05,-0.0400142605926129,96,69,96.73739867147265
16018,929.9631846623068,158309.62811707606,75322.47223046767,76647.33741993166,873.2302575817448,203.4305852281832,145.74998800444882,617.9790248026839,-4.9857343696469214e-05,-0.04251845204618,96,69,96.74084326089132
16019,929.9665036287738,158341.0665546497,75312.73012919092,76647.7911797343,829.6180438010488,195.24300206745102,133.91647950795596,592.935925788217,5.901595345879426e-05,-0.0359009017265068,96,69,96.7442783812884
16020,929.9830621432668,158369.40321785928,75305.82563897784,76638.34261109565,774.0850199380657,186.49063934697188,120.73021555735613,561.8066314449825,-4.537743715437137e-05,-0.0417262959061764,96,69,96.74770386551664
16021,929.9857975295232,158360.67653989204,75335.46676038131,76651.0988809979,730.0751637456706,185.05568633819348,111.88389501560596,542.908083223505,1.4213012676385318e-05,-0.0519286444456564,96,69,96.7511195467919
16022,930.0031826122232,158412.79169203676,75311.89607970096,76666.51954073142,674.3970364687266,180.3438471708214,102.20460266133887,516.9580166152737,2.2437155955623367e-05,-0.0436147995514586,96,69,96.75452525870048
16023,930.006420860242,158376.60441184754,75316.10731226025,76639.11027757589,632.3402161230915,179.53269993976573,97.00960182817653,501.4330462696962,-5.041559317745683e-05,-0.0434866800430373,96,69,96.75792083520726
16024,930.0229531622734,158363.7867092911,75316.88360365674,76653.22318755259,582.8235334941419,172.8431461694854,91.09147112959181,477.47213404622744,5.891635848699253e-05,-0.0506845577924069,96,69,96.7613061106634
16025,930.0257464141844,158447.08086625775,75292.48816180005,76654.96247603075,548.6421566207428,167.73899440390232,89.04389612693922,461.4339232513739,-4.4658558046416746e-05,-0.0608789673175077,96,69,96.76468091981428
16026,930.0431671042268,158439.85215851542,75310.5260665265,76646.78648068578,508.05878991942154,156.40958009108726,85.7032959809585,435.4755253616022,1.3152613813211403e-05,-0.0896953248632788,96,69,96.76804509780668
16027,930.0463400892668,158465.79951867383,75290.71499885795,76660.19996509062,483.43374338629656,148.24367917032214,85.78044638564461,417.7988574143965,2.342943003735402e-05,-0.1070212848884193,96,69,96.77139848019704
16028,930.062838654964,158492.68787251535,75333.15991466564,76636.38350692586,453.5228830741835,137.17692564163008,84.34355239983415,392.10667140150326,-5.09564685066892e-05,-0.0943542055738213,96,69,96.77474090295932
16029,930.0657097373085,158494.5557319667,75298.97936042472,76623.63458928479,437.4767513582483,131.70511286998226,85.25222739513265,374.8804068817408,5.879697416899422e-05,-0.1166810953119932,96,69,96.77807220249208
16030,930.0831417241632,158504.43072851197,75323.48403447513,76612.85050543214,414.17166436015395,125.14494167365774,83.44709970694385,349.34924393275287,-4.39251186513674e-05,-0.1387523240581509,96,69,96.78139221562664
16031,930.0862590056267,158494.23968132926,75318.30970136875,76643.73430531446,403.07161756884307,124.4693180184695,82.79805696199764,332.02426882539294,1.2088507128743443e-05,-0.1194057648848209,96,69,96.78470077963472
16032,930.102720978642,158542.26083977256,75296.55018092698,76642.76836612547,384.7519889684627,122.01106758732931,78.98637431015959,306.8002575841092,2.4413128616565452e-05,-0.1255704020264852,96,69,96.7879977322358
16033,930.105686895937,158544.36193157884,75329.67093712896,76667.97117518733,376.86393513029907,122.75056494738965,76.13900718084187,289.07131643407047,-5.147979913362653e-05,-0.1201311734891849,96,69,96.79128291160475
16034,930.1231044354156,158573.082692148,75344.51316482466,76650.29820487989,361.93566464754986,119.425963045549,71.20484587957617,263.95497278898256,5.865785419136581e-05,-0.106915459767826,96,69,96.79455615637998
16035,930.1261803632336,158575.70787696168,75329.12736387255,76639.55724298568,358.6251678725239,117.71037819911726,69.01031250832602,248.03249308568775,-4.317737619882156e-05,-0.115876538396131,96,69,96.79781730567034
16036,930.142597565836,158602.65920420812,75325.40078690147,76636.00766085103,350.98019617277896,112.07521560887108,66.8237967834284,227.01203874137718,1.1021054290105728e-05,-0.1139385565954548,96,69,96.8010661990628
16037,930.1456825954884,158605.73614610592,75338.23070370809,76640.26691335421,354.03015596512705,108.10257562481274,67.98115706714452,214.86645180376945,2.5387925599876312e-05,-0.1059040819802034,96,69,96.80430267663029
16038,930.1630463531512,158655.97791031198,75321.99592600272,76654.91492712496,350.50886508252006,101.03935636409733,68.51670196602936,196.1923631367681,-5.198542036050144e-05,-0.1076258967808779,96,69,96.8075265789392
16039,930.1661168807254,158619.803099311,75340.16609224664,76648.82228754106,351.4369621685473,95.53713207175315,69.9590538359771,183.55717768747127,5.849905882147893e-05,-0.1089483231592955,96,69,96.81073774705628
16040,930.1824503248818,158618.0645761855,75343.02362114724,76654.45624704758,337.22101906803437,86.20995688163384,67.52490947968909,161.05915099196136,-4.241559277565153e-05,-0.1124358479518227,96,69,96.81393602255696
16041,930.185728803859,158662.67492788238,75322.30400410644,76639.10363190569,314.6313481925172,75.69852478346729,62.12051631647046,140.03073881586897,9.950617648998171e-06,-0.0992569064356824,96,69,96.81712124753209
16042,930.2028997220513,158673.84860743713,75343.44439496748,76645.49762074895,267.61011328641325,59.37096235547506,50.703726927225944,107.4944979159045,2.635349833520697e-05,-0.0872448273095242,96,69,96.8202932645956
16043,930.2062840060815,158706.40868440724,75345.96826626286,76659.79384183645,208.38040279550478,41.165450487300404,36.46801431837957,78.15408555613249,-5.247317407451925e-05,-0.0744700340511524,96,69,96.82345191689186
16044,930.223035516,158763.35154517728,75318.05999095282,76645.94987163905,132.54911848215852,20.618807859063963,19.899927024060162,43.19112833542749,5.832065536171496e-05,-0.0862248358073412,96,69,96.82659704810322
16045,930.2255675652052,158781.43115850448,75330.83495212797,76654.23533118775,63.37098798126681,5.525805524972384,6.813551538012689,19.64547232782934,-4.164003486829993e-05,-0.1015904763956023,96,69,96.82972850245748
16046,930.2429221635384,158759.21661388857,75350.06415707771,76664.49487866597,9.262455865507945,-0.0,-0.0,-0.0,8.877560013935547e-06,-0.0911506392627208,96,69,96.83284612473416
16047,930.2462087016306,158779.39601297004,75335.16154477425,76657.24153271542,-0.0,12.996085893464624,5.348548039444722,0.8250428884930443,2.7309527530979886e-05,-0.1101069513044516,96,69,96.83594976027317
16048,930.2629297765844,158769.82968306707,75361.83461491935,76669.27039059399,46.23802458320279,47.597906305411016,24.618258263217285,13.683366447687149,-5.2942907645980126e-05,-0.1196509858193441,96,69,96.8390392549814
16049,930.2654965754188,158710.07064180824,75350.6700182637,76674.9951399999,166.78868428443093,106.31128233515483,59.92775688596885,50.61379859861336,5.812271726479694e-05,-0.1096194688092405,96,69,96.84211445533994
16050,930.2829102883524,158660.645261577,75358.75226274942,76656.84939815679,356.78914619173156,184.8502584900998,109.0074125083047,99.42172117091832,-4.085097354601365e-05,-0.1101144605607708,96,69,96.84517520841126
16051,930.2861452382213,158593.36937090938,75325.55106213261,76659.76772386895,612.3449645556975,276.8289666911005,168.9916796264588,168.4771219791728,7.802245214740438e-06,-0.1127247223570006,96,69,96.84822136184653
16052,930.3028113158084,158536.78784391715,75351.232551667,76666.46548686428,909.1816822975525,372.64987734191527,234.15380702208495,243.93424095673254,2.8255697307024923e-05,-0.1007311030251161,96,69,96.85125276389302
16053,930.3054422478422,158402.82835335447,75328.40590237356,76666.9351331912,1225.237232479907,462.9519551668054,298.823460119369,331.41995585881523,-5.339447533613692e-05,-0.0991000881645613,96,69,96.85426926340052
16054,930.3228910814342,158315.81748711193,75360.89297600789,76656.01588085633,1529.902169717243,540.6617646506784,357.1934342541499,416.99204591853777,5.7905324513010026e-05,-0.1065110967899494,96,69,96.85727070982908
16055,930.326079791728,158251.15561811416,75329.36514037802,76660.04330827651,1801.6781069998979,600.567232496207,404.5299079447868,506.9217473923054,-4.004868396310027e-05,-0.0435908473504695,96,69,96.86025695325606
16056,930.3426888279466,158176.42354738744,75353.2687149566,76640.16579715317,2021.6616977330414,642.2717798848025,438.00601573384483,589.5216213617823,6.7250375229628295e-06,0.1621723497171457,96,69,96.86322784438254
16057,930.3454002820188,158033.23085174905,75343.75469158715,76645.84756535389,2181.997043291747,665.5454022937774,455.9132891241752,671.3427801048674,2.9191695185417023e-05,0.3787300326736796,96,69,96.86618323454096
16058,930.3628655555708,158040.3095469137,75304.81854542432,76644.23443085661,2281.8296810256434,674.6576227113255,459.5099420862971,742.2323081371433,-5.382773708999374e-05,0.0764839804174817,96,69,96.86912297570208
16059,930.3660117860492,157926.83421494806,75340.25274410869,76657.10717627202,2326.5121800358756,670.7387491834525,450.3271701292542,809.5743005242548,5.7668564147934135e-05,-0.4124579525034782,96,69,96.87204692048157
16060,930.3825631202748,157877.0281440197,75282.9460292268,76657.31812183947,2327.0487267448916,659.1644255571155,433.09390729042934,864.8164796077472,-3.923344583961835e-05,-0.2094721930373989,96,69,96.874954922147
16061,930.3853717553412,157803.24052298188,75317.14861125701,76648.98682669761,2293.553134889633,640.4653861147381,411.3042266883713,915.2278038048244,5.646301123505092e-06,-0.0758085963449446,96,69,96.877846834625
16062,930.4028300985588,157747.96550129863,75289.91635805908,76651.71735461146,2240.868276419351,620.3904265150923,390.90273600126966,954.0246423536446,3.0117212681726688e-05,-0.1456648796719494,96,69,96.88072251250784
16063,930.4059455477064,157750.7613933876,75294.91401283605,76653.82513621493,2177.5745770562207,598.5220593170961,374.1169339273474,989.9973524041707,-5.424255934379696e-05,-0.0812608001173544,96,69,96.88358181106052
16064,930.42242913747,157720.54146821564,75324.14031160042,76668.24747116973,2117.791849244153,580.7364172553062,364.64315306628123,1018.5447680793295,5.741252864275952e-05,-0.0869667561093973,96,69,96.88642458622736
16065,930.4253661681709,157655.0303825411,75325.38167740585,76669.2513339118,2065.6241161189973,565.5187228049908,360.89028251334094,1048.2266820556542,-3.8405543226330376e-05,-0.0699178640309326,96,69,96.88925069463885
16066,930.4427655064528,157661.61896358195,75284.85742477998,76673.37279652116,2031.2389758492354,557.7741186074563,363.07595618919004,1074.575258562807,4.56640135144796e-06,-0.0574340757255398,96,69,96.89205999361812
16067,930.445927203374,157633.43303425566,75308.95989818106,76707.59451611889,2010.305073142983,553.0222327942174,366.24772010583547,1104.4025614447892,3.1031944631087695e-05,-0.0634310811941623,96,69,96.89485234118814
16068,930.4630753475818,157585.9148898779,75336.089523709,76645.33613019846,2006.2049042249564,554.2536436287774,369.6043507827271,1131.343634405057,-5.463881486217449e-05,-0.0522979806837449,96,69,96.89762759607812
16069,930.4653193600706,157573.0762270418,75302.87514948305,76670.82106254977,2005.8418870480382,554.4615771961107,368.4388175121567,1159.2523692836694,5.7137318361691486e-05,-0.0413245256546752,96,69,96.90038561772984
16070,930.4827159368244,157513.73629154812,75304.37450192025,76661.25258397213,2008.8913452987908,556.5102169946767,364.41630588061525,1180.3924475845706,-3.7565263709961424e-05,-0.0385888725600404,96,69,96.90312626630484
16071,930.4859111081272,157502.77306375562,75304.98940747947,76682.23262479847,1999.5165373899508,553.2648291718651,355.18648605659837,1198.0156642243965,3.48570304867654e-06,-0.0281156521984069,96,69,96.90584940269058
16072,930.5029446537972,157505.21307873575,75314.50408262893,76648.90515108725,1980.6567941170651,549.208349691442,344.838333205611,1206.5761008529807,3.193559002596761e-05,-0.0326511448840573,96,69,96.9085548885069
16073,930.5052530432548,157479.93491127933,75342.11647726655,76643.73363597324,1942.0186415699427,539.0103458751983,332.2096904250211,1211.0435980000766,-5.501638267328771e-05,-0.0161234845892135,96,69,96.911242586113
16074,930.5226836230836,157516.63178005602,75317.42442503314,76665.14175674814,1896.5109574759845,529.9696836820804,322.03621714698966,1208.6675205394276,5.684303859329712e-05,-0.0008295050826053,96,69,96.91391235861344
16075,930.5258785885106,157516.8853753469,75329.5984753108,76656.26829454725,1840.6091450386448,517.5593214201799,312.11817726673326,1205.7565154419863,-3.671289929510367e-05,-0.0067642459320725,96,69,96.91656406986456
16076,930.5428179957864,157552.06726345723,75313.17538672136,76641.46314422225,1792.8446682270733,509.51196909771534,306.06282983877463,1200.6713670157478,2.4045712782119065e-06,-0.0018376557741706,96,69,96.91919758448137
16077,930.5451888064412,157476.67857234384,75306.56782885942,76672.23943385789,1750.3764278627932,500.72073897779046,300.5290304812952,1198.2112777174043,3.282785172205885e-05,0.0162552971112332,96,69,96.92181276784322
16078,930.5626576448092,157503.53233190664,75325.39067716709,76661.99045898032,1730.4617496066494,498.75365273596253,299.01499235467054,1195.5179797550663,-5.5375148400936265e-05,0.0273137157311792,96,69,96.92440948610044
16079,930.5658353436438,157507.65001421043,75337.87501089046,76693.60476727056,1723.1352024957305,496.82404540712014,297.8452917174436,1195.5414694941137,5.652980194102898e-05,0.0419362196816275,96,69,96.92698760618109
16080,930.582692262901,157488.04885916517,75334.44033259562,76672.36942160207,1738.5965788250905,501.44732250452216,300.7314458217006,1195.1563713732176,-3.584874572873e-05,0.0443482984420715,96,69,96.92954699579612
16081,930.5851300864938,157520.06636554835,75362.71948571959,76669.94924356412,1759.8540481234086,505.0531635972293,304.0104946413485,1196.536578556901,1.3233707820264088e-06,0.0535485995158179,96,69,96.93208752344664
16082,930.602634419304,157521.64058910427,75337.69852984532,76668.89920353763,1793.7624503543484,514.3542795071407,311.3871719863382,1197.1676626866974,3.3708436396643976e-05,0.0725673779205546,96,69,96.93460905842969
16083,930.6057831371536,157504.25055291443,75346.45543089948,76669.88682905442,1819.900994541531,520.8217820941063,318.03796171280555,1199.0682927143644,-5.571500381312608e-05,0.0663416665813789,96,69,96.93711147084367
16084,930.6225669710668,157501.0884784037,75332.87862755301,76663.47485142821,1845.7923999293707,530.8104424121848,326.69532923126826,1200.1365901582467,5.619772698672261e-05,0.0373686201543386,96,69,96.939594631596
16085,930.6250783908048,157496.00393897673,75331.27859263713,76666.62096636255,1853.8700281583588,535.6930252700986,331.9175004712888,1201.383882234688,-3.497310246123188e-05,0.0247810864690692,96,69,96.94205841240746
16086,930.6426115980092,157514.23630733907,75323.87815307046,76631.23704681032,1857.0752560517867,542.3250261209469,336.68675582882133,1200.4862872169178,2.424665950606992e-07,-0.0210615638676252,96,69,96.94450268581974
16087,930.6457229549316,157501.1724780083,75331.46603987922,76636.84303415485,1840.6181041112286,541.5102126101847,335.73958572151605,1197.5721472131263,3.457705540940913e-05,-0.0536888450231055,96,69,96.94692732520016
16088,930.662442421724,157515.4957268246,75336.75807063145,76651.26562058044,1820.556380325288,540.3870845295169,333.0370919787965,1190.6767274344747,-5.603584702648499e-05,-0.0541273176381739,96,69,96.9493322047482
16089,930.66503434691,157507.8205225678,75310.86327523823,76657.40083099433,1784.0192436880316,530.7533277048788,324.6563449591922,1179.9230002087133,5.584693877683016e-05,-0.0668222505472291,96,69,96.95171719950166
16090,930.6825875958864,157534.1097354129,75310.26537111257,76660.36257969016,1748.4184438345837,521.2298333231593,315.9290548611607,1164.724258812901,-3.408627284217704e-05,-0.0781735816724546,96,69,96.95408218534196
16091,930.6856549411756,157566.61413358737,75338.31595204711,76638.11608199222,1698.8662549783476,503.91245057224296,303.23894483433105,1145.9696320509538,-8.377772706891934e-07,-0.0706321163177902,96,69,96.95642703900003
16092,930.7023205583928,157578.54272782686,75317.2256728851,76658.1670721859,1652.0073113140534,488.07023211795604,292.0435196699691,1124.5224526331585,3.543342372387649e-05,-0.0636098690985192,96,69,96.95875163806276
16093,930.7049952039026,157599.0062442693,75349.17064882246,76683.10720999926,1593.2214299443294,466.5866540738498,278.64905236754566,1101.5280255415128,-5.6337583519448174e-05,-0.065536641798921,96,69,96.96105586097762
16094,930.7225682879956,157646.87066500605,75317.1484720794,76644.89027359476,1540.3360335833859,449.1559948033828,268.2162198838196,1078.3723632587644,5.5477568278619465e-05,-0.0561354396235061,96,69,96.96333958705944
16095,930.7255556596888,157643.33602583894,75314.73044413366,76656.22407084699,1477.8445325506618,427.66971413971623,256.1115395858942,1055.3604020896892,-3.3188563566143745e-05,-0.0524820692362062,96,69,96.96560269649544
16096,930.7429542412528,157659.4395251907,75339.17527320201,76634.04570369987,1424.4574642161606,411.49681464687455,247.18734697511536,1033.6254944768152,-1.916996788807778e-06,-0.0541818410298155,96,69,96.96784507035092
16097,930.745044724042,157679.7187511495,75341.47190635664,76675.9272788693,1364.1268359719543,391.79203472939844,236.4898894887301,1012.3829163912451,3.6277261122042525e-05,-0.0438923415374586,96,69,96.97006659057496
16098,930.762469662942,157713.87277837435,75322.54601627981,76658.47341897721,1316.306420156383,378.0719387563149,229.14094035272137,992.7225014079886,-5.66201241049728e-05,-0.0411306058536013,96,69,96.97226714000602
16099,930.7655735301944,157769.18278085004,75314.61727337078,76660.38373291939,1263.7844591346802,361.1662605177262,220.082991874835,973.1034673074028,5.508975275054281e-05,-0.0398063856415618,96,69,96.97444660237709
16100,930.7828118005476,157736.22191959634,75291.32657418566,76626.78230861892,1223.9450972214108,349.96690978830156,213.97956267886912,954.5289998804801,-3.228028486517056e-05,-0.0651641416525039,96,69,96.97660486232172
16101,930.7849817314652,157760.7205737079,75308.99194654898,76636.60960211542,1178.5622570393025,335.52155018335907,205.59084356212406,934.8030226868286,-2.99482870921192e-06,-0.0705003466611193,96,69,96.97874180537866
16102,930.802423465582,157805.04038805683,75314.44604322944,76649.65470293848,1145.4485355406068,327.47213062178344,199.75548050322686,915.228681865643,3.7108291474887e-05,-0.0716410244345664,96,69,96.9808573179979
16103,930.8055574064932,157816.80106296844,75316.5941551658,76652.08144729903,1105.2609023571713,316.6189401431038,191.14311941407504,893.156821761746,-5.688338671625388e-05,-0.0715014090827579,96,69,96.98295128754556
16104,930.8226836505728,157841.5360043839,75322.92186129054,76630.72956998402,1074.3627851087367,311.6080273556581,184.52544212443172,870.1666409901227,5.4683636120691134e-05,-0.0638310696712176,96,69,96.9850236023094
16105,930.8249120615748,157864.72418137745,75311.44473075873,76623.82466514791,1033.8213141964516,302.9332592005667,175.1798107031791,843.6036709636683,-3.1361750219497826e-05,-0.0802337301556769,96,69,96.98707415150412
16106,930.8423910527748,157912.76812645936,75326.48508129668,76631.77066782587,1001.8802888730424,299.4020509012189,168.7956608265231,816.0431154750404,-4.07091055303041e-06,-0.0642406468358499,96,69,96.98910282527594
16107,930.8455264120648,157904.85827307374,75304.11941131047,76611.81849065713,960.2063700889703,291.22679225041065,161.00928437002585,784.9847801284923,3.7926243435580005e-05,-0.0536070606855586,96,69,96.99110951470868
16108,930.862558750218,157972.11832481378,75344.54530597974,76638.82498840826,927.210185724718,286.8613750475488,157.29343032848556,753.6639797403768,-5.712729604299475e-05,-0.0671411437188665,96,69,96.99309411182816
16109,930.8648442997657,158003.96690068746,75299.26518984618,76648.26823490087,886.2698516662931,277.35319436108693,153.09191622550134,719.7889670661243,5.425936737669382e-05,-0.0618745372225219,96,69,96.9950565096075
16110,930.882365635274,158025.52942185293,75302.7407459314,76655.2583294085,857.3980542810168,272.07806463571615,153.2965422621346,687.3737906522001,-3.0433276718397702e-05,-0.0593356571520757,96,69,96.99699660197196
16111,930.8854843518492,158075.0776944144,75301.15006507146,76657.35901219823,823.088122194109,262.08132354055124,152.10956809524214,653.6847931672528,-5.144880558280086e-06,-0.0639808265778851,96,69,96.99891428380442
16112,930.9024349543408,158100.48836279748,75296.9007423008,76636.010017889,801.008919146494,256.1040908920113,153.0769647229754,622.5799852407363,3.873085001211854e-05,-0.0489373713461268,96,69,97.0008094509496
16113,930.9047813378012,158121.77979837885,75315.1112339888,76626.34423300978,772.7527438777033,245.53872242532088,150.1284250880708,590.8364416619588,-5.735178286458548e-05,-0.0572988164005208,96,69,97.0026820002192
16114,930.9223440592968,158161.709711781,75328.60168807895,76631.151940535,755.0274550600443,239.37691139079107,147.23141874477733,562.4759679128765,5.381710238505375e-05,-0.0890847151478084,96,69,97.00453182939698
16115,930.9254326114626,158202.6558800442,75301.98660045663,76656.84065862792,727.5260599448229,228.7655590879731,139.15465089163627,533.4289582925558,-2.9495184144577385e-05,-0.0716392908539665,96,69,97.00635883724328
16116,930.9423120429,158200.7317743632,75307.00475813927,76625.35590920053,705.4263357335003,222.20336254086578,131.02857870710432,507.3393994785438,-6.216377742338909e-06,-0.059289283138906,96,69,97.00816292349974
16117,930.9447244899771,158257.63514320445,75311.81185677132,76655.76612624881,670.1865428961464,211.56395536909986,119.46283984321053,479.5721202810528,3.9521849105270257e-05,-0.0694279935018153,96,69,97.00994398889412
16118,930.9623242202764,158288.5697061257,75302.43553173698,76652.68865232488,639.1587427652557,205.59656682630884,110.74346400867216,453.6877735154703,-5.755678515192152e-05,-0.0636777982519851,96,69,97.01170193514491
16119,930.965371893413,158328.1408534222,75316.70516117856,76631.4196874245,595.2436154315365,195.7240982145595,101.46782136528054,423.95135234785266,5.3357002597328376e-05,-0.0562581431217864,96,69,97.0134366649658
16120,930.9821905133034,158321.2391166575,75317.42099842578,76624.70574044579,556.4854878314654,189.6570978542004,96.74970474548172,393.58763942480437,-2.8547795445794264e-05,-0.0511209458278143,96,69,97.01514808207044
16121,930.9846743094764,158377.1611784266,75327.05782432214,76649.64281441207,507.8923477160861,178.83415719559707,91.93928159005009,357.0127744321071,-7.285042874641982e-06,-0.0439449183301553,96,69,97.0168360911766
16122,931.0023045210256,158412.25988524905,75320.20697460358,76621.95418515468,467.228473571653,170.3041066959704,90.32309148757486,318.68341998019605,4.029898325481242e-05,-0.0431269677998339,96,69,97.0185005980111
16123,931.0053025979342,158468.06954916584,75307.52284593931,76658.07185460364,417.05074676830554,154.65116472856607,85.57022316526854,273.77676787262317,-5.774224668756764e-05,-0.0537532973941177,96,69,97.02014150931372
16124,931.0220713315678,158509.92164658368,75340.77506842866,76611.62236209853,371.5201953224605,138.16080154319934,79.98521783729666,228.35790637179161,5.287923557207779e-05,-0.0516474281237494,96,69,97.02175873284196
16125,931.0246306643028,158574.7732092039,75319.17671219501,76645.82120180535,312.5260753375478,112.71687358441704,68.14375616481993,179.18549933936447,-2.7591436622662983e-05,-0.0604471072925482,96,69,97.02335217737512
16126,931.0422839814354,158630.38719552965,75306.41358436587,76654.21406759613,254.0190110449912,86.22453650958778,54.05636711360421,133.81774096391746,-8.350517104202675e-06,-0.0631060094960818,96,69,97.02492175271853
16127,931.045224536195,158664.4762643795,75332.63278431923,76676.23204737189,180.41292222612537,53.386853930293,34.91964394735987,89.03492242199718,4.106199984535465e-05,-0.0514576869989569,96,69,97.026467369708
16128,931.0619564810964,158696.12746916714,75313.56694045596,76637.07570662085,111.41933090932434,25.69879105038126,17.699891154275974,52.75009321435937,-5.790811880796504e-05,-0.0422784954571344,96,69,97.0279889402136
16129,931.06459170348,158699.86648040114,75317.01890361356,76652.92160361727,42.69607290165732,3.032064221872133,3.075282017904101,22.153025433421135,5.238397406492789e-05,-0.0225239005656526,96,69,97.02948637714417
16130,931.0822641081631,158749.699809603,75329.31305941158,76682.72749165849,4.2678748441976495,-0.0,-0.0,5.713006532023428,-2.6626436460720154e-05,-0.0379217642685069,96,69,97.03095959445128
16131,931.0851335425618,158768.1436842946,75337.55328961663,76623.09425667503,-0.0,17.160701233995496,9.503025465033716,-0.0,-9.412443385702178e-06,-0.0726283422654621,96,69,97.03240850713274
16132,931.1018556091984,158754.22567673295,75319.53738029671,76671.32458215371,62.29296907852404,65.90720097073063,38.559540603891946,13.016308640275383,4.1810651373711216e-05,-0.0713619639570561,96,69,97.03383303123756
16133,931.1045388108204,158717.34286357346,75325.5003738601,76640.07203456515,191.9529748299392,141.1972853227635,84.73183194352896,40.140593970689224,-5.805435879549961e-05,-0.0758418553590774,96,69,97.03523308386896
16134,931.1222943486384,158689.0878399553,75333.0022747504,76639.75764346242,407.49179490614915,245.2150372205797,149.3436649440264,87.28533856754075,5.187139795519151e-05,-0.0757102641192982,96,69,97.03660858318862
16135,931.1243088649718,158617.61239399586,75297.94356539742,76646.73394443822,688.6142397138756,363.3722484676982,223.8913614153571,145.93122874677647,-2.5653126220801904e-05,-0.0673698351732068,96,69,97.03795944842032
16136,931.1416068770606,158566.66605924533,75326.0713455238,76670.35944803373,1030.5265690613305,490.61679922410985,304.802146990085,219.5580182384292,-1.047046606565654e-05,-0.0626490702494542,96,69,97.0392855998543
16137,931.1446131198908,158470.7503036085,75299.89265196948,76652.11596534119,1393.1169769009575,609.5921537420072,381.2107294049929,297.3860647560796,4.254469492739584e-05,-0.0596846113647949,96,69,97.04058695884972
16138,931.162148026458,158370.23079904602,75315.15494033106,76643.38864076864,1756.6508251069463,715.606440328047,449.24033332715044,381.3854989424872,-5.818093096640619e-05,-0.058546546942042,96,69,97.0418634478399
16139,931.1642433479954,158305.20129555816,75314.14842471853,76646.9807358225,2079.0761071813176,796.5633861414099,500.91594860039186,460.80018709777505,5.1341691473324185e-05,-0.0432304205658127,96,69,97.04311499033456
16140,931.1815358100108,158244.75097750427,75310.53258872205,76651.47316004838,2349.318906286091,854.851421690706,536.8184752795787,539.7240443078626,-2.467183986697573e-05,-0.0400656321487571,96,69,97.04434151092438
16141,931.1846194077584,158187.88167933605,75279.2981470011,76637.93739090514,2543.150437675824,886.148831241575,554.2382144326111,609.5611429025012,-1.1524230984258716e-05,-0.0026100315737589,96,69,97.04554293528363
16142,931.2020310872964,158120.64506814463,75317.77697547815,76635.87078777043,2668.932923447399,898.1957853618806,557.9147913783381,676.1898491689644,4.326389349613177e-05,0.1919348298934326,96,69,97.04671919017454
16143,931.2041586103092,158058.55353498308,75328.83891315937,76632.29635358197,2722.864921778848,890.9358976186923,548.6397831325012,732.5094653078995,-5.828780602517663e-05,0.4101027423201905,96,69,97.04787020344982
16144,931.2214876958888,157975.32841794143,75325.98621292734,76626.72073386284,2728.4749189596623,873.9134835464065,533.0021030527132,786.1292913219368,5.079504521319701e-05,0.1185569231467426,96,69,97.04899590405677
16145,931.2246084515104,157973.1252945455,75292.08779470294,76629.0365532735,2691.278948375955,847.6792338024243,512.4383073080971,830.4731069809641,-2.3682914029576224e-05,-0.3570602317098618,96,69,97.05009622204008
16146,931.2419179711324,157931.15552894404,75289.22300263015,76614.06516245965,2636.0925461624865,820.5485752296954,492.57503261466627,873.0550476035278,-1.2573385635145102e-05,-0.1540016921259354,96,69,97.05117108854522
16147,931.2440712553284,157905.26695213397,75294.84230877279,76630.37765309593,2567.131310390774,792.3981372882699,473.70541115445667,907.4185967319063,4.39680143530896e-05,-0.0270522745477494,96,69,97.0522204358218
16148,931.2614514980272,157817.9008712615,75308.45297845658,76637.23981465123,2504.5946894282824,770.1794262958138,459.7828499015304,941.9384750095778,-5.837496170784718e-05,-0.1031981901879695,96,69,97.05324419722652
16149,931.2645865625584,157846.30484927332,75307.58623232057,76597.83544608038,2447.263318203215,752.321394606799,449.5240298244462,970.1754510127648,5.02316551282861e-05,-0.0459917629826908,96,69,97.05424230722632
16150,931.2818042655437,157803.2099596359,75298.64118934095,76649.67098236391,2407.7415151222376,743.021773989647,444.94679661479313,1000.0333578076097,-2.2686687243036336e-05,-0.0831742446970073,96,69,97.05521470140148
16151,931.2839860187406,157801.43139375848,75275.91925972202,76638.01417367146,2378.9568027612986,738.5068929820409,443.44794802580145,1024.7243178345088,-1.3617579419094314e-05,-0.0677236481780703,96,69,97.05616131644857
16152,931.3014233019724,157765.3179202585,75279.3889894358,76618.96067955179,2367.1653488915763,740.3540518829977,445.67094531594194,1052.0866613455582,4.465683044906819e-05,-0.047828503642255,96,69,97.05708209018329
16153,931.304555406114,157734.4681369354,75284.94923059363,76642.86903751512,2360.1397539532045,742.9843184416386,448.05195379818906,1074.1924940012977,-5.8442381959151015e-05,-0.0547812351085117,96,69,97.05797696154342
16154,931.3216889712198,157712.3752102815,75302.93072026635,76630.80513770961,2359.1449530770187,746.4564156253036,450.3803593200282,1097.5416975737899,4.965172298463316e-05,-0.0415068260295351,96,69,97.0588458705918
16155,931.3239051377008,157707.8771730681,75288.03603377301,76647.39277573199,2351.115332707588,745.7408604325319,449.3860343864071,1113.806987050426,-2.1683500789771216e-05,-0.0447175056469596,96,69,97.05968875851904
16156,931.341400830834,157679.72185403403,75278.4785327928,76633.41520481992,2338.543915888469,742.1252938198595,445.7011839404295,1130.1780910777743,-1.465646361959066e-05,-0.0501252853361484,96,69,97.0605055676458
16157,931.3445154739848,157708.22051223533,75281.15451377553,76633.01334338996,2312.6252453723573,732.8440238478215,437.6567039563088,1138.7094349877443,4.533012014401888e-05,-0.029662748779605,96,69,97.06129624142628
16158,931.361572199206,157679.5132772961,75276.66532370976,76615.73014228953,2280.5377065005596,721.0708841945307,427.4266125743743,1147.172624251427,-5.8490057697427976e-05,-0.0218355086772487,96,69,97.0620607244502
16159,931.3638299017604,157673.83536549675,75300.11882319784,76633.2300234026,2239.8508822805597,706.3925872878317,415.0805036370293,1148.9843366447603,4.905545555843764e-05,-0.0206794617461149,96,69,97.06279896244548
16160,931.3813823586004,157680.32993394102,75291.46453738069,76631.56988000145,2201.7188609417644,693.1608329779992,403.6840956447704,1153.4737248185847,-2.0673697627852225e-05,-0.0206864063350453,96,69,97.06351090228092
16161,931.3844669036824,157688.40835219837,75301.44430571655,76648.35494166121,2165.470515378227,681.4757863334235,393.53767837330815,1154.3038866473944,-1.5689691369999233e-05,-0.0154962957972633,96,69,97.06419649196856
16162,931.4014545494148,157666.7707543914,75283.35555688287,76634.48389879451,2140.2419433146715,674.7090641169198,386.9868218647898,1160.3447229041485,4.598766697512469e-05,-0.0198294118542101,96,69,97.0648556806662
16163,931.4037610937036,157678.25442180893,75275.44744644228,76622.98695508075,2122.824817112414,671.8768443588779,383.59527686066576,1164.880246292305,-5.851798660478612e-05,-0.0022637773254887,96,69,97.06548841867946
16164,931.4213663864126,157702.99092483366,75284.54035736687,76639.06277335246,2118.1694549018866,674.3941910023277,384.67350134422304,1176.0203509401763,4.844306514891943e-05,0.0073867186803721,96,69,97.06609465746428
16165,931.4244097594568,157653.11887359267,75270.54359517814,76607.68412462446,2119.687675792491,679.6538384742307,388.97354149183957,1185.08560500975,-1.965762292704614e-05,0.0145675817745437,96,69,97.06667434962912
16166,931.441336871754,157628.29853746266,75296.93123484566,76654.41424385633,2129.126540954574,687.4302234913048,396.8277737448807,1198.2989894920029,-1.6716918079759802e-05,0.0375838581635127,96,69,97.0672274489372
16167,931.4436991523996,157674.8828204124,75294.87758216326,76655.07524705325,2139.1455332012847,694.7124091695587,406.2590057182533,1206.4356983815087,4.662926023338033e-05,0.050161227498979,96,69,97.06775391030844
16168,931.4613515303378,157637.39262263945,75244.06343702385,76613.58220162158,2150.7031256108894,701.0851728305424,416.53872977220453,1216.023568476754,-5.8526172677107234e-05,0.0449602635258413,96,69,97.06825368982192
16169,931.4643441503306,157619.0384372035,75292.62337645328,76616.82955837443,2156.6878568671527,704.1767460892879,424.83874432725133,1218.117460071633,4.781476971590115e-05,0.035554074940118,96,69,97.06872674471757
16170,931.4812201483852,157651.27519368645,75272.6148129574,76633.51598441917,2158.0096682739095,704.1247426019108,429.85761808475945,1220.1673234133632,-1.8635623745444523e-05,0.0271587875672072,96,69,97.06917303339792
16171,931.4836442444944,157645.3221700811,75264.00355504434,76632.6055107748,2149.136653315043,699.6681008354208,429.3352699423849,1215.1203913836507,-1.773780169061757e-05,-0.0122701311118765,96,69,97.06959251543074
16172,931.501336484594,157668.68604059174,75322.68714345108,76649.60366016411,2132.051296351652,691.4896234786574,423.3588388354983,1211.8145925849094,4.72546941419577e-05,-0.0495532102409648,96,69,97.06998515155024
16173,931.50427028488,157684.84797161008,75288.07441122006,76651.3235813809,2102.910346555582,678.975950092441,411.9695464928518,1203.0654319370515,-5.851462688305874e-05,-0.0718853028406549,96,69,97.07035090365896
16174,931.5211054231308,157662.3014339272,75279.93524294991,76640.47522851327,2064.6838228795677,662.9841984944214,397.5284268221876,1196.9646666322951,4.71707918652654e-05,-0.1147648279099352,96,69,97.07068973482994
16175,931.5235963015788,157691.58765098974,75269.62361704453,76618.14546904693,2015.436616412655,643.5030215335282,381.89195272751385,1185.9189652080822,-1.7608048775967916e-05,-0.1133510991215399,96,69,97.07100160930815
16176,931.54132001635,157707.64684540502,75275.9846338681,76624.95045277604,1959.1930935641867,621.6924353523937,367.7338691835175,1177.212692841218,-1.875200217406258e-05,-0.1107033327428864,96,69,97.07128649251176
16177,931.5441884962264,157724.04983412154,75237.10591546613,76646.27425682898,1895.5499828486354,598.2108788117039,355.9255817425146,1162.04899003639,4.786376919192519e-05,-0.1241742869632761,96,69,97.0715443510342
16178,931.5609937523468,157737.29018398165,75296.82063969468,76620.37240625535,1829.3033255007467,574.4976675096841,347.046602720744,1147.3619401777978,-5.848336672566665e-05,-0.1251057234147261,96,69,97.07177515264571
16179,931.5635550435268,157749.62182775454,75281.37023142297,76616.77390905976,1761.1928347603534,551.5783820615179,339.88187760318397,1125.524771025579,4.651135963822295e-05,-0.1296902125176488,96,69,97.07197886629451
16180,931.5813009750595,157785.27481176995,75285.67410043304,76612.03778747615,1695.604765887605,530.5417470101384,333.340225316555,1104.655016783072,-1.6575248454876298e-05,-0.1344569372035561,96,69,97.0721554621082
16181,931.584099250437,157835.24062655363,75300.29942970516,76632.25486545326,1632.5099295790424,512.007299035613,325.68166561366525,1077.7719510976458,-1.9759181887796472e-05,-0.1590662365741427,96,69,97.07230491139563
16182,931.6008861673198,157831.08293768833,75262.9274673225,76596.38460428518,1574.3806801229366,496.1477000667219,316.2131157700496,1053.6081067574269,4.845629109414592e-05,-0.1507693612981709,96,69,97.07242718664747
16183,931.603519996406,157863.10096026203,75272.6192834862,76631.71681639024,1519.894216898363,482.8856415553746,304.47523122653365,1025.9578112488089,-5.843241625996007e-05,-0.1410062000399618,96,69,97.07252226153808
16184,931.621278308816,157913.46974530662,75308.09114634234,76632.66150351656,1469.9887247699662,471.4811219316034,291.20358129483066,1002.9700455710117,4.583670606507509e-05,-0.1364228149879927,96,69,97.07259011092636
16185,931.6240031440888,157958.59333458697,75310.44475272881,76585.09886030188,1423.0544921468827,461.4123496089014,277.3483099506702,976.7865659809322,-1.5537574764771944e-05,-0.1169747848956178,96,69,97.07263071085684
16186,931.6407836441958,157958.1154742554,75281.299104114,76618.89369277054,1379.8402830059058,451.5177624227945,264.4807488495135,954.1614306970732,-2.0759006109407717e-05,-0.1166370288241876,96,69,97.07264403856124
16187,931.643490508613,157949.06306487726,75254.62677950531,76599.74331446654,1339.2444407896255,441.45849696412915,253.784572878154,927.0690951121796,4.90320716614259e-05,-0.1104250393575793,96,69,97.07263007245868
16188,931.6612510841,158004.97327390953,75273.84544766658,76603.85121892813,1301.5741701718653,430.418164018236,246.13267916091718,902.2322668915149,-5.8361806383361085e-05,-0.1119477380166126,96,69,97.0725887921575
16189,931.663900893699,158048.87123163187,75284.49024256009,76629.3754743705,1265.3702562206308,418.938344633978,241.41821483316016,872.124019325187,4.514706940292001e-05,-0.1063413872032208,96,69,97.0725201784556
16190,931.6806870799326,158070.70967410042,75307.28700023005,76633.44790034214,1230.0708567276015,406.8759053454269,238.81960613458068,844.8653275449178,-1.449538084372841e-05,-0.092522208404527,96,69,97.07242421334168
16191,931.6834657664295,158101.41792203957,75273.7300317171,76611.35885936806,1194.2735484407167,395.4167404793261,236.82592647598358,814.8525126105815,-2.17511427693877e-05,-0.0869898019604368,96,69,97.0723008799954
16192,931.7012185072462,158163.0629873354,75283.8161753139,76630.96107165614,1157.641602271353,384.51363331158063,233.83250157214934,790.4526603133418,4.95909280678645e-05,-0.0977147890510761,96,69,97.07215016278926
16193,931.70379331812,158161.35151703557,75271.50506937451,76624.03633097849,1119.9338670619763,375.2546647503623,228.64187994797248,764.9455422501196,-5.8271574413266936e-05,-0.0926891444774951,96,69,97.071972047288
16194,931.720597274371,158198.88271331333,75290.9334959143,76615.91467604828,1081.5178062628838,366.9319422115077,220.88842006391496,745.0682202099706,4.44426924272759e-05,-0.0807032811156532,96,69,97.07176652025008
16195,931.7234448089844,158185.85149497486,75267.9646085563,76623.88852905508,1042.815501437115,359.99518245336367,211.27550976158818,722.7946445707057,-1.3449021715577834e-05,-0.0898185937745165,96,69,97.071533569628
16196,931.7411799471372,158229.19132863748,75268.70093071356,76622.72814690591,1003.9484509469476,353.11952654276683,201.21235483355122,703.0558701721602,-2.2735262496437376e-05,-0.0819610361442097,96,69,97.071273184569
16197,931.7436813140256,158257.9257831036,75286.3758794757,76609.63990215963,965.2900144419982,346.61985035115504,192.47433794967947,676.9364119808597,5.013268368610468e-05,-0.0779415733407111,96,69,97.07098535541508
16198,931.760514919368,158300.40341229682,75309.71854751479,76633.23281970595,926.668666500249,339.1137834973342,186.3046656503575,650.065958124178,-5.816176430483959e-05,-0.0813305162024775,96,69,97.0706700737038
16199,931.7634265412725,158324.15696382432,75278.38698615386,76636.81879020015,888.8612198351766,331.13538160943426,183.19969264621614,615.7532670786313,4.372382285085237e-05,-0.0905709077944547,96,69,97.07032733216836
16200,931.7811349599956,158361.48801891218,75287.77235692955,76629.60543360621,851.9908992256969,321.4809596737905,182.39269454366877,581.3166550376336,-1.2398852741398158e-05,-0.0829313643748298,96,69,97.06995712473856
16201,931.7835658232348,158408.7506667764,75320.38636937118,76633.25844036696,817.1940086334944,310.91805871838005,182.37174245671486,541.6762962328503,-2.371103904122249e-05,-0.0756567286936249,96,69,97.06955944654004
16202,931.8004405975128,158425.13039592866,75297.10261291188,76636.10350935484,783.8254143320955,298.20443642896134,180.93868913227925,505.4285198286525,5.0657167273501805e-05,-0.0843204660029115,96,69,97.06913429389526
16203,931.8034097421752,158491.22965749292,75306.71826295636,76641.84134559013,751.7863276982098,284.18934431318485,176.23644051508745,468.1760956578073,-5.803242661336594e-05,-0.0736963571561262,96,69,97.06868166432312
16204,931.821083319041,158534.5469014105,75307.35937833095,76607.34795040764,718.8020657420857,267.86173300325754,166.9395383319934,436.99170952115674,4.299071326050231e-05,-0.0732592480750398,96,69,97.06820155653942
16205,931.8234477885248,158571.41925793377,75299.24803952756,76612.01408438594,683.987125400803,250.52398113746312,153.09839102672413,405.2696932599938,-1.1345231003617907e-05,-0.0681935698666161,96,69,97.06769397045662
16206,931.840374795495,158572.38679798026,75273.52243245668,76626.37153852075,644.9329463093891,231.41460406722035,135.76599693272146,377.8709800338838,-2.4678148856971224e-05,-0.0658060518069026,96,69,97.06715890718397
16207,931.8433930611612,158586.53974462868,75307.16969142765,76617.6573179335,601.7206584499218,211.90954073557805,117.08737807284342,346.83451986993896,5.1164214261575326e-05,-0.0657502570855951,96,69,97.0665963690272
16208,931.861025055936,158661.13303608628,75299.30128514452,76628.44555029302,553.020693577826,190.99866837559966,99.1563159575162,315.7279255154135,-5.788361867964839e-05,-0.0580220684909436,96,69,97.06600635948872
16209,931.8633280896416,158680.37724134556,75283.01770667137,76622.28119422912,499.63305278588086,169.4805137457588,83.58064703884884,277.09677106162417,4.22436205780538e-05,-0.0485877693449542,96,69,97.06538888326698
16210,931.880317943218,158740.79478661116,75278.25232493586,76618.20185419482,439.6849557203823,145.48242080981436,70.47922413874767,236.52833561654552,-1.0288514077670626e-05,-0.0554914092267855,96,69,97.06474394625658
16211,931.8833749895635,158776.16304878434,75307.06986933162,76636.82865982412,373.1314474333776,119.32333383106743,58.84403159280191,189.67795269199996,-2.563627200639637e-05,-0.0551303022619798,96,69,97.06407155554786
16212,931.9009605306884,158813.23002922148,75280.93015100776,76649.23997482329,298.02555072074756,89.72621371518471,46.86120699389721,144.24458022156614,5.16536654182656e-05,-0.0502953785239892,96,69,97.06337171942629
16213,931.9032074388156,158895.96294181133,75287.69514052085,76640.33228112485,216.7587868574774,59.06789597477473,33.36603580543306,97.92038288756157,-5.771540383639222e-05,-0.045156061682543,96,69,97.06264444737204
16214,931.9202705058468,158901.61090321612,75278.67136893238,76631.70112619494,133.03460156708024,29.51971634340589,18.762350134871667,59.59026193950558,4.148280676159016e-05,-0.0306379309346134,96,69,97.06188975006036
16215,931.9233537713166,158978.407962813,75282.28901110413,76630.46987141456,58.3735994368908,7.76879925216781,5.958284167252714,27.33704065720667,-9.22906057491964e-06,-0.0119610405061674,96,69,97.06110763935963
16216,931.940890574578,158996.82527588672,75301.30683508806,76600.49970952334,7.182616438018158,-0.0,-0.0,8.545293176779523,-2.6585091168834066e-05,-0.0273566405431217,96,69,97.06029812833184
16217,931.943086178096,158935.5800199628,75267.29478320091,76621.75957351812,-0.0,14.85327234918077,7.004650497896364,-0.0,5.212536800174223e-05,-0.0402027201133437,96,69,97.05946123123164
16218,931.9602332057714,158952.70341442115,75303.2470645891,76606.05256056196,54.53445280686719,57.07786081134691,32.267215044470504,7.824286821851274,-5.752785237434315e-05,-0.0331401957618254,96,69,97.05859696350532
16219,931.9633271496018,158965.25031685908,75292.69775027569,76622.44392339107,186.3036786360317,130.03095515044697,78.38277746585663,27.99051957129268,4.0708537437084166e-05,-0.0607508815123125,96,69,97.05770534179057
16220,931.9808168456824,158951.19571792215,75286.85497387152,76637.4339766298,398.8914865583065,230.1709564384655,144.12591831886675,64.91786224200041,-8.16722973098338e-06,-0.0629494639693551,96,69,97.05678638391518
16221,931.9829637866318,158867.7086278131,75290.79146830054,76649.27315014589,686.4880210459232,351.1383407192043,224.21205539736548,113.37149523862172,-2.75242933371987e-05,-0.0463282686628554,96,69,97.05584010889648
16222,932.0002076447444,158820.03268088022,75274.86062320066,76653.41603279613,1028.5775681431987,480.80279456633434,310.6076110994618,176.2141556259303,5.257917517231599e-05,-0.0557910945265308,96,69,97.05486653694044
16223,932.0032915613922,158745.78923293288,75314.98766513656,76650.33864517126,1398.4543477868428,607.6358146624261,394.0752134428476,246.5937263686501,-5.732104097742995e-05,-0.0550250024210356,96,69,97.05386568944029
16224,932.0207429661716,158673.57167854364,75307.25606325961,76640.39801832804,1763.003310211061,719.1976964792411,466.5604412059183,325.118375498103,3.992108338560224e-05,-0.0730836667054014,96,69,97.052837588976
16225,932.0228372385488,158579.06525416966,75285.16570170112,76633.63115911775,2093.72714106302,808.0924188078643,522.2926981201454,403.96625248601777,-7.103381332454921e-06,-0.0905825851022445,96,69,97.05178225931284
16226,932.0401986703238,158507.82230662912,75275.94737565164,76643.74267345863,2366.2821547685307,869.1764779066871,559.0407904099848,483.74152218326344,-2.845356797507133e-05,-0.0836761738380817,96,69,97.05069972540028
16227,932.0432385879544,158434.52798811192,75289.67246485993,76654.25114485892,2568.812644527876,903.419954607918,577.2944235415489,557.6311144192878,5.301494621792287e-05,-0.0168290032175949,96,69,97.04959001337086
16228,932.060680209966,158375.26873613027,75269.05104367458,76614.45744309672,2697.205708974914,913.2828427749628,580.1047508608608,627.3248852383404,-5.7095052475680215e-05,0.179813468933492,96,69,97.04845315053892
16229,932.0626912472414,158321.4274333556,75286.56808360045,76620.74018253284,2758.665188096231,904.954175471401,571.2114209439314,687.9767637991754,3.912071925152266e-05,0.3740842812613655,96,69,97.04728916539928
16230,932.0802327910114,158279.8619602293,75278.65913023752,76615.25372657161,2763.7740228391485,883.4714730303385,554.9716897589678,743.188924041111,-6.03787548265961e-06,0.0515241027559538,96,69,97.04609808762596
16231,932.0831135057548,158195.86152063202,75276.82230127347,76586.29161891885,2728.685380459996,855.2622870198247,534.8310774126439,789.560050233762,-2.937260872311748e-05,-0.3961000768343955,96,69,97.04487994807027
16232,932.1007909460726,158170.7196262082,75285.8355708359,76601.07777239368,2667.507212182565,824.1900915335282,514.1780595222372,831.3136790570279,5.34325467001624e-05,-0.1829741034148931,96,69,97.0436347787604
16233,932.1033036637384,158138.02260968272,75258.60747270512,76583.84253688397,2595.442055298423,794.6292147935019,495.20564391629887,865.8324698163779,-5.6849976788597575e-05,-0.0743649951474886,96,69,97.04236261289836
16234,932.1200966305396,158114.32411766797,75282.49250843623,76588.41270433704,2523.041689544043,768.3869840366242,480.065890373342,897.6011755287764,3.83077239485288e-05,-0.1364778336446355,96,69,97.04106348485996
16235,932.1231181340426,158081.16168609684,75262.49292266824,76591.91479813511,2460.177493783587,747.7934021030378,469.4264644543873,924.4713610202889,-4.971072754824232e-06,-0.0750799275766045,96,69,97.03973743019202
16236,932.140731786903,158074.878095605,75249.99773659815,76590.9892156463,2411.4404028420104,732.9999359098583,463.61301136156544,950.5444694421894,-3.02811127494225e-05,-0.0944542468333969,96,69,97.0383844856114
16237,932.1431906711445,158030.43679824198,75261.61798849098,76633.76551734962,2380.0521099525504,724.6902528860664,461.1560403648473,973.1147497063503,5.383184821783993e-05,-0.082103491503863,96,69,97.03700468900256
16238,932.1600265304064,158021.43199989095,75277.77878698129,76599.64285056219,2363.7827275589807,721.4771954094904,460.6127524905023,995.8114645662135,-5.65859094299117e-05,-0.0748866924403432,96,69,97.03559807941664
16239,932.1631013088522,157997.73611701143,75260.97123641943,76604.47338736673,2359.2940664569032,722.4797543284076,459.46793200809043,1015.5894793019979,3.7482380211472825e-05,-0.0750433053335706,96,69,97.03416469706856
16240,932.1806770031852,157976.99998203176,75241.99644697644,76594.52706803402,2359.4514386169612,725.2072600469692,456.43276731387596,1035.3540857844637,-3.9033337588102194e-06,-0.0640708468536358,96,69,97.03270458333624
16241,932.1830694751088,157948.50670936238,75243.24620280987,76599.04485034694,2358.1835991681437,728.0541350544372,450.1339414631657,1051.5422977103444,-3.11787805552565e-05,-0.0616585059548011,96,69,97.0312177807576
16242,932.1999690588086,157970.81549000958,75277.5048720956,76619.0433353818,2348.7689573272946,728.5715644110751,441.21313959537656,1067.0582885436306,5.421272902484551e-05,-0.0502314997614212,96,69,97.02970433302926
16243,932.2030811565024,157966.82577241998,75261.68231943133,76607.04135599216,2328.446371628088,725.7840984654904,430.16569006297505,1078.5420638346113,-5.6302952833466754e-05,-0.0556260403925952,96,69,97.02816428500395
16244,932.220617458632,157910.3005101773,75244.18661551221,76595.75649638308,2296.366424902226,718.6596057045099,419.0005577793927,1088.9099864148593,3.664497516497758e-05,-0.0596307871351017,96,69,97.02659768268892
16245,932.2229459274809,157921.0791230219,75273.79879369322,76600.76728142746,2256.0851294209133,707.872531320274,408.59228528043604,1095.0788358864665,-2.83501936304282e-06,-0.0496054487348485,96,69,97.0250045732434
16246,932.2399217496672,157928.44809924893,75231.75141879215,76573.947570353,2212.167480246164,694.2541754902195,400.58467884533457,1100.9166894203809,-3.206531735990313e-05,-0.0486766252733782,96,69,97.02338500497632
16247,932.2430577054288,157905.1670996249,75252.48522847594,76584.8150464302,2171.002013114863,679.9657386565959,394.7969316003728,1104.3130199081497,5.4575073200911294e-05,-0.0437676608222455,96,69,97.02173902734413
16248,932.260552870302,157924.10676714356,75241.58470165102,76587.47015319194,2137.4794472553767,666.9060270215123,391.74359044921584,1109.6458709572325,-5.6001215308791264e-05,-0.0561293040748888,96,69,97.02006669094872
16249,932.2628209498936,157919.57425772023,75223.13969448046,76574.57413303189,2115.518136018247,657.2495852086868,390.30868664875743,1114.8032364085084,3.579579941301994e-05,-0.0447553255391266,96,69,97.01836804753472
16250,932.279885164302,157917.33343122658,75275.24803594305,76599.30913242933,2106.110521239578,652.0850732485997,390.68921556393616,1123.9363782802538,-1.7664901489007556e-06,-0.0204319559731158,96,69,97.01664314998692
16251,932.283028613387,157875.05055083556,75244.92654914466,76568.60529464776,2108.3454623910366,651.8419346920273,391.7000181506155,1133.7620793776005,-3.294043162632092e-05,-0.0076319981050164,96,69,97.01489205232842
16252,932.3004851944744,157911.97176429254,75246.14107290935,76611.89792281386,2118.933140614885,655.6763252992823,393.6798308927973,1146.641653013503,5.491877137988644e-05,-0.0004885680541669,96,69,97.01311480971704
16253,932.3026933633812,157876.55966916753,75271.49357307136,76579.02618426025,2133.252170692547,662.0652348698932,395.51876320841257,1157.5364788975858,-5.56808117777769e-05,0.0069847295666858,96,69,97.0113114784438
16254,932.3198620543752,157841.30485275184,75228.08054936459,76568.42497483308,2146.0501823215163,669.0171821733675,397.7855216380558,1168.199753388937,3.493514768473236e-05,0.0136018519636838,96,69,97.00948211592988
16255,932.322988580331,157871.98988830042,75250.88413081958,76574.6516971862,2152.1811266250443,674.5629680679995,399.4532352105016,1173.484014874237,-6.981067944888127e-07,0.0079811992998726,96,69,97.00762678072344
16256,932.3404207355684,157867.66595504194,75260.05761283328,76588.26706266901,2147.9641969716176,677.2746271921933,401.20071513415314,1175.8381252604304,-3.3803836301859505e-05,0.0046162915268201,96,69,97.00574553249751
16257,932.3425555792654,157842.93054680104,75255.16151646015,76576.22140415039,2130.892272016208,676.1236271844391,401.9599744800653,1171.390767501638,5.524372059608317e-05,-0.0246065455030251,96,69,97.00383843204686
16258,932.3598657279632,157898.95399633248,75239.72988968484,76592.67177320225,2101.2062466602074,671.0342260540783,402.4239930328622,1164.71742724246,-5.534186324547019e-05,-0.0644901452091245,96,69,97.00190554128532
16259,932.3629110950088,157878.32952190124,75254.25341412252,76602.1560192058,2060.1165204372955,661.983345410903,401.24786295113154,1153.1777190835564,3.406331810703246e-05,-0.0882759344160693,96,69,96.99994692324256
16260,932.3804268149304,157921.1330835077,75269.33469687638,76590.73020433751,2011.300645560259,649.6895118729153,398.8848085756181,1141.8997605009645,3.6977045756163634e-07,-0.112242573816891,96,69,96.99796264206174
16261,932.3831987840982,157918.35736825268,75265.48977981205,76571.37609292916,1957.6797636516276,634.2633171516354,393.822366232489,1127.9696291901055,-3.4655247936929904e-05,-0.135757027955479,96,69,96.99595276299566
16262,932.3997984627788,157921.35764786182,75230.19753091075,76585.62677489029,1903.4051490033744,616.3814958940056,386.6505935927271,1115.9116926539864,5.554982448043446e-05,-0.1527083176176314,96,69,96.99391735240432
16263,932.4028729021838,157944.02173062455,75274.18037598138,76582.20904082454,1849.97489970061,595.7894803471136,376.12926201100345,1101.9073735693237,-5.498449694233125e-05,-0.1577282965846743,96,69,96.99185647775154
16264,932.4204022880484,157960.40870880667,75237.8909821645,76593.22226999304,1799.4157352718175,573.1039404820331,363.26513612127746,1089.6308252930758,3.318061261704333e-05,-0.1560581287219789,96,69,96.9897702076022
16265,932.4230711874025,157966.9095894586,75244.17291634556,76568.74653657926,1750.200647784106,548.1389749969967,347.1724463288847,1074.0879248535493,1.4367819769986406e-06,-0.1527705966767696,96,69,96.98765861161844
16266,932.4397315342138,158028.1517711571,75257.9647294908,76598.79278040613,1702.168159243709,522.2815601474431,329.5825886038365,1059.062897602853,-3.5494388184887056e-05,-0.1530402073900822,96,69,96.98552176055662
16267,932.442843737789,158003.79174128844,75253.68523683262,76575.88313175969,1652.2374211885035,496.21454770938726,310.4169960820291,1039.7847970407165,5.5836992444900016e-05,-0.1530540083271422,96,69,96.98335972626404
16268,932.4603655408372,158024.13880152593,75217.27493005402,76627.32897124987,1600.5588434205856,472.2935639015777,292.2359225584951,1020.534814674349,-5.460884600129875e-05,-0.1396849876780642,96,69,96.98117258167603
16269,932.4629452217034,158068.350716256,75262.4587845956,76580.60863815599,1545.2872578707756,451.42992325520026,275.3245030356338,996.5584966929746,3.22873363310197e-05,-0.1334346285186114,96,69,96.9789604008114
16270,932.4796687292948,158081.47435613716,75254.10029004076,76580.20196308025,1489.2340789893642,435.6924741735711,262.2139153108874,973.2187760783127,2.5025682933922034e-06,-0.1445071727215442,96,69,96.9767232587703
16271,932.4828191085765,158126.92704951882,75246.30312556105,76593.42051174688,1432.5951768436935,424.59983276105777,252.3029599423462,946.3004599943233,-3.6320982349739895e-05,-0.1379582786137928,96,69,96.97446123172983
16272,932.5003190879426,158150.72305140094,75267.26136761063,76615.47612836906,1379.528370772372,418.3281532849214,246.65945366496453,921.3966206851183,5.610514136956385e-05,-0.1408613149783706,96,69,96.97217439694072
16273,932.502819659065,158175.8269535604,75267.42661316131,76593.83370479211,1329.5888384481077,414.13482318531896,242.94540441353456,893.5125228069955,-5.421504979723776e-05,-0.1618702771957841,96,69,96.96986283272366
16274,932.5196122741538,158191.3929936872,75278.09413553689,76599.85158601282,1285.806133428472,410.82514095440274,241.14208003526437,868.4071548464417,3.1383797890410495e-05,-0.1570164098015462,96,69,96.96752661846598
16275,932.522796154703,158220.5726101607,75238.21789178414,76586.8242470545,1245.5248458692222,405.09786949942645,238.4483379125595,840.6505363233155,3.56677100544967e-06,-0.1447161918424234,96,69,96.9651658346176
16276,932.5402642885306,158297.03089541575,75264.7396603071,76586.77716606425,1210.0431655286811,396.51754904353584,235.17067097948166,815.6982654035091,-3.71347601489591e-05,-0.1641195832462532,96,69,96.96278056268714
16277,932.5426942918524,158277.41057328111,75258.56191401808,76617.98892550926,1175.0893369981786,383.21257148963923,229.29973177501233,787.3950129072764,5.635419345509833e-05,-0.1550220878509217,96,69,96.96037088523872
16278,932.559563499632,158293.40536677933,75242.8855732452,76608.7016548624,1142.1263327737106,366.99968879167864,222.46872927463846,762.0514913711813,-5.380325406480315e-05,-0.1464464353966262,96,69,96.9579368858874
16279,932.5627725097704,158340.81645984302,75274.45308026214,76616.68428284586,1107.3478732446092,347.8739795555157,213.74715499402373,733.7590225015883,3.047030908102271e-05,-0.1574394356946082,96,69,96.9554786492958
16280,932.5802023354408,158374.14400778728,75248.31247337782,76592.7684038545,1073.5069692919496,329.05906646819494,205.45000655436888,708.9732943196723,4.629032170421035e-06,-0.1584719104505612,96,69,96.95299626117004
16281,932.5825691214516,158440.83631878297,75287.3259298818,76603.60618360242,1037.4734438645537,310.84167407875066,196.73341369486297,680.9337710292893,-3.793545628719239e-05,-0.1575527366210893,96,69,96.9504898082554
16282,932.5995234622576,158433.6686806822,75271.96108016752,76619.28262081271,1003.1301694072899,296.2606094234361,189.89164403031464,656.3085484094336,5.658407821664234e-05,-0.1819655125946336,96,69,96.94795937833295
16283,932.6027458434004,158469.9367797132,75253.44543299625,76616.91396414513,967.1522442823625,284.37337140447926,183.65836218648474,627.4254201535077,-5.337360971229183e-05,-0.1814109668130044,96,69,96.94540506021492
16284,932.6201345854354,158498.4264970462,75273.36806131227,76605.99351219367,933.0274552041665,276.6828796280315,179.79523101550876,600.3352299729886,2.954718504180359e-05,-0.1762326782535545,96,69,96.94282694374051
16285,932.6224442510188,158496.9295331116,75273.41245649556,76625.69183906152,896.2814398970804,270.4292138211458,176.3680852688849,566.8321918273286,5.688994810470159e-06,-0.2028399285383305,96,69,96.9402251197722
16286,932.6394924576762,158550.99568784938,75301.23399655006,76586.53264786869,860.4533962937421,266.0993832920649,174.72532824706286,534.8871205415344,-3.872280966717296e-05,-0.204604329284323,96,69,96.93759968019133
16287,932.6427160586896,158604.33090286358,75281.05402860048,76625.54732328697,820.7377471106593,260.1891203502455,172.2881722059683,497.5915382174426,5.679473125203426e-05,-0.1882599966683554,96,69,96.9349507178934
16288,932.660053085847,158682.3567882584,75289.38492070686,76600.4995855655,781.1292568500503,253.3343993412709,169.85306439024862,464.18220003598253,-5.292627434854957e-05,-0.198866210123347,96,69,96.93227832678444
16289,932.6630848123722,158692.7237866935,75297.25369274706,76627.89709241546,737.2381735027302,242.7695608294016,164.62219904208905,427.9606398618489,2.8614743653215996e-05,-0.1921095222250796,96,69,96.92958260177636
16290,932.6795155395548,158698.895752342,75276.19413533901,76640.60892022059,694.2717652904685,230.65274675746332,157.8488009169523,398.08313676842954,6.746302982338071e-06,-0.190020862364732,96,69,96.92686363878218
16291,932.6826304314898,158760.06126744236,75296.59155485389,76620.32671118948,648.5501377225155,215.6954404226417,147.75633927836316,366.6381927897164,-3.9496563854312256e-05,-0.1952074587452288,96,69,96.92412153471228
16292,932.7000620821632,158758.48349237686,75296.16628249786,76625.88627312166,605.9840708627016,201.2819818463322,136.9240155510488,341.5479280523723,5.698609504471395e-05,-0.1835680828922288,96,69,96.92135638746927
16293,932.702945677727,158801.77021955745,75271.95036152752,76635.60900450655,561.845970456372,186.01444929603895,124.35821248643333,312.2379854579922,-5.246141113887951e-05,-0.1778371121420965,96,69,96.9185682959438
16294,932.7194510050034,158864.64022100592,75291.51465181842,76611.25089362188,521.2706300403806,172.6030738587142,112.92945538135245,286.40054914567736,2.76733062189614e-05,-0.189296144648494,96,69,96.91575736000992
16295,932.7225885951706,158876.63914953845,75270.62013573786,76608.2497705451,477.3598412372521,157.89736019668635,100.85665548953693,253.5331366674509,7.800602196628944e-06,-0.1764460077148839,96,69,96.91292368052042
16296,932.740041131618,158896.25028058648,75276.97097023769,76612.61283997708,432.80596227612114,142.70861386376782,89.4899029514927,222.298388355528,-4.025646772013993e-05,-0.1729623986894809,96,69,96.91006735930226
16297,932.7428186072594,158973.8095173165,75290.14301205301,76605.44438951359,377.6140751763596,122.25266082018788,75.37913075997494,182.21371522793197,5.71581185969441e-05,-0.1813734973391465,96,69,96.90718849915136
16298,932.759381655972,159003.00207785604,75289.4159588557,76621.84286100024,314.66424878058024,97.97812310505833,59.63506680345745,144.51994387523155,-5.19791890215901e-05,-0.1944033343530122,96,69,96.9042872038288
16299,932.7625590449186,159051.93288634636,75297.16778415836,76603.13697881055,237.23485971230548,67.7699420616118,40.26046115910867,101.04725959213101,2.672319605942477e-05,-0.1847067090231717,96,69,96.90136357805514
16300,932.7800059641578,159047.94810505988,75282.22320355255,76603.73194397052,156.14070437388727,37.84156516943767,21.53010894623003,65.46176982673933,8.851538802547042e-06,-0.1708556744320707,96,69,96.89841772750584
16301,932.7826945548856,159131.13738167274,75280.21047470318,76593.69013975348,75.2400076877093,11.40250551639474,5.372313932341058,30.15250661483151,-4.1002274411343486e-05,-0.150262283076464,96,69,96.89544975880652
16302,932.799314783106,159142.10119759032,75242.61940990025,76587.04465223581,18.569607212441042,-0.0,-0.0,10.848062021366786,5.731075705843142e-05,-0.1648968899968556,96,69,96.892459779528
16303,932.8025358048908,159193.32570240286,75295.65399515638,76611.86581542598,-0.0,9.472559811925748,9.288184816337889,-0.0,-5.147978256068088e-05,-0.1830906425245927,96,69,96.88944789818125
16304,932.819959849456,159175.0771046843,75264.56008161479,76637.54351378747,47.231822664733045,50.0791946927493,40.237619835330406,11.953402165119769,2.576473985043143e-05,-0.1866023153372957,96,69,96.8864142242122
16305,932.8225718258568,159127.3109745806,75238.52321315606,76589.01249396022,167.64823329646606,121.44767617421167,91.89567696166341,35.123714948713314,9.89876063578464e-06,-0.1944976288745429,96,69,96.88335886799725
16306,932.839252897094,159068.35333537604,75278.60991383286,76624.98302872315,374.67840999923646,224.60970004324918,164.23226450648508,81.70272774924524,-4.173374202964268e-05,-0.1945413296449658,96,69,96.88028194083748
16307,932.8425159557446,159046.06477585196,75281.13979472854,76611.16638795016,653.9109045283985,348.1484519593214,248.36980775912525,137.03674558375496,5.744397257189289e-05,-0.1893228466807515,96,69,96.87718355495396
16308,932.8599040383062,159004.02585221018,75287.10142947633,76628.93410878233,994.8741654733894,483.39994867678615,337.7392453496868,210.6296573303989,-5.096337244097964e-05,-0.1976273683831151,96,69,96.87406382348232
16309,932.8624503584824,158864.5670334121,75285.52044122099,76595.64716832944,1361.761448953941,612.9650145853811,420.17436596230255,284.7552252904861,2.479826670767647e-05,-0.1993262315706768,96,69,96.8709228604679
16310,932.8791971417448,158877.83862915097,75277.64138220035,76584.64178092217,1732.212159529503,728.3561106870475,490.4277189518616,369.31710773540544,1.0941917182027408e-05,-0.1894403034756409,96,69,96.8677607808602
16311,932.8824974674308,158735.58630706597,75279.20902651221,76615.55733817835,2068.0698488021153,817.2447747956612,541.1616738533776,446.6790427377273,-4.245063408568905e-05,-0.1799409688633451,96,69,96.86457770050744
16312,932.899839243105,158692.94705194925,75270.32103156426,76620.96477621267,2354.4306439792854,879.529119345345,573.7857534271607,527.1782071673952,5.7557733575808616e-05,-0.1892136313510467,96,69,96.86137373615156
16313,932.9023306669346,158613.13181987058,75231.78094444709,76582.63168836272,2567.3827333833906,911.9768221789855,587.4630567993445,593.3644246012846,-5.043014425748345e-05,-0.0796104664492903,96,69,96.85814900542285
16314,932.9191480337832,158559.71651609722,75257.92972466935,76612.55305922774,2711.4554354352294,922.9193229023222,588.7869883571693,658.9856683716062,2.382410808455084e-05,0.1805524498762921,96,69,96.85490362683416
16315,932.9224786770033,158511.15741708173,75286.90201620017,76622.21628013546,2781.178097932483,914.4832780668803,579.4933032553818,709.0840012755652,1.1980659368211045e-05,0.2114722950911237,96,69,96.85163771977577
16316,932.939766052782,158462.754213242,75268.35847937633,76572.58949832842,2796.098545990477,897.062034388262,566.2875810200057,759.3602081143763,-4.315271877007398e-05,-0.307175839100005,96,69,96.84835140450974
16317,932.94221349618,158442.05171479707,75245.92820282986,76613.76377580226,2760.6763116852962,872.0601621681417,549.4811653083598,795.725227283081,5.765201535370574e-05,-0.4798081569071302,96,69,96.84504480216458
16318,932.9591057135308,158425.4662547483,75261.96927583768,76594.2155749736,2700.834460229904,848.0711516189476,534.1361382356554,836.4725009962858,-4.988028984983922e-05,-0.1859146431610459,96,69,96.84171803472948
16319,932.962458116439,158382.8706905727,75273.70104231812,76597.35813470902,2621.9914930925006,823.6626562957681,518.840657637571,867.5077268264722,2.284259784276648e-05,-0.2186763623305802,96,69,96.83837122504872
16320,932.9796850899796,158345.18462833398,75256.14666624756,76606.19226621732,2547.0099222884164,804.5230080837355,507.1204131124832,905.4858727175742,1.3014639859680509e-05,-0.2074633812335097,96,69,96.83500449681594
16321,932.9820996643437,158327.25186035462,75270.95560649129,76576.40123254915,2475.5840849518427,786.9099329459859,496.4041564142972,933.7828445276537,-4.383976974050314e-05,-0.177741812455128,96,69,96.831617974569
16322,932.9990700596384,158271.23893708567,75258.9273318901,76611.68728211249,2424.7338272792986,775.4989162930578,489.59572486166144,968.9812430482125,5.772679968354805e-05,-0.2167372019536462,96,69,96.8282117836835
16323,933.0024344455308,158310.48524654438,75239.36287228875,76593.41976617338,2386.684401674138,765.6841986284562,483.43494409750565,993.0756576199783,-4.931400617976935e-05,-0.1983732292483644,96,69,96.82478605036752
16324,933.0195970839828,158276.78012615864,75256.02798134941,76607.65341183526,2370.470452884212,761.2987080733001,480.1022148554621,1021.3342196983867,2.18540723868026e-05,-0.1989813142367004,96,69,96.8213409016556
16325,933.021989967229,158210.90553906735,75254.3861361896,76566.97944240295,2361.0181378703564,757.0330018328386,475.9341358648089,1035.3618856443209,1.4043513530284823e-05,-0.1971425943431543,96,69,96.81787646540316
16326,933.0390407612858,158243.8151849143,75249.58779132232,76591.67657574506,2362.6621388446656,756.5240090571169,473.24878288657055,1053.2093501276686,-4.451156552285578e-05,-0.1860739496981886,96,69,96.81439287028029
16327,933.0424064181398,158233.5984286109,75266.10117062289,76606.1566120374,2356.9522246099077,753.9136095439026,468.533794131421,1057.773284526047,5.778207477437539e-05,-0.200186771811494,96,69,96.8108902457662
16328,933.0595029149844,158250.51262782427,75252.66522693544,76587.0863098605,2347.6362643931643,752.276137336492,464.27146846984397,1067.73703137564,-4.873149564004897e-05,-0.2055910622737442,96,69,96.80736872214308
16329,933.0618851009898,158252.16379331157,75278.65731505908,76561.61826756975,2319.7006402545376,745.832434628348,457.4390022153675,1066.5648449437867,2.085886963282544e-05,-0.1930003139237202,96,69,96.8038284304902
16330,933.0790173845616,158248.2680155414,75265.25111710148,76614.52286170049,2284.3504905921873,738.7776295284566,451.35092439179425,1074.96102505803,1.5066936601382235e-05,-0.1910939983152335,96,69,96.80026950267772
16331,933.0823728493154,158239.73187511243,75259.94279175666,76599.27780226973,2234.0686991545954,726.579476287443,443.57347329877666,1075.4524881649413,-4.516789036021083e-05,-0.1947737741517105,96,69,96.79669207136116
16332,933.0994036589228,158254.40126711407,75226.89611330982,76611.69098118454,2185.8944473962183,714.7219401590846,437.7048291731626,1086.68082316019,5.78178357934376e-05,-0.1956181388455838,96,69,96.79309626997482
16333,933.1017855758356,158251.16932745723,75240.96401333317,76581.27991224335,2135.75683965435,700.1016322733194,431.57802290454856,1089.694016984664,-4.813296603135614e-05,-0.2114595503214672,96,69,96.7894822327258
16334,933.1189994609668,158226.36100724895,75229.123020454,76582.32607623887,2101.3447688268498,689.4128993135091,428.9416171661578,1103.8674850004609,1.9857330338241807e-05,-0.1866135056919195,96,69,96.78585009458804
16335,933.122332552546,158256.3701221484,75244.86998859997,76599.99712624376,2074.9722121335217,679.5098830142815,427.2014291132218,1109.0572975601535,1.608456778489996e-05,-0.1761348677566224,96,69,96.78219999129573
16336,933.1393006673716,158246.25942273918,75247.25308957617,76591.12679156056,2068.506787067221,676.042840126247,429.240211049997,1123.4574079294107,-4.580853361668551e-05,-0.1828574795598393,96,69,96.77853205933808
16337,933.1416915808228,158200.38379481243,75233.18861760282,76602.96938574094,2069.1300237760297,674.6555248963414,431.72686203656485,1127.0993988225528,5.783408430679305e-05,-0.1622924103605024,96,69,96.77484643595174
16338,933.1589866469968,158259.15044823367,75213.59730413691,76610.25598531163,2085.35067647713,679.8053905106644,437.007768242358,1140.1648758271476,-4.751863044377848e-05,-0.1418786810280308,96,69,96.77114325911552
16339,933.1622841843322,158261.6481805777,75233.80255499041,76605.74466196579,2101.4835018187878,685.553067840141,441.22926761678536,1142.0294180349447,1.884979628107895e-05,-0.1343948894715923,96,69,96.76742266754374
16340,933.179195763439,158237.38167316583,75292.16494928685,76580.25174663776,2124.3221258479753,694.8848199598142,446.4346861317463,1151.7531834793335,1.709606800844647e-05,-0.1378311865746858,96,69,96.7636848006799
16341,933.1816026938388,158221.98999276347,75249.80406142942,76587.98093338431,2138.647284947976,701.3260421098385,449.06421715940814,1148.7723671479616,-4.643329014411576e-05,-0.13620406293022,96,69,96.75992979869054
16342,933.1989790977324,158271.9000411063,75241.36655006905,76566.48356898583,2152.9330391297117,708.0143159247818,451.62609454692574,1153.6951953267271,5.78308280553345e-05,-0.1548956432729805,96,69,96.75615780245845
16343,933.2022257989566,158246.1005661143,75233.34386357207,76576.29195444373,2152.929340246017,708.6615936522285,450.6854582291562,1145.111145559291,-4.688870695981644e-05,-0.1847362907903523,96,69,96.75236895357666
16344,933.2190918296858,158281.92101312446,75251.77264437497,76604.81846880334,2147.8769835726125,706.7808245396736,448.6040922961547,1143.0740239700535,1.7836611570277246e-05,-0.2251009010590119,96,69,96.7485633943416
16345,933.2215170430408,158319.99706806414,75258.66572629914,76591.14671264186,2125.3754535262124,697.1982653507293,442.0858206169505,1127.3397283088707,1.810110037114678e-05,-0.2758984537767686,96,69,96.74474126774729
16346,933.238978630712,158298.74381546563,75240.0238617102,76569.81031667076,2096.6593425957835,684.7070037261001,433.8019449757703,1120.210444046068,-4.704196029031856e-05,-0.3045087390526724,96,69,96.74090271747762
16347,933.24215324642,158330.69576124576,75242.25294073934,76610.53082697079,2050.3145791323623,665.0332330522506,420.8650448831904,1100.7374957363354,5.78080819580934e-05,-0.3251312191090155,96,69,96.7370478879013
16348,933.258995131494,158363.33941808774,75258.2017926629,76601.24404524606,1998.5468121475424,643.7146193264052,406.6171069375414,1090.4577495843696,-4.6243418840825965e-05,-0.3219533005411276,96,69,96.73317692406408
16349,933.2614277609648,158423.06206638552,75268.27241027055,76583.52971428745,1932.3539232367766,617.6558815252065,389.3529035441461,1068.9026641829696,1.6818122117449654e-05,-0.3251864121594143,96,69,96.72928997168287
16350,933.2789943134908,158380.29180237968,75259.53801087098,76575.14571199118,1866.3852856276208,593.2848689480161,373.3993456894823,1058.4983565010189,1.909933021053795e-05,-0.3132045615857553,96,69,96.72538717713874
16351,933.2820509236568,158433.70924190362,75285.36911582608,76600.46939153517,1792.760749409499,567.6158646617114,357.3582833445107,1036.6023264443793,-4.763434987172426e-05,-0.2981342743845547,96,69,96.7214686874707
16352,933.2989319508704,158456.47296195384,75253.67231102358,76605.74705798794,1726.3733849833952,546.6002842699672,345.1763399117044,1024.1915465356433,5.776586748342579e-05,-0.2950971365664144,96,69,96.71753465036817
16353,933.3012891444728,158488.71114685506,75248.64098639482,76582.07200084554,1659.447079723759,526.7475020094716,334.7562732588267,998.9477164242417,-4.558299470046745e-05,-0.2824915619767653,96,69,96.71358521416536
16354,933.3191286060362,158546.58002462448,75247.497505215,76604.440506411,1605.2895916465786,512.9423208019434,328.7780109900341,983.2537033333501,1.5794674793930258e-05,-0.2815661033422479,96,69,96.70962052783383
16355,933.3214409313769,158540.01444498423,75252.06891664062,76602.079519606,1551.9556394277606,499.88386357031413,323.3904633084894,952.8150041875488,2.009042581795369e-05,-0.2714641292014449,96,69,96.70564074097572
16356,933.3383618689504,158565.60899769395,75275.41214889332,76608.42581558638,1509.0087996268412,491.0197721468576,319.9067481965467,930.9916360410862,-4.821027070330855e-05,-0.2564185438478471,96,69,96.70164600381756
16357,933.3414234211808,158596.75848579287,75273.17741944316,76612.68920490314,1462.872929333069,480.6081928542844,314.1068350340065,896.2778937573894,5.770421196092191e-05,-0.2613712976194372,96,69,96.69763646720271
16358,933.35898562717,158663.68459157587,75260.61665787354,76613.44631492441,1421.3913462393684,471.50420399157156,307.3482812528382,871.6722725651634,-4.49076676265946e-05,-0.2559326406766581,96,69,96.69361228258506
16359,933.3613786793982,158739.77813019205,75269.33097252401,76593.77116073977,1371.9455853526015,458.4132339165226,296.5281558603165,835.0194147479488,1.4766618466867006e-05,-0.245607438367152,96,69,96.68957360202188
16360,933.3782620680172,158751.58466312347,75259.91737173374,76607.29504814628,1325.282738629321,445.3624736498459,284.7133750207431,810.3291204005654,2.107405777769405e-05,-0.2495751907739671,96,69,96.68552057816711
16361,933.3814395515004,158759.3007770903,75276.32374250915,76618.29487008354,1272.4288744981168,428.6911043621367,270.5747914974927,775.7594365525874,-4.87695397970872e-05,-0.2374087348358546,96,69,96.6814533642644
16362,933.398892586002,158795.062466924,75280.58692850012,76614.89722975322,1225.3611036840593,413.24077495589154,257.94009368441766,753.1645678758214,5.762315048544092e-05,-0.226923597204851,96,69,96.67737211414
16363,933.4012826674532,158839.55991747577,75281.96452433696,76584.24729963759,1175.5056110658916,396.07914044136123,245.6034403219819,718.9913444744598,-4.421767592987167e-05,-0.2408166601307953,96,69,96.67327698219616
16364,933.4181926876812,158890.47887322906,75308.16657287291,76624.30272109353,1134.257613815018,382.36219283164246,236.84949169808533,696.3589276005514,1.3734302999279973e-05,-0.2364512561377329,96,69,96.6691681234038
16365,933.4214384175984,158912.95378014952,75267.90909098189,76608.5269130213,1092.008403517888,369.09941994104884,229.59190436106292,662.8375956426025,2.20498996663614e-05,-0.2207224950606361,96,69,96.6650456932958
16366,933.4388037978758,158949.6294874351,75301.36829549063,76648.49310275311,1057.7130038085743,360.2571451181866,225.71224972553318,640.5468793856271,-4.931198037866106e-05,-0.2282040545207529,96,69,96.6609098479598
16367,933.4411794372894,159011.19721329105,75277.09170004765,76588.70163771088,1020.9833545702859,351.7716076383658,222.10668774219812,606.3309588115953,5.752272306570341e-05,-0.2215220865905581,96,69,96.65676074403092
16368,933.4581377786964,159058.12642858858,75296.68399429512,76615.75001703239,991.2004396351404,346.55682079739927,220.01381498551928,583.5866420283855,-4.351326258277286e-05,-0.2127255817520782,96,69,96.65259853868533
16369,933.4614293369308,159054.58757177214,75304.0208128746,76624.5739231831,959.0854383105761,339.90828787923965,216.23878168617375,549.3213912321371,1.2698079492813292e-05,-0.2177302506686251,96,69,96.6484233896326
16370,933.4787122741636,159093.86356443138,75302.25285615717,76655.92537219975,933.306416361127,333.9507201269007,212.00885453628143,525.1045543899236,2.301762781517373e-05,-0.2145874661674836,96,69,96.64423545510886
16371,933.4810753931928,159106.88611314795,75326.09788828161,76649.89538622997,904.11618535046,324.3167303113296,204.77338092317223,487.52455109282164,-4.983742096473878e-05,-0.2172384764995848,96,69,96.64003489386944
16372,933.4980929888458,159195.99481532487,75295.38148050588,76632.59560873933,879.1556854736991,314.0357152255456,196.61081623536302,460.5081401336065,5.740297762751611e-05,-0.2386768891924704,96,69,96.63582186518188
16373,933.50141425885,159249.26681261143,75330.53828005417,76631.56088404144,847.9794902596041,300.1440099635802,185.99684474561946,422.07378899669857,-4.279467501800755e-05,-0.2250845148207339,96,69,96.63159652881896
16374,933.5186161276742,159268.3983404455,75331.31910277368,76644.68465573514,817.0467829619884,286.3693322642357,175.62997059020563,395.3162046961952,1.1658300264189967e-05,-0.2074540314822528,96,69,96.62735904505088
16375,933.5209734550122,159312.76579050464,75304.50279236464,76650.51772000386,777.3655497903819,270.5317846033722,164.74877261946676,358.1117871111783,2.3976921187618545e-05,-0.2128601933725506,96,69,96.6231095746388
16376,933.5380562500212,159333.494056364,75342.69617451499,76644.69371383067,737.8272206151742,256.3713989201351,156.35492402882664,334.7144177760056,-5.034569641888104e-05,-0.2087505993616948,96,69,96.61884827882714
16377,933.5413934175332,159376.85345708128,75289.04279268444,76632.7439222232,692.2953882760485,241.36560608219588,149.4602084090293,302.2461607303121,5.726396809620062e-05,-0.2043513484915213,96,69,96.61457531933624
16378,933.5585149692098,159427.01072147672,75322.09948944107,76644.32146933817,650.1693901396939,228.0652798734518,145.7262712775846,282.20497708939365,-4.206216567957198e-05,-0.2024929347846944,96,69,96.61029085835573
16379,933.56087542742,159418.44307624782,75346.88232148637,76619.6477602449,605.431016580842,213.38803039494087,142.54188874963438,250.8192152676056,1.061531854065454e-05,-0.2008117078193192,96,69,96.60599505853642
16380,933.5780261419244,159497.03563256684,75320.08566120623,76621.40538671939,565.3292570230551,199.2007454688719,139.62041725154268,230.79849262250355,2.492746250996418e-05,-0.1886117316255759,96,69,96.60168808298349
16381,933.581366523085,159505.0589234366,75331.15447946607,76646.5399305478,520.6697736030328,181.9881495769805,132.9659700235643,198.38700646325015,-5.083664736679429e-05,-0.1730581231594066,96,69,96.59737009524922
16382,933.5984090455984,159581.60960907125,75317.97153467253,76625.00018865227,474.04595805867575,162.64973375613044,121.68151557541569,175.03499505843502,5.710575446537125e-05,-0.1656599941898402,96,69,96.59304125932518
16383,933.6007826057167,159588.6972286803,75336.30817239633,76639.97589742104,414.4934462503297,137.69987770487205,103.09209717728663,138.044754523522,-4.131599131485859e-05,-0.1994266539897601,96,69,96.58870173963544
16384,933.618001435308,159621.08465182135,75335.74006870418,76670.30658696136,345.2140856356127,108.70856805932999,79.05039385627606,111.58407555855229,9.569488183665568e-06,-0.2125506860017339,96,69,96.58435170102908
16385,933.6213331437256,159643.40248622865,75323.16676859568,76639.8571588032,260.2973590060137,74.73532554700796,50.94087963795755,74.07309040499968,2.5868937142385212e-05,-0.1967891450301102,96,69,96.5799913087721
16386,933.6382989414736,159729.44259082162,75309.39836482937,76655.86964317,170.85588271182496,41.161208392775734,24.649767621187493,49.382948934537126,-5.131012002964876e-05,-0.2107156392835723,96,69,96.57562072854115
16387,933.6406959774208,159763.31443818953,75331.18474414472,76640.33369297753,83.37344343512086,12.762991716546821,5.181194445118308,17.643947816919535,5.692840384335155e-05,-0.21051906511738,96,69,96.57124012641542
16388,933.6579809353284,159780.70840805065,75304.1696371767,76677.30747380939,21.019076407363173,-0.0,-0.0,4.937365567078814,-4.055641305346654e-05,-0.1940197558972928,96,69,96.56684966886914
16389,933.6612928647124,159790.762593365,75292.1182426585,76647.49803514578,-0.0,10.853858116694028,13.409887059882749,-8.93530827446375,8.52116390254928e-06,-0.1915793343422669,96,69,96.56244952276457
16390,933.6781854441512,159767.65529590487,75339.22437239591,76627.79657637344,45.641960621927865,54.40236564143561,49.31537905073492,-0.0,2.680103372739225e-05,-0.184315738186983,96,69,96.55803985534403
16391,933.6806163004971,159763.7504944134,75330.13040281757,76647.98340079571,169.05492757022148,132.98402273093234,106.79471483576344,11.377429888350889,-5.176596704830733e-05,-0.1841506005365248,96,69,96.553620834223
16392,933.6979634246104,159778.18226375896,75315.10318006124,76666.58802275138,380.22723454009974,245.26329231275304,183.20366977370577,49.09294615962426,5.67319893194644e-05,-0.1693458636216665,96,69,96.54919262738228
16393,933.701245368784,159717.8909425113,75337.50705373751,76641.67941259862,668.5155305106891,381.50764259925927,271.49442982900655,90.16842776007252,-3.978369666625782e-05,-0.1634625110087433,96,69,96.54475540316018
16394,933.7180694650184,159695.37140203707,75342.82159501506,76630.36027250205,1018.434541530849,529.0198576244438,364.0953149001871,154.456715311273,7.4707011535191776e-06,-0.0784788069692007,96,69,96.54030933024588
16395,933.7205441387728,159641.09777549858,75324.15263368622,76657.19250708846,1398.2820484301774,671.66109786382,451.8166751586832,217.26552433153847,2.7723444629173485e-05,0.1739645495806162,96,69,96.53585457767096
16396,933.737947644652,159504.9866374582,75340.23457837534,76625.20392593187,1778.5357712119003,796.1081010249763,527.5331020595331,297.2574131533038,-5.220404712547331e-05,0.2593333709591545,96,69,96.53139131480278
16397,933.7411904845934,159462.92751838543,75336.29449595006,76652.32346475782,2125.063868813333,892.1748627887428,585.3734030229098,367.5154155314667,5.65165904222659e-05,-0.2258076783819998,96,69,96.52691971133576
16398,933.757951981451,159409.756561082,75323.44092921686,76656.14013383685,2415.8126311798696,956.2616369741154,623.1821453774464,445.32311771970126,-3.8998111635216135e-05,-0.4736737533191573,96,69,96.5224399372852
16399,933.7604798837006,159353.03357573206,75310.67329962185,76658.65807514991,2633.4953092908836,989.5543900281336,641.1501283136604,506.36975035394426,6.418455749008648e-06,-0.1888192573877761,96,69,96.51795216297866
16400,933.777932291806,159292.81554822705,75318.7182329583,76673.51995543919,2775.8137752498733,997.5211346496508,642.5018898220733,571.2391448415583,2.8635865695990505e-05,-0.1897855530446366,96,69,96.51345655904872
16401,933.781128221962,159281.75058271873,75300.22459512943,76631.5002683107,2845.4549718827475,987.0512866522913,631.596335251088,617.0619430489023,-5.262422498911027e-05,-0.1941181988379411,96,69,96.50895329642547
16402,933.79783398377,159238.44132272375,75284.47310474758,76619.29049457947,2855.4102761392714,964.7908995744656,613.5663725363556,665.1934575522027,5.628229307473812e-05,-0.1557995950912071,96,69,96.504442546329
16403,933.8004237764958,159198.2183617466,75282.43351729136,76633.1452053172,2819.145485102257,936.1147268505301,592.8492295675096,695.4530700244941,-3.819993226456788e-05,-0.1691622127386307,96,69,96.49992448026136
16404,933.8179160150164,159141.0062328014,75307.48871714936,76641.7751596713,2753.8039222407388,904.3710821628629,572.7561277782661,730.758888852055,5.364783555146073e-06,-0.1457772719312122,96,69,96.4953992699994
16405,933.8210588050532,159159.63046938842,75282.81020984123,76650.71909862412,2672.9433764273417,872.3099923462141,555.229420195974,750.2090105697862,2.953799589611416e-05,-0.1518381015657511,96,69,96.49086708758708
16406,933.8377164170504,159134.89423108776,75331.97750257986,76635.05644252735,2589.6305354975048,841.4423516030656,540.7729921610153,775.9356408095628,-5.302637121986557e-05,-0.1428071234460573,96,69,96.4863281053274
16407,933.8403759415246,159132.69775113638,75335.68599935541,76635.42575953284,2512.1481855624006,814.1028708238009,529.286685482366,788.6255144550232,5.60291896694732e-05,-0.1231303993942989,96,69,96.48178249577536
16408,933.8578974034828,159154.9047346616,75335.79785557897,76638.01338619273,2446.4419856147724,791.3655948688393,519.9028855024371,810.8122315597138,-3.738943634800662e-05,-0.1217857552057284,96,69,96.47723043172977
16409,933.860982715578,159098.9395175504,75299.78829702489,76630.12645584634,2394.15943165723,775.0184620301443,512.2787468397582,821.3581203940266,4.31004125854644e-06,-0.1108509331828961,96,69,96.47267208622624
16410,933.8776001047175,159116.45421319286,75339.16376735177,76617.73731405457,2354.3238620600896,764.3070330176997,505.6828451244219,841.0548099167645,3.0429538058898847e-05,-0.1102737565414705,96,69,96.46810763252874
16411,933.880336446818,159097.73861522586,75298.65963247318,76632.77020112034,2323.4674672175897,758.774444117691,500.22181075951084,849.3963524139544,-5.34103629037927e-05,-0.1029976487859127,96,69,96.46353724412263
16412,933.8978749448336,159087.53601437563,75301.92573071447,76635.18724104323,2296.5850452348823,755.223597699427,495.18196088902187,866.8408348105149,5.575737849765376e-05,-0.1084857098472562,96,69,96.45896109470642
16413,933.900900768895,159089.0228278153,75345.3927621144,76650.69213655959,2269.241545273806,752.1209051115293,490.57192649136414,871.334117201739,-3.656690600904623e-05,-0.0942955669665213,96,69,96.45437935818468
16414,933.9174856261892,159117.24708450263,75319.33177857107,76646.49659254804,2237.2939540875377,746.3283760153281,485.20564341224963,882.9226070869772,3.254585199301539e-06,-0.084394852552722,96,69,96.44979220865946
16415,933.9203054272984,159082.16833818812,75291.52193583641,76657.38761396831,2199.835689912492,737.9377307235845,478.94886893220246,881.7509466822958,3.1310199236464326e-05,-0.0799832479698386,96,69,96.4451998204238
16416,933.937846907727,159117.77192220543,75337.76244930422,76628.84423268399,2156.901292265451,725.9695322841872,470.79311045238865,888.6999547166342,-5.377608341948405e-05,-0.0517190667918011,96,69,96.44060236795298
16417,933.9408142820556,159123.9827655745,75302.26354306213,76634.8455574436,2112.5350980547955,713.0200146022544,461.54034778638743,883.3074641678832,5.546696444999934e-05,-0.0371174891853629,96,69,96.43600002589748
16418,933.9573730717076,159114.7782275901,75312.8959002998,76649.3155819924,2070.0537178600207,699.6094573783048,451.2241940872336,886.6865643716301,-3.5732627011017166e-05,-0.0296119615538771,96,69,96.43139296907498
16419,933.9602833738138,159122.31668572652,75318.74519339108,76654.13572284016,2035.387487158354,688.9833481553651,441.77620228842716,880.5826150471985,2.1987718525071576e-06,-0.0085307509064608,96,69,96.42678137246249
16420,933.9778110084056,159124.00113910553,75331.54301113005,76642.57679130162,2011.1910105008865,681.1925595575158,433.88791869417764,886.3457934653561,3.217968980387916e-05,-0.0030396933303692,96,69,96.42216541118916
16421,933.9807255266528,159155.71747063572,75330.55907429846,76638.15161763829,2001.4838068996323,678.657187228906,429.78058803718886,884.4490757863387,-5.412342162965247e-05,-0.0092546903630825,96,69,96.41754526052824
16422,933.9972614045698,159144.57459570697,75342.7371529724,76646.38296057131,2005.0411392475362,679.9281234954542,429.51620031666243,895.5787252285809,5.515805874273015e-05,-0.0045521877418232,96,69,96.41292109588916
16423,934.0002719753164,159137.59738097823,75359.08748511093,76646.68686763906,2021.6346097845817,685.9849260874471,434.111495753692,900.8308836781362,-3.488688904109734e-05,-0.0190108146225227,96,69,96.40829309281028
16424,934.0177632915764,159131.34281106867,75342.0652098142,76658.47178686269,2045.5698686849792,694.0488713038649,441.90640831453493,918.9904644383059,1.1429578818701052e-06,-0.060086802607911,96,69,96.403661426951
16425,934.0206393266324,159144.57569978732,75343.95852298808,76670.50261340864,2073.619298076199,704.3860619438783,452.3228077770618,928.2031733706535,3.303772446355243e-05,-0.0836317655275226,96,69,96.39902627408364
16426,934.037146086926,159120.4026687409,75360.31374265399,76646.81200108165,2098.137195206131,713.5422394757479,462.21713426339556,945.8421605776821,-5.445227409277849e-05,-0.1110396962403684,96,69,96.39438781008656
16427,934.040277705498,159113.14146191088,75345.02667786626,76656.9960805668,2116.151061366545,721.4928329581162,470.2743808910891,951.0861796908139,5.483077802106792e-05,-0.1298812268469162,96,69,96.38974621093556
16428,934.057692455583,159104.88262037348,75346.44017832726,76611.34693002778,2121.8871460450464,724.7789396232547,473.4865375707741,961.1241708227608,-3.402998528014739e-05,-0.1448473049558513,96,69,96.38510165269687
16429,934.0605727691584,159115.05758287807,75331.93429622248,76653.63481868032,2115.7234341243166,723.8840660775168,471.7970620919659,955.4519125113147,8.749877789274843e-08,-0.1651246303637497,96,69,96.38045431151887
16430,934.0770006574556,159138.25610696763,75360.70947938348,76642.36284324419,2094.726937528292,715.8677663025883,463.9915462360659,953.3684872718586,3.3884021711101724e-05,-0.1616905364482221,96,69,96.3758043636247
16431,934.0803533307642,159180.73277660066,75382.4553228086,76677.84827912685,2061.4958583490807,702.0961469624453,452.1525149514782,937.9876236714481,-5.476254217985507e-05,-0.1603375729617852,96,69,96.37115198530464
16432,934.0974363103072,159184.6396566352,75326.42826921167,76655.09961666183,2014.4212152688997,680.962258547559,436.9202652233653,928.7355121755973,5.4485246084594126e-05,-0.152684861451132,96,69,96.36649735290788
16433,934.0997497737916,159213.58438306174,75365.34588257434,76640.18469808208,1957.2188092418946,655.5223814687633,421.44143731170334,907.8319587077713,-3.3162212608112565e-05,-0.1750834364769324,96,69,96.3618406428355
16434,934.1170384394426,159224.15685817358,75367.55256188153,76677.91543280803,1888.766096450563,625.2976292716048,405.8270969350415,895.9139798615943,-9.672492554754037e-07,-0.1811993476267424,96,69,96.35718203153225
16435,934.1202948837272,159221.24637953186,75330.10576900588,76652.03341737378,1814.3750169277191,594.3339841299749,391.825552542723,873.9911704464175,3.4718304515566634e-05,-0.1523771864486494,96,69,96.35252169547904
16436,934.1373391914268,159291.09154200653,75378.89063505868,76666.55043921384,1734.8714384026825,562.4193881755346,377.64140155664063,860.2474164145533,-5.505413468410607e-05,-0.1529197740735069,96,69,96.3478598111852
16437,934.1396556339188,159306.80186429055,75340.09133962724,76675.5528365491,1657.1895310825785,533.0345798078051,363.476762889215,835.7385102009866,5.41215919072086e-05,-0.142261197247625,96,69,96.34319655518073
16438,934.1570225644404,159307.9263295029,75369.83544968409,76648.92791891686,1582.2716134889633,504.7469613734138,346.83837799404864,819.7728445605317,-3.228387137876256e-05,-0.1380656933882283,96,69,96.33853210400868
16439,934.1602516380256,159363.4789193708,75320.81372084135,76664.78436961176,1515.8524599238299,480.0393442046916,328.6192739170219,793.4680689495872,-2.0209310542190027e-06,-0.131559676860403,96,69,96.3338666342176
16440,934.1772276591494,159401.71167171537,75353.19933987662,76655.97588605144,1456.010983094573,456.8579589630099,307.84549578421866,775.0491979667859,3.554029972258434e-05,-0.1226145359091158,96,69,96.32920032235334
16441,934.1795746050008,159429.88117383394,75349.7523556073,76678.73160480394,1404.5461207506014,437.3489132327086,287.11206456203945,746.6263459603651,-5.532696616872809e-05,-0.1242495047515818,96,69,96.32453334495206
16442,934.197006037523,159423.0753436287,75341.17208853916,76654.87926734141,1355.6703897709958,419.2507620727556,266.61666580705787,727.4301220859052,5.37399508892914e-05,-0.1215760879197351,96,69,96.31986587853196
16443,934.2002033729854,159481.59218932176,75350.05737315898,76678.44127568154,1309.0859309260268,404.66135863676027,249.4903610063775,698.9784500388196,-3.139526512990655e-05,-0.1115636381277145,96,69,96.3151980995861
16444,934.2171123335892,159526.83934553343,75387.29392827512,76662.51487045301,1258.9785025363672,391.07101256537135,235.4497030423954,678.9342381800234,-3.0731919852666478e-06,-0.1139562720204414,96,69,96.3105301845742
16445,934.2195018306712,159519.64136513002,75381.17743716971,76655.15819121171,1206.7561029160279,379.98334855711437,226.23350079427473,649.617519807216,3.634973881403697e-05,-0.122128905530588,96,69,96.30586230991548
16446,934.2369908877118,159579.77215842967,75361.03241505867,76671.76716796122,1149.6583835770725,368.4251609551429,219.69305916086887,629.5291730774043,-5.558095782136285e-05,-0.1206094994083225,96,69,96.30119465198052
16447,934.240147802802,159596.4898688412,75384.33464895622,76672.6855277298,1092.9178782093804,358.07274910037813,216.11466200687573,600.4435242320178,5.334046447925077e-05,-0.1242116644102114,96,69,96.29652738708424
16448,934.2569956163424,159631.3962579918,75362.49082421047,76685.83267287334,1037.0414462488843,346.611826758337,212.59088039159542,579.6410689060576,-3.0496700914444643e-05,-0.1192141641156182,96,69,96.29186069147772
16449,934.259436704092,159690.8783411378,75368.27770848123,76681.0256624106,988.5888463631272,336.27635607101547,209.4787926741992,549.9360022401379,-4.123678224470876e-06,-0.0990626017420643,96,69,96.28719474134074
16450,934.2769765377952,159691.994846479,75366.23325584934,76663.48551012854,947.3255484430119,325.10237324712216,204.67450585850747,529.2568197207584,3.714635746403859e-05,-0.1070083480701317,96,69,96.28252971277408
16451,934.2800843881032,159734.90266063277,75376.69811755847,76679.97156303417,917.1501315656351,315.3482041744428,199.86466539444518,499.71539243130246,-5.5816037087547255e-05,-0.1069640443479643,96,69,96.27786578179234
16452,934.296878930328,159725.09375147754,75383.52695131453,76694.75291421814,893.7382643789751,304.69607673240534,194.03162890451495,478.2843702107202,5.2923279795976096e-05,-0.093906727600062,96,69,96.2732031243155
16453,934.2993791102824,159784.8134420493,75375.12551559291,76673.62581247673,876.1688483568723,294.66991603319184,189.2100542616099,448.5123651062022,-2.9588488610603246e-05,-0.1085747029218588,96,69,96.26854191616223
16454,934.3169619440504,159853.6042600404,75390.88584787516,76683.02927290919,856.7499288234976,282.65502395291696,184.02827581885504,428.09221032241476,-5.172036679132703e-06,-0.1178491075856809,96,69,96.26388233304164
16455,934.320013074776,159851.3531109721,75372.56666699571,76669.23972699045,833.8072914312943,270.5745282412827,179.88274365695543,399.6610840463254,3.792989620312236e-05,-0.0974078374874253,96,69,96.25922455054604
16456,934.3367634847334,159894.8288999948,75374.56459966188,76700.61971735019,801.8230728569906,256.74910950935737,174.6736916981754,379.4589412881178,-5.603213805724339e-05,-0.1064226974153611,96,69,96.25456874414331
16457,934.3393289121054,159923.86372266783,75370.9133635968,76679.05598423706,762.8220397781697,243.77090323380253,169.2729631824477,350.6125197276997,5.248855020703748e-05,-0.0989923291201679,96,69,96.2499150891693
16458,934.3569459640236,159909.6114016699,75387.89884098139,76700.2261282739,715.8239651052863,230.3368476083415,161.65404794143979,329.01006344897905,-2.8670941491111003e-05,-0.0851987874106738,96,69,96.24526376082017
16459,934.3599340609012,159982.46017709072,75403.79447826478,76699.86518556433,666.3099492304027,218.7139774471434,153.40569106463226,296.64938918154803,-6.217915229736249e-06,-0.0868444929126242,96,69,96.240614934145
16460,934.3766504100362,160028.72273749346,75360.61789414297,76699.79876311337,614.7047352039954,206.6676412072411,143.3002234279411,269.01370836416027,3.8700099839251496e-05,-0.0881460912689611,96,69,96.23596878403852
16461,934.3792858390278,160064.22056809996,75392.89303055969,76681.27723550549,564.8469180918764,194.9027544335113,133.21835511227255,230.34535589173902,-5.622920123887897e-05,-0.0725687357202092,96,69,96.23132548523296
16462,934.3969274639207,160086.45263353208,75376.39767288804,76714.33073979175,514.0319533427828,180.02622287643317,121.60820927863824,197.51207693325705,5.203643446315006e-05,-0.0567506740335204,96,69,96.22668521229129
16463,934.3998477336298,160156.53739223498,75376.08486085257,76683.9353892841,462.1392333214171,162.15541911103355,109.5057701029873,155.09862087317742,-2.774437556127453e-05,-0.0400768817287306,96,69,96.222048139599
16464,934.4165407748555,160199.89724886845,75395.13492815878,76720.6253162955,403.51252064295113,138.29654576953908,94.32313762669219,120.43795893358765,-7.260962902324866e-06,-0.0389549393856837,96,69,96.21741444135718
16465,934.4192494622424,160212.62689720414,75397.96913137402,76694.90160091581,336.7874951023259,109.77050351418438,76.59026603100938,80.23388248955598,3.945671776166883e-05,-0.0599120822169699,96,69,96.21278429157492
16466,934.4369053670669,160259.53800139017,75383.27262943579,76704.65151019236,259.0683712013997,76.35195761323848,54.78283367230324,52.22178060162696,-5.640717342347024e-05,-0.0620100557623154,96,69,96.20815786406185
16467,934.4397546437252,160319.62739981545,75394.6367560111,76669.6078903275,175.47177757829195,43.21288796250883,32.30248776660301,22.288979286153335,5.156709730262488e-05,-0.0676756746511715,96,69,96.20353533242026
16468,934.4564355739278,160327.9810704073,75394.33901847425,76711.65255764531,93.29808043810772,14.737008246360347,11.632948147918796,7.525571719248546,-2.680910956837985e-05,-0.0743728728455439,96,69,96.19891687003874
16469,934.4592191954582,160324.24067748795,75402.64232134425,76695.71964787546,28.875620942155365,-0.0,-0.0,-5.311184999998659,-8.300829748445713e-06,-0.0734614620221209,96,69,96.19430265008384
16470,934.4768786848628,160360.53106103363,75385.53068389639,76702.42831073886,-0.0,5.884408282145159,2.3118683376233093,-0.0,4.0199504687825005e-05,-0.0898349833785094,96,69,96.18969284549276
16471,934.4796554883384,160340.78907243095,75402.74500431353,76715.98633325628,28.271966846950818,40.69599236853537,25.43714575204649,8.598589478671784,-5.656600806173259e-05,-0.0873750268431459,96,69,96.1850876289665
16472,934.4963357089248,160273.7608676078,75374.47831584382,76657.91307887864,129.3244205911178,106.77456102528959,70.478708226874,35.70501058548689,5.108070924430617e-05,-0.0755274492845026,96,69,96.18048717296216
16473,934.4991943057933,160301.06228931542,75383.48251940054,76700.67992478491,312.9168153280043,203.97640522498114,137.48472393187694,67.00896803970682,-2.5865465288984188e-05,-0.0644593987682853,96,69,96.17589164968554
16474,934.5168465408968,160273.55092855127,75401.1288656519,76654.54846205805,575.7082053251797,324.6021274518571,219.61846716277068,116.44297234911937,-9.337167513090474e-06,-0.064062065374061,96,69,96.17130123108412
16475,934.5195510940492,160194.8121353198,75387.26581051706,76680.74472427339,903.9335350233596,458.9155064761435,309.8940959898755,167.746350641537,4.0928219599058886e-05,-0.0020041601080724,96,69,96.16671608883924
16476,934.5362419687248,160140.90719487905,75398.8793399831,76668.47900515755,1272.165825801727,592.9610621402244,397.23075089926715,233.49771202812553,-5.670566492499569e-05,0.2313976876451593,96,69,96.16213639435948
16477,934.539173929947,160076.53601634016,75393.87799061934,76681.25302041319,1650.0011579933926,715.2882724888623,474.2220693809213,297.5505394435895,5.05774460658629e-05,0.3999962180973619,96,69,96.1575623187728
16478,934.5568081911454,160020.32402726114,75355.51288857445,76703.36355972564,2005.340354954591,815.4800773859752,533.35678824762,371.19783598330105,-2.491376659064093e-05,0.0033417182698076,96,69,96.15299403291964
16479,934.5594423979152,159915.23553438834,75388.08188299567,76722.48307289039,2311.0652179868775,889.0335937425989,573.3615804942383,437.39352598867845,-1.0369628891342304e-05,-0.3821084201031697,96,69,96.14843170734557
16480,934.5761550116694,159894.7752203922,75369.5361961657,76682.13118383527,2547.846587300359,934.0544457520882,593.5024797954538,507.96522757798084,4.164262673078841e-05,-0.1169529156592781,96,69,96.14387551229396
16481,934.5791570936384,159838.38255750877,75361.37018588636,76695.41372006327,2706.8109985694755,953.626401570873,598.1786768507736,567.9675686256087,-5.682611051191312e-05,-0.0473645286134391,96,69,96.13932561769894
16482,934.5967630410172,159786.6415298791,75362.27126280918,76677.29890803008,2789.3121084296145,951.6225635016744,590.4586104296322,629.5930385813408,5.0057489690658817e-05,-0.0886161116997693,96,69,96.13478219317844
16483,934.5993304259598,159743.3662114321,75372.35835944647,76698.18622018819,2804.839984086284,934.1511088997504,576.2091337204911,678.177860548516,-2.395434015267069e-05,-0.0433441761982806,96,69,96.1302454080264
16484,934.6160753509104,159666.6638268449,75367.5481088452,76683.74097679548,2768.8572164240177,906.0604830736702,557.9282876997022,726.9361430809076,-1.1397868577987205e-05,-0.0909708691745268,96,69,96.12571543120616
16485,934.6191427333092,159633.2303692683,75371.41962892484,76670.6611900339,2698.596695800312,872.7918087012222,539.5737769485859,763.1271980909805,4.234249495844914e-05,-0.0651738129110594,96,69,96.12119243134312
16486,934.6367106594176,159631.69247435665,75346.97220703332,76686.6040852996,2611.7907050054055,838.0899538676895,521.4823151864402,800.0292927375122,-5.692731777792356e-05,-0.0562737238134549,96,69,96.11667657671784
16487,934.6392162691824,159595.6058788976,75367.76129358639,76677.44959346742,2522.66560914024,805.8601565442805,505.6500901488762,825.1233611458156,4.952102707295564e-05,-0.0622967996424249,96,69,96.11216803525885
16488,934.6560033436812,159597.50300379295,75377.03160625495,76701.59625449983,2442.877459843643,778.3233470435516,491.00177230956615,852.5030415655347,-2.298751516401413e-05,-0.0456635284551079,96,69,96.1076669745352
16489,934.6591297191612,159567.88993836788,75366.36738604536,76661.90419064861,2378.188817153219,757.4294976575329,478.7495325593627,870.7603126665636,-1.2421542657074302e-05,-0.0495600796225493,96,69,96.10317356175028
16490,934.6766507898622,159553.37970322612,75379.84791238785,76671.11142316056,2331.44910073519,743.2956300577498,467.75181059437455,892.8266831542423,4.30275987110259e-05,-0.0380974460624434,96,69,96.098687963734
16491,934.6791010571972,159523.326148007,75354.93365392475,76649.30200287105,2299.883268085541,735.2738541381841,459.32119475724176,906.3560707952129,-5.700926576190826e-05,-0.0225413515472043,96,69,96.09421034693626
16492,934.695939185053,159515.47802694954,75364.91479359163,76644.00045005331,2279.9218356892234,731.0637540384487,452.24138670307,924.1977689064806,4.896825061904797e-05,-0.0225007176939386,96,69,96.08974087741984
16493,934.699116878577,159514.7974274469,75345.35769214138,76655.10421950911,2264.496842309134,728.0223692645959,447.38140459760325,934.6285067011195,-2.201362287742579e-05,-0.0180606774214174,96,69,96.08527972085336
16494,934.7165833588836,159530.71364780588,75379.04325237796,76682.79326405468,2248.6935827072593,723.1954460152047,442.96477362618316,949.502620341169,-1.3440309158223829e-05,-0.0075396997863979,96,69,96.08082704250457
16495,934.7189859295912,159495.0706604245,75377.60316004236,76676.23687081061,2226.3989201583317,714.5857881215197,439.16935928416206,956.8445505106065,4.369771718639912e-05,-0.0129693717737531,96,69,96.07638300723322
16496,934.7358829070104,159513.5785869447,75331.5423288548,76664.97631672514,2196.2298567216494,701.3987335331622,433.7629051852564,969.0129054576682,-5.707194072327543e-05,-0.0041311295386917,96,69,96.07194777948452
16497,934.7391030187284,159487.98552201403,75343.793214607,76651.14905406382,2156.815655825194,684.4466226697114,427.00995356345084,974.833671365981,4.839935842378916e-05,0.0178019452886913,96,69,96.06752152328173
16498,934.7565084823484,159485.15166380416,75344.72189857923,76658.24803301622,2112.223101057287,665.8532270594296,417.58391244508675,985.7440166423621,-2.103299692907608e-05,0.0128350488497059,96,69,96.06310440222
16499,934.7588720046756,159480.08781174457,75338.75286053037,76657.03089009215,2065.7575828608824,648.3076537265588,407.00687405388453,990.5170867200941,-1.4453827577793377e-05,0.0279661584588711,96,69,96.05869657945895
16500,934.7758343839188,159479.48598901433,75341.97236491446,76674.4432627362,2024.9724566423683,634.5523929196934,395.23424010688905,1001.1685345933947,4.435263482181625e-05,0.0549679636662907,96,69,96.05429821771634
16501,934.7790869464434,159472.07526364297,75325.62472809623,76662.68842135693,1994.1029222998768,626.3136584940366,384.75024567209766,1007.0063578018453,-5.7115335187534125e-05,0.0582269487189352,96,69,96.04990947926136
16502,934.7964264711494,159515.3606199037,75325.67934149005,76679.93853027356,1979.1501783351996,624.4974489783199,376.0974213119189,1018.6049749943195,4.7814553759024895e-05,0.0550695368882328,96,69,96.04553052590728
16503,934.7987603444662,159452.08678492435,75358.32851589702,76665.75218009291,1980.289944154676,628.5489327099349,371.605502798775,1024.4929162763874,-2.0045972462219185e-05,0.062648822086117,96,69,96.0411615190053
16504,934.8157933465922,159461.6913360051,75363.24757511109,76664.61078115083,1998.150306717609,637.5559563989518,371.0102121536911,1034.899485735281,-1.546176028776349e-05,0.0507694181035177,96,69,96.036802619438
16505,934.8190674822506,159470.74219378983,75382.15860603197,76664.34840267373,2026.6699274943676,649.6303431349661,375.31372404992,1038.242997060559,4.4992141716545175e-05,0.0186602868425486,96,69,96.03245398761224
16506,934.8363378394124,159460.08933036862,75346.12707690882,76660.69815474062,2060.9310144145857,663.2027062990383,382.7677734782628,1043.6639798154647,-5.71394477309675e-05,-0.0122365397375657,96,69,96.02811578345252
16507,934.8386519126748,159449.39431811165,75364.65661162815,76691.28029615586,2091.2209443149623,675.9775461456156,392.7496212341066,1040.2619760759408,4.721404500915717e-05,-0.0607389151653926,96,69,96.0237881663951
16508,934.8557594094706,159471.0980148458,75332.21862689302,76652.02874144547,2112.2844669420156,686.335547495546,402.1880753849691,1038.744578749407,-1.9052887059238424e-05,-0.0928225231100995,96,69,96.01947129538048
16509,934.8590434622294,159517.04578136484,75359.22403026841,76674.56967258932,2117.1119081434445,692.0501484300912,409.79035495224525,1029.7434475209157,-1.6463770830656735e-05,-0.087184594188325,96,69,96.01516532884769
16510,934.8762433223966,159511.06239570593,75394.73807599575,76676.6735589543,2105.632709624013,692.0509324113664,412.8306170902797,1023.767961196223,4.561603271433246e-05,-0.0927372760665496,96,69,96.01087042472685
16511,934.8785475175422,159480.34935600622,75378.08568493958,76688.76618890006,2076.883966860245,685.0637648376287,411.1022589278873,1011.8556139949069,-5.714428395023238e-05,-0.0911248900652337,96,69,96.0065867404338
16512,934.8957321217242,159522.0444405216,75362.80184006148,76684.10783638159,2036.1507112443796,671.4725481952628,403.547450656828,1004.5257181923953,4.659804567930528e-05,-0.0801562238822372,96,69,96.00231443286292
16513,934.8990137133254,159548.69622091364,75364.2309104955,76679.1774334355,1985.342086079996,651.3882633406902,391.73278139467584,992.1304642934701,-1.8054079900486936e-05,-0.0730353813816316,96,69,95.99805365838068
16514,934.916143921894,159577.9979958044,75360.97903646273,76685.56839177813,1929.9036107496358,626.3828734187991,376.10563930371427,983.0933406045078,-1.7459525676906572e-05,-0.073946286777761,96,69,95.99380457281966
16515,934.9184477175328,159571.52011902686,75380.78182612175,76694.7415036235,1869.8635754701681,597.2989207761129,358.8964927690977,967.1787581096578,4.622410848189859e-05,-0.0741946487291133,96,69,95.98956733147172
16516,934.9357110711074,159574.32091825883,75367.82003298681,76661.20677043895,1808.1018474011798,566.2299082638056,340.48888148381957,952.8929080422677,-5.712985589319717e-05,-0.0845640719409779,96,69,95.98534208908212
16517,934.9389769636012,159585.9238693766,75371.98870131967,76682.71722032214,1742.3493112599826,534.2333085659338,322.5276671751926,930.5795239916188,4.596677456787827e-05,-0.0927885102728126,96,69,95.98112899984284
16518,934.9560410294678,159665.156174612,75392.0633680669,76694.22933626988,1674.4976145369583,503.5578236823203,304.7370199744764,908.9500850044715,-1.7049891880595818e-05,-0.0716732033954164,96,69,95.97692821738636
16519,934.9583526237376,159669.03274720785,75366.83896238226,76687.32000943742,1602.9688652189798,475.1983477658214,288.1127321582171,880.2476744490268,-1.844869336095873e-05,-0.0819234020846007,96,69,95.97273989477972
16520,934.9756961302334,159687.42460061642,75382.3093233991,76693.444612887,1531.4964004161884,451.0715280960285,272.10821794104413,854.8262231521658,4.68161752077304e-05,-0.0984268425932621,96,69,95.96856418451792
16521,934.9789315638068,159754.2232892077,75415.40439093416,76675.70096798075,1460.2873648570385,431.19845818892645,257.78757722955197,825.5461618214904,-5.709618183929314e-05,-0.0828282799973422,96,69,95.96440123851798
16522,934.9959367990216,159762.5689387992,75388.85254272238,76665.80991056803,1394.0030570221134,416.09817364561604,244.86999801339698,801.5154405628855,4.532045548486512e-05,-0.0778402225665144,96,69,95.9602512081127
16523,934.9982613573826,159788.82412972354,75392.03033058583,76655.23029626136,1332.6584019568982,404.2327471537137,234.3293449601042,774.93461668276,-1.6040665572112614e-05,-0.0736362738599515,96,69,95.9561142440444
16524,935.0156881938564,159807.88352094227,75397.51116261038,76682.99611712845,1279.416144705494,394.9269355436845,225.43942214202252,753.7203926475777,-1.943094480162662e-05,-0.0660364144978861,96,69,95.951990496459
16525,935.0188745051807,159860.37411182863,75403.76560566976,76677.32279953163,1231.7118595803622,385.9879740960314,218.4380621764867,728.7753974854131,4.739204433658545e-05,-0.075615678839527,96,69,95.94788011490004
16526,935.0358355482034,159847.43106029084,75417.21578563761,76681.96354764102,1189.8561427309178,376.9450568541797,211.99740971045685,706.6188533636159,-5.7043286926691136e-05,-0.0748036654478141,96,69,95.94378324830257
16527,935.0381699466452,159874.06977289604,75396.30463113019,76696.73469487739,1149.391682956135,366.5417862084141,206.03893357061315,678.9706236235215,4.4659316628820975e-05,-0.0653767395268978,96,69,95.93970004498672
16528,935.0556923779532,159943.34242023184,75375.62265003286,76661.07673838573,1110.1133535202825,355.639827953506,199.56981660894235,653.5361226839304,-1.5026744956843556e-05,-0.0675059841163421,96,69,95.93563065265263
16529,935.0587963851584,159959.43180473987,75398.9114744804,76704.67588700994,1068.4800737380865,344.02368706547713,193.30414746748284,623.1449817606481,-2.04059536355538e-05,-0.0648621976596209,96,69,95.93157521837388
16530,935.0757522319254,159999.34845636802,75381.6633592021,76701.65795851471,1026.146070504852,333.03569480855367,187.1749400665576,595.7310948951344,4.795153316622508e-05,-0.0607276477085095,96,69,95.9275338885916
16531,935.0780557955144,160014.02886907553,75427.04290246424,76692.07518482702,981.901809180039,322.25961675883445,182.28787377744447,565.0200698856206,-5.697120233590958e-05,-0.0642997862008111,96,69,95.92350680910884
16532,935.0957502289682,160065.3219449522,75374.61811679111,76696.32313852609,939.0216010761214,312.36125589124276,178.3409894258366,538.7654929425626,4.398359178433492e-05,-0.0642659218311743,96,69,95.91949412508475
16533,935.0985962660864,160071.08636583202,75381.39322137102,76694.78419582109,896.7298899873858,302.0192254778667,175.56903490418335,509.6698062212672,-1.40084751801455e-05,-0.0524709546515905,96,69,95.9154959810284
16534,935.116250799378,160109.0351015774,75383.23033728513,76687.10004300765,857.5346005722531,291.37196219313773,172.57201693669776,484.209353588114,-2.1373395957607577e-05,-0.065479866790628,96,69,95.91151252079374
16535,935.1183554947172,160143.35762454913,75396.23157786297,76676.85278121395,819.3255102293915,279.13069011474727,168.62345166585874,454.7652440874663,4.8494464422621786e-05,-0.0894674503685871,96,69,95.90754388757298
16536,935.1355677001028,160181.9085815307,75392.68561078052,76718.71282247099,783.0600072784582,266.0489034867787,162.0486914148787,427.71079745105817,-5.687996604296073e-05,-0.0693625516092322,96,69,95.90359022389184
16537,935.1386570583128,160199.74769022985,75400.11858008135,76700.07735402555,745.8361099216272,251.70076198707102,152.59148478679708,396.43429003003985,4.329351903113197e-05,-0.0669213884848865,96,69,95.89965167160308
16538,935.1561114515026,160216.90006410237,75390.88127274526,76699.14903161519,708.4571597243776,237.4774868755485,139.90924056031508,367.2943714305293,-1.2986202810931385e-05,-0.0706175043054333,96,69,95.8957283718813
16539,935.1582841975865,160271.14331575923,75404.1284970132,76698.61537895391,669.0579869874055,223.15179817497847,125.3477505222836,334.6664119079069,-2.23329511506738e-05,-0.058352599813313,96,69,95.89182046521736
16540,935.175502357755,160333.8226274979,75392.26191966461,76704.38254281224,629.6137904029456,209.72599754174007,110.0424122979748,305.47267873884994,4.902066674070608e-05,-0.06177547957618,96,69,95.88792809141272
16541,935.1786574174926,160312.19702210807,75413.16494562317,76703.26509483039,588.9319113488891,195.99208815996826,96.03474758844823,274.2668922326993,-5.676962224324474e-05,-0.0563811276673776,96,69,95.88405138957404
16542,935.1960007161612,160384.86798043043,75396.74553570483,76666.75511094074,547.9720089306938,181.65345323902147,84.16203470501932,246.41004218219314,4.258934134339364e-05,-0.0515587287742853,96,69,95.8801904981072
16543,935.198192896744,160409.6646763194,75431.37081232257,76702.00513246052,503.4707856386085,164.4868989346578,74.95622418593848,215.59403037608718,-1.1960275533048518e-05,-0.0549870490481261,96,69,95.87634555471296
16544,935.2154612341848,160429.96769240097,75399.32765657254,76663.73171596597,453.54618300986476,143.89205190859502,67.1342549007677,186.45604405886843,-2.3284300795808555e-05,-0.0638971391921929,96,69,95.87251669638034
16545,935.2186390320386,160439.1194378035,75423.87780266877,76691.09827041635,393.19215409306344,118.3069486557215,59.211585648707114,152.90489265907672,4.952997440645498e-05,-0.0549738676585408,96,69,95.86870405938213
16546,935.2358954980664,160517.5875159974,75406.32805523387,76728.80710958064,321.0555354367243,88.85704835792421,49.073666188371135,119.89447736224975,-5.66402218274474e-05,-0.0378686203610528,96,69,95.86490777926905
16547,935.238097060582,160535.7183287626,75416.79260764978,76679.3425432905,236.91254095779732,56.90235734610178,36.08609672851162,83.67287016427144,4.1871306073454606e-05,-0.0203376157987962,96,69,95.8611279908647
16548,935.2554342384922,160558.4961078608,75413.23722418946,76730.56328977075,148.02125279506436,27.35945304861525,20.97536654319265,51.87150283672963,-1.0931041887072696e-05,-0.0199952484017648,96,69,95.8573648282602
16549,935.2586071182402,160592.89220702642,75421.62703619323,76723.36841689817,65.92278399516363,5.643419628831907,7.251081970374798,23.31726500511286,-2.4227129976020225e-05,-0.0443171607498604,96,69,95.85361842480911
16550,935.2757927740352,160653.8918647006,75409.47042739877,76703.10827997304,9.67865500296466,-0.0,-0.0,6.349001904891338,5.002222762189073e-05,-0.0427171903994111,96,69,95.84988891312211
16551,935.2779996362984,160619.7012189896,75435.75383526855,76697.90542822304,-0.0,17.404631008394063,5.574139872478554,-0.0,-5.649182168865883e-05,-0.0460369435879202,96,69,95.84617642506196
16552,935.2954197657768,160646.24853547633,75428.90358691126,76716.33550857987,58.185354072309565,64.56349981747917,29.23104218899971,10.952700229856418,4.113966524714643e-05,-0.0567155071141956,96,69,95.84248109173826
16553,935.2985603377596,160585.30028348183,75414.22503270512,76680.39596161967,198.30678979557706,143.14391469529073,74.11810381978285,35.530971010331996,-9.898851425391912e-06,-0.0523003788071642,96,69,95.8388030435027
16554,935.3156955020884,160540.55508315383,75445.73526996377,76692.75599048237,425.06488414289197,251.1592844905972,139.50564150945866,76.50962868193164,-2.516112648228151e-05,-0.0493626209096978,96,69,95.8351424099435
16555,935.3178975453212,160521.87041505252,75405.34033883245,76707.81675517373,729.2342304069898,380.1504414171941,220.9990080857824,127.65385167239583,5.049727251459258e-05,-0.0482341446607389,96,69,95.831499319881
16556,935.3354228742102,160436.9262057741,75414.25741201328,76725.22520166809,1089.8200644028839,519.0484263412509,310.8423148293223,189.76093864114955,-5.632448564316887e-05,-0.0427974482626687,96,69,95.8278739013624
16557,935.3384886850372,160392.28397950158,75413.0304872342,76700.42067093778,1476.4049907516455,653.913860207409,399.8014969523356,255.88331875481526,4.03946753334997e-05,-0.034370598971414,96,69,95.82426628165707
16558,935.3556195806711,160308.866802707,75397.72744596298,76693.24127154777,1855.8199690739857,773.1952019282326,478.7338176717167,326.4766231039539,-8.864054400681895e-06,-0.0415440918476824,96,69,95.82067658725128
16559,935.3577665888198,160239.11771602384,75428.6179660299,76705.70107613673,2197.6922741481103,867.5034501174232,540.539895683527,395.8509429093392,-2.6085982059987444e-05,0.0171654515487919,96,69,95.8171049438437
16560,935.375487852016,160189.09974865956,75408.45447762261,76696.44455993375,2479.4740747986943,933.1284403012687,581.2023748838692,465.5816488201672,5.095496080096109e-05,0.2455627019442207,96,69,95.81355147634068
16561,935.378289594516,160106.34557988873,75412.41841449712,76693.09775955568,2689.1267960931873,969.5665704404528,600.3279075715691,531.0743394672754,-5.6138282955866505e-05,0.4344957942282402,96,69,95.81001630885125
16562,935.3960145160648,160059.20552720557,75408.24903704278,76706.64542710445,2824.527088922099,980.9107684761839,600.7595592910075,594.2635970943957,3.963659681407115e-05,0.0477002427089927,96,69,95.8064995646828
16563,935.3981807154064,160010.52182663692,75400.54428878507,76673.17274537422,2892.4353971416713,972.207643039932,587.5845983840991,651.2793976510584,-7.82700149552021e-06,-0.3689995352811667,96,69,95.80300136633564
16564,935.4152868802804,159932.90734859667,75398.43167940472,76679.70928084594,2904.2610294512124,950.3282651686604,566.8742962051474,704.156958535139,-2.700139069958863e-05,-0.1176104519506619,96,69,95.79952183549948
16565,935.418354413455,159884.3290994205,75409.78321074277,76711.62534984377,2874.751558382879,920.8061885077186,544.1950707135256,749.8358860235312,5.139515053823644e-05,-0.0566151579820236,96,69,95.79606109304792
16566,935.4358858684172,159856.71673982157,75377.90850924554,76690.84168847614,2817.741628486954,889.1875774434011,523.7316442098527,790.4760145662876,-5.593329023251952e-05,-0.0982347726935162,96,69,95.7926192590344
16567,935.438103724009,159848.13940260836,75444.37434869142,76711.58641767204,2746.90858703485,858.8378290113469,507.5445192673651,824.025580443762,3.8865694668875694e-05,-0.0415093566511358,96,69,95.78919645268756
16568,935.4552139499996,159773.01798402774,75421.85001775488,76702.74285390376,2672.3628930053674,832.7611764036701,495.95169715577504,853.388310008304,-6.788044131781315e-06,-0.0835228180638073,96,69,95.78579279240653
16569,935.45835792557,159793.9292770978,75425.78654111449,76684.43118870299,2603.37194917287,811.8916964026575,487.7936379205494,877.4530041594408,-2.790705057960081e-05,-0.0659780130377861,96,69,95.78240839575729
16570,935.475785605342,159748.18538559906,75412.33486752621,76687.84271396502,2544.906559523195,796.9404833831213,481.59234000285505,898.9095201040909,5.181770545346927e-05,-0.051124300066363,96,69,95.77904337946718
16571,935.47800549033,159747.29421674472,75398.25384585047,76691.18469359573,2500.995561205491,786.9901114901731,475.8478996385529,916.699340241641,-5.570958963943118e-05,-0.0602832117754104,96,69,95.77569785942188
16572,935.495165695577,159723.46180763826,75402.26022725299,76691.63036274702,2470.5544859715737,781.239655393234,469.86722535206354,933.0232119061402,3.808223829188005e-05,-0.0525640359198157,96,69,95.77237195065962
16573,935.4983443640244,159715.940643435,75395.81771023264,76710.08669022055,2451.9379178273957,777.7575407289405,463.3197594447993,946.7196542643651,-5.747534303039637e-06,-0.0389616871124102,96,69,95.76906576736828
16574,935.5156896441214,159683.3474954612,75388.85755286847,76674.32581957188,2438.9797952635563,775.1287081705814,456.5552058860776,959.422640494071,-2.880266307198842e-05,-0.0421422640031577,96,69,95.76577942288054
16575,935.5179017777716,159664.02125304285,75376.52708861485,76692.32585392213,2427.0786997686373,771.4861458156956,449.81849602944567,970.3073441088491,5.222249561174354e-05,-0.0242596262226545,96,69,95.76251302966972
16576,935.5351322802394,159666.2755807386,75412.48356159247,76674.47367172205,2409.4093607519753,765.9969287411368,443.6395054195309,981.0937359799282,-5.546727001817711e-05,-0.0255768225938794,96,69,95.7592666993458
16577,935.5383186545652,159698.2841833719,75398.35665037317,76672.7302636346,2384.176606377063,757.9340609440551,438.1553491791128,991.2021201638563,3.728650054919123e-05,-0.0259456201225911,96,69,95.75604054265118
16578,935.5555949630248,159681.59836510904,75420.44323423062,76675.70001581078,2349.56918887113,747.8128829706111,433.7492170101614,1001.549509420438,-4.705823814516188e-06,-0.0059329088392603,96,69,95.75283466945702
16579,935.5577954963594,159640.8558763064,75392.13587101504,76700.01620141394,2309.928862500994,736.4107561518322,430.46060120439506,1010.9534433826047,-2.9687933146331116e-05,0.0023355925878806,96,69,95.7496491887589
16580,935.5751124516806,159630.24731998547,75408.45941168354,76663.46161882763,2268.1893793351483,725.3845405121538,428.6720988463203,1019.289258355624,5.260939718462719e-05,0.0095928928950041,96,69,95.74648420867295
16581,935.5782791300782,159625.33313215314,75398.12488789242,76688.76695938467,2231.5572448102175,716.1042829800135,428.37520160418353,1025.1692900294147,-5.5206426247162376e-05,0.0223911508596035,96,69,95.74333983643196
16582,935.59550449442,159624.16416544272,75386.44364557597,76709.90524953904,2202.7812552009127,709.8919294291845,429.7796999094717,1028.5570937518496,3.647875850492087e-05,0.0353386992750931,96,69,95.74021617838189
16583,935.597683663607,159626.4469905652,75385.0770703216,76720.96324921245,2186.6371802334907,707.1288006259565,432.4986430835561,1029.5201964125154,-3.663264940199016e-06,0.054480970590263,96,69,95.73711333997709
16584,935.6151114016936,159645.06815194752,75387.42217327736,76673.84915104897,2181.621932604001,707.6521997577656,436.2104103851598,1029.393291821878,-3.056256959636757e-05,0.045900877900427,96,69,95.73403142577769
16585,935.6182157866106,159612.954928933,75411.33280047274,76678.19040735433,2188.628506332345,710.5562702395982,439.9404053824546,1029.6821673415252,5.297829207473646e-05,0.0177934266380556,96,69,95.73097053944514
16586,935.6354334455244,159652.30290797376,75392.69662652044,76713.32962683302,2202.8191794137238,714.8387402544613,442.9579363083758,1031.7930422961654,-5.492715941237847e-05,0.0229283470884005,96,69,95.7279307837388
16587,935.6375436940658,159624.72936691903,75389.32546889462,76682.30286050543,2223.034888196271,719.5474106214388,444.25036289918353,1036.7030245041533,3.56592932355815e-05,0.0332966812255824,96,69,95.72491226051244
16588,935.6551697765929,159622.54328423308,75387.29724302069,76706.11361254653,2242.9994655605988,723.9947288500844,443.4869928949629,1043.881362304266,-2.620210004637265e-06,0.0237020680383957,96,69,95.72191507070995
16589,935.6580386621124,159589.44671865544,75388.86116122044,76712.97917983856,2261.530088970205,727.6787884783116,440.3505165052775,1052.3544042920694,-3.1426285171323506e-05,0.0028910089479388,96,69,95.71893931436276
16590,935.6757122561136,159624.6956495195,75427.97469903421,76715.82461687944,2272.4980071929167,729.9250572801393,435.2742893830582,1059.4758661247324,5.3329068761364296e-05,-0.0372179634079966,96,69,95.71598509058585
16591,935.678058606616,159588.53652190373,75407.27059274081,76703.8446435162,2275.38885307865,729.9475334047456,428.51507890818175,1063.554054926586,-5.462957658406195e-05,-0.0673804181147713,96,69,95.7130524975741
16592,935.694971633234,159588.59198327002,75404.4903713235,76705.12208689627,2264.770730951568,726.5276268392045,420.69836331513943,1062.0129067363741,3.4828389297706856e-05,-0.0825184503901819,96,69,95.71014163259932
16593,935.6980940726704,159615.87479518336,75401.32000558684,76696.1951546928,2241.5316470676335,718.7081025400257,411.9021649407805,1054.8794434960291,-1.5770112113382874e-06,-0.100193384598645,96,69,95.70725259200664
16594,935.7156015879316,159595.04637475338,75403.5246732527,76722.21443359634,2202.3116123341024,705.5820981557481,402.3206393648288,1041.6622476466582,-3.227879580944007e-05,-0.1207493607206035,96,69,95.70438547121134
16595,935.7179739052212,159639.46207560055,75442.83114373634,76691.55332837175,2150.7571738531115,687.2342846396932,391.64491194754373,1025.0103180891892,5.366162168721631e-05,-0.1132769958012534,96,69,95.70154036469518
16596,935.7348925290132,159668.81217312557,75394.39390153832,76700.61088732236,2085.744505775452,664.0658070823265,379.92932252472383,1005.9090455773694,-5.431379133299163e-05,-0.1001273844794616,96,69,95.69871736600366
16597,935.738098123568,159674.56229881555,75438.38606583868,76685.66948998178,2013.1842312960653,637.6132746018848,367.0592579822114,987.6689216271334,3.3986335159814374e-05,-0.0969939619291537,96,69,95.69591656774288
16598,935.7555121761588,159689.84144359722,75415.72180055406,76725.98560163108,1933.7371071470552,609.2999217103352,353.46453843286145,970.2137983483844,-5.340201975815301e-07,-0.0881042993581926,96,69,95.6931380615756
16599,935.7578720864918,159723.2382869414,75401.06784878048,76699.84701108726,1854.6171963080997,581.180427501924,339.42944680989604,955.1947676462878,-3.3119822135996176e-05,-0.0855472500238931,96,69,95.6903819382194
16600,935.7748336988634,159709.43354269452,75440.781947136,76692.14650036159,1776.2870493829832,554.3394238809269,325.5675686962786,940.060853772884,5.397585159236797e-05,-0.0961005538938896,96,69,95.6876482874424
16601,935.7780910082994,159730.19120738033,75420.34039989032,76709.6302758283,1705.0697094863863,530.0461347933742,312.07634261078783,924.8981698626885,-5.397992307455041e-05,-0.0977852622383304,96,69,95.68493719806132
16602,935.7954222397442,159747.96808739693,75414.95884522985,76715.6611249301,1639.4884922638885,508.27315533287765,299.2209423072636,906.372797683609,3.3133422648415075e-05,-0.0958099650969417,96,69,95.68224875793751
16603,935.797767541692,159732.59156249766,75418.61089294066,76697.41957851352,1583.235816645727,489.4150749159453,286.8470486585866,885.4164301884884,5.084109985558878e-07,-0.1064839320154762,96,69,95.67958305397516
16604,935.8147861831044,159824.44124027962,75417.43654702598,76700.34918204046,1531.3413138896576,472.7762305411743,275.01618838647846,859.9341908459901,-3.3949088791612785e-05,-0.1047115977520164,96,69,95.67694017211738
16605,935.8180775349448,159838.59549772218,75449.31257591651,76691.4977670141,1484.986216086254,458.6149660878873,263.6747119704378,832.8117120068055,5.427166572893224e-05,-0.0945403616081592,96,69,95.67432019734404
16606,935.8353279881136,159870.07602244057,75436.7722063767,76711.41136181766,1437.9687003592844,446.24602002699976,253.14008981760708,803.267736342008,-5.36280970089856e-05,-0.093171232431416,96,69,95.67172321366895
16607,935.83766443987,159858.97860084847,75419.37050196728,76693.19705549351,1391.835335517244,436.02680448624596,243.62764593370957,775.061426373024,3.2269947206223354e-05,-0.092333337038269,96,69,95.6691493041369
16608,935.8547471354456,159897.25429047606,75414.65358292175,76710.00056825366,1341.5210912997136,427.0003501701576,235.42540314764483,746.9405425919103,1.5499314158508604e-06,-0.0851371966368304,96,69,95.6665985508212
16609,935.8580584820728,159959.04693700848,75399.49783636104,76685.76122099241,1291.109838186705,419.19989321468165,228.40669296085252,722.0921645410999,-3.476632422665767e-05,-0.0883387402717992,96,69,95.66407103482096
16610,935.8752285814328,159936.44898545876,75429.81269412681,76707.34935643636,1238.2883145391243,411.20397710008547,222.2496198990848,698.204354982794,5.4548977012680543e-05,-0.0866299289783895,96,69,95.66156683625849
16611,935.8775649016316,159962.41079060984,75427.05339086788,76682.17385701227,1189.202787736489,402.83943319960963,216.33020741838845,677.6574691015121,-5.325844482844559e-05,-0.0774267104135326,96,69,95.65908603427695
16612,935.8947149803162,159999.66687619805,75420.23811783479,76720.21759874566,1141.650997446326,392.64153875780175,210.12336684638285,656.900466932595,3.139620749146827e-05,-0.0762012316539127,96,69,95.6566287070377
16613,935.898033669392,160047.31623047125,75452.35374110744,76686.49872891919,1100.9267308991984,380.9923602457711,203.29455452424008,637.7668040329008,2.590190438539656e-06,-0.0839681655602737,96,69,95.6541949317178
16614,935.9151241173608,160015.81100153172,75415.02762617129,76691.17758982556,1062.900802758988,367.228228226988,195.87352654128335,616.2182926046662,-3.557126127369985e-05,-0.0790635545062666,96,69,95.6517847845077
16615,935.917470336822,160055.10602611702,75445.31527820333,76710.6048061661,1030.5563638736494,352.7017050983559,188.1949176894559,594.185486951581,5.4807705172210113e-05,-0.0730361002273582,96,69,95.6493983406092
16616,935.9346884756302,160076.42796883394,75389.58038591528,76671.56967742543,997.4550753316144,337.3082627646654,180.7281849339197,567.6690213258262,-5.2871103353694326e-05,-0.0801467240626764,96,69,95.64703567423268
16617,935.9380026620923,160097.6782950219,75439.24488308068,76695.33803260965,966.0641048378893,322.70699133648304,174.01019480254035,539.6743332682236,3.051250556008927e-05,-0.0737630939231245,96,69,95.64469685859514
16618,935.9550151139964,160153.476570852,75431.65995283186,76679.46668721024,930.6783783803694,308.4829778133135,168.3052790487709,507.4129321827204,3.628837803523443e-06,-0.1062824872514261,96,69,95.64238196591792
16619,935.957381798214,160157.90715743642,75422.69178658708,76676.27064916256,895.098852568306,295.65607646158605,163.6533801871119,475.2619771597674,-3.6363637250084336e-05,-0.1212433637038725,96,69,95.64009106742456
16620,935.974666447079,160228.43012285294,75434.91549861856,76717.97184701661,854.4649750168901,282.88096266565844,159.49918082676595,440.9511789884127,5.504777613268005e-05,-0.0936856044148886,96,69,95.6378242333388
16621,935.9779650081804,160215.42881909263,75438.7981993261,76704.79401948434,813.646765317244,270.7300084019371,155.12312911186018,409.36735808549565,-5.246621651309316e-05,-0.09732051895468,96,69,95.63558153288224
16622,935.9949023194998,160262.29766078407,75415.6031266284,76696.44901557942,768.3378784031956,257.76143781999417,149.45757636977942,377.8642384602572,2.9619146479797024e-05,-0.0965200668444433,96,69,95.63336303427266
16623,935.9973000998756,160299.42581422572,75426.30755559995,76700.33609144662,723.5252969684079,244.86174890767143,141.9100576575438,350.4235546012933,4.6655245662275546e-06,-0.0832292971311909,96,69,95.63116880472188
16624,936.014647699912,160319.69833946862,75424.46600921865,76694.82932545443,674.5485755219706,230.73934570339043,132.09518025972648,322.6299998703762,-3.714319388830527e-05,-0.0863363601152922,96,69,95.62899891043416
16625,936.0179203427972,160328.5914689236,75417.826978355,76712.2350913973,626.662406049436,216.3659781918832,120.57963012825348,297.2726872974599,5.526912228828171e-05,-0.0851962332992838,96,69,95.62685341660384
16626,936.0347866169168,160400.15435010733,75426.53627568731,76705.1118911358,574.8942745217355,199.9384823669243,107.94546341683599,268.8604942476959,-5.204393268719383e-05,-0.0694205071843167,96,69,95.62473238741369
16627,936.0372258647068,160377.4814713723,75422.27108804269,76709.20553195041,523.0555458730669,181.6174302956788,95.13282724656165,239.81995645869756,2.871643843012148e-05,-0.0733378162269228,96,69,95.6226358860333
16628,936.0546309893546,160428.89501434812,75425.48858611553,76681.23128632244,463.63320093107177,158.7231859179301,82.12590532840113,204.8266227010754,5.699902595532932e-06,-0.077245762753316,96,69,95.6205639746176
16629,936.0578684461454,160477.740286676,75417.33737182118,76688.58054389547,398.9104731375119,131.59892003216373,68.78706027241424,168.1571856571536,-3.7909677178995725e-05,-0.064613176607847,96,69,95.61851671430443
16630,936.0746689597828,160479.3815172701,75436.01954080151,76699.56735117237,321.5383374086232,99.00042334575846,54.108976448187605,126.88069406943396,5.547168205992714e-05,-0.0635344465567142,96,69,95.6164941652138
16631,936.0771595508452,160545.49747386665,75468.50745507472,76691.42046485606,237.11790155037306,64.39479017425037,38.07188805285841,87.90524386544712,-5.16044069914435e-05,-0.0552946237382069,96,69,95.61449638644552
16632,936.0946150108858,160578.2456566175,75444.17573468469,76721.6110867191,145.6607792081777,30.879563889917335,21.31759193484322,50.190110698895296,2.7804692656401223e-05,-0.0306977570036419,96,69,95.61252343607832
16633,936.0978092849484,160633.44480559925,75444.98244075349,76687.93911253707,64.64610300800996,7.051128980107023,7.132285678409971,22.264239260199247,6.731624345783398e-06,-0.0357536442952003,96,69,95.610575371168
16634,936.1145503145436,160626.47508063357,75432.17930211191,76708.73980497067,6.987959082238376,-0.0,-0.0,3.124877162888879,-3.8662837916649846e-05,-0.0542046532838264,96,69,95.60865224774628
16635,936.1171014776056,160628.9114619232,75459.28296161456,76735.56003445986,-0.0,19.691946159146028,6.227630016510375,-0.0,5.565540055141885e-05,-0.0508179790271628,96,69,95.60675412081883
16636,936.1345983921892,160581.09836358638,75442.46035635582,76718.68385529121,59.24579188134521,70.52699641342042,30.767317263322184,9.444823993020691,-5.114779977543951e-05,-0.101447538289725,96,69,95.60488104436482
16637,936.137743053177,160602.388062109,75421.75310486238,76696.86053580118,205.55751220718957,155.92484961992886,77.12162828288274,36.662832332775,2.6884222832106813e-05,-0.1124758509847254,96,69,95.60303307133512
16638,936.1544315952364,160564.12352004618,75420.43589449867,76719.87672278057,437.4902483980404,270.4012896729255,144.10619586799294,76.01417722806218,7.760343739205125e-06,-0.0774839843369673,96,69,95.60121025365083
16639,936.1570518662254,160465.05066398907,75416.11253626485,76712.44155059019,751.1595721736667,406.4997935172578,227.32863538560923,130.75855526264058,-3.940243176065194e-05,-0.0855397093261171,96,69,95.59941264220276
16640,936.1745796702525,160419.16024595546,75424.60272176734,76703.27926692544,1118.5022796029225,549.4822759851377,318.05144971160917,193.56132871398586,5.582022911689573e-05,-0.0826728324149349,96,69,95.59764028684975
16641,936.1776702294698,160341.3357293233,75405.62109802064,76694.52607271526,1514.3436030580779,687.059281754453,407.1015828247764,267.030879844242,-5.067427714564383e-05,-0.077361393767469,96,69,95.59589323641764
16642,936.1943135710328,160307.38415983724,75417.24089879144,76703.79776350384,1898.7201025577378,804.7823219954298,484.85494257172104,343.0575505667075,2.595534597012428e-05,-0.075787520805902,96,69,95.59417153869872
16643,936.1970109191672,160195.91900547675,75398.36656008825,76712.33591456167,2246.2137962890556,895.5952195600985,545.3266313436034,423.4444544350554,8.785716228258022e-06,-0.0835111579813263,96,69,95.5924752404502
16644,936.2145572241624,160103.97501459913,75431.65346572387,76736.09191795024,2527.8163133551134,953.6040228486236,584.9310592130059,499.50406094570644,-4.012821850283228e-05,-0.0479691021930862,96,69,95.59080438739312
16645,936.2175916873372,160008.95634200374,75443.11488193882,76707.66109214198,2737.1979449520004,981.709794788243,604.9101528399042,573.6134787639603,5.596612572857699e-05,0.1341159928673216,96,69,95.58915902421238
16646,936.2341967009728,159971.96067967496,75433.85465313733,76677.22710226694,2866.5288282609545,982.7013028959627,607.9766510958143,637.9689262136817,-5.0184011100534086e-05,0.3665725602890828,96,69,95.58753919455486
16647,936.2369789982674,159931.39944830263,75424.4052130791,76729.31803423424,2928.174125500198,965.4826110538997,599.4775166993786,696.2432308335556,2.5018381123466384e-05,0.1663011194379284,96,69,95.58594494102913
16648,936.2545290828856,159843.61351731708,75415.6052173966,76725.34885457486,2928.435287380358,935.6696530416084,583.5214020111016,742.4467164107482,9.807397893755409e-06,-0.3548346284277613,96,69,95.58437630520478
16649,936.2575089665148,159860.035586216,75404.23736345374,76700.13288983285,2888.818361729267,902.3639906506287,564.7003995476989,782.7649728159886,-4.083996335127229e-05,-0.2316156068124555,96,69,95.5828333276114
16650,936.2740807472996,159770.67115184577,75439.76508560618,76718.70191122909,2819.281699710409,869.0772657613998,545.028917167685,813.1462839562737,5.6093054534627776e-05,-0.0392080221133694,96,69,95.5813160477383
16651,936.27695711161,159734.0891078311,75383.30159958734,76656.44323230944,2740.5145034466987,841.519163546458,526.8585867381189,841.014387436473,-4.967717863548528e-05,-0.1187343189518006,96,69,95.57982450403344
16652,936.2944923047672,159736.63070420694,75393.25024037583,76683.82044496118,2659.099101431435,819.4842151898629,510.5498563615838,863.1532809977944,2.407364994638888e-05,-0.0693154053138855,96,69,95.57835873390334
16653,936.2974251542236,159719.40597867005,75433.44849788038,76689.21230339559,2590.7812626750674,805.4172926356114,497.5685386732803,887.5119311623566,1.0825047220388783e-05,-0.0710624028806203,96,69,95.5769187737123
16654,936.3139634810054,159677.0591822519,75429.2309790051,76687.51692915932,2535.3896338655613,796.2930640894629,487.5809335427766,910.0444276188791,-4.1537436363865945e-05,-0.0642730480079879,96,69,95.57550465878218
16655,936.3169488039258,159679.44419549487,75386.47329730798,76667.34488312814,2500.746005983907,792.4982703391579,481.17091756060836,936.6493233995279,5.620098624355381e-05,-0.0668758091042232,96,69,95.5741164233914
16656,936.3344400914608,159627.3950108462,75423.9938081138,76675.4075435798,2479.3522471381584,789.9957916558487,476.8928397243726,960.9937905564148,-4.915396249495913e-05,-0.0558795880092044,96,69,95.57275410077544
16657,936.3373496748054,159609.2886113961,75371.23425066887,76675.66447455711,2473.0020745189977,789.1510877429537,474.3529773329792,987.1370610480371,2.3121476799467144e-05,-0.0433151498561394,96,69,95.57141772312596
16658,936.353831941798,159577.78962163543,75397.72845838017,76710.2577620729,2469.498126487597,786.3129253218358,471.5918018792581,1007.320369404857,1.1838323432875325e-05,-0.0529897403516765,96,69,95.57010732159048
16659,936.3569787315512,159559.51718655298,75392.56757041423,76657.42173658685,2467.9134357881267,782.4757331397268,468.4836061563983,1025.2070902929408,-4.222041227979195e-05,-0.0443023143129621,96,69,95.56882292627256
16660,936.3743047915124,159506.8662198265,75426.4813515992,76663.8727678068,2456.932440859324,775.0204022927064,464.08154387239483,1034.5965176783502,5.628989777891563e-05,-0.0413740268989615,96,69,95.56756456623135
16661,936.3764931205898,159548.42606062046,75384.70429332956,76679.87629162037,2439.653149717429,766.239186840714,459.53646101630875,1042.0525408835383,-4.861455077469096e-05,-0.0433587141955962,96,69,95.56633226948156
16662,936.3937843137446,159536.527037629,75368.18618297213,76679.63926832883,2409.7346362304525,754.4326139686018,454.70496095420094,1043.5083714158973,2.216218822508199e-05,-0.0270329866400906,96,69,95.56512606299316
16663,936.3969678537682,159563.5632869639,75410.56002246751,76671.49445740104,2376.2893255213276,742.9110100118996,451.0087374452851,1047.276593232411,1.2846888083537204e-05,-0.0245036608366697,96,69,95.56394597269195
16664,936.4141882875076,159547.86470663748,75378.96570905352,76666.01588522745,2338.4542480056407,730.8930119849538,448.0611647281039,1049.9916526182787,-4.288867107393858e-05,-0.0244086294687241,96,69,95.56279202345893
16665,936.4164089592224,159491.50028906533,75363.06866423247,76668.1334719176,2307.739114815602,721.9870671938406,446.647692855011,1058.7273997984885,5.635977309593322e-05,-0.0092389781136553,96,69,95.56166423913054
16666,936.4337487768032,159501.7175057969,75362.49525507548,76702.95729878328,2282.4253312897636,715.0325255392672,445.68224296317203,1067.6888185341377,-4.805913732416929e-05,0.0066876428511292,96,69,95.56056264249897
16667,936.4369447318738,159495.71323217073,75408.71039774646,76690.62173479117,2270.876937077439,712.8393841217039,445.5270125273091,1081.7439335197269,2.119611257600161e-05,0.0063376153158311,96,69,95.5594872553124
16668,936.4540723664976,159470.9546984256,75364.62088301589,76669.54508879287,2267.25151740585,713.1816949788335,445.0862686734763,1093.9169085433823,1.385040436357758e-05,0.0097356706574636,96,69,95.5584380982748
16669,936.4563265048456,159442.81156177452,75380.02286748517,76696.69420026698,2274.955376810278,717.4126285061211,444.93415952957,1108.3323551060166,-4.3541997812696863e-05,0.0165732629386765,96,69,95.55741519104646
16670,936.473721392926,159456.63852137316,75389.47134085286,76672.44535901777,2284.1737767069135,721.9456380287156,444.2904721410887,1118.0209350570512,5.641060168929862e-05,0.0193738906182047,96,69,95.55641855224437
16671,936.476911795244,159445.32711329224,75366.88503024157,76697.48526281185,2296.45962486777,727.373809278186,443.94941520827706,1127.9413183486322,-4.748792031666803e-05,0.0285767785274624,96,69,95.5554481994424
16672,936.4939554163328,159423.11925005316,75376.71988528053,76665.89852744444,2302.4717346396646,730.1233728603256,443.09704698008136,1132.3909816094674,2.022358087757609e-05,0.0317810471995462,96,69,95.55450414917172
16673,936.4962484561268,159442.57243982307,75364.0758297342,76690.79695041575,2304.8053634768003,731.1030472887069,442.0651020303194,1136.7198413914884,1.4848537374707557e-05,0.0087697333634245,96,69,95.55358641692152
16674,936.5136994599592,159426.58004790984,75390.09690830228,76670.43784681734,2295.8566199432826,727.3852847777162,439.46319114853395,1135.2508182755555,-4.41801826003174e-05,-0.0040512347651233,96,69,95.5526950171389
16675,936.5168698931632,159424.66935154994,75382.52977151016,76660.78679132908,2280.3143853959045,720.7204130535538,435.2512121720065,1133.43965739524,5.644238038289773e-05,-0.0384925880495811,96,69,95.55182996323028
16676,936.5338373351136,159412.90843376386,75390.92679492813,76706.6381964034,2252.7961402051733,709.0682616034901,428.1749863961886,1126.0923229711188,-4.6901104070498046e-05,-0.0945189106218105,96,69,95.55099126756124
16677,936.5361762397068,159435.912345697,75378.79400729659,76681.60529867565,2218.901825297624,694.6567980338586,418.7327841349179,1118.6668515475758,1.924492527899648e-05,-0.109329983898177,96,69,95.55017894145745
16678,936.5536810746383,159436.29006348646,75409.1118005529,76674.21711480182,2173.899768854899,675.9430603964283,406.61239467794076,1106.2250870264543,1.5840954177082392e-05,-0.1240593688169466,96,69,95.5493929952056
16679,936.556819345944,159471.95128319162,75391.33009511245,76669.43185231564,2124.0066023509717,655.7853481830243,393.27998644587933,1094.6409678822965,-4.4803021431037566e-05,-0.1336502947340867,96,69,95.54863343805336
16680,936.5737186343914,159474.3815070871,75407.07070042363,76700.38138894108,2065.4133424914908,633.3673120170279,379.11492252437165,1079.3797256880207,5.645511182713023e-05,-0.1210362680563469,96,69,95.54790027821144
16681,936.576110673136,159500.2663802125,75365.81495103176,76675.72553883251,2004.3789970342186,611.7081198583328,365.6024971402949,1065.5777092718927,-4.629889740774414e-05,-0.1174810309134145,96,69,95.54719352285288
16682,936.5936646436556,159492.4855819442,75387.55045611995,76639.06242693834,1937.4038101584301,589.8097283970419,352.71491670780233,1047.9132214462152,1.8260480711990015e-05,-0.1202876850360603,96,69,95.54651317811523
16683,936.5967603474372,159505.18880533584,75385.01075888793,76683.63266476028,1871.0424975432688,570.1056566744228,341.2367146903998,1030.9647859944962,1.682732419801165e-05,-0.1098083967494263,96,69,95.54585924910072
16684,936.613600108531,159545.8113879348,75423.795509015,76669.5980586358,1802.1709677128238,550.8690024304087,330.4793882886588,1009.5591160025215,-4.5410314596693166e-05,-0.094055011539646,96,69,95.54523173987752
16685,936.6160521977106,159528.25188657365,75392.68025536113,76674.61026888849,1736.5733786374913,533.5006120625185,320.5924274644931,988.2624097043008,5.6448805273958266e-05,-0.1065508044666976,96,69,95.54463065348084
16686,936.6336487192884,159581.1632142207,75416.26712974269,76689.89440568654,1670.7189954878995,515.6826677765057,310.642291271477,962.6820961167687,-4.568151444273678e-05,-0.1342700228224187,96,69,95.54405599191348
16687,936.6366931225087,159611.47874589052,75394.10907815146,76692.96033714934,1610.140149847779,498.65889386076014,300.8560993131541,938.3160518054792,1.7270582998374314e-05,-0.1455040936331317,96,69,95.54350775614756
16688,936.6534826844894,159626.76727031564,75386.45233807396,76664.74773144106,1551.463819540164,480.48972125050204,290.78422191823483,911.6131253595231,1.780731897455926e-05,-0.1417226445178617,96,69,95.54298594612534
16689,936.656000977616,159665.75905411484,75390.25600413742,76669.32484999324,1499.349769328488,462.75704552046955,281.16061546021956,887.5308311469853,-4.600186864797473e-05,-0.1372080202466505,96,69,95.54249056076044
16690,936.6736319410804,159687.0817095529,75345.0919242194,76697.29466197129,1449.7375320744468,444.1772712015227,272.0557827106968,861.848265446315,5.642347630654312e-05,-0.1210269114303548,96,69,95.54202159793924
16691,936.6766179989438,159686.8747159379,75397.0102342531,76662.87406139515,1406.0895972490543,426.84572413719434,264.27014585447614,838.5942909702717,-4.504917449722966e-05,-0.1289935451338653,96,69,95.54157905452185
16692,936.6933673349228,159697.81075628463,75350.6240888907,76659.68140323863,1363.1731857487466,409.8179394783656,257.4906265180616,813.1101285048935,1.62755701346662e-05,-0.1445243053222533,96,69,95.541162926344
16693,936.6959569532354,159744.8556156625,75396.74152770068,76667.38022692832,1322.5457421988249,394.82152281967865,251.57701787425322,788.7918941275857,1.8780612667118108e-05,-0.1332203714080611,96,69,95.54077320821769
16694,936.7136130166416,159775.90481747396,75427.96007637614,76687.99347745275,1278.5149774795864,380.53654545082827,245.40593031636672,761.4884760910063,-4.657749531911034e-05,-0.1261279438481855,96,69,95.54040989393316
16695,936.7165354447088,159800.91138668288,75400.20018287936,76653.58280137827,1233.3169918144122,368.20461852084554,238.41514623363037,735.3123568904703,5.637914736949551e-05,-0.1233992908125277,96,69,95.54007297626022
16696,936.733255015565,159822.96418208067,75391.12903066489,76689.75153099127,1183.630185318063,356.3491867570119,229.932414389943,707.0657540171524,-4.4402101040219336e-05,-0.1177729617540235,96,69,95.53976244694964
16697,936.7359198800376,159851.9179224139,75376.29479536545,76700.13415828875,1134.002114728326,345.9834026757162,220.39203632125282,680.7258584752853,1.527578128926031e-05,-0.1201872730531086,96,69,95.539478296735
16698,936.7535907155052,159878.11702658617,75396.45376687845,76677.12087359859,1083.9745206386433,335.8457104595873,210.5387183566345,653.1408275521535,1.974688169579598e-05,-0.1112708729730842,96,69,95.53922051533397
16699,936.7564460916444,159900.67316226006,75374.01216133553,76689.6827067156,1039.422025401669,326.9800116422848,201.78433179634158,627.7638667839346,-4.713701173632434e-05,-0.1059596461744992,96,69,95.53898909145006
16700,936.773146609472,159910.41699815236,75366.63044430847,76699.37772248538,999.6580801584641,318.1323796552606,195.16041265806416,601.1492479189765,5.631584675070354e-05,-0.1069426540516844,96,69,95.53878401277451
16701,936.7758893687652,159961.7321039516,75385.18303006372,76693.58684839589,967.5888625583611,309.8841462739656,191.23961234491435,575.8827495732985,-4.374052318033395e-05,-0.1056735411185396,96,69,95.53860526598788
16702,936.7935638608792,159968.50080721782,75398.6545502487,76690.20677647743,939.2107165418565,300.8825634684763,189.65233083674684,548.616169913963,1.4271556997422031e-05,-0.0967639814190539,96,69,95.53845283676158
16703,936.7963507598546,159999.81202880054,75401.64627178399,76678.99025268492,913.7532509362209,291.64124553986767,189.26001621605246,521.9515625947097,2.0705804945828965e-05,-0.0996557772216572,96,69,95.53832670976024
16704,936.8130428645304,160047.39491788,75371.1976413451,76685.2225256562,885.2481428704923,281.17135075504484,188.58169875328895,493.1070124229009,-4.768024055211321e-05,-0.0910492949411792,96,69,95.53822686864316
16705,936.8158649418792,160039.03282349708,75405.57967789678,76665.7211898433,852.2684070869582,270.1222962967877,186.08957437754725,464.58153532401775,5.623360920844575e-05,-0.087391094791466,96,69,95.5381532960663
16706,936.8335313018628,160085.7892777751,75392.79267106105,76665.71018151833,811.2830217333394,257.8929281733872,181.03174796892563,434.11393745816895,-4.3064674414270245e-05,-0.0875605458680099,96,69,95.53810597368444
16707,936.836250502637,160138.4039826022,75401.3733935705,76702.9234319913,764.3495140479063,245.1138625882013,173.12227740086382,404.0709006304096,1.326323935617978e-05,-0.0784228236207861,96,69,95.53808488215314
16708,936.8529443010876,160143.7905931068,75417.6967533344,76695.43845732583,712.2073163398891,231.27670213011152,163.21248660763376,372.3355869202933,2.1657064435438643e-05,-0.0836414031001002,96,69,95.53809000113044
16709,936.8558461352176,160181.32917974613,75397.45864861508,76678.1916323195,659.1674406908569,216.7348882357037,152.0885953292891,340.64579936568043,-4.820701033456631e-05,-0.0789641410986804,96,69,95.53812130927936
16710,936.8734918285562,160200.43688550714,75399.38390637138,76659.08383087037,606.7263197961729,200.9977642918966,141.02634862894774,307.0373909874761,5.6132476162391096e-05,-0.073609096494944,96,69,95.53817878426972
16711,936.876146720215,160251.2895612829,75404.92460669609,76657.52368658308,556.6992371876258,184.02189979614923,130.0716150017688,272.96430370386224,-4.2374792558650434e-05,-0.0825062822665671,96,69,95.53826240278072
16712,936.89285102714,160287.98769407213,75406.43645715086,76690.08801950813,506.8706221036846,165.04288181316224,119.22043968457729,236.9192880364717,1.2251171243736385e-05,-0.0769431664633507,96,69,95.53837214050296
16713,936.8958327291184,160303.31640192927,75409.38289244217,76675.72405403738,454.26095666881884,143.39499488206638,106.88841853683698,200.31593963844352,2.260034483363392e-05,-0.0694335096476288,96,69,95.5385079721401
16714,936.9134439141692,160385.4939533846,75405.2371243197,76710.84290108873,394.1712841144763,118.36991723439132,92.15037429667427,162.49026657792274,-4.8717154829668944e-05,-0.0647005950142728,96,69,95.53866987141248
16715,936.9160415028769,160390.98778070134,75427.25867517745,76716.64182717954,323.4215494696982,89.87181753040932,73.5032815146551,125.14891476710909,5.601249529375698e-05,-0.072699539315241,96,69,95.53885781105834
16716,936.9327622348555,160426.38719230477,75434.76080730923,76684.38763099462,241.92211936513195,59.40086419727595,51.931683310860535,88.75084114275523,-4.1671120642464695e-05,-0.0757076138558378,96,69,95.53907176283651
16717,936.9358254355732,160465.28530070334,75420.97792635467,76718.2625272055,154.5456961253658,30.12327977127279,29.115298142802203,55.6547664370446,1.1235696684995692e-05,-0.0820632554688344,96,69,95.53931169752929
16718,936.953384800723,160476.6061738466,75421.42792763257,76674.2957326242,73.18005276168697,8.000530584264197,10.109013143199263,27.839272387878736,2.3535333338472304e-05,-0.0662181078807648,96,69,95.5395775849441
16719,936.9559389366052,160512.79565665635,75420.82437815485,76690.96076608218,14.44841163547244,-0.0,-0.0,8.314756945852423,-4.921051439263376e-05,-0.040864016461363,96,69,95.53986939391686
16720,936.9726742322648,160511.37800191712,75413.58787524728,76675.29391154696,-0.0,14.453268415192724,5.805590674339328,-0.0,5.5873720288371474e-05,-0.0483222721257649,96,69,95.54018709231376
16721,936.9758289048232,160537.6210404887,75427.7446591753,76674.54353421084,49.04022169573,57.08940519402677,31.66331056819763,5.272628497594269,-4.0953905661801466e-05,-0.0678164054887841,96,69,95.54053064703469
16722,936.9933057521118,160503.63293267583,75391.65224099992,76665.08600034694,177.81744337105192,131.3372397259227,80.72257554039243,26.050610517937457,1.0217160840130049e-05,-0.0624237575494858,96,69,95.54090002401507
16723,936.9958531263552,160469.84410794274,75418.02279945278,76705.50847959903,390.33155733853346,234.19468382612104,150.5191395301954,61.98326122792787,2.4461720926579e-05,-0.0712519803675164,96,69,95.54129518822911
16724,937.012565653107,160386.4663395526,75400.92296511664,76671.0082830906,682.0808053519577,359.13598688767524,236.73563208107953,112.66664742212743,-4.968693420935384e-05,-0.0862294702639309,96,69,95.5417161036922
16725,937.0158826373828,160347.21537846443,75405.08006833933,76689.01075237009,1033.4103853408014,493.8598461581132,329.95361577696167,174.86623788418365,5.571621158886512e-05,-0.0740730257737718,96,69,95.54216273346395
16726,937.0331091766184,160282.5561100496,75426.0156649524,76705.76170322079,1419.6760363272624,626.2618436282501,421.47108015662525,246.44712153467117,-4.022339968995805e-05,-0.0688851628548599,96,69,95.54263503965072
16727,937.0363747465838,160177.5595359178,75411.63544824567,76680.35269809005,1807.5700990999467,743.2159948326589,501.04933275844087,322.62336634504027,9.195909144909774e-06,-0.0714849237416326,96,69,95.54313298340874
16728,937.0528354545304,160122.55267300602,75429.12008413061,76711.21109687215,2169.1646430443507,837.0953317873063,563.2029146701389,401.1624057031295,2.537920115816615e-05,-0.0567604199217239,96,69,95.5436565249466
16729,937.0557076910962,160094.70940379752,75421.72528647624,76714.51546650757,2476.934804484423,902.4709042461182,603.6660068203346,477.1940573435859,-5.014626572382804e-05,-0.0618489211230567,96,69,95.54420562352855
16730,937.0731667428968,159988.9134708824,75415.2090924945,76725.60310304728,2717.087265591661,940.83515009025,624.2227579394821,549.4988455474377,5.554003559260193e-05,-0.0649597901073313,96,69,95.5447802374775
16731,937.0762341844656,159883.21821025477,75405.11867582345,76695.73492980302,2879.570316684374,954.3466078790661,626.8315013204992,613.7719506344874,-3.9479857782932594e-05,-0.0206177441965557,96,69,95.54538032417766
16732,937.092764871164,159838.15842090084,75406.12215455013,76684.50791602618,2969.5467770058312,949.9223410896375,617.6386365318031,670.6704340878641,8.1722881579922e-06,0.1677366779986268,96,69,95.54600584007784
16733,937.0956448914536,159828.47376087809,75415.56066152964,76685.13300253016,2993.166886280931,932.1101132601616,600.333362994279,717.917740167497,2.628747071487415e-05,0.3857156127428752,96,69,95.54665674069436
16734,937.1131653907728,159755.90932686732,75402.47209659925,76689.30798427742,2968.048615610809,907.9989048916614,580.6366204530932,758.9067961075925,-5.0588366165335775e-05,0.1332571547640395,96,69,95.5473329806148
16735,937.1161215202518,159752.2517792156,75380.22791822751,76675.75444995836,2906.9603547774605,880.3974710060138,560.1518977339729,792.9578363707988,5.534526511789784e-05,-0.3614552261848402,96,69,95.54803451350024
16736,937.132675143637,159712.38648737338,75387.34531049697,76686.23929224715,2830.138962950092,854.3847583407914,542.2974175634736,824.9601402536791,-3.872354059435154e-05,-0.2090617667687542,96,69,95.54876129208856
16737,937.1356057212106,159694.2437505655,75374.85820474442,76672.70321909482,2748.5566319820937,830.6667564505187,526.6256108326197,854.2860061097308,7.146644720346961e-06,-0.0709072407410819,96,69,95.54951326819884
16738,937.1531452498106,159646.49215363833,75371.39686008061,76671.35058747165,2677.68729795306,812.5851387629955,515.1302087334334,885.0907186705736,2.718623006211094e-05,-0.1489343854319296,96,69,95.55029039273316
16739,937.1560144244604,159607.298469637,75395.49622524892,76683.01109278762,2620.6194246087107,798.9214601136191,506.25437499707914,914.5510663215537,-5.101309900730043e-05,-0.1150597885716792,96,69,95.55109261568067
16740,937.1725813458354,159615.66435878575,75385.96190603533,76676.91375470113,2584.433312057052,791.406175015276,501.40099829784594,945.2772048560437,5.513197900705895e-05,-0.1196111329817747,96,69,95.5519198861212
16741,937.175580224596,159541.54409291912,75391.29586406233,76701.99017686395,2563.4668431999744,787.040686052409,498.44190544696175,973.1238691261096,-3.7954712414169056e-05,-0.1153563661115741,96,69,95.55277215222785
16742,937.193111496679,159552.9068683679,75362.46330321766,76656.71538145294,2557.1525974299293,785.9233024654823,498.1046350727556,1000.2774259793514,6.119326409057973e-06,-0.1281647499055937,96,69,95.553649361271
16743,937.1959099339824,159514.02333540528,75405.36633086333,76660.2826465516,2553.575293078611,783.6730099152774,497.421756739117,1022.2641859012947,2.807518270799163e-05,-0.1173531280603806,96,69,95.55455145962163
16744,937.2124864040846,159513.27261231156,75355.65095595775,76668.10390941254,2549.7188929939875,780.3571503675339,496.8000447860104,1042.2876624973724,-5.142033308936527e-05,-0.1086566686918665,96,69,95.55547839275482
16745,937.21556670396,159472.9575310062,75385.43693969796,76641.0635239749,2534.7603743942454,772.6976412798249,493.4879613513185,1057.0074253407365,5.490026263464647e-05,-0.1115264759903263,96,69,95.55643010525353
16746,937.2330629228686,159485.79873779594,75383.98302635821,76662.80905449612,2510.305895181198,762.7354296011908,488.6408928389719,1070.6937563510728,-3.717364118678825e-05,-0.0958436655780113,96,69,95.55740654081151
16747,937.2358109299632,159474.4203022066,75368.49661069975,76655.9830539083,2472.1456749510253,749.2110265078518,480.5690514621383,1080.1838045430777,5.09068087674347e-06,-0.0968775529410144,96,69,95.55840764223768
16748,937.2523873314442,159464.35933579563,75382.99463318937,76642.58010798154,2429.857516851509,736.1226977425977,471.87634054908995,1090.2560812775628,2.895403593974709e-05,-0.0998907435438118,96,69,95.5594333514592
16749,937.255570012913,159449.80342974095,75311.55669565554,76668.65704300816,2385.5468670124537,723.2654665108566,462.1469464049442,1097.7881000805355,-5.180994367824045e-05,-0.0813947942372836,96,69,95.56048360952568
16750,937.2729897859048,159451.13872141723,75366.38825649465,76680.67923050674,2351.5231903143576,714.5714621450461,454.6501679396024,1107.2496045908483,5.46502072470566e-05,-0.0862163638664652,96,69,95.56155835661244
16751,937.275733088044,159430.89907620184,75364.3051954721,76659.2175813622,2328.211775038566,708.7882792604214,448.87895050490624,1114.7608528661076,-3.638059948955808e-05,-0.0960481070477823,96,69,95.56265753202452
16752,937.2922601390362,159431.58430811614,75345.22260008256,76645.9467735352,2323.4708803348476,708.6876986937859,447.5409306739748,1124.8134831234056,4.061055881606243e-06,-0.0811696692361424,96,69,95.56378107420028
16753,937.2956342871124,159432.0726345052,75372.74841431524,76661.48575336522,2331.4279769104323,711.826289108838,449.06180376332486,1133.5666121601535,2.982250041959852e-05,-0.0695165764231265,96,69,95.56492892071564
16754,937.3127885134973,159409.30337476442,75337.54953940611,76665.40944034234,2353.221766214352,719.7846367378661,454.62464805529453,1145.1558993157232,-5.21818121000958e-05,-0.0619087418530603,96,69,95.56610100828748
16755,937.3161553799326,159425.78160326576,75348.70561070261,76633.94282716556,2377.86225012003,729.2041054578294,461.24091740581207,1155.1736860259552,5.438191048591327e-05,-0.042421301306893,96,69,95.56729727277748
16756,937.3326466487788,159381.91987044094,75334.41072054807,76668.20586111172,2404.108997105155,741.0755149928445,469.15844380823546,1167.3203964576242,-3.557586303120227e-05,-0.0354560597961919,96,69,95.56851764919664
16757,937.3354359229568,159398.01066147533,75380.62967390129,76654.61044219913,2421.2851299424656,751.5686486097111,475.10572150349617,1176.5924489506579,3.0307995394830984e-06,-0.0393198342051738,96,69,95.56976207170888
16758,937.352853751258,159370.54168945865,75374.7097155627,76652.87684548539,2430.871990303858,761.3972713447583,479.7288061915897,1186.4231816710962,3.068029090597733e-05,-0.0212691034799297,96,69,95.57103047363476
16759,937.3560231404614,159397.29512741254,75364.20668120698,76689.02736345794,2425.581905747531,766.3149936567206,480.37627396310563,1190.9649782502966,-5.2535825638545295e-05,-0.0206999854136296,96,69,95.57232278745626
16760,937.3725715024356,159370.84236607206,75386.97054059402,76648.66858763473,2410.888110569562,767.1682026126946,478.60126372633385,1193.5410119708395,5.409547531424069e-05,-0.0337713209879377,96,69,95.57363894481988
16761,937.3753645468514,159389.13567404455,75392.09296244208,76687.27352030008,2383.249134890153,760.6018392327242,472.7981537092419,1188.9675583766657,-3.475971184967223e-05,-0.0568890836162041,96,69,95.57497887654166
16762,937.3928569613494,159390.01913789404,75370.01470984549,76652.3488224519,2350.3265699663316,748.8509088407154,465.3364780829579,1181.6075982411276,2.00025986032952e-06,-0.0869578853961736,96,69,95.57634251261072
16763,937.3959199257636,159393.24778329846,75372.50319560785,76658.98507426972,2308.6383525052806,730.0189583138563,455.03482775297016,1167.0107429654745,3.152712529850689e-05,-0.1186541144231942,96,69,95.57772978219364
16764,937.4124749987172,159451.9819091847,75382.93470110963,76683.34204566726,2264.7228768608766,707.8340022174962,444.48976086554467,1150.667962907668,-5.287187731463592e-05,-0.1432959509556336,96,69,95.57914061363856
16765,937.4153180947952,159435.67856563514,75365.2045559599,76646.69129725847,2213.7418105709367,681.6311357355735,432.62349291855935,1129.4089029268653,5.3791012107754354e-05,-0.1526396049817759,96,69,95.58057493447976
16766,937.4328423918312,159477.7620923062,75384.33617374353,76670.9666799216,2160.6399380117655,655.5404736081837,421.70714501908515,1109.252690663503,-3.393242935744215e-05,-0.1842575479531434,96,69,95.5820326714413
16767,937.4358215193542,159510.1746204759,75390.13358884968,76663.22054994454,2099.596985526732,628.5019140234217,410.00421284069307,1086.4506440966215,9.697845879429667e-07,-0.1913229628527654,96,69,95.58351375044208
16768,937.4523730766348,159539.88723421964,75382.93269250962,76676.09664872318,2036.1605177281308,603.9768397734442,399.15284402726684,1066.2631574880506,3.236272614070216e-05,-0.1803981594366365,96,69,95.58501809659924
16769,937.4552864968714,159518.7521917277,75390.28574154407,76643.14333228493,1966.9634849627037,580.3070735359361,387.14265267614974,1044.409414337424,-5.318986696528373e-05,-0.1937667951155353,96,69,95.58654563423342
16770,937.4728151547648,159571.14702893217,75396.21967441683,76691.60264180883,1900.0338060999638,560.0958295419696,375.5045761191286,1025.3608746464888,5.346863616935196e-05,-0.1914677268568542,96,69,95.58809628687268
16771,937.4757248192816,159572.39068560867,75400.37820428799,76676.76296128957,1833.7268389733508,540.7588863992423,362.44461502993363,1004.0665197576745,-3.3094302336201835e-05,-0.1792377072336886,96,69,95.58966997725696
16772,937.492268715684,159615.26241296928,75383.42514182348,76660.05274072218,1776.2403888672707,524.2394396975142,350.03575356924557,984.9262929363758,-6.02787983884254e-08,-0.1748099588722997,96,69,95.59126662734248
16773,937.4952683738452,159620.88733200726,75368.6982024011,76669.81002283828,1724.503877960262,507.8614300840418,337.2048990712792,963.474268586142,3.3186819563009265e-05,-0.1638164217325619,96,69,95.5928861583065
16774,937.5127736781676,159690.96937635296,75374.48818299461,76701.1531933749,1682.8670957466238,493.6228702454391,326.21970324616996,944.099723944295,-5.34897001632191e-05,-0.152860835110081,96,69,95.59452849055168
16775,937.515632772333,159658.3129227573,75392.53779900547,76662.41783427044,1643.9515959793353,479.2642328762595,315.73134812363423,921.895084965683,5.3128468822623264e-05,-0.1573263139294536,96,69,95.59619354371026
16776,937.5321588833782,159732.27850288758,75388.73265939803,76679.75563346606,1609.0152987561305,467.46657575605786,307.4139508001099,900.9154895686661,-3.224562159547798e-05,-0.148138720304314,96,69,95.5978812366493
16777,937.5352689407192,159701.82358699525,75379.81096814502,76686.34105577157,1570.5501767552341,456.7407624540065,299.41066629765555,876.4641042856092,-1.089583223240631e-06,-0.1357381169542796,96,69,95.5995914874746
16778,937.5527078496428,159735.50178277292,75388.05238524041,76659.58804287492,1531.3667999387835,449.6700346483849,292.7898815070512,852.4738351669512,3.399913570138941e-05,-0.1379239725602827,96,69,95.60132421353607
16779,937.555560939478,159764.66143659168,75385.32901647416,76667.23410427955,1487.1342786877067,444.0100264126668,285.4274731455371,824.4787554218201,-5.377128884944997e-05,-0.1305769196858735,96,69,95.60307933143186
16780,937.5720202915306,159845.1421717338,75409.8203452539,76662.71607162249,1443.6016732270946,441.0842801656545,278.44433961220784,797.0482818629534,5.277063778432583e-05,-0.1301684617659143,96,69,95.60485675701304
16781,937.5753302954218,159856.54053045658,75384.27917586941,76700.85576949627,1398.5638286403846,437.57899673508655,270.1983437232557,766.7458964500111,-3.1386680809703874e-05,-0.127221773054501,96,69,95.60665640538836
16782,937.5925234576072,159864.3346076275,75396.99385621063,76679.16782622723,1357.1594665287412,433.826773992987,262.1307477479859,737.9994517739397,-2.117781716501904e-06,-0.1140925727618692,96,69,95.6084781909294
16783,937.5958695805284,159913.6638237667,75392.87864662884,76700.62970386498,1315.8133432975737,426.61681686794327,253.0957973935583,707.1577323402453,3.4799409231671096e-05,-0.1190467099898452,96,69,95.61032202727463
16784,937.6125117140276,159927.2832507491,75377.48422673094,76696.34475390957,1277.6966076636454,417.2778131332889,244.8702155793435,678.1989766091574,-5.403455110217698e-05,-0.1255403847988188,96,69,95.61218782733503
16785,937.6151291105944,159958.3251535184,75397.10557854008,76700.00154529327,1238.4088710448123,404.4403723399737,236.57981145655503,647.4565350291668,5.239527638515218e-05,-0.1157847504659485,96,69,95.61407550329822
16786,937.6325826938564,160003.68152863416,75405.21287427975,76709.95332759347,1200.8834255387192,391.1416714140505,229.9174597862584,619.0088028761093,-3.05177772125721e-05,-0.1107128578610739,96,69,95.61598496663372
16787,937.6357535022544,160037.37492967083,75393.3864167038,76710.2899011503,1161.4191674196045,376.97961025832046,223.7100709338847,589.1915984007355,-3.144528699730832e-06,-0.1294299339880166,96,69,95.61791612809728
16788,937.6524294356226,160043.21784773382,75393.25828454291,76699.95866209287,1123.3758436103817,364.6991275939945,219.1789046927006,561.8092896527669,3.558737863268528e-05,-0.1343888381825169,96,69,95.6198688977368
16789,937.6550510120592,160110.06398817291,75382.10210401805,76699.52114555748,1083.9136772736674,352.99333633002243,215.00457538629416,533.4457574650005,-5.427941133628491e-05,-0.1227238861957651,96,69,95.6218431848962
16790,937.6725873538152,160111.43875195182,75403.38553211972,76685.73515525831,1045.7480576853268,342.95601707560127,212.10556129005272,507.4173549003026,5.200252400673057e-05,-0.1290278156152458,96,69,95.62383889822117
16791,937.675660745981,160180.35277856636,75401.66568176387,76711.58114967069,1005.1668480677763,331.88484806475753,208.8704573888681,479.65891112125246,-2.96392106437281e-05,-0.129365225395709,96,69,95.62585594566336
16792,937.6923289258292,160145.3586316666,75386.221899396,76707.7123958808,963.5309924421017,320.0008086953312,205.7239034876984,452.7434079666564,-4.169478502900107e-06,-0.1217973617208133,96,69,95.62789423448632
16793,937.694994263465,160191.44239187767,75399.25179375605,76705.07777169185,917.5455718141748,305.05845682354993,200.89542269546655,423.112972115312,3.636278713905967e-05,-0.141131349961449,96,69,95.62995367126976
16794,937.7125795230746,160231.5807372994,75412.25119380001,76697.1379589697,869.3341925177374,288.2056334819208,194.67182856117142,393.7548876380315,-5.450579985985304e-05,-0.1370477278146153,96,69,95.63203416191494
16795,937.7155683819184,160258.96460607214,75396.22875376049,76702.64976030559,817.7047176646884,268.6536303812027,185.66582707758062,361.9009766171512,5.1592525231378745e-05,-0.1188589615067346,96,69,95.63413561164988
16796,937.732225376522,160316.16009264218,75408.21747708083,76666.87365620064,766.0208388809697,248.60374063413474,174.78223074189737,330.85259346762905,-2.875128473314229e-05,-0.1235751448492054,96,69,95.6362579250341
16797,937.7349492703228,160369.14446160157,75413.65792815547,76699.88887201669,713.9765682000434,228.00140657468,161.661166237609,298.4213454751589,-5.192286958643871e-06,-0.1125390808199838,96,69,95.63840100596413
16798,937.752564454814,160357.30226065093,75397.88523375377,76699.17217381738,663.019262040616,208.38446724950336,147.6769197587564,267.1604463554977,3.71253822650795e-05,-0.116410372774052,96,69,95.64056475767828
16799,937.7554723547012,160399.7400200028,75409.91438321714,76693.35724097102,610.0455014032777,188.32216769384104,132.4415530069964,234.08696825278457,-5.471365388423249e-05,-0.1152561807030997,96,69,95.6427490827622
16800,937.7721231761278,160416.66442578236,75411.1239708559,76673.92840394218,552.3950339194271,167.30809814896202,116.42162825961714,200.84244955552276,5.116543089410332e-05,-0.0929667861450611,96,69,95.6449538831538
16801,937.7749129447373,160455.3347003992,75408.91247731335,76661.62805544613,484.85281949455384,142.7162338437629,98.32126647492987,165.06341417029034,-2.785430554717064e-05,-0.0767766566765849,96,69,95.64717906014889
16802,937.7925431042682,160532.86517170223,75409.77483715783,76713.47029879192,404.39396937488345,113.8573635276116,77.9354939168552,129.0943418450188,-6.212610684955388e-06,-0.0655043732879602,96,69,95.64942451440558
16803,937.7953717586436,160545.29789146676,75400.53776697881,76701.26679547007,310.38319923513336,80.37639024776581,54.860392349393805,92.33501050501945,3.7874915574478114e-05,-0.0831166720289073,96,69,95.65169014595044
16804,937.8120245034984,160583.99730084062,75393.88732274562,76655.44245696532,207.93422586814268,45.827934923028806,31.323598223912995,58.655706625489984,-5.490291656944276e-05,-0.0877865977299639,96,69,95.65397585418344
16805,937.8148835931094,160609.8762115897,75361.59663817362,76695.97912143359,109.11779936193489,15.998714997956995,10.98696239592391,29.513234828104032,5.072139741710582e-05,-0.0928920933790507,96,69,95.65628153788325
16806,937.8325153807788,160624.5330970575,75380.40156304094,76686.47235708007,31.95139035768807,-0.0,-0.0,9.365951967105502,-2.694858224410829e-05,-0.1036320298996878,96,69,95.65860709521228
16807,937.8352666969124,160641.86232325732,75379.76817917754,76665.64299711875,-0.0,7.261853854623041,4.7056030259118415,-0.0,-7.230106954075919e-06,-0.0923532501334263,96,69,95.66095242372285
16808,937.8519307564184,160635.58669977743,75397.75750544715,76677.55739542285,35.13780332735041,46.03705853970314,30.71291817058227,4.793350399559131,3.861114424758812e-05,-0.0937259033616015,96,69,95.6633174203618
16809,937.8548599144574,160624.3083816177,75370.10974957116,76692.38629626752,156.1757853513118,120.33731222411734,80.46352326794295,24.443271263473434,-5.5073537249871e-05,-0.0884621556171671,96,69,95.66570198147596
16810,937.8724808997262,160589.07479608658,75388.69823741075,76684.08885210133,368.9534054292599,228.32445594466117,152.28771711236914,59.77487914881203,5.026058663623473e-05,-0.0818064304714367,96,69,95.66810600281812
16811,937.8751577273144,160536.2605831034,75397.67852865328,76676.1039985221,669.341957491124,362.26366177451564,240.2718616030179,109.3338296105212,-2.6034426338530755e-05,-0.0862265987623407,96,69,95.6705293795518
16812,937.8918429333244,160459.62497197313,75398.29489336305,76671.31539250386,1035.7294671774143,509.1430893157376,335.135381884058,171.30285970587283,-8.244434855087948e-06,-0.0822878942047296,96,69,95.67297200625728
16813,937.8948407152948,160410.80755430818,75380.97627151142,76693.44473727903,1440.271021757624,654.2953599935572,426.80907854560064,242.805220995564,3.933382893766691e-05,-0.0656463311786935,96,69,95.67543377693644
16814,937.9124392340608,160293.92333135972,75420.26090597498,76699.13583803517,1845.265130304906,783.0719941612915,505.98419864455354,320.4891525800922,-5.522547192807093e-05,0.0838362179474875,96,69,95.67791458501895
16815,937.9150456599548,160262.36845942392,75367.45373682909,76691.48359361813,2219.8287508255453,885.3665456967428,566.9781476785138,401.38003646882134,4.978316604383061e-05,0.3361818433797222,96,69,95.68041432336727
16816,937.9317617605004,160181.6977237763,75373.76342816462,76660.23850344546,2533.991082226741,954.9852536472317,607.2059893478581,481.9423222494661,-2.5112152461141164e-05,0.2081421902723373,96,69,95.6829328842825
16817,937.9348248171634,160060.89378264846,75377.04530015269,76660.61337129555,2774.6274190207478,992.4956663956982,628.4554465722467,560.1059972358635,-9.255254560508147e-06,-0.345083421859438,96,69,95.68547015950956
16818,937.9523900202512,160007.57200680347,75368.66328494041,76681.11217221219,2933.1858275447157,1001.3984763987246,634.001215752156,632.7577745355666,4.00427359752615e-05,-0.2990889843660962,96,69,95.68802604024332
16819,937.9549314606908,159953.08515640514,75355.94753879064,76679.33384870473,3018.304876331764,989.7412857804738,629.2205776269257,699.158449635026,-5.535868280521684e-05,-0.0498408799645113,96,69,95.6906004171334
16820,937.9716877395388,159888.31563865382,75376.59939373824,76654.22944743573,3037.1697312160977,964.5001747230126,617.9315407074173,756.9151529806259,4.928930862067919e-05,-0.1379688497664538,96,69,95.69319318029096
16821,937.9748110306806,159832.86040413214,75407.99915939236,76668.21831091058,3008.649507842376,934.0486086745077,604.1109545115905,806.7748975197319,-2.4182077591346776e-05,-0.0917758770785872,96,69,95.69580421929284
16822,937.9923330102567,159798.48888194223,75398.64127506576,76653.54737315736,2943.73700789985,902.8296068848867,588.870530476328,847.2640616867575,-1.0262227364813267e-05,-0.091848969766534,96,69,95.69843342318838
16823,937.9948161927532,159768.5747752609,75399.1357313832,76678.01186692258,2861.980088038661,875.6840974859515,573.7084829235391,880.8320087742759,4.073763582834936e-05,-0.0948590211068142,96,69,95.7010806805044
16824,938.0116211665091,159711.9767431568,75383.00943115943,76663.2228708335,2771.28029984975,852.8776186766772,557.7822356892866,906.8494855138124,-5.547313811780972e-05,-0.0733750783001968,96,69,95.70374587925144
16825,938.0147981567936,159713.86024215026,75378.24290948677,76644.01014114977,2687.7757112440886,836.0788825102936,542.0861587222607,929.0574139833043,4.877919266251499e-05,-0.0751828033037546,96,69,95.70642890692874
16826,938.032268098929,159697.9113799667,75371.2201902011,76677.68394091657,2614.6531066360185,823.2518180157931,526.2082278870221,947.133181187266,-2.3244520939934476e-05,-0.0812194535838646,96,69,95.70912965053074
16827,938.03470097409,159672.60851251596,75378.06166466906,76655.68662818287,2563.06841585238,815.0781278596842,512.2419957048551,965.230841178156,-1.1265016667630165e-05,-0.0712390604901954,96,69,95.71184799655197
16828,938.0515621410534,159676.14500654893,75373.22661635034,76667.02338716981,2528.3945016309735,808.6669857579254,500.21176382209524,981.8875929950736,4.1418304602207575e-05,-0.0614795883708726,96,69,95.71458383099352
16829,938.0547850004616,159636.16154066514,75337.50558138636,76657.7851134247,2514.0871636421653,804.4591203966993,491.98153949170955,1000.2710898033693,-5.556881321952093e-05,-0.06080319452874,96,69,95.71733703936832
16830,938.072195338028,159607.46789472905,75378.44581274802,76642.35611935066,2508.0556902310345,799.3648488726758,486.3067093130376,1017.2873097463453,4.825300220625514e-05,-0.0539660624165999,96,69,95.72010750670704
16831,938.0745869419944,159616.95362126635,75357.57774768861,76649.7907473998,2509.207017061475,794.2071177116741,483.4848374463036,1035.410206605302,-2.2299804170415284e-05,-0.0542642608561149,96,69,95.7228951175639
16832,938.0915105727572,159549.80013972434,75371.57572305058,76673.19861261891,2502.9059751751483,786.203006968426,480.629602727975,1050.48339617491,-1.2263287110100096e-05,-0.0650314192266892,96,69,95.72569975602256
16833,938.0947703903148,159585.14394675256,75344.95805947842,76656.37462596604,2490.6326974540134,777.245195797499,477.58561558582005,1065.2776915694994,4.208452263540896e-05,-0.047999936793262,96,69,95.72852130570122
16834,938.112114941496,159552.5522713907,75383.14132587927,76679.57374917428,2463.6672755598556,765.7480012180604,472.21303493433516,1076.004771440319,-5.564568897431087e-05,-0.0325928398172001,96,69,95.73135964976008
16835,938.1144752217064,159551.1045464198,75373.5711775322,76668.91058447365,2431.6602073285612,754.9350600458565,466.24273837020155,1086.5917754645925,4.771092597527126e-05,-0.0375384070494227,96,69,95.73421467090488
16836,938.1314661879948,159555.44211608445,75354.07938218681,76686.55916936877,2391.7505961893476,743.6142599312298,459.31403291856986,1093.3140775178617,-2.1348250922299472e-05,-0.0235611491859708,96,69,95.73708625139496
16837,938.1347532011084,159532.89365580643,75340.64933738318,76645.40483643267,2357.765763925796,735.1461932500533,454.540619641135,1100.7135428780166,-1.3256705377871696e-05,-0.0123816578266075,96,69,95.73997427304754
16838,938.152027284176,159503.5187966623,75357.99080263611,76686.70842133838,2327.3094460931607,727.8313326525531,451.70766115313745,1105.160343539581,4.273607576430562e-05,-0.02924340802629,96,69,95.7428786172444
16839,938.1543668978084,159492.965501281,75395.78693678736,76672.79062751657,2311.8784538393957,724.3723097933107,452.9934353212593,1111.7467595099297,-5.570375312584875e-05,-0.0082797389980437,96,69,95.74579916493738
16840,938.1714285388072,159517.09190694187,75345.09612275135,76683.16686055217,2303.3943702158867,721.9429949005571,456.26138143098797,1116.2988059182244,4.715315846156878e-05,-0.0181152399705626,96,69,95.74873579665451
16841,938.1747323770012,159527.73801746676,75351.78770653988,76668.83573994019,2308.7454719997477,722.8188064069109,462.1547152136627,1124.0270437582512,-2.0390187201024423e-05,-0.0227347782509654,96,69,95.7516883925058
16842,938.191932895196,159492.28575112086,75333.78036525252,76664.1704496219,2316.3597719098907,724.052694424754,467.7353732328629,1130.2453775107278,-1.4244939587512957e-05,-0.014091660399511,96,69,95.754656832189
16843,938.1942629880156,159447.9761577693,75377.62069387698,76688.01648238256,2331.4326620740467,728.040317859748,473.8530766919139,1139.7312349783606,4.337275464732651e-05,-0.0338725724251292,96,69,95.757640994996
16844,938.2113970143334,159494.84754080512,75397.35741878886,76674.73356304194,2340.6105030675535,731.3042804742727,478.1115371759224,1146.1210399878037,-5.574299948796597e-05,-0.0749567361161167,96,69,95.76064075981824
16845,938.214706954495,159476.3039163337,75362.02277000411,76668.24924471429,2349.661266570911,735.8113579008786,482.27717130590463,1153.5440487511514,4.657989892907079e-05,-0.1038425449606838,96,69,95.7636560051527
16846,938.2318324467658,159456.91013487006,75373.83003495993,76665.50772122905,2346.559543117706,737.4243474949908,484.4301726515405,1155.128082459385,-1.9425941004451797e-05,-0.1289947341398107,96,69,95.76668660910838
16847,938.2341644195049,159432.3191963783,75387.21362329148,76687.14501678788,2338.9579847279238,737.6255270725378,486.16881635511527,1155.4732017745846,-1.5227660362165824e-05,-0.1680820336253891,96,69,95.7697324494117
16848,938.2513708550856,159488.49564684962,75377.07901970104,76678.96833797597,2315.6128755087266,731.8500249008212,484.6081585272914,1147.838639615773,4.3994355185182575e-05,-0.1798151889017449,96,69,95.77279340341248
16849,938.2546760840744,159446.56652281617,75378.05022807888,76701.68728192292,2286.4407681943267,722.3281905399926,480.6663321366359,1138.5021409139736,-5.5763428532435016e-05,-0.1833968856180985,96,69,95.7758693480905
16850,938.2717267389908,159491.41578614042,75374.20323196765,76679.81576596029,2242.248485910415,705.8486127363431,471.3116226582206,1122.2543560257473,4.599135204462965e-05,-0.1950651387586744,96,69,95.77896016006082
16851,938.2740720079074,159497.6656398466,75375.55968658626,76678.59647846498,2194.457967314287,686.2432606364746,458.162780138402,1106.7871440136223,-1.8455841802598266e-05,-0.1802685646080901,96,69,95.78206571557998
16852,938.2913491700348,159525.9680645291,75390.59630276484,76693.98002808937,2133.6876214729855,661.3238813876669,439.4220714883995,1086.5980665791722,-1.620454020068714e-05,-0.1646097467574842,96,69,95.78518589055224
16853,938.2946390497387,159559.25438509815,75359.3973072338,76704.3115103437,2072.3837081891834,635.9680982559803,418.61282942205435,1069.4124618125497,4.460067874474396e-05,-0.1640923434780384,96,69,95.78832056053535
16854,938.311616681399,159531.43766030183,75373.95498139418,76681.58383472745,2001.8466918821796,608.4681658956542,395.5487236198387,1048.8645544310857,-5.576504697618473e-05,-0.1624552444549444,96,69,95.7914696007466
16855,938.3139864391264,159550.17531027197,75401.82320126703,76680.96439390487,1934.5502826327574,583.6606585501868,374.472823888791,1031.7478042099974,4.53877273020714e-05,-0.1510130955369852,96,69,95.79463288606892
16856,938.3313309565084,159594.30209119926,75378.04900451434,76682.93503453398,1860.3803921923973,559.1254304507165,354.64614663421526,1010.0794604898256,-1.748022109922548e-05,-0.1472400552709817,96,69,95.79781029105698
16857,938.3345952854838,159584.0000064479,75403.38741670453,76692.88356380769,1791.8181025643134,539.2425675980339,339.23468625263195,990.7852900902508,-1.7175253769889763e-05,-0.1368308957109194,96,69,95.8010016899427
16858,938.3515032722398,159635.31227629722,75369.85621336049,76690.54545441076,1718.5336914256914,520.8007595951203,325.9936284077703,966.1637466487882,4.519153184845184e-05,-0.1303761200488715,96,69,95.80420695664225
16859,938.3539082536212,159638.91137567998,75387.71907523635,76699.14893177364,1652.3215187684982,506.96574533637613,316.55922053425456,943.687042273581,-5.574786756469787e-05,-0.132570787108186,96,69,95.8074259647612
16860,938.371315123486,159688.57229376724,75398.80454125076,76697.39841829808,1581.3721617209958,492.90022948672413,307.3876264912542,915.3383814444533,4.476923909561279e-05,-0.1208749485104884,96,69,95.81065858760114
16861,938.3745443871012,159683.90067450886,75363.5501795214,76676.73314684251,1517.9718287129072,480.9221273140429,299.7215131156263,889.4554994142673,-1.649941188603013e-05,-0.1155360175879432,96,69,95.8139046981654
16862,938.3913875775778,159718.8467924373,75369.48864690088,76700.00441370712,1450.8442556757946,465.91134644614067,290.16084949090146,858.3297452601546,-1.813947797852756e-05,-0.119446876649753,96,69,95.81716416916515
16863,938.3938378313048,159743.83558823392,75375.32877141096,76682.65063456293,1392.4045442254865,450.589898344042,280.4951192511071,830.4715055772394,4.576672611834318e-05,-0.1126142253593473,96,69,95.8204368730259
16864,938.411300520601,159782.98895138473,75387.74726257114,76687.94528770885,1330.8892718354473,430.82383204942744,268.1732542056707,797.6569649662997,-5.571190981256324e-05,-0.1132708207485232,96,69,95.82372268189296
16865,938.4144861151548,159786.5167015862,75379.10145757983,76683.87449834713,1279.8508851990919,411.30229540451546,256.3905873677868,769.3715975600353,4.4136106699681614e-05,-0.1208153817812381,96,69,95.82702146763786
16866,938.4312707160134,159836.2179377287,75395.81996928187,76674.74428661919,1227.7640103196027,389.62514662645117,243.7687599566707,737.8120907727571,-1.5513748922109528e-05,-0.1070584783284411,96,69,95.83033310186444
16867,938.4337753703462,159840.37102769787,75414.61152093358,76708.6775658199,1186.9034692856367,371.3462291355245,233.93710425961763,712.445500085305,-1.9096892312566845e-05,-0.1062691199484153,96,69,95.83365745591482
16868,938.4512859819469,159892.88467556008,75389.04132006408,76696.3324410868,1143.3882667400758,353.84154718481295,225.06269723377773,684.3862121986749,4.632607904890689e-05,-0.1168740662471336,96,69,95.83699440087564
16869,938.454420375616,159897.7769471788,75382.03514731991,76702.3219610655,1108.892029021401,342.03793890727684,219.9482464569155,663.0114889953402,-5.565719947586145e-05,-0.1023947055008243,96,69,95.84034380758352
16870,938.4711538680098,159943.35286004818,75420.33799287336,76705.88405898177,1068.928846285271,331.8323322470824,215.50584429339506,638.3794241002179,4.34885545085884e-05,-0.1002346046624818,96,69,95.84370554663258
16871,938.4737208338814,159904.6367676732,75391.07183603558,76685.2937638482,1034.5392955603893,326.18212248248165,213.2634054386872,618.5389573629654,-1.452356795134598e-05,-0.1036110863502599,96,69,95.84707948837884
16872,938.4912704214014,159929.0654519283,75415.75582760733,76708.37558124382,991.0933542263228,319.27147467734176,209.3933751184668,592.1145496948448,-2.0047178862285405e-05,-0.1017045476079203,96,69,95.85046550294751
16873,938.4943471240388,160005.52810163164,75382.61000978113,76687.63516609438,951.6662285172497,313.6507591361733,205.71909237114596,567.9045314957038,4.686941315038337e-05,-0.0885049471382531,96,69,95.85386346023851
16874,938.5110383899518,160034.5670935093,75403.26654387331,76699.78949610528,902.9912953770836,303.8258092818578,199.14796294432017,535.2375272745267,-5.558376823496759e-05,-0.0849141560669368,96,69,95.85727322993276
16875,938.51367374561,160024.68013796236,75441.7140031289,76689.59446710083,858.4999362914823,293.1827633839275,192.30068129758,503.8707131751289,4.282681108567115e-05,-0.0599321487916676,96,69,95.86069468149846
16876,938.5312531615516,160045.0660494076,75408.97666541507,76672.10496714665,805.2832516902126,277.5266538331489,182.85124435060425,464.0491456380696,-1.3529206331178502e-05,-0.0712432375952128,96,69,95.86412768419662
16877,938.5342659058344,160090.8980289154,75374.10679752564,76691.45680724153,758.9264475865057,262.06455976425787,174.19731880218023,427.9102882150328,-2.09900221514462e-05,-0.0988563695861029,96,69,95.86757210708764
16878,938.5509264998436,160158.29615279933,75416.0706757284,76673.90017987277,707.5733635082142,243.73479536709783,164.1910715875856,386.66958048180095,4.739655692130842e-05,-0.0889500761851766,96,69,95.87102781903774
16879,938.5536320480164,160184.91130659718,75407.72537663463,76733.3383546447,666.1168256229139,227.8193460803741,155.74508214290836,352.2312113898515,-5.5491654748407714e-05,-0.0979473090563421,96,69,95.8744946887241
16880,938.5712358866148,160212.70141237482,75411.36524228402,76698.24132912119,620.8067314630607,210.5064845267916,145.95634505851194,314.38476249744417,4.215110997154775e-05,-0.1059191692225851,96,69,95.87797258464154
16881,938.57417240884,160254.61360593967,75410.16013405786,76700.6060271428,584.6420602146536,195.979088703054,137.10748374380637,284.3385431014758,-1.253100257457553e-05,-0.094581729327439,96,69,95.88146137510878
16882,938.5908279559152,160240.7067692993,75423.05940177417,76720.53998063767,539.7752294375678,178.54779150040122,125.51456010146649,249.8797938550706,-2.192510952898501e-05,-0.1003811299595116,96,69,95.88496092827432
16883,938.5935770690966,160284.0969355751,75421.69965104737,76689.54392716446,494.4998946614214,160.4418919203017,112.73993324756157,220.46247890987433,4.790734416530014e-05,-0.0932998074454069,96,69,95.88847111212216
16884,938.6112679643364,160321.66498987016,75380.71366329333,76692.99198094093,428.8220173406298,135.2247945806448,95.0274536483339,183.19975447835168,-5.53809031888988e-05,-0.0902748564706076,96,69,95.89199179447874
16885,938.6133454554582,160345.0662271192,75417.7159024437,76696.49033893789,354.8982941873255,106.7959269657731,75.08057825281867,150.07285421754932,4.14616889183172e-05,-0.0818149727825258,96,69,95.8955228430183
16886,938.6305817375649,160401.62947376724,75425.6238310382,76711.43284880179,258.68233934202,71.68886591160845,50.87030845388654,109.31056415467174,-1.1529295991138422e-05,-0.0873686578566673,96,69,95.89906412526928
16887,938.633649339562,160415.07252565946,75429.05162439638,76679.21972613617,163.31017412245274,38.68483165516227,27.975658836163348,75.28027082243352,-2.2852131098765196e-05,0.0169656730158989,96,69,95.90261550862029
16888,938.6511234421508,160452.35757059164,75420.51301036724,76690.22009145835,69.3734076183755,10.289399729314027,8.1151594396797,39.10519732127432,4.840161451467259e-05,0.2536675021135383,96,69,95.90617686032644
16889,938.6532782483666,160490.12563541258,75403.96290865813,76714.4435354217,12.713911917991936,-0.0,-0.0,17.16646804890479,-5.525156465515951e-05,0.2682412065411587,96,69,95.909748047515
16890,938.6705123132004,160473.52140466202,75429.07693410016,76710.44758142506,-0.0,11.807822318151011,6.529995603283169,-0.0,4.075879081862611e-05,-0.2444858375297015,96,69,95.91332893719202
16891,938.6736540972344,160462.33878716608,75438.63841514057,76678.83292251853,65.83727807801915,56.79236992332153,34.982018961483845,3.3216813724138774,-1.05244271211105e-05,-0.4136609201037375,96,69,95.91691939624788
16892,938.6910078785612,160436.1834223377,75414.63721505027,76737.27016890833,207.36262475070544,132.47113928754698,84.02885458493256,16.482650286634453,-2.377078021183628e-05,-0.1039900429372674,96,69,95.92051929146356
16893,938.6931922131388,160441.6577849043,75421.28716369643,76707.78230156399,440.6942176328157,239.88313901118818,154.20563088011113,52.999981199769536,4.887921289825474e-05,-0.1347362687915703,96,69,95.92412848951705
16894,938.7104654766334,160395.34003184535,75382.98547288099,76720.66493915481,738.3618449132773,365.1433940088318,236.4920512610115,98.003634705703,-5.510369603525077e-05,-0.1279488969435824,96,69,95.92774685698843
16895,938.7136419479612,160281.49127216908,75407.20494143166,76707.27053349449,1093.2448938143789,500.1117382038792,325.1727457474626,161.9721693948959,4.004266225402197e-05,-0.107356132260207,96,69,95.93137426036748
16896,938.7308958141329,160220.06047337118,75403.94856906397,76698.42283561225,1460.8979088397464,626.4116457218333,408.1634047779662,227.95131660508923,-9.516737070664651e-06,-0.1246405773838246,96,69,95.93501056605808
16897,938.7331038823588,160152.1782295936,75385.7272699206,76697.25443174664,1825.2387014708365,736.6356012480683,480.23457336711,304.9656663854257,-2.4680752653357086e-05,-0.0892373798807202,96,69,95.93865564038546
16898,938.7504302446062,160073.85625475412,75382.8052604091,76670.6457868686,2141.9360701458063,817.8716880204593,533.0010394404235,374.6787987376156,4.933999042112276e-05,-0.098188771810219,96,69,95.94230934960147
16899,938.7536191598798,159996.61150625194,75392.0968776632,76705.50026126302,2405.48053130036,871.7800892322266,567.2465469505987,447.5496360778052,-5.4937360690558895e-05,-0.0941920274477233,96,69,95.9459715598913
16900,938.7707828738136,159921.86191273425,75393.2520825381,76715.21114617474,2589.068723098433,895.5328244852135,581.1975098767143,508.1850115953421,3.93135544757093e-05,-0.0919090880947804,96,69,95.94964213737872
16901,938.7730179600696,159845.5543435146,75396.84569300845,76688.21713110982,2705.8309402336017,898.9049934851937,580.9435523847933,569.747688706324,-8.506567782462818e-06,-0.1134244746983369,96,69,95.95332094813298
16902,938.7904027281106,159813.85216921728,75381.62693231531,76714.4294919772,2745.3643546407693,883.7909326357913,567.9593871053949,618.0805503602896,-2.5581748349319356e-05,-0.1028323023034183,96,69,95.95700785817388
16903,938.7935873770016,159786.9228738596,75368.80431277682,76670.26890969844,2735.077857402968,861.5976255018904,549.7849381125125,668.1155984119978,4.978380391201572e-05,-0.0857271230196832,96,69,95.9607027334786
16904,938.8106680772364,159732.16183961983,75379.01927601539,76682.5164906306,2674.9424600034254,833.2104378715594,527.8275439127756,706.6677713662502,-5.475262807086242e-05,-0.0917746467600497,96,69,95.96440543998727
16905,938.812936667652,159654.4053265755,75382.40983967535,76706.64920041358,2596.7437854999444,806.9353598489106,508.16020298114745,747.8221877803444,3.857172251930768e-05,-0.0851306934109135,96,69,95.96811584360908
16906,938.8303806614224,159629.60626849288,75392.07387545699,76688.61644259463,2499.8408122035326,779.9267892871139,489.9726152800722,776.3277774869348,-7.494261973789848e-06,-0.0734183793565173,96,69,95.9718338102281
16907,938.8335470833345,159582.352503935,75373.47614910839,76648.93960197819,2413.376565273793,757.7099324897135,477.11552884682897,806.1054270076565,-2.64734694228314e-05,-0.0728902971470965,96,69,95.97555920570936
16908,938.850551541685,159579.7232770245,75362.64989612668,76667.5906082207,2331.7476133294986,735.8069300904172,466.7130060373165,822.8493927185191,5.0210515861122985e-05,-0.0595556117603022,96,69,95.9792918959053
16909,938.852861290866,159560.0303060546,75368.54268434986,76702.12234734662,2275.6472959329258,718.6278165632248,460.57854963379214,841.1496261505235,-5.454957361010272e-05,-0.0485472288878586,96,69,95.98303174666052
16910,938.8703623181088,159536.92190827287,75371.7088435296,76667.37251076482,2229.5720786040765,701.1200231067342,454.31968091402086,847.0991027848504,3.781742603563756e-05,-0.0428856321029262,96,69,95.9867786238191
16911,938.8734984202208,159525.7702200086,75339.1864616282,76636.87143348013,2206.281185133441,687.8481297022081,449.2979443206568,856.9691421661992,-6.480162409050342e-06,-0.0281919809092918,96,69,95.9905323932296
16912,938.8904338616892,159553.1773957905,75351.29071146506,76667.05909709331,2184.4462774800486,673.9974851300649,441.58947878552135,857.9676787186472,-2.7355621929058412e-05,-0.0187071414157967,96,69,95.99429292075123
16913,938.8927926201708,159511.59506603723,75402.4728869515,76667.03507101838,2172.3396433833404,663.7186334439903,433.38362310564844,865.3489338228828,5.061999453803912e-05,-0.022783244974704,96,69,95.99806007226016
16914,938.9103461873542,159504.26252097185,75412.4638221432,76680.07390319675,2147.457466920663,651.6343220584095,421.8748111478635,864.2964391882124,-5.432827920240736e-05,-0.0449602121348938,96,69,96.00183371365485
16915,938.9134414677144,159485.11487543318,75383.77055334092,76669.61275504355,2121.869025700551,641.9037077693647,410.5749235835101,869.3930335943878,3.705092835539214e-05,-0.0604624610632415,96,69,96.00561371086224
16916,938.9303158693134,159507.82078538544,75407.79309634502,76658.9742262032,2079.3746867212467,629.5407508594071,397.6966528814228,865.6052245250903,-5.464612537260516e-06,-0.0982930291796009,96,69,96.00939992984354
16917,938.932731114848,159492.56779928858,75384.7890642946,76662.33407740432,2037.456491238554,618.9721462143789,387.00249729587813,866.7297302558727,-2.8227915176739563e-05,-0.1362906010281497,96,69,96.01319223660018
16918,938.9503308600728,159469.62828938576,75378.91133553724,76675.88501219949,1984.526765028655,605.7588253260037,376.56444543169346,857.744629120949,5.1012114615043766e-05,-0.1809438525386361,96,69,96.01699049718
16919,938.9533763647112,159501.16926250773,75383.90364560588,76669.44394644887,1942.2442533026333,595.3644573088968,369.994090441498,854.4679435829457,-5.4088832723056825e-05,-0.2311636100755659,96,69,96.02079457768208
16920,938.9701985138792,159526.8668530067,75377.20458363059,76689.4001803157,1900.6835401897551,584.2472396237426,365.07918408556725,843.9074993851245,3.627249676998209e-05,-0.2328455601618061,96,69,96.0246043442639
16921,938.9726769777388,159478.48590712628,75362.68613537615,76686.20416870582,1879.1298721731291,577.977964925667,364.77361750934506,842.0728970346972,-4.447955957367547e-06,-0.2349518258274982,96,69,96.02841966314614
16922,938.9903149885888,159492.78788218673,75395.80188099886,76696.09865519503,1863.777514598507,572.8160703860922,366.20345194329275,835.6622598567337,-2.909006222405953e-05,-0.2471464860498204,96,69,96.03224040061896
16923,938.9933033678328,159509.0761846811,75405.36973105888,76697.3110967348,1870.3737013930804,574.0466854611586,371.8079102842312,840.8157949701417,5.138675604821322e-05,-0.2518035276231808,96,69,96.0360664230478
16924,939.0100827865537,159447.46286650008,75398.49931200672,76713.39715601441,1880.9601270650164,577.0769558521715,378.0628163640795,843.3603825807513,-5.383132773264473e-05,-0.247764620091898,96,69,96.03989759687884
16925,939.0126301979906,159484.7897102802,75359.2609169689,76688.75508529045,1905.8350722884643,585.4776878373959,386.4482641360082,856.6008676014899,3.548240269489693e-05,-0.2451086646867789,96,69,96.0437337886455
16926,939.0302972750468,159463.60752449936,75357.24977880725,76692.4503658412,1923.2766112823738,593.0400726108637,392.7621824236121,864.0170731159742,-3.430536401849262e-06,-0.2351966277755996,96,69,96.04757486497309
16927,939.0332228837568,159415.30739680107,75347.44655623572,76680.95829479459,1942.8227768642246,602.3624474956887,398.411120873905,878.1629038649262,-2.9941779416989723e-05,-0.2291596384306778,96,69,96.05142069258576
16928,939.0499696627908,159453.06711756985,75366.19127691432,76667.88667029334,1943.580617508036,606.7203166874242,399.5435909018561,882.303231432219,5.174380518202983e-05,-0.2396781012073098,96,69,96.0552711383113
16929,939.0525905841196,159388.14668790126,75368.99536176102,76660.58393510965,1936.3826372338808,608.4734966876713,398.088476295321,888.4663567994139,-5.355586475689476e-05,-0.2289339768795675,96,69,96.0591260690876
16930,939.070276469539,159381.02460879862,75369.40946717639,76641.01218043959,1904.2784904572763,601.6755226230453,391.1238507598755,881.3655350666377,3.468092099783412e-05,-0.2167105699869393,96,69,96.06298535196746
16931,939.073135490481,159433.24958737488,75360.75723505892,76627.63034338914,1864.2086376554798,590.3889307991485,381.6893348126323,876.1819621772738,-2.4126977528578467e-06,-0.2251842585064678,96,69,96.06684885412515
16932,939.089860049825,159419.2797192897,75351.09321232747,76648.03159335641,1804.4913898159866,570.5095534326683,367.630368876009,860.3206847776892,-3.078278702607053e-05,-0.237233151479883,96,69,96.07071644286184
16933,939.0925577992252,159458.37801007295,75364.82749512162,76659.46421709597,1744.2717777276994,547.4764767407469,352.1927635477914,849.3884784553375,5.208315461549098e-05,-0.245508387391888,96,69,96.07458798561096
16934,939.110251366418,159435.65533980573,75350.21087894894,76634.61021037048,1672.8599967221962,518.563366238639,333.40535117604304,830.958266741276,-5.3262549193723646e-05,-0.2558438303379557,96,69,96.07846334994392
16935,939.113041958254,159459.6043319939,75351.19002553534,76658.1614941178,1609.076020613138,490.28188417322235,314.774374937173,820.2158905383258,3.386833011808088e-05,-0.2653566596353305,96,69,96.08234240357612
16936,939.1297547292372,159487.95952498307,75360.75131906927,76643.71548290327,1539.6404368584044,460.036418339354,294.43082612156286,802.9731193687767,-1.3947833927935626e-06,-0.2647394632111195,96,69,96.08622501437236
16937,939.1325314092832,159455.70391996505,75350.3017341468,76642.58449216379,1478.9927379350993,433.3760036957392,275.731754694134,791.2693657456548,-3.1612809260490395e-05,-0.2702810248199402,96,69,96.09011105035208
16938,939.1502207860692,159473.44195295544,75337.76336548541,76642.85206304757,1411.5178961529164,406.72050463437336,256.8494878138008,769.868997850368,5.240470225621996e-05,-0.2903997104404053,96,69,96.09400037969532
16939,939.1529432840064,159490.60011345064,75339.36677385482,76635.20754106423,1351.428895972378,384.8194209312933,241.22461633148487,751.5033853086061,-5.295149304852806e-05,-0.3036243159934298,96,69,96.09789287074852
16940,939.1696542792442,159518.40312260078,75345.99932314691,76621.31410774103,1283.4039310779772,363.3127279358305,226.77999342195108,722.2335981021461,3.304491252776276e-05,-0.2938238167732384,96,69,96.10178839202922
16941,939.1725109631514,159574.27100365347,75357.21722728891,76641.1099570529,1221.5585201188223,346.15285483059415,216.27342755591962,695.4060111347062,-3.771369867047392e-07,-0.2908521145421417,96,69,96.10568681223266
16942,939.1901835185944,159602.66962107437,75362.90208283628,76668.90321273629,1152.2211747196852,328.88150798012794,207.02089387463639,659.08994594455,-3.24315739050082e-05,-0.2732446492143622,96,69,96.1095880002364
16943,939.19284076825,159606.59385460734,75343.42612838912,76670.62494100386,1091.351518162759,315.6043108212325,201.21413507283432,628.2115018768527,5.270835290717686e-05,-0.2525851103858962,96,69,96.1134918251062
16944,939.2095589410234,159612.71513339295,75360.37040968136,76662.83442083697,1025.591556797037,301.74764330111793,195.5298667688039,591.0196953705454,-5.262281437519773e-05,-0.2619832677365767,96,69,96.1173981561016
16945,939.2124961504436,159677.37195738291,75344.95867273395,76649.29489615571,969.4837928712368,290.9711699824111,191.5943916371616,560.7242947636696,3.221095360177748e-05,-0.2701185336775736,96,69,96.12130686268124
16946,939.2301381684888,159704.60550515828,75342.2859632054,76646.89813634535,909.5430085647968,278.7951617834042,186.1499697403924,525.1429945018899,6.398987017842302e-07,-0.2854087922638951,96,69,96.12521781450803
16947,939.232736214507,159743.7513728342,75328.95907540563,76648.507694825,860.3248887724476,269.16357681155205,181.27895521299797,496.99622060512775,-3.3238813224787995e-05,-0.2955322516913984,96,69,96.12913088145508
16948,939.2494683229958,159742.17647915304,75356.84205604078,76637.74963990765,807.4590311169159,257.68895906484977,174.1941732201958,463.3916243375861,5.299401700770641e-05,-0.2862037891542527,96,69,96.13304593361076
16949,939.25248718132,159752.5601044582,75336.4300612523,76657.10745493002,763.8019811585546,248.11327221017564,167.3253225660883,435.6933126868098,-5.227663646438554e-05,-0.2865672562928172,96,69,96.13696284128424
16950,939.2700827007138,159825.0527142801,75348.20794617289,76679.1745888815,715.3472954618628,236.24933012919792,158.41998582633096,401.86208953283494,3.136674217051666e-05,-0.287619777470018,96,69,96.14088147501054
16951,939.2726325310434,159832.08192788527,75346.61347267979,76656.5167419585,675.6634462075308,225.92323983860842,150.25535153326928,374.04272791880067,1.6559810068472528e-06,-0.2826065617697416,96,69,96.14480170555672
16952,939.2893805438752,159828.45480992686,75345.75244642886,76660.83686753824,630.7355746366084,212.69836057977227,140.48178142969846,340.5279865007615,-3.4034263089488115e-05,-0.2814881484915058,96,69,96.1487234039258
16953,939.292485972267,159925.08095971198,75363.5668320832,76673.35807454452,593.073832867376,199.92213199511752,131.40839359239908,312.45776429306716,5.326161114382944e-05,-0.2690440800111801,96,69,96.15264644136332
16954,939.3100128106508,159910.98797813096,75347.52999667563,76669.31249108078,548.7150365975685,183.24799031029397,120.37256529607112,278.500190710678,-5.19130888396183e-05,-0.2681510141686328,96,69,96.1565706893621
16955,939.312536092275,159936.6273515322,75335.0599665493,76668.4011974111,508.96980094583705,166.10147689454607,109.34788031256176,249.254385248787,3.051257065258448e-05,-0.2123710915842785,96,69,96.1604960196676
16956,939.329288637957,159997.62935005507,75311.08214469465,76647.99592602722,457.3238020429271,144.08502411158406,95.3476872536412,212.74067388594267,2.67076762785999e-06,0.026017717717247,96,69,96.16442230428304
16957,939.3325017914724,159999.03485721815,75335.60925352022,76672.19115158815,402.5259039227385,120.62596118268266,80.28255154957878,178.66857849722146,-3.481766379650876e-05,0.1845014683249472,96,69,96.16834941547464
16958,939.3499126128072,160034.20464075333,75373.89792043316,76641.08012611406,329.68884607584914,92.33587492311199,61.91279305625358,137.13204343491816,5.351105802337355e-05,-0.2845944958785112,96,69,96.17227722577697
16959,939.3524734119608,160035.55664537338,75347.3121260723,76647.72147193959,252.07585165009368,64.20591739410884,43.375667848595185,100.01777409322676,-5.1532306797204375e-05,-0.6289974920461695,96,69,96.1762056079981
16960,939.3691468521512,160127.04110414046,75368.45568687555,76652.60712651083,162.39245947194286,35.12171130978095,24.062526153575163,60.108376485761255,2.964873434816416e-05,-0.3168171658792763,96,69,96.1801344352244
16961,939.3726360392828,160140.62469552152,75360.83277486246,76676.98509867836,83.26006813207641,12.895855081020272,9.027905125345569,30.616178346332163,3.6839175380339087e-06,-0.2849004463345573,96,69,96.18406358082623
16962,939.3893330608468,160174.61660609668,75324.99918129883,76647.25541650155,19.202440556371585,-0.0,-0.0,6.590508794150082,-3.558875981384816e-05,-0.2945858168844157,96,69,96.18799291846284
16963,939.3918725889208,160194.46219520885,75322.4208297168,76649.04186263554,-0.0,6.313479949501925,3.486382109404076,-0.0,5.374228711098655e-05,-0.2557219553816853,96,69,96.19192232208697
16964,939.4092816414648,160166.03825182852,75359.49670433914,76652.10963699929,30.897535476949997,33.91479827449075,21.144772553438088,3.1106085280771367,-5.113443128876721e-05,-0.2957312859552199,96,69,96.19585166595084
16965,939.412495987634,160132.20483667505,75368.48063357951,76647.89888316432,136.23752287303796,89.65253242115432,57.701306664646836,24.68125901868916,2.8775531488934265e-05,-0.2595241953666251,96,69,96.19978082461024
16966,939.4292704317214,160068.8091287137,75333.88383463601,76653.97241676068,308.85235297086183,169.72921580204275,110.93327234967728,54.783584820863325,4.695089820196066e-06,-0.2437073363689657,96,69,96.2037096729303
16967,939.431770545032,160022.4886831047,75342.39378368904,76647.59635444525,553.8673997289152,272.7736592347792,179.8979609661328,99.40320387351676,-3.6347299988154194e-05,-0.2483763827658024,96,69,96.20763808609
16968,939.4492977663544,160022.6928047291,75355.65364646412,76651.16213582836,843.863351090753,386.75407132398686,256.4922266084177,148.02915439219214,5.395523330851442e-05,-0.2267983240382469,96,69,96.21156593958746
16969,939.4524054936196,159948.12899597094,75356.58465259642,76663.50147100385,1167.1769774763961,504.0997306355421,335.31661295102094,206.87150224423385,-5.071960880174202e-05,-0.2167520950550622,96,69,96.21549310924468
16970,939.4691741814432,159900.82269893962,75360.77138862145,76666.78288257778,1486.327333964873,610.0749975771469,406.3119678988296,266.61191640023026,2.7893263488352876e-05,-0.2134335531715085,96,69,96.21941947121262
16971,939.47169845731,159829.85968682915,75314.84458394456,76664.33746311023,1786.2323313826346,698.0713038342074,464.8255865275569,332.69057993235765,5.703945198705252e-06,-0.1940347397318756,96,69,96.22334490197578
16972,939.4892974580208,159723.44120194315,75338.61995310496,76653.02551041913,2034.9363735707593,758.3640533820871,504.34018853420275,395.5777801985969,-3.709303745839896e-05,-0.1768735766034335,96,69,96.2272692783575
16973,939.4923187850372,159672.34398568724,75355.76821705632,76632.40748732655,2229.7585601522587,792.1406583073986,525.636393495748,460.1359403076058,5.414983810206696e-05,-0.1740464464368185,96,69,96.23119247752447
16974,939.5090706981148,159606.5947977839,75312.27186880709,76654.38842445107,2354.6660170586547,798.3258166107553,528.0968340853287,517.2174417246133,-5.028799171929933e-05,-0.1627117102564609,96,69,96.23511437699206
16975,939.5116406107132,159589.2581406384,75341.63052103009,76646.6703614694,2421.3954628001084,785.216077988196,517.3191295913421,571.1736939557304,2.700223464785847e-05,-0.1465669902346525,96,69,96.23903485462836
16976,939.529289864456,159501.50215983635,75327.00630646203,76653.7903608795,2426.9077143112663,756.6414890989545,495.9411371673923,614.0528898550838,6.710144640054568e-06,-0.131878234749224,96,69,96.24295378865943
16977,939.5322289492052,159508.88103494755,75305.65055323558,76636.51111429743,2392.828298226057,722.9140457950707,470.88699328532675,651.5604001267347,-3.782573015004123e-05,-0.110653086950371,96,69,96.24687105767414
16978,939.5489662942636,159434.9787588563,75323.65058233116,76666.44612742186,2322.4035078231827,687.1458019530401,444.2572777814348,677.8722669709532,5.432604916280231e-05,-0.0933154561567166,96,69,96.25078654062874
16979,939.5515927950177,159411.93721569583,75331.26854396239,76644.02718156391,2238.731415883871,656.5765617415018,420.9071367815195,699.3785466164118,-4.983973781910817e-05,-0.0850723129129367,96,69,96.25470011685144
16980,939.569276844778,159435.02817753583,75307.39176336647,76657.63010668544,2144.784788790217,630.672231366756,400.5128410948091,711.6667477456795,2.610275171820927e-05,-0.0589285944079505,96,69,96.25861166604716
16981,939.572134101164,159383.9487590281,75361.22281998515,76658.02639479267,2061.298758934485,613.1381982040184,385.7120180031634,721.5899407392717,7.713351158745486e-06,-0.0492401709712477,96,69,96.2625210683023
16982,939.588863870988,159415.53189683668,75350.65600133761,76655.76831441105,1986.71111834154,600.4650381444226,374.4097703715088,725.0770830717811,-3.854514029026387e-05,-0.0526946820018464,96,69,96.26642820408932
16983,939.5915530259546,159407.36058740492,75365.0927038495,76658.11974087598,1933.9816667426494,593.760795115013,367.7675650283636,727.5745088976983,5.448382056817548e-05,-0.0593648333819789,96,69,96.27033295427134
16984,939.6092585815752,159415.20008239042,75331.06872275104,76690.28849108354,1893.7745954390848,588.0887237712013,362.8451822727802,724.4274703424308,-4.937501022865743e-05,-0.0778657225271959,96,69,96.2742352001064
16985,939.6120338179536,159360.89821376023,75373.46865045864,76688.46053926711,1871.524072330445,584.0324103483435,360.33772933270666,720.2258094053541,2.5195124336149712e-05,-0.1174464824853628,96,69,96.27813482325254
16986,939.6287652565276,159398.18019283077,75364.93047921186,76670.08446875219,1851.8318587013055,576.9592505426263,357.09133534226567,710.5293461053516,8.713228181662458e-06,-0.1399798249509439,96,69,96.28203170577189
16987,939.6315199318344,159421.03303025407,75348.61906218434,76684.82569864299,1835.704770535347,568.1804383695853,353.74645714537473,699.8082452578528,-3.925103485776199e-05,-0.1748951693676494,96,69,96.2859257301353
16988,939.6492347537442,159450.13259080175,75396.31024747108,76688.84907401868,1808.2035825835774,554.7549196011969,347.7865640009986,685.0550926409196,5.4623112316603225e-05,-0.2151916208768027,96,69,96.28981677922684
16989,939.6519282924128,159450.73758578734,75367.36351975895,76665.92695159878,1774.3945615759585,539.9483573344769,340.9489905330993,671.7481851113844,-4.8893977888227866e-05,-0.229983415951714,96,69,96.29370473634832
16990,939.6686718002414,159433.22479837344,75369.69378045003,76690.36852201835,1725.7394361533225,522.5342729329277,331.9510219655349,658.0416714394232,2.427966455188108e-05,-0.2279834153591907,96,69,96.29758948522334
16991,939.6714923039098,159475.14536317636,75360.87467105388,76694.77824006748,1673.3762684800895,506.5544566850149,323.4179913542466,649.0645107376913,9.709440989174928e-06,-0.2153552411028133,96,69,96.30147091000212
16992,939.6892049137272,159466.18816772258,75375.40869343416,76675.31284213887,1615.172434913693,491.1489970405528,314.7633371987904,642.9272689576028,-3.9943185638919405e-05,-0.2059977212821356,96,69,96.30534889526552
16993,939.6918180396212,159479.54617597995,75372.79213816776,76694.36520255315,1566.381380832754,480.0140045327862,308.7586609327409,643.5631066983042,5.474389091698972e-05,-0.1934656691656642,96,69,96.3092233260293
16994,939.708584571487,159443.93110263636,75354.44977796674,76684.7114438392,1525.9313768323627,471.53306428008364,304.4083033707866,647.9955522144446,-4.839681467828902e-05,-0.1880603200427612,96,69,96.31309408774878
16995,939.7114689389682,159470.68528245992,75375.14307830101,76697.21533084784,1506.1221625609905,468.32008440970094,303.5996522587084,658.1775197361712,2.33566868140114e-05,-0.1770500272367559,96,69,96.316961066323
16996,939.7291686488204,159439.93829222015,75344.14289492574,76652.35344271049,1501.5283239615383,468.2227663855301,304.6480247330328,670.2488196831255,1.0701656202244306e-05,-0.1618854474034409,96,69,96.32082414809868
16997,939.7317037596576,159426.42754614056,75371.53209440249,76690.90479635974,1518.0560764945112,473.35937179473694,308.8349816996197,685.1194518639822,-4.062136914968961e-05,-0.1617256516218929,96,69,96.32468321987449
16998,939.7485044414012,159379.40614949123,75329.4500191981,76639.76357346133,1543.2161382003105,480.9245825659309,313.9290555639018,698.9637769069232,5.484612905109172e-05,-0.1506814619250673,96,69,96.32853816890568
16999,939.7514485753647,159404.49574723723,75325.5138129399,76634.96233566832,1576.0954545484856,491.78370138090395,320.5417065380025,712.5791594704497,-4.788370017304075e-05,-0.1384167479861119,96,69,96.33238888290754
17000,939.7691256706916,159397.89015624335,75328.16511977543,76643.43803256814,1601.2417049412616,501.95048221045,326.0153708374128,723.1978257658193,2.2426508071368334e-05,-0.1468810760631567,96,69,96.33623525006004
17001,939.7715862497056,159376.6276777136,75331.16580414819,76640.96140623167,1617.912207027839,511.0486748631083,330.5655012661591,732.1521871765144,1.1689541892728468e-05,-0.1491942437123018,96,69,96.34007715901174
17002,939.788432129398,159374.53643743246,75310.97856288646,76630.43278261939,1614.0546239781543,514.4249228476692,331.3783584982739,737.6140551864228,-4.128536669393849e-05,-0.1458365653517225,96,69,96.3439144988838
17003,939.7914298590248,159370.71650265303,75283.76111309715,76640.63324046278,1593.8801207603537,511.84280367550673,328.8787753173092,741.0409369629633,5.492980564682068e-05,-0.1457727230164334,96,69,96.34774715927404
17004,939.8090758828027,159334.06430099267,75322.45737236868,76609.4673253509,1552.1267980155535,500.2809346414142,321.2770270090841,741.2760462145379,-4.73548190383714e-05,-0.1366272931756529,96,69,96.35157503026102
17005,939.8114663250866,159366.64948244035,75295.94372665763,76644.11271887683,1498.3057346058777,481.79138444598357,310.3279781816236,739.7123813611106,2.1489447148407745e-05,-0.1246756264019155,96,69,96.35539800240792
17006,939.8283682494848,159404.69137475142,75287.66458872377,76617.4550162409,1430.273842327937,455.86721145488264,295.54744495876366,735.5467405644886,1.2672768221555558e-05,-0.134589683124456,96,69,96.35921596676654
17007,939.8314113079696,159363.6726115628,75303.8343729502,76607.0183120315,1357.790261199756,426.47999556736613,279.4891144798894,729.7914303703001,-4.193496459955815e-05,-0.1357082514035626,96,69,96.36302881488116
17008,939.849019454404,159386.4329393013,75292.74023247315,76615.43492473949,1278.4888854292221,394.5131530034705,262.0537751610973,721.6965755374113,5.499490634252692e-05,-0.1230248056220034,96,69,96.36683643879222
17009,939.851344721078,159383.313830073,75309.20201637874,76603.35915038324,1200.6911549674696,364.04544562839146,245.37579493946396,711.6369411304768,-4.681036116647526e-05,-0.1226010497293684,96,69,96.37063873104066
17010,939.868313386628,159425.46340668225,75295.40673386818,76627.61736213214,1120.7488393075182,335.0975609127636,228.40434157621348,698.8338389718847,2.054582529637872e-05,-0.1122745283358463,96,69,96.37443558467136
17011,939.8713912415928,159409.36786074654,75311.35144103768,76617.04973909016,1045.7083436522516,310.093690434107,212.07743151363684,683.2602898841724,1.3651006916697768e-05,-0.0984038777414971,96,69,96.37822689323691
17012,939.8889569393804,159443.53006797208,75305.53317930584,76632.53708210218,972.0385860933457,287.58615758124506,194.6783900835435,664.4398645333131,-4.256995453498199e-05,-0.0881505550345669,96,69,96.38201255080182
17013,939.89122192956,159464.32015996712,75303.85461626174,76621.69316136901,906.062591981201,268.573424058035,177.01830631896155,642.2427851588873,5.504142230233288e-05,-0.1145235031798353,96,69,96.38579245194532
17014,939.9082682615136,159491.27386129287,75282.81338464111,76630.94346077721,843.0728326070821,250.73079502578184,158.04011699961848,616.7470476377348,-4.62505214496284e-05,-0.1164714237293231,96,69,96.38956649176598
17015,939.911367599345,159531.53657812127,75316.93472095592,76643.16259967287,787.4142326369765,234.60692403327266,139.68402870718273,587.8643537118332,1.959596522497669e-05,-0.1348824804408983,96,69,96.39333456588516
17016,939.9288895384988,159561.82946290026,75303.78244353544,76634.2982991573,733.4719034987502,218.25929182986147,122.26578725819127,556.1039384947508,1.4623931393941777e-05,-0.1630317292340138,96,69,96.39709657045
17017,939.9310978381088,159562.72983883088,75311.99574144783,76621.5943348119,684.4777368524228,202.74933136289474,108.38322588126175,521.297714588145,-4.319013254270058e-05,-0.1408221127103322,96,69,96.40085240213806
17018,939.9482341672046,159629.7652201119,75319.1153923713,76632.67518102488,634.6310037362273,186.87729366181884,98.0927652863902,484.4946462386288,5.506935147883032e-05,-0.1618314174233783,96,69,96.40460195815989
17019,939.9513373892064,159639.45052633388,75305.51044688771,76643.18456209046,587.4480776715209,172.21855787995446,92.7348262934247,445.5532465244178,-4.567550001952706e-05,-0.1618489138568941,96,69,96.40834513626324
17020,939.9688198799432,159735.77566727326,75345.29445075174,76657.00307283616,538.8778187503922,158.04965284730133,90.73553935543168,405.7901683455566,1.864019243925532e-05,-0.152853156207836,96,69,96.41208183473624
17021,939.9709706134483,159769.35886429064,75355.63506126065,76638.88636264183,493.40360270167,145.70033543284808,91.5695420562115,364.70889723926666,1.559121761880747e-05,-0.1575000772509459,96,69,96.41581195241088
17022,939.988214538668,159772.39468753504,75329.26764937889,76649.35080195652,447.5419259017217,133.85623397763993,92.24703108362155,323.71198966444354,-4.379530053598221e-05,-0.1396624567262735,96,69,96.41953538866689
17023,939.991294382826,159802.09233563245,75315.09143186473,76655.38164712078,405.0442511693109,122.85605216347903,91.50427009901614,281.86478670404176,5.507869802630132e-05,-0.1334399553391337,96,69,96.4232520434339
17024,940.0087556568228,159873.4631847766,75365.35826489681,76657.67995823904,361.48732271260815,110.6512215892144,86.68076618007035,240.59381524421042,-4.508550189814985e-05,-0.0821742968684808,96,69,96.42696181719668
17025,940.0108305893548,159943.33661299205,75343.80812982775,76650.8571242784,318.21881668566493,96.87537088047247,77.50502860927372,198.89450241264421,1.767883316906485e-05,0.1288304182097757,96,69,96.4306646109968
17026,940.0282261598168,159935.6623773558,75414.87965824682,76708.8277562363,268.9476588544203,79.54396391459159,63.06544577694149,158.9372747289308,1.6552543336435756e-05,0.331723052708071,96,69,96.43436032643706
17027,940.0312048676608,159995.46597435637,75370.11076797733,76677.88604365445,214.58174586709356,59.25928706556442,45.30635306169279,119.98988121218281,-4.438526511458789e-05,-0.0173730313104729,96,69,96.4380488656838
17028,940.0487866873428,160032.06182860877,75385.9884566048,76673.74979656748,152.24365724890959,36.55579056456918,26.011875747790327,84.73617744355579,5.50694723788371e-05,-0.4606576789285451,96,69,96.44173013147103
17029,940.0514693824092,160088.31449897532,75388.40459108967,76697.05917263146,89.20382812432945,15.504332676529884,9.61181970286998,52.680032086587744,-4.448073686577989e-05,-0.2075869577998876,96,69,96.4454040271032
17030,940.0681388564442,160081.81757090543,75397.43255691814,76680.52727431564,32.6416308125481,0.8661143953213468,-0.0,27.147028399514966,1.67122160400992e-05,-0.1037746638730441,96,69,96.44907045645812
17031,940.0711785011016,160096.65279994693,75361.05561722186,76686.12946922354,-0.0,-0.0,2.405020575301023,8.217557100841077,1.750758859864899e-05,-0.1539085814532345,96,69,96.45272932399092
17032,940.0887530393444,160110.52400749183,75367.25034755745,76697.16823465745,6.970497885136865,19.04157238455082,19.990503437496955,-0.0,-4.495983836442428e-05,-0.0916765416971545,96,69,96.4563805347361
17033,940.0913455396524,160122.26957470214,75357.81812808148,76714.02141453086,73.09086362540256,63.25666519206425,55.13432738944539,2.750133833178552,5.504169096244388e-05,-0.1175540464046201,96,69,96.46002399431134
17034,940.108070923734,160106.96678022345,75354.59215987856,76696.47413041045,208.08611840294907,133.36404816247523,106.44676725837053,20.798123935470358,-4.386141986975164e-05,-0.0985062780133463,96,69,96.46365960892054
17035,940.111152761924,160052.71629091646,75394.43633030643,76700.67787638278,416.43838611862157,226.52624236290285,170.7215125117218,53.43931019763113,1.5740670784410607e-05,-0.0855708385210946,96,69,96.46728728535638
17036,940.1287116837932,160030.30468155912,75405.70148306282,76675.59185193476,687.5261765593314,335.0199908423674,241.59502057760255,102.91326697045588,1.8456035708327128e-05,-0.0952905240474293,96,69,96.47090693100348
17037,940.131220618144,159966.63149274953,75412.28881990838,76684.37173714169,1003.5434085316374,448.99493771095877,312.538121058722,165.0392157304741,-4.551883766420832e-05,-0.0973636163339851,96,69,96.47451845384144
17038,940.1480094563126,159922.53008059744,75364.33254403272,76721.53841281799,1335.7336985074216,557.2196123992617,376.528222229681,238.6973687064601,5.499537699044197e-05,-0.0943365287212016,96,69,96.47812176244771
17039,940.1511294395248,159803.59818906258,75355.59425081439,76689.15134634153,1655.8904570444138,650.2046151888499,428.8628823174804,316.5745456031582,-4.3227770212292936e-05,-0.0869520217250281,96,69,96.48171676600056
17040,940.168661959603,159691.76350866744,75360.16112920221,76701.74903882382,1935.8520657694899,720.9084718154045,466.36638567229966,395.65813547882135,1.4764528698153807e-05,-0.0975417280450811,96,69,96.48530337428136
17041,940.1710952960624,159646.46795925466,75351.68230453857,76684.42099802927,2157.1791249874514,766.1757416985201,488.7849678102357,468.4093480008305,1.93975695750632e-05,-0.0953725969248145,96,69,96.48888149767824
17042,940.187955434632,159602.79597497042,75375.44295714467,76686.12993122924,2308.488253049669,786.1915169238491,497.0967676927103,533.9981555931445,-4.606208607774709e-05,-0.0749505880030582,96,69,96.4924510471882
17043,940.1911064325544,159562.2829684596,75361.596601476,76685.3785470084,2390.2935041362653,784.1272876299918,494.0120214743074,588.1819253786525,5.493055932914664e-05,-0.0746580594167589,96,69,96.49601193442008
17044,940.2086047934686,159504.97519364723,75369.88753018882,76708.2320155126,2409.382449645258,764.9929200165643,482.2885445172142,633.5382890168112,-4.258001236504136e-05,-0.0633523864699854,96,69,96.49956407159723
17045,940.2109696637932,159447.91996941314,75341.53715185287,76710.30605425677,2379.670705341967,734.5415176432725,465.1149539576727,668.5272194944846,1.3784122474105245e-05,-0.0448391968975005,96,69,96.50310737156012
17046,940.227909992743,159453.4569264473,75366.32023848382,76689.0476488993,2315.912048807193,698.6156751676754,444.9621693236986,697.7310421571892,2.0331877848121816e-05,-0.0346616514182102,96,69,96.50664174776917
17047,940.2310813734572,159420.01422181097,75361.02467533908,76671.66050091115,2233.8615081911557,662.117428958416,424.16595709708054,720.2660831226967,-4.658941145869022e-05,-0.016401888093275,96,69,96.51016711430675
17048,940.2485415783884,159382.69992483567,75351.5232434207,76675.83301655276,2145.9914001714787,629.1611473895609,404.2905599247024,740.1312325632025,5.4847273571312426e-05,-0.0004866151339929,96,69,96.51368338588084
17049,940.25084341991,159374.84193441836,75314.59537146857,76638.07507060043,2062.3375300427433,602.0975256481324,386.640342278959,755.3651722479844,-4.191837481639455e-05,0.008723687934559,96,69,96.51719047782622
17050,940.2678746245736,159390.82136549088,75335.68200273646,76654.82042133344,1988.5137778036296,582.2922183904448,371.84367686821497,769.1416772608936,1.2799786077202914e-05,0.0262102694977357,96,69,96.52068830610816
17051,940.2710511675996,159354.76076014104,75350.67687881456,76685.27852524462,1927.002392125898,569.0043496195867,360.140867082926,778.8059866989788,2.1258650543571105e-05,0.0234423583640089,96,69,96.5241767873239
17052,940.2884749269516,159355.82106971994,75354.68651394006,76653.53339184141,1876.7393833425594,560.7772634482972,351.1271609386022,786.8840406188683,-4.710064782988717e-05,0.0130873491657158,96,69,96.52765583870558
17053,940.2907147423808,159332.2997452144,75336.84458602482,76668.1489281485,1834.342938369722,554.4890196208289,343.91027052825666,790.6452036034898,5.474556100651648e-05,0.0002211358035319,96,69,96.53112537812282
17054,940.307852839172,159349.88197485346,75386.3286038881,76659.49361237645,1795.2717994807172,547.6363244905515,337.25300252609304,793.0611787787348,-4.124309131622986e-05,-0.028662562160855,96,69,96.53458532408442
17055,940.3110093379688,159372.59828726252,75342.85953357728,76691.3360087171,1755.089120715391,537.3927794676274,329.8519560973509,791.8716320126841,1.1811853950263252e-05,-0.0651713880102429,96,69,96.5380355957411
17056,940.3284140217792,159383.8369072749,75364.88633009326,76649.02178443212,1711.4133406064357,523.1895283118793,320.88570658123353,790.0432199425413,2.2177580407505523e-05,-0.089011763373956,96,69,96.54147611288803
17057,940.3313589269186,159326.71263236552,75365.33761492651,76683.75622736342,1663.7709456566372,505.0616706003493,310.1259996150038,785.5509624708502,-4.7595634470324505e-05,-0.1135257461877694,96,69,96.5449067959662
17058,940.3478514280874,159357.534218244,75349.06146380944,76685.98094590411,1614.8062625897,485.6461311412713,298.3567612825136,781.3023446715961,5.462546975627652e-05,-0.1149123785349715,96,69,96.54832756606544
17059,940.3509356204491,159387.2301099687,75359.459381991,76653.6045297325,1567.942240238015,467.340382736802,286.8198095750413,775.6042434843839,-4.0554399022685246e-05,-0.1030352920528035,96,69,96.55173834492652
17060,940.3684151168536,159371.2349933532,75383.70144160943,76679.59811265844,1528.0237029806594,453.82684717512166,277.2900990071648,771.2676415489113,1.0820662512391012e-05,-0.1006991643447036,96,69,96.5551390549426
17061,940.3712219864644,159386.07428585496,75365.32776731963,76704.11288765575,1498.0452890919987,446.73478560720105,271.0971358132083,766.4304832656344,2.3088363389225032e-05,-0.0966173338746147,96,69,96.5585296191623
17062,940.38778677378,159398.27641142358,75342.76285479512,76689.80250308379,1480.8294394245604,447.8198747468705,269.38409383565886,763.5714626869594,-4.807421613648038e-05,-0.1065534425135179,96,69,96.56190996129088
17063,940.3908966109155,159410.12050251142,75349.8503762814,76707.90139023341,1476.0949794158805,455.8766207168519,272.20586729663773,760.6760111412441,5.44870534376356e-05,-0.109795876409643,96,69,96.56528000569271
17064,940.4083907930788,159372.49032125215,75358.19459081841,76649.35684385906,1483.5028692136402,469.7533407690353,279.22276782189147,759.4587765155011,-3.985254054013934e-05,-0.0859838494777494,96,69,96.56863967739332
17065,940.4110944483432,159382.08629765903,75346.97645043118,76695.36288254693,1499.8490905376966,485.66630073002307,288.98990458843764,757.452776181919,9.826548260771976e-06,-0.0800877197088213,96,69,96.57198890208136
17066,940.427719583784,159422.74953002128,75365.18982032523,76695.68268980195,1522.920687996666,501.16969533087104,300.11532924105995,756.1143519707548,2.399069830641514e-05,-0.0854687281688758,96,69,96.57532760610997
17067,940.4308679607184,159400.13659453663,75335.2605481363,76702.05337215276,1548.1340988500742,512.5052898964641,310.62821189593524,753.4057063105283,-4.853624357331316e-05,-0.0811125776449105,96,69,96.5786557164991
17068,940.4483533218032,159399.04615974924,75361.1022166692,76717.26481239525,1572.566508400545,518.6804791321192,319.2909190169885,750.7424507218238,5.433037222256876e-05,-0.0667060544533077,96,69,96.58197316093803
17069,940.4509693267416,159400.28583104,75358.22461516937,76685.78581706519,1591.079817042395,518.1219470164215,324.70628080744063,746.3541109233629,-3.913776180601664e-05,-0.0665657444039699,96,69,96.58527986778556
17070,940.4676557813171,159446.9420899501,75347.70229964715,76701.29295473508,1600.925776973425,512.3485187869373,326.4976759747078,741.5671741649858,8.829848434639691e-06,-0.0641331055948936,96,69,96.58857576607345
17071,940.4708445943822,159406.51768249294,75364.67645189233,76686.3591644271,1597.5958772237063,501.5425796324562,324.0079237007303,734.7623922276543,2.488428661384369e-05,-0.0673418579559871,96,69,96.59186078550704
17072,940.4883053272116,159442.54303880376,75359.20368715646,76683.63489844864,1579.8520928223152,487.93795067470637,317.4391978806525,726.6055800021277,-4.89815726203194e-05,-0.0824647138273108,96,69,96.59513485646728
17073,940.4908455321798,159452.9160172614,75368.26168308889,76714.60204264743,1545.2993621255155,471.30196402546426,306.53659976169,715.3238772623008,5.415549241816486e-05,-0.0874893169625202,96,69,96.59839791001264
17074,940.5075972664014,159446.3924807954,75359.0013145615,76684.72747043986,1495.7026113981265,453.13738392719824,292.04574565266375,701.346197068895,-3.841031374954361e-05,-0.0741642928209614,96,69,96.60164987788046
17075,940.5108241646268,159464.2066524541,75373.46058391473,76678.81184991804,1431.8044318613247,432.3965268965985,274.38625685687293,683.5366820818745,7.830901411636455e-06,-0.0804262405600912,96,69,96.6048906924886
17076,940.5282474300554,159534.57538741993,75352.19452692082,76716.7246436958,1358.3393092917977,410.23801025832654,255.11420505549177,662.6088598836795,2.576883345332326e-05,-0.08359598224784,96,69,96.60812028693724
17077,940.5307239029818,159496.65640628876,75389.64358801863,76701.76002244077,1278.09384127066,385.78405925077095,235.29584409820382,638.4845402842329,-4.9410065803295975e-05,-0.0646506321018586,96,69,96.61133859500976
17078,940.54754387722,159531.34798352423,75335.7952366854,76708.2337913113,1196.7913894691155,361.0463669097808,216.8037733657984,612.3720576747437,5.396248603019857e-05,-0.0689713848789431,96,69,96.61454555117508
17079,940.5508064860444,159604.25204656544,75343.16605979657,76723.20896034228,1116.5424965738785,335.9125239878049,200.38160681343288,584.9072173986642,-3.767045089584387e-05,-0.0678748778947951,96,69,96.61774109058838
17080,940.5681775064908,159628.30594515958,75390.03954819747,76727.65722900201,1041.0334545799997,312.7348145531141,187.01829759500106,556.8072744331439,6.830045829878335e-06,-0.0598617934300527,96,69,96.62092514909313
17081,940.5706097849728,159632.7024046131,75349.74942687692,76713.72426810469,969.50870524731,291.0320825474191,176.21012711973162,528.5114789392101,2.664404720835009e-05,-0.0629776146978768,96,69,96.62409766322185
17082,940.5874872957344,159633.34482611914,75350.46323852587,76719.62657445531,903.0834581450326,272.48858940100763,167.77848444899428,499.77610452478984,-4.982159062753673e-05,-0.0590015271550972,96,69,96.6272585701978
17083,940.5908081371952,159712.11285952746,75363.49850133501,76690.03834135574,839.1745046448777,255.6048853562097,160.32368693721946,470.93642427475424,5.375143180893234e-05,-0.0471738643729745,96,69,96.63040780793668
17084,940.6080457771352,159701.83204466113,75376.60767571667,76699.10290346431,778.2986753042205,241.12086463502783,153.27964523038827,441.32764163194224,-3.691843165797568e-05,-0.0432367111609816,96,69,96.63354531504676
17085,940.6112258377296,159756.8498827486,75363.86084245879,76689.02668074626,718.5539343481651,226.9329395969835,145.4448632254789,412.00741160224425,5.827620399686436e-06,-0.0326394803794686,96,69,96.63667103083112
17086,940.6275893367888,159784.50215056833,75368.3821481168,76681.7738481658,661.9424667721614,213.6718034772639,136.9868594421132,382.39312261124724,2.750963924397361e-05,-0.0157367792996784,96,69,96.63978489528884
17087,940.63068669751,159803.29907657704,75362.01538513313,76697.74448309993,608.0909918496618,199.48530378111172,127.71206307515968,354.1203900495311,-5.021602065736366e-05,-0.0442587157680332,96,69,96.64288684911548
17088,940.648077683029,159855.01728125874,75372.52898420185,76691.19716683231,559.7729470267077,185.5049515447754,118.7064688364917,325.95581408421276,5.352241387909825e-05,-0.0631518302945349,96,69,96.64597683370457
17089,940.6510803559652,159865.70089745597,75355.73943394689,76700.53142427694,516.056886901788,170.18342957356072,110.14376563651604,299.31245637184475,-3.615451879589382e-05,-0.0564652109986476,96,69,96.64905479114896
17090,940.6675264439036,159864.15421893258,75391.09866693172,76678.91823785758,478.0508612896083,154.95943536865525,102.79545121779665,271.6282394878508,4.823964630830108e-06,-0.0872239614842368,96,69,96.65212066424144
17091,940.6706347781492,159924.3351494662,75373.11861138784,76711.4935167059,442.3357328790589,138.232460358995,95.82757760732784,243.87900257695583,2.8365324828268044e-05,-0.0999474806895255,96,69,96.65517439647604
17092,940.6880676409306,159965.64171255296,75404.49301368311,76665.85161428213,407.15923424140783,121.03268234978896,88.66571892341017,212.76583082717843,-5.059323550731675e-05,-0.0835988163743175,96,69,96.6582159320487
17093,940.6909536883676,159979.9807782837,75371.98844102485,76679.4751592654,366.69267350347945,101.15052132681012,79.37171732017305,180.27784694975708,5.327552267369314e-05,-0.0773642796249418,96,69,96.66124521585888
17094,940.707452970895,159984.1531677204,75396.13725745468,76686.62625767195,318.31944217166165,79.70772457157727,67.22478979337029,143.83474993056734,-3.537897880078208e-05,-0.0775544746275143,96,69,96.66426219350936
17095,940.7105998177944,160059.70774267914,75373.19009222955,76695.04037700102,257.8965951408609,55.57142826622294,51.422723287774716,107.54489010333782,3.819418019056864e-06,-0.0688268290009854,96,69,96.66726681130832
17096,940.7280411841818,160092.68389176825,75394.40016956023,76703.4834776292,187.66774859803263,32.098272383227595,33.5784596662852,70.41794112915522,2.921082229402717e-05,-0.0611456732408517,96,69,96.67025901626924
17097,940.7308311045632,160107.76945802028,75408.5794068565,76742.34859300946,111.92721825523768,11.251615705914446,15.954466349212453,39.09354605895351,-5.0953120214741067e-05,-0.0572322173267883,96,69,96.67323875611233
17098,940.7473798417471,160160.46118126583,75376.74407293327,76707.3280006443,44.08523749007145,-0.0,3.2702694157196674,13.214313804812264,5.3010854554379234e-05,-0.0295804599723137,96,69,96.67620597926476
17099,940.7505736080716,160162.2139611155,75375.38665763421,76692.17085853542,-0.0,3.0663000890490366,-0.0,-0.0,-3.459208168781049e-05,0.121981396918674,96,69,96.67916063486196
17100,940.7680030251516,160107.60301630982,75355.01928426845,76706.94585849959,1.2558042778400704,27.99997172613803,11.303133086184971,-2.0463602169475053,2.814319811457408e-06,0.3817935427858293,96,69,96.68210267274776
17101,940.7707096948064,160150.4056802972,75356.85077587572,76689.77013542147,65.18398781405995,77.03250666217355,39.8360825086711,13.54534658108605,3.004585427265988e-05,0.2503180236654831,96,69,96.68503204347552
17102,940.7873105823234,160141.94703741345,75350.18096447068,76689.36292249827,205.86318708804902,152.46132037381176,86.77865639820811,42.49706293072086,-5.129556645728543e-05,-0.3056243649266476,96,69,96.68794869830823
17103,940.7905526392848,160054.29454115767,75372.07042387813,76675.74622708575,424.3693027413683,249.19287264290324,149.30770452824072,89.08817443120643,5.272851199379616e-05,-0.2395474835747592,96,69,96.6908525892198
17104,940.807954736622,159963.66921488533,75362.78639058201,76690.3259925714,712.3863796453224,361.7065952703997,222.82163324803696,146.30638310062932,-3.3794101096625146e-05,-0.011507096617354,96,69,96.6937436688946
17105,940.8105889797334,159952.43334841952,75372.76521172826,76694.14572915457,1047.6782266159425,478.510643171423,299.89381647930713,217.15414100437192,1.8090097043229923e-06,-0.1044444497811954,96,69,96.6966218907292
17106,940.8272468044728,159813.25091420315,75365.85172562368,76691.6764536854,1403.1859865726437,590.9138844404806,373.6843291124387,292.43506496277405,3.087014644093609e-05,-0.0605303687975533,96,69,96.69948720883175
17107,940.8305346735287,159773.76243996545,75383.38176662587,76665.85710074114,1746.7958412414882,687.8653538932704,437.2790779019997,374.3508422380255,-5.162047107364277e-05,-0.0650013352162955,96,69,96.70233957802311
17108,940.8478970402258,159716.5515333691,75382.19229499726,76681.6563047356,2051.973367044062,764.3142863204557,486.6943676704832,453.0569839212403,5.2428602954235816e-05,-0.068411828483415,96,69,96.70517895383692
17109,940.8504693194304,159610.1199884299,75360.8110394686,76702.18640330104,2296.714404109982,815.0612932134536,519.3290573413542,531.4706394262612,-3.29853144886329e-05,-0.0498523065999986,96,69,96.70800529252016
17110,940.8671893087032,159532.37792338585,75357.34452355564,76683.48354097261,2471.0176040909137,841.9519697010255,535.896252349281,599.5962401620054,8.038269123267643e-07,-0.0423813068168426,96,69,96.71081855103338
17111,940.870517963932,159438.13291121175,75379.0602934497,76669.88155937853,2571.7555249954457,846.0511852747441,537.8612044813344,661.7025086841022,3.168342878033213e-05,-0.0499318025558279,96,69,96.71361868705092
17112,940.887830410466,159416.09166333787,75351.23603275085,76672.67950193326,2606.3361852459493,833.7468605554604,528.7550311878731,709.8103979278821,-5.192773782931675e-05,-0.0561774003577467,96,69,96.71640565896116
17113,940.8903514336253,159372.8395141323,75353.34398262753,76683.22370797071,2585.361808609625,808.6692498781049,511.50389583650394,751.4261785393464,5.211124144577417e-05,-0.0424299341238473,96,69,96.71917942586713
17114,940.9071384304272,159354.5311697304,75347.98845247741,76704.24860288818,2525.343158966338,778.19228112376,489.963262976642,780.4463276831375,-3.216600242707897e-05,-0.0324691532657942,96,69,96.72193994758628
17115,940.9105010086728,159331.55719257134,75374.15879398445,76695.53217592573,2441.3139524596045,745.5135015264532,466.543950505642,806.3646921037289,-2.0088975524687882e-07,-0.0219866442357063,96,69,96.72468718465078
17116,940.9277552906584,159286.557732183,75373.07487545924,76706.27248626165,2349.9260145159787,716.4840937342815,444.10791184505797,824.0176641257422,3.248543503011086e-05,-0.0077465648900664,96,69,96.72742109830772
17117,940.930236203372,159262.79498599548,75371.17125984759,76703.38538994988,2262.766945251613,692.0959882844909,423.9329768240277,843.0384483860689,-5.2217275666429135e-05,-0.012029201520989,96,69,96.73014165051868
17118,940.9470941798828,159253.77234419298,75349.00761240398,76665.7166328557,2190.1260264035664,675.6019795327447,407.75621800433146,856.1648364362482,5.177654748723352e-05,-0.008900908775518,96,69,96.73284880396088
17119,940.9504824643916,159264.78664760833,75342.44720055444,76684.24724919746,2135.0390421157936,664.9019934408134,395.62621793703875,871.2261579732294,-3.133644923721127e-05,0.0104184633708942,96,69,96.73554252202597
17120,940.9676721823904,159224.27279563432,75358.31505828901,76668.9302183423,2098.29483088752,660.0097798272182,387.8613506393449,879.5159363862476,-1.2048015453814512e-06,0.0158862647176587,96,69,96.73822276882092
17121,940.9701245683924,159215.18044581378,75373.342100206,76691.01399494846,2074.2047380634467,656.276056345203,383.0135218294745,888.2677371960017,3.3275902766744744e-05,0.0249342387293558,96,69,96.7408895091672
17122,940.9870563110092,159216.59641102946,75346.58662945553,76676.07977615301,2057.307678792218,652.5912087575853,380.1161500774615,888.0788105054235,-5.248899994684677e-05,0.0435004056507709,96,69,96.74354270860142
17123,940.9904611185444,159186.25276383568,75337.35174641683,76678.86196929641,2039.094445415889,644.6715529178036,376.96484437637264,887.3244717364432,5.1424646554071845e-05,0.0526003237003616,96,69,96.74618233337492
17124,941.0075816832756,159221.2275010908,75363.33039394424,76689.96768911263,2015.052717569808,633.1240564366017,372.6890581730695,878.8171460341837,-3.0496941988760077e-05,0.0691986673211545,96,69,96.7488083504534
17125,941.0100174640093,159219.25172176366,75352.5275734285,76688.70850351895,1980.8282928678673,616.4391824687045,366.12095528049394,873.1239856646571,-2.207570503343142e-06,0.0781299689041776,96,69,96.75142072751667
17126,941.0270243626304,159236.31284278235,75361.99211945182,76689.19649230868,1937.983366699773,598.257791997341,358.0295062616642,863.602471810329,3.4054573979747544e-05,0.0662300155289617,96,69,96.75401943295918
17127,941.0304358865094,159248.70263853058,75382.13940511768,76693.80145041132,1888.1964417111594,579.195755621171,348.8027700273087,860.9327226571913,-5.274283208943648e-05,0.0543296466475202,96,69,96.75660443588863
17128,941.0474844994702,159227.88328122435,75384.65401798929,76709.43676888604,1837.6653889883892,563.4943737118301,340.1634593362687,857.7616508855135,5.105567005277199e-05,0.0420906547359595,96,69,96.75917570612674
17129,941.0499157775392,159216.86865419336,75366.02314303465,76671.62100934592,1790.5908577577793,551.0641574934998,332.7140796605963,862.8979986280028,-2.964777120428248e-05,-0.0069635329270969,96,69,96.76173321420818
17130,941.066997688112,159220.6792219378,75343.54578609823,76710.55621044592,1753.6725590448477,544.5921408889262,327.81443417069386,866.2669993051386,-3.208859030458831e-06,-0.0385531169348628,96,69,96.76427693138038
17131,941.0704058197082,159182.8153671812,75341.41807827727,76717.06521603398,1729.6064416047302,542.0429585016682,325.3401972382271,875.3457547646249,3.4821194445639546e-05,-0.0506715531469054,96,69,96.76680682960333
17132,941.0873814437664,159174.63440001794,75338.40039316817,76703.69939064425,1722.0689017930417,544.393577810959,325.8396423267259,880.243993264332,-5.297869967374732e-05,-0.0714473037470899,96,69,96.76932288154904
17133,941.089820316088,159188.7093106177,75335.26811042738,76706.11912848854,1729.490088120161,548.7337440753327,328.48387180894497,888.9887471521506,5.066975499932111e-05,-0.0664606397815856,96,69,96.77182506060096
17134,941.1069754802984,159179.00909953655,75346.61192931555,76695.2787893309,1750.6171963948873,555.8849055881001,333.2698926086596,892.1473006873275,-2.8789230702741675e-05,-0.0514825418885376,96,69,96.7743133408536
17135,941.110370118536,159189.29862058844,75389.92819437354,76668.06449434506,1778.6901277875295,563.0088676255255,338.892321076215,898.7544631746132,-4.20833081492522e-06,-0.0548446334999955,96,69,96.7767876971118
17136,941.1272734242746,159164.1107284912,75366.74072563258,76716.51178633055,1808.3070677673095,570.9792321014538,345.00275351741584,900.3105948573211,3.557551478741352e-05,-0.0649285964529291,96,69,96.77924810489048
17137,941.1297317824548,159152.47408833072,75359.60854362194,76675.3526585341,1830.6252935058437,577.1254165922583,350.15074411104433,905.3570386904757,-5.319653625661841e-05,-0.0574225781942648,96,69,96.7816945404138
17138,941.1469567943516,159145.86318196202,75366.83434110951,76696.15325042902,1841.0129020694876,582.4161847005598,354.0131078074046,904.2476861082541,5.026704379327216e-05,-0.0442809707267202,96,69,96.78412698061447
17139,941.1503281471328,159133.39387459977,75320.70010557667,76676.7460607029,1833.708144197415,584.0341648265021,355.19087066059,905.0899373419525,-2.7921616702573505e-05,-0.050278876740232,96,69,96.78654540313332
17140,941.16716142609,159168.54612134487,75336.15463650617,76698.61148166274,1808.965543909988,582.7225366745988,353.484944798809,898.7102075543662,-5.205649832147553e-06,-0.0351179327411066,96,69,96.7889497863184
17141,941.1696507579736,159139.5315853708,75347.02626595914,76694.41368698663,1766.444176702411,575.8321909978695,347.8314658670861,893.1797987691825,3.631728918556548e-05,-0.0574892695929567,96,69,96.79134010922428
17142,941.1869405693608,159176.37492416517,75364.11399197027,76683.29123732947,1711.3089537643827,564.598825153822,338.66562844789587,879.5487259767833,-5.339628158425409e-05,-0.0650369129173361,96,69,96.79371635161117
17143,941.1902794487404,159181.4361684534,75374.29742906507,76686.95546014927,1646.1727732745348,547.0292370866227,325.74019562243484,866.6891574340407,4.9847684940808734e-05,-0.0416842142100513,96,69,96.7960784939445
17144,941.2070464869232,159185.6905936354,75382.83709710203,76681.82795109157,1577.0970479949028,525.1508560359507,310.34511704489705,846.7695629340305,-2.704522839471544e-05,-0.0523539176022365,96,69,96.79842651739344
17145,941.209577692425,159218.2188315651,75366.82843120015,76672.04912875654,1505.5509787079645,498.0886111500731,292.8843158131058,828.3480879645213,-6.200481103249519e-06,-0.057668579324871,96,69,96.80076040383072
17146,941.226925648138,159211.3267019512,75351.13199281135,76674.11877370649,1435.313694649667,468.9558594406262,274.8883933760808,803.2012636083819,3.704627694155944e-05,-0.0440131067452672,96,69,96.80308013583118
17147,941.2302237615576,159279.1457884971,75368.66690642055,76693.57788181628,1364.9553951323032,437.67109809636895,256.5363219382998,779.7219138276705,-5.357788149550691e-05,-0.0511407404611063,96,69,96.80538569667114
17148,941.2469296667048,159267.7871836903,75374.28430265434,76704.40860956546,1296.1981367741246,407.7614829745726,238.96408418178908,750.0269671319984,4.941183183902908e-05,-0.0477960870133543,96,69,96.80767707032724
17149,941.249512902156,159309.25758187412,75368.39664592926,76672.90478380749,1226.7763243403751,379.3376031576481,222.06648800321273,721.7791818204569,-2.6160368156851014e-05,-0.0401996574137671,96,69,96.80995424147572
17150,941.2669107935188,159331.20653638095,75373.37726942528,76687.5638396314,1158.9242050515604,355.5339285555092,206.86775996006327,687.1106958274904,-7.192491171426747e-06,-0.0475613580074027,96,69,96.812217195491
17151,941.2701610365262,159356.25767846048,75382.64900260535,76687.59714933195,1091.1864857644541,335.4361227712943,193.14242553838994,654.2047867417859,3.776224128622912e-05,-0.0468337763375174,96,69,96.81446591844484
17152,941.286812009639,159415.70394899294,75377.07290828296,76699.90499456703,1026.9210867837537,320.7482076904125,181.71556938730646,616.3910565639671,-5.3741288370356734e-05,-0.0370309165664564,96,69,96.81670039710508
17153,941.2894565791752,159431.99029617876,75391.61637514274,76675.29418849514,965.4995210854686,309.2702925110789,172.0392515483545,581.7042102045671,4.8959643694188856e-05,-0.0424253851904918,96,69,96.8189206189347
17154,941.3068946974448,159487.4951565106,75347.29594949193,76710.38064807364,910.733505736629,301.54428925293905,164.5022266464075,543.8150194234622,-2.526734062853387e-05,-0.0426727479220449,96,69,96.8211265720908
17155,941.3100914605906,159492.18684663172,75374.61291940643,76702.3736119834,861.2956816647202,294.5604022693442,158.03906017862028,510.7921733633557,-8.181347272877059e-06,-0.0392636518001343,96,69,96.82331824542284
17156,941.326694494578,159522.9145158311,75379.33689901445,76724.21018739355,819.7781302079675,288.601219212811,152.67328693927266,476.56186309756595,3.846495053588539e-05,-0.0438684936614118,96,69,96.82549562847193
17157,941.3294088170844,159566.48831523632,75412.92996234624,76688.09511212446,783.0666886045947,281.20761995193607,147.28058153169695,447.8669504339632,-5.388645998978305e-05,-0.0369621779442338,96,69,96.82765871146908
17158,941.3468759751178,159604.04840287802,75386.83160335616,76695.99053033181,752.0453172422131,273.52745797445823,142.17546634719474,418.1387662724883,4.84912850944005e-05,-0.0279956554626107,96,69,96.82980748533492
17159,941.350015494266,159595.37360791452,75410.09982220983,76721.93314790103,721.9323323314893,264.07566430582665,136.76151150735677,393.4143629911996,-2.4366452877043928e-05,-0.0430841703864642,96,69,96.83194194167676
17160,941.3665779635132,159638.11934456922,75393.49287798682,76707.27540812506,693.2562862370396,254.83301428474078,132.01661660062382,367.0921326732787,-9.166718267760068e-06,-0.0443643204748847,96,69,96.8340620727887
17161,941.36936966741,159660.86826429644,75372.95140184586,76723.39524516666,662.0470542787807,244.94376149514574,127.82055498252157,343.9509409548191,3.915417701272991e-05,-0.0558414569810894,96,69,96.83616787164934
17162,941.3868531268038,159681.5931509097,75383.67085668264,76677.19526562771,630.6491467575543,236.20590597818955,125.0870612100116,317.46393517480465,-5.4013361295695285e-05,-0.0493799735087808,96,69,96.838259331921
17163,941.3899339446044,159696.65788866935,75379.00197837988,76723.20119492317,596.4570544156013,226.83209294754488,122.9186850891565,292.2577558589692,4.800692587723897e-05,-0.0430828017655584,96,69,96.84033644794806
17164,941.406463001814,159755.14740064755,75370.42571465479,76711.30825872565,562.6145759503124,217.20944629018777,121.03720154773328,262.5672235429229,-2.3458014800333083e-05,-0.0479231823062614,96,69,96.8423992147547
17165,941.4093392607108,159746.7414972326,75373.93676712626,76714.08389300016,525.6868562752497,204.3355422133027,117.35243686448666,232.63688578244182,-1.014827423948982e-05,-0.0345741934024574,96,69,96.84444762804496
17166,941.42682442211,159788.8577142955,75386.03583838821,76704.48124339829,486.5809151737485,187.69015362588107,110.833072654641,197.83939340285724,3.9829698608231385e-05,-0.021289415330609,96,69,96.84648168419947
17167,941.42984813196,159842.44253139893,75356.56142498247,76704.8218396581,438.5310773374513,164.268111474521,99.41078405827284,163.0693105517712,-5.412196237921436e-05,3.1516377660832174e-05,96,69,96.84850138027522
17168,941.446349693932,159878.74917608823,75380.7005062706,76661.96968837953,380.6560557616758,134.7813568487618,83.15651830146089,125.3463917634217,4.75067413079802e-05,-0.0137846074578226,96,69,96.85050671400352
17169,941.4493180952024,159898.31537802122,75366.53578517518,76703.45089700822,307.347180713783,99.04948966689699,62.121358597272774,89.95936140083359,-2.2542338149521203e-05,-0.0368491327551324,96,69,96.85249768378804
17170,941.4667875665348,159907.17289068684,75339.3685559116,76698.7579349831,223.32728495512856,61.657213516533375,39.21066733659245,55.71401964011602,-1.1125687001129465e-05,-0.0331382826242625,96,69,96.85447428870334
17171,941.4697603432936,159941.25131645796,75399.50889514618,76674.14778495814,132.50735695962794,27.015583655433147,17.548220619093627,28.51333698767121,4.049129724266178e-05,-0.0669374355796969,96,69,96.85643652849348
17172,941.4862369845882,160018.16674395176,75375.25807167742,76674.78572777992,52.49813203443773,4.018069882818963,2.8544616068247706,8.289889405772556,-5.42122404269174e-05,-0.0606101341199373,96,69,96.85838440357
17173,941.4893078806758,160011.85907805344,75360.15309366716,76673.07593578534,-0.28678456775378436,-0.0,-0.0,-0.0,4.699091161314537e-05,-0.0542759040116284,96,69,96.86031791501009
17174,941.5067385797188,159953.44106707184,75399.61345320905,76682.07441820999,-0.0,23.663878232982825,14.54727378077223,3.286432574444916,-2.1619737373145288e-05,-0.0613511872943999,96,69,96.86223706455505
17175,941.5096754338192,159968.9982213217,75374.50315972691,76687.2189306604,69.55084745388012,78.43459591647843,48.77755609093583,20.945073019101983,-1.2098629933820428e-05,-0.0582228893132462,96,69,96.86414185460843
17176,941.5261202989232,159929.80534143362,75381.90019862603,76703.88535571592,224.78946908278158,165.40644672444614,103.45128423717688,51.266301773663145,4.113876012725677e-05,-0.046383715118516,96,69,96.86603228823412
17177,941.5293151337028,159885.33301486165,75365.1277206303,76685.51091391529,463.35665812075604,278.14280307278386,174.6006918673229,94.34118098879117,-5.428417848140178e-05,-0.050116861708188,96,69,96.86790836915424
17178,941.5466661070848,159842.82909298502,75361.72726329634,76685.1987809012,777.5175963597139,407.5109133918304,256.6452650615829,147.30232846181025,4.6459622338224e-05,-0.0599354463947613,96,69,96.86977010174772
17179,941.5496105609355,159790.15678567966,75385.07797577736,76693.42951345915,1139.8620213962859,539.373652094102,340.7394433489244,208.036621675652,-2.069052851970933e-05,-0.02777067290378,96,69,96.87161749104804
17180,941.5659730757732,159732.73403442092,75397.82044875536,76703.37689751113,1523.421018212859,661.4975604994688,419.24497089142096,273.07442201385857,-1.3066777895588191e-05,0.1291682652090038,96,69,96.87345054274168
17181,941.569392791176,159631.6312436089,75375.10128112328,76723.88321501759,1890.8720591171877,762.1758810115425,484.43671718318365,339.0169291086786,4.177187918160592e-05,0.3677839864180001,96,69,96.8752692631653
17182,941.5864074471166,159564.30106976896,75382.73569332363,76707.495443926,2216.422528254101,835.9744498811633,532.4781334066647,402.9769581987639,-5.433776569641466e-05,0.2453626176707577,96,69,96.87707365930474
17183,941.588789851598,159529.51164337707,75403.28424698516,76730.34067677752,2473.695846434799,880.4851682325825,561.0306646770041,461.5743967247545,4.591306400434599e-05,-0.3166961366533716,96,69,96.87886373879222
17184,941.6060090125148,159482.6477860751,75432.15434121314,76752.45785600791,2656.0073983103503,899.5820578622806,572.1178758524184,514.0701578083681,-1.975503015351292e-05,-0.2764682236870991,96,69,96.88063950990473
17185,941.6093364323644,159444.2982640237,75388.01176268753,76748.58054742696,2758.019481068768,897.8865816621692,568.23944643719,558.2450542501756,-1.402980807971504e-05,-0.0324205053927815,96,69,96.88240098156152
17186,941.6263079992216,159416.0188606945,75407.43214297217,76747.32713987053,2792.9007542248582,882.9603449431015,554.6036288531905,595.7547052402515,4.239045142993818e-05,-0.1393489173919886,96,69,96.88414816332246
17187,941.6286982173306,159328.6509340816,75404.8333789061,76722.9878483227,2770.593103361316,860.059259713249,534.9780486324744,625.5134933749214,-5.437299730449158e-05,-0.1038002358869344,96,69,96.88588106538538
17188,941.6459905360496,159329.93632101975,75435.61808564141,76740.29056053725,2713.98384933942,835.0930233684339,514.2097244738543,651.4589666219254,4.5351432419972096e-05,-0.0938927352179034,96,69,96.88759969858457
17189,941.6492959264234,159331.15495540414,75413.90090704884,76740.80038107313,2635.455860618211,810.4695699183649,494.34126244453364,672.8204985304619,-1.881356233068605e-05,-0.1084118573270733,96,69,96.88930407438764
17190,941.66619350298,159310.98981682464,75409.61724225609,76770.852985274,2555.111912787135,789.1146498523303,477.89043540062266,694.233761108917,-1.4987399236251984e-05,-0.0875795669352705,96,69,96.89099420489408
17191,941.6686203505144,159294.62065408358,75374.7321273636,76760.51995595697,2478.8404201393714,771.119330313144,464.51186708788737,713.8614914453356,4.299427874021801e-05,-0.0939049099085989,96,69,96.89267010283268
17192,941.6859707220648,159264.40471379092,75407.12466416306,76748.61498918869,2419.026727003453,757.8434883743757,454.7993506155617,735.9965207451023,-5.438987522065255e-05,-0.1174555488651078,96,69,96.8943317815593
17193,941.6892511123632,159227.70445439275,75403.21248384155,76725.78471909482,2372.5785727459006,748.197222009112,446.9756420192716,756.4946219011908,4.47749279964227e-05,-0.1085136638429342,96,69,96.89597925505451
17194,941.706074464722,159245.70335451135,75416.44874156026,76744.19744848856,2343.8832550829975,742.4544798059214,441.0059365206398,778.5352640114434,-1.7866447093386735e-05,-0.0894079009684687,96,69,96.8976125379211
17195,941.7085515439994,159190.98099510753,75376.88234026592,76731.06215297761,2323.2051480186637,738.4124015785783,435.17027656637947,796.6733036047663,-1.5939232454813056e-05,-0.0805220225624881,96,69,96.8992316453823
17196,941.7259514191652,159174.6621261852,75377.49616323454,76742.3449812814,2310.633883800765,735.2737798789312,429.99616641463945,814.9714723817597,4.3583168638929534e-05,-0.0831711481578802,96,69,96.9008365932786
17197,941.729199914129,159173.09140718097,75365.23926174658,76712.14466438295,2293.3481734231464,730.0052940967289,424.1972147730121,827.8341300590546,-5.438840705802274e-05,-0.0658801678727813,96,69,96.90242739806584
17198,941.7459530477338,159192.92501181303,75390.89477364466,76713.02169976561,2271.49816665682,721.8145933882042,418.5705163817911,840.5817628012737,4.41837561894092e-05,-0.0542934333819787,96,69,96.9040040768127
17199,941.7484914610212,159177.29812228793,75386.11688692843,76691.76815099742,2235.395152206358,708.795026672422,411.81781781237805,848.1832360413682,-1.6914007993825207e-05,-0.045655939390264,96,69,96.90556664719804
17200,941.765931742372,159161.0674844219,75379.58135906208,76725.73405445942,2191.360107033339,692.2982695845421,404.7135624632356,857.446955867752,-1.6884990850505956e-05,-0.0298416813447591,96,69,96.9071151275086
17201,941.7691421427128,159137.329956233,75360.68837370527,76713.89707572438,2135.946098400338,672.8699256156251,395.9455799953721,862.5978170227318,4.415693317432844e-05,-0.0256271117389887,96,69,96.90864953663632
17202,941.7858302773228,159148.2421401463,75345.88343079513,76649.51788351714,2081.5977551533724,654.1348472435639,386.8180675409385,870.5977733360778,-5.4368607133361135e-05,-0.0105115472146733,96,69,96.91016989407606
17203,941.7884404399776,159150.30494122946,75346.17757418027,76680.56331216256,2028.7926033839467,638.0030452622304,376.9891539130185,875.3081132388907,4.357812727428068e-05,0.0108784650445476,96,69,96.9116762199228
17204,941.805910126404,159122.78789653964,75318.34658636317,76707.74839796453,1991.012565711746,628.1438504057587,368.9164265313302,884.4477627600718,-1.595657024061631e-05,0.0158835373422984,96,69,96.9131685348689
17205,941.8090783468332,159159.88983181893,75348.17545124517,76675.17964768983,1965.1966623341432,624.8765049272624,362.7714780573151,890.5833916367847,-1.782435993045337e-05,0.0198040193969391,96,69,96.914646860202
17206,941.8257066639349,159115.9515270732,75355.90902885843,76694.76099699938,1959.4839306407375,629.3162057279405,360.81938405436813,901.1401336054842,4.471539018654187e-05,0.0225443001945007,96,69,96.91611121780178
17207,941.8283991595852,159170.23896185294,75353.8334029866,76701.88682033216,1964.7298548968975,638.8407357063988,362.1570318363956,907.8480828375905,-5.433049537607641e-05,0.0206416505245009,96,69,96.91756163013764
17208,941.845884466097,159097.7384733199,75340.48347897951,76690.68145816754,1984.066378166026,652.0742177223146,367.50159476927365,918.2010253905901,4.295825609993454e-05,0.0114059051090848,96,69,96.9189981202662
17209,941.8490098709352,159100.81396199204,75353.51944660833,76682.09056169349,2003.9565420059953,664.691498158194,374.1891612156469,922.2335853620316,-1.4994460682366824e-05,-0.0054697403600472,96,69,96.92042071182784
17210,941.8655819609564,159127.97454127014,75347.48843003216,76690.83090808397,2026.28511365538,675.0996676785871,381.90538204673794,927.6130426620948,-1.8757027540839323e-05,-0.0619309534093445,96,69,96.92182942904492
17211,941.8683690238822,159121.16709617377,75367.36340129616,76681.08944185245,2038.628443326801,679.9668791728182,387.8112142129394,924.947936974233,4.525836253850409e-05,-0.0946795691058355,96,69,96.9232242967181
17212,941.8858515595216,159128.65657311634,75363.74868037767,76684.18050731461,2045.743579352973,679.5160330827784,392.23285959195346,923.643931806233,-5.427409822506177e-05,-0.101447029513873,96,69,96.9246053402244
17213,941.888939700234,159123.93771135266,75366.1802841644,76699.80808258145,2037.343292903679,672.1062706159282,393.0792335286678,914.0890057428041,4.2324362368365176e-05,-0.1247522127618198,96,69,96.92597258551368
17214,941.9054539083772,159180.0874452607,75354.1749040605,76714.58422855505,2020.968848698889,659.5186060028354,391.52885162917664,906.6940526469261,-1.4028007011186049e-05,-0.1321991138599468,96,69,96.9273260591064
17215,941.9083539774496,159178.08930918918,75338.54952480034,76710.634859204,1988.5670471949852,641.1278732361097,386.00399228246533,892.2877806480392,-1.968268383676981e-05,-0.1282784130231078,96,69,96.92866578809029
17216,941.9258043939394,159180.38090618787,75375.98419363081,76682.34427303253,1949.3379966604407,619.3738873317052,377.93430677670403,881.7743316942942,4.578567826513695e-05,-0.1268414765081394,96,69,96.92999180011763
17217,941.9288767909986,159216.36677276532,75347.70192707985,76702.37613346922,1895.2608546658303,593.784039448481,365.6726677680563,864.2754928892537,-5.4199448189810366e-05,-0.1248483058436806,96,69,96.93130412340234
17218,941.9453108788322,159196.9320144752,75365.46879869934,76689.07151406305,1836.7510701336432,567.1679037666181,351.02936201298144,850.7152248597704,4.167667016398687e-05,-0.1188885119135675,96,69,96.9326027867174
17219,941.9483741622428,159245.99834273924,75389.29372160883,76709.45381018831,1767.5534869462135,539.3967794692435,333.117959046911,830.5355072045058,-1.305753863144979e-05,-0.1236557969270549,96,69,96.93388781939151
17220,941.9657021340656,159292.18834852127,75358.0218916726,76711.76287581625,1699.8937296961085,513.5683062162425,314.79090708031435,815.3798799825308,-2.0601022105201087e-05,-0.1230792567804534,96,69,96.9351592513059
17221,941.9689343321368,159295.9923141456,75372.95514609135,76712.96839964105,1627.6383786060615,489.2301751874329,295.87994250591146,793.7211294051958,4.629717120716833e-05,-0.1185927725894677,96,69,96.93641711289207
17222,941.9859423798968,159308.84508941663,75344.88468340812,76673.57565441943,1563.1413758859853,468.9779636920139,279.71388695106725,777.9053859537235,-5.410658401159722e-05,-0.1259700698576836,96,69,96.93766143512816
17223,941.9882692777306,159334.17160612508,75392.22530000097,76727.485789605,1498.123942111968,451.12523036314815,265.63991735797026,755.5583452470019,4.101540832021973e-05,-0.1268644635974617,96,69,96.93889224953644
17224,942.00568638574,159389.98931154358,75380.38394431956,76701.8629022936,1443.0661327664857,437.1088431508688,256.02747897431254,739.9341488655482,-1.2083385938618538e-05,-0.1277991580852663,96,69,96.9401095881794
17225,942.0088922593918,159382.8281578914,75420.28801409138,76715.73408759788,1386.0363439790672,423.78966804454103,248.47709331745864,717.1160209160298,-2.151173746780423e-05,-0.133417142152674,96,69,96.9413134836579
17226,942.0258219062098,159412.01420460883,75371.34125639375,76718.5565798162,1335.096200171276,411.84213294232904,243.74871363068814,699.5032546080474,4.679268066219098e-05,-0.1327350108157399,96,69,96.94250396910697
17227,942.0282007266212,159436.79666731504,75355.96570419098,76692.89485977472,1277.8311172630638,398.0919890368532,238.36165098144556,672.9646890839795,-5.399555022887133e-05,-0.1302796973604705,96,69,96.94368107819317
17228,942.0456636805692,159476.84045553982,75358.52004888457,76721.77672719005,1224.5628998860484,384.2089229581179,233.03826700468198,651.58912518539,4.0340809672820486e-05,-0.1402437100375981,96,69,96.94484484511187
17229,942.0488464324864,159507.82455547663,75399.36166837683,76709.58997260993,1164.581312663504,367.9464894762059,224.74106699912227,620.8639187125373,-1.11058800366543e-05,-0.1474684924789097,96,69,96.9459953045832
17230,942.0656981563798,159541.68084886135,75358.40045337647,76743.37580844738,1110.55091063492,352.0794252553751,215.39458637751522,595.3636498882552,-2.241452887590582e-05,-0.1378849110700023,96,69,96.94713249184942
17231,942.0681404606212,159571.96308311587,75336.64653410928,76688.72297805971,1053.633214783331,335.07289605998085,203.43504955471144,561.440609946003,4.727205105573414e-05,-0.1381677999953471,96,69,96.9482564426719
17232,942.0856417937154,159611.6950003973,75402.74991998226,76727.22577953369,1007.7923235876951,320.25548902052105,192.29482455950347,535.4144905869907,-5.3866397938261975e-05,-0.1519164794803492,96,69,96.94936719332762
17233,942.0887930382776,159657.92770256457,75382.86792898162,76691.57275479165,962.2029618744273,305.7232269513479,180.98228654733975,502.3572160343174,3.965311179957747e-05,-0.1580954527701369,96,69,96.95046478060569
17234,942.1055738127149,159677.30007558689,75418.33321768553,76707.78207818248,928.5859628334292,294.4292182382924,172.9259782350273,477.79280081228353,-1.0125353235747388e-05,-0.1637000444410451,96,69,96.95154924180456
17235,942.1080880231774,159719.26648990565,75383.50571966059,76725.93714734945,894.1056313611334,283.87705309689045,166.4012236748822,446.4150134365482,-2.3309097242008015e-05,-0.1735464477159874,96,69,96.952620614729
17236,942.125619668548,159743.89106456185,75380.15468338499,76710.79377970858,869.5537117920467,276.5890665455081,163.73122371872887,424.3640223943221,4.773513253107936e-05,-0.1607813747192292,96,69,96.95367893768552
17237,942.1287321751388,159780.30977352022,75374.01292318481,76731.33537042451,839.8375916560763,269.01094245356217,161.4913200768351,394.58078698971076,-5.371918411284492e-05,-0.1629893226205283,96,69,96.95472424948092
17238,942.1454498090096,159791.47304693275,75393.23173136065,76710.16005601594,815.0417554434971,263.09388400634634,160.83609518918092,372.97779304991127,3.8952556333152177e-05,-0.1753082187825181,96,69,96.95575658941732
17239,942.1480435797724,159844.95160293102,75393.75185550025,76695.54268517233,780.5324543470633,255.08388614708383,157.90715956449276,343.3525464340346,-9.142138693769936e-06,-0.1661521491293938,96,69,96.9567759972899
17240,942.1655960596852,159875.14384613148,75384.58058917419,76716.54767201186,748.1351977958111,247.5442433104181,154.41711183878942,323.2160505496431,-2.419514712332568e-05,-0.1846533769077579,96,69,96.9577825133829
17241,942.1686637398168,159900.7812003713,75384.84453924168,76703.02862420552,703.6993052341277,237.12550055801694,147.30049527043593,295.0763610076392,4.818178143031386e-05,-0.1978377783630847,96,69,96.95877617846656
17242,942.185328262638,159955.01410795748,75421.07268540899,76700.42702848127,661.2704454105697,227.30814328147972,139.65639821632067,276.15805984966573,-5.355397156980128e-05,-0.2053592752270359,96,69,96.95975703379364
17243,942.188004278852,159955.22335583757,75398.53169770252,76720.42117064369,609.5404395852238,215.32975820546562,129.67524388959282,249.13874289329397,3.82393890762066e-05,-0.2425290449297336,96,69,96.96072512109625
17244,942.205576835858,159978.03552036724,75440.55102650664,76710.56054166173,565.0303597029997,204.90681902121287,121.19006777071627,231.59445627473178,-8.156569768681682e-06,-0.2417048959553705,96,69,96.9616804825817
17245,942.2085645688904,160003.67197110542,75377.1963045962,76725.24506168951,515.1674271586817,192.15019667356682,111.72919096058467,203.96035195866716,-2.507238572629655e-05,-0.2266630059311848,96,69,96.96262316093
17246,942.2259625095536,160056.97632476807,75387.36164066261,76743.62662730073,474.92568160186056,179.79857797300792,104.06877557039843,184.196026106918,4.861185855143204e-05,-0.2314401039576484,96,69,96.96355319928983
17247,942.2280527170576,160113.00728991046,75405.65726044266,76697.67746087226,427.4024449582794,162.5137201995094,94.04364280917798,152.34920471790247,-5.337082954957004e-05,-0.2361081595655725,96,69,96.96447064127514
17248,942.2454789196702,160101.09680296227,75402.23833626264,76716.4712676442,384.5815943496418,142.77559634645877,83.51755412208149,128.7238974237698,3.7513859882088254e-05,-0.219785566810313,96,69,96.9653755309618
17249,942.2485818328994,160161.01317545175,75393.53797106199,76734.28974031757,326.258777101757,115.49607431463664,68.04601939214626,94.04871914177784,-7.168980803974575e-06,-0.1981473626538888,96,69,96.96626791288386
17250,942.2658205429784,160183.20360510045,75427.08746382689,76714.2233576991,264.21358913596487,85.08546335890424,50.69260634467355,68.99140212355996,-2.5940523730225813e-05,-0.1873909326736556,96,69,96.9671478320302
17251,942.2679892695504,160243.22033360417,75397.10037502626,76711.95391711297,183.32429117086576,50.03406586959318,29.717549283988774,35.62830321775982,4.902523160940393e-05,-0.2091044060678842,96,69,96.96801533384112
17252,942.2854332886744,160237.7906362593,75397.7665056898,76706.96177122873,107.20535341528011,20.25463536391908,12.24061631783843,17.90723449186771,-5.316983293506009e-05,-0.2139187613227001,96,69,96.96887046420424
17253,942.28856508914,160294.6105359533,75406.75969160069,76777.44607483233,33.87946144293528,-0.8896020506654168,-0.0,-1.7436710622278042,3.6776222690992296e-05,-0.223760212139286,96,69,96.9697132694518
17254,942.305692964502,160296.79300853118,75421.4643454253,76717.75688749416,-0.0,-0.0,2.3551128686522134,-0.0,-6.179706569199439e-06,-0.2334621410910657,96,69,96.97054379635615
17255,942.3079189972196,160283.6440535458,75382.98917740515,76712.23492047709,12.458697089168709,26.4502724296035,20.983212663180893,5.072939426871017,-2.6799275281775225e-05,-0.2252023172093795,96,69,96.97136209212684
17256,942.3254016478534,160265.0268907209,75403.88400285694,76738.31236138304,109.40116729511647,88.33024295434006,62.70481123655918,37.213944400369655,4.9421773160763866e-05,-0.2265185331352194,96,69,96.97216820440669
17257,942.3285331882844,160254.28825511292,75426.65520766696,76725.88661432623,285.62927487527486,180.60172788052296,123.51386018533958,75.19908384716837,-5.295106267455566e-05,-0.2284289882688676,96,69,96.97296218126812
17258,942.3455690036128,160150.69357324272,75382.64694213294,76710.07448340036,557.2257525593159,302.22557084866276,203.17724203452235,139.10898039973108,3.602673530149076e-05,-0.2176284510902503,96,69,96.97374407120994
17259,942.3478501870528,160153.4367548476,75422.20924908956,76721.38803419562,891.9644534636172,437.38815467352106,291.00337687524734,205.27694790184614,-5.1890818360656186e-06,-0.2276292462287165,96,69,96.97451392315276
17260,942.3653775549568,160038.0007807637,75380.1893435475,76709.31415409848,1281.1426356278243,577.847917211926,382.34773086439236,293.18399381038034,-2.764835713606258e-05,-0.2448406903167656,96,69,96.97527178643656
17261,942.3684895139194,159957.72315469218,75369.74536643641,76724.4669464815,1672.695570623735,704.7878618198301,464.61486879346194,376.3364042293979,4.980136203569741e-05,-0.255504475730211,96,69,96.97601771081597
17262,942.3854470442676,159868.00849619773,75374.27810351641,76707.43026608643,2050.0813953467878,812.8210836391809,534.6496906186512,472.4615270276554,-5.2714605890396384e-05,-0.1736015864401101,96,69,96.97675174645708
17263,942.3877850534634,159801.43859591385,75384.34716762701,76670.34698182746,2366.856226398202,890.5622772872302,584.1924254781625,555.8041706132935,3.52656592162509e-05,0.0746489339933919,96,69,96.97747394393365
17264,942.4053587383044,159736.46918672838,75379.72316229298,76735.89069387116,2622.982298377203,942.5409469868464,616.113472264522,646.6730116938124,-4.197441824926423e-06,0.1799334890945039,96,69,96.9781843542234
17265,942.4084342755322,159656.37837043524,75387.56362302693,76742.07367014248,2791.2972494599526,965.7878619217372,627.7016838323325,719.4409705809667,-2.848749045733218e-05,-0.3176053763082605,96,69,96.97888302870425
17266,942.4253284761368,159592.2542750682,75362.96323861092,76701.66698628411,2891.935183030553,970.9598784461996,626.4074616475846,795.2083093816473,5.016388279152097e-05,-0.5646807628742935,96,69,96.97957001915046
17267,942.427722648371,159539.03190874448,75339.69217223952,76696.79185776298,2915.862190007174,958.211276009577,612.5105618513189,851.0008482201665,-5.246055540239608e-05,-0.2562729731968919,96,69,96.9802453777288
17268,942.4453463765294,159485.23930742452,75366.29692183551,76669.61022702519,2896.8065187155153,938.8640065009677,594.5651811397984,911.1618622916285,3.449325983983675e-05,-0.2627119628207502,96,69,96.98090915699554
17269,942.4483632035676,159449.18701432247,75341.97585500377,76700.03598254292,2831.3300947935786,911.2420192721765,571.7313644262904,952.832958693296,-3.2051218660676177e-06,-0.2631000141464388,96,69,96.98156140989158
17270,942.4652217664642,159415.10676357266,75364.26459584039,76660.48053051574,2754.5188746649656,884.7047282506683,550.6835575232399,1000.7840412937221,-2.9316399223382507e-05,-0.2320856932550039,96,69,96.9822021897392
17271,942.467649676508,159365.12350365214,75360.88565330698,76662.23229025445,2661.653362113517,856.2053999067575,528.9008474710281,1033.78088700457,5.05092257444574e-05,-0.2539874132592417,96,69,96.9828315502384
17272,942.4853663087896,159391.73309954596,75363.80161421135,76670.5638233261,2583.8995146410307,834.2848810161377,511.9269259850553,1077.5590812651499,-5.2189009953257705e-05,-0.2250520922879115,96,69,96.9834495454628
17273,942.4882053967752,159351.13413284722,75352.22996692093,76698.57390650964,2508.1554857188603,814.1800596483517,496.1480913510313,1107.8482908478181,3.370980625514422e-05,-0.2256389407070496,96,69,96.98405622985594
17274,942.5058117395016,159290.7353590315,75349.14141593987,76673.47351230966,2458.1049982394907,802.8741945875372,486.67540896710125,1148.6880012927286,-2.212457067535829e-06,-0.2251665088360513,96,69,96.98465165822734
17275,942.5078078515012,159283.59882992943,75313.86255468994,76649.74534457369,2413.0130933629116,793.227115280024,479.17753028916195,1173.6498994618305,-3.013481189520897e-05,-0.2122902239084622,96,69,96.98523588574886
17276,942.5252229048745,159274.9777957543,75367.408725035,76709.25791529957,2391.6002121419297,790.1433633783599,477.8781574756722,1207.0886724128504,5.083728712823123e-05,-0.2094383046270796,96,69,96.9858089679506
17277,942.5282498835834,159236.16083364206,75372.32138574208,76696.23368943893,2368.9307895964594,784.536661232516,476.9956627188658,1223.1242549288436,-5.190007399796851e-05,-0.201942696882087,96,69,96.98637096071712
17278,942.545664545936,159190.86644393948,75334.07948002908,76681.45772275991,2359.7994545404217,780.1626364553085,479.0544612540689,1245.757014977251,3.291557050159107e-05,-0.1872123667873081,96,69,96.9869219202837
17279,942.5477445733555,159273.02636952995,75305.84592554897,76692.06394049746,2338.6399117842666,768.8038231123355,477.6038178594026,1251.2022941277537,-1.2197825803735871e-06,-0.1870404926656785,96,69,96.98746190323234
17280,942.56516553708,159250.76787794536,75330.20322872211,76670.49786808643,2323.132128035475,757.0238635565329,475.89996072032955,1267.1857090545527,-3.094245952438882e-05,-0.1864303360786217,96,69,96.9879909664876
17281,942.5682449777778,159235.12360215944,75311.91769014107,76659.66654328021,2290.817778084427,739.4590998131898,468.917962328298,1270.8837967442232,5.1147969061019055e-05,-0.1601754625199961,96,69,96.98850916731338
17282,942.5855405209976,159240.23206750833,75318.4703455766,76700.17155904832,2262.2160639109206,724.6649436591979,461.53601178873214,1287.875920488732,-5.159385800901021e-05,-0.1636131292460148,96,69,96.9890165633082
17283,942.5876667423244,159254.5789859622,75337.81150010742,76640.77067686823,2219.2317987363203,708.4546360786771,450.53576943138614,1293.9462628286274,3.211082887111865e-05,-0.1633553713211633,96,69,96.98951321240187
17284,942.6051284652852,159219.19458189994,75340.20032091695,76680.80902618691,2187.055405049585,699.5044773871632,442.1140429674124,1314.2802345678501,-2.274333090908736e-07,-0.1630254357221799,96,69,96.98999917285136
17285,942.6082217915496,159187.8715788013,75323.60810099856,76681.61360649526,2148.9786737437244,692.0464114112401,433.07801926418324,1322.5807582323032,-3.17390781664859e-05,-0.1439937478276403,96,69,96.99047450323692
17286,942.6254220370506,159208.6425565249,75331.7205969066,76646.64351663554,2128.757629661064,692.3989702286926,428.6006621097331,1341.4591771639243,5.144117949919704e-05,-0.1266319898567004,96,69,96.99093926245766
17287,942.6275868066097,159220.43361282526,75347.01994028814,76699.23336687124,2108.656383149093,693.2964871815493,424.5751610392763,1345.4144238281297,-5.127047796122228e-05,-0.1130811906937218,96,69,96.99139350972834
17288,942.645102942078,159224.99533173683,75350.42375217815,76697.01319395537,2111.461123889778,700.6185074027599,425.5782318918791,1359.7734189859475,3.129586049250119e-05,-0.1061454478966941,96,69,96.99183730457518
17289,942.6481849641712,159207.686195473,75337.21672236317,76670.9529825179,2116.091594722471,706.851947483301,426.9395352966094,1359.796635617764,7.642562733057899e-07,-0.11637608302176,96,69,96.99227070683146
17290,942.6653065715644,159249.5316945697,75352.03294207052,76664.08651077728,2140.541993094783,717.7238624967868,432.6924545345828,1370.0091911755153,-3.252440697469054e-05,-0.1095372698525545,96,69,96.99269377663404
17291,942.6675075039052,159216.89567537187,75338.14887906762,76660.84806876021,2160.6246187071083,726.1132180954446,438.0690147780988,1366.7140893699543,5.171683264850198e-05,-0.1207230925927474,96,69,96.9931065744193
17292,942.6850868929324,159216.29747497453,75358.84564628084,76711.84535632285,2192.092239123711,737.8284736181668,446.80788141748053,1375.554041215335,-5.0930055782517774e-05,-0.1542627454068966,96,69,96.99350916091872
17293,942.6881339672886,159255.44913308098,75356.76453378242,76666.88892555921,2207.9211777906166,744.7757643473451,453.2564021041908,1371.3923123763234,3.047094775871377e-05,-0.1991148989979745,96,69,96.99390159715536
17294,942.7051964004146,159229.02843762466,75360.67744218998,76683.92320252668,2222.32372823474,751.4115148686105,460.0658407237497,1377.47475573243,1.7549520065418695e-06,-0.2703390870364538,96,69,96.99428394444011
17295,942.7074266312588,159279.64156450317,75363.27143335964,76655.56189507029,2211.207296398643,749.469649217106,461.40074431928224,1369.127039071609,-3.329818958355379e-05,-0.294308542024506,96,69,96.99465626436655
17296,942.7250837278629,159269.43708610328,75361.85188043471,76680.4115838258,2193.8010579548427,744.1746957245778,460.39823730883654,1370.6229958131735,5.1974848525511296e-05,-0.2831710335406041,96,69,96.99501861880827
17297,942.7280611083088,159281.2431378985,75354.98586004562,76686.0994175423,2150.0715142734116,728.4770909365034,452.1572548370459,1356.4572943272942,-5.05727190577594e-05,-0.2898412651950378,96,69,96.99537106991396
17298,942.7451047430296,159302.6122522227,75358.54065424779,76676.31896332886,2102.375280837412,709.2256706242915,441.1167225477693,1349.8341127531603,2.9636376548976e-05,-0.2897136269669064,96,69,96.9957136801037
17299,942.747323582464,159345.0849675185,75365.38703359081,76676.74066655179,2034.5124894769979,681.7119631615496,424.2768095524225,1327.0893101527472,2.744320526017061e-06,-0.2715924019956984,96,69,96.99604651206496
17300,942.7651322832352,159360.46297277065,75364.44466402075,76685.95235866042,1970.7521375110373,654.425386796589,407.4509372736793,1313.2727840835578,-3.406017325160795e-05,-0.2637386481331222,96,69,96.99636962874858
17301,942.7678693914444,159402.6994289235,75381.94713484793,76704.02357585638,1893.338166500267,622.8430678625737,387.9298765643907,1284.0354053498304,5.2215153158874215e-05,-0.2542462076141443,96,69,96.99668309336415
17302,942.7856221651916,159409.80675241852,75377.25036259957,76709.04943554249,1824.72715523839,594.9195760124858,371.0587540465931,1264.2516836758587,-5.019860045850008e-05,-0.2415142324582355,96,69,96.9969869693774
17303,942.7875971950284,159466.60201834157,75361.1462880552,76710.14819777866,1745.895839089877,565.3494747524819,353.3141733800876,1229.836735361896,2.87924353323454e-05,-0.2418072712043464,96,69,96.99728132050438
17304,942.804953498256,159522.92794707668,75370.91052318935,76728.59833270566,1678.6534006302827,541.1488246392109,338.9992767519143,1206.0992708546692,3.732029267670573e-06,-0.229320254739934,96,69,96.9975662107085
17305,942.8079305970292,159531.97821054023,75406.83152411763,76671.47815331421,1604.1367623531842,516.4070178787952,323.9123005227884,1169.7817625273892,-3.481011016390478e-05,-0.2108982101936924,96,69,96.9978417041966
17306,942.825478153671,159596.55451924237,75378.08105022284,76692.90650645157,1541.7693931268877,496.81732726735936,311.47284240074805,1143.7696185475506,5.243767868145972e-05,-0.212580303534373,96,69,96.99810786541406
17307,942.8275298100824,159598.6983960485,75368.61965909015,76736.10257888435,1472.1363934930414,476.05757996145985,297.5730966696283,1104.7558048127976,-4.980783908412207e-05,-0.2168153790473267,96,69,96.99836475904095
17308,942.844887786775,159672.57182289968,75383.48562044982,76721.74162286882,1414.9717617271235,459.7693128417741,286.1431281751138,1076.82931977493,2.793941591866819e-05,-0.213278087882357,96,69,96.99861244998914
17309,942.8479319260404,159675.15428109615,75376.73020752617,76741.49822956677,1351.266008045699,441.8460013315489,273.74714762874646,1037.5821931258542,4.717745981189804e-06,-0.2164379464392671,96,69,96.99885100339644
17310,942.8653630004789,159764.69215544572,75393.43793719413,76712.73934786266,1299.4569664455485,427.585390162727,264.28857793315547,1009.1832326688746,-3.5547755908764094e-05,-0.2117253585610449,96,69,96.9990804846236
17311,942.867442322524,159809.08544583654,75419.45329107015,76750.8857474622,1241.6537416326464,411.46703114667616,254.53094806559966,969.3576025896473,5.2642363145506045e-05,-0.2071616661084439,96,69,96.99930095925008
17312,942.8848466764846,159835.33269583122,75430.6226430678,76731.54592837993,1197.9377918957034,399.4548436276382,248.28551071335096,940.8245982363005,-4.940057880846815e-05,-0.222820184474763,96,69,96.99951249307006
17313,942.8879134648524,159872.10136866482,75376.55744070979,76731.072556338,1151.0228830529377,386.5505284518731,242.0950657739595,901.0077401612944,2.7077612685992613e-05,-0.2102332635417322,96,69,96.9997151520879
17314,942.9052544510832,159916.7025057253,75416.6123224404,76744.8136587074,1118.550863231998,378.1596825038432,238.98721614299575,870.0594062388991,5.701139647454509e-06,-0.1960610921762292,96,69,96.99990900251458
17315,942.9073496874076,159932.58643127073,75392.03672543228,76741.9471873903,1082.1185008735629,369.13896146749903,235.31143777639954,826.0260192598507,-3.627287088051077e-05,-0.2019311297556484,96,69,97.00009411076336
17316,942.9248203846104,160003.7430990083,75416.13642233556,76715.43035981483,1058.215090619342,364.31723385657824,233.8640509515244,790.8124297472241,5.282915068866011e-05,-0.1997527351626639,96,69,97.00027054344552
17317,942.9278801484088,160072.53460416725,75413.87620568767,76729.31582854246,1027.2997127997223,357.8898861198104,230.8821177117352,743.9030454005115,-4.897696958149733e-05,-0.1889017214542812,96,69,97.00043836736684
17318,942.9451498721456,160109.76966567303,75419.11354136608,76740.7728333769,1003.8162279494572,353.5222335024737,228.64355479186634,706.3672960243421,2.6207322897639865e-05,-0.1911425448567138,96,69,97.00059764952287
17319,942.9472543882132,160177.05674956704,75411.65840963897,76760.1027684463,969.518257800315,345.6122813289694,223.58983700780664,659.139358391607,6.681880397698906e-06,-0.1791827003011002,96,69,97.00074845709536
17320,942.9648078069672,160208.7718380331,75420.75733309721,76739.82875704851,940.6669197195442,338.37112498964416,218.21818512224127,624.0387424618821,-3.698521979947043e-05,-0.1684763165907846,96,69,97.0008908574478
17321,942.9678299633784,160240.1778744749,75441.2094817236,76783.01507630081,900.6181890039006,327.24568851948425,209.52734446155955,581.3838683737267,5.299799191073149e-05,-0.1712770327035337,96,69,97.0010249181216
17322,942.9850532586448,160298.031925046,75417.96593717285,76760.96747455906,865.4935939486022,316.94602924233186,200.33849694111268,550.2034112713009,-4.853716630069751e-05,-0.1689462157851363,96,69,97.00115070683164
17323,942.9871518516488,160296.1377535137,75420.63045537735,76735.91073436881,820.7517865158152,304.1058548069268,188.68616237898823,511.1111111009959,2.532884652032166e-05,-0.159297104815342,96,69,97.00126829146278
17324,943.0048161551866,160382.0149389193,75462.2474618177,76729.35630263247,783.8086251150235,293.73719208396506,178.04764978258754,483.3783270466374,7.65963942559765e-06,-0.1566279703791506,96,69,97.00137774006495
17325,943.007749434874,160427.56832016364,75468.5321714162,76769.76629202827,740.5375172614004,282.2482147328701,166.9038205544639,447.3040587817668,-3.768457183589054e-05,-0.1478964015294474,96,69,97.00147912085016
17326,943.0249867626836,160453.96974232368,75459.64745707251,76779.18363888892,706.6715721282526,273.1857427844225,158.21454515936784,420.1878078575828,5.314884289570044e-05,-0.131435180693201,96,69,97.0015725021872
17327,943.0270051170742,160478.33075836644,75424.29226053678,76775.16120212748,668.0387116508791,262.0415997013479,149.9449807938363,383.1167740209494,-4.808132916471769e-05,-0.1135168139673246,96,69,97.00165795259826
17328,943.044923199384,160526.73205646456,75464.46964719085,76773.89140582627,638.7230259511853,250.96382334979717,143.6987808397971,353.57228634672356,2.4442485768041708e-05,-0.139738056650572,96,69,97.0017355407549
17329,943.0473668238634,160581.15920026175,75446.0630050603,76756.76059124006,601.3842892854591,234.5371532803838,136.02825544564985,311.9545399908093,8.63408895325502e-06,-0.144003419231243,96,69,97.00180533547358
17330,943.0642278477256,160612.53090947456,75466.68125367662,76744.94226432465,565.485646627727,214.13375120247656,127.0001803469786,274.66929742301,-3.837070088880715e-05,-0.1606664184125207,96,69,97.001867405712
17331,943.067106596858,160670.5680364845,75468.47946355224,76780.93770117997,512.7638812225196,185.5631079757004,113.09134271970834,225.73430942639243,5.328166619861439e-05,-0.1865559906977939,96,69,97.00192182056458
17332,943.0848198747108,160698.54351870276,75451.05842947552,76786.11809868383,450.5865352702094,151.3997967641626,94.77570717962226,182.050787819986,-4.760962399615997e-05,-0.1624632544186355,96,69,97.00196864925849
17333,943.0872909414968,160773.5265012341,75474.1167914345,76766.1780264951,363.46038471348584,110.43241870228667,70.77975221825182,129.72359768903698,2.3548545825887488e-05,-0.1749716764128014,96,69,97.00200796115008
17334,943.1041231481356,160836.21650711467,75448.76292394297,76783.0058660337,266.03518551646266,68.82600244341302,44.76840763411019,87.53743488536566,9.604902729740696e-06,-0.1847905481199136,96,69,97.00203982572016
17335,943.1071109101828,160875.97546070453,75466.66279267747,76760.2221139958,156.57872324896744,30.370363022069796,19.845051800541114,44.80137516185641,-3.904338507501344e-05,-0.1636882878221299,96,69,97.0020643125702
17336,943.1247528964644,160900.0268843664,75451.64226113127,76782.085474127,63.53902337467298,5.110023809349514,3.1022954806976486,19.201382063300116,5.339643048358035e-05,-0.1639805859606848,96,69,97.00208149141814
17337,943.1271885196344,160955.70791415655,75439.04881699497,76744.54104480002,-0.7607807329040952,-0.0,-0.0,-0.9307172071421519,-4.712222193046484e-05,-0.1532630086449344,96,69,97.00209143209456
17338,943.1440414414373,160914.66267237358,75447.79337864435,76755.6236891488,-0.0,24.901065439044032,17.024114063417073,-0.0,2.264733359380133e-05,-0.1431506050416724,96,69,97.00209420453837
17339,943.1471061855106,160927.66703822432,75454.47554384585,76764.48029725323,77.89906046184478,83.49440007995872,56.568559177569114,9.618999985192204,1.0571756080890892e-05,-0.0855390507275516,96,69,97.00208987879276
17340,943.1646857995748,160891.5551251593,75482.59744139081,76792.86402270838,254.83645345881814,177.56908494209347,118.98044610733632,39.797150040831184,-3.970240757156738e-05,0.1326178300238639,96,69,97.0020785250016
17341,943.1670796277792,160831.43766902646,75466.20791053065,76773.7206807628,519.9458301911363,300.8123295545374,199.74603913218016,76.47772236049059,5.349311041882239e-05,0.3161922401065575,96,69,97.00206021340465
17342,943.1839716796496,160851.82033606645,75478.16495748355,76768.22222259574,866.1672454773216,444.0625660967635,292.2108607230184,129.89416214436642,-4.66192987391416e-05,-0.0861427758161398,96,69,97.002035014334
17343,943.18709847064,160800.10572596418,75440.78517336248,76781.95626676729,1256.529451273731,593.0726806680905,387.2142336923862,186.23285229646717,2.1739158626911007e-05,-0.4710570846061605,96,69,97.0020029982099
17344,943.204613610157,160691.36525484527,75431.94751156181,76776.734457101,1663.4444934679195,734.466446959239,475.9636227634328,253.3188442804385,1.1534325839845526e-05,-0.1986248663418396,96,69,97.0019642355369
17345,943.206968875043,160660.22950842846,75444.55912570142,76776.86300673192,2043.2342505836277,855.8011288765701,550.9389105971786,317.0224932626588,-4.034755644953898e-05,-0.1547029043774535,96,69,97.00191879689925
17346,943.2239113545314,160533.34125104637,75444.07500107266,76774.38377201559,2373.8453250094317,949.4661003755027,607.3101357695705,384.9961931621656,5.357168675690844e-05,-0.1888844163346117,96,69,97.00186675295753
17347,943.227088483202,160518.26318959246,75471.94025574763,76770.17453869159,2628.607187797723,1012.0141878184222,643.4702529551578,444.9518426701543,-4.610103588065918e-05,-0.125300186882533,96,69,97.0018081744444
17348,943.2445349728856,160475.76389946847,75419.41424019025,76762.48269265407,2805.833099457086,1044.4611241722305,660.2119091057975,504.4211337045126,2.082433255486761e-05,-0.1439790651460573,96,69,97.00174313216048
17349,943.2468585390768,160447.40133953135,75447.6015228025,76782.22781521924,2901.0466204712284,1050.9458392277884,660.8696633924264,552.9857279105345,1.2492290434068878e-05,-0.126591192859277,96,69,97.00167169697006
17350,943.263859407822,160385.36287852417,75446.30769071782,76766.48497210434,2930.3354577083373,1036.7936773314286,648.9982459741586,599.3625052571297,-4.0978624120615445e-05,-0.1109046420069532,96,69,97.00159393979796
17351,943.2670757929876,160329.82025753913,75437.55242506873,76758.47510760851,2902.2357586725266,1008.404537621609,629.2791298865923,634.9665358787461,5.363214660883183e-05,-0.1094749781366023,96,69,97.00150993162453
17352,943.2844495632949,160319.11852889584,75438.52719002787,76771.95072164274,2837.9957532359986,971.0164239501901,604.9214341390762,667.7830061758868,-4.556761949187394e-05,-0.1241270503364372,96,69,97.00141974348244
17353,943.286750223004,160307.17199946454,75431.23253516028,76790.47422468034,2747.6451688637026,930.560547295172,579.8065465110703,690.1744305216707,1.990316867742369e-05,-0.1132721764077783,96,69,97.00132344645218
17354,943.3038150994844,160265.60749960842,75446.11580063976,76745.75846096592,2649.6111041042022,890.8100012726063,555.602677188057,710.6857863354671,1.3445329885345509e-05,-0.1014080593880035,96,69,97.0012211116581
17355,943.3070596369188,160275.97429896067,75450.58659602104,76754.71735512627,2549.9256535307504,856.4069810489164,534.938336932013,723.2894044481509,-4.159540834795181e-05,-0.0965344440587119,96,69,97.0011128102649
17356,943.32435752014,160223.40510268637,75411.16410423307,76758.94932882513,2460.6297205861774,828.8701558731846,517.9828859562112,736.1974559145747,5.3674483241956536e-05,-0.0720153546861441,96,69,97.000998613473
17357,943.326645238525,160279.73233915825,75417.0369114768,76795.75625386741,2382.4541501979693,810.3687920777156,506.10745459236205,744.3742468109704,-4.5019240811759934e-05,-0.0612909242541031,96,69,97.00087859251506
17358,943.3437777127908,160241.2459105238,75431.11480184614,76765.17432729484,2321.475591046794,798.909664528328,497.8020262646023,755.7493638729502,1.897598267118337e-05,-0.0779543650790174,96,69,97.00075281865192
17359,943.3470391718316,160258.6944641025,75405.75017247126,76788.3089412246,2273.4777921236237,793.7286988958658,493.1857295256632,764.9096621254866,1.4393126748056752e-05,-0.0561531766141944,96,69,97.0006213631684
17360,943.3642592617032,160242.83685175437,75433.75782932491,76760.15441511289,2238.9535524534876,790.3344710573874,489.6221057588409,777.1833593788615,-4.219771171234992e-05,-0.03080135234117,96,69,97.00048429736992
17361,943.366544716406,160198.27668509132,75433.42340151474,76759.27416948404,2210.380650387786,787.1060328005988,486.8302069292695,786.0876282738172,5.369869541705034e-05,-0.0292849416375395,96,69,97.00034169257768
17362,943.3837464602096,160199.4390801568,75439.93708545793,76738.83860830832,2185.9684207849205,779.6635052828351,482.07417429905036,795.8390787344542,-4.445609597606798e-05,-0.0112857654401068,96,69,97.0001936201256
17363,943.3870135814802,160200.69717327738,75433.03874261517,76737.19052267246,2158.7621152676293,768.3245487507083,475.94192808374646,800.4047631580906,1.8043091676916763e-05,0.0052885700390566,96,69,97.00004015135586
17364,943.4041554055906,160195.37118338057,75447.0261621249,76741.77888152703,2128.7980800803634,751.2870107316558,466.9119983096607,804.0047798923333,1.5335365023713433e-05,0.0169994563890523,96,69,96.99988135761537
17365,943.40644963837,160236.08308229377,75428.92856494065,76783.9979451809,2093.6079870254034,731.9446814377443,457.1126605241152,802.5345711474074,-4.2785341715823136e-05,0.0330661817373639,96,69,96.99971731025148
17366,943.4237204539488,160234.3869000128,75407.22250163379,76769.88983095545,2057.5855690115714,710.714286589995,446.15678108340944,801.3976557281276,5.3704788862124935e-05,0.0312581127007982,96,69,96.99954808060824
17367,943.4269821344328,160211.59374268464,75450.13358464948,76782.11565015184,2022.4056858128752,692.7785817210824,437.23605207004584,797.6081220475317,-4.3878385842224906e-05,0.0206954773630067,96,69,96.99937374002263
17368,943.4440467215768,160200.15902362892,75427.44608029965,76760.27915196818,1994.074758370698,678.9393097687425,430.28400153349503,795.8813331976417,1.7104814797846504e-05,0.0142705737999662,96,69,96.99919435982076
17369,943.44636084301,160241.8101879132,75433.15285949933,76729.15630358331,1974.5488257717225,673.6110425313382,428.0261158387584,793.3285812719841,1.6271731066655503e-05,-0.009968701806855,96,69,96.99901001131346
17370,943.4636987017944,160220.61329569056,75432.75443668812,76768.61983460245,1967.5618802154786,675.328444180399,428.88771896553226,793.9341711061134,-4.3358111082541725e-05,-0.0470311484452376,96,69,96.99882076579313
17371,943.4669442219212,160228.2342966827,75446.08801624736,76750.75648798271,1971.8737439771066,685.9815678056038,433.9306455689366,794.5264726750611,5.369277478435012e-05,-0.0641613215497408,96,69,96.9986266945292
17372,943.4839340953048,160235.07796784877,75433.05736764183,76751.50254921078,1986.8193938866025,701.200001749472,439.918801134103,798.0496202767536,-4.328631625961659e-05,-0.0963961843768644,96,69,96.99842786876512
17373,943.4862790237308,160217.08102930806,75431.98842320098,76759.40888590092,2007.5914442914655,720.2744799627108,446.7780412590364,801.5679260308389,1.616147228596022e-05,-0.1035717403451686,96,69,96.99822435971346
17374,943.5036801140774,160209.61393914395,75421.22517599509,76732.38607421664,2030.3475396909635,736.7455766349012,450.78598903879174,807.7544189370237,1.720191319452191e-05,-0.0922508803087448,96,69,96.99801623855328
17375,943.5068993861728,160204.75100068486,75442.7022372877,76739.13356240725,2048.8181963380193,749.55567949338,452.49394381814636,813.6970750731416,-4.3915837830422514e-05,-0.0964757508302475,96,69,96.99780357642548
17376,943.5238184943908,160217.86616665905,75425.96184729616,76760.75296441413,2058.807506012963,753.2899489900155,449.33106119566946,821.2027553697117,5.366267111528552e-05,-0.0924540687280702,96,69,96.997586444429
17377,943.5262047263606,160218.55519826978,75422.95348652972,76744.25163308533,2055.6340454659658,749.1361897718889,443.0948883164965,827.2112770930107,-4.268009790722147e-05,-0.0823559849061758,96,69,96.99736491361756
17378,943.543663515222,160189.50403838823,75428.78209492128,76755.17651004747,2037.500474776898,734.3781502521597,432.24415567299,832.721666661062,1.5213386355990866e-05,-0.0795426183147465,96,69,96.99713905499551
17379,943.546847344054,160208.37587485398,75428.78022394875,76778.29317982098,2003.1008237117785,713.2317405586946,419.6314389430918,834.268290864391,1.812560246838863e-05,-0.0793736629420139,96,69,96.9969089395142
17380,943.5637009328644,160176.0019102366,75454.45902924504,76759.17252615457,1953.8773308027303,685.1811885311763,404.47381253298954,832.3559610218508,-4.445834484966483e-05,-0.065202799417481,96,69,96.99667463806809
17381,943.566138350933,160201.3549301469,75435.46475471111,76769.58138623608,1891.7425317434245,655.3605656552827,389.8787014854024,824.4685011198162,5.3614501102488495e-05,-0.0711346829967146,96,69,96.99643622149112
17382,943.5836476554392,160241.53686878466,75420.41300702264,76765.67690609382,1820.4574984363862,622.9372876146226,374.81390697025927,812.2505754241138,-4.205994535703317e-05,-0.0787464205698618,96,69,96.99619376055288
17383,943.5867880095948,160223.377582561,75443.13018754555,76743.58697762895,1743.4730659340858,592.3095755572867,361.8239928733965,794.8767959926045,1.426088041903633e-05,-0.0739116132054041,96,69,96.99594732595509
17384,943.6035824307,160257.42653648864,75455.84623563896,76778.40079443587,1664.7130553501192,561.5193573300785,348.8637249993626,775.1888192484039,1.904249210613023e-05,-0.075913757366,96,69,96.9956969883275
17385,943.606080161775,160298.98495455374,75439.36077781126,76769.12094005341,1586.616746405256,533.6886088806641,337.13622377612046,753.6045845971385,-4.498546058109068e-05,-0.072424520526013,96,69,96.99544281822476
17386,943.6236312178144,160284.97099712607,75416.37398206914,76783.26048225487,1510.9749200543156,505.9150215527625,323.6493787969812,732.999813171511,5.354829461865466e-05,-0.0718195541792769,96,69,96.99518488612226
17387,943.6267215197688,160320.24075718175,75453.81069454245,76748.31459483551,1437.8312248138245,481.11636867007473,309.61195172116277,713.0719295296585,-4.142607853471663e-05,-0.0731939591018364,96,69,96.9949232624124
17388,943.643463963694,160384.85949874803,75433.9133322664,76762.30582096912,1367.09773300495,456.48157322371844,292.91958937080926,695.0938678703969,1.3304278995755125e-05,-0.0692396063086271,96,69,96.99465801740162
17389,943.6460303122444,160351.34610644035,75429.86228751572,76734.96665665011,1298.108165154059,434.89416297423304,275.9853048231744,677.4075528920512,1.9952277796984697e-05,-0.0584606066268635,96,69,96.99438922130564
17390,943.6636128129144,160355.67310866,75436.12553230432,76741.36868777353,1231.3712031345349,413.616253465545,257.9987505399913,659.9750180315168,-4.549701879545912e-05,-0.0640727423141883,96,69,96.99411694424712
17391,943.6666482721836,160372.95714097272,75451.50424532789,76757.44556018729,1167.5317709860392,395.76436994709366,242.18920887089917,640.5539876322728,5.346408736507199e-05,-0.0631052456660238,96,69,96.99384125625085
17392,943.6833463938405,160429.64632764837,75433.50342620963,76759.57114599575,1108.5041324520134,378.64546417481324,227.6811174826289,619.1988070077205,-4.077872148706452e-05,-0.0490039072602966,96,69,96.99356222724082
17393,943.6859888969246,160467.30860740613,75424.9698301454,76741.85262037288,1055.4632320887758,364.8625817513821,216.56235095119337,594.6072339947277,1.2343907881282031e-05,-0.0438385738931455,96,69,96.99327992703653
17394,943.703590944586,160480.3107072676,75424.69519851288,76732.32235883627,1009.8931830645306,351.22156918697874,206.6570298000879,567.7655769634002,2.0854657994360763e-05,-0.0538426057464364,96,69,96.99299442534932
17395,943.7065689942892,160497.4160908475,75451.62707592874,76745.25692182724,971.2159751625732,339.97524339557276,199.03988599643344,538.0764686081093,-4.5992858374761525e-05,-0.0724371666040666,96,69,96.99270579177876
17396,943.723230355946,160542.6401390182,75424.53803632132,76732.68300781352,938.6884185232921,327.81066878362617,191.19091219839174,507.0053321659216,5.336192129852064e-05,-0.0791220790700923,96,69,96.99241409580912
17397,943.7259560628584,160541.8437913454,75444.40555249515,76755.76575697486,909.1859768299037,316.89069424448826,184.2166326996521,474.42430680117104,-4.011810243952236e-05,-0.0742098657128067,96,69,96.99211940680604
17398,943.7435639056108,160588.68712748765,75403.19275292246,76770.8191784874,880.3853079314576,304.47733761165,176.29250124114333,442.12512858284754,1.1380093806636014e-05,-0.0752093861444413,96,69,96.9918217940126
17399,943.7464848971108,160661.36931885808,75426.21175957253,76745.32950571392,848.510799313779,293.50744240070344,169.23821138145286,410.02092646140954,2.1749333854691188e-05,-0.0745838510122559,96,69,96.99152132654606
17400,943.763116031442,160664.71478472487,75442.60752396025,76763.60276275205,812.5564005700871,281.8460855266894,161.74498642643448,379.870631419064,-4.647282373633016e-05,-0.0899323450034885,96,69,96.9912180733946
17401,943.7659322727376,160687.73116693328,75446.8493294595,76744.4273044459,771.0246885584202,272.19875849779055,155.4607705338858,351.2457788148604,5.324184444935063e-05,-0.0767387911976915,96,69,96.99091210341304
17402,943.7835294768396,160720.57830832124,75436.32999840227,76742.66909483059,726.1002705616993,262.1265692682209,148.91852575098164,325.2673799464246,-3.944445446882599e-05,-0.0662843436663646,96,69,96.99060348532036
17403,943.7863980868046,160747.48143211665,75462.56956796345,76738.97650074355,678.4142380172852,253.7187277415651,143.38540938543156,300.39554265193874,1.041316436251016e-05,-0.0648745176932176,96,69,96.99029228769552
17404,943.8030025674556,160761.50919470238,75445.59210510386,76758.2259557021,631.4632593209972,243.93729591912415,137.12593531011953,276.98027751327027,2.2636009207408983e-05,-0.0485149161382036,96,69,96.98997857897444
17405,943.805919066447,160785.36756479827,75423.93818744227,76734.50435323162,585.0245941170142,233.94119320942264,130.87456555481185,252.86477351788199,-4.693676521282385e-05,-0.0292926623385478,96,69,96.98966242744626
17406,943.823483921449,160845.25037850512,75458.07660711373,76760.81450200794,540.6903339940473,220.33709072727652,122.7697586750146,228.25747963885078,5.310391041407991e-05,-0.0463787669883567,96,69,96.98934390125
17407,943.8263129991312,160825.76335788707,75446.23417542798,76736.73473644469,494.714712822868,203.92025110597024,113.277938182262,200.85551058113924,-3.8758014330800703e-05,-0.0560746861116975,96,69,96.98902306837168
17408,943.842885949961,160884.27692114265,75433.2532674393,76747.41114157591,445.89788712828886,181.3237495698122,100.50491474574665,171.59284439109615,9.443448437363888e-06,-0.0629416781519984,96,69,96.98869999663988
17409,943.8459222561896,160914.55732024973,75412.19057556141,76764.72078706228,388.28223355225055,153.5208233851008,84.83475527173141,139.12383754822076,2.3514391011119745e-05,-0.0800430411908834,96,69,96.98837475372318
17410,943.8634169596862,160952.84295747973,75456.52984098023,76736.94917078433,321.29786104219966,118.8863545821223,65.31800975365331,105.9171508892905,-4.7384537824016665e-05,-0.062902207415387,96,69,96.9880474071273
17411,943.8662449510268,160981.7520732987,75447.83882345761,76734.74496398875,242.12014330661623,81.28663866891293,43.98125088546658,71.94554746421636,5.294817929844936e-05,-0.0516199037218828,96,69,96.98771802419
17412,943.8827428990404,160981.56967205674,75449.80718355053,76788.57734581176,158.08653691789368,43.5245173296571,22.69187752652215,41.7049766103155,-3.805902335305989e-05,-0.0685855854882963,96,69,96.98738667207972
17413,943.8859877954789,161052.81157735008,75443.38298708179,76783.71564585612,76.97891015076311,14.03059239393042,6.427985894843005,16.70359493000433,8.471274764572362e-06,-0.0634905951778602,96,69,96.98705341779082
17414,943.9031911062566,161025.4303008447,75448.94457518186,76752.43385540383,18.554477360623423,-0.0,-0.0,2.5090259532735217,2.438418920750873e-05,-0.0596409999975885,96,69,96.98671832814146
17415,943.9054108714314,161070.391080125,75461.18362177337,76764.7190085785,-0.0,11.535952151869424,9.471892241068417,-0.0,-4.78160028780621e-05,-0.0483451960924118,96,69,96.98638146976924
17416,943.9227616643268,161072.1202891594,75430.98216662732,76771.6057925609,46.014656171842944,53.97105141624343,38.53937076166039,13.843840372777777,5.277471682471223e-05,-0.0476703058913118,96,69,96.9860429091288
17417,943.9259409578564,161023.24285669933,75459.17855894082,76738.98642597778,168.5272063012817,131.0923228655156,89.15155458723893,41.97718969878042,-3.734772639953371e-05,0.0211475352890754,96,69,96.98570271248826
17418,943.9430888789165,160959.51365931748,75462.6601698746,76760.84115938886,377.86003308865475,238.97670978022506,159.09839254134567,85.9140866175585,7.4969734247669635e-06,0.2384916798399976,96,69,96.98536094592582
17419,943.9453194104084,160906.32321320058,75442.41053660691,76747.86027330313,663.1230331620318,370.23392387563945,243.19929504583706,140.33369346809923,2.5245116632821287e-05,0.4091829214870685,96,69,96.98501767532696
17420,943.9627407394138,160849.0302540254,75428.6059021411,76750.6047926896,1009.8883407835383,511.5007894034352,333.35389709999436,205.14327186215087,-4.823102697745252e-05,0.0211975105735996,96,69,96.98467296638069
17421,943.9659031610408,160789.71718319962,75445.38965745871,76762.5452785911,1384.1725972589338,649.5194346061762,420.6272379528382,273.8428610218107,5.258359479301162e-05,-0.3765675326664967,96,69,96.98432688457729
17422,943.9829756543096,160714.10099574443,75443.45642169911,76729.3829393939,1757.3941420422634,770.7974788481079,496.8094933590037,346.5323917858477,-3.662437304082075e-05,-0.0881949631188848,96,69,96.9839794952042
17423,943.9852384092476,160658.20829462662,75418.94045365954,76757.09919339947,2092.424525026174,866.6741328609205,555.8030551041593,417.45236716014915,6.520874708000571e-06,-0.0253015561924628,96,69,96.98363086334336
17424,944.0027212727526,160585.7551185873,75404.56124631233,76763.07751827074,2370.0137687872048,932.2331461890863,594.9246525506605,488.18800704574096,2.6096889644405327e-05,-0.075387585069496,96,69,96.98328105386813
17425,944.0058591729644,160526.76363700212,75415.28112302299,76738.44968858158,2569.643656872271,968.2893515590258,614.2218953201955,553.5733776188572,-4.862948230101593e-05,-0.0155330161742251,96,69,96.98293013144006
17426,944.022859291048,160458.4263290814,75418.96569110446,76758.0610575689,2693.2308511123993,978.5834227846499,616.8456039034063,615.7865926457162,5.237489094350807e-05,-0.0351146168440822,96,69,96.9825781605058
17427,944.0251647484224,160367.41893546208,75391.50472517894,76732.32682363989,2740.5169408998336,969.4318983568082,606.7038185691927,670.2832292221719,-3.5889215852409475e-05,-0.0239503940925168,96,69,96.98222520529436
17428,944.0427041947928,160332.77612160693,75440.91858791026,76746.61827584905,2730.3880136397784,947.1743883585295,588.9113062818942,720.3509024972154,5.543309042540385e-06,-0.02165558198889,96,69,96.9818713298134
17429,944.0458074358252,160361.86969732982,75401.42792629282,76741.79541698453,2672.3460013756994,917.6957233389548,567.0640566431684,761.9726171759248,2.693922767594411e-05,-0.015403729301069,96,69,96.981516597847
17430,944.062741605906,160265.76724971097,75428.54771036386,76745.36884208221,2589.592516215809,885.5060717817105,544.9025756591873,799.0444732600008,-4.901124692690801e-05,-0.0102793272721616,96,69,96.98116107295202
17431,944.0650983043308,160245.61172189354,75397.78951055159,76734.89951348293,2491.0109747815877,853.7211020850955,523.9519414447714,828.210755894077,5.214868875585478e-05,-0.0116035158112693,96,69,96.9808048184555
17432,944.0826886102705,160224.01548539073,75388.28612103143,76755.78285106293,2396.523974476324,824.5196370331541,506.2063789067324,853.9915205040888,-3.514251215107462e-05,-0.0263537002328151,96,69,96.98044789745136
17433,944.085747612135,160209.56716415836,75395.76716214517,76718.40926935621,2308.4073146714363,798.893700181361,491.44918025509105,872.9112919114123,4.56460740440717e-06,-0.0185500685187135,96,69,96.9800903727981
17434,944.1026238087784,160215.88208628725,75413.06710715377,76718.38545906851,2239.3463188995374,777.6641787416884,480.3774073101231,889.4069523005746,2.777185379845649e-05,0.0016997235169005,96,69,96.979732307115
17435,944.1050391861936,160140.9866814859,75419.2257125166,76719.18400110256,2183.9426503247814,760.5534057172335,471.4668295905867,900.3566470331571,-4.937620464566902e-05,0.004177152847969,96,69,96.97937376277967
17436,944.1226733405252,160165.25980560982,75399.80837504713,76752.36790828996,2147.824382204388,747.4737073027791,464.4270240153128,910.5679781646468,5.190507768536641e-05,0.009540159470201,96,69,96.97901480192536
17437,944.1256797047448,160212.75959978998,75396.6926469493,76723.5178218155,2118.3040583264083,736.9740823510219,456.7694444511435,916.7113149400975,-3.43845219896021e-05,0.0223784988235671,96,69,96.97865548643782
17438,944.1425070150256,160143.23378147057,75439.61078925068,76744.5897733105,2096.3981977727963,728.1300843323552,448.02234019100433,923.1590474574768,3.5851008640842657e-06,0.0342006785269334,96,69,96.97829587795216
17439,944.1449873949132,160189.21759087127,75411.85027706134,76764.49228695156,2068.1752460197895,718.876416674495,436.3075030791806,926.397215675097,2.8594494125059992e-05,0.0488071788269452,96,69,96.97793603785075
17440,944.162657167638,160167.67508729734,75401.7919350878,76713.35833062364,2037.2163090478862,708.553045069566,422.8021195057372,930.3322440302873,-4.9724244894152585e-05,0.0681175341036141,96,69,96.97757602725972
17441,944.1656039148696,160135.4553978704,75421.23307656513,76731.0864272396,1993.9295612685964,695.8949011514924,407.558476970793,930.8755216099962,5.16441529390283e-05,0.0807750761647372,96,69,96.97721590704664
17442,944.1823923138328,160148.69702097762,75392.7254007324,76724.98168129488,1948.3265898273094,681.8532765811105,393.6988318939111,931.7844198684616,-3.361550985857262e-05,0.0808736670593696,96,69,96.97685573781752
17443,944.1849427609084,160176.00952639125,75415.30014836797,76737.02377808577,1897.2107875197544,666.875932256633,382.2956143285264,929.9013264878013,2.605120410149429e-06,0.0966340931754881,96,69,96.97649557991384
17444,944.2026389033558,160165.4666705049,75397.61986690009,76734.12292862702,1854.9640408251435,653.4820218491222,376.2275733301067,929.7345714364783,2.9406878827529835e-05,0.0988321980793369,96,69,96.97613549341033
17445,944.205520610332,160188.47674931126,75391.13530259185,76742.58848319034,1818.6074157914263,642.7695128585619,374.8301033950702,928.5210675564304,-5.005526279749849e-05,0.0804801721244655,96,69,96.97577553811192
17446,944.2222807610935,160166.3417805259,75420.39573022403,76737.367750327,1800.3437329413719,637.179858757052,378.733819010813,930.5510454092873,5.136601558729652e-05,0.0443731996986839,96,69,96.97541577355116
17447,944.2249049368908,160181.97565050988,75407.42728238215,76730.56325783042,1793.3247841519187,636.8032223659975,385.2295836819394,932.9553459954332,-3.283574345162247e-05,0.0159086388674252,96,69,96.9750562589854
17448,944.2426174225674,160141.146983202,75425.70073463627,76724.36190206157,1804.9060424077907,642.4827006423438,393.81947866777773,938.9920552414551,1.6249968507922476e-06,-0.0156452809771694,96,69,96.97469705339432
17449,944.2454303138248,160184.64853858092,75413.47713979377,76741.63981094935,1822.8179467012524,652.1852768505196,401.611811380164,944.7591997744748,3.0208741410894832e-05,-0.0348192358765105,96,69,96.97433821547708
17450,944.2621733566718,160107.05350406072,75434.55789898585,76711.43770953434,1850.929026082391,664.848771589066,408.9473280950042,952.5567763506551,-5.036915954694385e-05,-0.0525439867837735,96,69,96.9739798036502
17451,944.2648734060303,160170.079584406,75425.96493327635,76752.06178520303,1875.691590159724,677.0086843542813,414.1547620360798,958.6352296021942,5.1070772318247066e-05,-0.0739551023670226,96,69,96.97362187604408
17452,944.2825916875448,160159.55890570502,75408.68809709774,76738.3268854903,1901.078527164762,687.0024717152992,418.5483872295008,965.0390096645278,-3.204549374025226e-05,-0.0627130026235697,96,69,96.97326449050156
17453,944.2853336930629,160137.36151620455,75385.62902384103,76712.50188899181,1914.2194378285203,691.5991451170412,420.75145243198494,968.1577547204797,6.450610835461461e-07,-0.0563507265082931,96,69,96.97290770457424
17454,944.3020710192042,160129.3098780822,75419.00235941392,76742.3573284828,1921.2223835148034,690.4094171530451,421.953881404188,969.9545480551315,3.099981960378979e-05,-0.0637001925970203,96,69,96.97255157552088
17455,944.3048474965126,160166.42880115315,75411.8300256035,76729.48762127694,1911.9212134827976,682.1022719205357,420.43005969849764,967.5863485274895,-5.066584221828451e-05,-0.0677115033847754,96,69,96.97219616030424
17456,944.3225607684376,160118.9001286092,75398.9779903037,76731.08231319782,1894.0530626825057,668.2278042809194,416.97435688087717,963.0463013447879,5.075853550509762e-05,-0.0680084800931846,96,69,96.97184151558916
17457,944.3252315488328,160168.06721485575,75428.38264030784,76733.59819686637,1857.7474006414996,648.8468898024148,409.6784878897306,954.0726520361495,-3.124503508759773e-05,-0.0678685723700224,96,69,96.97148769773943
17458,944.341974561908,160170.55604898703,75410.508312937,76740.8818103453,1811.3853420479572,626.2354704972386,399.6506769565167,942.8570322137675,-3.3435642093145764e-07,-0.061507410011473,96,69,96.97113476281574
17459,944.3448264002736,160188.46872276635,75399.12857206666,76747.30343223302,1746.597471401561,600.5269718664349,385.6810533827811,928.0651831043942,3.177985416160764e-05,-0.0602678069778856,96,69,96.97078276657363
17460,944.362523860753,160221.3600554302,75413.07445854195,76750.18012905277,1673.4606680138968,573.5922767923621,369.51084204323706,911.6520915372821,-5.094522343689973e-05,-0.0681682667840936,96,69,96.97043176446032
17461,944.3651248006648,160208.9798881562,75414.98440205205,76739.67184744884,1585.8401795290993,545.130500684143,350.3966446251434,892.4422759086592,5.042942316827923e-05,-0.0532950295847509,96,69,96.97008181161269
17462,944.3818846700271,160227.67780735125,75414.51883440743,76742.95498904443,1497.1002496918663,516.885869060221,330.4291259589954,871.8003344279714,-3.0434645417577744e-05,-0.0485929395344419,96,69,96.96973296285512
17463,944.3848091957498,160305.37783377917,75408.98211466,76748.45609905422,1404.234219835722,488.7449921366642,309.20721267935005,848.8177100072207,-1.312925857681073e-06,-0.0486843410871469,96,69,96.96938527269684
17464,944.402480298755,160276.49821396414,75412.95794472983,76735.53853802224,1321.194069369405,462.50547042593826,288.96742577891564,824.236223482847,3.254859040007977e-05,-0.0471736569368201,96,69,96.96903879532954
17465,944.4050144713668,160316.01970417245,75413.99746497379,76728.94878564708,1243.1556617839378,437.8744316170487,269.45569600118324,797.5744527964853,-5.120722202425419e-05,-0.0553056668538305,96,69,96.96869358462578
17466,944.4218018791204,160351.49579022365,75395.53911810913,76750.89907048484,1180.9195995547925,416.1100144638913,252.9364858766785,769.427628973528,5.008355922427232e-05,-0.0688305018233434,96,69,96.96834969413584
17467,944.424794875932,160363.41849565678,75442.55123275664,76756.4899694909,1125.8816132274806,396.2149944884295,238.94809913740028,740.2020506104454,-2.961460551408335e-05,-0.0614166280503585,96,69,96.96800717708572
17468,944.4424295621932,160406.94258663754,75421.19719577889,76735.29210162756,1084.1598375911708,378.5874134388723,228.8662996889325,710.2537354233791,-2.290317527009037e-06,-0.0550264575653294,96,69,96.96766608637525
17469,944.4449016738336,160472.26746836843,75418.08918758479,76734.25279567533,1043.6491445194115,361.8081792661542,221.071517624252,680.540181779972,3.330577771836521e-05,-0.0678814032844484,96,69,96.96732647457586
17470,944.4617265507836,160457.15961609597,75410.94942006943,76743.84315111038,1009.3549553624471,346.3372423726105,215.77709835610585,650.6851880150498,-5.145176267862497e-05,-0.0602885206106297,96,69,96.96698839392778
17471,944.4647823860972,160496.3693023744,75400.25855551557,76748.98518406502,970.4030775796855,331.335603765634,210.75291438956629,621.7485090239788,4.972107275091844e-05,-0.0565165838318292,96,69,96.96665189633856
17472,944.4823712696448,160517.15101043266,75398.79098296705,76749.88417108785,933.4455011216342,317.6838940790767,206.04084901703754,592.4249824422586,-2.878519902935801e-05,-0.0722196554732954,96,69,96.9663170333808
17473,944.4847876089484,160551.1175847203,75420.41560467737,76754.45458910975,890.24266804324,304.83815696481906,200.03252438415075,564.258074248879,-3.2662027766278976e-06,-0.0711247538820895,96,69,96.96598385628954
17474,944.5016588350296,160563.57328254203,75410.68673395821,76759.07318841232,850.3943664419348,293.49530901729304,193.69053115090355,535.4447263690818,3.405116902297859e-05,-0.0823174574809321,96,69,96.96565241596085
17475,944.5047706854529,160608.12266995202,75436.08466832891,76728.54055426578,808.0064976945869,282.7992557523685,186.4081109847466,508.2427236927033,-5.16787760800686e-05,-0.0808608558696672,96,69,96.96532276294926
17476,944.5223051382968,160674.4194779766,75442.02182686041,76738.17098361548,772.3231680702884,272.8578014423838,179.49514576379443,480.34381092054537,4.934209845234246e-05,-0.0711570820607,96,69,96.96499494746608
17477,944.5246736024224,160652.59696534523,75433.13941758439,76761.97916757951,735.9530445163255,262.6354929970548,172.42600063522696,454.52243883372284,-2.794671302845345e-05,-0.0673004034544984,96,69,96.96466901937708
17478,944.5415985818836,160684.16714220366,75414.26825495205,76769.95943899169,705.911994388618,252.2545682551281,166.18481474602595,427.296697468817,-4.240253425726717e-06,-0.0703799672411209,96,69,96.9643450282006
17479,944.5447588849696,160710.98202216072,75433.50922279301,76720.20643209912,672.8706050597248,241.17326165398117,160.02343772369204,401.5995932612277,3.4784521900430165e-05,-0.0646543315480581,96,69,96.96402302310568
17480,944.5622308347456,160722.63605534038,75438.56315882524,76730.19551136642,641.7192932606558,229.8388940847508,154.49873062432744,373.3707304978161,-5.188819856010147e-05,-0.0588081905895225,96,69,96.96370305290996
17481,944.5645612901088,160750.97292300104,75405.55844888803,76740.50789608022,603.3576141860103,218.11811523848155,148.75765003386186,346.723111959931,4.894677682257805e-05,-0.0661999692722836,96,69,96.9633851660775
17482,944.5815450411862,160791.76681821898,75416.26860157642,76736.40402368637,564.6690224729828,206.28645670860715,143.07748691749293,317.1694841434655,-2.709943704798663e-05,-0.0668336558384597,96,69,96.96306941071758
17483,944.5847467044224,160817.10135273426,75434.97065562928,76757.70707715121,519.5503041836782,193.83073314452486,136.42297271083225,289.62200179870706,-5.212142277985445e-06,-0.0608628303769588,96,69,96.96275583458218
17484,944.602147338416,160885.5623634694,75432.90712380988,76726.90740064761,475.91959269496147,180.03647527295107,128.47217983633163,258.8468501922325,3.550559799521753e-05,-0.0482002288515946,96,69,96.96244448506442
17485,944.6044535588416,160879.12520187022,75411.7061556371,76765.2476294555,427.6380411971477,163.61097851053637,117.85651321194018,229.98188889052835,-5.207997287617181e-05,-0.0232326686110457,96,69,96.96213540919632
17486,944.6214953403712,160886.774737589,75431.033764863,76764.41966624018,380.43264298530994,143.09196259304008,103.93155073618982,196.00257130543469,4.853525311746673e-05,-0.0318925358393479,96,69,96.9618286536478
17487,944.6247370148876,160934.03554168093,75402.47868057257,76747.89999377924,325.3045434842352,117.54250293500081,85.84584450200782,162.57949006475974,-2.624366368743916e-05,-0.0488995020329448,96,69,96.96152426472378
17488,944.6420485233546,160975.94289019244,75424.39930045737,76740.2816986802,265.1002907452057,86.94720954980585,64.1099821869866,123.34125656684046,-6.18154309288708e-06,-0.0477955285745858,96,69,96.96122228836332
17489,944.6443629666712,160983.4789428733,75434.14287253472,76712.59450414669,192.6952741801506,53.853936099039856,40.40528413670836,87.18046120324288,3.62141631428436e-05,-0.0588214844681801,96,69,96.9609227701374
17490,944.661425899411,161019.30932525048,75458.70139732012,76764.27935674538,117.96376382827293,22.884113483145484,18.29115260357503,49.349915332888486,-5.225404747072676e-05,-0.0616845753355343,96,69,96.96062575524762
17491,944.6647903909732,161107.72054225314,75448.07587521938,76751.11241442672,46.30177821230609,2.0548897650878644,2.8925289320468437,21.956192284473218,4.8107678671299794e-05,-0.0456771794915977,96,69,96.96033128852388
17492,944.6812308146492,161086.16935482214,75449.227759842,76728.58545378952,0.9852125861798413,-0.0,-0.0,1.5058413287624717,-2.537968781764077e-05,-0.0579353667540959,96,69,96.96003941442304
17493,944.6840893507087,161114.2808181293,75432.91232089471,76764.68111999828,-0.0,25.950178585233516,15.30643620347837,-0.0,-7.148130803540553e-06,-0.0525704353785189,96,69,96.9597501770274
17494,944.7015041661236,161038.51043941145,75445.88799310227,76761.5923586377,70.7535985847353,84.9781050489255,52.20961781681399,10.424013349227607,3.690998795555376e-05,-0.0376853805457291,96,69,96.95946362004288
17495,944.7046478096836,161033.81026297287,75392.29144824465,76729.39868832217,224.3349238804076,178.6485425758292,111.75459491315996,42.87021680705948,-5.241037697889246e-05,-0.0316514023414772,96,69,96.95917978679752
17496,944.7211606678278,160975.91475995575,75431.95479132626,76754.00864032398,469.1503059027018,300.8726241129043,190.54903773864498,85.96152212162269,4.76642097463189e-05,-0.0478647675347543,96,69,96.9588987202396
17497,944.7240207499464,160950.26913600156,75417.49362224099,76715.1081803145,790.1734915217385,441.90107409156917,282.72817095316714,146.85717347444734,-2.4507807216542267e-05,0.0116329102858225,96,69,96.95862046293652
17498,944.7415063361068,160834.59837769068,75419.23495057398,76741.31056321351,1166.842908059829,586.6898763384088,378.93209552939516,210.9068639431207,-8.111581289066614e-06,0.2563164868555669,96,69,96.95834505707288
17499,944.7445390363116,160782.6686231435,75416.49779421113,76741.32120768329,1560.8989741010591,722.0595544410317,470.3459519285534,285.79858478473034,3.759284710830327e-05,0.3860692392461073,96,69,96.95807254444932
17500,944.7610677479042,160683.11096912148,75423.31891940895,76720.78052172506,1939.220818314061,835.1268951706588,547.757016196003,356.3003292178619,-5.254892237114992e-05,-0.0581762269188424,96,69,96.9578029664806
17501,944.7639779670608,160641.1571943708,75416.80030484467,76743.17976890143,2265.607133365236,920.0897618724412,606.0311463315447,430.97379053771147,4.720500777081195e-05,-0.3710640567382998,96,69,96.95753636419468
17502,944.7814891310836,160563.95029423403,75441.9492961869,76773.70455376527,2520.442760345526,973.8599695686135,641.7508149054775,495.0264251093031,-2.3628321774176306e-05,-0.0771428600303854,96,69,96.95727277823052
17503,944.7844362676424,160482.85478962836,75421.30155307488,76747.45545164574,2689.5651900211233,1000.6407258389372,656.7550574248598,560.1312041229394,-9.071572070311688e-06,-0.0492638179643725,96,69,96.9570122488375
17504,944.8009693874848,160422.1737234358,75416.96258422096,76738.74694119865,2777.578717386117,1004.4579941146512,653.5108593301266,612.3631293782964,3.826251994193863e-05,-0.0759725990450584,96,69,96.95675481587348
17505,944.803950132879,160363.41061515448,75413.25483688748,76757.70506347956,2792.7780744849006,993.1409066377528,637.9462367083179,664.6310452973703,-5.266964967664487e-05,-0.036423867913907,96,69,96.95650051880358
17506,944.8214581319652,160327.9567714593,75389.44520056482,76758.46210392161,2755.2244698979193,970.8118156511046,614.0279160244099,703.6021603484696,4.6730239550839554e-05,-0.0705643590254714,96,69,96.95624939669864
17507,944.8243362344951,160303.41541632294,75390.98203332615,76736.35745263347,2681.399657030881,943.6350293064752,587.4003508288297,744.763650529203,-2.274153420487988e-05,-0.047953421649885,96,69,96.95600148823443
17508,944.8408686753232,160212.83947609275,75440.31783243331,76734.30871408699,2591.968919022649,913.1115870340582,560.1736434449558,774.6049125254212,-1.0027781812315115e-05,-0.0437935907100029,96,69,96.95575683168984
17509,944.8439356400507,160223.96655302812,75410.14967065712,76709.18387145018,2499.239934093086,883.4054394093982,535.9186301397567,808.2268606059661,3.8918790677833125e-05,-0.0371510224549884,96,69,96.95551546494568
17510,944.8614119590928,160187.42264364517,75419.14256461452,76718.24664393382,2415.8399598941323,854.799521398716,514.8306155382306,831.1792257228517,-5.277253199264887e-05,-0.0338295566733266,96,69,96.95527742548352
17511,944.864241886202,160146.59950218422,75402.9112260216,76710.79978291967,2345.406807017338,831.0419803619588,499.22545900547993,859.2615570530179,4.6240076990022936e-05,-0.0417562134905388,96,69,96.95504275038456
17512,944.8807625287504,160120.92797397304,75421.72553170144,76723.33871141654,2292.0640701831435,811.4932422552956,487.92467827774817,876.3048344036215,-2.1847748910385207e-05,-0.0253133729559631,96,69,96.9548114763281
17513,944.8839396479328,160103.11764623632,75401.49456263533,76732.10133198134,2252.742858425365,798.4082199140248,481.905167616962,896.9373018095212,-1.097989072006238e-05,-0.0234736656076395,96,69,96.95458363959082
17514,944.9013404779214,160093.46964607463,75380.36262869429,76718.89901690034,2225.813028454373,789.0139547698345,478.522874040209,904.86986068447,3.9561447874196046e-05,-0.0172974725400156,96,69,96.95435927604514
17515,944.904169164213,160052.29006937955,75377.35647547682,76716.50083633696,2204.544433273608,783.4782432061911,477.6099533570523,916.9649998201639,-5.285754789156017e-05,-0.0069779076712643,96,69,96.95413842115858
17516,944.9206268013176,160026.30891747706,75404.86841501149,76729.78175057414,2185.341723104997,777.160289807478,475.5527620562061,917.4613684184442,4.5734696912455024e-05,-0.0033004356775836,96,69,96.95392110999198
17517,944.9240061553268,160066.43462733726,75407.4065047754,76729.69992901025,2162.09595311305,769.6025187466148,472.05149865115527,923.9730620331829,-2.094727268020593e-05,0.00518069259728,96,69,96.9537073771993
17518,944.941143004777,160059.2511521351,75369.65472003182,76713.55102913399,2133.3947243932053,757.2028319587116,464.35887305802316,922.1345256057684,-1.1927580885355351e-05,0.0170250045687307,96,69,96.95349725702556
17519,944.9445386048932,160042.0666817414,75393.03124251602,76736.06251517498,2097.1825235016877,741.9596809436625,453.93212865886744,930.5901536710153,4.019028498923794e-05,0.0347273751854953,96,69,96.95329078330673
17520,944.9610649877797,160005.7131445726,75417.76000124543,76691.30328532108,2056.404022947012,723.2137641077279,440.0388704997313,933.6791817152989,-5.292468209142263e-05,0.0259499024072782,96,69,96.95308798946807
17521,944.9638060186855,160006.7578949181,75387.32940221857,76695.56855127877,2013.2188052724232,705.6860285198927,426.11861395370215,948.442872162821,4.521428144530215e-05,0.0408845364428881,96,69,96.95288890852343
17522,944.9812044193164,159994.24022824486,75361.16516266188,76685.29166834721,1973.3547115378897,690.1587741278927,412.6535717495426,956.1119626668224,-2.0040414396843783e-05,0.0648345790052039,96,69,96.95269357307436
17523,944.9844161749072,159947.93719451406,75387.79618812996,76678.90170374428,1940.3054289185093,681.551841751585,403.6302263032121,973.9307901264692,-1.287053569522296e-05,0.0658168260646106,96,69,96.95250201530874
17524,945.0009836947672,159936.1459497325,75402.98352527658,76688.55155873633,1919.3040891063283,679.114147034008,398.8256490274216,982.9521630959352,4.080510042703548e-05,0.0718372983622287,96,69,96.9523142670003
17525,945.0037341526738,159920.4444934705,75364.21910943632,76685.76908227535,1912.0287093475927,684.951876209976,400.4624538785429,1000.1989632096083,-5.29739256009926e-05,0.0597328656379102,96,69,96.95213035950768
17526,945.0212054664436,159918.84926688057,75363.80598026958,76676.70330381111,1920.1803148572217,695.1193103966943,406.004420327401,1006.8887641362962,4.467901727723652e-05,0.0413558522101286,96,69,96.9519503237732
17527,945.024321520147,159878.82959248396,75351.14429904573,76686.91847369238,1940.7814279577578,709.221837115474,415.675647281023,1022.6273183385201,-1.9127484870317628e-05,0.0259193293278529,96,69,96.95177419032248
17528,945.0408811489834,159871.90343812408,75364.8719598253,76671.17693707733,1970.2431768416427,721.7726645653311,425.46033399994485,1029.4615928841813,-1.3808440724577876e-05,-0.0063381770688555,96,69,96.95160198926328
17529,945.0436868922568,159870.9808367353,75355.93377186851,76668.33312716128,2001.0600631059497,732.0403555649827,434.9233968775661,1045.8049578357022,4.14056970958746e-05,-0.0513774403055722,96,69,96.95143375028488
17530,945.0611898968202,159854.52552074048,75353.45383137079,76683.52290325516,2026.7965735836187,735.6084235955786,440.40418540491373,1052.0801941396494,-5.300527532413539e-05,-0.0755367792986971,96,69,96.9512695026572
17531,945.0642309665824,159802.37302077035,75377.22692080254,76664.52080875223,2039.8645985373878,733.8761998776463,442.7087295605452,1066.8242087757972,4.4129096458493154e-05,-0.0884693064362846,96,69,96.95110927523012
17532,945.080772750585,159791.0339014016,75370.95101966098,76675.1087699073,2036.6485625593923,724.6590263784747,439.6227745547949,1069.5043820356077,-1.8208796585761423e-05,-0.0940382013990235,96,69,96.9509530964327
17533,945.0836547710052,159796.18186421582,75335.92213995788,76653.5438034567,2014.723490310018,710.9639451904368,433.1675728688424,1077.1409868107003,-1.4740983539396986e-05,-0.0888367810409875,96,69,96.95080099427253
17534,945.101162342442,159809.30532833413,75353.51266015197,76640.65678434519,1976.4478109100019,691.6441351877147,422.13130627857754,1069.4573906571313,4.199188330963483e-05,-0.0947630194558599,96,69,96.95065299633498
17535,945.104141667567,159786.0882414238,75329.48629651798,76670.10441675142,1924.5282936698059,670.1192233858455,409.21378216682933,1066.3262134853867,-5.301873394309685e-05,-0.0923674647777644,96,69,96.9505091297826
17536,945.1206612513378,159790.3691939811,75344.82692580749,76643.33381386678,1864.3211404625908,645.0473097900103,393.3764770620328,1049.3118528016203,4.356471532857343e-05,-0.0937093939767739,96,69,96.9503694213545
17537,945.12363674328,159794.45959758648,75349.14127525942,76632.21444417915,1798.7468688436784,619.2168605689367,377.05080549925333,1038.5598066145321,-1.7284663749347757e-05,-0.0937106718679731,96,69,96.95023389736556
17538,945.1411209696744,159829.6496917813,75324.09781713046,76651.32309194673,1731.0638878833852,590.996111029046,359.0423830783984,1016.4039433488215,-1.5667853250844953e-05,-0.0954575712323626,96,69,96.95010258370635
17539,945.144056610588,159849.68373064735,75368.5222002934,76664.9444840352,1660.9514274176327,563.1821088042343,341.72829581215046,1004.0871365721978,4.256347218015478e-05,-0.0945582542821183,96,69,96.94997550584176
17540,945.1605436509348,159835.3571178498,75340.04728089026,76667.30035424065,1589.0575325167738,534.3057832000195,323.8269748388557,982.6219216034515,-5.30143105023728e-05,-0.0822940352418775,96,69,96.94985268881123
17541,945.1636380345402,159862.07223564162,75338.69242400187,76649.5964257226,1513.8659996248898,507.1097903878108,307.40775878945715,969.9971883726248,4.2986075330836456e-05,-0.086529754954105,96,69,96.94973415722762
17542,945.181055845082,159878.20069410294,75333.28323744993,76665.70502456446,1436.6113413798157,480.2282254705642,291.054454655241,945.8134442300361,-1.635540228508117e-05,-0.0830711600102421,96,69,96.9496199352776
17543,945.183990662328,159825.60354970294,75360.26262572547,76631.98667382698,1357.4434185114806,456.21466265678464,276.60398404623265,928.4286130517721,-1.6588741855255843e-05,-0.0794336184817843,96,69,96.94951004672008
17544,945.2003980986632,159903.15399037267,75305.09449048774,76653.10162695631,1280.0468425641302,433.28318908701476,262.29419773537666,897.746984004887,4.3120281788309775e-05,-0.0873962371183909,96,69,96.94940451488618
17545,945.2036977097756,159919.57231366725,75357.75060312719,76668.81798227083,1206.5871954006725,413.25402633307385,249.3833308548492,872.0605175001256,-5.299202009397223e-05,-0.0820773500460761,96,69,96.94930336267944
17546,945.2208815686002,159954.48792627375,75334.66562462455,76659.05244503662,1141.8102819769992,394.1915010353114,235.96287178550847,833.9641206239758,4.239338227855432e-05,-0.0825855078891206,96,69,96.94920661257464
17547,945.2242456926788,160001.81175915705,75364.04318568174,76644.55449999514,1087.093545888958,377.9132489628828,223.28207898687106,803.9964746347105,-1.542132945844149e-05,-0.107398469317977,96,69,96.94911428661766
17548,945.2409288215767,160003.02440697775,75357.65725478278,76630.29901570224,1045.0088734530145,362.78695290879114,209.7896279359411,765.4702190952667,-1.7503343009377417e-05,-0.113071532932803,96,69,96.9490264064251
17549,945.2435100074518,159994.2676428171,75315.37986630165,76639.84872997631,1013.2142203731928,350.6726360696048,197.177479831269,738.1336209558649,4.366213561693765e-05,-0.098351807905726,96,69,96.94894299318425
17550,945.260926149164,160083.22035614753,75329.89894718256,76632.04764391345,990.5424353655544,339.75520634962595,184.487117329787,702.9802814548311,-5.295188356712568e-05,-0.1056702714002644,96,69,96.94886406765248
17551,945.2641473025222,160079.22084698585,75353.45182030476,76645.63466813427,971.1196967003052,331.276969784245,173.90611072801403,678.9131272787054,4.1786846799241936e-05,-0.1000859950589494,96,69,96.94878965015673
17552,945.2808346848497,160083.9703943524,75354.93739737586,76675.4873446111,952.2507467783871,322.77294043031,164.81439227357623,646.4675445572357,-1.4482764088428792e-05,-0.1128874566556717,96,69,96.94871976059396
17553,945.2834373977066,160135.55021906094,75326.4410630675,76658.77357182077,928.4214363328065,314.6195857539569,158.9545342681813,622.5417983662919,-1.8411352923001614e-05,-0.1268544330196215,96,69,96.94865441843054
17554,945.3009216394918,160122.2185126722,75372.5959415155,76667.01502366205,899.5588195054443,304.3405229096388,154.9565374108497,587.2220660237654,4.4188861899964896e-05,-0.1283961853525635,96,69,96.94859364270164
17555,945.304069427616,160166.43628435023,75311.90291341927,76645.1315257391,863.1480422867462,292.93161785646225,153.37362574529834,559.165332804987,-5.289392803889469e-05,-0.1552624786390065,96,69,96.9485374520118
17556,945.3207229906606,160207.85105744094,75327.58106982475,76628.75469934574,822.4309323868947,279.2956764838891,151.80004175045178,520.897907161183,4.116668394754487e-05,-0.1666081407659155,96,69,96.94848586453394
17557,945.323385757148,160198.40779856322,75343.54713222508,76644.34950796251,777.009077332681,265.45736291141657,149.86330881391768,491.0315612711711,-1.3540026252395962e-05,-0.1627218063307032,96,69,96.94843889801042
17558,945.3409052554476,160283.1930221798,75354.67320221593,76673.30482750943,731.5272994729457,251.2750023959088,145.35105268389452,452.523225810437,-1.931247024280776e-05,-0.1616013168763703,96,69,96.9483965697514
17559,945.3439924167716,160291.12384421183,75343.55686131929,76648.47852272943,685.3286020196392,238.844285404557,138.91418201918714,424.4854593423661,4.470029469394431e-05,-0.158590200673499,96,69,96.94835889663594
17560,945.360606312511,160328.10761072283,75314.97182214221,76671.44237591857,642.7343103949097,227.63844779209467,130.22740747549688,389.67647380859125,-5.28181864918448e-05,-0.1634775319678551,96,69,96.94832589511144
17561,945.3633478812231,160297.1038689564,75345.77319683171,76638.04937857982,601.9859265026753,218.41342516700388,121.4745703075896,364.1983106591797,4.053311323372698e-05,-0.1581121331174121,96,69,96.94829758119386
17562,945.3808800776158,160343.3395143711,75363.29285642096,76646.52412926371,566.2722777680028,209.45577291722293,113.37440787869855,329.58691237011226,-1.2593437071993869e-05,-0.1699782679649745,96,69,96.948273970467
17563,945.3839142549048,160371.46342849862,75372.32472435303,76656.73251795387,531.294639104919,200.13122258002113,107.57618710381212,302.1076638169761,-2.0206396121165477e-05,-0.16236391107907,96,69,96.94825507808352
17564,945.4004867888722,160416.16960554154,75354.76134658654,76656.7540685987,497.93338410533033,187.96593492715328,103.10595187553554,264.4341133625421,4.519627281877464e-05,-0.1536067814018758,96,69,96.94824091876409
17565,945.403323367026,160457.6773627871,75358.13784695204,76660.5986449004,459.1880206656642,171.67900868364086,98.8339380651887,232.185707616969,-5.272469782408959e-05,-0.1559687446183366,96,69,96.94823150679804
17566,945.4208439812734,160457.54509113648,75359.74976255102,76650.40556877697,414.42074588045944,149.32818360340025,91.75946596814902,189.55706763765193,3.9886358349675655e-05,-0.1422965789713544,96,69,96.94822685604308
17567,945.423837619465,160500.53919597223,75368.20820273961,76629.99854782544,355.87765420856886,120.81126320335898,80.02243744427687,153.897748781892,-1.1643318701747522e-05,-0.1332238965369536,96,69,96.94822697992558
17568,945.4403620145392,160575.30912007234,75369.08515470345,76657.7912855814,285.78906636236934,86.96007217396982,62.42909093530034,111.10956428418285,-2.109283451326231e-05,-0.1574743156477621,96,69,96.94823189144024
17569,945.4433166926914,160559.2519486458,75365.21463288987,76639.70698417882,202.44422702043084,51.30857197358273,40.715306838887045,77.75272994756233,4.567664076270952e-05,-0.1554083796021168,96,69,96.94824160315106
17570,945.4607885312072,160582.56071236075,75324.51362849312,76668.62387642937,118.13931782892905,19.66462202211551,18.835331508220406,41.14569378554006,-5.261350719964132e-05,-0.1615226094399566,96,69,96.94825612719076
17571,945.4637743651316,160603.479725146,75364.10742793402,76641.7121991078,42.537797870347276,-0.0,2.9914713992911857,19.041721958725248,3.922664780621277e-05,-0.1832024034593636,96,69,96.94827547526113
17572,945.4802153666536,160641.84331297502,75369.44463298772,76679.94672689884,-0.0,1.364834422027343,-0.0,-0.0,-1.0689994381879584e-05,-0.1724290658020873,96,69,96.94829965863352
17573,945.4833571313732,160651.5294246366,75383.84585385208,76670.04220849094,7.873719051713124,31.358857723418623,15.527307777636452,0.11052753220428713,-2.1971492126776423e-05,-0.1721065299078552,96,69,96.94832868814872
17574,945.500652271982,160601.280602353,75355.18748488692,76648.78903743204,90.89627014356665,94.89405953703681,52.94188694781042,8.028650934575126,4.614124794559092e-05,-0.1823342192948167,96,69,96.94836257421744
17575,945.5039137814622,160602.50006923446,75369.78052840017,76651.66755882111,255.91657908417983,190.96153734545805,111.52982616506051,38.15416291044676,-5.248466535309065e-05,-0.1757608074860641,96,69,96.94840132682036
17576,945.5208148830152,160519.6734180408,75356.15486018102,76663.8238021424,508.8064689449966,313.87711902329465,187.58251679877867,77.25935840976308,3.85542137502475e-05,-0.1851604520070301,96,69,96.94844495550876
17577,945.5232069486268,160475.29866206838,75366.04795583877,76653.44771048173,830.7508451354224,451.8350696823327,273.63658596624737,136.37247739057057,-9.733788145192678e-06,-0.1952476859727286,96,69,96.9484934694044
17578,945.5406667310632,160408.5993998422,75400.12813756528,76657.31191966483,1202.826925903908,591.9068956653355,361.8471155271691,199.71519694069866,-2.2842078227131447e-05,-0.1806017253428064,96,69,96.94854687720006
17579,945.5438458439208,160324.9353040527,75357.99572005346,76680.04625546545,1585.8797065641265,719.6752365090797,443.2603355573956,276.431926338817,4.65899499772459e-05,-0.0417158766064962,96,69,96.9486051871602
17580,945.5607059873804,160264.1068245336,75351.96118913492,76649.36755476173,1951.7703995400225,825.5415542290866,511.8921100590669,351.19596720213303,-5.233822909828112e-05,0.1894529097255855,96,69,96.9486684071209
17581,945.5631359694156,160153.49078850832,75350.183923551,76685.35465670197,2264.2672311203205,902.4865801654378,562.6525301878864,432.02117581744096,3.786929257116431e-05,0.1363848273863185,96,69,96.94873654449016
17582,945.580652962466,160050.38746636032,75325.77070085828,76635.26428329662,2509.8632510543102,950.7374365508585,594.9028118488495,504.50744371357723,-8.77502499654502e-06,-0.4036599135209822,96,69,96.94880960624891
17583,945.5837861081196,160050.22532960295,75355.96253141524,76663.28319128291,2672.5566951339715,972.1015202953859,608.4763184549229,577.8811911164375,-2.3704305353659755e-05,-0.4419240003148844,96,69,96.9488875989513
17584,945.6005866506384,159949.966458112,75383.70248033207,76652.80621504615,2761.5488594219787,973.5431325660611,607.074225698685,640.4467582592624,4.702260738117676e-05,-0.1675335727359762,96,69,96.94897052872427
17585,945.6030795633712,159879.91690634625,75333.35500936737,76640.67000216513,2780.7079526658636,960.1627938438469,593.3707426894689,701.6460567829781,-5.217426129807504e-05,-0.232831793187308,96,69,96.94905840126954
17586,945.6206339914638,159819.04818186822,75333.53466183599,76617.58083397704,2753.7085098726675,939.5395044717734,572.8567585652927,751.2044004332856,3.717212486955245e-05,-0.2029346235156031,96,69,96.94915122186268
17587,945.6237227974405,159756.3297327532,75324.34438357974,76638.15548568514,2690.386296736775,914.7879992019443,548.4240633517038,799.3289888247091,-7.814029650824578e-06,-0.1866047956515351,96,69,96.94924899535494
17588,945.640464387898,159744.81964464785,75301.11601590188,76634.66580327862,2614.515980758879,890.780959633179,525.0919025701296,837.4069746646273,-2.4557889047149432e-05,-0.1875966932671647,96,69,96.9493517261724
17589,945.6430341150592,159713.37642586895,75339.61846475427,76631.75703393294,2531.461615705688,867.7161078133504,504.3775488474348,874.7952184232126,4.743908613887053e-05,-0.1792863792789345,96,69,96.94945941831816
17590,945.6606105862262,159663.9348574727,75312.84373464808,76608.33978672381,2458.3710614877637,848.3187778136344,489.5619843947352,903.3241604669311,-5.199283021983605e-05,-0.182764306458966,96,69,96.9495720753714
17591,945.6636551902988,159624.1066514233,75349.1681957529,76610.21284096298,2392.040167171741,830.8813478341908,479.67086254345486,932.0489138302801,3.646295516597728e-05,-0.1715686858970524,96,69,96.94968970048888
17592,945.6803404369622,159620.83748707327,75283.89990509998,76625.08834254656,2342.4436058113934,817.1039976525062,475.66571736577316,953.495640094101,-6.851128845912753e-06,-0.1717947758224615,96,69,96.94981229640554
17593,945.682999943252,159564.82163968528,75322.30749199238,76604.11997465987,2300.8492002364947,804.5576553314022,474.4278296403645,975.4310006378219,-2.540254780649929e-05,-0.1586182762649918,96,69,96.94993986543469
17594,945.7005804726336,159566.68616366235,75284.72318661625,76635.005325351,2273.4095695351134,794.6167400585837,475.50218945372035,990.8498690543638,4.783925828759861e-05,-0.1561331971901364,96,69,96.95007240946914
17595,945.703585376039,159540.55905537345,75308.12188832284,76624.05337384883,2247.7732514365343,784.3204577417055,474.82978484933847,1007.3083209887263,-5.179401053520022e-05,-0.1524628919769109,96,69,96.9502099299819
17596,945.7202133771606,159544.40418518774,75303.57347314167,76637.28287661696,2228.6087770080776,775.1092251829104,472.24838810626534,1018.4583945199847,3.5742031680530186e-05,-0.141489906815863,96,69,96.95035242802636
17597,945.722980161392,159544.33610583472,75318.79568420193,76613.34554719608,2203.9247895019944,764.4648814436805,464.9442140722531,1030.406777196331,-5.886648267893828e-06,-0.157181880921572,96,69,96.95049990423766
17598,945.7405376748812,159511.1671242294,75329.4138752106,76620.32713534763,2180.2197435048292,754.6871401582466,454.8117369383399,1036.9014553330198,-2.6238003316390103e-05,-0.1730624642947812,96,69,96.95065235883304
17599,945.7435208492484,159516.65895884734,75320.89814088603,76593.54311373035,2147.4820375493146,743.8752703963837,441.03362714193645,1043.456971616979,4.822300092457045e-05,-0.1564754597974268,96,69,96.95080979161308
17600,945.7600736967596,159473.19673940216,75289.69848958374,76572.83011753896,2115.5949829341844,735.0701514191314,427.4045543356915,1044.754037345876,-5.157788249087675e-05,-0.1306099757767577,96,69,96.95097220196202
17601,945.762991442767,159496.91654825615,75304.59368866267,76618.5896045711,2078.191844393674,726.7401160396403,414.2073506246088,1046.2120040719165,3.500960655674922e-05,-0.1298246360823265,96,69,96.95113958884852
17602,945.7804485228706,159473.88924446586,75334.96932242074,76600.74044294792,2047.5519867305993,721.7433010435489,405.2913590107055,1044.5398749230953,-4.9209145536665695e-06,-0.1126999485261395,96,69,96.95131195082725
17603,945.7835516105796,159516.24920584043,75305.92873277229,76624.375434245,2017.5040523601929,717.6776598146971,399.8394300448126,1046.0086967701209,-2.7063980749233936e-05,-0.0980084641492705,96,69,96.95148928603878
17604,945.8007131211742,159501.23846348398,75296.12817201353,76653.60354617747,2000.0425400715321,716.7712883543863,400.3132112608,1048.3458899946127,4.859019731275135e-05,-0.099087896837917,96,69,96.95167159221118
17605,945.8029030731852,159520.6612103233,75322.30838559472,76620.87836493598,1987.133711974835,716.1191852817137,404.2638793066435,1056.3125932430266,-5.134453211280609e-05,-0.1036369506413908,96,69,96.9518588666604
17606,945.8204232301044,159439.957057113,75311.89856175643,76598.24442554277,1988.999541463214,718.1515061846003,413.00063407359994,1066.0916274040937,3.4265935715962475e-05,-0.0956559311091162,96,69,96.95205110629207
17607,945.8235168030184,159482.67008560957,75283.72680277837,76594.34107534032,1994.2940127294278,720.0456855336088,423.0472878898436,1079.3516672648839,-3.954254730592716e-06,-0.1112343377335947,96,69,96.95224830760095
17608,945.8405904963536,159451.8224750474,75298.28616567291,76583.51761471156,2009.7595384758897,724.1474382498418,435.09382769151125,1090.9460926710453,-2.7880208802071567e-05,-0.1340667197708833,96,69,96.95245046667372
17609,945.8428338198754,159411.9726109585,75307.49912221034,76618.70756893817,2021.7554594869725,727.2871375701507,445.49581547800335,1100.838541550591,4.8940735811171645e-05,-0.1554807178004499,96,69,96.95265757918813
17610,945.8603989965048,159410.63648744352,75310.18894568595,76668.23842962165,2036.1547534037963,731.1955236584472,455.10782988279243,1105.043512523087,-5.109405106970689e-05,-0.2000006272406512,96,69,96.95286964041546
17611,945.8634737576896,159446.8255260034,75286.20164493521,76613.57599003517,2038.6756435637362,731.6835441452859,460.3529670542339,1104.8355613433523,3.351127835128986e-05,-0.216418576183656,96,69,96.9530866452206
17612,945.8804674009104,159436.38540084788,75271.0659180873,76608.70410834938,2035.8339484723983,729.79734785459,462.33639527793275,1099.3510276736633,-2.986995303321607e-06,-0.2339809882862348,96,69,96.95330858806396
17613,945.8827703572994,159445.73576547464,75281.04725624243,76597.35322327721,2015.9408961283043,721.5756880929112,458.18915039495914,1091.1686247658217,-2.8686419407251773e-05,-0.2533655413981595,96,69,96.95353546300126
17614,945.9003779276818,159504.01188806116,75272.37332313509,76619.2376956675,1988.9075543432264,709.0967388533318,450.09020464122295,1081.0274720550515,4.927451116698496e-05,-0.2413246498877356,96,69,96.95376726368607
17615,945.9034215036309,159444.32086736566,75317.25979114535,76589.55468620345,1945.2764899040922,689.6871507713659,436.260709013266,1070.6221787295362,-5.082653695537859e-05,-0.234595931831419,96,69,96.9540039833698
17616,945.9203448475138,159473.44784431878,75286.11318752178,76591.12826781388,1896.5122897724505,666.8759562671621,419.99853820796125,1060.1508117886842,3.274589739051739e-05,-0.2414808267707738,96,69,96.95424561490326
17617,945.9227132899156,159468.2916339515,75282.04337168971,76601.8890962087,1834.7756020890083,639.5269408114837,400.6153428230318,1049.2124415871222,-2.019463256072237e-06,-0.2362555230794853,96,69,96.95449215073768
17618,945.9403583533186,159507.09285340432,75299.49759044738,76578.3715159267,1772.440567744954,612.1838457597041,381.934124155523,1037.5805962784507,-2.948234826031257e-05,-0.236133004864805,96,69,96.9547435829262
17619,945.94336046498,159523.6252741349,75284.15318294916,76613.86465313159,1701.2197694067727,583.8094990551908,362.9254686496861,1023.6774209387368,4.959142308623512e-05,-0.2474116652014271,96,69,96.95499990312445
17620,945.960223521838,159543.831746999,75297.82280478178,76629.17782628082,1633.0475906359497,558.3345541805029,346.4966949548689,1007.9667046518589,-5.054209292947946e-05,-0.2303184484535741,96,69,96.95526110259222
17621,945.9626630386886,159536.05102443916,75284.83178650006,76609.16156771735,1560.2410837706411,533.8859930837207,330.7093848572986,988.8631603351387,3.1970059348768454e-05,-0.2249999582653768,96,69,96.95552717219454
17622,945.9803387682608,159563.50169287834,75296.42577824656,76607.2695826216,1494.9951011970406,513.2011619154073,317.5481050707458,968.3214622128289,-1.0519849329256705e-06,-0.2361871368419864,96,69,96.95579810240258
17623,945.9832909782718,159619.81580830945,75323.40755837114,76587.94769211995,1428.5861576275784,493.1476014253567,304.32865552726435,944.6953180454148,-3.0267734569483e-05,-0.2184240472721949,96,69,96.95607388329542
17624,946.0001044366866,159612.3856848914,75290.11914196676,76613.77361461386,1371.7381182424142,475.6324907149683,292.70343988458626,920.929615245841,4.989137777549901e-05,-0.2165424065960745,96,69,96.95635450456096
17625,946.0026194367732,159661.4791598513,75289.44222590927,76596.06513007039,1314.8297687152517,457.6491186905041,280.3508459846198,895.0512910557736,-5.024082740356434e-05,-0.2164608556536092,96,69,96.95663995549724
17626,946.0203182140506,159667.08112576557,75287.12420041229,76606.99548184125,1267.1276051916648,441.56382533152646,269.37141764280386,870.5923047027318,3.118403372192715e-05,-0.2201670747717346,96,69,96.95693022501408
17627,946.0232128456717,159696.53074109767,75291.80624278006,76609.98461636818,1217.1487804775825,424.9473322830745,257.80409261237946,844.3173273531138,-8.488693230147656e-08,-0.2169386486898001,96,69,96.95722530163378
17628,946.039989575762,159725.56617811462,75294.78541575265,76587.43180534187,1173.309938921302,410.60506354975223,247.859694351675,819.7476979973726,-3.1042321274741056e-05,-0.2139640337454807,96,69,96.95752517349288
17629,946.0425806419636,159780.00156827708,75285.53688404392,76613.55182969221,1125.2737313095713,396.517920608414,237.66838138486492,792.7919811753673,5.017428670687474e-05,-0.2328864237458306,96,69,96.95782982834343
17630,946.0602981720637,159798.23040434934,75252.49367166459,76588.1856075635,1082.6024432014092,385.1472220515425,229.06407860745094,767.3908756678575,-4.992285553191222e-05,-0.2372786916222178,96,69,96.95813925355438
17631,946.0631219523308,159792.17714256,75283.75157591123,76581.94013142891,1035.559538806032,373.73633101071755,219.75724679394625,738.4321879835916,3.0388093538227603e-05,-0.2537097713792081,96,69,96.95845343611288
17632,946.0798884967384,159828.19356941123,75281.50870902154,76605.83561225157,994.2405396596296,363.9624796984572,211.36505626508733,710.6573243382736,8.815049281558985e-07,-0.2593996105052301,96,69,96.95877236262558
17633,946.0825282092004,159906.7224767253,75307.85257182748,76598.5228841224,950.0543864521314,352.980322444404,202.04324560018722,679.2572317112936,-3.1805855485089775e-05,-0.2372298122846338,96,69,96.95909601932046
17634,946.1003276729282,159905.1088604483,75318.69562391374,76583.17858272081,913.2164459747146,342.534875331723,193.8129091875453,650.3848244167166,5.04400674725863e-05,-0.2397972152252088,96,69,96.95942439204772
17635,946.1022969297566,159921.82690729218,75318.96528887113,76611.84821885494,874.3171837973059,330.1790774744004,185.16586088083568,618.4299789442157,-4.958829670434573e-05,-0.2541848471517836,96,69,96.95975746628169
17636,946.1196407836584,160011.94629267196,75296.63398235475,76592.42101490736,843.6898856892367,318.3402669154748,178.27687751728809,590.6396792957385,2.958251477337745e-05,-0.2509741701403215,96,69,96.96009522712188
17637,946.122602260848,160004.06823241385,75302.35627757464,76630.43079268915,811.5990932201967,305.30002089012123,171.5774209871306,560.6040925837588,1.8468651541364137e-06,-0.2545772716039379,96,69,96.96043765929495
17638,946.1401813107784,160025.51800677078,75329.64282114382,76625.11859832786,785.9765949505963,293.45963674345694,166.52504499073257,534.8660749200208,-3.255808778411225e-05,-0.2531933128889237,96,69,96.96078474715588
17639,946.14223150049,160069.38811785955,75312.48658254764,76596.98982530281,755.3052077218308,281.1734392273647,161.1412546443462,505.34625093307113,5.0688643534507394e-05,-0.2422694332176607,96,69,96.9611364746894
17640,946.159569699004,160107.76980741147,75286.8926060054,76626.38570698198,726.4660804650048,270.5560925552418,156.55229239581968,479.091402759077,-4.923727659391436e-05,-0.252007784263782,96,69,96.96149282551174
17641,946.1626086328242,160128.98292850127,75308.3962376027,76625.07218540815,688.242604445084,259.7119329400739,150.92263008389273,447.4336728551425,2.876757647027542e-05,-0.2460339400726277,96,69,96.96185378287228
17642,946.1800641306876,160136.6276986034,75336.2503527234,76648.58657899473,648.3399886615807,250.04602542813518,145.40882132880506,417.82959290011786,2.810868794320955e-06,-0.2319057167123189,96,69,96.96221932965484
17643,946.1821470128904,160236.11397104812,75331.2137977565,76612.30468219574,598.6810054413509,239.4891685113398,138.64765625019209,381.58748737949645,-3.329877325695284e-05,-0.2361787826422876,96,69,96.9625894483792
17644,946.1995214367752,160216.76582488924,75314.5021049097,76640.37187783192,550.3641792337876,229.22552196937613,131.96207569228136,348.16838588472456,5.091994376415737e-05,-0.2394528966554779,96,69,96.96296412120316
17645,946.2025978563074,160316.7323512507,75324.22318556785,76632.81583366804,497.38110087189125,217.16992810626107,124.0818302759726,308.8792039434775,-4.8869926038993706e-05,-0.2425763490492828,96,69,96.96334332992376
17646,946.2199506854344,160300.4361075079,75341.50221356747,76615.26881774359,449.49938432424096,203.80949120286095,115.77012048495817,273.2703333260142,2.794356089567841e-05,-0.2429489810751213,96,69,96.96372705597896
17647,946.2220600094744,160367.8266957823,75330.39715206341,76629.64017941483,398.22962215333246,186.49837133732217,105.40299591288203,231.82148538922775,3.7731916529958663e-06,-0.2088205931802702,96,69,96.9641152804493
17648,946.239484993458,160427.20109105762,75311.44168093913,76654.76558394896,349.62195815413725,164.90607366799668,93.16695598841761,195.14921969224815,-3.40276706998789e-05,-0.2382267506411455,96,69,96.9645079840597
17649,946.2425762231844,160467.17498236007,75338.4459816361,76628.30827279108,292.2031240701326,136.60584807432315,77.45172316743992,153.07376784444205,5.113390359336416e-05,-0.269719753084868,96,69,96.96490514718091
17650,946.2598365765556,160461.2387982337,75343.94437935292,76670.49331895456,230.88143676519394,102.70314717016299,58.86764632878476,116.58452723300434,-4.848638133742092e-05,-0.2483579405459608,96,69,96.96530674983144
17651,946.2619752175398,160550.9530497462,75345.2490192147,76639.12466908943,158.709290673316,64.80361177523446,37.797294402931584,76.14450683337054,2.7110752439357325e-05,-0.2521780387822679,96,69,96.965712771679
17652,946.2794564561708,160560.78917199423,75329.34198791072,76658.44490200155,89.48023426887812,29.421741857688176,17.743502004101174,45.810607771534706,4.733510473473519e-06,-0.2482806537890328,96,69,96.96612319204236
17653,946.282545400266,160607.62934865226,75351.4418272391,76636.74350854935,28.265240670531057,4.287941060436424,2.965761670493521,16.987106850167038,-3.47445430330241e-05,-0.2377672468495225,96,69,96.96653798989324
17654,946.299720803702,160636.1488668723,75324.6486368545,76646.68071338451,-0.0,-0.0,-0.0,4.681846344436053,5.133046370200224e-05,-0.2573772509628756,96,69,96.96695714385766
17655,946.3018948767234,160632.3212624737,75345.00852636497,76659.242159651,18.512034019629937,25.227019737358205,14.62012439884711,-0.0,-4.808678432930017e-05,-0.2466932918313686,96,69,96.967380632218
17656,946.3194335410572,160620.45689958497,75349.30151184762,76631.05447124242,109.69324052939191,86.14585924980929,51.39634895656491,18.15749501832761,2.62694393813376e-05,-0.2240651758238307,96,69,96.96780843291494
17657,946.3225058884822,160594.93537003375,75345.54700537263,76651.26527039775,278.79260886181146,182.60917912727746,111.17280696693342,46.906324867683,5.691502766971686e-06,-0.2154142055012534,96,69,96.9682405235486
17658,946.3396034701856,160567.9546225863,75321.14221166553,76656.44184148511,532.7760947914794,308.56484200872364,190.8687275874545,98.03519107151078,-3.544915759246584e-05,-0.2104911354764156,96,69,96.9686768813809
17659,946.341820284771,160477.65470134164,75334.52085661805,76656.18457843072,852.9734978234046,452.16193986075814,283.61098903161474,155.90311393293086,5.1509571477741625e-05,-0.1348506924188127,96,69,96.9691174833376
17660,946.3594145098576,160423.7157815277,75312.19766702957,76661.996463741,1221.073173027602,598.5361784195848,379.88764123493456,231.0982429998112,-4.7671282061379554e-05,0.1129856044879605,96,69,96.96956230600922
17661,946.3624578400264,160347.0582893247,75324.1736204633,76633.65367731011,1598.6609371834202,733.1162720767752,470.0653539976338,305.38537426191033,2.541991158990776e-05,0.2558558890694744,96,69,96.97001132565369
17662,946.3794851624936,160287.02312818202,75338.53506224461,76623.78881022533,1957.4009983862052,844.2149767086812,545.4560103968251,388.60384815977886,6.646847049058628e-06,-0.1815525601534356,96,69,96.97046451819804
17663,946.3817522380676,160220.486768515,75307.4398700332,76670.480724062,2262.654113820521,925.7816621859238,600.9746166700497,463.19334652787074,-3.614128630131572e-05,-0.5018769069351912,96,69,96.97092185923992
17664,946.3993978460376,160114.9468567776,75313.57290034305,76611.43658604544,2500.4635847343015,976.5233170791034,634.1988432413782,541.581938497402,5.167117937727853e-05,-0.2162947807940112,96,69,96.97138332405
17665,946.4024013399514,160083.41973184922,75310.53755147762,76648.1835794759,2657.4469228733215,1000.4626629390696,647.0965663760144,606.6458969000669,-4.724002654071299e-05,-0.1734276977066474,96,69,96.97184888757334
17666,946.4193667103762,160027.9043176327,75314.97981660832,76638.43240136928,2741.4538844775525,1002.9919151291106,642.9481552398356,671.9507281680999,2.456246190118845e-05,-0.1922006108191362,96,69,96.97231852443174
17667,946.4216911958983,159959.5639217147,75317.34403684331,76654.51612234664,2758.193532536621,991.1237495278183,627.6420575161465,721.9997394104721,7.5992230634874195e-06,-0.1421681789095206,96,69,96.97279220892564
17668,946.4393821408496,159955.7667220987,75310.4859562095,76643.27346621794,2727.444975661463,969.384889763227,605.6822355624172,772.6064359196753,-3.682070481996802e-05,-0.1602742331768519,96,69,96.97326991503554
17669,946.4423365262184,159870.98922993173,75312.81427221799,76648.6385090119,2660.0316365630715,942.3651126075274,582.3604223009315,807.9591994888906,5.181524629223782e-05,-0.1344928642000965,96,69,96.97375161642468
17670,946.4592490667036,159866.43617261495,75301.52131225947,76643.73988205771,2575.003558119468,911.6499258904514,559.75888520843,844.2707404735265,-4.679317546631506e-05,-0.1243713152961527,96,69,96.97423728644029
17671,946.4616373550008,159829.77246442126,75330.01735205196,76636.94608852503,2480.2078214346548,880.139108219606,540.2440573310305,866.9421223220706,2.3697385851983272e-05,-0.1209217784576089,96,69,96.9747268981161
17672,946.4793660532982,159859.0174766372,75341.6393292155,76615.39185960442,2389.799951337336,848.7194000530872,522.9231362268329,893.6190606688615,8.548311853396276e-06,-0.116287797594795,96,69,96.97522042417408
17673,946.4822636482232,159806.47147923135,75336.7739615049,76660.79103542252,2306.496166043682,820.7189605184103,508.4044496254646,908.463260579505,-3.748719366294868e-05,-0.1200818765179247,96,69,96.97571783702666
17674,946.4991332324576,159810.85154537894,75278.60621992509,76651.1803635848,2238.917229203449,796.9347529913211,494.8854678859061,928.3401718436216,5.194173707134936e-05,-0.1038885835758688,96,69,96.97621910877824
17675,946.5015906918632,159820.08388023754,75323.84973332525,76665.00297995657,2184.8387316032313,779.7821581723547,483.08142863426474,937.3733206602919,-4.6330891393827856e-05,-0.0866697916458066,96,69,96.97672421122782
17676,946.519348299089,159778.06831585322,75323.29894905846,76650.45682552982,2147.038221621071,767.7297904345178,471.51974944368703,952.3619766254269,2.282498084974863e-05,-0.0862266398378469,96,69,96.97723311587056
17677,946.5221830985062,159806.89973261033,75315.04643914015,76629.77191467026,2117.532827799034,760.5655588641239,461.52588853397174,955.5724649996846,9.49379577222853e-06,-0.0889142259590636,96,69,96.97774579390028
17678,946.539020199773,159770.47798202164,75325.13469942211,76658.79424093716,2094.1087380254758,754.1137068666867,451.7041627036233,963.5971115456778,-3.814053797410836e-05,-0.079976843852543,96,69,96.97826221621092
17679,946.5415509952318,159811.48983489757,75325.97945792763,76634.7567857759,2066.8521976307384,746.8871892526804,443.2982518399949,960.352852340613,5.205062234286118e-05,-0.0821445793176164,96,69,96.97878235339915
17680,946.5593276492472,159799.10389838254,75318.24665355576,76646.60767947786,2034.5131798306247,735.1190627756732,434.7034390277404,964.0879807442834,-4.585334207832212e-05,-0.0624664811217919,96,69,96.97930617576608
17681,946.5620954336708,159819.94291023066,75333.80276815766,76670.25835137436,1991.7221851468203,719.8633989100781,427.45601119473577,958.4618959017389,2.194554698725176e-05,-0.0469012628071534,96,69,96.97983365331962
17682,946.5789108995416,159844.34989069207,75327.70080189392,76683.42661844264,1943.9646525332355,700.6419384990295,420.2190682582732,962.1713351024664,1.0435358355654298e-05,-0.0453058686354034,96,69,96.98036475577648
17683,946.5815179016356,159805.64920694582,75351.50584434536,76678.66688581709,1893.371038453537,681.7601897032291,414.8922402873286,959.8980332446517,-3.878052734410848e-05,-0.0188096115062622,96,69,96.98089945256412
17684,946.5993029255832,159839.17513630792,75306.92041371894,76677.92929736404,1850.2791495033307,664.7240473960701,410.31119676318485,969.8736553545168,5.2141878725166254e-05,-0.002488323257951,96,69,96.98143771282304
17685,946.602001396919,159825.6599747672,75313.87258832334,76671.37444010029,1817.977315207885,654.3379196912138,408.55585983680794,974.2769969738147,-4.536070036380182e-05,3.169113574580591e-05,96,69,96.981979505409
17686,946.6188061411972,159818.4224127128,75333.71889968717,76651.36401190095,1803.9224418482627,650.5083860860614,408.12649070326006,990.0194583381526,2.105938622007996e-05,0.0023266032771781,96,69,96.98252479889511
17687,946.621490948108,159808.53510064396,75333.24785037411,76647.47667089486,1806.1306208944297,655.2051724087069,410.5532350068679,999.5029960443208,1.1372685309327263e-05,0.0002875919091804,96,69,96.98307356157348
17688,946.6392729757296,159773.62601381174,75328.44149966021,76646.70675363467,1825.3491933595506,665.1205845546356,413.6976639633067,1019.1014873241365,-3.940695587745725e-05,-0.0199509221889218,96,69,96.98362576145814
17689,946.6419019624276,159798.31274190824,75307.06501755177,76656.06950751247,1853.755031632667,679.8277641599125,418.6941640578443,1029.7923928698874,5.221548912382344e-05,-0.0587308143178128,96,69,96.984181366287
17690,946.6587065204394,159834.62973337917,75341.64180901066,76631.74105888457,1888.3037299058633,694.4754579325527,422.89778130853665,1048.050506883068,-4.485314362320887e-05,-0.0831923410991324,96,69,96.9847403435235
17691,946.6614696733102,159756.97978341635,75310.50008924707,76648.69486422313,1920.1428162476514,708.337339655598,427.1116744547908,1056.2660459816689,2.016680252254888e-05,-0.1190922910281703,96,69,96.9853026603595
17692,946.6792365864194,159762.0233164085,75320.68362760429,76658.16702522474,1946.8584048817866,717.2925621772156,428.7079619317374,1070.827120775095,1.2305463381136616e-05,-0.1342440592533469,96,69,96.98586828371722
17693,946.6817984560232,159789.42470824605,75317.09848072809,76615.38078436034,1961.5406263082987,722.0883683448483,428.9659437947266,1073.2478990629606,-4.001962280629873e-05,-0.131358343771881,96,69,96.98643718025144
17694,946.6986122224132,159772.29071929504,75359.33740251265,76650.42219998434,1964.3018618033966,719.9022467716131,425.71175473494804,1080.5583301750594,5.2271441782094686e-05,-0.133596028299184,96,69,96.9870093163512
17695,946.701453867042,159764.00538147637,75302.89768250343,76644.5932421976,1950.9495530796703,712.5766307005251,420.66234112854,1076.2814960181713,-4.433085465111339e-05,-0.1341776390118216,96,69,96.98758465814316
17696,946.7191921942454,159801.4531250244,75293.60122969572,76630.68108926444,1923.668865921849,698.2510673877259,412.10593089516624,1077.6520159927604,1.926810209246445e-05,-0.1325872077912687,96,69,96.98816317149289
17697,946.721692952328,159802.60044572206,75319.03426449581,76653.69334640559,1880.067267218139,679.6826565242809,402.16792571064434,1067.6686752245296,1.323338137042302e-05,-0.1202401902941071,96,69,96.98874482200736
17698,946.7385224299856,159830.0321654975,75352.51755782461,76688.02397921693,1824.2075093070162,655.5258851326071,389.18408951960737,1063.8639230955741,-4.061833159042529e-05,-0.125539413362071,96,69,96.98932957503752
17699,946.7414444006328,159854.18627335705,75331.32635648201,76640.68443392165,1755.782363113074,628.8821467286762,375.157495047868,1050.1698352589447,5.230973173145213e-05,-0.1438388026088553,96,69,96.98991739567995
17700,946.7591367315084,159848.7868836658,75342.3771798235,76670.79199582919,1680.5735895727994,598.8033755099314,358.49940861953655,1042.740836550307,-4.3794020964578334e-05,-0.1375208798139496,96,69,96.99050824877982
17701,946.7615899927744,159834.6380785464,75358.38652324876,76678.46008692877,1599.496888645459,568.7564585182263,341.50292471726425,1024.1780485733761,1.836359268492356e-05,-0.1271714350604809,96,69,96.99110209893242
17702,946.7784326294314,159887.22297041747,75340.76368435833,76667.02840791283,1518.9094629364554,537.7905845205969,322.9306483445398,1010.8108372142597,1.4156129981760974e-05,-0.1067539353110779,96,69,96.99169891048628
17703,946.781447562994,159931.52438091722,75313.73275986806,76650.2325425348,1439.3376619085902,509.10279386959155,305.4578035133309,986.8268184027984,-4.120289145425509e-05,-0.1095231269801863,96,69,96.99229864754452
17704,946.7990582962638,159982.28039420157,75353.43799731218,76661.9351957724,1365.6645089237136,481.42289476869337,288.2767345814791,968.0538560504792,5.233035917863975e-05,-0.1104300779594332,96,69,96.99290127396822
17705,946.801510061918,159969.35346880023,75363.26916001724,76653.55283993519,1296.4749687261065,457.3534292857803,273.9913287749223,938.5503880510223,-4.324283470871804e-05,-0.0995508707492612,96,69,96.9935067533778
17706,946.8183067234032,159999.648038762,75334.31874534873,76677.15328658924,1235.0242376310052,434.6722223968245,261.03432655590586,914.6349845884542,1.745358379877867e-05,-0.0974460692011207,96,69,96.99411504915568
17707,946.8215459639492,160034.2815749617,75362.14097141611,76704.0141409605,1178.5570506709628,414.95509998894704,250.80892472920823,881.6749039095303,1.5073402118292692e-05,-0.0859975126039634,96,69,96.99472612444887
17708,946.838612112628,160092.52224628517,75353.57188308028,76686.04929344637,1128.9959604981705,395.53324386361055,240.9892155052803,854.19872101699,-4.177311549767354e-05,-0.0752528334339288,96,69,96.99533994217084
17709,946.8407715224756,160131.25761488508,75370.66466756687,76668.43816281317,1082.4459061032394,377.8201783314289,232.5978842593904,817.1770539525314,5.2333330813834776e-05,-0.079501706620406,96,69,96.99595646500428
17710,946.858512891973,160194.08514430997,75387.61564247409,76703.2559081549,1040.3758187221829,359.256968939575,223.41635789655265,786.0985294696584,-4.2677492612799386e-05,-0.0786009285887088,96,69,96.99657565540296
17711,946.8612730648967,160176.81251499144,75401.98591565048,76702.48549954871,998.3595483508543,342.05562634105445,215.16462391725508,745.196580420743,1.653838679342086e-05,-0.0695547874719101,96,69,96.99719747559466
17712,946.8790553103588,160236.88223138923,75375.02391990855,76709.5654593551,958.3032319811755,324.62471470067976,206.30424919340294,709.392961044301,1.5984892165418387e-05,-0.0818597088094462,96,69,96.99782188758287
17713,946.8811510107143,160305.6649362117,75393.71888887111,76751.78980768974,916.8297518553445,309.88635886466363,198.73397658008616,663.8925961733039,-4.232882234395463e-05,-0.0848667285627905,96,69,96.9984488531498
17714,946.8983377058069,160321.43856198332,75391.38849058749,76715.21468971032,877.6199537902721,296.5563356877683,190.7817381149507,624.3115674968576,5.231865884347095e-05,-0.0853169195011851,96,69,96.99907833385836
17715,946.9013175257612,160431.88497374125,75409.24531278429,76704.02266705484,838.8090301536722,287.08543481146626,183.8632201871369,577.8330700965598,-4.209819650911904e-05,-0.0972135556772664,96,69,96.9997102910548
17716,946.9189432183608,160443.97540313817,75401.7261552151,76754.91547765909,804.6847784171114,279.48061334541126,176.2248782927345,539.0232191726682,1.5618314206851217e-05,-0.0892312492982759,96,69,97.00034468587047
17717,946.921060111538,160465.25848094892,75418.91865241932,76739.59546943591,772.6683658231632,274.9587691503548,169.1750980456418,495.2073773779848,1.6890296965492225e-05,-0.0853973556397881,96,69,97.00098147922527
17718,946.938276754582,160543.13475954693,75444.9253127625,76770.31672550105,745.8258933934267,270.364505270627,161.0312062393059,460.78864936478203,-4.286983590604889e-05,-0.0913659351211911,96,69,97.00162063182908
17719,946.9413106448304,160542.4476265776,75414.29652652919,76758.3921684695,719.7353935548454,266.17045199013955,153.09559187103878,423.39473520376487,5.228636205011766e-05,-0.093357882781571,96,69,97.0022621041844
17720,946.9588520494236,160609.8188038428,75430.23211907868,76751.30484400308,696.1773401349201,259.56859146528586,143.9854132954497,395.220630174852,-4.1505152109337824e-05,-0.0785203924919113,96,69,97.0029058565892
17721,946.9609537087126,160633.70926087073,75416.25763503839,76780.60493646098,670.3595443700906,251.86022205807967,135.0802244632505,363.5894705829851,1.4693680472721165e-05,-0.070920856950307,96,69,97.00355184913892
17722,946.978235994746,160677.79210303567,75449.79806795793,76756.81934735633,645.2461870964617,241.51892484832206,125.29512672778219,340.27007136077737,1.778931621117044e-05,-0.0700699636930204,96,69,97.00420004172884
17723,946.9812902346172,160699.71556976138,75410.66077180668,76752.49620597035,617.1045213051257,230.9360647679132,116.3430081771221,312.86937044153456,-4.339598450137592e-05,-0.0595034737130653,96,69,97.00485039405665
17724,946.9987623385452,160705.0455821317,75431.91454302047,76775.68160856502,589.5870554979192,219.4053085767664,107.82274756638799,291.1722177085758,5.22364646317784e-05,-0.0651088723278512,96,69,97.00550286562516
17725,947.0008441363548,160734.6173746019,75431.60041706102,76764.795006893,558.58225753234,208.9049961791461,101.5281254001602,263.09954380927957,-4.089857033423778e-05,-0.0553641329959055,96,69,97.00615741574391
17726,947.0182082033742,160796.64704987977,75436.8941604614,76771.5817447093,527.1126813337905,197.504839998408,96.6231029779301,238.51393047481542,1.3764800762906374e-05,-0.0315071037979951,96,69,97.00681400353272
17727,947.0212591810032,160837.31024243642,75476.48995661804,76748.9877402759,489.2342826592503,185.30002667380904,93.49140649734181,206.47649883190752,1.8681650934637727e-05,-0.0342171980011942,96,69,97.00747258792292
17728,947.0386726897832,160837.97736147244,75453.85924167118,76807.00864904936,446.14912837417796,168.95109501756087,89.68077213517972,176.09527292454732,-4.390710243924038e-05,-0.0356715869163676,96,69,97.00813312766076
17729,947.0407329868614,160906.80217473465,75469.0617352932,76765.51703945818,390.5612588112126,147.71753364546748,83.79305188768194,138.406055557949,5.216899695910164e-05,-0.0364589854382555,96,69,97.00879558130968
17730,947.0581932123024,160904.65739197528,75474.34832705486,76769.69863294033,324.78955734777264,119.22392754534667,72.90357887899154,104.03838005059515,-4.027866599007468e-05,-0.049918336445304,96,69,97.0094599072521
17731,947.0612149085802,160957.8201936992,75466.86174368192,76774.67118212875,244.8658456155099,85.53893503807194,56.79926987955696,66.6908123617468,1.283199167036658e-05,-0.0445431742554139,96,69,97.01012606369297
17732,947.0785868107022,160990.2531433115,75446.85795514035,76755.1134767299,160.35184778267285,49.28546223491139,36.169006866344716,37.367134488071315,1.956700537613805e-05,-0.0541798076518954,96,69,97.01079400866084
17733,947.0806166071052,161050.814780807,75455.67473447169,76734.9880540245,77.67332880850881,18.12925161755993,15.568634189636214,11.910205973370466,-4.440302839988284e-05,-0.0623473166300799,96,69,97.01146370001192
17734,947.0981968012708,161038.03800463362,75449.73240239265,76748.28530444883,18.9208043506369,-0.0,0.8920509231102187,1.039323464181507,5.208399517649929e-05,-0.0502420379259983,96,69,97.0121350954313
17735,947.1011468866132,161069.0845892663,75453.64681619882,76755.04258316242,-0.0,5.276664950943086,-0.0,-0.0,-3.964565842817984e-05,-0.0493208340393701,96,69,97.0128081524358
17736,947.1185203932172,161038.77501909953,75419.10127226892,76746.61421353719,46.62911532341968,40.984403379421565,19.209263237629784,15.735584316338645,1.189557094467032e-05,-0.0458291808622397,96,69,97.01348282837677
17737,947.1204719540004,161007.8949155049,75463.66498874086,76776.26807889482,168.98511554521974,111.56740342541889,62.478278827969916,41.79065467134933,2.0445086516435287e-05,-0.0435131889835291,96,69,97.01415908044214
17738,947.1382600688352,160937.4634714774,75442.2705316124,76789.57167464799,378.19498390640365,214.50370519442367,129.14468648764887,82.25428079345147,-4.488360694456758e-05,-0.0395163326539498,96,69,97.01483686565898
17739,947.1409646399852,160904.74484211474,75446.91162846968,76738.7263739996,661.4399953443208,342.63537764313514,214.19219803900342,129.8945124076854,5.198150129627754e-05,-0.0355229599257017,96,69,97.01551614089637
17740,947.1588050621004,160881.8038094502,75453.72220290556,76756.34768064227,1004.9382988790749,483.24415550335834,308.98605034450884,187.22787109139608,-3.89997712744595e-05,0.0218415442113371,96,69,97.01619686286702
17741,947.1609810448024,160825.00359557808,75447.56376129168,76783.06054626031,1374.0987354674726,622.4870151247887,403.07772254853626,248.16673962728237,1.0955857188174544e-05,0.2408176311309266,96,69,97.01687898813088
17742,947.1780672057532,160747.77727692496,75458.88991238641,76783.26477924414,1742.4051351351663,746.787395454201,486.8787994409213,314.5980279373762,2.1315603351630567e-05,0.4138936024031501,96,69,97.01756247309676
17743,947.1810145730342,160660.75308970097,75443.36900464733,76807.51488002647,2073.4601189068635,846.6679717532534,552.8332760011544,381.33989389429917,-4.534868736129215e-05,0.0315842069066092,96,69,97.01824727402531
17744,947.1987000725928,160625.19321710474,75449.49128892986,76804.08028578217,2349.476052960963,917.170147264842,597.4697312491771,448.64229972913745,5.186156329401418e-05,-0.360616603561215,96,69,97.01893334703114
17745,947.2008903093214,160561.3385851747,75496.62972242538,76772.8166597285,2550.173545130063,958.5564314524381,620.2154129489791,511.4113731428806,-3.834123212612674e-05,-0.106945911314095,96,69,97.01962064808558
17746,947.2179945338064,160496.4347139478,75468.81595699194,76786.10696311542,2678.189296866418,974.7324149331835,624.2732603829063,569.0675214600342,1.0013170064037125e-05,-0.0337772103872822,96,69,97.02030913301888
17747,947.221011892671,160427.745207556,75451.05190655617,76783.60160407473,2732.2680794750922,971.6957065461902,613.6356312008284,618.0244665661885,2.2178268078294582e-05,-0.0761454972828286,96,69,97.02099875752351
17748,947.238617707388,160376.62022889013,75454.20438161219,76806.93446688411,2729.816547660448,955.8863978499285,593.9355934165942,658.4525566049269,-4.579812487369528e-05,-0.0215903972732338,96,69,97.02168947715556
17749,947.2407809485842,160376.11864872646,75472.88123648165,76787.56214922696,2678.7906715822755,932.6780851255608,569.2371973502159,689.8844492126664,5.172423492627293e-05,-0.0719644395699505,96,69,97.02238124733788
17750,947.25794383179,160361.87459109546,75455.52405637076,76817.9602693706,2601.671922520967,906.4142733913613,544.0973537525279,714.3656383576163,-3.767027320007085e-05,-0.0586941888642087,96,69,97.02307402336268
17751,947.260996127294,160330.03643252465,75459.4132513584,76797.88560565725,2506.9701371236006,879.6804201776831,520.576382848405,734.0092084639182,9.06782995155553e-06,-0.0651997077843576,96,69,97.02376776039354
17752,947.2785369754996,160340.764405435,75465.6003857097,76809.53597426129,2414.46591551241,854.6066732670442,501.2293933808396,750.8238829399634,2.3032795646323216e-05,-0.0966939509113852,96,69,97.0244624134684
17753,947.2806664271736,160304.26474053547,75443.2063883029,76788.06644637456,2327.5870059252484,832.0190774735092,486.03452421171824,767.1427320727089,-4.623177975793566e-05,-0.0693701526349599,96,69,97.02515793750172
17754,947.2979072287584,160248.74431246443,75489.46706297535,76798.42649421867,2260.0197842883063,813.0119206684321,475.93183085511555,783.0267598896753,5.156957605171726e-05,-0.0819663797509075,96,69,97.02585428728736
17755,947.3009707934374,160256.05135740375,75464.2621602171,76820.54815010352,2207.204828275251,797.3019354156568,469.27623731151107,799.9179491306131,-3.698712998372335e-05,-0.0740526836836003,96,69,97.02655141750076
17756,947.3184556338084,160239.66889584734,75471.83509489204,76814.0279283464,2174.161831385689,784.8958961059834,465.76468397211283,816.0768775747856,8.120157610765527e-06,-0.0547841533926423,96,69,97.02724928270132
17757,947.3205490419682,160227.25465195993,75449.02235605431,76808.1783151522,2148.7582143150503,774.1421980625018,462.77053200261435,832.9030060734949,2.3878904066563563e-05,-0.0494273124514785,96,69,97.02794783733556
17758,947.3378841739064,160249.62960464327,75473.91970468957,76796.28378076146,2131.6099541175063,764.0524127875979,459.8247956750274,847.6730849660235,-4.664951774721813e-05,-0.0353387524982393,96,69,97.0286470357389
17759,947.3409338059158,160190.0180713315,75455.09222928096,76771.32368840452,2108.8336851947824,752.3429050254636,454.59922948191524,862.2428827029653,5.1397652166677246e-05,-0.0257191093281053,96,69,97.02934683213866
17760,947.3583764841604,160187.28553789225,75435.9081704745,76769.8770548281,2082.3742294163676,738.402979174396,447.6461525452032,873.503662790783,-3.629204244325381e-05,-0.0198983447785657,96,69,97.03004718065624
17761,947.3604261810008,160154.51273605053,75483.9164761275,76771.20210988141,2042.773416148906,721.2204959837545,438.01928598058294,884.1733613591641,7.170474604677444e-06,-0.0126854457385043,96,69,97.03074803530993
17762,947.3778794130532,160172.29157595578,75442.34990769505,76772.9335953753,1998.8473182201851,702.4170654557529,427.9612489187275,890.9646799729962,2.4716314231620337e-05,0.0131198129101643,96,69,97.03144935001714
17763,947.3808762367617,160154.6140542389,75436.48801082977,76755.82028601861,1947.5960376456496,683.199679148529,417.68669420902734,897.8397648502432,-4.705121040712094e-05,0.0259724207366347,96,69,97.03215107859734
17764,947.3983122993592,160160.08408359918,75434.27413704415,76750.70838853784,1902.6490188597818,666.9000027348957,409.99257972321357,901.9913125638268,5.120853402646695e-05,0.02968815117632,96,69,97.03285317477376
17765,947.4002796794452,160168.80416205642,75441.28768775388,76770.23803412235,1863.5679498958052,655.1467672261933,404.81368178044795,908.5265404470265,-3.558525415860718e-05,0.043195592288876,96,69,97.03355559217682
17766,947.4179250320784,160119.3124223531,75407.58540385195,76739.2151620468,1843.9421406629262,650.4301838818501,404.13403516012477,914.1785662442271,6.219102859537166e-06,0.0520456755059619,96,69,97.03425828434614
17767,947.4207300671912,160116.49402035173,75421.9686899087,76734.67883492418,1839.4625088038156,652.2134441521193,406.42044050063123,924.4145463823515,2.554475050249978e-05,0.0547704494643298,96,69,97.0349612047331
17768,947.438479650842,160125.21636202713,75422.4530067254,76753.50935373553,1857.5583634683862,660.4498643400875,412.2177784012456,935.1626921221905,-4.743673422665961e-05,0.058473778653982,96,69,97.03566430670324
17769,947.4408652563428,160095.24301267802,75434.1945249732,76763.2936679117,1887.3400990506052,672.3633005962038,418.9369368942862,951.4591341511987,5.100229901895704e-05,0.0474296951558732,96,69,97.03636754353906
17770,947.457762249238,160086.43085759773,75435.08422225979,76732.34909512414,1930.313774256152,686.6259736990178,426.74635342045804,967.7375809705118,-3.486701255065743e-05,0.0210946525076063,96,69,97.0370708684422
17771,947.4607540185056,160065.85059450177,75417.80414025854,76734.22574959713,1971.854811855359,700.1647454455233,433.29352638835553,987.9550324829179,5.266364717387414e-06,-0.0005991238217855,96,69,97.03777423453654
17772,947.4784027716744,160030.03948189958,75411.2866178202,76726.81079011146,2011.27736333356,712.0551513109822,439.1994554284902,1005.3362013722945,2.6363940073383912e-05,-0.0242679001576169,96,69,97.03847759486962
17773,947.4807610045942,160020.94346019256,75410.86048266964,76753.79717143762,2034.1732403458445,719.8794579945679,442.47750593555975,1023.7723785665294,-4.780597146378568e-05,-0.0607596607669268,96,69,97.0391809024162
17774,947.4976898137631,159996.4213528194,75419.27163163041,76685.13709241222,2042.8682468154584,723.4831767296855,443.99177773305564,1035.8264381586632,5.077902978893853e-05,-0.0944893562329401,96,69,97.0398841100801
17775,947.5007437681048,159986.72587367232,75434.95414858045,76706.75617035059,2027.7163111387636,721.0510741097678,441.72055668963003,1045.8851174986921,-3.413756869846473e-05,-0.092940244155355,96,69,97.0405871706971
17776,947.5183374924636,160010.16710133685,75432.0086769493,76742.77457712099,1995.9114152662223,712.9239079733088,436.3512613560597,1047.3720409987145,4.312582499461516e-06,-0.0950199921943044,96,69,97.0412900370372
17777,947.5206443625522,159986.01563357902,75408.66307492775,76702.88091225602,1942.778931876761,697.8828235031542,425.9898705026717,1046.3509978593793,2.717361361676166e-05,-0.1107841187435548,96,69,97.0419926618071
17778,947.537633660038,159977.03927289747,75404.8880583536,76694.3522790158,1880.122325126722,677.1999434748286,412.0520912805514,1036.8130258736783,-4.815881018051705e-05,-0.1179934002559103,96,69,97.04269499765256
17779,947.5407266159737,160030.69134454872,75399.25634732553,76705.24985318234,1806.2236441539135,650.7612202913151,393.75013644984574,1025.7283837404393,5.05388147082536e-05,-0.1182403523701045,96,69,97.04339699716172
17780,947.5582697123672,160000.16812797447,75423.8764043632,76748.13081932279,1732.9083315876196,620.9064993571956,373.54014022424235,1007.7653861950675,-3.339717741900991e-05,-0.1119876354275491,96,69,97.04409861286618
17781,947.5605243160212,160052.58378574837,75394.12166980417,76743.25616012467,1656.7298239673837,588.4713361681788,351.49539365954115,990.6033299776609,3.3580790250545893e-06,-0.0922552476748673,96,69,97.04479979724466
17782,947.5775891494612,160039.6374078391,75424.56835518482,76718.27948732796,1586.8739054510952,556.4611424805917,330.56771212167223,968.3115597277065,2.797350544795156e-05,-0.0945375232763515,96,69,97.04550050272482
17783,947.5807039861468,160099.08519339858,75390.97010713296,76717.22272204071,1516.8739456617623,525.8066042457503,310.8088122328045,948.2927311216481,-4.849514411615118e-05,-0.0792215379872431,96,69,97.04620068168612
17784,947.5981983319056,160088.36861091576,75431.22600753934,76713.69108684531,1452.711193613126,498.83322847564705,294.4998265299073,924.5119909929635,5.028174768573769e-05,-0.0783169732365121,96,69,97.04690028646212
17785,947.6004023702612,160125.95489561668,75435.74240049181,76757.2921898795,1386.4646376164746,475.28836829775537,280.799635761854,904.4922094174253,-3.264609674366686e-05,-0.0801720831729715,96,69,97.0475992693428
17786,947.6175563937178,160106.48272763222,75420.78558581253,76730.95287465095,1324.4526797154103,456.0428531469224,270.98523147177184,881.563024590927,2.403176421502849e-06,-0.065415226310521,96,69,97.04829758257723
17787,947.6206736523926,160129.34640619732,75428.71533809643,76720.02468145086,1260.1075865171151,439.43243780286866,263.2555963105988,863.1756931997661,2.876335336927866e-05,-0.0612659950967203,96,69,97.04899517837616
17788,947.6381255844018,160206.75901929388,75417.81301736052,76721.34971540431,1200.7318841084489,425.15900876667,257.91312935503083,842.7872492236202,-4.881487203897592e-05,-0.0628667857100542,96,69,97.04969200891388
17789,947.6402768569392,160179.50209920495,75435.58723767436,76724.28971253401,1141.2103700379375,411.1497939631081,252.6569755153323,827.5322136654577,5.000792856463568e-05,-0.0537011007482178,96,69,97.0503880263315
17790,947.6575388631232,160214.7657283129,75424.45891672453,76704.3175927296,1089.9801094208378,397.4666496466816,247.68449249165133,809.3657220203022,-3.188458820108844e-05,-0.049527118503345,96,69,97.05108318273872
17791,947.6606289865384,160202.63141053633,75407.57934423894,76707.73414648422,1042.1197421049,383.0803311301861,241.04422539068037,794.1905517976556,1.4481975531365437e-06,-0.0461819325420889,96,69,97.05177743021648
17792,947.6780601122916,160230.8401117242,75397.53514385034,76722.97141092292,1004.4476877774578,369.2426132899709,233.42487237320165,773.3789121725422,2.954289821168416e-05,-0.0436937882136504,96,69,97.05247072081984
17793,947.680136404766,160236.33492591654,75398.95741991307,76714.1214987769,970.2821951512597,356.0512054954597,223.8012051799742,752.6719897439762,-4.911789917298331e-05,-0.05233943012276,96,69,97.05316300657928
17794,947.6975564988276,160268.06863664964,75435.71393513374,76700.15668588992,944.4610764520476,345.15948194119846,213.80302940579713,723.6095230245264,4.971746241013843e-05,-0.0545286466402931,96,69,97.05385423950474
17795,947.7005292752756,160305.3549669762,75404.42571479735,76743.7873930222,918.5337951417896,336.20451680482074,203.27520973005448,693.3972448911518,-3.111291695244598e-05,-0.0623601900802811,96,69,97.05454437158656
17796,947.7181152314208,160336.2298461675,75415.84553853655,76730.12792779355,895.7446671419893,329.46889248333173,194.13672458438668,655.7760366427246,4.934644774946928e-07,-0.0791484668754261,96,69,97.05523335479872
17797,947.7207706591586,160379.56392029906,75435.34826290337,76733.54471357445,868.0848200165201,323.17076500201074,186.184271019476,619.4185189979617,3.03118850996869e-05,-0.083492805995774,96,69,97.05592114110117
17798,947.7374484305204,160420.28113164016,75426.0192452101,76744.20536812741,839.8935008804547,316.45651147510216,180.44664800429018,579.0233310300391,-4.940413597300532e-05,-0.0713804535603453,96,69,97.05660768244172
17799,947.7405167215796,160452.67462595468,75450.97844688436,76742.23171471528,805.7520943296258,307.50916276860517,175.60900066967588,542.7612991066126,4.941046017469709e-05,-0.0673512065751941,96,69,97.0572929307593
17800,947.758069882265,160458.56510505846,75411.76256569731,76778.01052849658,771.5155044015264,296.22633251114166,171.34365673619322,504.8830167608685,-3.0331350983499488e-05,-0.085254017105407,96,69,97.05797683798586
17801,947.7606535139842,160529.8365167864,75436.7822443513,76722.3029128678,732.7900194427348,282.3251175813057,165.78144273089129,472.75280133690103,-4.607008034639832e-07,-0.0963460033437934,96,69,97.05865935604844
17802,947.7773764580946,160543.0707142804,75435.54923899674,76752.22708240793,695.4067023401149,267.1555970387999,158.89207877090666,439.49880508403294,3.10700627478509e-05,-0.1237286615955905,96,69,97.05934043687228
17803,947.7804976129936,160548.76096710854,75466.85058221093,76736.75352374303,654.9228756158263,251.50371443149925,150.1915744561702,411.2998012623575,-4.9673498881754094e-05,-0.1308675979602227,96,69,97.06002003238288
17804,947.7980202826436,160589.2446181909,75441.22434860478,76746.77774670404,616.2386010444607,236.6773934076773,141.0193737258669,381.38905962425633,4.90870380123363e-05,-0.0970285196268247,96,69,97.06069809450808
17805,947.800533661426,160632.6488995373,75431.92767303527,76725.06801058544,575.0230091933627,222.7517408480926,131.98332272426342,356.04107847923297,-2.9540161600710683e-05,-0.0950755468587169,96,69,97.06137457518116
17806,947.8173121455608,160622.80556843028,75451.86970377124,76716.20785141467,536.4673463116051,209.62788753902714,124.24920658400515,328.28210697320173,-1.4139769993078675e-06,-0.0898705189579482,96,69,97.06204942634224
17807,947.8204800046208,160697.96744388982,75416.94550994204,76726.32498354201,496.51146475970745,196.04536338865,117.35060191119555,303.4617980781477,3.1817183591484555e-05,-0.0630079487977397,96,69,97.06272259994154
17808,947.8379623671362,160713.59734144702,75433.93712092315,76708.24324491764,458.15392085915664,180.56226486763626,110.41061249739141,274.41275821605814,-4.992590984636839e-05,-0.0342890551302531,96,69,97.06339404794124
17809,947.840414029165,160709.3905486661,75460.79154419118,76725.88560925561,414.31540227791993,161.30610896502913,101.34289492384414,245.8825915643538,4.874731773677714e-05,-0.0116214674287027,96,69,97.06406372231824
17810,947.8572547935374,160736.93494741063,75436.95743511693,76716.00626299295,364.5913605202222,136.8371401285258,88.41561002164963,210.60539903931203,-2.873962304260676e-05,-0.0212720414036708,96,69,97.06473157506557
17811,947.8604630754144,160798.27385381117,75450.98764587229,76717.71390208011,301.23532920278376,106.75032453286985,70.59815892454935,173.79170404921751,-2.366042872789376e-06,-0.0372555676611033,96,69,97.06539755819604
17812,947.8778960168052,160837.42247283348,75442.45625733338,76758.9882786187,226.64774316875264,72.44927333113446,48.706071112363134,130.8813384010573,3.255300425122029e-05,-0.0434377943345965,96,69,97.06606162374364
17813,947.8802957281872,160861.02907724137,75428.09933038102,76737.63749038414,142.21793566417182,38.247891710096155,25.932235801330535,89.96169702892075,-5.0161296910290255e-05,-0.0512711074545991,96,69,97.06672372376585
17814,947.8972044757204,160886.8611686279,75477.62552394612,76728.7700685805,63.65222556394292,10.943142189789796,7.398167160572484,49.61486473240075,4.839142627135442e-05,-0.0475101283988189,96,69,97.0673838103469
17815,947.9004454970242,160940.58902365898,75451.98775347053,76727.76082211401,7.478652224235702,-0.0,-0.0,19.77418788149953,-2.793001270663939e-05,-0.040694134191418,96,69,97.06804183559898
17816,947.9178215632872,160976.34866481242,75472.85644544347,76749.7858692797,-0.0,14.692867653953726,10.005826101521961,0.414828854292864,-3.316578590299442e-06,-0.0358083835058843,96,69,97.06869775166489
17817,947.920179708196,160993.8251243482,75446.27029288601,76758.13619603527,60.93864271912025,63.006895180544234,42.567744176165434,-0.0,3.3277284986568524e-05,-0.0323699911017841,96,69,97.06935151072088
17818,947.937161165462,160913.64739952653,75435.27397160935,76763.8005181128,208.15584677871084,147.34809160277655,98.46856720431242,15.565016434440622,-5.037959333676923e-05,-0.0309219197444059,96,69,97.07000306497828
17819,947.9404259365564,160891.57392599643,75459.9022261427,76744.26586052765,442.7112441229401,264.8372243280173,175.29111831026967,50.92357777431607,4.8019496450456735e-05,-0.0174188121768242,96,69,97.07065236668562
17820,947.9577395198314,160839.9908106841,75466.62971407185,76787.66068472789,755.6530194723746,405.0748425014317,265.4920011028298,99.4901948486513,-2.711161054430448e-05,-0.0172191587277196,96,69,97.071299368132
17821,947.9600668799776,160799.1483060228,75432.63245744199,76749.46666293607,1120.958219846012,554.417141557482,360.3812720810238,161.22213859047042,-4.2652641562686565e-06,0.0870013390270488,96,69,97.07194402164814
17822,947.9771246604768,160721.7261132729,75445.41628538324,76778.08169669975,1507.6461782330298,696.439408766586,449.3463567800354,227.55551922979066,3.398979036600748e-05,0.3527248144113266,96,69,97.0725862796093
17823,947.9804031221116,160645.8628980144,75443.40873862554,76766.57529018231,1879.1177998058847,818.4303734459827,525.1694986254151,297.25964904314606,-5.058073919766448e-05,0.3702755001789769,96,69,97.0732260944374
17824,947.9976505593604,160605.04471326826,75418.04374198135,76780.4732080755,2206.1402198218275,910.8961075366678,582.0616125715896,362.9986332881672,4.763166593163829e-05,-0.1601988437020472,96,69,97.07386341860324
17825,947.999958089086,160497.673429425,75450.60776653001,76768.89688426783,2466.254791067564,971.9348994160246,619.6769115547067,424.6705134869262,-2.6284699703935523e-05,-0.3032551031636377,96,69,97.0744982046288
17826,948.0170946036754,160488.79874658366,75435.77390505548,76788.59914210567,2651.1990287136286,1003.0028547429683,638.5873491013481,477.43021024845075,-5.21178132322346e-06,-0.0204434760377093,96,69,97.07513040508935
17827,948.0203758478484,160423.5203744461,75474.68528791927,76778.62211069975,2761.6809382411884,1010.9358196942194,643.3795325964165,523.1473262882791,3.469028919364945e-05,-0.0549392826505785,96,69,97.07575997261571
17828,948.037555528942,160349.1124479974,75468.3837974027,76790.7954093719,2808.584669936856,1001.7961403076479,637.0430865220842,559.8697096116084,-5.076467962717082e-05,-0.0247517553656413,96,69,97.07638685989654
17829,948.0398540616832,160367.4925870444,75463.6300957525,76810.2651677778,2805.695474282955,983.1004461168486,624.5709566684964,590.6961692736077,4.722807769917791e-05,-0.0107082659471712,96,69,97.07701101968064
17830,948.0570705314176,160351.19756734744,75473.50431004814,76802.77998876243,2769.1287531104754,958.5312417521054,607.6775629965705,615.0078580366389,-2.544956533139251e-05,-0.0379951578403455,96,69,97.07763240477875
17831,948.0603429555574,160298.00387775694,75454.20710761624,76801.69667599248,2712.3008391503827,932.3978619236004,589.8517684006074,635.4628448622534,-6.155812349967624e-06,-0.0036644242637646,96,69,97.0782509680661
17832,948.0774554829408,160310.51968120557,75472.0181900274,76804.59302818099,2646.9314397886046,905.5915521721909,571.3247281649092,651.3311336813495,3.537855426943806e-05,-0.0065942555532048,96,69,97.0788666624846
17833,948.0797553277092,160273.31425734496,75465.78799173767,76818.14249981637,2581.2222375601414,880.9423808448337,554.5181215424673,663.7080004736199,-5.0931365600739465e-05,-0.0021519416813156,96,69,97.07947944104475
17834,948.0970519542674,160277.6808904502,75467.58460838847,76839.67121928107,2521.493613727158,858.8136347547406,538.6485814799089,671.5853048670688,4.680888020912609e-05,0.0071815772232602,96,69,97.0800892568282
17835,948.1003032782904,160232.51813699372,75483.59256242705,76846.16853113675,2471.4816583190113,842.1254848481622,525.5751483436616,675.3485152054054,-2.460649588347076e-05,0.0046838097839056,96,69,97.08069606298926
17836,948.1173517575046,160271.39437161642,75469.28087848944,76866.62590446344,2433.013684283709,830.7810553896852,514.0241578417481,674.987085867615,-7.097040483837296e-06,0.0251232144788171,96,69,97.08129981275786
17837,948.1196620902564,160288.65186912744,75523.00612724556,76861.22170601245,2405.529911983642,826.1175771079579,505.4854020435305,671.1399660194293,3.605436288532316e-05,0.0410116379293877,96,69,97.081900459441
17838,948.1370385127448,160286.38896162616,75537.54562772256,76863.34154561568,2386.245200789126,825.2522416751744,498.22274307569023,665.2024177882122,-5.108075437507144e-05,0.040023682886136,96,69,97.08249795642524
17839,948.1402554882776,160298.14692122617,75509.88850009558,76890.27002972586,2370.8414941641386,826.6396515223605,493.52556861098856,657.5854834491038,4.637422679999143e-05,0.0345529858491792,96,69,97.0830922571787
17840,948.157246163476,160291.35803821727,75524.2210422495,76905.95023735226,2354.062991221552,825.3628339621646,489.3319189067115,649.9993452868366,-2.3755781606749743e-05,0.0425352054638737,96,69,97.08368331525324
17841,948.1595739382172,160295.45699172528,75536.52746395224,76876.58004728511,2331.5130102941766,819.6494532422075,486.41128474875586,641.7594427257136,-8.0351506232652e-06,0.0432843626671925,96,69,97.0842710842867
17842,948.1770303485514,160323.33233523802,75544.81934410211,76896.99086089544,2300.1734946398647,806.4875531975704,482.08028278753045,634.8535424217407,3.671749650213188e-05,0.0414672852836449,96,69,97.0848555180044
17843,948.1801976538836,160310.8807024343,75568.24419703672,76901.93954301577,2260.118232772802,787.8650333438127,477.05581670976244,627.8286804914824,-5.121280886897988e-05,0.0511110711408473,96,69,97.08543657022204
17844,948.1971415721342,160334.93153828688,75534.860037764,76944.48559854018,2213.6430950232316,764.9492803665635,469.23603516526055,623.4940757891745,4.592427599871628e-05,0.05154303728618,96,69,97.08601419484704
17845,948.1994890099218,160319.3686569187,75558.1561267727,76911.73043243206,2165.6128736584214,742.7500954607385,460.47878678285633,620.5104424166493,-2.2897715522052816e-05,0.0587726508982039,96,69,97.08658834588128
17846,948.2170292662058,160327.93821854307,75591.0042994085,76873.66701531224,2121.1542408748646,723.3763776997657,450.1318124640675,623.2100521502143,-8.969828497766315e-06,0.0752856430886692,96,69,97.0871589774225
17847,948.2201256399296,160316.06274195755,75561.28367228547,76873.53502242615,2085.404757750104,710.7425189000205,441.4993441266997,629.7342673772073,3.736774123995006e-05,0.0646452732020737,96,69,97.08772604366683
17848,948.2370442358138,160333.99484927097,75538.49590832496,76856.50785972616,2061.2123410186614,704.3881384523993,434.61464156603324,644.3614411760936,-5.132749783692876e-05,0.0685955885705212,96,69,97.08828949891031
17849,948.2394004505107,160287.25439772292,75511.6837725989,76883.51207602686,2049.606148994586,705.095008660297,432.21084320926457,663.3209407266113,4.545919158640069e-05,0.0593453562942511,96,69,97.0888492975518
17850,948.2570443167616,160280.84468848025,75460.77359332041,76865.50887357253,2048.851848513761,709.8372122735163,432.76662596702226,689.7695805615513,-2.2032592788272423e-05,0.0274464352782222,96,69,97.0894053940938
17851,948.2600238635332,160222.60145265236,75485.79511011309,76807.06568949067,2055.998787188495,717.9804560711782,437.1014802431455,716.7430678544624,-9.9007614271355e-06,-0.0363518116866426,96,69,97.08995774314594
17852,948.2769804166364,160253.05416399575,75469.87714072071,76803.17823595135,2066.8188320357585,726.1531905518204,441.92093395785196,746.0452506039583,3.800488757980179e-05,-0.0792411458096868,96,69,97.09050629942502
17853,948.2792625735002,160178.00533033718,75488.56901568182,76830.25779235255,2077.2730046079378,733.9337055520591,446.75733201709227,769.3960759494221,-5.142479608110322e-05,-0.110277802780764,96,69,97.09105101775896
17854,948.2971779745518,160154.3629371779,75455.77743068241,76788.63296460394,2083.570954574854,738.5662893969857,448.0738973635307,790.1784280002757,4.49791420890664e-05,-0.148300570688626,96,69,97.09159185308764
17855,948.299413395976,160166.85211730047,75474.53399517878,76816.09061208706,2082.834988508548,740.3831243471359,446.3235865137249,800.4843194216664,-2.1160710679403426e-05,-0.1456188302237225,96,69,97.0921287604649
17856,948.3164108580592,160176.1397170399,75480.81077733572,76808.64468346826,2072.9970290188794,737.2242710158753,439.53285825799685,806.8400002130365,-1.082763831531271e-05,-0.1581583496612508,96,69,97.09266169506095
17857,948.319397407946,160158.05237224183,75488.04380487122,76802.45832192674,2052.6513568589,729.7580539582414,429.7527435742668,803.5456977619615,3.862873097794884e-05,-0.1708691447631173,96,69,97.09319061216418
17858,948.3370343014668,160213.99972112358,75472.03766918599,76781.63438071603,2021.4188094282872,716.5903216500301,416.7366376229911,799.1178971875343,-5.15046839780774e-05,-0.1690364307491953,96,69,97.09371546718268
17859,948.3393517524852,160179.85481227515,75471.78899416585,76788.28183081024,1979.188257802918,699.2582809092855,403.50640198320616,787.3309930249525,4.448430072274187e-05,-0.1761600279997268,96,69,97.0942362156467
17860,948.356310543264,160211.34134367076,75480.65438901474,76801.13819506567,1927.1973838193226,677.4315097035142,389.9931681594753,777.4733106089989,-2.028236854354621e-05,-0.1935215799678414,96,69,97.09475281321016
17861,948.3594141326762,160233.23308604627,75475.20812457979,76806.01543347792,1866.5078403225052,653.4690914235398,378.48917426439584,762.1345808625629,-1.175014947680322e-05,-0.1897057229338884,96,69,97.0952652156528
17862,948.3769405704276,160231.1538356861,75471.07776066604,76797.3039785968,1799.6086283078766,627.7449290702498,367.98296870611375,750.0770349063969,3.923907095314127e-05,-0.1975797887936239,96,69,97.095773378882
17863,948.3792563509996,160246.88887565548,75486.14455803944,76793.26217941551,1727.9393213447183,602.6078034046805,359.4615780641034,732.291916281014,-5.156714832029808e-05,-0.1971902045874259,96,69,97.09627725893456
17864,948.3962406592856,160252.52242887646,75453.4923555019,76787.8858288728,1654.48169915803,578.0077707251039,350.8521744871978,718.9614418120182,4.397484608618337e-05,-0.1821791179132336,96,69,97.09677681197874
17865,948.3994135694794,160310.12486230407,75456.2155336045,76784.22174429301,1580.5462782131508,555.3973633522983,342.38897999198525,700.9887108235562,-1.9397867870217797e-05,-0.1829199768260862,96,69,97.09727199431563
17866,948.4168511029044,160346.585893569,75480.34133840328,76787.05941817102,1509.3440258341725,533.9921161781967,332.16367740673013,688.7883770039771,-1.266798715789243e-05,-0.1777247127438946,96,69,97.09776276238192
17867,948.4191537392746,160350.7449467833,75447.83978409518,76777.14392342081,1441.612036960898,514.3405708611244,320.86187794985017,671.5466814688698,3.983571212349655e-05,-0.1751490954176006,96,69,97.09824907275092
17868,948.4361852462174,160365.41837504372,75500.99168828769,76783.03066403393,1380.0010945970425,495.10766172273725,307.45931605706573,660.2712203332339,-5.16121811582021e-05,-0.1781709140384491,96,69,97.09873088213442
17869,948.4394050451186,160341.8103893829,75476.00242511411,76786.86922796433,1323.2888852318865,476.4642836176499,293.35331130525446,642.7638177562912,4.345096131388362e-05,-0.1777596107699262,96,69,97.09920814738504
17870,948.456758903802,160384.82314429493,75490.309536568,76790.71931243353,1272.1313007053686,457.412327216196,278.33632856834447,629.7203479530581,-1.850751132637187e-05,-0.1791641073502599,96,69,97.09968082549764
17871,948.4590503289552,160403.88584750675,75496.36255745773,76767.96758898602,1222.9281053076265,438.57316103011544,263.9901803515968,608.1845483098296,-1.3580845159632971e-05,-0.1953506688762646,96,69,97.10014887361082
17872,948.4761399423678,160452.7362179845,75463.52330062185,76770.90065061499,1175.8333793536294,419.81951263280644,250.17373815536848,591.6553182373464,4.041846366161673e-05,-0.2070965229862923,96,69,97.10061224900946
17873,948.4793905168322,160455.50228852523,75505.40684038498,76781.94353072073,1127.510809805186,402.37626816648117,238.04552310073632,567.7313542861957,-5.163978088947757e-05,-0.2060682560058284,96,69,97.10107090912592
17874,948.4966620810916,160525.64640265136,75483.62891769694,76780.93621877089,1080.156242423982,386.65581695536093,227.15059202333214,550.4190974864177,4.29128342571046e-05,-0.2044038980330938,96,69,97.10152481154176
17875,948.4989490454084,160526.35860347806,75488.93378815184,76799.09376788975,1032.1897026526858,373.5176402399811,217.82275738753378,525.8694685922237,-1.761160451661094e-05,-0.2198968360818248,96,69,97.10197391398968
17876,948.5161026715856,160541.6585785564,75515.04525577003,76792.27940289692,987.8733905867557,362.6471700730035,209.0603481172293,508.9874361108232,-1.448841961938392e-05,-0.2385829774405744,96,69,97.10241817435556
17877,948.5193702258848,160558.6326129887,75499.20564109646,76776.096732604,945.371767963632,353.51675700730993,200.63799454993568,483.9794112778036,4.098713983635618e-05,-0.2411424351666654,96,69,97.10285755067927
17878,948.5365602414366,160598.73387795876,75487.79937430713,76762.7056427934,907.7449675857788,344.75050510927394,191.82632231208845,464.8080998962687,-5.164995165913712e-05,-0.238995171025562,96,69,97.10329200115729
17879,948.5388516978816,160629.36949180116,75487.61659135568,76796.85641089335,870.2687547759851,334.8747801931022,182.8116115454468,434.74840893936926,4.236065758515585e-05,-0.2358268466297408,96,69,97.10372148414372
17880,948.5560720062216,160669.38569734545,75492.38635224442,76781.50211006147,834.2619247946423,322.62844726299227,173.91221959792892,410.8362901399378,-1.671045332364622e-05,-0.2384190937115614,96,69,97.10414595815264
17881,948.559343889348,160689.7346946985,75481.3464041613,76780.6679267076,793.2176138465875,307.11954939905263,165.8644068898284,376.83859903598204,-1.53904081676313e-05,-0.248110165817164,96,69,97.10456538185912
17882,948.5764536276124,160745.54869996893,75500.75454208277,76793.84026768185,749.0729860457359,288.6210327178269,159.28107667644508,350.78519750744454,4.154155954020948e-05,-0.2340504923127258,96,69,97.1049797141011
17883,948.5787595858632,160785.64605672742,75512.71886034915,76782.25607217674,697.0216104901046,267.736118179746,154.00758310963283,316.13819978246465,-5.164270365026935e-05,-0.2323571314156941,96,69,97.1053889138812
17884,948.596046709927,160821.22987572287,75497.34244831679,76770.04037089206,643.1451884174603,246.47555459597788,149.67235297884326,292.798824416619,4.179462819747504e-05,-0.2271128768104984,96,69,97.10579294036832
17885,948.5993110826774,160848.17074091913,75494.51401709148,76781.18158009349,585.5153060214943,226.1195241279347,144.7834108195966,261.78555053292075,-1.580436635959545e-05,-0.2175603560225781,96,69,97.10619175289902
17886,948.6163428198316,160864.80991069524,75496.31859630563,76771.50921943266,532.6073766764603,208.58275170823617,138.589843230322,240.9659128948988,-1.6286511018942256e-05,-0.2205718259231689,96,69,97.106585310979
17887,948.6186737010528,160911.1595767574,75501.1913079761,76773.2610412379,481.9065374779166,193.4397904559155,129.57013367919717,209.25296066180454,4.208154684773696e-05,-0.2146405691211544,96,69,97.10697357428552
17888,948.6360255807156,160954.39470369287,75505.99275446603,76832.6667968728,440.00462313811295,180.38605948144686,117.97830946586328,186.3552823891514,-5.1618052546685976e-05,-0.1915087827048052,96,69,97.10735650266784
17889,948.639271398932,160979.26473861872,75526.37739948228,76793.97985092388,398.8243701593019,166.1086713119439,102.95118666486815,150.3331005080836,4.1214947880811726e-05,-0.1788542762069097,96,69,97.10773405614964
17890,948.6562286002842,161021.030412404,75518.22627360714,76817.24779486307,359.7171774202143,148.62277606892167,85.65604051682749,122.18795223967754,-1.4893652789196582e-05,-0.1826582480476216,96,69,97.10810619493029
17891,948.6585948059608,161058.59861709617,75504.87210388889,76832.06570115035,310.3969850555877,124.43959297715628,65.60021331426105,81.925464568194,-1.7176430192835855e-05,-0.1957993616949128,96,69,97.1084728793862
17892,948.6760073937154,161122.45763318994,75494.89128462391,76798.91616238521,253.3893066010205,94.32774086947029,45.04725053333095,55.55457964842208,4.260693058663493e-05,-0.1927052171039273,96,69,97.10883407007276
17893,948.679224529502,161145.77829024204,75498.6107966689,76810.72055269178,181.08246507286094,59.32472258452617,24.584424477332504,23.27121387506486,-5.157602017474061e-05,-0.2085963438513106,96,69,97.10918972772542
17894,948.696111874171,161180.3375026777,75469.31251310733,76819.63052216932,106.94130450341618,26.550828093095333,8.678564835106954,11.55648417051998,4.062182289391452e-05,-0.2191976752946711,96,69,97.10953981326146
17895,948.6985234697082,161182.00939008317,75496.26408082733,76783.79926422205,37.063217248476576,2.934179023242905,-0.0,-0.0,-1.3978623584318048e-05,-0.2163044390754608,96,69,97.10988428778118
17896,948.715990882237,161176.71878696943,75464.43327575114,76770.45567890536,-0.0,-0.0,5.085422856267542,16.05624832396279,-1.805987045521313e-05,-0.2144185525969837,96,69,97.11022311257004
17897,948.7191703129024,161170.6469442892,75458.11110617167,76767.31287272838,10.259444930183236,24.725142758907168,26.38631433917908,34.8515317022393,4.311754501372763e-05,-0.2108226795850817,96,69,97.1105562490994
17898,948.7359936111494,161144.02698145094,75457.34233636409,76768.1674878917,97.2881155249197,84.49758161818318,68.38682394372881,80.68678549752804,-5.151663428929859e-05,-0.2081821854491789,96,69,97.11088365902803
17899,948.7384600903324,161087.66239271956,75457.571165298,76749.31582706259,264.96288751636166,177.56779805502447,128.80279703062843,126.14957143450738,4.001546356405455e-05,-0.2161993310844775,96,69,97.11120530420428
17900,948.755974733216,161043.5064141766,75415.56976313026,76754.0982693315,523.2815103837056,300.55787032352237,206.3690865499957,195.64399160299217,-1.3059590741050612e-05,-0.2153135299979812,96,69,97.1115211466665
17901,948.759108770592,160978.71728782632,75406.18432754507,76758.95166028902,848.1816648683161,440.39127542520873,292.2757872794755,257.7971765062248,-1.8936538526790808e-05,-0.2296081560877388,96,69,97.11183114864517
17902,948.7758747915884,160938.97762890617,75416.65310468464,76740.64659243436,1223.0564999815542,585.7550951017038,380.794078702369,335.6105275709124,4.3613229195191327e-05,-0.1123652506214678,96,69,97.11213527256406
17903,948.7784049177508,160866.3803479372,75464.853681961,76742.85359021649,1603.8988272168208,720.3847325088573,461.334884949174,398.0920028373366,-5.14399282255636e-05,0.1691667457310549,96,69,97.11243348104152
17904,948.7959575840422,160774.40070571323,75476.32731395574,76774.16671349609,1967.0623263517045,835.634743880626,530.1099786309351,470.8322541558591,3.939608468616871e-05,0.1301001089144526,96,69,97.11272573689185
17905,948.7990401411664,160766.0853283622,75453.39611718812,76762.57276603777,2272.5483295695158,921.5935477994935,580.4524246008368,521.4122170973278,-1.2136867344033548e-05,-0.420935932408773,96,69,97.113012003127
17906,948.8157563471474,160734.47427357937,75478.94086959664,76789.29770848718,2512.7758717692923,978.5861996862222,614.2255805889727,576.4165097489022,-1.980614399195937e-05,-0.4886031521275984,96,69,97.11329224295729
17907,948.8183580886335,160719.1654792389,75481.72516563971,76806.43122233651,2669.8497872684384,1005.4554708264914,630.0673896306253,606.1019717541349,4.409382733615384e-05,-0.2185314616253368,96,69,97.11356641979344
17908,948.8359380085644,160681.65883287883,75480.01229446812,76801.51549689344,2759.422213608108,1009.7162094916857,634.0284847849689,640.6398144745617,-5.134594123083952e-05,-0.2661340612043328,96,69,97.11383449724735
17909,948.8389649254856,160649.30975693816,75522.40536781267,76804.70985296404,2780.7598258075886,994.1844568562665,626.3701249741716,649.6534001523105,3.876390552036383e-05,-0.2309686575806239,96,69,97.11409643913372
17910,948.8556390820152,160660.1078725627,75527.3704042536,76838.11999103193,2761.3653495991603,968.2924969183514,613.481537287531,665.0672313699906,-1.1210767696880154e-05,-0.2132017627695814,96,69,97.11435220947104
17911,948.8583196898136,160705.27627079183,75516.07313611574,76826.83272637051,2705.827041810553,934.9440011561674,594.9327900099161,659.9849800701777,-2.0668399159710557e-05,-0.2260598668562803,96,69,97.11460177248313
17912,948.8759144717924,160697.80001198145,75540.21093183708,76871.51288085985,2641.599304375588,902.6272853618575,576.3297371052613,669.4189634386275,4.4559189103806485e-05,-0.2011746457543493,96,69,97.11484509260032
17913,948.8788839669156,160710.42945920926,75576.02863566022,76913.83693695418,2567.6446126188966,871.9823806880595,556.0630561349972,664.7220700018806,-5.1234718491671694e-05,-0.2211021260410755,96,69,97.11508213446064
17914,948.8955235454422,160703.57829218786,75555.80062148099,76880.91237936974,2505.130804532673,849.0699366006738,539.2157907953078,680.5241557709232,3.811914909823189e-05,-0.2390310252604453,96,69,97.115312862911
17915,948.8982898878076,160697.5429686952,75597.20202177993,76873.47257269554,2446.784446886624,831.7772005633014,523.7227104913618,688.5665315593651,-1.02816068046717e-05,-0.2162094427014333,96,69,97.115537243009
17916,948.915885204789,160696.7576650292,75578.91579683319,76893.86344077383,2407.6673048922094,823.2312529289193,513.9568066901411,722.0938913163845,-2.152301853414333e-05,-0.2100584892030798,96,69,97.11575524002276
17917,948.91879862889,160654.88488918124,75539.34758855017,76885.08789387363,2373.3391721833614,818.0416195672879,506.18956147829886,747.2978487481014,4.500916937391222e-05,-0.2054360405476322,96,69,97.11596681943382
17918,948.9354097747272,160650.38767782346,75553.87108218914,76871.71503522592,2353.601425791683,817.017770615319,503.239911202254,794.4848755268031,-5.110631087055745e-05,-0.1954153006932291,96,69,97.11617194693704
17919,948.938269232715,160615.47026883828,75536.90661183077,76881.40596902929,2330.5829826375702,813.6524221226282,500.0360000700748,829.3872107238567,3.74620425781066e-05,-0.1921612693835392,96,69,97.1163705884424
17920,948.9558478527326,160572.95208784056,75516.23672467595,76822.86351867678,2311.9804142763023,808.8907677968673,498.5046467578504,881.1758352340839,-9.349700507763456e-06,-0.1893387553368986,96,69,97.11656271007593
17921,948.9587112706262,160553.8895692086,75478.12143491826,76829.67259869566,2279.0775560514303,797.3353505221894,493.1162699649285,912.6234045488236,-2.23697198318829e-05,-0.1749551754653794,96,69,97.11674827818072
17922,948.9752966292756,160512.29937849988,75500.57283784599,76806.28943134009,2242.675763400737,782.3767768682883,486.6646106556873,954.0580309595389,4.544362804653327e-05,-0.1677394981638082,96,69,97.11692725931836
17923,948.978259534287,160494.42229139406,75498.2107027951,76774.98854632802,2190.256524444325,761.5987887787778,475.3960169639904,972.5152777628391,-5.096077491934808e-05,-0.1607613153637737,96,69,97.11709962026995
17924,948.9957983170618,160515.44180205453,75488.27589390811,76802.68493787738,2138.937627517851,740.7556532231101,463.9867950406333,1000.8039929055667,3.6792817632757936e-05,-0.1309858154225734,96,69,97.11726532803716
17925,948.998626884089,160507.38850884495,75477.0977596169,76805.26017567336,2080.8498671579873,718.5760339675617,450.02930215068045,1005.9358591553464,-8.415365295921618e-06,-0.1299051170352402,96,69,97.11742434984298
17926,949.0151793908136,160516.58479000724,75489.25429460457,76769.43489267895,2036.3630705217947,701.0815149640839,439.20479445919045,1022.8115688958496,-2.320822336836009e-05,-0.1302524686529575,96,69,97.1175766531334
17927,949.0182674205388,160516.75933830606,75467.03244575803,76768.18882261055,1998.2501001620549,686.4514839972544,429.36807948633214,1021.5054868089501,4.586243067146448e-05,-0.1087426410489977,96,69,97.11772220557816
17928,949.0357252776276,160523.684310743,75497.90249133369,76804.92411947233,1982.8928753946675,679.1690338869375,425.2556586624414,1035.9659876725054,-5.079817313418156e-05,-0.1036190679266839,96,69,97.11786097507148
17929,949.0385620853424,160495.912552895,75473.97716542818,76766.01687070997,1976.4762383485213,675.6010540439747,423.0704656150774,1033.232635205728,3.611170889698375e-05,-0.0981102708914892,96,69,97.11799292973376
17930,949.0550338291596,160538.73781289105,75483.93780314182,76799.52332510767,1989.346668113023,678.87181526926,426.1446481610765,1046.7597979688144,-7.478918342535702e-06,-0.1020211922503689,96,69,97.11811803791204
17931,949.0583358572728,160516.37886740547,75484.06069425688,76801.18329966009,2003.9510080419714,684.6063147919485,429.8709955261729,1045.426702292316,-2.403825282749529e-05,-0.1263803239092865,96,69,97.1182362681813
17932,949.0755336522412,160551.60590943048,75491.93953262066,76803.49051365328,2027.3908611707739,694.97056558443,436.78930175097776,1060.6245720942388,4.62654482164964e-05,-0.1651324222554925,96,69,97.11834758934523
17933,949.0788786624944,160552.9842538962,75464.7633168938,76824.64252699062,2041.7004415578558,704.9731441437762,442.02475760213565,1059.7612063483684,-5.061857360298514e-05,-0.1984110370537724,96,69,97.1184519704372
17934,949.0955173458544,160545.6350994103,75512.80140497675,76809.89154435361,2055.6418062038138,716.3463406320516,448.1916168872849,1073.6901277695433,3.5418955641393816e-05,-0.2246252890622349,96,69,97.11854938072152
17935,949.0981420217328,160570.0307088695,75477.46112253677,76772.99609303298,2054.5242662708624,723.9853032117535,450.75460643842234,1069.946089159639,-6.54067704968864e-06,-0.2617936200441018,96,69,97.1186397896942
17936,949.1155853635946,160548.11758245178,75478.13176820772,76812.69683158382,2050.670699840528,729.6874293557776,452.833360975259,1080.6274943478638,-2.485953449932452e-05,-0.2716161157160894,96,69,97.11872316708346
17937,949.1187703141328,160581.83481628544,75497.89029350177,76792.64459670735,2031.3172380054602,728.4171507368155,450.1722994001466,1071.1399569771602,4.6652556791841975e-05,-0.2651624989966962,96,69,97.11879948285151
17938,949.1354269543108,160611.8579996308,75469.12134904602,76812.49033646064,2009.4971220601583,722.3529610178521,446.21485706439125,1072.1618509387772,-5.042205007678143e-05,-0.2718713432422125,96,69,97.11886870719454
17939,949.138072493826,160617.51549093385,75501.57663058164,76841.63015141813,1973.873971228837,707.8785301285534,437.50956025812775,1051.8892661638383,3.4714800684104176e-05,-0.2574938673462265,96,69,97.11893081054448
17940,949.1555810662428,160644.78601512255,75496.03347805291,76822.82931525554,1937.3194797076867,688.7670898521465,427.9387871652434,1042.9496581319836,-5.600959673359482e-06,-0.2573353399520958,96,69,97.118985763569
17941,949.1586869428388,160658.79043348227,75518.90670840578,76821.45684408149,1887.5626368527883,663.0752141223638,414.13656478430494,1012.9398583830334,-2.567179846032437e-05,-0.264768604554367,96,69,97.11903353717308
17942,949.17531641621,160726.59454322883,75527.80167355522,76823.88973924071,1836.4848099299707,635.8421105269663,399.906503193808,993.8810905489372,4.702363795418104e-05,-0.2430403034978862,96,69,97.11907410249938
17943,949.1780265593115,160784.16034485324,75496.43835213901,76834.01185269297,1773.3749330018763,606.2991431862465,382.4340981885616,956.271929212031,-5.020868189700358e-05,-0.2343692296831968,96,69,97.11910743092942
17944,949.1955616415096,160830.21742774136,75522.76013662333,76853.35297632376,1711.0807853410952,579.3574093734642,365.8724529457686,932.3325330741354,3.399949032663549e-05,-0.2268238112550478,96,69,97.11913349408402
17945,949.1986070498716,160858.66132457077,75536.63618462333,76873.95333792892,1640.141531859932,553.316339857236,347.78893104044255,890.3365411598934,-4.660084080994555e-06,-0.2162097074306483,96,69,97.11915226382465
17946,949.2151992114746,160859.50971158603,75553.48377671755,76869.65802427224,1574.2213442600914,531.4363189665019,332.49475066759624,860.6428771393839,-2.6474777293650385e-05,-0.2175747766160055,96,69,97.1191637122532
17947,949.2179966984426,160931.76112318755,75579.91331753379,76901.56023485334,1506.1180612643948,510.89270870611654,317.956025478401,814.278322624974,4.737857951994368e-05,-0.2135236685088258,96,69,97.11916781171423
17948,949.2355297829336,161016.61450594818,75573.76293616791,76872.75387228924,1449.0909720979398,493.64609309620573,307.9135332531878,782.2135756031494,-4.997855418067744e-05,-0.1984528316836351,96,69,97.11916453479432
17949,949.2385297999706,161047.52509304494,75596.14197679375,76901.03456296076,1394.4692564219004,476.3289790182753,299.3601530332526,735.1865798952931,3.327327462403168e-05,-0.1932173130375577,96,69,97.11915385432384
17950,949.2550755877968,161107.21396519762,75540.77111779,76911.78346191683,1352.2985712675145,460.7021538578265,294.6555270884419,704.1117763995717,-3.718368827484621e-06,-0.2121769783610967,96,69,97.11913574337667
17951,949.2579852964552,161142.46769173077,75570.6848740588,76952.59987155978,1312.0205376532394,444.18744356327807,290.0892194547923,663.086114510661,-2.726820746281211e-05,-0.2080415952875389,96,69,97.11911017527204
17952,949.2754789530252,161183.14930148947,75567.07426970308,76925.85140536481,1279.9444507088629,428.79180583299603,287.12322126931394,641.9154213591537,4.771727365735304e-05,-0.2363618828486686,96,69,97.1190771235743
17953,949.2784650181012,161216.51598830151,75576.58861342007,76904.91342370522,1243.3344138539978,412.3486410878686,281.8925283580611,612.1226045309159,-4.973175756932189e-05,-0.2487479518735464,96,69,97.11903656209452
17954,949.2949313739048,161229.6966162485,75570.57131294945,76891.87001712745,1207.1362799420604,396.80717193085,276.028798870655,600.5833553183184,3.253640691995631e-05,-0.2377619795046839,96,69,97.11898846488988
17955,949.2980180326218,161277.90827976496,75570.77224467543,76876.80873055354,1161.1323697571643,380.54542587755714,266.85483568318887,579.864268122823,-2.7761320603490875e-06,-0.2500670743516461,96,69,97.11893280626562
17956,949.3153549242604,161265.79817097943,75560.3452973904,76888.71992417988,1112.1789343398996,365.42550878158363,256.6918104281649,573.914220339153,-2.8051828698463746e-05,-0.2384357298089067,96,69,97.11886956077504
17957,949.3185754925275,161320.27183606316,75575.598564204,76880.20837618501,1054.0447938320576,350.2200608577259,243.83347206111648,553.7158628246689,4.803961908468174e-05,-0.2282667207531895,96,69,97.11879870321992
17958,949.3355446071538,161360.8782316819,75564.61672530942,76906.0236264643,996.4997852168162,336.669256020381,231.01560164248804,542.397561106889,-4.946838843567398e-05,-0.2183223472351646,96,69,97.11872020865194
17959,949.3378800757954,161360.20815423908,75559.13357720191,76889.44232764009,936.7327421277878,323.74588503150153,217.10430417841417,512.7325427013857,3.178914434827191e-05,-0.2158998421507102,96,69,97.11863405237249
17960,949.3553610952272,161405.96403763985,75560.90501479304,76884.96091621555,884.9320893121185,312.6227548618335,204.71951631861157,490.20991905074334,-1.8336923367930516e-06,-0.2159951850596955,96,69,97.1185402099334
17961,949.358514896917,161427.49085053502,75586.88983138012,76881.11104316058,837.7476400349406,302.001145450864,192.67110505866003,449.88306311084307,-2.8825384277899973e-05,-0.2032502688450032,96,69,97.118438657138
17962,949.375432815898,161498.91200754818,75562.70688629457,76883.10730006856,801.3448601939017,292.17619435227243,182.7632522477652,417.12630100463866,4.834551974061696e-05,-0.1936030340182566,96,69,97.11832937004104
17963,949.3778089355432,161564.2511892339,75565.12349619884,76922.17231164488,769.8101102037472,281.9133418846468,173.6058873043221,371.25124209711794,-4.918854810886965e-05,-0.1897339024536487,96,69,97.11821232494992
17964,949.3953453715976,161585.14918646193,75598.02978903703,76885.36979973363,744.9882194195525,271.21800521852856,166.25753034386435,338.89260059737717,3.103174681500432e-05,-0.1844248272097449,96,69,97.11808749842426
17965,949.3984589584052,161635.09641840955,75573.27889367881,76902.237409733,719.2596758891013,259.5101177206234,159.2280942532525,299.1990507065784,-8.913675720168594e-07,-0.1560132474189964,96,69,97.11795486727752
17966,949.4153126373257,161684.21763632252,75595.56620849666,76894.47265556487,692.7009754210594,246.97938235561014,153.1330593401799,274.78501940885326,-2.9588621037567965e-05,-0.1338592966282386,96,69,97.11781440857682
17967,949.4177505655496,161699.92060222078,75564.93941741168,76902.54831514988,660.1484487393172,233.88820259884233,146.9214241388545,244.73001760541229,4.863488501645926e-05,-0.1519611990927704,96,69,97.1176660996434
17968,949.4353262099849,161726.06323113534,75573.34188499869,76875.4802863382,622.9617174630403,220.06225402248674,140.87545076553943,228.6281478185847,-4.889234443632551e-05,-0.1519118496045821,96,69,97.1175099180534
17969,949.4383983168416,161756.24444748767,75588.74365361771,76883.48807900224,578.7909014535835,205.46977910067653,133.86787889982224,203.52516871667467,3.0264477964686815e-05,-0.1576618484276819,96,69,97.11734584163835
17970,949.4551900966188,161798.98531613767,75544.24962948354,76867.54948552015,528.2969542523497,188.3072717108298,125.0932603153924,185.6886780463101,5.052435432413844e-08,-0.1739216847136857,96,69,97.11717384848512
17971,949.457702355981,161809.72824829715,75568.91969818207,76868.80827203258,469.1868907738826,167.59076868009288,113.00866385863628,155.2092207276437,-3.0341289349482088e-05,-0.1790810405368022,96,69,97.11699391693698
17972,949.4753037590234,161874.53976692105,75587.69985594504,76893.81771403749,399.36451223742915,140.58995876435074,96.21211236083764,129.60311242658645,4.890763042137702e-05,-0.1568808719429197,96,69,97.11680602559356
17973,949.4783325867344,161880.84744358718,75545.47518633063,76884.31464686166,317.82119223079644,108.09199649153743,74.56449399344274,92.3897103901254,-4.857988942842197e-05,-0.1543957105339752,96,69,97.11661015331148
17974,949.4950662086208,161909.75782114366,75592.34263271722,76873.83640524122,225.42326080915518,70.61132665889454,49.037686911528,62.47199614852434,2.9487604156353063e-05,-0.1628077909031392,96,69,97.11640627920494
17975,949.4976647814084,161977.6277062685,75572.78490042921,76882.82545964111,131.40013195940992,34.882940946146846,24.05641074880259,29.068453840591246,9.91666004599086e-07,-0.153922646182889,96,69,97.11619438264523
17976,949.5152757536532,162005.127543943,75551.10567084493,76866.55024046844,48.22557551821228,7.23495019582333,4.8683036818983965,11.693608316389145,-3.108314381099627e-05,-0.1444385789109831,96,69,97.1159744432623
17977,949.518263656886,162016.45076999225,75562.9919943989,76875.73005823507,-0.0,-0.0,-0.0,-0.0,4.916367635675274e-05,-0.1393618679128843,96,69,97.11574644094404
17978,949.5349398566052,162031.9925624981,75580.95645130315,76848.5332990361,7.247945364273619,20.72909107641317,15.298287491488736,9.405509037373122,-4.825130152037032e-05,-0.0179144082588627,96,69,97.1155103558376
17979,949.5376405363636,161977.79240691054,75544.06637830865,76864.76720109914,95.44227773603052,78.68720854954154,56.77060920934309,28.672273713804316,2.870139506757452e-05,0.2592663687890174,96,69,97.11526616834875
17980,949.5552369387804,161950.9604700107,75549.43451065145,76855.74450218855,272.50730540126096,172.3751185551664,123.14342832693364,67.87301215983462,1.9317404270967226e-06,0.263896810068948,96,69,97.11501385914292
17981,949.5581978061192,161920.97419769535,75536.56644285467,76837.10416213966,543.5798532037297,299.5456844891887,211.7736722190748,113.33660835502087,-3.181394205640666e-05,-0.2786937015298948,96,69,97.11475340914475
17982,949.574803450184,161837.6486203069,75528.4632230752,76856.7052758722,887.1775191516499,445.5969666382589,311.80637590188417,171.59245481851394,4.9402950166920606e-05,-0.3962803573022616,96,69,97.1144847995395
17983,949.5776429852324,161789.3473748246,75555.31237031812,76872.47803445908,1281.1691781237605,598.6422770192439,414.1508839544549,231.14182889062795,-4.790670401053868e-05,-0.1108883995793341,96,69,97.11420801177216
17984,949.5951606013022,161742.49992085213,75518.81478646539,76866.6188026338,1682.1494185407064,739.5105518831988,505.3955188370019,298.0040701102698,2.7906123123186377e-05,-0.1354339921807589,96,69,97.11392302754815
17985,949.5982031470556,161673.54559459392,75546.07856646061,76862.26283470345,2061.2987975433934,859.525509500003,579.8089207425364,362.99991141891223,2.870431168563812e-06,-0.1091526427510439,96,69,97.11362982883408
17986,949.6154483368472,161623.15353002414,75551.85985978149,76875.49467181978,2379.588016235037,947.2416897574876,630.3839476404537,431.7037633002619,-3.2533446727284696e-05,-0.0873599730609764,96,69,97.11332839785672
17987,949.6175729655332,161576.2969766975,75559.23188081593,76884.09419144482,2626.4536922792904,1005.3487164585531,660.2447435343638,496.4865058810974,4.962538347576877e-05,-0.1033316019544079,96,69,97.11301871710472
17988,949.6351249228288,161484.4404821577,75541.70899932647,76854.77220902557,2784.60021881538,1032.2263555381214,669.5489602666639,561.1208362313046,-4.7546225712595134e-05,-0.0821063642390531,96,69,97.11270076932752
17989,949.6381761019766,161410.39100364462,75552.31432729517,76872.95545198917,2868.7225002819905,1038.5838979334221,666.8919940149353,618.2794836138492,2.710206392776984e-05,-0.0823874235345972,96,69,97.11237453753644
17990,949.6553231693752,161376.76298016164,75523.68680334114,76873.03355337233,2880.9529556094785,1026.3496356771502,654.0870802465652,669.6073729013151,3.8074228074256616e-06,-0.0723760908124495,96,69,97.11204000500408
17991,949.657503575526,161325.05534945877,75515.98769867305,76870.24871508099,2849.547673634137,1006.4977963571582,638.8454385804362,710.1015294532408,-3.3241423483852703e-05,-0.0630763761718839,96,69,97.11169715526552
17992,949.6750984702592,161275.85462503924,75529.40819272703,76867.74835312138,2780.374872269458,978.132562196537,619.7605374249979,742.0604283194407,4.983091482896405e-05,-0.0709028474594464,96,69,97.1113459721171
17993,949.6781364343492,161327.47865589662,75533.85647276987,76863.7055030082,2702.3066996579873,949.9212239538028,602.1693670381501,763.9751882119454,-4.717000039749108e-05,-0.0534588028247288,96,69,97.11098643961766
17994,949.6952001570442,161281.20799696931,75546.6827380016,76894.89300160893,2616.226423229091,918.7445289855386,582.8390901100356,778.807544833835,2.6289495326696365e-05,-0.0372526966431616,96,69,97.11061854208828
17995,949.697437716256,161257.102347599,75595.5499519329,76870.35641415688,2544.3593385270215,892.1109160310443,566.7290987365996,787.7349956752732,4.742400460065233e-06,-0.022783946385509,96,69,97.1102422641122
17996,949.7150772150628,161273.22687703077,75561.5064930474,76856.8928373844,2478.027680961066,865.6746509532677,550.4326385474997,792.7516204303247,-3.393764234748038e-05,-0.0085104194729214,96,69,97.10985759053526
17997,949.7180863006284,161260.8858841725,75540.00899169802,76912.7778749378,2433.111964195152,846.8812579362857,539.6936271891173,795.6238036774157,5.001948771253957e-05,-0.0037870232153574,96,69,97.10946450646551
17998,949.7350784034144,161250.145616384,75566.2067967941,76914.34645835924,2394.140275998041,830.3300296895322,530.7844808020163,796.38075434044,-4.6778167593562446e-05,0.0074808105442418,96,69,97.10906299727398
17999,949.7373772800124,161213.54269736074,75544.22996767744,76876.11082422691,2371.846853157156,821.6782340463396,528.188553309883,797.4199816100299,2.5468697962556102e-05,0.0217055739943802,96,69,97.10865304859388
18000,949.7550586453442,161245.32264821345,75590.00458648072,76894.2441225646,2345.7753944930155,812.8547953224916,525.7420715452754,797.360144064296,5.675050179974474e-06,0.0318372573043743,96,69,97.1082346463213
18001,949.7580266859378,161281.30831827308,75566.69573547028,76930.50384769589,2326.6045032895054,808.3199974559102,526.41053432849,799.7261701787647,-3.4621877981789105e-05,0.0349308237458633,96,69,97.10780777661508
18002,949.7749581148986,161264.7577625029,75554.4273455017,76915.63988832943,2294.2721959041664,799.2976554188062,522.8701433308888,801.9981303652457,5.019105208228928e-05,0.0431161198541601,96,69,97.1073724258964
18003,949.7773231353348,161236.02378279477,75576.56469405624,76907.29221173156,2261.227659287979,790.5712459448841,518.0960510049772,808.0564903652121,-4.637087129374934e-05,0.0431139735394374,96,69,97.10692858084931
18004,949.7950409092736,161222.7771241882,75551.20671187778,76905.26972303998,2209.3056522392435,774.3795825291891,505.75848547482747,813.2314409005921,2.4639955732320368e-05,0.0532145677169162,96,69,97.10647622842068
18005,949.7979582078506,161212.31898709264,75568.07820555454,76927.13839858574,2156.7196991458186,758.2098989689257,491.61280525269103,821.5964560079155,6.605059347826206e-06,0.0629652601265235,96,69,97.10601535581976
18006,949.8148399405304,161225.73039436294,75566.67230058431,76917.42654416179,2090.067935160885,736.5090557075455,471.8867995754117,827.1151287407556,-3.529390862449836e-05,0.0519399852792583,96,69,97.10554595051828
18007,949.8172756153604,161204.10481692498,75560.44393807337,76916.74191539972,2031.3842475466663,718.105063029594,454.13725987414364,834.5911380304606,5.034556297564336e-05,0.038227614243212,96,69,97.10506800025092
18008,949.8350224630811,161180.7120598575,75554.56505788317,76928.2096507779,1969.0145274000824,697.7282715865294,435.1837856719794,837.4571033507527,-4.594826123786312e-05,0.0106785410391499,96,69,97.1045814930144
18009,949.837881410356,161197.51577669947,75553.79152441704,76914.99657106468,1927.2256475820905,684.6171756125259,422.8611065844889,842.6048072884441,2.380355390265269e-05,-0.0155726026045124,96,69,97.10408641706807
18010,949.8547247141609,161211.45338218694,75506.76859934704,76898.71800134212,1892.4560608690954,672.6971005571104,412.9432882896799,843.6490769465745,7.532115911368493e-06,-0.0485092950545305,96,69,97.10358276093348
18011,949.8572347041325,161199.872699468,75529.21405985978,76890.59263458743,1883.9417179324082,669.5859020979842,411.4210348787892,848.4465350806713,-3.5953517113346006e-05,-0.0625369822555672,96,69,97.10307051339431
18012,949.8750019499614,161163.1132823267,75552.4451669558,76869.23296088987,1881.6382488525123,667.4527978295955,412.0775807889004,849.7037661833747,5.048298164348658e-05,-0.0566003326296106,96,69,97.10254966349618
18013,949.8777968784598,161145.99678147677,75541.85703895922,76901.79433244822,1900.9393914408865,673.1533139136009,419.77886062601465,856.260041781672,-4.551049187612078e-05,-0.0633357847159132,96,69,97.10202020054712
18014,949.894613331395,161170.8852276578,75524.03620582356,76875.38892865664,1917.810601029836,677.7697562776448,427.0568457544432,859.7750121554709,2.2959780914627425e-05,-0.0563055533438286,96,69,97.10148211411637
18015,949.8972001230356,161151.9974463429,75525.9341814604,76849.82572872964,1944.798432297539,686.9356609694951,437.6237394204363,868.6651058043062,8.455909735248306e-06,-0.0557866864127868,96,69,97.100935394035
18016,949.9149781591592,161154.24024446076,75521.03760216235,76882.13827910119,1957.4676863791537,691.0949270083947,443.56025061311084,872.9585665498744,-3.660049053185276e-05,-0.0657458075279124,96,69,97.10038003039568
18017,949.9177052850176,161147.15748854863,75512.38976903446,76898.61353934395,1971.6518826009124,696.4452833041869,449.3450124914525,881.4222922266636,5.0603275271730896e-05,-0.0615594355018036,96,69,97.09981601355226
18018,949.934506678553,161111.46030174836,75516.67054741115,76879.35700633925,1965.2454870172078,693.8350261951418,447.92063098799554,882.715546722844,-4.505772268272981e-05,-0.0538014248640533,96,69,97.09924333411936
18019,949.9371713801924,161139.13791502028,75522.74913807031,76841.3681972437,1955.3631921344786,689.7762105876609,444.6295614701521,885.1343171445478,2.2108927064614948e-05,-0.0523943364255499,96,69,97.09866198297308
18020,949.9549500167304,161113.7006457295,75510.63361763852,76897.64809088003,1921.8229260699009,676.1405515675578,433.72700719774,876.9364173447539,9.376131582077744e-06,-0.0483035914102125,96,69,97.09807195124948
18021,949.9576074069652,161142.95891652355,75545.07965941729,76847.34542341731,1885.3283507003798,661.2605244371516,422.21297203810536,868.7654725525354,-3.723462057275325e-05,-0.0371497520552333,96,69,97.09747323034568
18022,949.974405585412,161115.49395536777,75514.25503169346,76862.85318839089,1827.5593545736629,638.1787078213383,405.1574770587031,850.1402290234691,5.070641638450476e-05,-0.0331634650729829,96,69,97.09686581191843
18023,949.9771478050448,161155.51178328157,75514.88695019047,76871.09008879075,1769.8295630731154,615.6470218272589,389.4574309546442,833.4747459767968,-4.459011805180442e-05,-0.035172783268182,96,69,97.09624968788474
18024,949.9949165895752,161192.01308907487,75523.93810234495,76897.02507568532,1695.3680008538067,587.2731244281313,370.0474283040967,809.3816214094113,2.1251284990062037e-05,-0.0568742930471425,96,69,97.09562485042096
18025,949.9975041253798,161208.5979262578,75530.09226354466,76864.75241680289,1627.721456934465,562.3107240638346,353.7042366172536,791.9832681545231,1.0292473717942935e-05,-0.0702823521208251,96,69,97.09499129196338
18026,950.0143107909472,161243.42498258693,75533.01129974415,76856.561888774,1549.7621072622132,533.7517837497289,334.70549242105335,770.6012288042984,-3.785570322097902e-05,-0.0532780295161495,96,69,97.0943490052066
18027,950.0171285770808,161191.49894002857,75532.5796430562,76877.45699146003,1482.628888692765,509.43664508117945,318.8983199176728,757.2364141119178,5.079238368932994e-05,-0.0395248839582521,96,69,97.09369798310443
18028,950.034877094816,161220.7417588653,75533.26983735575,76873.84793907318,1407.8189609384863,481.7162102874281,300.49207550886786,738.9339253658545,-4.41078476611223e-05,-0.0467567820595051,96,69,97.09303821886913
18029,950.0373964158108,161263.22737199982,75502.33550442202,76857.92955692648,1345.7378324412275,458.4488312747708,285.73291921737837,727.1782897391822,2.0387149481221936e-05,-0.0448312096598802,96,69,97.09236970597098
18030,950.0542229175102,161247.53186673857,75505.4096145548,76854.30179139422,1275.8556653061532,431.9203741154197,268.981116617535,707.7385956964863,1.1204630053460335e-05,-0.0333436205024378,96,69,97.09169243813804
18031,950.057112752398,161243.9070722116,75512.4054299992,76869.00701425178,1216.3469770026277,409.83154902560636,256.2142946035019,691.8980312939675,-3.846353932859815e-05,-0.0383185808200687,96,69,97.09100640935569
18032,950.0748309106244,161295.13824756732,75503.0365407837,76848.1284091133,1147.664049101877,385.2794511949469,242.02683193213306,666.4508690337534,5.08611616290946e-05,-0.0431813593570983,96,69,97.09031161386667
18033,950.0772853322017,161334.5539478528,75509.47372809585,76884.05110889905,1090.2319871589425,366.7012743772357,232.36642867312185,644.834371690813,-4.3611085223046495e-05,-0.0535836124088481,96,69,97.0896080461702
18034,950.0941424514336,161326.84074685353,75528.08965654971,76861.4252666981,1025.46985004202,347.02245770765876,221.20017100227415,614.0506333092926,1.951681680497426e-05,-0.0677798818373558,96,69,97.0888957010218
18035,950.097099289622,161368.93097988036,75532.53627544854,76868.76125398764,973.2168278179015,333.5875919823593,213.40431651720428,587.2036079919199,1.2112296044585402e-05,-0.0603806516078475,96,69,97.08817457343282
18036,950.114777586497,161388.206596811,75531.69674317953,76874.35863754502,915.6674196763779,318.7585744184471,202.8420773120888,551.4190609058714,-3.9057933719802914e-05,-0.0544656445521702,96,69,97.0874446586705
18037,950.117171986166,161413.2631288855,75513.52259778357,76882.66589282041,872.3129895061138,309.01850015418313,194.51051568597904,520.47792637354,5.091274024582792e-05,-0.0545167906527546,96,69,97.0867059522565
18038,950.1340697293828,161441.17576842924,75559.5008946387,76874.47704572108,823.216975954012,295.62841490285064,182.53769200496026,481.0338076822518,-4.310000998501478e-05,-0.0447309914153568,96,69,97.08595844996756
18039,950.137087075642,161468.84082480872,75541.65857468551,76902.91893696104,785.068683027348,284.20828052802244,172.14814287531772,446.8388515636616,1.8640585674168083e-05,-0.0473464237209065,96,69,97.08520214783468
18040,950.1547168519372,161507.20770741362,75566.35059009789,76914.40954649345,738.596672734071,267.09513688056904,158.69597944500856,405.91576738271397,1.3015168985904654e-05,-0.0446796788064075,96,69,97.08443704214228
18041,950.1570575227956,161536.46544073682,75577.7662064361,76892.38179869314,701.565184826206,251.47560657237773,148.23912010408822,373.34486343251774,-3.963869685866049e-05,-0.0398354745043346,96,69,97.0836631294281
18042,950.1740049301866,161618.64942870662,75549.1730099186,76892.88142735494,655.4779010827187,231.17411082278704,136.44434107650886,336.457848657883,5.094711580033433e-05,-0.0371451339046943,96,69,97.08288040648291
18043,950.177074950854,161611.3053805362,75571.34285950285,76909.29175118901,617.9710995829082,213.97652920844848,128.71675002932898,308.6618387020717,-4.257480534160837e-05,-0.0289663041047639,96,69,97.08208887034976
18044,950.1946486231252,161610.39871368316,75585.04308691635,76899.90785166739,572.1881113765412,194.24639576602203,120.20852869935334,276.2559609649179,1.7758756365525017e-05,-0.0102646970522328,96,69,97.081288518323
18045,950.1969430935836,161646.83801544682,75589.07789225712,76887.33407524218,534.6713475871366,178.54657460625458,114.72726683857036,251.2749198176316,1.391294801105206e-05,-0.011094289528052,96,69,97.08047934794892
18046,950.213948072452,161670.77448418166,75573.1188164073,76909.58740929281,485.40237361425534,159.05195027252194,105.67712923989166,218.2410114009399,-4.020564310142103e-05,-0.0326670326801551,96,69,97.07966135702418
18047,950.217061733216,161708.63997385377,75587.64743394913,76919.44731811041,436.7186359009356,139.98852941357472,95.4427387722535,188.5950736126979,5.096429002041647e-05,-0.0252125144042658,96,69,97.07883454359576
18048,950.2345730077668,161738.7251259869,75583.83851044656,76866.28169991114,368.78123062866507,113.5852948253887,78.33752747665858,149.17928927391768,-4.203565979293477e-05,-0.0418766052938025,96,69,97.07799890596044
18049,950.2368298266116,161770.8995354787,75577.7400415315,76923.76028341347,295.8707582161296,85.52614840904425,58.791247715445934,114.1767188164813,1.6871630682758976e-05,-0.0575038975363456,96,69,97.07715444266388
18050,950.2538990185968,161789.61399373313,75588.57054269646,76952.34107429025,204.32218408334302,51.69732913891494,34.720105651707854,72.83169081743108,1.480533428758773e-05,-0.0309229147699894,96,69,97.07630115250062
18051,950.2570462397056,161830.02902419365,75569.28088442756,76914.50400156014,118.04887866484933,22.69998302932072,14.407301670493325,41.33627897113911,-4.075859226564762e-05,-0.021571934046488,96,69,97.07543903451308
18052,950.274490309027,161876.7200116407,75593.49273472742,76910.43805802702,38.13769078045152,0.66702553248615,-0.0,11.596300790057285,5.09642705670405e-05,-0.0310070012095086,96,69,97.07456808799084
18053,950.2767187934296,161887.88433464614,75588.17937237695,76904.42601494843,-0.0,-0.0,1.5496167915698607,-0.0,-4.148276598763176e-05,-0.0435862064970232,96,69,97.07368831247072
18054,950.2938574868352,161861.41433703183,75585.10711067116,76935.33185505455,11.094637618516572,23.39883974644181,20.59603725830675,-3.2554779329511803,1.5979512160266024e-05,-0.0436871466724864,96,69,97.0727997077354
18055,950.2970273028142,161826.36070846923,75572.43477489102,76937.7399548986,103.6565521757002,81.09438046910509,63.231176951288944,15.318560334882932,1.5692030897039025e-05,-0.0304660284380075,96,69,97.07190227381324
18056,950.314401030754,161827.30236220307,75596.53534518363,76911.53933529799,274.55214486055775,168.55562585838197,125.40880005399231,44.25130470050499,-4.129736862075444e-05,0.0018139541321483,96,69,97.07099601097768
18057,950.3166109705668,161748.45957004817,75587.60988661567,76934.55356432329,534.3169912990415,285.3283257631847,205.55303028647904,94.20023023331305,5.094707104302268e-05,0.1960880758883301,96,69,97.0700809197463
18058,950.3338230741076,161674.26832138572,75550.37455343976,76925.7333260272,854.0119828535244,416.46692869269464,292.7917189546861,151.09645279755932,-4.091632104500139e-05,0.4399746202700271,96,69,97.0691570008805
18059,950.3370037776592,161642.6195546895,75581.36885561129,76890.1697333988,1219.1818135548383,553.5163458425232,380.7302153620112,223.54289959394373,1.5082705532946468e-05,0.2231714460788882,96,69,97.06822425538452
18060,950.3543058888072,161535.3423096415,75609.5395723978,76923.6352050115,1585.8035358591587,679.1637299173453,458.09381703898543,297.3568913185445,1.6572743135752604e-05,-0.2901076265004807,96,69,97.06728268450514
18061,950.3565071905828,161474.7785348912,75557.6492859325,76890.10355976092,1933.3754419052857,786.8935225397436,521.0893995579681,379.97332558524795,-4.18218013260814e-05,-0.1723158293472124,96,69,97.06633228973064
18062,950.3737952968831,161372.30854959754,75565.35394139729,76887.33387553466,2224.3123402653146,865.8909427654435,564.1105685820512,456.1620474254887,5.0912710387273e-05,0.0159507384345375,96,69,97.06537307279052
18063,950.3769745304764,161312.21204758616,75545.12656990156,76907.383551833,2453.2842366345576,918.0918790515861,589.6225235778547,532.8791567031003,-4.033652705419298e-05,-0.0488543824756484,96,69,97.06440503565412
18064,950.3942058394508,161219.8137045424,75542.9838487391,76885.65274800886,2604.630515284487,941.8723580593942,598.1129143653961,596.4604170300881,1.4181517141142606e-05,0.0019546844188462,96,69,97.06342818053092
18065,950.3964080697745,161165.42157945372,75562.77479666777,76905.80250354679,2692.420703942771,945.5240428926627,595.4359451913915,655.0527047002397,1.744717843479632e-05,-0.0071633676654583,96,69,97.06244250986876
18066,950.4137736663534,161118.4298729301,75562.64793698418,76895.2922293885,2717.0006135061267,931.2877834484243,583.552565676684,697.1103489373927,-4.23317248107587e-05,-0.0039199965402051,96,69,97.06144802635391
18067,950.4169383866206,161069.6063789439,75539.0891570861,76903.42103609219,2702.0642328928807,908.3654064785369,567.6181502091931,733.7614157641365,5.086121396376844e-05,0.0079148886447293,96,69,97.06044473291
18068,950.434102152299,161066.08060529182,75544.94097048062,76905.54184226923,2653.445402865298,878.7499190634699,548.5029196057585,757.5436122654064,-3.974358988385631e-05,0.0069488276018749,96,69,97.0594326326971
18069,950.4363138780532,161037.20056750657,75536.88634003222,76896.64525059977,2593.507451037818,849.6462342287123,529.5581043187121,781.6023483878525,1.3276254523960682e-05,0.0133305112796555,96,69,97.05841172911148
18070,950.453757843101,161014.6732616774,75559.76979093759,76890.41083482762,2524.475382723729,821.2136296293029,510.73354592872784,799.2498991193424,1.8315047023016472e-05,0.0021223041283547,96,69,97.05738202578424
18071,950.4568939781868,160997.70757536264,75565.46726223256,76901.7357882431,2463.1318668889,798.6075230144488,494.67120661135414,823.2127317267586,-4.282697843111127e-05,0.0038665633516027,96,69,97.05634352658107
18072,950.4739966070072,160934.8735461956,75567.23993303253,76918.80362684643,2407.035206389148,780.5263622421917,481.2606089275505,845.9702024188882,5.079261242623486e-05,0.0211840258778804,96,69,97.05529623560123
18073,950.4762242458012,160905.9368664865,75550.7769565284,76903.54492965832,2366.2969857315184,769.7348098117363,472.20198772655567,877.2975867166533,-3.913771971582753e-05,0.0077123246000875,96,69,97.05424015717642
18074,950.4937480145788,160912.55525677252,75536.15739355827,76891.74397507223,2332.930801177339,762.8445895352925,466.29561449497123,906.6618139460334,1.2367226192715796e-05,0.0167593928250534,96,69,97.05317529587076
18075,950.4968392922224,160850.44974675847,75534.46666058728,76890.27907685286,2311.759507594863,760.4420995695691,463.4352481648966,941.5457288265461,1.9176060922056307e-05,0.0253298246732399,96,69,97.05210165647938
18076,950.513892092919,160817.55886706203,75561.19789889362,76906.0019296172,2291.7686795928166,758.0364404285501,461.0881053687772,970.5605222812155,-4.330740657482512e-05,0.0309414844937532,96,69,97.05101924402778
18077,950.5161373088856,160775.3587283235,75523.26800483525,76887.5683136158,2274.4943061330123,755.2946462209948,457.937883340579,1000.0665582226065,5.070694207563416e-05,0.0523497571539918,96,69,97.04992806377076
18078,950.5337460789812,160795.56505750277,75535.13138837097,76887.69171585965,2248.569405163871,748.2985056893231,451.6827537464851,1018.8466010111151,-3.851913129868313e-05,0.0652542779955987,96,69,97.0488281211922
18079,950.536770042573,160729.23551616832,75549.35539134977,76866.4038739789,2217.219213746197,738.0205507502687,442.06819245705265,1034.8580694997509,1.1454741893645873e-05,0.0756516572249202,96,69,97.04771942200342
18080,950.5537949685412,160731.7364230622,75499.85128775497,76873.43602258118,2173.916955952591,722.9510357716645,429.0234691518708,1039.6983698496479,2.0029935042438186e-05,0.092405876459529,96,69,97.04660197214316
18081,950.5560461159456,160727.4899559663,75531.01175529901,76894.43861976599,2126.3757366394275,705.9429486330191,414.25533899338916,1043.232152713288,-4.377285868916385e-05,0.1052133887638012,96,69,97.04547577777603
18082,950.573761288787,160735.197304612,75538.71817009042,76849.50058034547,2073.271068908216,687.310796826263,399.4737119420606,1038.9214850526478,5.060424558113456e-05,0.1178104148604863,96,69,97.04434084529176
18083,950.576670359976,160733.67371402163,75529.80958965531,76853.55171893873,2025.5953209412983,670.5740847307316,386.8584376745566,1038.1246543371235,-3.7888043406553065e-05,0.1261110998474532,96,69,97.04319718130516
18084,950.5937317349787,160755.59384629835,75539.00451147972,76874.7101750727,1983.458537757222,656.1412656643224,377.8633944946632,1034.881426527194,1.05391121174537e-05,0.1112640517340419,96,69,97.04204479265344
18085,950.5959049182104,160736.26182304745,75502.37677671702,76849.8397288232,1955.1741102569504,646.3734777275677,373.30828888723045,1038.9366985560919,2.087638696080652e-05,0.0763086140769195,96,69,97.0408836863973
18086,950.6138950773378,160730.36234123277,75533.36759170025,76864.46392558234,1937.0490952844266,640.6205509491701,373.31775910110446,1042.160164830595,-4.422318940732748e-05,0.0681852981671361,96,69,97.03971386981888
18087,950.616090418187,160668.01431886086,75515.03470470496,76879.73896645097,1932.9656423048582,639.9596587137057,377.1600437219895,1052.773348711722,5.048457085529479e-05,0.0451451860541704,96,69,97.0385353504209
18088,950.6331313165838,160687.53278830482,75519.91846772887,76820.55382083185,1935.9139320744434,642.904729581991,384.04091065959074,1061.1971482401132,-3.7244678556882346e-05,-0.0008599738299576,96,69,97.03734813592628
18089,950.6360400978087,160691.76975587234,75518.40457954722,76853.98137732089,1946.6842536084005,649.3694287953986,392.4427056609711,1073.9137792686815,9.620648155870483e-06,-0.0188026183569696,96,69,97.0361522342766
18090,950.6537545830288,160672.2814380364,75516.13069497257,76855.54391428962,1957.9624019314651,657.318009646624,401.415121644648,1081.5992345045088,2.1715136969132343e-05,-0.0265656127879131,96,69,97.0349476536318
18091,950.6560281262268,160692.50680794095,75509.79822186359,76873.4309243861,1970.2985884277732,665.8214010384254,409.2780052819289,1090.964084599109,-4.465825896331705e-05,-0.0473759247112877,96,69,97.03373440236852
18092,950.6730290381664,160663.2700673435,75518.29057566338,76877.7498546754,1976.886604830739,672.4899442170135,415.3708377373405,1092.7446595606743,5.034797156258056e-05,-0.0361918648367008,96,69,97.03251248907966
18093,950.6760564873052,160634.27175048817,75531.61319695789,76854.43550677763,1978.2636947036954,675.986506535628,418.1453234332439,1093.6196169628238,-3.658926358867637e-05,-0.0265903154975288,96,69,97.03128192257338
18094,950.6936637892762,160623.6720610327,75514.16775945798,76848.82609576487,1968.8439590613125,674.2964863106026,417.336397409701,1085.6399160114815,8.699662434302852e-06,-0.0354572148605197,96,69,97.03004271187186
18095,950.6959320791128,160676.5669170801,75525.0394661423,76857.71852873308,1950.0290769215208,666.5617183868308,411.70421241107397,1076.8551614519674,2.2545908142398567e-05,-0.0222673684713442,96,69,97.02879486621076
18096,950.712956858007,160702.75069886693,75515.63335147835,76877.5988873754,1917.787550521607,652.0274335963186,401.8282681751589,1060.3958169002144,-4.507793230543266e-05,-0.0201245031517198,96,69,97.02753839503752
18097,950.716056291916,160684.4324617631,75495.7572754707,76884.23259970454,1874.8995861029834,631.2030439717782,387.4259031259862,1045.0455686600762,5.019450681264609e-05,-0.0381722049563636,96,69,97.0262733080114
18098,950.7335769228814,160693.86493996295,75510.6526676497,76875.18977525858,1819.6409078694996,605.2037400929694,370.39352468095603,1024.9332812377834,-3.5922028863142913e-05,-0.0440158814130699,96,69,97.02499961500176
18099,950.7358286690963,160730.2131274524,75518.03878035511,76851.36789684242,1756.2778919237899,575.8971437223663,351.506986773893,1008.7100981146214,7.776467368689546e-06,-0.0371531547294283,96,69,97.02371732608668
18100,950.7528990569342,160775.8234131837,75502.73193886911,76858.77447979977,1684.438395714329,545.4518441115943,333.4607855771901,989.2125916102377,2.336842604521514e-05,-0.0322560451233694,96,69,97.0224264515534
18101,950.7560486603192,160740.65354616675,75531.40574473588,76821.70060797335,1609.0442338509602,515.6602317202633,316.7761167997669,973.516996552964,-4.548207990419322e-05,-0.0233281217100469,96,69,97.0211270018958
18102,950.7734870744029,160747.7282642712,75518.16918713319,76858.74163006814,1530.8063805320417,488.04830219742144,303.0873069827503,953.7698153903184,5.002424188949074e-05,-0.0129146570574915,96,69,97.01981898781392
18103,950.7757242046152,160779.83809441887,75499.26811617352,76877.64353070119,1454.878069883678,462.98102216245024,291.220281694812,936.4575834602001,-3.524320908697436e-05,-0.0339666541311629,96,69,97.01850242021354
18104,950.7928514287609,160816.21090912158,75526.40422550001,76887.57828591252,1381.8201229788247,440.7776042703772,281.42304151286953,913.2699900921434,6.851376260628059e-06,-0.0519013674299435,96,69,97.01717731020408
18105,950.7960354448472,160840.5968852172,75549.36511891992,76850.6360006347,1315.5760835757246,420.6418401633273,271.5722021170077,890.9614864657633,2.418242015407577e-05,-0.0360398168962786,96,69,97.01584366909822
18106,950.8133923693744,160867.2887136462,75520.30286299299,76861.31338905156,1255.1715879233088,402.39452268742025,261.84884376853006,862.4390134887071,-4.587057769675271e-05,-0.0301566594295217,96,69,97.01450150841067
18107,950.8156215753744,160860.82403233528,75516.02037256143,76872.53594563677,1202.0341600555694,384.9510648060823,250.73533719489933,835.2926139214542,4.983724769735559e-05,-0.0345903863528552,96,69,97.01315083985756
18108,950.8328120003396,160890.72453190104,75509.28530395847,76877.24250824717,1152.901506721042,368.4433774303616,239.57198595881346,802.6283667031676,-3.455304213406263e-05,-0.0256164814926675,96,69,97.01179167535426
18109,950.8360168144748,160947.44287928846,75497.23578479538,76873.51419852333,1107.6254967207788,352.0882067470229,227.7676047209534,772.3306799722195,5.924702717761343e-06,-0.0283291812212588,96,69,97.01042402701556
18110,950.853292402417,160984.10185032434,75484.8782087963,76855.02039141154,1063.0908891177387,336.63650651036005,217.20810341701144,738.0529217012518,2.49876224488338e-05,-0.0130249727039442,96,69,97.00904790715369
18111,950.8555225905563,161003.18759388325,75545.8292148608,76878.23912472567,1020.2208742105286,321.8250420435652,207.38361046786304,707.4438809478015,-4.62433068323139e-05,-0.0085307709934985,96,69,97.00766332827806
18112,950.8727794190256,161003.8851772103,75511.52313661513,76862.54827057054,977.6649721529684,309.07673596673703,200.01110154183698,673.1425390723452,4.963359982097237e-05,-0.0154803204589105,96,69,97.00627030309346
18113,950.875992426424,161067.77941853626,75536.06451663988,76885.54025401818,937.795919739583,298.23237687457004,193.97322901157895,642.1344752359437,-3.385176993765898e-05,-0.0139676327580292,96,69,97.004868844499
18114,950.893187392644,161117.6294173777,75509.88204095498,76849.75954982899,899.9417658877792,290.3897011078225,190.161832281854,606.9788339724182,4.996760515475528e-06,-0.0162300782380138,96,69,97.00345896558778
18115,950.8954285708076,161094.75163053392,75541.53220439437,76882.81575565788,865.6675626391079,284.37114605199895,186.67668634149595,574.4667154173076,2.5783767865891097e-05,-0.0290046746244418,96,69,97.00204067964468
18116,950.9127525055236,161148.92006005134,75534.41480417245,76873.3183620288,832.6549700344913,280.1340018434421,183.9329206185066,536.9262067901727,-4.6600153906901554e-05,-0.0292431302258612,96,69,97.0006140001464
18117,950.9159618004892,161211.00594875184,75537.31165225773,76882.47620773455,800.8502539845067,275.25497109498247,179.82054272285313,501.88342009231565,4.9413380488297854e-05,-0.0259616975633503,96,69,96.99917894075922
18118,950.9330778934412,161218.30626282562,75507.60720555735,76877.67122841926,767.1389526114799,269.1404326072807,174.93831437517656,462.9097167989821,-3.3139637646528293e-05,-0.0259052143570196,96,69,96.99773551533885
18119,950.9353405431827,161237.55941450808,75542.54343359865,76885.69018084458,731.5315721530351,259.6520411030069,167.86209763784427,428.16724462332786,4.0678639653493326e-06,-0.023377578090996,96,69,96.99628373792852
18120,950.9527301010336,161311.90966784357,75549.3556843959,76904.98090217056,691.7164692419465,247.46515611975337,160.14021870485158,390.9524334354501,2.6570595234822103e-05,-0.0146061722206439,96,69,96.99482362275856
18121,950.955924475066,161313.89066839204,75562.31278678913,76888.28110414371,648.9451111948583,231.8160436127946,151.11601263136254,359.1812835930905,-4.69410112607992e-05,-0.0265928154908841,96,69,96.99335518424476
18122,950.9729646612504,161381.61902743054,75539.45846932086,76918.82162146724,601.7511272757547,214.44929198939644,142.54817880800692,325.4614840998547,4.917667688630472e-05,-0.0395827778999298,96,69,96.99187843698718
18123,950.9752593160072,161372.60110835364,75538.54886634364,76888.7748110437,551.2917717798846,194.74336949258577,133.36455290508457,296.18826110937516,-3.241689418492596e-05,-0.0326700126600383,96,69,96.99039339576964
18124,950.9927110113888,161408.33233325504,75535.87353379784,76867.15456927248,494.9679385050549,173.70459526556078,124.12662173478748,262.18430929936585,3.13832708151341e-06,-0.0271395020657573,96,69,96.98890007555774
18125,950.995880087298,161444.2154417027,75537.99509944589,76891.49989256781,432.7715678034583,149.26641054896754,112.19650259014452,229.57592717531952,2.7347846259762608e-05,-0.0055215593472492,96,69,96.98739849149838
18126,951.0128485785576,161470.06862998614,75549.76255591548,76894.82428216533,361.48577431886224,121.52955985284643,97.01467767887516,190.0993169285648,-4.726577608753712e-05,0.0046422959153072,96,69,96.985888658918
18127,951.0151855126776,161522.49919679225,75525.78601338518,76906.59634623067,282.32537082297495,89.16130976582645,76.48903075838462,151.4931262183818,4.892358183845657e-05,-0.0179129828046865,96,69,96.98437059332213
18128,951.03269398796,161552.9226038525,75563.23847565518,76879.28970037839,195.9591017512139,55.32478564538178,52.55835706437938,107.587992366869,-3.168379180726881e-05,-0.0142017378509294,96,69,96.98284431039332
18129,951.0358284229404,161589.4008577175,75559.08147996424,76893.7043014772,111.32408344192663,23.53116665703419,27.40188519450021,69.36344730312703,2.208464048837029e-06,-0.0171378537822215,96,69,96.98130982599116
18130,951.0527305955968,161625.22930305265,75556.17868633979,76873.42797394036,39.36941435537301,2.482419609063072,7.801968981162645,33.341163877310464,2.811526623859052e-05,-0.037124021001709,96,69,96.97976715614944
18131,951.0551195934186,161663.01502790925,75527.06329775075,76892.27024752501,-0.0,-0.0,-0.0,11.611748757073656,-4.757435170503049e-05,-0.0274829638121223,96,69,96.97821631707706
18132,951.0726777215784,161651.6215532851,75552.54966839564,76900.4642502501,11.94009998528054,25.813906645023962,11.996192198479548,-0.0,4.865419361477479e-05,-0.0192143717913924,96,69,96.97665732515463
18133,951.075769455012,161652.2498062122,75562.42603925694,76883.69438779663,96.7007028888911,84.03723107886617,47.490915119298734,9.380610738968244,-3.094058590065325e-05,-0.0344668981125411,96,69,96.97509019693511
18134,951.0926116748708,161601.02822890691,75564.75354867637,76875.45966598486,264.82278467854485,176.2567672564328,108.12671751037124,32.94584334254614,1.2785887141646158e-06,-0.0295742460369463,96,69,96.97351494914147
18135,951.0950618796757,161567.7527006297,75546.21094109562,76887.76206095207,520.0417858823203,295.7964182261785,189.18193559272913,77.82364489254542,2.887260407711775e-05,-0.0298057660040478,96,69,96.971931598666
18136,951.1126608356316,161515.56743382147,75538.21161008402,76903.09831537069,848.0318203942734,433.48862316354644,283.7109465368558,133.18516095125233,-4.786664681058139e-05,-0.0354696431491768,96,69,96.97034016256907
18137,951.1157033836436,161453.54699158747,75526.98886918835,76879.02629036219,1227.0254798916285,574.7407007402071,380.8123031849391,203.70136483575334,4.836861612720246e-05,-0.0224924190614762,96,69,96.96874065807756
18138,951.1324927263908,161371.69928692043,75547.43517668713,76909.31740036188,1621.94074734702,707.4997572113934,471.2274230293988,276.7597712723946,-3.018753511274956e-05,0.1036465083394277,96,69,96.96713310258411
18139,951.1350125945372,161263.9210805649,75511.91659343443,76893.85235437464,2000.5940024474403,819.8676421337877,546.2701789806597,356.022425436473,3.490149854221936e-07,0.3492677160230654,96,69,96.96551751364584
18140,951.1526418634064,161195.02667035416,75556.20147676038,76888.00806288599,2329.7839809384313,906.6998160429648,602.1006561830291,429.1458078302385,2.9619612008271835e-05,0.3315409670614015,96,69,96.96389390898256
18141,951.1556306933908,161118.67329925962,75517.0803282926,76900.75946940288,2591.3891657870845,964.8701872517122,637.0807630727941,502.152278835536,-4.814257535510432e-05,-0.2130625189428107,96,69,96.96226230647638
18142,951.1723745151496,161071.0059950955,75531.13229634897,76882.61954619433,2773.444130379765,997.6032197861787,653.9578380151361,565.2349259333278,4.806695831805795e-05,-0.3476679896394468,96,69,96.96062272416998
18143,951.1749719423252,161006.5975154222,75519.08854476754,76883.10573395468,2881.270509035501,1008.1163212061219,656.0495609796781,626.2874758193502,-2.942490144860057e-05,-0.0606797060106307,96,69,96.95897518026533
18144,951.1926191804672,160965.899343075,75494.10927701835,76870.63389775537,2922.9902922565234,1003.0759924662416,648.4367512786412,676.8237892727484,-5.799438391776964e-07,-0.1195699682251199,96,69,96.95731969312271
18145,951.1955522639636,160884.45276294387,75528.73539732084,76902.82507664042,2917.963855054113,986.5096494116151,634.5741252519074,726.1119268054899,3.0356046229744444e-05,-0.1201522747356804,96,69,96.95565628125937
18146,951.2122574950632,160869.9552314569,75504.71143251756,76891.20386840115,2879.924565137946,964.2407590985531,618.1270429906435,765.8977068104141,-4.840205731009922e-05,-0.0971641319285473,96,69,96.9539849633483
18147,951.2149402878182,160792.7327702933,75492.92138765624,76929.49953560001,2827.0202900801087,938.862005572606,600.8309966977977,804.8439174579107,4.774933448565982e-05,-0.1294198879128508,96,69,96.952305758217
18148,951.2325908110582,160763.56769957772,75544.51649393677,76862.07035770768,2767.242877642275,914.6219499508443,584.7644616059843,834.5312204306247,-2.865294963820991e-05,-0.1254859724564536,96,69,96.95061868484603
18149,951.2354696433656,160740.13469783272,75533.71898710745,76882.51071521177,2712.1637779073208,892.7315430792223,570.7282042499864,864.606939850375,-1.5079748125692096e-06,-0.124081033430884,96,69,96.94892376236795
18150,951.2521414198752,160713.582754465,75496.24722680572,76900.54783637454,2663.223349258187,876.2857756094163,560.1938998342957,887.27593387253,3.108166675818694e-05,-0.1252972077443306,96,69,96.94722101006629
18151,951.2549186465808,160727.9576325616,75517.92086035897,76900.74749534165,2626.984778712329,865.4034813999024,553.504513630236,912.0075822478102,-4.864501800057359e-05,-0.1312804627223929,96,69,96.94551044737366
18152,951.2725538027894,160641.47319829516,75528.33788970242,76868.71431745343,2601.107252658927,861.5764381461049,551.1260080304637,930.7208545198082,4.741586448073231e-05,-0.1370098289805606,96,69,96.9437920938712
18153,951.2753859360126,160672.02480041498,75519.38598793616,76891.98383737414,2589.65324015409,862.8174262262619,551.9217753037519,952.6621685270802,-2.78719474561129e-05,-0.1307827143083116,96,69,96.94206596928682
18154,951.2920240384184,160628.78300138976,75505.34283726233,76905.12633112888,2586.9787088147714,868.3372672549012,554.4650462242425,968.575665354263,-2.434765397520014e-06,-0.1558701320285044,96,69,96.9403320934942
18155,951.2949105912994,160596.4089021449,75526.20127259666,76861.37076340833,2593.425422182947,874.3647359708411,556.1017433308298,986.0574714247487,3.1796237080598987e-05,-0.1561383780221805,96,69,96.93859048651127
18156,951.3125013146748,160589.10534315117,75553.02987229591,76893.18874227187,2599.5545636930037,879.1087252722937,554.6724266382807,995.4081358761468,-4.887138859024744e-05,-0.1425969830909325,96,69,96.9368411684992
18157,951.315310637459,160579.40928571756,75521.28934205745,76918.71691398341,2603.5643300522934,879.0764686823968,548.2427616074856,1005.1787086340191,4.706667352396654e-05,-0.1419377635879078,96,69,96.93508415976116
18158,951.3318922675924,160559.8883814111,75511.14365226931,76869.8613573944,2595.3392510925187,873.9983351592964,536.6357675599284,1006.7954315599636,-2.708216567062041e-05,-0.1283522878411235,96,69,96.93331948074052
18159,951.3349410261156,160580.6090075901,75540.89356511299,76906.30419039466,2575.3492480721907,862.8421184038889,520.8673684212263,1009.6699530718324,-3.360004260096389e-06,-0.118925934073483,96,69,96.93154715202054
18160,951.3523649346254,160565.4131448342,75508.7062762639,76871.0599102599,2538.621265749971,847.7498230558267,503.60669103075634,1006.6490975127963,3.24995247749005e-05,-0.1043741073761534,96,69,96.92976719432188
18161,951.3544542801444,160590.69140823302,75522.92025884757,76882.32395626506,2493.124982646492,829.627614582525,487.89006800422794,1008.3223868571804,-4.908110555080363e-05,-0.0878755826781248,96,69,96.92797962850236
18162,951.37184545643,160592.0238621237,75522.94235309253,76883.18959075377,2439.900549837097,811.7780686851474,476.7008982588595,1006.4320577818144,4.67018914889509e-05,-0.0793991520755089,96,69,96.92618447555536
18163,951.3749297497188,160551.17014925717,75502.02107554046,76893.26864428143,2391.5454943416407,795.307676754499,471.6796781582525,1010.5648730571556,-2.6283877419104223e-05,-0.0820065832869067,96,69,96.9243817566079
18164,951.3922485702096,160517.12118829935,75502.24760053858,76873.0402671777,2350.1069196155295,782.7748266125855,472.97808945548604,1012.0224565861863,-4.283380135380203e-06,-0.067709224001922,96,69,96.9225714929204
18165,951.39437004663,160525.92332152216,75506.21427383981,76896.1007316032,2325.3486956492998,774.2188790214132,479.0846683468844,1019.5276736127853,3.3191301677318266e-05,-0.0623725932768583,96,69,96.92075370588476
18166,951.4118100873176,160544.14399863567,75522.39098691133,76894.23549129651,2312.9125202914583,770.83488981142,487.4557501243253,1023.4962983511505,-4.927411141599027e-05,-0.0774749621266403,96,69,96.91892841702312
18167,951.4149064595108,160553.07050663835,75505.44138113796,76888.40604986857,2316.01840006205,771.2499724676745,495.2279070901568,1032.4694282454439,4.632165399120323e-05,-0.0996059627953886,96,69,96.9170956479866
18168,951.4321326838424,160542.220326125,75530.61043117978,76889.15084027319,2324.7036896800273,775.1427614537388,499.90024483192246,1037.1632059583208,-2.5477359003100715e-05,-0.1414403101874574,96,69,96.91525542055425
18169,951.4342875869896,160498.13689618424,75546.41618234469,76881.05256287403,2338.813636579842,780.0388801101217,500.0186707901885,1045.368195098883,-5.204583013864906e-06,-0.1780038585321178,96,69,96.91340775663136
18170,951.451782833,160487.46247143805,75529.70537084507,76877.91070228929,2346.930206972349,784.868356715393,495.1679716820654,1046.7938914836268,3.3871343352033906e-05,-0.2058738834450518,96,69,96.91155267824855
18171,951.4548733539688,160500.49285401107,75488.20061330657,76891.83351023788,2350.515349571826,787.046536139067,486.2271528704732,1049.1940729833732,-4.945035426246973e-05,-0.2333387650195655,96,69,96.90969020756027
18172,951.4720157874048,160493.45244500306,75522.78982644911,76887.46637815579,2340.9158912979183,785.841824890711,474.60242361042765,1043.476766760199,4.592610124032519e-05,-0.2580421844622309,96,69,96.90782036684308
18173,951.4742095221756,160486.69328360097,75511.39642373688,76894.37167595033,2322.572360717866,779.6447020180349,462.2177237109863,1038.2945929892303,-2.4662888964609988e-05,-0.2528670107299083,96,69,96.9059431784954
18174,951.4917610422696,160528.84421907773,75514.05611150184,76873.39992700717,2288.8777062416193,768.759042605292,450.4157077302225,1025.5565082139801,-6.123303748127788e-06,-0.2421049360830102,96,69,96.9040586650354
18175,951.49483124582,160527.67522786313,75476.54786229492,76877.6323531499,2246.840837470023,752.6144342667685,440.26204082070035,1015.1287155322207,3.453942951297157e-05,-0.2420797631879038,96,69,96.90216684909976
18176,951.5118978101576,160546.98007007872,75510.78965982074,76864.46925918407,2191.824441628589,732.2384241848049,431.6202906873077,999.8645184947818,-4.9609787808179416e-05,-0.2293126840102421,96,69,96.90026775344248
18177,951.5141372517342,160540.03441449787,75517.8743320292,76861.5501347111,2132.284726045269,707.8717832737166,424.037185559253,988.7660684019502,4.551537909287284e-05,-0.2379465481007794,96,69,96.89836140093364
18178,951.5317428331082,160557.79863169746,75486.54974337075,76884.2056226709,2064.0557729171123,681.1993267000798,416.09838275713264,973.3258089323645,-2.3840748325402308e-05,-0.2525339727490471,96,69,96.8964478145585
18179,951.5347804373048,160551.30221902145,75524.5233416202,76874.76029177615,1996.5924297705642,653.2249795663374,406.8262599139707,961.5977801333938,-7.0392344557367616e-06,-0.2361215051908464,96,69,96.8945270174149
18180,951.5517792831714,160560.57446378682,75534.89161451608,76904.26117820233,1925.755828232679,626.1174212358019,395.0200687938195,944.8476608006167,3.519534426733905e-05,-0.2331835708136492,96,69,96.89259903271362
18181,951.5540715727958,160619.81400624782,75509.65206939899,76913.24125891004,1860.0968335964717,601.1623571683303,380.7126655355387,930.4088037261681,-4.9752371520257525e-05,-0.2504996980461536,96,69,96.89066388377584
18182,951.5717266301,160588.42045873622,75512.75012668116,76866.35558289963,1793.5886808654177,579.9540852283826,364.11504824022995,909.5559630016796,4.508963787791374e-05,-0.2414109216555146,96,69,96.88872159403223
18183,951.5747211056726,160650.622921223,75469.89007123647,76888.87686720713,1733.8824313197983,562.5450181205524,346.824666990462,890.3854106276995,-2.3011220652275653e-05,-0.2330643590181419,96,69,96.88677218702188
18184,951.5916610203876,160633.16998064605,75485.65441706011,76862.98932669898,1673.8182214643457,548.5914108804282,330.1127596310398,865.3348755039915,-7.952068157716383e-06,-0.2419628767211747,96,69,96.88481568639077
18185,951.5940129043776,160671.47747004585,75516.24299446009,76863.41594306428,1619.9906154199853,536.4105479996069,315.8391796827782,842.5177587803919,3.583887601542559e-05,-0.2286397377036444,96,69,96.88285211589036
18186,951.6117110067704,160696.6842162932,75506.56605839134,76865.53477285756,1564.247694749327,524.3969610659115,304.48201904445887,814.5976876296918,-4.987807071141613e-05,-0.2348352174846753,96,69,96.88088149937644
18187,951.614653455021,160700.42079225514,75504.97279412704,76897.30154478205,1513.8290868585464,510.89733816092485,296.3948665499338,790.0484605252568,4.464903322855434e-05,-0.2412088810859851,96,69,96.87890386080774
18188,951.6315439733108,160747.95178515383,75493.90158339661,76891.68644749593,1461.001087112585,495.33300700449036,290.1483284016431,761.8890152802924,-2.217459146305515e-05,-0.2227524217589707,96,69,96.87691922424504
18189,951.633961382011,160777.8494206027,75511.28106632856,76923.39515852802,1413.1539841071935,477.9671881635295,284.5543161514215,737.6255389808211,-8.86149952473839e-06,-0.2244860905509993,96,69,96.87492761384884
18190,951.6516946317436,160788.2956125579,75515.52443624681,76863.00036785207,1362.2671165310894,459.85159162810305,277.5570169526327,709.6680033818411,3.646981727354095e-05,-0.2325028629813895,96,69,96.87292905387932
18191,951.6545777836416,160822.63570017778,75547.45149683,76887.01366583027,1316.4311868821387,442.30256511084735,268.69153119364637,685.1715696992178,-4.9986856071039935e-05,-0.2263526754661625,96,69,96.87092356869422
18192,951.6714291489028,160813.53365576253,75507.82286475928,76849.37987947445,1267.4732078752131,426.2080129409005,257.53242876176955,656.6297312883544,4.41937254315893e-05,-0.2253563976348815,96,69,96.86891118274748
18193,951.673916905905,160881.55171838836,75503.08489381829,76871.72025555189,1222.9343162044534,412.09681084413023,245.5115482757392,630.6293145045638,-2.1331148715483904e-05,-0.2320839201704382,96,69,96.8668919205887
18194,951.6916762552546,160862.732607169,75515.84963962865,76873.29438942118,1174.02637695038,399.5247318759939,233.47884414720465,600.1699883503024,-9.767224143774284e-06,-0.2397407531172934,96,69,96.86486580686098
18195,951.694494514777,160928.11097029035,75504.12947237385,76841.00349643655,1129.0953012163518,388.0561125173699,223.115902070218,572.6939900869329,3.708796530445145e-05,-0.2434490564885097,96,69,96.86283286630012
18196,951.7113175542452,160950.7792968837,75499.26990795943,76885.73835118838,1079.4760709739057,376.5080194507318,214.29604289744748,542.134119054157,-5.007870450678615e-05,-0.262408880635338,96,69,96.860793123733
18197,951.7138791715196,160962.9092795389,75481.01944434053,76889.77432588274,1033.2807403322076,364.408129078045,207.06040130235488,515.4611740681576,4.372387990657302e-05,-0.2717935817334068,96,69,96.8587466040767
18198,951.7316547126552,161016.95140812168,75482.86227790946,76859.20484444212,981.4605348128825,350.75452004272665,199.71264941280242,486.421609435929,-2.0481182436832594e-05,-0.2667137668162106,96,69,96.85669333233685
18199,951.7344042090268,161020.70506065342,75510.50551369324,76859.3737945032,932.925857345399,335.780231810626,191.62419747421518,461.4174137793889,-1.066893953544747e-05,-0.2847069220795191,96,69,96.85463333360624
18200,951.7512101540368,161031.77506633167,75517.22303242487,76843.12073474786,878.5911729173968,319.0241277827881,181.4835693311761,433.70171888917685,3.769312133917668e-05,-0.283265996572934,96,69,96.85256663306404
18201,951.753847694193,161064.41278490887,75525.31941255079,76869.97156313733,827.2592590234126,301.33736173833313,169.97457720086095,408.4200592087873,-5.015359829891285e-05,-0.2648953073682065,96,69,96.85049325597409
18202,951.7716289347012,161070.6889319443,75488.50226961444,76855.72386075727,769.977712453925,282.39393747567374,157.34651113161817,378.8260440424201,4.3239666483127975e-05,-0.2689975085687395,96,69,96.84841322768338
18203,951.7743075665402,161149.90296863642,75509.88069665122,76854.32945201872,716.677139731124,263.0648720768513,145.34485352077172,350.2578262705938,-1.9624984732785352e-05,-0.2553719814746927,96,69,96.84632657362144
18204,951.791107834708,161160.275536399,75506.36496509677,76865.75191832108,657.7124907472171,242.30526057636598,133.98893751113792,316.5107589352119,-1.15663445922211e-05,-0.2591704485007675,96,69,96.84423331929852
18205,951.7938218334708,161200.2433937636,75516.49074018553,76889.41441243952,600.998370297777,220.08070037794823,123.54096465065959,282.56862072242075,3.828509180509859e-05,-0.276455424148348,96,69,96.84213349030452
18206,951.8115979588948,161228.30618973705,75510.89682901955,76861.99193674528,534.2628375933855,194.18354015289515,111.92798541375669,242.8906847856706,-5.02115255146174e-05,-0.2403109928232386,96,69,96.8400271123075
18207,951.8142054239088,161251.59152307158,75501.9539945603,76846.4655004016,464.1913816820015,164.24236709126853,97.86838744045235,203.09889523265883,4.2741259958574526e-05,-0.2232552705979483,96,69,96.8379142110525
18208,951.8310113713992,161285.38991613142,75497.37419129293,76849.82151743052,378.0426071432885,128.62353168638947,79.20168428192846,158.971603706741,-1.8762848835724635e-05,-0.2510464139693917,96,69,96.83579481236052
18209,951.8338008209528,161345.29372433695,75505.1646690893,76869.21675890152,285.61936687421985,89.55251516246062,56.690236531198025,117.01956565867295,-1.245913994658736e-05,-0.2532594190867198,96,69,96.83366894212656
18210,951.8515609372909,161410.82809699452,75533.43964047989,76883.27525665215,182.25551136489958,49.734130362950964,32.1594653117354,75.07450948483893,3.886368731431126e-05,-0.2559145389113872,96,69,96.8315366263193
18211,951.8540987502988,161434.39915659398,75538.701010992,76888.76346967487,90.71176331001334,17.268449012262863,11.290340992069105,40.99681939967559,-5.0252480249931856e-05,-0.2651365489413493,96,69,96.82939789097875
18212,951.8709213937266,161426.43951134023,75526.08054729426,76889.31494404128,19.077681762573775,-0.0,-0.0,13.59416266347398,4.222883971710386e-05,-0.2498468439547713,96,69,96.82725276221592
18213,951.873783796387,161457.06760908046,75523.29791431739,76878.26618037953,-0.0,8.976707541485666,5.732727897295263,-0.0,-1.789507094778501e-05,-0.2410755366087162,96,69,96.82510126621064
18214,951.8915171344524,161465.1608958032,75553.69188882598,76869.06281912893,44.93831623205915,50.65142505361291,32.878159825719194,-1.552927503187675,-1.334702795055347e-05,-0.2490130410748847,96,69,96.82294342921126
18215,951.8939886501628,161438.27161644792,75513.23999901045,76890.02912170628,181.00700064765988,130.09780295404198,84.06355747423368,14.222671638446627,3.94287230294542e-05,-0.2325123370162219,96,69,96.8207792775326
18216,951.9108383423974,161423.46992700992,75534.23390713976,76886.28011071976,402.49622117413674,243.2428464650875,156.44973726265016,43.61446296880604,-5.027646199236863e-05,-0.2233974877473065,96,69,96.81860883755506
18217,951.9137698619292,161387.10801486284,75513.22562919324,76878.5724147815,712.0480131138465,383.0027869868354,244.92002126053558,89.03963760202168,4.1702589766023664e-05,-0.2253342354381217,96,69,96.816432135723
18218,951.9314659021812,161262.73257530018,75524.1306937444,76872.08940635601,1077.8804198674043,534.3462839227141,340.3938687739719,145.02095357544022,-1.7021947910448185e-05,-0.2158468453936777,96,69,96.814249198544
18219,951.933876389475,161256.1669396185,75528.37373194228,76879.48043421138,1481.1353892460465,683.8262234852446,434.5234701267327,212.04344849428162,-1.4229713074223746e-05,-0.1028282204374426,96,69,96.81206005258724
18220,951.9507623957776,161168.49414914494,75508.94809624963,76887.89659881951,1875.7102978563053,815.5818200551585,518.3957766402746,283.6581623357197,3.998001935227269e-05,0.1584693551033589,96,69,96.80986472448204
18221,951.9537581818256,161101.25435170048,75526.36121146548,76912.32346479656,2239.9530976716196,921.3463243861916,586.8742014758172,359.36975346610416,-5.028347598762252e-05,0.1923593819300035,96,69,96.80766324091722
18222,951.9714065939264,161029.69671900704,75546.3126913045,76893.78217530245,2536.806614277244,994.3343707200838,636.1151665078942,433.1890612769639,4.1162698727777416e-05,-0.3376442578896758,96,69,96.80545562863944
18223,951.9737634953068,160939.39809454104,75536.96555081793,76880.11631319126,2762.760407815629,1036.8887812364846,666.4873395647737,505.07592904695775,-1.6143778846394192e-05,-0.5233353192577321,96,69,96.80324191445156
18224,951.9906932996644,160872.68404926136,75538.15608777967,76898.55993455854,2901.7486307352665,1051.096751946825,678.7836464524444,570.4294812947919,-1.510690147163396e-05,-0.2319939305154481,96,69,96.80102212521228
18225,951.9937482194392,160808.9830890272,75499.97372175849,76853.87969735613,2971.6482524650055,1045.4646971408365,676.7238823266816,630.5539536860888,4.051740091050418e-05,-0.2436064441904915,96,69,96.79879628783436
18226,952.01133828919,160764.16908694393,75512.63107585776,76861.79696446544,2974.882570283138,1024.8669517863018,663.1570406379178,683.1927188140398,-5.02735334453525e-05,-0.228969595134929,96,69,96.79656442928317
18227,952.0136521138696,160736.61072470885,75516.4571450004,76872.94870760106,2941.9389131302596,998.0140698428295,642.8498421456607,731.3557280054956,4.060935927678485e-05,-0.2045693474303982,96,69,96.79432657657593
18228,952.0306298320488,160664.76708365744,75473.46882661068,76825.84584918772,2879.0276247409056,967.7646905880392,618.8429067569668,774.3585371826775,-1.5260863756754695e-05,-0.2234769958217567,96,69,96.79208275678003
18229,952.0337405105082,160626.73980335842,75485.15584339353,76854.34792304959,2814.3156878635054,940.2944462587911,595.5907086920342,815.5226372184989,-1.5978301547993896e-05,-0.2015251039602146,96,69,96.78983299701255
18230,952.05125871728,160594.32247602023,75511.77901149729,76867.86294527717,2747.836582516087,915.9074346519046,575.2967868450505,854.1831711062987,4.104069740395615e-05,-0.1955370481832617,96,69,96.78757732443768
18231,952.0535465901704,160561.8016096749,75457.66206615244,76847.80629652792,2699.346252321033,898.6506201857846,560.9314437799039,892.4243531972461,-5.02466511520252e-05,-0.188198450351006,96,69,96.78531576626692
18232,952.0705673262128,160539.59249369995,75497.35820604007,76792.70996238629,2658.711005028512,886.5084699452709,552.368663547124,928.3000443966594,4.004276897417896e-05,-0.187254796753005,96,69,96.78304834975673
18233,952.073740681122,160465.4035968239,75506.45761051051,76841.54357458217,2637.4948219743674,881.5766314844805,549.8115407937148,962.2892696796334,-1.4373504557507369e-05,-0.1810030619013718,96,69,96.78077510220834
18234,952.0911574257184,160442.36497781152,75491.85445461313,76844.53487907423,2620.441246160888,880.0308898708754,550.3959304190939,991.8537097982189,-1.684362396224402e-05,-0.1639005701685502,96,69,96.77849605096551
18235,952.0934661591974,160434.1238287704,75459.67298036008,76859.43573039841,2616.0838723212946,882.4719473111763,552.2525909577089,1017.2257325508108,4.154974364473533e-05,-0.1639662441828934,96,69,96.77621122341404
18236,952.1104706203232,160409.10051771015,75475.82050068416,76839.54816269262,2606.6781863228534,883.6712035063683,551.5604554532911,1036.749059576192,-5.020285150353492e-05,-0.1578822312048876,96,69,96.77392064698012
18237,952.1138344107349,160399.5411089677,75490.51434642992,76847.11942379005,2600.4860725027393,883.8566485442425,547.1078484375321,1051.7015417788934,3.9463129560660335e-05,-0.1512665547811434,96,69,96.77162434912933
18238,952.1303946924676,160375.55851080955,75486.8526877322,76828.6473202778,2582.2017113451147,878.5803490249964,537.1737453747483,1061.9378385239688,-1.348200403516512e-05,-0.1464786963385961,96,69,96.76932235736558
18239,952.133091666418,160370.37750709793,75466.41013347359,76848.34759048057,2561.7534736593952,869.4789110735292,523.298533223191,1069.4933669904422,-1.7702581493819826e-05,-0.1302304587946943,96,69,96.7670146992294
18240,952.1505791261316,160394.21763570549,75461.49458681495,76815.41490755037,2525.518489741313,853.8364320406836,506.332550354884,1074.6793961604417,4.204437902280914e-05,-0.1162705289779734,96,69,96.7647014022973
18241,952.1536834162428,160355.5385344993,75507.4609785868,76810.9017854374,2487.502449964464,835.6438509966974,489.72107095841784,1079.059006964002,-5.014216287093838e-05,-0.1091588683516314,96,69,96.76238249418012
18242,952.1703326443132,160365.09404430471,75476.51771951711,76839.93190314827,2437.3290076156263,813.9042125044944,474.8480482379964,1082.288287599571,3.887064682570668e-05,-0.086417582977007,96,69,96.7600580025222
18243,952.1730072754306,160370.30824405217,75475.95621237066,76817.83566298874,2391.1607631230727,793.5743873764586,464.4393083124887,1084.918759898428,-1.2586666342321506e-05,-0.0694165283830657,96,69,96.75772795499988
18244,952.190592384255,160370.95487248,75484.47897750577,76844.71425809896,2340.1643262812286,773.7796901438123,458.2795587674191,1086.1947112154448,-1.855488947762421e-05,-0.0548684155845618,96,69,96.75539237932068
18245,952.1935742677504,160327.42621738944,75499.0228381355,76846.34177237902,2302.5168236418976,759.3514759138052,457.3506679452257,1086.5881908342708,4.252444817960599e-05,-0.0509094494623294,96,69,96.75305130322158
18246,952.2102427066734,160344.51808050627,75489.97102326395,76862.53271730209,2268.896199246403,748.5033862510463,459.73653166819713,1086.0793150427635,-5.006461891999502e-05,-0.0711919869676737,96,69,96.75070475446846
18247,952.2129511038004,160381.3002043194,75473.15796797436,76863.54095923157,2254.2624974164064,744.7063464725506,465.1811989286216,1085.9481179318682,3.826553065550058e-05,-0.0795840932340176,96,69,96.74835276085444
18248,952.2305867569276,160359.61180601286,75490.79359246926,76836.36383396633,2244.9328032204066,744.6710323918232,471.1794121648418,1086.9500132966205,-1.1687796521714424e-05,-0.0873658393055712,96,69,96.74599535019898
18249,952.2334700689056,160363.0708917721,75498.752217823,76866.96945856804,2252.306406304415,750.7651195482176,477.7340178004815,1090.212067526998,-1.940026531848223e-05,-0.1297058802009424,96,69,96.74363255034648
18250,952.2501475404008,160346.62853148094,75471.82969410747,76847.01513633212,2258.596971068706,758.4128298132855,482.9593558740453,1095.63068668067,4.29898006003725e-05,-0.1735896242612019,96,69,96.74126438916544
18251,952.252908775261,160356.66833398826,75490.2767713445,76843.6702224556,2271.706004647247,768.7516353733517,487.60844280276797,1102.660006125021,-4.997025927782021e-05,-0.2098832630666522,96,69,96.738890894547
18252,952.270570669709,160341.2974127836,75474.0258370997,76863.6780225935,2272.9813654370373,776.3363224672066,490.30912731797434,1109.4998215175583,3.764799575721695e-05,-0.2251525086475016,96,69,96.73651209440396
18253,952.2733647200624,160327.20477817804,75487.45794457674,76857.57817054942,2272.6356279769097,782.2079212591052,492.0123896774312,1114.2310858165438,-1.0785700690230324e-05,-0.2515122105361702,96,69,96.73412801666962
18254,952.290053077477,160313.01028254497,75481.00719698456,76847.65163725593,2254.405821656692,781.0896760292671,490.92173537408235,1114.8268792357412,-2.023842976826676e-05,-0.2520432739196194,96,69,96.73173868929646
18255,952.292875798691,160334.91216414,75456.48179189218,76858.88709650008,2230.576151430607,774.7769330191804,487.3922446197539,1110.2302051055594,4.344029089462185e-05,-0.2539352361814871,96,69,96.72934414025536
18256,952.3105461672786,160350.73199659062,75471.32580204346,76859.7593071446,2187.7758916625753,759.6125044311048,479.32664517950616,1100.2127420158358,-4.98591291960118e-05,-0.2769785936236851,96,69,96.72694439753396
18257,952.3132566633076,160372.70010859202,75462.0939417894,76865.12351346426,2142.0170771565754,739.8009707380988,467.58152525287005,1085.6997091843223,3.701825987052352e-05,-0.2513601315157144,96,69,96.72453948913582
18258,952.3299620321916,160376.1638367571,75520.12264923177,76831.1294351112,2081.872430188523,713.7470819422597,451.0921197629068,1068.1795745618292,-9.880685830864082e-06,-0.2521550907876582,96,69,96.72212944307972
18259,952.3328498114148,160386.54004216287,75506.63041388533,76854.72624805394,2023.8239204160054,686.9918840365717,432.2028701516392,1049.4296886420052,-2.1069105409392167e-05,-0.2550454953031689,96,69,96.71971428739754
18260,952.3505137305884,160451.35447069677,75489.9207295056,76857.04544195445,1956.9173158791382,658.422851079973,411.30223271017894,1030.7571442630724,4.387577921872877e-05,-0.2322053770172352,96,69,96.71729405013409
18261,952.3531457456376,160428.0052605121,75499.02791767861,76844.62580696738,1897.891031191335,633.1467650634004,391.7103816133458,1012.8865532212658,-4.973127933753223e-05,-0.2327898012032336,96,69,96.71486875934528
18262,952.3698759940692,160443.6808109808,75524.80227651019,76837.29847732188,1833.6711730304523,608.3939854439814,373.5656470552203,995.7381788357161,3.637654539049634e-05,-0.2190779365447671,96,69,96.71243844309764
18263,952.3728291211888,160457.67279371555,75501.88074394927,76872.23499783516,1777.7941635402385,587.2590827334643,358.9460585649649,978.8101648708398,-8.973059481893873e-06,-0.2023447598158792,96,69,96.7100031294668
18264,952.390473355265,160503.8667868249,75518.24965171397,76871.80384171665,1715.3775848190999,565.646784623008,346.20421742554754,961.204952513508,-2.1892017949442347e-05,-0.1978911270749746,96,69,96.7075628465365
18265,952.3930324195552,160494.95096256852,75516.178273543,76853.2354782525,1659.7389755714685,546.3800557782524,335.86262811283814,942.2447960524296,4.429613016625839e-05,-0.1944745753611323,96,69,96.70511762239744
18266,952.4097959950312,160527.67656846097,75489.55248222058,76858.56959746072,1595.5408164400724,525.5816001222265,325.19292133825365,921.3509539089864,-4.9586766285076776e-05,-0.1811518409646982,96,69,96.7026674851464
18267,952.4128122837192,160562.67953930993,75509.42764862695,76853.89188272315,1536.3171099388273,506.6677337407018,314.7167638653773,898.4957211354049,3.572307820136738e-05,-0.1700562344256599,96,69,96.70021246288488
18268,952.430424909022,160568.19365937705,75509.19036353118,76867.72552655263,1468.816561016487,486.59250473025895,302.7230284300749,873.584589377424,-8.063130094419297e-06,-0.1644094633802248,96,69,96.69775258371838
18269,952.4329174521814,160607.0138769564,75525.6264821063,76856.91739238313,1409.0034322881256,469.3316462332441,291.3781140069186,846.9799147496815,-2.2706896044466496e-05,-0.1625578941955944,96,69,96.69528787575486
18270,952.4497227089288,160649.96461643605,75507.79827235066,76871.93352110662,1343.904088649433,451.6320901316212,280.1636948384694,818.6915319190011,4.470121401389879e-05,-0.1681539557943639,96,69,96.692818367104
18271,952.4527979565028,160644.48532424934,75492.50246617015,76844.93767112968,1288.7177155841491,437.0494233808422,271.69053637670004,789.1963296064059,-4.942565188084232e-05,-0.1773126893279232,96,69,96.6903440858761
18272,952.4703682796512,160685.46903838075,75478.27082265419,76857.64119215799,1230.5237415551092,422.3416084697674,264.8935946090205,758.420526526199,3.505808844446639e-05,-0.158989063001113,96,69,96.68786506018093
18273,952.4728017893924,160717.40322813246,75505.80565630038,76814.1655920436,1184.5550674580736,411.2922505430033,261.13541723552044,726.9774300213612,-7.151206412490372e-06,-0.1467878899231362,96,69,96.68538131812696
18274,952.4896565337316,160757.3894128727,75486.78829618497,76847.14778170027,1136.3892216718523,400.5089641324448,257.604767244251,694.7898114363779,-2.351347103666072e-05,-0.1588231610230463,96,69,96.68289288781968
18275,952.4927848484782,160802.04876744302,75497.60661659014,76847.27420476596,1099.6582733241376,393.279730193055,254.4607816983771,662.544539046823,4.509090637700304e-05,-0.164653243568913,96,69,96.6803997973613
18276,952.5103034449533,160824.12746129182,75491.75802385158,76836.20148527712,1059.627603444329,385.57216198695824,248.6889929169265,629.8229776436347,-4.924800377817658e-05,-0.1624263755445922,96,69,96.67790207484924
18277,952.5126864778542,160853.03496566034,75502.53235263171,76855.14332810693,1029.3895251367358,379.65715492676827,241.35865183611168,597.0834047677636,3.4381809242830896e-05,-0.1651882532506635,96,69,96.6753997483752
18278,952.5295976301248,160891.62873004054,75505.5798682896,76860.95373857739,992.2468999797129,370.25985949083406,230.7750616396661,563.5247901162365,-6.237597830406643e-06,-0.1671236870203648,96,69,96.67289284602434
18279,952.5327717090464,160913.8670520924,75500.74281679028,76862.56746407789,960.0187597547192,359.12889184750384,219.58023966633482,529.7588433587225,-2.431147738826294e-05,-0.1602899550147556,96,69,96.67038139587405
18280,952.5502305074576,160939.72228930538,75507.98875949567,76861.69844507813,917.2532885656692,341.9534537398722,207.29481621607556,495.2585726005491,4.546508782277688e-05,-0.1542068795052511,96,69,96.66786542599289
18281,952.5525726120966,160995.50344397518,75549.33886312983,76870.7668806344,877.8659356803983,322.4250159733492,197.06580710195703,461.446039250528,-4.905389511684135e-05,-0.142986507383756,96,69,96.66534496443974
18282,952.5695459427516,161012.2975423538,75523.0006972619,76880.45316010366,827.7420149495592,298.36278290212795,187.78031952105812,428.1709126480273,3.369447797956264e-05,-0.1367118428685522,96,69,96.6628200392628
18283,952.5727573351376,161061.04089487813,75489.4680807021,76872.11316419436,782.1982798391255,275.2143413567537,181.46074822862283,397.0021864012524,-5.322613756654057e-06,-0.1334387641179604,96,69,96.66029067849864
18284,952.590149710366,161089.0540926663,75508.18000693597,76877.79363353513,728.8183568477398,251.64842117340595,175.61011025420157,366.8573673113424,-2.5100652632088644e-05,-0.117607250300083,96,69,96.65775691017085
18285,952.5924612940354,161127.51780840452,75530.38659533358,76858.63669520109,682.4285797114717,232.1123693317786,170.8954623490863,338.02341885102214,4.582364443892885e-05,-0.0957828266907309,96,69,96.65521876228932
18286,952.609501214866,161145.8683404807,75536.60962911224,76859.76549259329,627.287430472963,212.57494524715003,163.42203540194896,307.51199069150607,-4.884340436392495e-05,-0.0853427031448168,96,69,96.6526762628496
18287,952.6127405871088,161177.3069720032,75509.98355740875,76868.56144278195,574.616428564128,194.3053235403204,153.19756403422798,274.606970977562,3.2996335411019394e-05,-0.1077904577521624,96,69,96.65012943983132
18288,952.6300614417124,161186.10189413105,75510.65308760498,76859.72314174025,506.9343199825962,171.15869858318183,136.57403091763263,236.23531858890783,-4.406564174076663e-06,-0.1030811654589124,96,69,96.6475783211974
18289,952.6323535997892,161253.22383189274,75544.7592069939,76858.0824101332,434.8885833962122,143.9917924766778,114.89651662181132,193.56832625699462,-2.588073758077508e-05,-0.1077995039077665,96,69,96.64502293489362
18290,952.6494630009612,161288.41823870546,75531.4056704973,76870.76853838259,342.51484928902937,108.71631565052667,86.69731012993725,146.2909677278949,4.616646796514521e-05,-0.1192804425648481,96,69,96.64246330884684
18291,952.6527204090188,161375.26654022536,75531.15759281597,76872.5739478178,246.60726986307418,70.95314404564851,56.71277772478061,99.42194068038953,-4.861661564525883e-05,-0.1037947585871957,96,69,96.63989947096438
18292,952.6699662300506,161376.52067234507,75523.35414234137,76870.34366650881,142.2778778996435,33.29767823216389,27.40357719399617,55.750391447363654,3.2287625577576257e-05,-0.1024377438756614,96,69,96.63733144913353
18293,952.6722505517968,161427.06913019784,75528.73909427604,76874.6393133357,58.34558650676627,7.539687834520009,7.060311958979582,22.465016084897798,-3.4897589930327893e-06,-0.1047609181092342,96,69,96.63475927122016
18294,952.6894306793934,161456.34467785107,75519.945307927,76883.90936672801,-0.0,-0.0,-0.0,2.037032137217466,-2.6651476428964168e-05,-0.0891136412600646,96,69,96.63218296506751
18295,952.6926958509794,161458.21459655417,75530.27200022027,76885.77282983862,2.5063329817494377,22.36431604376412,14.326774636516348,-0.0,4.6493454940126726e-05,-0.0929510913186636,96,69,96.62960255849605
18296,952.7098647331824,161420.1235318646,75532.84018234373,76874.60407222626,71.14067627844634,76.55269695683091,51.41087632346898,15.39013953783433,-4.837361835348527e-05,-0.0835883110490361,96,69,96.62701807930188
18297,952.7121530957044,161385.43432117318,75506.4821312368,76893.63114509945,230.8589086094289,165.53331430825347,113.729699898744,50.10313076560851,3.156859602105975e-05,-0.0758190017776148,96,69,96.624429555256
18298,952.7294034655584,161341.0391164945,75531.85556871377,76859.24874681824,467.345292932936,280.3337840678869,195.0214388340537,99.10773708234774,-2.572508106349632e-06,0.0354144320192893,96,69,96.62183701410386
18299,952.7326660925124,161289.11784214337,75538.85168443667,76865.39964031316,781.8003473260324,413.72636223281734,290.27144358085934,161.72428270228556,-2.7412616178581155e-05,0.3098422501913187,96,69,96.61924048356376
18300,952.7497577205892,161201.74966510147,75544.83484039415,76894.85164471625,1137.422924916551,549.9342783479078,387.4117046218307,231.21347526175668,4.680450781029532e-05,0.3562328189790494,96,69,96.61663999132632
18301,952.7520620824654,161146.62252570956,75525.82035544787,76855.1970838241,1517.2800586242229,679.2534692230984,478.6587437899434,306.6500105197774,-4.81145076320199e-05,-0.1828015764830976,96,69,96.61403556505384
18302,952.7693804251844,161037.8244408269,75502.42787380467,76872.59107858267,1875.464304493682,788.2989636012935,552.7532643297454,381.4223436790926,3.083949750750167e-05,-0.371936795179084,96,69,96.61142723237874
18303,952.772630466695,161001.28446846237,75505.37593542885,76832.38355527609,2197.7414784921566,873.7034104234481,606.5555425606435,455.9294283121126,-1.655121183370212e-06,-0.0643486845488519,96,69,96.60881502090366
18304,952.7896460493392,160916.28625084282,75521.8637405179,76835.45655457664,2451.0752921066596,930.5141833712842,635.858390010806,524.9353311890445,-2.816390803259801e-05,-0.0947438435666844,96,69,96.60619895819924
18305,952.791978256853,160851.32778452613,75520.94289124686,76880.84352443785,2638.410798110126,963.1487638390099,645.1248330003291,590.3617508662574,4.709953423946533e-05,-0.0856472579417786,96,69,96.60357907180465
18306,952.8093604863664,160770.69739811323,75523.36768173543,76896.2242338764,2745.2819477821467,972.6309349045187,636.5260789728491,647.9141167806229,-4.783938341197725e-05,-0.0733117160294426,96,69,96.60095538922614
18307,952.812588485964,160739.8097735935,75520.43603320383,76862.45985821016,2792.493165561231,967.0186941812135,618.8586197933182,700.8043813286931,3.0100584145133496e-05,-0.1269358440070499,96,69,96.598327937936
18308,952.8295306322448,160682.58234434103,75509.80422023321,76839.13602969839,2780.1820947256056,948.8676896422985,595.7118084091344,745.6562424854201,-7.379083098167442e-07,-0.0853278766193969,96,69,96.59569674537197
18309,952.8319022548592,160659.24493215492,75500.50432686508,76853.72813307296,2737.161701006058,925.6802800938021,574.4037768894341,786.3382712468738,-2.8905106038133635e-05,-0.068435889277835,96,69,96.59306183893626
18310,952.8493424473844,160637.20034999182,75507.70981210371,76853.75072463506,2666.4659571869415,898.5826400019869,555.1127364248678,819.5844938304799,4.737844749880028e-05,-0.0746302281044282,96,69,96.5904232459952
18311,952.8525398722718,160554.22095371844,75500.59786535034,76861.66171566091,2596.412850768538,873.443195666332,541.4695241346781,849.6896349465824,-4.754835153425357e-05,-0.0653257323707047,96,69,96.58778099387764
18312,952.8694123951256,160542.6412077253,75496.43764176499,76866.7741933292,2526.521851187863,849.894719816919,530.5077532201249,873.6346751099918,2.935211317047095e-05,-0.0502112142458,96,69,96.58513510987471
18313,952.8718346147916,160529.02737220703,75522.0281875772,76855.62265215645,2477.227122137556,831.9405313898169,523.6957072759978,895.7422791035788,1.7882162555876336e-07,-0.038105248371347,96,69,96.5824856212391
18314,952.8893249743394,160529.0596316259,75553.0658545904,76866.0691205837,2438.636478414235,817.4846242330823,517.1833310269867,912.7270900588483,-2.9635968433571552e-05,-0.029695287406119,96,69,96.57983255518344
18315,952.892484597891,160519.34124079655,75515.10873369085,76877.59488583558,2422.393075189437,808.963751226911,512.8630796144425,928.8479287139489,4.764116622816465e-05,-0.014386296573575,96,69,96.5771759388806
18316,952.9092922154234,160488.89278356056,75518.82090114873,76863.15599805204,2411.3129793963744,802.9309312049008,507.7154546705715,940.525793589768,-4.724152270944489e-05,-0.0135192743716028,96,69,96.57451579946226
18317,952.9117758124092,160463.96570319374,75536.19177846225,76895.22011012031,2410.4705774576287,800.2102285698784,504.0199412822549,951.44334689065,2.859434473626445e-05,0.0037801416875897,96,69,96.57185216401824
18318,952.9293065755634,160451.20415042332,75547.24434330096,76890.46921626288,2399.819461872976,796.2113061320852,498.6467449128977,957.681049028004,1.0947594989763797e-06,0.0239501757794606,96,69,96.5691850595958
18319,952.93242295232,160440.39409760255,75495.08292133556,76869.45839720298,2386.082777387928,791.3171343284048,493.64637508807937,963.3047502343543,-3.0356256625276536e-05,0.0375006236594159,96,69,96.56651451319873
18320,952.9491708232528,160464.86745903757,75521.67471091873,76879.59027164569,2354.1902976370766,781.4875410025998,485.6554238369572,965.0933510448958,4.7887614954626606e-05,0.036763471953403,96,69,96.56384055178692
18321,952.9517263450743,160476.2274936339,75507.21679958898,76860.1338365085,2315.9518727165996,768.2336563063,476.68387132536736,967.4343217698042,-4.691901339257761e-05,0.0633367187102968,96,69,96.56116320227504
18322,952.969285520602,160456.5829110983,75506.86698900911,76881.87497650781,2262.1422136947513,749.6115736440843,464.10281885642326,967.2394727315987,2.7827541606959337e-05,0.0958032841001738,96,69,96.55848249153271
18323,952.9723556758354,160450.9148026422,75504.63363539633,76876.40216904767,2209.9022902447614,729.5880461082997,451.47752494958695,968.7938958637242,2.0095968872465828e-06,0.1127876587556921,96,69,96.55579844638277
18324,952.9890486123217,160433.57652954178,75526.25702294058,76850.45263227427,2153.276338728727,708.4146723837912,437.790180256241,968.66839894859,-3.10657362724433e-05,0.1293913545450873,96,69,96.55311109360086
18325,952.991686934948,160437.29245871023,75539.96904731591,76877.50226310117,2108.6949137898046,690.9710168851307,427.40790182494675,970.3487046771625,4.811772319280564e-05,0.1194878041016356,96,69,96.55042045991532
18326,953.009259609796,160455.04016623818,75497.73406383391,76880.89595555032,2068.3833068560343,677.4630295175739,419.2899253712676,970.1333601256483,-4.658094433779288e-05,0.121462873863751,96,69,96.54772657200574
18327,953.0122842860764,160440.67493576472,75496.55056652981,76890.61503035759,2046.3508901889436,671.6021272519429,416.95861283355043,971.6367177968496,2.705196999249031e-05,0.1060692423454711,96,69,96.5450294565024
18328,953.0289251875134,160446.74437046846,75524.39128570036,76842.88865515596,2031.8461739303311,671.6159622272389,417.72643552318914,971.6324425787025,2.923025979316723e-06,0.0589217980568819,96,69,96.54232913998602
18329,953.03165909468,160461.9309043481,75506.96297412082,76822.29254380093,2034.3638541218825,678.4560726205382,422.90637074707774,973.7412016603048,-3.1764176366529e-05,0.0174126599007676,96,69,96.53962564898626
18330,953.0492254458298,160383.35921449622,75538.03888273121,76866.52366491077,2040.1642761178664,687.98031527696,428.06469550388283,975.0260225392703,4.833142659394008e-05,-0.0157327755416206,96,69,96.53691900998189
18331,953.052212107402,160438.09397435852,75529.29364083016,76858.47866016436,2057.000265245966,699.4147936358058,433.64831325106206,979.0393977084314,-4.622744245006538e-05,-0.0392796329621612,96,69,96.53420924939935
18332,953.068797882054,160446.1530614389,75511.8886593973,76847.04887704416,2070.122140625259,707.942642627153,435.28331322735175,982.5711346427561,2.626789866130374e-05,-0.0431886329751783,96,69,96.53149639361295
18333,953.0716472514584,160449.9291334787,75525.6356246536,76875.95830402365,2085.512761172664,712.8778853700642,434.1737181429344,987.9438067447336,3.834739761909444e-06,-0.0416369059440371,96,69,96.52878046894322
18334,953.0891752644812,160397.5025969538,75483.8679433808,76856.53293421658,2088.5800936925225,710.7521531868115,427.68818579113577,991.067732323776,-3.2451350260449494e-05,-0.0596763158710284,96,69,96.526061501657
18335,953.0921493286476,160413.0907187438,75502.00352219192,76853.7631327093,2086.5070221295464,702.8292385570676,419.0957990773604,993.3581677596376,4.852866589587747e-05,-0.0566951412671543,96,69,96.52333951796656
18336,953.1086531298706,160398.81384611977,75519.73009849631,76870.50198345579,2066.6061142715625,687.8354937073746,407.3653836575104,990.7251020013937,-4.585863933668428e-05,-0.0413212007961778,96,69,96.52061454402876
18337,953.111674905786,160451.69205888535,75517.17534514476,76871.99719749358,2037.2348089690204,668.6251932821906,396.129647736263,984.8346611880406,2.5475598669053614e-05,-0.044207304929244,96,69,96.51788660594477
18338,953.1290609706518,160390.7990088467,75511.87045353939,76865.99804675556,1988.741394595767,645.2003525538603,383.9403330326313,973.260490290937,4.74443200670093e-06,-0.0395847967806602,96,69,96.51515572975904
18339,953.1322341847028,160455.5740112044,75503.74998560094,76853.79010549412,1932.3961724558612,620.8132158364315,373.1952948027174,959.246272028453,-3.312703479006952e-05,-0.0374175890964898,96,69,96.51242194145917
18340,953.1492756208926,160467.58465248605,75485.59552474953,76863.93687622875,1860.888964475016,595.2489556910878,360.95879669918213,942.038990379544,4.8709387984743234e-05,-0.0333125944269439,96,69,96.50968526697488
18341,953.1515531289838,160489.79572378274,75484.87501510221,76880.06718867854,1786.774479301006,570.9641131977842,348.53190180895035,925.1868899675028,-4.547467156035728e-05,-0.0216047030445163,96,69,96.50694573217751
18342,953.1690559481984,160496.9436079804,75526.53859806126,76870.47237082302,1703.459927648597,546.9097050200071,332.7992460306268,907.6436967811605,2.4675344111381635e-05,-0.0133890355360625,96,69,96.50420336287957
18343,953.1721833237748,160515.86399678697,75482.80598572831,76847.68236571236,1624.279357905034,524.7714498908754,315.9634400695213,891.2840103421477,5.651797462068044e-06,-0.0212052414801378,96,69,96.50145818483404
18344,953.1891588252026,160537.26657177825,75515.80839995405,76869.63804679178,1543.8152774248156,503.1317619108886,296.59509574173717,873.6241660095984,-3.379101143654236e-05,-0.0285029771177008,96,69,96.49871022373382
18345,953.1914839615496,160525.30786352957,75501.25365309115,76847.01297400195,1474.1732218683464,483.1648451927613,278.1962396474555,854.6247968036914,4.887354488827956e-05,-0.0278255189266868,96,69,96.49595950521088
18346,953.2090361112156,160578.55432746795,75513.44527782591,76866.86655264841,1407.9870496503427,463.2986143590242,260.1640830738179,831.4729913999618,-4.5075680719998894e-05,-0.0313734176558048,96,69,96.49320605483636
18347,953.2121331461422,160597.42610936414,75503.79649544433,76873.64048859496,1354.5593299795291,444.7133859769383,245.98457726169727,804.3427506142762,2.386741140660805e-05,-0.0346067839453858,96,69,96.49044989811934
18348,953.2290359993704,160647.85006834342,75521.08584102872,76871.15197790867,1303.9680220916052,426.30453984862834,234.3453150636633,772.3701999525947,6.556531549367897e-06,-0.0332371605704645,96,69,96.48769106050644
18349,953.2314255330534,160619.22975771505,75538.77966174726,76894.28999040979,1261.8900385918096,409.5946264719678,227.09943301419844,737.4210466870572,-3.444306551680315e-05,-0.0365346929265743,96,69,96.48492956738156
18350,953.2490147430306,160712.5699175988,75509.10245653479,76889.86003398277,1216.845202637196,393.99384059647855,221.44279975167592,700.9904911936901,4.902109443762761e-05,-0.0405008024220498,96,69,96.48216544406522
18351,953.2520770652552,160758.4918254988,75548.93107839972,76920.47768818206,1174.8991072390927,381.1087498951383,218.2082859761722,665.669295707572,-4.466181359182615e-05,-0.0429594397643771,96,69,96.47939871581366
18352,953.2689114226882,160762.5049889761,75555.86600941407,76869.83691845159,1127.1004120845464,370.0755113471823,214.46110739096184,633.178393956041,2.3052079129686577e-05,-0.0584165388523298,96,69,96.47662940781888
18353,953.2713764375532,160815.46623506685,75547.55207122899,76882.12005837845,1081.3022861456266,361.457196583171,211.19658065369003,604.2074588698451,7.45833134570676e-06,-0.0682285845515015,96,69,96.47385754520796
18354,953.2889912107516,160822.23947536646,75556.37418237461,76914.25894561573,1031.1386406036327,353.4659326658293,206.25895901949843,578.6310982654686,-3.508298658045276e-05,-0.0615947131672632,96,69,96.47108315304207
18355,953.292015173914,160869.81938115583,75538.40581504101,76883.20677483696,986.271696340933,345.93180109979585,201.40873876976548,554.2613615697192,4.915200035369871e-05,-0.0558465315689327,96,69,96.4683062563166
18356,953.3087857579354,160841.09839856514,75557.26135620935,76846.77234070793,941.2938901992165,337.04363921971526,195.14634573963122,529.8065163165738,-4.4233221530940336e-05,-0.0725326033611752,96,69,96.4655268799605
18357,953.3113374199104,160904.31316777738,75537.01729919993,76877.23477814168,903.7950793186319,326.7918403440126,189.14359243237413,502.47938149562106,2.2229628483890483e-05,-0.088128990799066,96,69,96.4627450488354
18358,953.3289631567164,160920.75998745512,75533.82113704496,76877.89372345492,866.1824269862263,314.01859615396825,181.8208543145156,472.7792380079918,8.3568948643707e-06,-0.0809885587087023,96,69,96.45996078773598
18359,953.3319492564584,160971.16625073898,75541.14400496382,76887.13357869943,833.5541811140138,299.2755429002427,174.6020167618699,439.44116871154984,-3.571056818571995e-05,-0.0684144796993734,96,69,96.45717412138843
18360,953.3486580993292,161013.75550725838,75523.93892766585,76887.4759453743,797.0595658418024,282.1347329421551,165.88518529885914,405.5767057755147,4.926623145366009e-05,-0.058772400296271,96,69,96.45438507445066
18361,953.3513108411668,161037.28439609028,75511.44885236489,76885.71523886791,760.5192065320443,263.6079280866543,156.83418796016485,370.93978608580073,-4.379006116055038e-05,-0.0575553828235142,96,69,96.45159367151186
18362,953.3689259694844,161084.99164892128,75536.97567647959,76888.31624548988,716.4541204252164,243.9244210406905,146.0496793934144,339.372695964179,2.140034239931529e-05,-0.0603466524915486,96,69,96.44879993709183
18363,953.371884451324,161103.69806435716,75550.5606493713,76873.72744086172,670.8411733084358,224.31095031010045,134.86726270790678,308.7394804729847,9.251921434299013e-06,-0.0399037759203151,96,69,96.4460038956406
18364,953.388522697803,161127.47971556033,75539.0554386879,76881.49657363335,618.806612647255,204.83481230857433,122.23901278278208,281.4212694479211,-3.6325608683893146e-05,-0.054232095184776,96,69,96.44320557153787
18365,953.3913068537375,161155.03227221948,75549.78972438416,76899.18605160821,566.3793740769615,185.58266373962397,109.35830879904097,253.01246866371366,4.936376277299224e-05,-0.0532634001219071,96,69,96.44040498909304
18366,953.4088596897242,161194.853588544,75533.03736334706,76886.28245121593,508.1100734854117,165.22051698587893,95.16302009337232,225.30086732760537,-4.3332493453280994e-05,-0.0246278600694159,96,69,96.43760217254405
18367,953.4118683018418,161210.4533152533,75535.28166941916,76900.42084884367,447.5490291026654,142.37288169920794,80.45769165208912,192.95930582060828,2.056450654601012e-05,-0.0164573510709951,96,69,96.43479714605766
18368,953.429167985938,161273.55956657452,75543.04338969533,76881.75082888729,377.1386935241171,115.49357401339512,64.02172465765034,159.5861405271571,1.0143112095828492e-05,0.0005047120829501,96,69,96.43198993372862
18369,953.4312596375268,161293.24270738338,75557.8241332673,76921.36529158997,299.62607917987043,84.57510731098591,46.6880194915575,121.29018320370233,-3.692791050381138e-05,-0.0299871997549261,96,69,96.42918055957956
18370,953.44881007527,161344.46698233328,75558.80199709859,76898.56174190942,211.29527822969249,51.68780356478237,28.40615473955404,85.25426317221718,4.944457476447824e-05,-0.0489685928224021,96,69,96.42636904756048
18371,953.4518523577262,161377.28450102566,75566.77845361542,76890.43685573184,123.21957135380944,21.642532874568133,12.058087656652788,49.29589806855074,-4.286068439963182e-05,-0.0409228234572657,96,69,96.4235554215482
18372,953.4690369059664,161380.73989615086,75554.77671666056,76909.36869855248,44.94152318401029,1.6793711532809539,0.7497697843937203,22.586984956345987,1.9722407805847256e-05,-0.0563683293671555,96,69,96.4207397053461
18373,953.4711937846658,161438.1970371399,75561.46508344014,76874.95306302761,-0.0,-0.0,-0.0,2.9619041609112173,1.1030169008535632e-05,-0.0467706216296604,96,69,96.41792192268407
18374,953.488777486944,161444.27628879063,75545.47337245864,76937.33902335065,7.10808972659288,24.44894933149044,14.479189325473271,-0.0,-3.751728044974309e-05,-0.0342622970892441,96,69,96.41510209721758
18375,953.4918200120424,161444.13324669105,75577.1166816825,76926.01366506422,89.87598715384956,79.69287245812302,48.55280646041501,8.773777230264386,4.950865347122773e-05,-0.0302067839683816,96,69,96.41228025252772
18376,953.508909922839,161404.4045409908,75584.09555299526,76892.48958323957,257.0913504688069,166.54946334859414,103.20003047783393,36.47860236905399,-4.237480470936852e-05,-0.0292904281745001,96,69,96.40945641212086
18377,953.5111299438288,161333.95399691397,75554.90742160109,76891.88667709882,511.0453527288046,280.0205421754363,176.43288971611764,74.91804119912558,1.8874335565393485e-05,-0.0202499451168144,96,69,96.40663059942815
18378,953.5287513046876,161314.4670511221,75554.85313576028,76929.05946812111,834.2501060018549,411.2599207404128,262.3159067882225,130.1692511344736,1.1912796192641513e-05,-0.0128260777564185,96,69,96.40380283780516
18379,953.5317768377264,161246.50502446073,75572.07386110068,76927.37201711442,1202.7838025795645,547.533417353261,352.64389159023995,191.49185836856486,-3.809353033932983e-05,-0.0133068446823796,96,69,96.40097315053175
18380,953.5487839857384,161202.49285709983,75567.19033459084,76913.74647531808,1580.9957961182226,676.6274679939379,438.19210999069037,264.32226512546185,4.955599068068131e-05,0.0660688500202909,96,69,96.39814156081144
18381,953.5510715242228,161121.51353628316,75578.8405502305,76916.49133289792,1937.3485661394661,787.1786185273231,510.7046509605716,337.22693750067265,-4.187502946868487e-05,0.3121001526690104,96,69,96.3953080917717
18382,953.5687279510172,161019.23696561315,75567.80518463765,76916.61653755835,2242.3113707363955,872.8135727546614,564.6190235579852,416.62755589172593,1.8020580549699534e-05,0.4440296207824889,96,69,96.39247276646292
18383,953.5717246066862,160996.81357612027,75573.92851931472,76918.6438768105,2480.3415558970883,930.1220695484371,597.3929796191223,489.87602443329524,1.2790699521217618e-05,-0.0111810262421868,96,69,96.38963560785866
18384,953.5886585987593,160903.42145458283,75603.01990028386,76923.56936408236,2644.196843083191,961.0866087356408,610.2101967189228,563.550938080094,-3.865647613357483e-05,-0.3323148518561926,96,69,96.38679663885505
18385,953.5910200475804,160834.23726943412,75588.06810780804,76946.71559517623,2739.3901068418636,968.894217520341,606.2632527644746,625.327495785692,4.958658374681182e-05,-0.0582461883732344,96,69,96.38395588227073
18386,953.608705055104,160794.96767587404,75555.64982350463,76922.47579945592,2775.829632798035,959.8279974437464,590.9496323439525,684.0244891556213,-4.136153841563047e-05,-0.0274414724740434,96,69,96.38111336084631
18387,953.6116643348436,160707.8160057758,75599.74176653683,76947.31060874824,2768.6772147124284,938.5928246438125,569.1847375164507,727.9883014912775,1.7161435695393474e-05,-0.0486631408203497,96,69,96.3782690972446
18388,953.6285340305642,160722.1630837228,75556.61134802391,76896.14379248547,2731.7183467721916,911.4055151366483,546.3176452321059,768.4792057666928,1.3663586486519127e-05,-0.0062411497935084,96,69,96.37542311404964
18389,953.6309761792128,160697.37838233836,75522.33572989778,76921.95130935537,2678.5504960299004,881.8343466154911,525.5102618929232,796.2573513530078,-3.920593837860907e-05,-0.0284722083075531,96,69,96.37257543376704
18390,953.6486809788366,160684.5209713055,75550.88522338159,76950.98187056949,2619.844484133355,854.7986806770641,509.75899894780014,825.3871546975279,4.9600436029266966e-05,-0.0010276923303985,96,69,96.36972607882367
18391,953.6515962427992,160647.7010235978,75563.18070608188,76952.49788515097,2564.5735175647424,832.0784130485845,499.33875195428845,846.1478745995555,-4.0834515901169775e-05,0.0029267908917573,96,69,96.36687507156716
18392,953.6684121164874,160591.304585406,75559.16120565661,76916.31862072092,2519.150649612362,816.7318621601444,494.83600486893556,872.3948301282071,1.6297194804647633e-05,0.000267220998895,96,69,96.36402243426552
18393,953.6709373388744,160604.75473160885,75541.9852353048,76920.19704149956,2487.089365121268,808.1345008743083,494.4542050824675,893.4189719344431,1.4531166570412825e-05,0.0077558922798803,96,69,96.36116818910791
18394,953.6886612740756,160602.1954584013,75551.5493927863,76948.37917729306,2469.4162174295634,806.7011213724763,497.49926224464434,922.1645930653904,-3.9741742574796776e-05,-0.018469716069548,96,69,96.35831235820304
18395,953.6914977059978,160586.53034055623,75534.48410597707,76930.52830202796,2463.0961201316095,808.7855945725314,501.13111035709153,944.5627592748497,4.959755611770793e-05,-0.0035377232442604,96,69,96.35545496358016
18396,953.7090464345264,160533.99265543502,75548.6604122221,76928.99998708518,2463.606972323556,812.5977265536785,504.3634781817382,972.3667058915307,-4.029415075146557e-05,0.0173535663694874,96,69,96.352596027188
18397,953.7109851671116,160512.90745768862,75583.01257564573,76901.34058663578,2463.1844208259135,813.2189148479956,504.3085421912838,989.7562453408027,1.5428154007995564e-05,0.0106768730782614,96,69,96.34973557089522
18398,953.7285636045432,160519.5573297802,75543.07757721444,76883.34004219322,2456.0312667629914,809.4572860712506,500.7682757192233,1009.629351758631,1.5393151360413467e-05,0.0205363231111453,96,69,96.34687361648956
18399,953.7315148283272,160513.31172952126,75535.73859028849,76905.2126084492,2435.791339345218,798.2849983173801,491.99014183104737,1016.5832323652867,-4.0263719068642666e-05,0.0342697734539355,96,69,96.3440101856787
18400,953.7489044618932,160512.49670927273,75538.538953611,76937.8061860117,2401.7507574332994,781.5778810730553,479.5601920023619,1024.5281382815738,4.9577958351585233e-05,0.0382052005030581,96,69,96.34114530008873
18401,953.7509217742996,160508.00435468028,75537.40034758496,76908.02801263714,2353.9599460298195,759.6208649702166,463.6412950902304,1019.7385809576954,-3.9740635615109125e-05,0.0518384621281222,96,69,96.33827898126516
18402,953.7685179852108,160541.90343395274,75554.09225266939,76923.11796001985,2298.9666959638707,737.2981136842136,447.7480012564047,1019.2793438844092,1.455461002769474e-05,0.0716356648934597,96,69,96.33541125067228
18403,953.7714980822698,160554.64344669651,75542.42973993246,76907.01626158608,2241.7753235524287,716.2761263839493,432.92500739733805,1009.9492826849455,1.6249254457194153e-05,0.0818637863965508,96,69,96.33254212969288
18404,953.7887767527084,160537.84609511474,75539.42433132384,76915.19653762886,2191.5509265130386,701.2275610746001,422.5622227208805,1008.505595132563,-4.077170264277501e-05,0.0954275778457471,96,69,96.32967163962836
18405,953.7908517117633,160550.95699592287,75559.7801444643,76897.59188349405,2152.175689723459,692.0112898355146,416.39331696234876,1001.2827337560011,4.9541662808851104e-05,0.1109888625158498,96,69,96.32679980169844
18406,953.8084861634578,160570.24429406115,75525.01073641128,76903.27101128807,2129.4730168147944,690.7462920352991,415.94461119145853,1005.493164831656,-3.917416795907924e-05,0.1149584632450361,96,69,96.32392663704134
18407,953.8114664061668,160558.77727849272,75568.35504603392,76927.7996038608,2121.408706039656,694.2286857321888,418.57756990770577,1005.4720237922738,1.367686157005018e-05,0.0956662341222914,96,69,96.32105216671305
18408,953.828652374839,160579.04415629426,75546.17871173077,76915.55799546943,2127.904205241706,702.2602487007243,423.9298451883369,1016.4099939516163,1.709919167884796e-05,0.081648134334012,96,69,96.318176411688
18409,953.8307834942992,160542.78311070747,75557.40370098752,76909.11735002695,2141.657994807989,710.4825668234116,428.30846399156144,1021.5339600366133,-4.126553317159293e-05,0.0782924860615247,96,69,96.31529939285824
18410,953.8484613938824,160577.77724889744,75559.17284372692,76922.08566375279,2159.9731411598623,718.9690792493348,431.5530160696653,1036.321312062064,4.948869516332006e-05,0.0498269925244749,96,69,96.3124211310338
18411,953.8514235771388,160532.7576208246,75524.97421105808,76915.57907966983,2174.614819989307,724.1076657988597,430.8364660527732,1042.3889635964006,-3.859494957765065e-05,0.0261878302967399,96,69,96.3095416469426
18412,953.8685292047868,160554.1379502221,75546.92268945072,76892.82377830659,2184.490786078153,727.1446151351993,427.5629344205954,1054.2332083338697,1.2795207831054096e-05,-0.0174578238486975,96,69,96.30666096122997
18413,953.8707199982306,160560.27580980584,75562.38576838751,76895.31867226203,2184.012876574241,725.5574815290893,420.6044775611372,1054.0312828990864,1.794268129630171e-05,-0.0531935138648704,96,69,96.30377909445887
18414,953.8884405268216,160552.48703453143,75544.96203864852,76898.22417652453,2175.534846299619,721.5341969460278,412.85753416462103,1058.170147702971,-4.174505560971808e-05,-0.0546877380068714,96,69,96.30089606710996
18415,953.8913709865634,160575.7415079501,75539.73823683003,76932.94701695272,2155.5414037574083,712.7671173006092,403.6970620781067,1048.8534940983518,4.941908669901377e-05,-0.0577988394750082,96,69,96.2980118995813
18416,953.9084070119231,160591.86226493592,75564.31825146546,76923.46601789839,2127.8029700120096,701.5801800588524,395.8306989899429,1043.0881338265317,-3.800318582410048e-05,-0.055490291839912,96,69,96.2951266121881
18417,953.910662556218,160559.01431085987,75525.99986093625,76931.9909086613,2089.095470049826,685.8300005637284,387.86637782587786,1024.9316114758258,1.190994962162562e-05,-0.0526473262096046,96,69,96.2922402251634
18418,953.9284214227864,160643.082478665,75576.64373200452,76931.81826847578,2043.4457801760873,668.2307495657733,381.555755018373,1013.4305252749182,1.877944381142252e-05,-0.0595017535521116,96,69,96.28935275865705
18419,953.931309391605,160667.04942194777,75546.92470326442,76919.20315138156,1987.2632857863791,646.7140889741277,374.3415342856606,991.8318038972793,-4.2210119324527294e-05,-0.0512937588175983,96,69,96.28646423273652
18420,953.9482862198264,160673.18894531814,75553.99774320003,76951.9852470343,1925.2053643647232,624.231842034409,367.29092516566743,978.1450501007203,4.933287408968711e-05,-0.0455968793933334,96,69,96.28357466738642
18421,953.9506118225344,160740.289790427,75580.91484388939,76940.32898165865,1854.933265568805,598.974009939484,357.7635334157967,955.3398261135735,-3.73990865796326e-05,-0.0463779539307366,96,69,96.28068408250874
18422,953.9684023389108,160694.69638693857,75582.00233282035,76916.53916889428,1783.1022902904078,574.1679681900714,347.30738472306984,941.1096221217886,1.1021388483852146e-05,-0.049722672604264,96,69,96.2777924979224
18423,953.9712393990752,160717.01482947043,75546.2012615267,76927.72181467684,1708.4743278600508,547.8224484154925,333.8612438584678,916.3438285364537,1.960920225091537e-05,-0.034495593705458,96,69,96.27489993336376
18424,953.9881675095826,160801.45529004163,75550.12390186058,76930.97829514278,1638.4427727082511,523.1509287015651,319.8499080964539,898.1522181514592,-4.266057916837243e-05,-0.052211635308063,96,69,96.27200640848642
18425,953.9905680631229,160796.17105785283,75581.62175935222,76951.70345819989,1571.2183829089045,498.2346044201404,304.15701870591147,869.0527781306009,4.923010010168238e-05,-0.0572488938350958,96,69,96.269111942861
18426,954.008381723856,160834.6735541783,75565.10830354723,76964.27197959785,1512.4463635541615,476.35235778591596,289.90264654162456,847.8755845996493,-3.678286557423112e-05,-0.0427420414664266,96,69,96.26621655597556
18427,954.0111616516213,160908.63358454342,75554.44581919018,76937.09695446395,1456.8921415731893,455.14157839697145,275.9668487068848,816.6055757616414,1.0129826852804952e-05,-0.0565701501931266,96,69,96.26332026723529
18428,954.0280516377125,160907.2560113249,75571.2674451275,76922.56534471139,1407.2139627222787,437.5443290335097,265.06165243309806,793.8114210134372,2.0431682399637622e-05,-0.0454163859707638,96,69,96.2604230959626
18429,954.030531291208,160936.6635484748,75581.5394891244,76953.20207227388,1356.3933487962931,420.9244398669689,255.31739349398413,762.0338537442731,-4.309629462901494e-05,-0.0429789454917303,96,69,96.25752506139744
18430,954.04835812989,160995.29164250844,75590.7662653699,76938.64570799132,1307.2945590072195,407.98830792616354,248.44496049781446,739.435137800785,4.91108125444781e-05,-0.0620509357790612,96,69,96.2546261826968
18431,954.0510769228028,160998.59959414587,75567.56200594203,76980.91283753104,1254.311492348672,395.56683195776714,241.5200088210986,706.4847457362339,-3.6154740502642e-05,-0.0664043207891835,96,69,96.25172647893552
18432,954.067939318718,161033.90801448023,75579.28445450743,76986.81208479284,1203.3527883196948,386.1841539213783,235.86712912391522,680.9565941788896,9.23556810583225e-06,-0.0806445245717548,96,69,96.24882596910528
18433,954.0705013614152,161078.82547110395,75597.53868444676,76976.82231381765,1151.9420787898125,376.672421940224,228.96953615252278,645.1340313100372,2.1246612460976564e-05,-0.0718969615632697,96,69,96.24592467211592
18434,954.0883301540956,161107.41717986253,75577.77314962854,76970.15619043901,1107.901296339347,369.5329528989532,222.95324745419202,618.1044009962061,-4.351713117163562e-05,-0.0677264600690385,96,69,96.24302260679434
18435,954.0909861913768,161202.65935862935,75599.74749069975,76962.53099700816,1068.0640826545423,361.1990403411619,215.9945476296125,581.8280022225226,4.897506487807055e-05,-0.0611900374473948,96,69,96.24011979188542
18436,954.1078311138532,161197.72118734565,75585.27338287518,76945.91070688106,1037.9683598059346,354.06343329386436,210.71815902050002,555.7515224582166,-3.551493287898781e-05,-0.0720244119941534,96,69,96.23721624605156
18437,954.1104780743872,161232.68544362666,75577.84742659023,76963.8506272559,1010.7978878908325,344.6307996680989,205.32169827717007,522.8210180061869,8.338916014317577e-06,-0.0661234636723785,96,69,96.234311987873
18438,954.128296359008,161259.10587574058,75604.89386684366,76973.13923289106,988.0092957641464,335.4285155142861,201.71005009071087,501.5137063888833,2.205372358564029e-05,-0.0614923745804186,96,69,96.23140703584812
18439,954.1308907443682,161306.0485367441,75569.62044901967,76976.39044735269,959.3457868084079,322.96703985247586,196.92495377833256,472.24720111265196,-4.392295821547247e-05,-0.066063239981627,96,69,96.22850140839294
18440,954.1477272738524,161320.3989653636,75612.99160663597,76956.34895442621,925.8024837122648,310.2670147424651,192.105394879909,452.51606528059347,4.882291629220973e-05,-0.066311674743278,96,69,96.22559512384198
18441,954.1504613516464,161352.90861478783,75589.26933142467,76957.64972454905,879.7521638330654,294.47816750495986,184.35985579018597,423.565050412406,-3.486366797951751e-05,-0.0624068902844744,96,69,96.2226882004476
18442,954.168255100599,161374.37531630523,75595.91593735538,76944.57961527082,826.9569489524583,279.02697589228046,175.54965283026104,402.6612616009079,7.44017513601622e-06,-0.0537349034506139,96,69,96.21978065638066
18443,954.1707923981676,161436.6680665712,75594.84615308272,76941.21555442904,764.9906824955251,260.9784397996118,163.94344310858287,370.21101129456656,2.2852749862182683e-05,-0.0640251723125989,96,69,96.21687250973056
18444,954.1876274218556,161494.53387282015,75620.74374150496,76957.47863167089,704.2942244286533,243.78873500034388,152.66910780215403,344.16858705852064,-4.431365099930466e-05,-0.0704902375196874,96,69,96.21396377850516
18445,954.1904516312148,161486.74210339368,75628.37555029467,76958.96828923003,644.4329123205389,224.4118728110334,140.72835667530308,306.74924177114735,4.865443117641105e-05,-0.0671295618880936,96,69,96.21105448063103
18446,954.2082040589992,161543.1106330954,75581.13302036369,76972.23953486375,593.7173699195264,205.83201708331762,130.74748534153332,275.8073754471261,-3.420117473530259e-05,-0.0627813852240315,96,69,96.20814463395392
18447,954.210694120476,161576.74495478446,75606.46469574401,76979.1017613078,545.7996852960787,184.16162452871504,120.23116866024793,232.9290639834653,6.539650215859653e-06,-0.0516906641093832,96,69,96.2052342562379
18448,954.227529677135,161630.45517880528,75604.8625795366,76950.71288656222,501.86861410172423,161.89924516026804,110.03192645931267,196.97202517616097,2.3643427954325132e-05,-0.0599826438169225,96,69,96.20232336516702
18449,954.230451063408,161688.69567567014,75605.39013600987,76985.4269987353,449.5125225872034,134.97510716122633,96.37914283236023,151.75226626876974,-4.468908998004375e-05,-0.0580916519467771,96,69,96.19941197834407
18450,954.2481386081736,161711.80096912387,75573.51497122935,76994.2280623646,387.23959119600477,106.201322840192,79.80235017280211,116.30281387837022,4.846967967842786e-05,-0.0452917951507181,96,69,96.1965001132916
18451,954.2506023791268,161804.81588085156,75595.86565408218,76974.83846608025,305.72781895363005,72.9081127186655,57.97500816572574,74.2243820138392,-3.352768574563486e-05,-0.0394380983110171,96,69,96.19358778745176
18452,954.2674271096624,161813.80479871342,75637.73052501564,77012.74165339836,213.592951946659,41.27675363949675,34.82263739136397,45.3979594114935,5.6376468941711855e-06,-0.0250853283974144,96,69,96.19067501818638
18453,954.270469019329,161839.03929775773,75575.62284868617,76983.40979951282,116.62103581888368,13.347269782258081,12.733333572134143,14.926619475823827,2.442549790514437e-05,-0.0149788261043839,96,69,96.18776182277774
18454,954.288042831412,161848.98097171335,75623.76246607577,76985.92982566846,39.314706931239925,-0.0,-0.0,1.7716961465775967,-4.50491608859296e-05,-0.0393235365302068,96,69,96.18484821842785
18455,954.2905430211256,161887.2066298391,75637.5774748363,76973.54816555798,-0.0,6.45303452241933,1.760645285481587,-9.635972342657624,4.826873719941147e-05,-0.0347805177615607,96,69,96.18193422225929
18456,954.3072762384168,161861.0565211091,75602.35480537091,76978.10591019748,28.526827363471966,43.920673604210606,26.061817781010177,-0.0,-3.2843437146490485e-05,-0.0370476771782292,96,69,96.17901985131552
18457,954.3105986911931,161880.60281215588,75612.78670253957,76995.87710980048,138.34378312935587,113.63203688917565,74.212657797063,16.073173378797946,4.734470480715124e-06,-0.0669242868027658,96,69,96.1761051225604
18458,954.3275556284932,161854.57706823354,75615.82935434942,77000.39525864118,343.0753243895015,218.16683112653845,146.88945506859454,55.17947443071171,2.51987028008976e-05,-0.0742574404717768,96,69,96.17319005287918
18459,954.329860351899,161786.1325791744,75616.4618826555,76985.17713636355,632.3741064466303,347.7013808669435,236.68387705291389,100.71190782581107,-4.539375432438941e-05,-0.0666989924546083,96,69,96.170274659078
18460,954.3473993224624,161757.70026799454,75628.58924516915,76966.35344401965,993.8099608999328,494.52201675272954,336.4892209995887,168.3504116467957,4.805168452381697e-05,-0.0692998142856985,96,69,96.16735895788472
18461,954.3504760365172,161664.29145207143,75601.54510516177,76989.12930702395,1393.1756401187158,641.1498430199426,433.88275876714033,238.39812855925993,-3.214866852940402e-05,-0.0598034564363984,96,69,96.16444296594882
18462,954.3674855744976,161565.93622148287,75573.58957789202,76975.92982430811,1802.1996087164734,777.477038764031,520.9284838581516,323.4600625454332,3.830426647182152e-06,-0.0503270111400409,96,69,96.16152669984189
18463,954.3697577650938,161506.64155263428,75638.39725606769,76991.25231615297,2182.181170334341,889.3736688176432,588.8055591937737,403.6223448977398,2.5962788993716182e-05,-0.0546693596946095,96,69,96.15861017605734
18464,954.387409025484,161449.50813836398,75590.1545442345,76970.70632004138,2511.53169122932,974.4044959059975,636.0835760302143,492.2313298349036,-4.572276663839533e-05,-0.0487056611698702,96,69,96.15569341101128
18465,954.3903985364682,161374.7280553259,75593.09919692321,76979.28832994295,2766.3900319836102,1027.5004369730887,661.2860757583694,569.5538777764887,4.781860797681311e-05,0.0928862879985862,96,69,96.15277642104252
18466,954.4073842938878,161289.32443492246,75615.59618764352,76962.9395370718,2944.944043864147,1054.7904774773924,669.3328690629132,649.1484039638308,-3.144362272688568e-05,0.3465509895934212,96,69,96.14985922241254
18467,954.4096823529816,161233.6235476803,75579.01012141643,76994.12945702119,3044.3329289680696,1057.8005869436747,663.1391407386691,713.7511809364078,2.925821168173487e-06,0.3315924814961405,96,69,96.1469418313062
18468,954.4274056623424,161156.87660121542,75595.11603879604,76938.78396565045,3080.9684872967773,1046.4270152156096,649.432258176952,779.0898632140015,2.671750566883111e-05,-0.2267719222015126,96,69,96.14402426383208
18469,954.4303229334464,161121.50280608918,75605.69699415304,76954.02352243403,3064.499402054469,1022.8909168812388,630.7001679547539,828.7675646762946,-4.603609959292696e-05,-0.3464552527831001,96,69,96.14110653602178
18470,954.4472761324348,161082.8653719535,75591.61287299276,76967.61684644205,3017.9205164896557,996.078003962597,611.9551824169466,879.0963409549731,4.756959907202339e-05,-0.0493104684573471,96,69,96.1381886638317
18471,954.4496200954354,161068.10247785682,75609.31374847691,76953.11791178692,2952.2238627481274,966.5869637471769,593.7645103907562,916.0414947770478,-3.072854593079376e-05,-0.1113519058246622,96,69,96.135270663142
18472,954.4673972105492,160991.92942290488,75620.05478104831,76979.9119585514,2887.1023414315423,941.4364222762524,579.2739582422655,957.2753889615124,2.0209598837775344e-06,-0.0980212936172581,96,69,96.13235254975788
18473,954.4702430344262,161003.0756361545,75584.23294594775,76959.10790985913,2826.558653566113,918.9710054454918,567.3507937260147,988.3245254914509,2.746260611596496e-05,-0.07597065133752,96,69,96.1294343394088
18474,954.487166730462,160964.6391318185,75590.24315319788,76967.26099814296,2782.017148224113,904.2184436686948,559.7126003788435,1025.881325928669,-4.633365959045998e-05,-0.0883996024485232,96,69,96.12651604775006
18475,954.489567517994,160909.6339805482,75593.61732004584,76956.83914500088,2749.6611522787716,893.8956678799441,554.221880553494,1055.8502843716415,4.7304754605798806e-05,-0.0620500670363588,96,69,96.1235976903621
18476,954.507385020735,160890.6007641416,75586.33417917021,76963.98790133957,2734.0796589304227,891.3733795583103,551.7898177850293,1094.1018629947503,-3.000368746677288e-05,-0.06813969771391,96,69,96.12067928275118
18477,954.5101571740912,160910.04146567654,75563.67478656465,76964.06098460392,2725.7558096495923,891.3396500030503,549.7055052401265,1124.326237280533,1.1161481383744084e-06,-0.0743161058922311,96,69,96.11776084034985
18478,954.5270587220132,160833.82179350647,75591.54732656086,76941.29748916412,2725.8430244420306,895.5590745152294,548.7394157630042,1160.5132805159374,2.8197846376461224e-05,-0.0887401863664453,96,69,96.1148423785169
18479,954.5295230737116,160806.39424083545,75571.17882712762,76952.73808394562,2723.7390263149864,897.909310253046,546.5384609348548,1186.5506832910178,-4.661535951801009e-05,-0.0952861597772806,96,69,96.11192391253785
18480,954.5473689685062,160836.30065369437,75578.60570561058,76934.33966932709,2721.0097456126823,900.0397281678452,544.3299151497777,1216.2765345356893,4.70241769048006e-05,-0.0737317358328233,96,69,96.1090054576256
18481,954.5500649803532,160758.5611531848,75570.84715128965,76934.49613454784,2708.1660869388725,896.265909560927,540.1345460128214,1233.1631141650141,-2.926929992331888e-05,-0.0684101783564069,96,69,96.10608702892004
18482,954.5669538343636,160774.21767372807,75566.21269219574,76958.43490728672,2689.1855352762504,889.7773036462895,535.5716221504845,1251.970088820759,2.1169123099023546e-07,-0.0746810400566089,96,69,96.10316864148932
18483,954.5694857024872,160734.53406652002,75568.83576395732,76923.21766531312,2657.993395901576,877.1703395276563,529.1161095706339,1259.1629137390119,2.8922986547791493e-05,-0.0591640361436639,96,69,96.10025031032916
18484,954.5873484954252,160794.37335928003,75557.05252932584,76953.2756954176,2622.1143199759535,863.6804562831821,522.6727052884526,1271.2950529160735,-4.688111666646359e-05,-0.0521258762477077,96,69,96.09733205036432
18485,954.5899666344976,160777.1627409807,75569.55271808925,76952.52688834922,2578.4439957907307,847.0044262971351,514.835574598168,1274.9435237279395,4.67279731988386e-05,-0.0474144198224259,96,69,96.09441387644796
18486,954.606853399613,160767.93102956188,75518.14953107394,76936.0797704647,2537.38971659611,832.924060818259,507.69436164567014,1286.376243888808,-2.852563881283806e-05,-0.0329249705235843,96,69,96.09149580336243
18487,954.6094544421816,160738.30483909193,75541.90858495307,76948.57799953195,2497.808809629176,819.0773144955601,500.0942422086955,1292.114405958273,-6.921059656072756e-07,-0.0250701452792382,96,69,96.0885778458198
18488,954.6273229364374,160771.91292381386,75551.98125336481,76926.36971061908,2469.935615232622,810.3516069260659,494.19122648463235,1306.388421563519,2.963778988666433e-05,-0.0191435662113008,96,69,96.08566001846197
18489,954.629862623536,160755.4177897821,75561.91510771243,76944.21911705169,2449.8245025970973,802.874762637497,488.6924329276371,1312.7987534390122,-4.713085466188531e-05,0.0020461114288194,96,69,96.08274233586116
18490,954.6467585155356,160725.6199609685,75574.2535575845,76927.69036664852,2443.7597788312705,800.4282410183223,485.65690487765823,1324.2130200468237,4.6416256077509245e-05,0.0158595312993892,96,69,96.07982481251985
18491,954.649428298493,160725.0027135966,75554.33661683033,76926.85320265601,2443.398240675684,798.5653966906539,483.67147034441587,1325.0621537823172,-2.7772962353377964e-05,0.0069167911773491,96,69,96.0769074628723
18492,954.6672916574048,160740.02777699634,75556.07337790272,76941.7731336101,2450.8788780437317,800.6603628536541,484.397065189929,1328.6895819995261,-1.5949390084432509e-06,-0.0076377369436077,96,69,96.07399030128352
18493,954.6697536291996,160771.65078396854,75546.52007405252,76930.90602268545,2454.844295827963,801.8988274622825,485.7160918781883,1319.89541872259,3.0342023918589083e-05,-0.0271099176943142,96,69,96.07107334205068
18494,954.6866701033712,160812.30969920626,75577.59450819182,76973.76222092813,2457.119102091412,805.7117230550357,488.5896605370217,1313.489304492483,-4.736450175311336e-05,-0.0499097637010928,96,69,96.06815659940315
18495,954.6894061980928,160795.9290420961,75575.4223412398,76957.23262511224,2448.030330021982,807.2376500581595,490.24069968244294,1296.231511325197,4.608914326084104e-05,-0.0934657299735292,96,69,96.06524008750252
18496,954.7072541286632,160785.53536175282,75558.33132301911,76950.16651715968,2431.8759897965356,809.1860931922565,491.04441120818956,1282.8923124172434,-2.701153211570583e-05,-0.1497141764629412,96,69,96.06232382044404
18497,954.7096404611738,160855.24893792588,75615.843328547,76995.3693469581,2401.4146013819263,805.6335015108198,487.97789700789144,1259.25797360047,-2.4965038925777445e-06,-0.1822894055989098,96,69,96.05940781225571
18498,954.726588932202,160845.74202845292,75583.87744093993,76973.07097459502,2363.9015253650723,799.0886631969042,481.9920003475854,1240.2170204522263,3.1035459216805183e-05,-0.1908499383425878,96,69,96.0564920768998
18499,954.7293869722048,160893.44017446297,75570.4453021461,76973.32876532034,2314.596619737509,784.5129517671448,471.299604224012,1212.395777772268,-4.758199244533254e-05,-0.2083630668188489,96,69,96.05357662827272
18500,954.747209974626,160953.2678099555,75646.80756504546,76980.0511159825,2262.137160611397,766.0500319391867,458.3106973047543,1190.0587876722275,4.5746757681223486e-05,-0.2222104836256063,96,69,96.0506614802054
18501,954.7495240033246,160965.49249973003,75636.07178838899,76994.70321701979,2201.9811310019577,740.7527848682657,442.4647513566306,1158.7600946195598,-2.624161181057799e-05,-0.2254577277999506,96,69,96.04774664646398
18502,954.7665156356782,161006.41742848628,75650.67515978312,76993.99958522782,2142.936139484984,715.0826548810146,427.0112335633312,1132.9282421488024,-3.39649757851662e-06,-0.2257611522647354,96,69,96.0448321407502
18503,954.7693693493082,161006.6546792516,75603.87170922532,76992.56446257654,2079.9254961655242,687.4405256408209,411.41661281650886,1098.7623390320805,3.1717870648103995e-05,-0.215866835849562,96,69,96.04191797670155
18504,954.7871590165712,161066.0600728982,75661.32141269128,77007.46608428715,2020.4063772280933,663.8547288362461,398.1431675319618,1070.0694147896138,-4.778326625519339e-05,-0.2084390217214547,96,69,96.03900416789207
18505,954.7894051580736,161107.73324075018,75652.04844369563,77026.46855324104,1957.6939101688913,640.9707415584562,385.4553296288941,1032.548623092007,4.5389227041050425e-05,-0.2193290883973305,96,69,96.03609072783256
18506,954.8064507353135,161154.39697662176,75644.85850672823,77017.11569566146,1898.9499362397473,622.9765526970441,374.93527948943665,1001.147779791092,-2.5463468107037944e-05,-0.2203471484287738,96,69,96.03317766997102
18507,954.8093519432636,161190.0319768328,75652.95126633065,77020.05334426508,1837.7173878070898,604.9141268700623,364.3235269310244,962.9161965569947,-4.294617649790795e-06,-0.2084259988049712,96,69,96.03026500769316
18508,954.8271013215297,161222.5815252456,75651.78348398066,77015.55866307698,1781.41294689005,589.7559518913768,355.0444552402769,932.4724518089497,3.23890368800092e-05,-0.2374417789229962,96,69,96.02735275432296
18509,954.8292847757916,161259.37894888464,75640.45346106653,77043.14442457828,1723.6372872469365,572.1787470440759,344.9813101346954,896.180170581094,-4.7968268396122376e-05,-0.2482811201074077,96,69,96.02444092312317
18510,954.8463946855172,161308.9743469438,75654.65930116082,77024.47111891558,1672.3716999682947,555.9514651180216,336.0903307639819,869.0982895703055,4.50166842260908e-05,-0.2367589642829484,96,69,96.02152952729524
18511,954.8493332194248,161349.77512849044,75667.0559110734,77028.66129788276,1620.966850183555,536.8313354131533,326.6051342433784,837.7532597178069,-2.467737049328917e-05,-0.2576439478575578,96,69,96.01861857998028
18512,954.8670372767856,161323.65169015698,75661.93549959874,77016.06470866076,1576.1973929465748,519.2748765240685,318.4487766318489,815.9028371169406,-5.190562559801181e-06,-0.2537329105700487,96,69,96.01570809425974
18513,954.8691635460992,161400.93013185938,75626.64230103418,77027.07419314256,1529.7457563910866,499.4894626290479,309.46687950889464,789.0279885158816,3.304874037543656e-05,-0.2545814836799355,96,69,96.01279808315512
18514,954.8863479695324,161424.77773857393,75671.38333407739,77032.79990698416,1487.6196980819223,482.48828306679206,301.2932436802075,771.466828975972,-4.813694961132307e-05,-0.2670264442208446,96,69,96.00988855962906
18515,954.8893114018316,161440.47799119086,75637.94735694445,77032.139746183,1440.7190489383647,464.5837011446565,291.4510217681236,749.0474524547171,4.462926733140714e-05,-0.2570817033790928,96,69,96.00697953658565
18516,954.906967736018,161462.232611454,75648.03125158911,77047.97466075279,1394.6108358612983,450.26098522363463,281.4942263852281,735.111175565311,-2.3883590301509088e-05,-0.2428977783359046,96,69,96.00407102687072
18517,954.9090417920376,161482.45630146362,75668.60822675933,76996.21417804985,1340.75777015544,435.2088146009337,269.30210691239336,714.7596433483413,-6.084031676524258e-06,-0.2501301858717865,96,69,96.00116304327275
18518,954.9263113246208,161504.00021308972,75622.39454456873,76983.93322138507,1287.2609769977862,423.63454807725793,257.4384863479936,702.0484860480647,3.369676816393606e-05,-0.2539921950435391,96,69,95.99825559852296
18519,954.929284216668,161535.5988085953,75619.01461069401,76960.1317997229,1228.1302979678148,410.7528599019279,244.68126651848434,682.2487268515106,-4.828926632585958e-05,-0.2466813344013735,96,69,95.99534870529588
18520,954.9468943781764,161548.7924194806,75636.9458845406,76975.23540077041,1173.270623372693,400.0220997439028,234.03753782788408,668.4959745454253,4.4227118816083466e-05,-0.2455383689576439,96,69,95.99244237621
18521,954.9489189735428,161579.79682969485,75607.82990403619,76959.00797779148,1117.3229125181097,386.2302715556434,224.03843746284838,645.8552575848007,-2.3082401975218205e-05,-0.2380677114749852,96,69,95.98953662382804
18522,954.9662863687178,161595.51930589773,75593.06856883761,76971.8196342152,1070.1456645379658,373.1011629535933,217.05338178301463,628.9690667706309,-6.974725782105352e-06,-0.2244486458387006,96,69,95.98663146065788
18523,954.9692480812448,161592.24709382656,75587.84380318553,76947.79648971364,1024.2158727859496,355.77904817638046,210.396922215441,603.734453112469,3.4332910625181214e-05,-0.2241002561052955,96,69,95.98372689915224
18524,954.9868208519264,161669.96426014832,75605.83281871576,76955.63389180535,986.0971120370668,338.3810374926252,205.27726175094722,584.4985846942582,-4.842518010996722e-05,-0.2359962853561524,96,69,95.98082295171024
18525,954.988792035427,161704.44623230727,75584.67608778672,76952.16508752285,945.2739393077791,316.95999232068425,198.40357024234254,557.1580773243622,4.381038662737103e-05,-0.2157833540535512,96,69,95.97791963067708
18526,955.0062779813568,161702.84233709922,75598.06684138854,76976.82481296852,907.4274643134559,297.09002916120517,191.39995108835865,536.9566157429363,-2.227408158263709e-05,-0.2093840035451883,96,69,95.9750169483448
18527,955.00919453238,161750.30306774267,75586.8824551764,76943.31879577313,862.0372756685829,275.79810890890076,181.6785912264313,509.0419485637685,-7.862346365274692e-06,-0.2144394128193475,96,69,95.97211491695306
18528,955.0267584994192,161751.78453476707,75581.91214745532,76965.16426478457,816.0305370549322,258.7601401377906,171.69563923135865,486.7355777180637,3.4956963199335905e-05,-0.2087251569131285,96,69,95.96921354868915
18529,955.0286455873844,161811.18457551338,75572.03080648054,76914.683655191,761.0084299478331,242.39605590845167,159.49906258980627,454.03278474867693,-4.854465865597597e-05,-0.2153320936757552,96,69,95.96631285568915
18530,955.046312847353,161853.3517134341,75611.16267237703,76969.91653862016,706.680353522941,231.13605873049528,148.06461625915836,424.9764337146771,4.337922284121173e-05,-0.2168861586468513,96,69,95.96341285003778
18531,955.0490684627288,161874.40147147205,75591.14144043725,76980.18092438095,645.2245178789599,219.01421363501868,135.10993258291273,383.45314006492845,-2.145890760562676e-05,-0.204062541510168,96,69,95.9605135437694
18532,955.0668711101988,161937.04644204635,75604.94189557142,76968.43361509584,585.3433495896752,207.8046464818326,122.8442478395882,343.70258113049204,-8.746596282153091e-06,-0.2055204811286336,96,69,95.95761494886834
18533,955.0692570115448,161993.40659597234,75636.93195258654,76999.03484116841,517.1130705137039,189.84811379865278,107.98242243457935,291.0823545997555,3.556872478630456e-05,-0.2172732562073358,96,69,95.95471707726948
18534,955.0861762527144,162057.06846902127,75654.34828639006,76987.90593329386,447.1371897670324,166.78273863070353,92.06537154797115,241.74598627534579,-4.864767486087273e-05,-0.2022667114895588,96,69,95.95181994085875
18535,955.089073287996,162070.1796890188,75628.79899581175,76987.85435734596,364.83738111978164,133.2781571457308,71.9874184326618,183.8199326642498,4.293378488823197e-05,-0.2010470797927925,96,69,95.94892355147388
18536,955.1068118119424,162203.479344552,75628.4723270109,76979.09821644348,278.4124528837274,95.17589547265379,50.68193334413809,134.6575376749097,-2.0637160833291413e-05,-0.1961818788837291,96,69,95.94602792090429
18537,955.1091439131972,162210.15322109358,75650.41917929074,77024.54593331167,182.33506983867846,52.97718076175079,27.659011699201073,82.53962377767311,-9.627180157247505e-06,-0.1934460073547176,96,69,95.94313306089258
18538,955.1261064181194,162261.06067706892,75631.99155671717,76995.78905242262,95.14781622297596,19.248986196820624,9.740431132289814,46.022133080870844,3.616799889910624e-05,-0.2217820272735045,96,69,95.94023898313442
18539,955.1290563224256,162286.37833996443,75645.18377504038,77011.04107677394,24.21969837154029,-0.0,-0.0,13.84653497042018,-4.873420726863072e-05,-0.2086667748996862,96,69,95.93734569927908
18540,955.1467570650464,162320.66159570357,75651.51582271219,76995.50449307513,-0.0,9.819116680213483,7.15302532343776,3.0783019923546817,4.247423455254015e-05,-0.2110101791233603,96,69,95.93445322093044
18541,955.1490225200432,162341.2267542736,75674.85962994129,77010.6486704289,36.38355453615077,52.29431817821751,33.360569863783894,-0.0,-1.980912378814028e-05,-0.2337643945334055,96,69,95.93156155964716
18542,955.1660492886292,162306.70866450798,75668.32955089788,76987.01720686174,162.32861165876966,135.30065664392896,83.85990172356833,20.710594822623534,-1.0503803785975354e-05,-0.24297958083515,96,69,95.92867072694312
18543,955.1690359566074,162282.08175314878,75648.32989917246,77045.94293642018,378.42248384281993,251.9438261898904,154.75874354314874,50.14065774678602,3.675459353155866e-05,-0.2297794172053617,96,69,95.92578073428852
18544,955.1866975943478,162234.7626629636,75671.45791971251,77009.71522550935,689.5944911306142,397.674585423636,244.03666089411126,101.9298718534701,-4.880424021872792e-05,-0.2221268509594269,96,69,95.92289159310994
18545,955.188898769126,162173.93796641417,75659.8572191412,77015.48128833338,1066.867881081067,554.6367458270834,341.1092964048439,158.6534220785834,4.200073834170358e-05,-0.2197697349508834,96,69,95.92000331479096
18546,955.2060023410464,162104.86827230937,75665.4820929214,77009.46280033868,1488.8074105575797,711.939868686939,439.99267365116975,233.7781561787706,-1.8975080972090707e-05,-0.2159899591820942,96,69,95.91711591067292
18547,955.2090122540034,162068.47109083922,75670.90829352576,77033.09315415155,1908.5330956482212,851.103783442697,529.2054717315477,309.3844746055838,-1.1376174401065984e-05,-0.222882848221048,96,69,95.91422939205552
18548,955.2266330978396,161984.55071196053,75647.72494616728,77005.18715445627,2299.4604814165505,965.8699535050982,604.909406792518,397.2610469565261,3.732832121029841e-05,-0.1860772347816394,96,69,95.91134377019716
18549,955.22877359473,161868.9435910463,75636.47772308649,77042.94582533385,2623.2142237515072,1046.4715198142803,659.9952774099947,478.0254138823657,-4.885776326367633e-05,-0.0008806046071801,96,69,95.9084590563153
18550,955.2459661279876,161845.03780518463,75638.97709497238,76993.15231361447,2873.381259505928,1097.1823323745775,696.358448786923,564.2645154364,4.15134673305502e-05,0.2370186839481891,96,69,95.90557526158788
18551,955.2489828717784,161702.39626420758,75636.59712864755,77024.1439510192,3035.90663530078,1117.5581541677093,712.1191684576042,637.4532991885499,-1.813531876154673e-05,0.0311325975957756,96,69,95.90269239715282
18552,955.2665655429836,161674.5031286914,75632.13475546554,76982.51419077176,3126.921008481935,1118.0485477470793,713.1096842508705,710.8072231466649,-1.2244001283680376e-05,-0.4875283139446028,96,69,95.89981047410946
18553,955.2686458010476,161608.69701093124,75633.05607642766,76971.10169026405,3149.3862399416394,1101.2879655498837,699.951272909384,767.6549486004806,3.788899847380327e-05,-0.3725030360066967,96,69,95.89692950351852
18554,955.2859434244112,161572.6188623419,75598.76464899837,76956.47393401594,3130.145304972946,1078.3162143802765,680.0070182602212,825.2287755902798,-4.889477180589959e-05,-0.1821285688555489,96,69,95.8940494964032
18555,955.2889424697836,161551.28462970298,75627.43938418914,76975.85543120684,3075.032217518892,1050.1834375105827,654.0863496127422,869.5660530525493,4.101259716329459e-05,-0.2453629042751557,96,69,95.89117046374918
18556,955.3065013015972,161485.41164848628,75593.85024118984,76973.53190552555,3008.04755646782,1024.9030370006367,628.7470437177399,918.4078443364706,-1.729012511470433e-05,-0.1951773628947324,96,69,95.8882924165058
18557,955.3085076932138,161439.69646997,75578.81613019182,76943.38106072356,2929.701399548212,1000.4146700442507,603.4786105167877,957.4544383673929,-1.310699535933155e-05,-0.2033916376253685,96,69,95.88541536558633
18558,955.3259477206736,161443.41466118055,75583.16436119773,76926.65752059902,2859.197220473143,982.165628253555,583.5473647573381,1004.5279865983175,3.8436446917767255e-05,-0.207741953251363,96,69,95.88253932186836
18559,955.3288641561602,161373.9605544197,75554.23776340736,76941.23836331913,2791.7415704334853,965.776172042184,566.7349395051133,1043.3955043083988,-4.891526679485606e-05,-0.213558066657538,96,69,95.8796642961946
18560,955.3465088671544,161332.19118539995,75572.7807999808,76956.30606005176,2741.2924453348387,954.7115600484249,556.5157867202652,1088.9673973870813,4.0498307945593285e-05,-0.2096650181949696,96,69,95.87679029937377
18561,955.349150548552,161308.05433193946,75573.64699395547,76917.17671526235,2698.4674593441887,943.6303957451746,549.2549025075568,1123.6802494298026,-1.6439789502798688e-05,-0.1943411522396505,96,69,95.8739173421806
18562,955.3658795051256,161276.15940738897,75554.73199945927,76940.38652217729,2672.737002502545,935.5203991161688,547.3697133742098,1162.0222510448948,-1.3964869023513812e-05,-0.1888393010362893,96,69,95.87104543535683
18563,955.3688264525256,161249.00994606793,75526.93526355758,76927.72312477323,2651.065498789714,925.3405851189891,546.6985438381089,1188.034235967294,3.897049251723685e-05,-0.1791416822090421,96,69,95.86817458961164
18564,955.3864839987792,161236.16212473743,75559.44139336946,76920.21699465933,2639.563258776907,916.2871499786124,549.1728986914386,1217.1144227787154,-4.891925475845959e-05,-0.1630472583140751,96,69,95.86530481562212
18565,955.3890230091632,161214.24937732896,75535.49391300342,76907.63151010162,2622.8819371828577,903.6646930101851,550.0925914676918,1233.345600821398,3.997078402113693e-05,-0.1639070012473992,96,69,95.8624361240342
18566,955.4058126558092,161219.75805145886,75560.95765987012,76915.721158829,2608.0795182487345,891.6033206468128,551.3128097050067,1253.313627725176,-1.5584603237775787e-05,-0.1716203330663951,96,69,95.8595685254629
18567,955.4087973480288,161243.2327881125,75548.79524390957,76883.805206114,2582.797895004973,876.6748932680202,548.3722773195186,1261.914522498293,-1.4817337386656382e-05,-0.1675317599736967,96,69,95.8567020304932
18568,955.4264471249368,161190.44979565617,75561.16124753057,76935.25354687883,2557.3286747154198,863.7648700523423,543.5651144340227,1274.4238787319919,3.94909659396233e-05,-0.1517683567655587,96,69,95.85383664968047
18569,955.4288969840278,161188.5324272905,75549.67404595339,76916.90866061993,2522.0389037340647,849.8202081909694,533.358873558871,1273.677060744929,-4.890674756302344e-05,-0.1417941516785732,96,69,95.85097239355086
18570,955.4457500264078,161199.97824714344,75560.82394428544,76932.08927163327,2490.2501589794992,839.9539379335183,521.8548850208172,1275.0563585762866,3.943021408338446e-05,-0.1277793689960916,96,69,95.84810927260258
18571,955.448772695792,161237.91258884978,75556.90330004883,76917.09032669388,2454.2415400788304,831.0231689108041,507.5469688033336,1262.6106246583513,-1.4724858778791654e-05,-0.1099747525831052,96,69,95.84524729730556
18572,955.4664005853812,161254.83910279305,75572.60229709928,76935.17786727779,2427.34248624678,827.3170295517775,495.90299867800786,1252.258251413179,-1.5664116732800012e-05,-0.0941301174751712,96,69,95.84238647810288
18573,955.4687713506332,161240.25149843775,75580.02883871197,76935.12480306147,2400.8188821579097,824.8360211591062,485.8680895307625,1228.830105543224,3.999770278753155e-05,-0.0712656930476892,96,69,95.839526825411
18574,955.4856937735884,161308.8468420869,75621.66193883152,76966.35429289241,2387.526050807035,827.3958475563122,482.5752230268845,1210.7229727926606,-4.887776312888936e-05,-0.0658585893806512,96,69,95.83666834962015
18575,955.4887496791388,161362.0237188209,75602.16968902848,76946.78472009016,2377.469347612234,830.6472516306239,483.6041082528536,1184.7007199352374,3.8876791261341833e-05,-0.0765355175382851,96,69,95.83381106109536
18576,955.5063457134532,161347.46766373847,75601.67657437251,76972.73212232288,2380.5942548844614,837.5428720500058,491.7212810969504,1168.5492618507706,-1.3860849842207868e-05,-0.0774162942373544,96,69,95.8309549701768
18577,955.5086459201844,161374.4742373287,75606.65379961907,76981.27235387854,2383.54271587549,842.921720209124,502.0043643474346,1147.4929881574935,-1.6504926337673536e-05,-0.0875325372934338,96,69,95.8281000871805
18578,955.525645214658,161358.95073558105,75635.37197824384,77007.15427043049,2394.292376202706,849.3003505256929,515.4223951734602,1138.7971065320016,4.049054281602991e-05,-0.1130537627881875,96,69,95.82524642239888
18579,955.5287259347672,161425.49675327228,75620.24111924639,77014.6192417721,2398.150993491814,851.3727294627897,526.0575240199105,1126.6774019216828,-4.883232435222737e-05,-0.1470030932029509,96,69,95.82239398610132
18580,955.5462837092058,161437.92574671138,75647.37694016224,77009.84982631746,2401.975966484286,851.4373478644266,534.5986488374474,1125.7754028110357,3.8310712689151934e-05,-0.1874218405040024,96,69,95.8195427885348
18581,955.5485206817488,161425.28464973453,75642.04118869072,76989.12123310835,2391.277797474002,844.591475830428,535.9692900177033,1118.251105188916,-1.299287149480098e-05,-0.2172961212309671,96,69,95.8166928399246
18582,955.5656054253742,161436.12826690965,75631.98128677669,76994.87045615296,2375.203219311079,834.2245664814982,532.769083695981,1118.7888780447247,-1.733948714233854e-05,-0.2236571188322537,96,69,95.8138441504746
18583,955.568699095905,161431.05663037885,75630.97228032818,77011.82760831335,2341.789946968609,816.7846833297663,522.1348871155933,1109.8181422351045,4.096933148278203e-05,-0.2300643548055104,96,69,95.8109967303684
18584,955.5862159914736,161464.31278128742,75652.48312319278,76998.40832266997,2301.903842020838,796.5851308607089,508.4053608753311,1105.376002023404,-4.877046031757348e-05,-0.2383225718186505,96,69,95.80815058976955
18585,955.5883956415792,161490.81737583104,75642.43536199219,77007.73639085419,2245.4368515386013,770.999209623551,490.0588984597125,1088.4300051553582,3.773217968724282e-05,-0.2243887331451287,96,69,95.80530573882191
18586,955.6055748654984,161506.27326862724,75628.24175130729,77019.48138773874,2185.7737032999285,745.0768877499358,472.24325718331966,1075.4862965819193,-1.2121219845304784e-05,-0.219481747396591,96,69,95.80246218765112
18587,955.6086687369778,161536.3965135004,75633.8077331618,77024.17214095117,2114.3029783996753,716.3794216639071,453.3625578933279,1051.4942605182878,-1.816752264877497e-05,-0.2172618724127052,96,69,95.79961994636422
18588,955.6261354842452,161540.58200349772,75632.9520652729,76996.37208094592,2044.280000649218,689.277181878002,437.5238753828453,1033.2266690977558,4.14339182527302e-05,-0.2057887929298944,96,69,95.7967790250508
18589,955.6290365421588,161584.71350540026,75656.17031892248,77010.89635873983,1967.0511190117104,660.8069084221497,422.0594112530234,1006.7384905398358,-4.86922048720683e-05,-0.2118757338253956,96,69,95.79393943378363
18590,955.6455965023636,161592.66836477706,75650.1505941222,77004.92000810207,1895.1595173761016,634.6476334054751,409.89507981415954,988.9033484715619,3.714139761193659e-05,-0.2236763805907587,96,69,95.79110118261887
18591,955.648583865698,161649.9467773057,75633.63066709846,77001.33286110696,1819.7663788149366,607.6645895646943,397.70693717108225,966.2568342927843,-1.1246192149881817e-05,-0.219785245004157,96,69,95.78826428159736
18592,955.666143931218,161685.65727272382,75631.36388870854,77000.13309381805,1752.576557570661,583.2184884101443,387.83234416571213,954.1608441287535,-1.8988758902148465e-05,-0.2254982318392854,96,69,95.78542874074418
18593,955.6688976658156,161675.0124675543,75619.6925390645,76988.4040443197,1683.3362872782745,557.9356560938031,376.53585117228795,936.0631243276002,4.188415829269301e-05,-0.2287204301279274,96,69,95.7825945700706
18594,955.6855317991668,161714.11233032035,75610.48641205054,76963.08478507012,1623.3090116619715,535.3152862578572,366.14602575448225,925.5926075098978,-4.859759804899476e-05,-0.222472405825704,96,69,95.77976177957338
18595,955.6885423622388,161690.48822408,75586.68181107435,76973.6898749394,1562.2241996696102,512.5979185993347,353.28554478148,906.0804771944531,3.653857581773948e-05,-0.2162538392716122,96,69,95.7769303792362
18596,955.7061226045744,161737.39353207714,75604.23695633624,76973.13770314484,1510.1976296334178,493.557860184359,340.4166639612231,890.78942615696,-1.036808603141579e-05,-0.2064352777407564,96,69,95.77410037903
18597,955.70877078296,161758.78842882265,75615.22157527367,76976.86391125784,1455.271607238974,475.5101053137332,324.4068967248022,863.3520351638726,-1.9802924133297675e-05,-0.1979239749927597,96,69,95.77127178891344
18598,955.725462328963,161823.42564939172,75612.0734116812,76965.83821844343,1407.02610993688,461.98884103236196,308.34364562042174,839.5046547526435,4.23199110902698e-05,-0.1980574168324669,96,69,95.76844461883412
18599,955.7285131198504,161816.06333142493,75598.00622195717,76966.89299426222,1353.9960808733013,449.7045551429037,290.1556146139337,806.0876278762007,-4.8486684915742126e-05,-0.1917276794976594,96,69,95.76561887872803
18600,955.7460870367488,161902.54722991295,75580.35363354949,76979.86040774298,1305.9764619934722,440.7241146833112,273.7372511161666,779.5091516961984,3.592392761942842e-05,-0.1780678299264704,96,69,95.76279457852156
18601,955.7486469699488,161930.6110409296,75574.06713511581,76991.09615444136,1252.172868331545,430.45846477759187,257.7192649730132,745.5889093492005,-9.487200664486623e-06,-0.1751481323707436,96,69,95.75997172813096
18602,955.765395297144,161960.36689523066,75634.03670440603,76972.90359466335,1204.3214890839881,420.56106709373125,246.3459824444435,719.8368629092874,-2.060974941934593e-05,-0.1732963092774137,96,69,95.75715033746336
18603,955.7684902227096,161964.13546287428,75614.22192356965,76985.41612597123,1153.6822720725322,407.31331347176456,237.95062383339973,687.1920781992958,4.2741041595067095e-05,-0.1658149108549452,96,69,95.75433041641752
18604,955.7860404516108,162023.82083200774,75614.20184758317,76949.0578163875,1112.0829570133938,393.6599254638859,235.14595055690734,660.8689909311652,-4.835951622635752e-05,-0.169580597833941,96,69,95.75151197488448
18605,955.7885245743556,162011.17082258753,75650.6914229341,76994.49137696878,1069.6091158767813,377.5443723953358,234.06768257063231,624.5203047034447,3.529766962107137e-05,-0.1681867878736814,96,69,95.74869502274764
18606,955.805333174358,162112.30495777735,75627.67742242976,76988.14733473922,1036.6445860905224,363.21422878294834,235.2190302228846,592.6539075315814,-8.603835398633132e-06,-0.1543863104008533,96,69,95.74587956988375
18607,955.8084707851616,162132.81046492315,75605.82373737075,76977.75159122344,1001.41048440343,349.0960103127145,233.53414296050323,551.4477802103502,-2.140896865372792e-05,-0.157249592620248,96,69,95.74306562616356
18608,955.8259840699794,162175.3918909108,75656.7505781967,76978.29086313819,971.5106695334543,338.38415763860394,229.27596132599865,516.187494873855,4.314741956379099e-05,-0.1590818190037897,96,69,95.7402532014524
18609,955.828403567728,162263.41240254475,75649.15035689354,76979.97507480919,933.7473806886119,327.93017837127263,218.86028946196893,473.3625683019636,-4.821614817430565e-05,-0.1769765091182553,96,69,95.73744230561036
18610,955.8452770680572,162298.29534599927,75659.29145537583,77004.42573583996,896.9312309958623,319.403945140788,205.2929584912781,438.77265511933365,3.466002309493407e-05,-0.1773196693504078,96,69,95.7346329484936
18611,955.848452811092,162276.34233930445,75647.48658148645,77002.20515022702,850.7193689427222,308.8631832299725,188.15476623381255,398.7236009153421,-7.718290374544294e-06,-0.1654881858550238,96,69,95.73182513995432
18612,955.865918571822,162354.26229333784,75644.84412372032,77038.08165972657,806.1736048611347,297.65512082770874,172.40433357673464,366.69930358295096,-2.2200318219113855e-05,-0.1647951426743815,96,69,95.72901888984154
18613,955.8682845017744,162364.9195286624,75675.68784885622,76981.63772413056,754.8746043506544,282.59395016901544,158.16350013876217,327.51195132979774,4.3538919819979057e-05,-0.1487537347740752,96,69,95.72621420800192
18614,955.8852274518478,162449.5655484602,75667.01723875426,77014.25300682687,708.9545395199093,266.22905210519093,149.10818369768094,295.0042017279775,-4.8056642216596514e-05,-0.1532207621326444,96,69,95.72341110428025
18615,955.8884346805612,162489.36220486544,75645.56682902398,77001.08291559655,659.0266246811952,246.4169065389724,142.74893467576476,255.0080803662422,3.401121213761082e-05,-0.1402165840516109,96,69,95.72060958851957
18616,955.905844503239,162503.8205891326,75684.5172467612,77030.67462103377,613.3424847962451,225.4916246754874,139.17807197890943,220.96745651116362,-6.830866255941e-06,-0.1442621563352196,96,69,95.7178096705626
18617,955.9081681706976,162583.74427976378,75639.68037816904,77028.64518039887,558.332625838113,200.4966283220565,133.0976942110574,179.136729071819,-2.2983537493056092e-05,-0.1342288207613434,96,69,95.71501136025164
18618,955.9251844088913,162613.81158406625,75665.08725992352,77030.69739207058,499.40259507339215,172.67235122830607,123.27787357152556,144.34787781658815,4.391542239819683e-05,-0.1183434921896058,96,69,95.71221466742938
18619,955.9284149851838,162626.61355231912,75668.60292536099,77001.07911149447,422.4158498902689,138.7985396056465,105.36503329896368,104.06371309803217,-4.788106539898134e-05,-0.1309536288575849,96,69,95.70941960193966
18620,955.9457624255448,162689.83543426564,75690.29062366109,77035.55179374234,335.08555197610985,101.20511153014377,80.99615224002628,72.73026191306417,3.3351465099036595e-05,-0.1250140769220748,96,69,95.706626173628
18621,955.9480554623088,162723.76673878502,75684.85688684994,77032.95730622519,231.1416106414399,60.40173699289153,50.890514822036494,38.60279214777984,-5.941863892897989e-06,-0.1337767349312278,96,69,95.70383439234163
18622,955.9651477370916,162745.13933022783,75670.36017253454,77006.3455346914,131.09170551062562,24.40395880890719,22.58252519078087,17.86125543914386,-2.3758368777003663e-05,-0.1404181982593298,96,69,95.70104426793112
18623,955.9683924717484,162747.19262726672,75673.10466130792,77001.18032192337,43.290027451643255,0.11018383334157988,2.1934704593149945,-0.054094516643090174,4.427681258770256e-05,-0.1259880996720926,96,69,95.69825581024992
18624,955.985672975979,162803.69556848583,75663.29288800876,77032.9270885386,-0.0,-0.0,-0.0,-0.0,-4.768949026738702e-05,-0.1162238754530333,96,69,95.69546902915565
18625,955.9879472763918,162794.8769914978,75630.30912719054,76998.24365383982,16.042659354687203,31.99382571798924,21.56741070485441,6.781091046228539,3.268101340930618e-05,-0.1168000761448087,96,69,95.69268393451028
18626,956.0051170054508,162762.1629922511,75650.57300489384,77029.56604170393,121.08344104455318,104.22864513522654,72.3396411203139,34.62379677995341,-5.051584533651366e-06,-0.1143069260898248,96,69,95.68990053618096
18627,956.0083660268344,162704.25549642587,75628.90121624222,77010.62579432827,316.36474748159526,215.0945169335464,149.6664509754628,70.54601250350242,-2.452455768453576e-05,-0.0931201935519625,96,69,95.68711884404048
18628,956.025576890527,162634.91323637872,75654.79485468329,76988.94402741511,607.9849200086901,359.3914471918979,248.75217882968718,125.61719133891165,4.4622980762768526e-05,-0.0958651811518914,96,69,95.68433886796775
18629,956.027844472434,162619.6429862381,75594.82142505051,76985.42437062235,969.9572237227694,522.3459234247712,357.9548987876915,185.25952785339905,-4.748199430452229e-05,-0.0620448981118323,96,69,95.68156061784856
18630,956.0450915911398,162560.99758710474,75588.61461856008,77007.05281190219,1382.8887046314776,688.9702494946541,466.7267352560302,259.8912865569291,3.2000091865961105e-05,0.1284551321040666,96,69,95.67878410357596
18631,956.0483346786586,162494.70979138408,75599.73144406202,76990.42894800066,1802.186337213032,840.9867092171917,562.6829772513593,334.0250617962447,-4.160329772848307e-06,0.362660934716013,96,69,95.676009335051
18632,956.065475007368,162383.02698037718,75598.01038425653,76986.09341151267,2200.2682959957747,966.6071668658551,639.1215034368797,416.0515437684953,-2.528185255481051e-05,0.1510265447367175,96,69,95.67323632218344
18633,956.0677478327746,162316.27068750173,75617.4192961373,76975.68207223692,2537.7472560401075,1056.7675562318327,691.2666616646748,490.1028340822377,4.4953822422831126e-05,-0.3688801293666221,96,69,95.67046507489172
18634,956.0850707085634,162284.0357226533,75622.66929795602,76960.45144162072,2803.0384277689154,1111.6137251286418,720.9833398867631,564.9908843512239,-4.7258660592067525e-05,-0.2432850633456807,96,69,95.66769560310412
18635,956.0882976062896,162198.32051320377,75605.94641115614,76988.46020487892,2978.725870906259,1133.671473806855,730.9548558764218,625.3082499725278,3.1308938874538253e-05,-0.0604843360124621,96,69,95.664927916759
18636,956.1053682588536,162131.62589681603,75618.76351798118,76969.12537542029,3075.8387309687096,1131.458992873435,727.4680515193322,680.128827013803,-3.2684010885637424e-06,-0.1338315986162042,96,69,95.66216202580569
18637,956.1076580354788,162114.02873474127,75632.48900042482,76985.35043079221,3097.4153011021554,1112.0093592026824,714.7403099767689,716.6429741373577,-2.603000514669588e-05,-0.075708455047575,96,69,95.6593979402047
18638,956.125053435094,162086.96596321932,75613.35912403867,76986.7125653654,3068.9914517878206,1084.2247307498328,697.8687411025167,747.2662007243198,4.526923854548273e-05,-0.0898849381809146,96,69,95.65663566992818
18639,956.1282541517048,162111.5722264081,75624.02101111569,76996.2906696409,3000.5568838659674,1052.7357486616238,678.6182013106009,761.8014723651286,-4.7019577511799096e-05,-0.0844917432910247,96,69,95.653875224961
18640,956.1452576556968,162058.29442716928,75628.10229312837,77041.48809506197,2917.6717923440738,1022.5176059580554,659.2667069314921,773.8738603308157,3.0607796256095544e-05,-0.0769926779662787,96,69,95.65111661530108
18641,956.1475756347032,162081.22157371583,75603.68586412971,76998.99292379084,2826.686874397099,994.5716741958458,639.7291028169857,775.0832646869239,-2.37609983084613e-06,-0.087982421786644,96,69,95.64835985095948
18642,956.1650387352112,162067.38484247046,75652.36849520796,77011.25105329425,2746.770573214162,970.9147158367268,621.2860727752559,779.8157532513433,-2.676877038993454e-05,-0.0679096977277148,96,69,95.6456049419614
18643,956.1682038325454,162092.02457097653,75667.21423883323,77004.76972075192,2676.089916026278,950.6344429589954,603.8137155258737,778.6545779179432,4.5569135358179245e-05,-0.0677753922365507,96,69,95.6428518983472
18644,956.185144265246,162085.34789464474,75656.30356796467,77020.6839184325,2624.9999301297357,934.4513895954442,588.7672687758168,783.6353497689997,-4.676483841283912e-05,-0.0760406411940429,96,69,95.6401007301716
18645,956.1875010478748,162080.5770584034,75659.65011602956,77059.56789912838,2584.3849138916703,920.8272945946956,576.2918534670025,784.2477790137054,2.98969084516658e-05,-0.0525101024987639,96,69,95.63735144750564
18646,956.2050254832618,162079.76217949783,75659.134842617,77059.10830496415,2558.438145356835,909.8275250555889,567.3998722667166,791.4681592330744,-1.483727732106317e-06,-0.0654855206005047,96,69,95.63460406043627
18647,956.2081463547876,162059.93746975734,75673.44377511073,77049.98053302556,2533.224392632663,899.2872435898753,561.2355288536346,793.3711890016275,-2.749790679641133e-05,-0.0892010860408678,96,69,95.63185857906733
18648,956.22502918451,162108.28510650073,75648.35220406888,77079.83815667605,2510.4585501000984,888.6405877372454,557.261393578985,799.7102887287037,4.5853424133166335e-05,-0.0639577123261156,96,69,95.62911501351992
18649,956.227434550068,162090.22892388373,75674.25809173421,77015.72954023238,2477.7641247081337,875.751764161585,553.4270361000381,799.4824652100797,-4.6494542186249286e-05,-0.0521849159583391,96,69,95.62637337393284
18650,956.2450124840224,162068.25743067014,75662.4551421317,77045.4839396311,2441.09137245483,860.682278887427,548.5813363853085,803.6052438544284,2.917652344864346e-05,-0.0469635721216405,96,69,95.62363367046378
18651,956.2480816256794,162085.88432999267,75680.67602554752,77039.72612669216,2393.5160305173486,842.7506400562415,541.2229100367695,801.6941828434356,-5.91585709948488e-07,-0.0155565025592873,96,69,95.6208959132886
18652,956.2649135075872,162097.56650442287,75658.00796238225,77010.47562528326,2346.4323282043333,823.908376357751,531.5884990249178,805.0426355001109,-2.8217176157499514e-05,-0.006168301861842,96,69,95.6181601126032
18653,956.2673762769488,162082.34524086225,75671.69958555094,77036.94989858445,2297.763955447008,805.5505568772351,520.2134027008724,804.8103196741722,4.612202191128663e-05,0.0095161197827912,96,69,95.61542627862308
18654,956.2849984888612,162103.2026004807,75660.0346660388,77054.9128883264,2260.875927998917,790.9267009118921,509.0295617526572,812.8863039835705,-4.620879277692492e-05,0.0267422922781088,96,69,95.61269442158437
18655,956.2880097687791,162099.94670415882,75671.90387752357,77013.67640758376,2232.2734425203525,781.5850232557568,499.5740374980087,819.5519104806299,2.8446891991993972e-05,0.0315478662384954,96,69,95.60996455174408
18656,956.3047982856554,162066.1883062782,75637.92888764893,77051.97419231903,2221.642460891686,779.5322354578093,493.6080313960265,835.1514752890507,3.0002539755238613e-07,0.0465425831020113,96,69,95.60723667938072
18657,956.3073262395122,162063.61068696453,75620.24757824434,77033.46043702403,2221.449312024459,784.1892071765906,491.6835546733055,849.457577829482,-2.8926343780778845e-05,0.0513319262707038,96,69,95.60451081479484
18658,956.3249822032597,162030.9827775406,75650.53114107349,77022.8901363324,2236.8272692719474,794.8697084348241,493.8960661632591,871.7762295035354,4.637485083697337e-05,0.035417833467652,96,69,95.6017869683096
18659,956.3279311455412,162053.41347390876,75629.782986409,77046.57532005379,2255.9144211130915,808.5521864412003,499.1685731756734,890.4161027733644,-4.59076992174837e-05,0.0069568107192368,96,69,95.599065150271
18660,956.3446844744976,162033.1396870995,75620.91824333856,77025.63121770893,2281.100298840436,822.8807232724503,506.25416796366335,913.8529027991171,2.7708267928189888e-05,-0.0393020279698116,96,69,95.59634537104864
18661,956.347284357423,161949.04625370665,75622.47476288523,77003.41616681442,2300.4081771919155,834.4607450312906,513.4736133370025,931.3974371138902,1.1908048498374655e-06,-0.0606566850419198,96,69,95.5936276410364
18662,956.3649622766092,161978.72318176477,75599.91401693913,76991.28257550983,2317.3424440780072,841.6357033920067,519.5323502306128,952.2714226027892,-2.9625178756018537e-05,-0.0884385828166096,96,69,95.59091197065231
18663,956.3678463938916,161994.09966892097,75616.40343610512,76993.283800884,2321.571944787982,842.5414558909397,523.2827543194289,965.9657945104118,4.661183834245965e-05,-0.0972209630985785,96,69,95.58819837033955
18664,956.384572857319,161950.5177545275,75605.50254141518,76950.54821378713,2318.727232023317,837.2887593737833,524.1071265450737,981.94252483733,-4.559137559629108e-05,-0.084889699849515,96,69,95.58548685056704
18665,956.387250527024,161968.39432035064,75565.07154087542,77004.28407928103,2300.946677918837,825.6233973932685,521.5748973237642,990.6469661760493,2.6960907918656807e-05,-0.1005932609879449,96,69,95.58277742182936
18666,956.4049372535384,161940.145952743,75582.8845626948,77004.47186881512,2275.1181578952237,808.6487323904294,515.5059736231051,1001.2407515025698,2.0804531548205724e-06,-0.0911597336922364,96,69,95.58007009464777
18667,956.4077565094212,161952.40078390934,75612.87410284176,76947.0026442151,2233.5233461509924,786.5827661499643,505.79682700373814,1002.9980725982459,-3.0313453606530344e-05,-0.0801327933713305,96,69,95.57736487957048
18668,956.4244639107968,161935.1870909961,75623.72612058434,76948.9970893433,2183.3063743368257,760.6762402253371,492.48827195438207,1004.4224963359884,4.68329177944557e-05,-0.0798260236760939,96,69,95.5746617871733
18669,956.4272247657444,161960.4194472597,75598.58475938995,76951.15362488151,2118.0237600433175,731.2699906858616,475.8839200687071,995.5919502181641,-4.525994115180048e-05,-0.0584912971236339,96,69,95.57196082805967
18670,956.4449054317404,161992.62711095883,75602.20710511101,76948.13649223432,2046.2979479652713,699.6995359553694,456.5745098714542,985.4832694282813,2.620507122390162e-05,-0.0666983379996954,96,69,95.56926201286184
18671,956.4476630408356,161974.4593163187,75601.89260744401,76954.25470604665,1963.4128313208348,666.4199681084574,435.60336655419087,964.5548829509935,2.968670804529429e-06,-0.0793508383919359,96,69,95.56656535224052
18672,956.4643575200794,162036.59301451928,75587.1599178096,76986.9796500453,1880.171840054565,632.8972773278656,414.17729171039537,942.8435137121123,-3.099094482581702e-05,-0.0795068506997807,96,69,95.5638708568861
18673,956.467207560481,162060.09727836176,75593.86988790173,76965.95549627393,1793.7301401815494,599.733268710348,393.67691139606177,912.5942610497877,4.7038027224148174e-05,-0.0805029084203261,96,69,95.5611785375188
18674,956.4848644512876,162089.00437215625,75628.28071506784,76976.15485435125,1714.5780537337414,568.4333422742347,375.09784038277576,884.2306196796417,-4.491352029153665e-05,-0.0883177606757667,96,69,95.55848840488876
18675,956.4875686422242,162137.28704081202,75641.63948630002,76987.25029977,1637.5531180556281,539.4927598857903,359.0995673877187,849.4065208311367,2.5441019809901585e-05,-0.0783594980900832,96,69,95.55580046977718
18676,956.504252200636,162163.86530538526,75621.45817974128,76978.15504803674,1570.3452783013345,514.1071644022595,345.53380130711594,818.0945500509406,3.855159251974465e-06,-0.0806345159483881,96,69,95.55311474299651
18677,956.5072009143536,162195.43676752344,75638.1104397142,77026.8525641798,1505.5705987263354,492.1483747269376,333.9128042355878,782.0166530386778,-3.165743255351575e-05,-0.0793587469619452,96,69,95.55043123539065
18678,956.5248098824784,162243.7501626796,75634.52495122084,77033.54180176837,1449.073815078882,473.8488649124629,323.30631395234377,750.2343367622234,4.722711075481332e-05,-0.0688685501075218,96,69,95.54774995783563
18679,956.5274790984536,162267.6756383031,75656.57563073657,77021.4882619314,1392.669572927698,457.9959949433105,313.1103390592034,713.5322966212116,-4.45522419850804e-05,-0.0654870023797044,96,69,95.5450709212402
18680,956.5441420667388,162320.18155079734,75674.25976171289,77029.04621229344,1342.8980009169318,444.04762936635234,302.88408711049124,681.0616280964459,2.4669018353473516e-05,-0.0709898366834002,96,69,95.542394136546
18681,956.5472129912374,162342.29701855412,75674.83763567681,77038.67082350337,1292.8726389838848,430.56411885148555,292.87769001474953,644.5896266890923,4.739620867772921e-06,-0.0662490007914022,96,69,95.53971961472784
18682,956.5647277660267,162392.0381963353,75675.4981549255,77025.80851475109,1249.3099367009127,417.3884159880399,283.45459674313315,613.2235294310085,-3.2312700920277e-05,-0.0610877458257868,96,69,95.53704736679502
18683,956.5674162840432,162440.87432191247,75666.38945954596,77010.82925176917,1204.66063085309,403.88173216517316,275.23508886646596,578.4237849020283,4.74001175844132e-05,-0.0603517180277456,96,69,95.53437740379049
18684,956.5839917440042,162455.8838133495,75677.25545201545,77052.8659731417,1165.0769708384178,390.8608195702109,268.32838354748674,549.3985096397228,-4.417624007143311e-05,-0.0537521241651342,96,69,95.53170973679228
18685,956.5873165589192,162483.52766499444,75696.39968417874,77034.34247618067,1122.8285900224,378.34106740681455,262.58717632779735,518.0416415899817,2.38893338102363e-05,-0.0522041643594159,96,69,95.52904437691356
18686,956.604373314275,162516.88755229092,75682.90911681965,77054.1544966444,1083.431289549626,367.19213778417907,257.2127664171858,492.4805862381472,5.621758720655964e-06,-0.0591102162606742,96,69,95.526381335303
18687,956.6066415061742,162571.6999987444,75678.97281868193,77056.66976055212,1039.16212656867,356.8396680454607,251.33198289273423,463.77338263296406,-3.295653801844897e-05,-0.0400618743786378,96,69,95.52372062314528
18688,956.6240781120556,162582.0794688366,75701.08539137877,77049.23556748973,996.9943163810531,347.3363984729076,243.85822529974394,440.7076497398957,4.755700262552007e-05,-0.0397793763983415,96,69,95.52106225166152
18689,956.6272253468242,162597.02361833327,75701.21410560333,77082.18700684675,949.8642048151232,337.18305672952556,234.12344255810603,414.0440126815229,-4.378565405795932e-05,-0.0453934275741018,96,69,95.51840623210964
18690,956.644290622898,162626.3342346602,75688.29630894885,77052.65161902965,905.090446268674,325.97321603140153,221.70982946667937,392.1413276513631,2.3102235436792583e-05,-0.0587165314839341,96,69,95.51575257578494
18691,956.6465408687828,162664.66279723818,75698.84078932305,77066.31034493691,856.1806868719286,312.37780532389297,206.90086812182562,366.31544043839676,6.501277143253639e-06,-0.0567773237760899,96,69,95.51310129402
18692,956.6640761639272,162703.16877390642,75661.83977160479,77087.759554786,810.9644096653792,296.8810987526085,190.45599844132084,345.6939123555494,-3.358873598425556e-05,-0.0490769016862793,96,69,95.51045239818583
18693,956.6671656768272,162709.56022254273,75646.8366325431,77024.9582358621,762.4400365364272,279.22858626813104,173.78034209946054,321.2368038188433,4.769772610523081e-05,-0.0426217395249516,96,69,95.5078058996917
18694,956.6841843465868,162758.57181304463,75668.80631943117,77017.21614239721,717.5947141098441,260.91065330996935,158.43404330662452,301.1239896697807,-4.338062749642594e-05,-0.0339660613489406,96,69,95.50516180998568
18695,956.6864606916582,162747.09929040552,75656.1870057365,77053.50909344379,668.9979696294758,242.04811350087402,145.78100754893967,276.1541050117521,2.230799513072975e-05,-0.0426179998066979,96,69,95.50252014055526
18696,956.7040674433748,162792.4698369777,75678.42180247951,77018.69767365268,623.1056516364333,223.7107434451027,136.30343350500334,254.56869013182586,7.377881608314131e-06,-0.0293363029122336,96,69,95.4998809029272
18697,956.7071044172149,162819.73662885986,75636.27218558549,76999.26367476507,570.7604368652101,204.5427148083545,129.18007785527152,226.6383892519225,-3.42090911326311e-05,-0.0103342755276093,96,69,95.49724410866853
18698,956.7240725100552,162863.04855964673,75634.60603517182,76988.11940650192,516.3628263165592,183.78042112507683,122.25979442513199,200.37261055072304,4.782225366773844e-05,-0.0080611138183375,96,69,95.4946097693866
18699,956.7263913290642,162889.06275267137,75666.43517294883,77010.3937180899,449.64507698925445,158.5735676124168,112.49279642404872,167.21613372079446,-4.296130861063887e-05,0.0091388747834838,96,69,95.49197789672948
18700,956.7440570528504,162919.45682770837,75687.8585831164,77016.55480305683,375.5189939165721,128.1814300190017,97.17811535779038,136.72149372161948,2.1506886675609864e-05,-0.017178527120449,96,69,95.48934850238632
18701,956.7470372457268,162952.43025969167,75648.00883665442,77021.6767793098,286.31828260771,91.85647765215253,75.08269582231878,101.13460613955976,8.251278507827577e-06,-0.0414399540742098,96,69,95.48672159808773
18702,956.763959173726,163014.36312342135,75679.20107552098,76991.35795040654,193.51888917112956,53.65051156541449,47.99303758557653,70.81763719764422,-3.481740362022359e-05,-0.0354742862697583,96,69,95.48409719560618
18703,956.7663307608398,163003.44485032983,75670.35603444566,77014.10776637978,100.34592921438161,19.419850737816887,20.87096488667885,39.568834538484225,4.7930556818470994e-05,-0.0484847261991636,96,69,95.48147530675648
18704,956.7840453599708,163070.97877918344,75666.57138900197,76993.78705384994,31.175685310794506,-0.0,1.8562704047653824,18.834482553851558,-4.252785107454832e-05,-0.0569103438858279,96,69,95.47885594339584
18705,956.7869630388268,163087.55507837498,75691.53700238383,77017.8609908737,-0.0,5.405188851393177,-0.0,2.0647754449455533,2.069918593552834e-05,-0.0410904664889115,96,69,95.47623911742444
18706,956.8038463784804,163063.69722631553,75666.0744524355,77028.87547907814,36.84153418696951,46.15648308164964,23.495282005285844,-0.0,9.12117577438435e-06,-0.0415484163227165,96,69,95.47362484078572
18707,956.8062781899,163060.25019309824,75649.54162190728,77027.23419399568,153.14975225622766,126.20015576759761,76.33749304432422,5.793598920252407,-3.541347823082888e-05,-0.0405935434542608,96,69,95.47101312546675
18708,956.824031749597,163083.24995818955,75664.65371134675,77015.01053500824,366.15215837187134,245.0951522240939,157.50090183893917,29.265642433427274,4.802261227027223e-05,-0.0320943583410032,96,69,95.46840398349852
18709,956.8268815689216,163003.7582923379,75704.42612428861,77021.0703438224,664.8823449258925,393.029782882164,259.71531208764645,61.38365797584993,-4.208041243673038e-05,-0.0313803739518475,96,69,95.46579742695624
18710,956.843735607614,162980.87593329503,75654.80008735185,77061.13564347873,1039.8023517624242,557.0051927069435,372.0603419652907,109.8533250419132,1.988517107154236e-05,-0.0519399784569652,96,69,95.4631934679598
18711,956.8462330477116,162954.54439365192,75699.70077233794,77046.94740633409,1454.8478217676166,719.1224753056449,481.41768951292033,164.26323784413398,9.987282988654827e-06,0.0482876884726111,96,69,95.46059211867396
18712,956.8640153377931,162869.78283102452,75686.58339816633,77029.54693415774,1882.1696222432074,865.0333835892961,576.7065630104044,230.7014591434563,-3.59971238545018e-05,0.3049196959982719,96,69,95.45799339130896
18713,956.8667930136744,162782.91307237092,75668.79608643327,77059.15041710305,2277.7755831992254,981.9449261884583,649.7684008646465,296.68803774527623,4.809840215611441e-05,0.3902755558154541,96,69,95.4553972981202
18714,956.8836281118524,162754.28689630283,75705.352649794,77059.66155569715,2618.867185995856,1065.5601242141565,697.9745525277394,367.43560692941537,-4.161915530792737e-05,-0.1092893198653235,96,69,95.45280385140936
18715,956.8861947429846,162665.9136646213,75698.40856975631,77088.99260720387,2877.7833589360234,1114.7532911162853,722.3732601586671,431.3602035755466,1.906512180735463e-05,-0.372640353794066,96,69,95.45021306352434
18716,956.9039951896568,162611.55193762537,75693.14511495011,77068.44157644946,3054.283572997316,1135.4820372074755,728.0496918167919,495.02987636302714,1.0849310626862611e-05,-0.0598966339614536,96,69,95.44762494685912
18717,956.9066978017788,162558.393012192,75686.4725089173,77091.78127983383,3143.7848995769164,1133.108270181212,720.541245353932,548.1071550154011,-3.6568153931043015e-05,-0.0615997557718633,96,69,95.44503951385492
18718,956.9235249964934,162529.3498681011,75679.54641094091,77059.16142139942,3166.240417770343,1116.2276655203023,706.0475761091802,599.1924115566944,4.815791425994303e-05,-0.0771821638711302,96,69,95.44245677699983
18719,956.9261625850936,162480.3831969816,75683.00361592084,77074.70159027373,3131.3422747534933,1089.564851062285,688.3580497564108,640.4767714386107,-4.114424678776024e-05,-0.0245550792206491,96,69,95.4398767488296
18720,956.9439704114682,162453.71858070343,75678.56114449867,77049.46769748438,3065.5904560438357,1059.2766853020003,670.5061532410036,681.8583360015182,1.8239319833524024e-05,-0.0374153444380895,96,69,95.43729944192737
18721,956.9465965467076,162398.43066629782,75665.98772622398,77075.92065487031,2977.9904658186715,1026.9769332354626,652.9640684340848,715.3866943184694,1.1706971537514234e-05,-0.013109470489916,96,69,95.43472486892443
18722,956.9634272419174,162371.8959106289,75673.05189017746,77031.1341281909,2890.2454546582885,996.3748106074054,636.5509182169044,750.805444744241,-3.71263856927888e-05,-0.0190547786979686,96,69,95.43215304250045
18723,956.966135762585,162390.9244996619,75648.72761342012,77031.35566343725,2804.418882382917,967.3714856240113,620.773967323039,780.2592656032066,4.820114216947287e-05,-0.0161488817837637,96,69,95.42958397538332
18724,956.9839402016614,162296.5376071222,75664.26587054077,77043.21637657285,2734.1435231469222,942.5654338674503,606.4750719314616,812.7231361497543,-4.065585800218113e-05,-0.002953484809681,96,69,95.42701768034998
18725,956.9864900071072,162274.492875586,75642.20643031594,77016.86678783443,2673.4990449706675,920.84268022592,593.386218838772,839.0913634695462,1.7408048610072263e-05,-0.0089114172828751,96,69,95.4244541702264
18726,957.0033357031016,162291.23875288593,75641.10328543301,77027.49503232511,2630.1745127817267,904.0448223393323,582.4683306113002,867.9946725107147,1.2559979522218656e-05,0.0036061985933684,96,69,95.42189345788788
18727,957.0061133428144,162266.6946675339,75634.96077478088,77024.55696172605,2594.1564819529885,890.155963339319,573.0888495909749,890.7127978152712,-3.767164150505739e-05,0.0072691978513094,96,69,95.4193355562594
18728,957.0239038854728,162256.287279041,75644.56941854964,77025.78125446837,2569.906074909086,879.9510401531734,565.5197283944581,915.5474190014065,4.822808443059177e-05,0.0013380273846224,96,69,95.41678047831564
18729,957.026379054884,162203.1671177512,75622.96915465461,77015.27362327864,2545.0203916882165,870.2464576741477,558.300694537902,933.1427839072421,-4.015416524064564e-05,0.0187906133771218,96,69,95.41422823708145
18730,957.043251103624,162200.43674580127,75650.90269006774,77008.27128163677,2523.668120268034,861.319795436415,551.3077273652598,952.1702985231823,1.6571593097495088e-05,0.0294919568461408,96,69,95.41167884563212
18731,957.0460942806276,162173.91671130585,75630.55197366932,77011.76265548923,2494.7869440533104,850.1966669736576,543.191507460986,964.3874458157225,1.3408050842118626e-05,0.0331692213854859,96,69,95.40913231709348
18732,957.0638609421738,162185.6640494316,75632.38778361249,77016.03027274966,2464.5543068333063,838.105749078677,534.508739050565,978.8649614721362,-3.82037482100767e-05,0.042710609255454,96,69,95.40658866464224
18733,957.0662646437944,162173.65796477182,75625.83084850296,76991.40091402299,2424.480456346355,823.4871280193911,524.8905769817939,987.3679941052105,4.8238745477438224e-05,0.0512234656694913,96,69,95.40404790150605
18734,957.0831740308151,162193.0224778673,75619.81091561874,76990.01639530937,2384.477962345758,809.4305291896017,516.0662611293956,999.3519471389591,-3.9639348520326346e-05,0.0621862869643005,96,69,95.40151004096396
18735,957.0860774303128,162175.32932046807,75617.94272115943,77001.00135173307,2339.606949789799,795.8616418598249,508.4986620185373,1006.6851751127979,1.5730239874306447e-05,0.0790038833376887,96,69,95.39897509634652
18736,957.1038110291088,162160.21063023832,75638.41579345318,77019.38438966066,2301.7297691134736,786.4596475426224,504.11042571938015,1017.4981988961517,1.425090332537062e-05,0.0803864853804439,96,69,95.39644308103594
18737,957.106147774898,162133.0918208638,75606.99002495833,77010.9864137893,2266.308175754326,780.6199747212086,502.71557839857996,1022.1486862090824,-3.872253683081719e-05,0.0657724341267308,96,69,95.39391400846678
18738,957.1231049362668,162159.8028486426,75627.08124281585,77023.29667482688,2245.0533193183364,780.8732473233977,505.0539963186602,1028.5310615106428,4.823313506733007e-05,0.0738388122264341,96,69,95.39138789212498
18739,957.1260615565378,162134.41277924972,75634.44856106387,77001.5779093195,2232.0221131165163,784.8860732841713,509.41848222873523,1027.689963487588,-3.91115923793114e-05,0.0600000715074915,96,69,95.38886474554968
18740,957.1437540060306,162159.56491670178,75616.98504319906,77001.28050956648,2235.7863945900463,793.2500731949258,515.1912702055124,1027.8515336627897,1.488427671670937e-05,0.0328131536117339,96,69,95.38634458233192
18741,957.1460294554072,162194.18486777405,75641.30316430038,77029.89825326446,2246.473849253671,801.9455138675548,519.8853871815372,1020.6622831212007,1.5088256746288836e-05,0.0134962078529714,96,69,95.38382741611618
18742,957.16304414626,162167.09000363736,75673.48683945193,77036.1053519317,2269.354203176219,810.8171636122133,523.0700058855582,1015.5738521642052,-3.922784360515397e-05,-0.0177263287625779,96,69,95.3813132605993
18743,957.166045339,162214.4236679355,75678.10258126535,77060.50455494822,2291.410641519935,815.8792687560926,523.1362511210318,1005.0164371210267,4.821126842307066e-05,-0.045250250981577,96,69,95.3788021295315
18744,957.1836899649982,162179.50705816448,75666.77129997122,77051.95818706031,2314.834757783625,817.6841321191896,520.8477359969984,997.6567604316515,-3.8571085652857264e-05,-0.0598367665069294,96,69,95.3762940367163
18745,957.1859106451552,162214.43747232133,75657.92778498215,77049.64994320404,2324.935691669816,813.4710930145375,515.640379001532,984.9338909597718,1.4033993122067476e-05,-0.0761600824244951,96,69,95.37378899601104
18746,957.2029918898678,162230.54594039658,75669.92741258288,77033.93393822719,2325.002152396308,805.4408064961317,508.9803037469683,975.2639720333682,1.5919833187914263e-05,-0.087261925615646,96,69,95.3712870213262
18747,957.2060273609868,162250.8845237963,75670.98252662366,77041.7914423442,2303.263359628443,792.1131878688029,500.41459695310914,960.014703375753,-3.971950883414132e-05,-0.0743035904663458,96,69,95.36878812662648
18748,957.2236192768562,162291.58011599217,75666.71545328213,77061.556096249,2266.770106029231,776.2312099718401,491.10684990516165,946.9534290344454,4.817316633167284e-05,-0.0773550780055358,96,69,95.36629232593046
18749,957.225792177336,162278.19039422012,75643.59151156183,77055.3824007224,2208.266811363981,756.2147479152045,480.19962666538777,927.6028323535284,-3.801802127232607e-05,-0.0733453071799962,96,69,95.36379963331098
18750,957.2429483622128,162283.84885578748,75675.33909319849,77059.69769809835,2139.6946251268964,734.538100506732,468.6624017842696,911.1007482122222,1.3179679451281002e-05,-0.0610356404086893,96,69,95.36131006289511
18751,957.2460060593552,162336.59764108053,75675.62159044416,77044.42318470383,2057.021741089702,709.1649994349282,455.50123850195087,890.4451517576526,1.6745356641966027e-05,-0.0616024481802214,96,69,95.35882362886454
18752,957.2635426823916,162320.06337344268,75676.60335416242,77034.44187081078,1972.9528351714252,682.2018319302442,441.54368370669545,875.1654028661724,-4.019737782259616e-05,-0.0540959427120439,96,69,95.35634034545538
18753,957.2656746179052,162383.61535566725,75660.51795010015,77034.83542859634,1882.8333891880466,651.7073480990366,425.69848293747054,858.4522620115022,4.811885523438095e-05,-0.0536779900457679,96,69,95.3538602269588
18754,957.2829138703804,162415.9584890894,75663.11005355541,77040.19952298747,1798.438758837583,620.5572587993665,408.9084900090238,849.6635657521547,-3.745259608247017e-05,-0.0610580562009169,96,69,95.35138328772044
18755,957.285979572087,162388.33557565452,75671.97515856259,77045.24566457988,1713.3072431154433,587.7045044209226,390.30815018335124,840.4635463100276,1.2321627342407072e-05,-0.0646170163593254,96,69,95.34890954214154
18756,957.3034615133922,162392.85543057846,75648.30588671652,77023.19871511693,1636.878990328929,556.7015012644988,371.16050724856905,837.155564146291,1.7564553796020103e-05,-0.0677875796522348,96,69,95.34643900467798
18757,957.3055579470854,162416.7165792863,75664.36388337765,76991.32454447605,1561.1838355506188,526.8069713142031,351.00054511311464,829.1056178597792,-4.066130080847194e-05,-0.0585585713832487,96,69,95.34397168984133
18758,957.3228892257902,162405.85824177868,75635.44557806947,76989.16438533543,1495.382068676292,501.3622319607821,331.51829431421356,821.9600633734663,4.804836656052679e-05,-0.0664527329856035,96,69,95.34150761219828
18759,957.3259452484632,162418.25069522392,75638.97592487809,76986.35340033095,1430.8772134229657,478.4863765407499,312.43715964086005,805.6127488738275,-3.687501095487201e-05,-0.0622955263636276,96,69,95.33904678637096
18760,957.3433783882566,162478.37581958633,75616.01039581661,77012.70649366797,1375.456727599958,459.7780430123239,295.33841944125015,786.9141331336577,1.1460129345940089e-05,-0.0996549183898965,96,69,95.33658922703763
18761,957.3454405413204,162489.8262449356,75613.31021594848,76978.68476058816,1319.3876745874877,441.8503121788817,279.62344469112577,758.5184606783732,1.837715322821611e-05,-0.1309463210597269,96,69,95.33413494893172
18762,957.3628772063248,162510.52323185306,75638.53464625352,76979.40568053187,1270.1475232068915,425.71420151884377,266.4277369584015,730.4974346339586,-4.111113276541535e-05,-0.0973340270304465,96,69,95.33168396684285
18763,957.3658974565644,162547.6744814712,75601.82654677103,76999.33885277154,1217.773503941251,408.2429722763918,254.5670240863401,697.3159587426926,4.79617375145802e-05,-0.0994132006028677,96,69,95.32923629561608
18764,957.3833007992124,162621.22086204193,75650.33914505811,77019.20819546138,1170.1084185105283,391.448310271895,244.65736575503252,668.6138352740963,-3.6285471155897584e-05,-0.1213004252549855,96,69,95.3267919501533
18765,957.3853127418112,162641.60133641248,75631.52392895687,77003.78633059187,1118.978871011932,373.6656236370618,235.31776343280217,637.608805409749,1.059547904777343e-05,-0.1013295701035649,96,69,95.3243509454116
18766,957.4028958837728,162654.3454189127,75656.79131272869,77003.86721465751,1074.7170499063795,358.1927024063916,227.30447824241128,612.098069664702,1.918288622261891e-05,-0.0924557905316396,96,69,95.3219132964048
18767,957.4057882817456,162670.38079367875,75634.85971770021,77003.92646083959,1029.8426268303301,343.60827541185427,219.42698830072186,582.8107829381479,-4.154673355140612e-05,-0.0923657872550628,96,69,95.3194790182028
18768,957.4224420344168,162695.42648378076,75645.78831162566,76985.0539208713,993.1218209256767,332.37483904417604,212.50965075317072,555.2179259453842,4.785901071922574e-05,-0.0854208000004169,96,69,95.31704812593168
18769,957.4252409547404,162759.56243848204,75653.27248615115,76993.07846774695,955.4157368415617,321.99558015838556,205.41384164025658,520.8716222817602,-3.568418517655774e-05,-0.0852889874584325,96,69,95.31462063477406
18770,957.4428971918034,162771.22955988676,75641.45968253448,77015.61710514866,922.7017387198284,313.5824848559714,198.74824669159716,486.68793093413115,9.727970865415856e-06,-0.0825065467960556,96,69,95.31219655996912
18771,957.4456668062264,162839.28950301843,75651.00046476607,77035.88441063122,883.2659228641423,303.56294143392006,191.06842613391927,446.04426546706236,1.9981486568285087e-05,-0.0679381475424598,96,69,95.30977591681224
18772,957.462360877751,162872.35803643346,75667.38292169398,77023.46301900699,843.104335549986,292.95779722122825,182.95760935414,407.99681454588426,-4.19679677312345e-05,-0.0663523918093281,96,69,95.3073587206554
18773,957.4652000984684,162931.4593571319,75659.4548886723,77050.23372306758,793.1525728502893,279.13247632641287,173.39606317231664,367.78653715425753,4.774023393499936e-05,-0.0730357416143273,96,69,95.30494498690722
18774,957.482879073706,162963.90959883088,75695.14210280035,77033.30022476705,742.8181321807788,264.46990694366104,163.6247547728126,334.12385020640795,-3.507136587140488e-05,-0.0671389109912034,96,69,95.30253473103316
18775,957.4855497096156,162980.93538030938,75686.49339657523,77040.9336243839,685.8124091107748,247.58136537460086,153.23864097023034,300.26706782804104,8.857899909937845e-06,-0.0588624584934487,96,69,95.3001279685551
18776,957.5022786392608,163013.27117590222,75686.49719277085,77051.5402420573,633.5322697652155,231.62706126261037,143.7409932517039,272.6701919276675,2.07726905277106e-05,-0.058853650072152,96,69,95.29772471505136
18777,957.5051694334848,163054.26670756872,75671.18780151765,77025.95917812575,579.7571275198716,215.0252218671958,134.34990238421597,243.07019748477614,-4.237470505039122e-05,-0.0524574224433958,96,69,95.29532498615768
18778,957.5228501073884,163075.85193927938,75692.94558449967,77033.21425961054,532.9286786100129,199.41592675114225,125.40788281100686,216.40103920846013,4.760546063201899e-05,-0.0568521230327032,96,69,95.29292879756582
18779,957.5254321758804,163118.96192899658,75671.994724105,77028.02480702025,481.94072448200313,180.99660943659546,114.65363738537417,183.9883739890647,-3.444722949791987e-05,-0.0431666490676762,96,69,95.29053616502476
18780,957.5421999469218,163138.2517611417,75682.32205916532,77043.0144181843,431.1358719523414,159.70605080861424,101.37494542906643,152.1267920366372,7.985561766474712e-06,-0.0216249245643848,96,69,95.28814710434006
18781,957.5451450658168,163181.7914055138,75683.31611564645,77056.56166181424,367.4797291763243,131.5731742856733,83.39075597806368,114.98286496463697,2.1556237370274425e-05,-0.0133008463562379,96,69,95.2857616313741
18782,957.5628119339292,163247.84475806134,75677.078623016,77038.92655937021,296.1645777654485,98.37191631815222,61.534005635854555,81.12523473985493,-4.276682037669256e-05,-0.038315928850634,96,69,95.28337976204604
18783,957.5653134727582,163255.09245017992,75667.0020855484,77030.25256906405,209.32745202223305,60.35941140195064,36.817482452024706,46.63696764642373,4.745474962634085e-05,-0.0398482862583675,96,69,95.28100151233176
18784,957.582126729738,163295.03822527546,75704.74030413583,77033.05500356748,122.85933400061913,25.581823185406392,14.470239809568739,21.6382751307101,-3.38119958570959e-05,-0.0396381484189118,96,69,95.27862689826382
18785,957.5851247658504,163301.92198102266,75689.28370910081,77017.06020798725,43.17717145616189,1.1203821702074492,-0.0,3.0998294255696237,7.111252910518567e-06,-0.0639158774957358,96,69,95.27625593593186
18786,957.6027650960864,163310.24286013766,75661.95166302517,77023.51950396865,-0.0,-0.0,1.5558291660854593,-0.0,2.233186905285771e-05,-0.0549600271097132,96,69,95.27388864148188
18787,957.6051938724304,163347.78441806705,75659.13914487226,77032.21820433938,9.447510365629569,30.45340649737045,24.70365122728981,7.413840851106215,-4.314419341689117e-05,-0.044608500839949,96,69,95.27152503111688
18788,957.6220600422464,163273.59823275078,75656.78881695902,77036.92628208268,103.3457032731385,101.43041566642933,74.05192147521302,32.43338469840819,4.7288164730411005e-05,-0.0678016922145512,96,69,95.2691651210962
18789,957.6251067984924,163250.76172226676,75646.14835457857,77018.13702596785,288.5360837111948,211.6531255968439,148.35572154039983,68.57698467036244,-3.3165888500905e-05,-0.0676114716936014,96,69,95.26680892773628
18790,957.6427098671356,163197.30498445872,75640.83997581848,77007.00287738767,575.156860002433,356.58915833175706,243.43747548991814,120.76330140186474,6.235269778555891e-06,-0.054077377255603,96,69,95.2644564674096
18791,957.6450740421424,163134.88855043743,75681.37501753685,77040.45643817722,940.4712535019498,521.1475193739607,349.65110575649305,181.0217501213774,2.309933022108368e-05,-0.0557865883054795,96,69,95.26210775654582
18792,957.662000486864,163095.23652305666,75669.76937485808,77000.74728745234,1364.8248061438208,690.597595963176,457.03654630537494,253.5797670686734,-4.350670891671151e-05,-0.0568420502302042,96,69,95.2597628116308
18793,957.6650896237228,162990.36677367147,75645.49262365153,77002.09456232295,1802.4493789463886,846.0428720040072,554.3057167022489,330.13728043437004,4.710577532246273e-05,0.0653531027914758,96,69,95.2574216492067
18794,957.6826465077196,162944.7842502995,75633.77777800271,77005.40857038306,2222.477620435995,975.9095464254497,634.1613438639324,413.5592667949095,-3.250913459061663e-05,0.3131473191996445,96,69,95.25508428587256
18795,957.6849548207086,162832.40039862745,75666.80553650808,76996.51793114009,2582.8981496431516,1070.3706459639216,691.5027616832813,494.4026421274175,5.357909487226917e-06,0.3221629699863153,96,69,95.25275073828332
18796,957.7019483683928,162781.5543861388,75630.71282928261,77003.19895437642,2870.05454194505,1129.8962272786448,726.8423665862938,574.9257686432684,2.3858368793475966e-05,-0.2087018243950468,96,69,95.25042102315048
18797,957.7050717933212,162694.49288492103,75631.94616807203,77029.74953507888,3066.442780245794,1156.1728441319574,742.3534820717759,645.7989241323376,-4.3854257002403887e-05,-0.3472714625315362,96,69,95.2480951572416
18798,957.722575375674,162617.2794362226,75644.20891467901,77028.57770495939,3182.9052434238256,1157.800128433213,743.4197912961245,709.4382640500262,4.690765607509744e-05,-0.045525907149781,96,69,95.24577315738044
18799,957.7248371006444,162573.9692521714,75646.27481799427,76986.99706541836,3222.216935377335,1140.5438929297961,734.1045826646732,758.1869285930006,-3.184196460622332e-05,-0.1013793823688908,96,69,95.24345504044672
18800,957.7419037731923,162553.27380347092,75650.8568016892,77029.78020740976,3208.7676368387183,1113.4715742499684,718.9817042973591,797.3388684871315,4.479469189677275e-06,-0.1021229332309968,96,69,95.24114082337633
18801,957.7450519069868,162551.96330774005,75676.09039187043,77014.5752757029,3151.1651337330695,1080.4251999334374,699.7505757478648,822.5293382093078,2.460873549963618e-05,-0.072039732670212,96,69,95.23883052316096
18802,957.7624969880118,162499.92482645463,75685.21975618371,77029.62265580705,3072.9338003357407,1047.3474935844133,678.3369194826228,841.171996490244,-4.418673252755656e-05,-0.092564987644054,96,69,95.236524156848
18803,957.764721742186,162508.11481153194,75655.31684169547,77018.81847712006,2978.942708835879,1015.2043463106384,654.7909429708088,850.6905032842187,4.6693886831866286e-05,-0.0735969940133271,96,69,95.23422174154034
18804,957.7818666306822,162500.57105980205,75640.87578819164,77054.81449573614,2888.3420447431854,987.695586729169,630.7248254314763,859.4577789319155,-3.11646120396835e-05,-0.0763511953227246,96,69,95.23192329439696
18805,957.785028581098,162480.69608406004,75653.40172881515,77033.16034124074,2801.3315238004434,964.0791042705969,606.9116855905158,864.822998272517,3.600246222275473e-06,-0.080565627256588,96,69,95.22962883263187
18806,957.8024120736734,162505.69507492354,75661.61786857461,77075.26066894922,2731.58351207152,946.4440925517265,585.8327255502518,873.5104491409438,2.5350184341355223e-05,-0.0844998969276253,96,69,95.22733837351456
18807,957.804609485827,162471.79011258658,75697.44772301959,77030.87468377834,2674.1096127268393,932.8062416408211,568.6544159881596,881.4009688359802,-4.450403601485715e-05,-0.0833000372266483,96,69,95.22505193436972
18808,957.8218367883904,162456.04164523556,75690.8509051318,77077.42868226758,2637.3037120619556,924.2102824873,557.1709172774281,893.8906332749757,4.646455267559216e-05,-0.0763264424781059,96,69,95.2227695325772
18809,957.8250003985928,162474.53677591833,75699.52484140379,77047.36830701205,2610.3786213198327,917.80012028887,550.7995432788739,905.730434499681,-3.0477313953994942e-05,-0.0823101483952539,96,69,95.22049118557192
18810,957.8423216495366,162455.03273565738,75681.0776468197,77065.2497933299,2595.770057714428,913.7773179392389,548.9074266575044,920.887586384808,2.720537899705024e-06,-0.087133622220399,96,69,95.21821691084314
18811,957.8445008282677,162426.64592205136,75678.99047335696,77063.80210173984,2579.3817045681644,909.0065907290846,548.8055627638532,933.8552869966952,2.608247236768142e-05,-0.118025923926366,96,69,95.21594672593542
18812,957.8618141421198,162417.10590918976,75687.90181080777,77061.5881253061,2563.656255657552,903.8797368032974,548.7305785785429,948.9650234959845,-4.480607290313988e-05,-0.1202416973759709,96,69,95.21368064844772
18813,957.8649657889476,162429.52103640995,75646.87861616613,77061.1282132309,2537.462108917942,895.9433906308986,546.2879418882949,961.4169879943656,4.621974387023939e-05,-0.1069744822706768,96,69,95.21141869603316
18814,957.8822271830924,162379.21347546292,75692.70803093085,77047.89551632469,2507.9388694796944,886.5255843017803,541.2163913423719,975.837135237729,-2.9780310729958677e-05,-0.1127397843837481,96,69,95.20916088639932
18815,957.8843957808853,162387.13142267577,75668.61531168349,77032.76244879566,2470.396236920904,874.6396710851986,533.4580843839503,988.4082999529201,1.840641545221147e-06,-0.0998857840613402,96,69,95.20690723730787
18816,957.901798927974,162372.61997939274,75643.58385032734,77043.4659609134,2437.6400956787984,863.065376174709,525.0089843154128,1004.476073902566,2.680536049157189e-05,-0.0850015435395645,96,69,95.20465776657416
18817,957.9049226937658,162379.67244253046,75654.44102780131,77046.2698514598,2407.755751247925,851.9065387385635,517.3502862057358,1020.3397869028267,-4.5092753704904974e-05,-0.0715833971782314,96,69,95.20241249206764
18818,957.922131039502,162342.6182775184,75638.08741616266,77012.01007007275,2392.2457591124694,844.2080098389415,512.816306374094,1040.32735156719,4.595955586757627e-05,-0.0799322725053689,96,69,95.20017143171128
18819,957.924293235184,162317.68180187253,75642.44799582288,77041.94001455214,2385.716277041647,839.8420082526864,512.2088109551405,1060.0413380162208,-2.9073845307256457e-05,-0.0692799686350034,96,69,95.19793460348124
18820,957.9417925705184,162295.5862101643,75657.73138492409,77010.52116244717,2394.46333536756,840.8835443288408,516.291659314913,1082.9556623236276,9.608540778759146e-07,-0.0714430806426175,96,69,95.19570202540687
18821,957.944867440348,162289.18508558327,75627.27592128442,77010.39708231945,2407.6028946749284,845.7273463671736,523.8937336626113,1103.9404948684387,2.7518612039681173e-05,-0.0970253042350303,96,69,95.19347371557116
18822,957.9620380802666,162260.98824805018,75614.83732235724,77004.55647327352,2426.9726079549873,854.561334314174,533.7682513392356,1125.685049901309,-4.536399456021651e-05,-0.1056707164964789,96,69,95.1912496921091
18823,957.9641885926987,162232.2724888555,75613.95023180082,77004.72511728565,2440.7177227733773,864.2549192848965,543.3447366117616,1143.4727368460153,4.5684088986621794e-05,-0.1301862679925918,96,69,95.18902997320885
18824,957.981801245561,162235.561409949,75583.67319428087,76998.77476744674,2452.02603524999,873.8407122000208,550.8081035813375,1160.5671331078338,-2.835816426593428e-05,-0.1772131033544755,96,69,95.18681457711097
18825,957.9847891893448,162220.30072669563,75598.44382024177,77006.89017157261,2451.5530224143877,879.7558182335342,554.0894667539105,1172.747203666484,8.1472660377222e-08,-0.2092743540436994,96,69,95.18460352210798
18826,958.0019649029274,162221.71493337097,75592.99437881395,76974.6494747754,2444.673468164983,881.2296599044494,552.6541781075939,1183.164989002631,2.8221994457233547e-05,-0.2220942363286946,96,69,95.18239682654492
18827,958.0040570851728,162208.19908043472,75651.29078153557,76991.81265840601,2424.4722619034,875.789854560353,546.1846051759494,1187.9234291062166,-4.561971670676257e-05,-0.2355910061133585,96,69,95.18019450881808
18828,958.021869751772,162217.3796235889,75600.16397739705,76999.42233625894,2397.5960217342945,863.9886277492042,535.6223741218855,1190.141317635047,4.539344917650393e-05,-0.2352962521763293,96,69,95.1779965873757
18829,958.0245837552516,162190.63981782738,75625.67719788829,76999.93776166221,2357.4189673168003,844.7360356402787,521.5325832874223,1185.7860651868978,-2.7633516498062084e-05,-0.2403482584865356,96,69,95.17580308071736
18830,958.0423924263292,162216.70776557393,75618.53890339732,76969.53480182092,2310.525660123152,819.7536633144045,504.9612786481448,1177.9066927499953,-7.972066302900265e-07,-0.2383304131913761,96,69,95.17361400739355
18831,958.0444384666332,162245.03061552564,75616.22900426087,76992.17589533044,2251.093182811979,789.201665966466,486.20391113791266,1163.1907510994643,2.8915278651924025e-05,-0.2315773088887681,96,69,95.17142938600576
18832,958.0616751613104,162259.22572224037,75625.66129513792,76993.36052815162,2186.538818936504,755.8188533296634,465.92367486751755,1145.3811148114037,-4.585984676916522e-05,-0.226799840350328,96,69,95.16924923520654
18833,958.0646455054064,162279.31880890258,75626.87254209552,77010.51687568292,2112.6329047374893,720.7551152972592,444.408167109621,1122.278713637148,4.508774702742712e-05,-0.2298607508664077,96,69,95.16707357369803
18834,958.0822633973844,162304.55779702123,75640.83839163819,76979.18258807778,2037.1437588676927,686.9950047390885,422.5856096726784,1097.7111292331538,-2.690015395592782e-05,-0.229606982629147,96,69,95.1649024202334
18835,958.0843601313674,162339.17059185007,75617.90315515656,77026.97514968364,1956.6031689030933,655.4130914418056,401.2673021098017,1069.7003166350187,-1.6748878594413507e-06,-0.2205775237756571,96,69,95.16273579361508
18836,958.1016070530952,162367.5907793418,75632.39330309395,77048.44537510801,1878.9697424283368,627.8291898433235,381.65539881796576,1041.8223671758897,2.959823909284165e-05,-0.2174901377479943,96,69,95.16057371269544
18837,958.104645582537,162389.67935713346,75647.1662612586,77014.11432208424,1800.714448902232,603.5776853540592,364.42386983498,1011.7915519859525,-4.6084316546265526e-05,-0.2255078737749467,96,69,95.15841619637632
18838,958.122163087464,162435.3345363478,75644.45400612654,77004.27878728803,1728.2172343916027,582.6933111146063,349.9789395717089,982.1281593024905,4.4767098040673e-05,-0.2503005297371508,96,69,95.1562632636084
18839,958.1242607242576,162449.24666946902,75670.62204564123,77027.433665613,1656.816698457813,563.4441766770178,337.9155628068547,950.1643534854229,-2.615833153517771e-05,-0.2509553774415835,96,69,95.15411493339148
18840,958.1415636315952,162502.1178557026,75682.99387326848,77039.22960667463,1591.560120410286,545.4370480424695,327.53222505908343,918.2498307019414,-2.5512754884082102e-06,-0.2564196772206208,96,69,95.15197122477392
18841,958.14462805525,162528.97245184224,75650.33692130522,77033.73649560544,1527.0667791349115,527.3728672977013,317.8916993206658,884.1300573844346,3.0270653839237828e-05,-0.2548039971963646,96,69,95.14983215685211
18842,958.1620674388248,162547.04932123562,75660.30522672608,77050.2964171728,1467.3813059170498,509.50245255301706,308.39744982516277,850.3081465931318,-4.629306338690323e-05,-0.2506377552094336,96,69,95.1476977487707
18843,958.1641560381504,162596.848749369,75679.35304327139,77017.62187813825,1407.713983313588,491.4518447359005,298.87122154422104,815.3997833292815,4.4431622956775136e-05,-0.2455529067329416,96,69,95.145568019722
18844,958.181534962236,162638.9783936688,75672.40763630217,77034.55615337023,1352.965411488316,473.9530611508526,289.50912967388285,782.5225526507711,-2.540830641639888e-05,-0.2359386784773689,96,69,95.14344298894557
18845,958.1845979040776,162664.80362942824,75670.4108556703,77045.6174322182,1299.6226077044266,456.8202742117719,280.66373343154555,750.7245224514336,-3.426074969075005e-06,-0.245910251407763,96,69,95.14132267572845
18846,958.2019734818635,162707.38679622416,75673.62446294,77047.8080496658,1252.6920141392038,440.4149932457949,272.39226924502873,722.4875339302234,3.09323044501877e-05,-0.2369390827306788,96,69,95.139207099404
18847,958.204048922561,162707.88349319517,75641.51382493738,77052.38589000102,1209.0486104043666,424.36211162446125,264.48274670820683,696.281717046455,-4.6486029772019e-05,-0.236409842615111,96,69,95.13709627935263
18848,958.221519791226,162746.88441861863,75668.88257530954,77020.34346265874,1172.8748834225698,408.8702520116349,256.1575558037148,673.4869154893386,4.408144716963173e-05,-0.2513729343440297,96,69,95.13499023500052
18849,958.2245534306434,162761.05496649162,75690.3649657408,77021.21151146015,1139.6600064511877,393.84864116429526,246.73312135855667,651.637620512367,-2.465033862803284e-05,-0.234546720074505,96,69,95.13288898582
18850,958.2418842958012,162795.02117387805,75676.25528636272,77058.18456301435,1110.656590723549,379.63155954483955,235.49212135467678,630.9436561045295,-4.298992457980247e-06,-0.2328094333202603,96,69,95.13079255132877
18851,958.24393620891,162790.35212599958,75682.35640417397,77034.41415058788,1079.1871484166477,366.2306251838454,222.57610987927183,608.7753331178683,3.158297702563575e-05,-0.2390693068769885,96,69,95.1287009510898
18852,958.2615234712634,162878.4414205983,75678.2501585537,77041.51126128327,1044.5919871440856,353.4594081992691,208.40958979335846,585.4273751875735,-4.666316386593451e-05,-0.2307332877210611,96,69,95.12661420471098
18853,958.2644843767752,162831.24965884374,75689.13609642239,77028.38218683208,1000.4152415040298,340.71226605115226,194.31387159903534,559.0444060869049,4.371670117714726e-05,-0.2288842841901048,96,69,95.12453233184486
18854,958.2818156043944,162894.59400750624,75647.31732761604,77026.30515018155,947.7248542308807,327.02787809999427,181.23760501050856,530.6225503510213,-2.3884690479646787e-05,-0.2311804462325162,96,69,95.12245535218813
18855,958.2837944233185,162911.97803904072,75672.12201647849,77007.10357395405,884.7129509022925,311.6961521753401,170.25815518997842,499.7175149695249,-5.169734749939963e-06,-0.2167671957190237,96,69,95.12038328548113
18856,958.3015883282944,162970.21632736924,75656.25768810076,77008.23704017028,817.3116138061159,294.07913375827775,161.21093159206794,468.29436869412893,3.222246085404911e-05,-0.2212600849954332,96,69,95.11831615150818
18857,958.3042961625548,162973.2421211836,75649.30724713605,77042.48056234428,748.1459635210922,274.57961090511526,153.84387620957568,436.61718419459066,-4.682441877028991e-05,-0.2272367796422171,96,69,95.1162539700964
18858,958.322129325477,163011.16294476984,75677.47996028882,77003.62495298775,684.3091368497116,253.55191079768701,146.73453639881336,406.2325196894526,4.333752022080174e-05,-0.2051796262972841,96,69,95.11419676111586
18859,958.324280887196,163046.53145940485,75671.03469949735,77015.5403580843,626.8776483184192,232.11947697223513,139.01088172275922,376.62220261548646,-2.3111626617691227e-05,-0.1804646997989951,96,69,95.1121445444792
18860,958.3413909726828,163109.16587966017,75686.82663339525,77000.7785608879,577.2170472885482,210.1254426870437,129.15219307068037,347.5076476656541,-6.0380100182063205e-06,-0.1952955805892938,96,69,95.1100973401408
18861,958.3443514381833,163099.8448098642,75672.94872066006,77049.2414011423,529.5753017888637,187.37624218070414,116.71353642482427,316.85014528088504,3.2850549362154826e-05,-0.2192065561323991,96,69,95.10805516809728
18862,958.3620173293488,163154.81027303825,75646.52065679038,77055.87988182722,478.1644891210599,161.79079126467695,100.74576057083323,282.88950666357414,-4.696975353939768e-05,-0.2537662103945228,96,69,95.106018048386
18863,958.3641941514348,163167.47167950025,75692.63908319209,77024.29692265873,414.3419713745825,132.21076396125136,81.58693013424636,243.81084615321015,4.294404399009731e-05,-0.2795536083941258,96,69,95.10398600108589
18864,958.3813177662506,163199.0515480243,75691.53297219863,77067.64402428182,334.3473307918175,97.30095413817617,59.26153461629292,199.37718219024828,-2.2331414437697556e-05,-0.2560499613037156,96,69,95.10195904631598
18865,958.3843509825962,163254.97190806488,75666.29394028951,77058.7076901238,238.83336941397283,59.69813023407187,35.92828167555854,151.1125827669457,-6.90352729430855e-06,-0.2497431536036772,96,69,95.09993720423569
18866,958.4019298905592,163350.74996791373,75693.75834275234,77068.66876985598,138.03304833889706,24.23123391941772,14.390480235859286,102.31428633877658,3.346704026086042e-05,-0.2554995695095972,96,69,95.09792049504426
18867,958.4040878438792,163389.37247267007,75675.5692777181,77041.98261287162,50.08493876690045,0.9068324206164107,0.4161270458716899,58.03772683456191,-4.7099132246292765e-05,-0.2389143821913363,96,69,95.09590893898032
18868,958.4212674218628,163386.17270235915,75693.18879192072,77099.20500409711,-0.0,-0.0,-0.0,23.260809062165208,4.253641728264877e-05,-0.2315538382108304,96,69,95.09390255632142
18869,958.4243363095104,163405.04712151515,75730.22326048145,77065.47934555665,14.605891579645686,32.9515488960169,20.43424046979635,3.057146703300532,-2.1544322653145205e-05,-0.2318560336959332,96,69,95.09190136738395
18870,958.4418447885024,163446.3029908214,75725.31633570322,77092.25951152851,115.90658811561298,105.32274842864717,65.93955792940687,-0.0,-7.76599654929475e-06,-0.2280922234435261,96,69,95.089905392522
18871,958.4439763013556,163435.73742877127,75731.466514368,77096.24913343415,316.30762945552124,218.26293662904936,138.2289276238298,15.794570781523362,3.407173520695065e-05,-0.1965075105570035,96,69,95.08791465212792
18872,958.4612313700457,163372.86087965505,75718.7092646081,77074.69682947738,612.283216643089,363.1806042206299,232.64599408526556,48.73135295728571,-4.721252444549394e-05,-0.020493910819022,96,69,95.0859291666312
18873,958.4643114334992,163297.57048937245,75732.49072810386,77081.61153795992,986.7314791808021,527.6422015359421,341.1969207581715,97.11398715662654,4.21147895234529e-05,0.2174782255885612,96,69,95.0839489564983
18874,958.4817594760444,163268.72111388145,75734.7473429939,77052.40373192515,1408.1087643497158,693.5195337912883,451.397822563973,156.64584790589288,-2.0750623131249595e-05,-0.0640835122178824,96,69,95.08197404223225
18875,958.4838620644888,163181.87816426755,75719.7806613878,77080.59179424029,1840.7500377254328,845.8089829156088,551.8993470565183,224.92869911220623,-8.625129575165675e-06,-0.5550624055657198,96,69,95.0800044443722
18876,958.501208813096,163144.84733267207,75688.09340488937,77078.415704431,2246.169853724481,970.5447576037841,632.1608768273727,297.6794061131077,3.466443973548353e-05,-0.3452927767510625,96,69,95.07804018349248
18877,958.5042744214712,163056.98922041123,75686.9166775261,77082.92552054799,2595.5537313489476,1062.3867895116564,687.6354253410536,373.51098863591324,-4.730990530931658e-05,-0.1932457341240934,96,69,95.0760812802034
18878,958.5216767588082,162984.07041888643,75657.90504829503,77085.69986140789,2866.7158351800754,1118.8779447229317,717.0355467167974,448.7485013974947,4.1679314506565206e-05,-0.259963963809293,96,69,95.07412775514952
18879,958.5237424443404,162904.1467777409,75695.1185311955,77037.78978786824,3053.119385052705,1145.1178164098965,724.8424814635073,522.6633214246831,-1.995058876418368e-05,-0.2011765427044799,96,69,95.07217962900975
18880,958.5412046161216,162828.44972224964,75637.07172376996,77026.08210701375,3154.285011177766,1145.4241411622643,716.0620688687486,591.4758887139033,-9.480639198713494e-06,-0.218074538560591,96,69,95.07023692249696
18881,958.5442160259176,162760.07238959082,75654.16413650331,77032.67070921932,3182.861296632036,1128.1776770407741,697.9532892066927,654.9082194876974,3.524496392075104e-05,-0.2138799828017897,96,69,95.06829965635752
18882,958.5616101282404,162739.51260244168,75623.66438506416,76996.20101424826,3151.49835315824,1097.7803485222976,674.784124807833,709.7453857436485,-4.739125504586425e-05,-0.1984169896976018,96,69,95.0663678513708
18883,958.5635979698036,162632.0925900129,75638.45250861598,77016.0315038047,3080.5319285811274,1061.1281990324205,650.8467289487307,757.290403694351,4.123015072176935e-05,-0.1892179798304532,96,69,95.0644415283482
18884,958.5812533849318,162618.1074124526,75636.99895742247,77018.4732493554,2984.0141910996754,1020.3913242796989,626.6110925649118,795.8997679139138,-1.914449505547522e-05,-0.1928082660818057,96,69,95.06252070813396
18885,958.5840619926098,162587.4812374843,75649.58074292945,76995.21359231035,2880.5370365898125,980.9901736821776,603.4958705674799,829.0779393514385,-1.033223954406347e-05,-0.1877591441807618,96,69,95.06060541160304
18886,958.6018046458656,162582.96477731134,75622.3512486445,77035.60341897927,2778.926788345969,943.872545001519,580.4849662224588,856.5000223971147,3.58131220384421e-05,-0.1700848922947424,96,69,95.05869565966192
18887,958.6041693392758,162556.48752385768,75625.75726522991,76997.19396564043,2691.207503655227,913.369128646329,558.9928281633765,882.3762195874588,-4.745655997784466e-05,-0.1796160809665149,96,69,95.05679147324769
18888,958.6210773230064,162511.2898799093,75626.01494528953,76988.95926518983,2617.99658006808,888.6333579035272,538.7508876981447,905.5337430155196,4.0767461268746457e-05,-0.1708810681447337,96,69,95.05489287332765
18889,958.6240971493046,162480.55896394065,75640.33927682975,76978.09737656385,2563.352083908627,871.6114263803902,521.9933261192928,928.8111471150769,-1.8332618988396265e-05,-0.1567509200047268,96,69,95.0529998808984
18890,958.6417164590084,162482.52390275334,75605.12491576067,76995.04977277911,2520.5934597484884,858.7844275453099,508.70539926030324,949.2191310094495,-1.1179646600245612e-05,-0.1632145855373178,96,69,95.05111251698617
18891,958.6440724887042,162431.8701554597,75614.48889441177,76973.22898197868,2488.884957462724,850.0465708481061,500.5939301001781,968.5950272798073,3.636873241484794e-05,-0.1521095732201282,96,69,95.04923080264518
18892,958.6610005545268,162414.00611212524,75594.88382363206,76986.25129251285,2458.2339168533217,840.6142408075248,496.1936175485025,983.1019330910058,-4.750581082725727e-05,-0.1384558574145405,96,69,95.04735475895852
18893,958.664093541622,162417.46358841547,75592.82909297524,77009.45569688626,2427.908477535646,830.8666057095252,495.57441897373064,994.8894382183498,4.0291413584991935e-05,-0.1238045554185622,96,69,95.04548440703648
18894,958.6816419876124,162440.11926891402,75631.69450143151,77016.24882201025,2390.5946925427415,817.93381869125,495.95681422232883,1000.7525617586216,-1.7515239425096093e-05,-0.1121801627518322,96,69,95.04361976801684
18895,958.6839626425248,162437.44353241104,75640.67005372597,77004.36115406612,2350.553602665197,804.9440090492571,496.8868054947525,1004.019837053871,-1.202257788775627e-05,-0.0965090255742878,96,69,95.0417608630636
18896,958.700940322546,162393.8732994937,75623.60424258336,76998.31719782668,2305.050521276251,791.1126625149191,495.74162539775716,1001.9200763645349,3.691161835241405e-05,-0.0829372348583813,96,69,95.0399077133674
18897,958.7040829007972,162408.01774108896,75606.07604897705,77010.99469465642,2262.809715809184,780.834245033242,493.13040164418635,998.5309581328474,-4.7539004966339216e-05,-0.074407529891965,96,69,95.038060340144
18898,958.7215643552,162397.79147048126,75652.9778528034,76994.27973422258,2223.957838186121,773.2815799443779,488.06018654440413,991.6591958221397,3.9802179187877104e-05,-0.0683640539124919,96,69,95.03621876463482
18899,958.7238508938224,162417.87004937304,75637.81881892002,76995.39985753107,2198.269191132509,771.6699257430009,482.91084804557613,986.2833163978648,-1.6692636725335406e-05,-0.0785785000785127,96,69,95.0343830081054
18900,958.740890157187,162451.16596912703,75619.73793854195,77010.91474154583,2183.5855641368544,772.8757486720715,477.8240541249106,980.1759480659675,-1.2860752648532403e-05,-0.0816788291435919,96,69,95.03255309184544
18901,958.74406829748,162445.0899621398,75639.63525200996,77036.70283584784,2185.884214256017,778.1218522531708,475.5524929915555,978.2267118555028,3.7441607102425e-05,-0.1005020755301088,96,69,95.03072903716811
18902,958.7614808845576,162417.06838792286,75654.15432788008,77018.18753343429,2197.9483750059735,783.1709200691403,475.56230562963174,977.316545422771,-4.755614421244269e-05,-0.1414419176495537,96,69,95.02891086541
18903,958.7637404767852,162421.48988933495,75645.91557940778,77020.53884354704,2220.722570916987,789.3305538118148,479.02877319895197,981.1734351125197,3.929993426137118e-05,-0.1827680904749518,96,69,95.02709859792954
18904,958.780848159718,162425.20396116146,75629.73324229536,77033.55983122473,2242.1408977604005,793.0000479278533,483.2771005577815,984.5778749344754,-1.5865092860483983e-05,-0.2088684333860389,96,69,95.02529225610752
18905,958.7840498039392,162419.1777968432,75642.9831290759,77024.7790168809,2261.1717165305745,796.7332190492307,487.92568040193873,989.9286360901897,-1.369389206128744e-05,-0.2320232717096773,96,69,95.0234918613458
18906,958.8013911059052,162400.30771273575,75648.45398112874,77061.0330359755,2266.718906230468,797.9061120015394,489.8957474513736,991.2065219351207,3.7958530404265415e-05,-0.2383685202721354,96,69,95.02169743506732
18907,958.8036331533044,162406.98702370218,75650.61609897189,77041.71515059767,2261.3446151514654,799.220716731943,489.6495234116155,991.0744287083216,-4.755723628114872e-05,-0.2338099090260555,96,69,95.01990899871502
18908,958.8208132761008,162407.57007182846,75658.08524215624,77036.16120734482,2238.213055798027,796.9885305072094,485.5263156564615,983.8302488443442,3.878485931576759e-05,-0.2445152481389752,96,69,95.0181265737518
18909,958.8240268280312,162435.87151228552,75674.57935571621,77031.90356218786,2204.911171917396,792.781950265955,479.52953449464985,973.6107323472679,-1.5032891068764678e-05,-0.2284663543975045,96,69,95.01635018165967
18910,958.8412952533102,162466.05515386193,75647.08510781293,77040.73239074418,2158.5022079057526,782.2185902828205,470.866495380149,956.3232883123856,-1.4521719024766365e-05,-0.2202243192800378,96,69,95.01457984393896
18911,958.8435301905176,162423.1000943285,75627.20644953311,77036.27861004737,2108.2340023608413,767.0336657655134,461.4627182848926,937.7829235043027,3.846222495420842e-05,-0.216990015010437,96,69,95.01281558210832
18912,958.8607846168828,162479.57693547272,75654.83608439544,77050.60216565289,2049.873672302987,743.7242170506943,449.6691963407502,914.4956015448261,-4.754229418128361e-05,-0.2420083048783212,96,69,95.0110574177038
18913,958.8639986258036,162503.4434640915,75668.576037311,77017.10517989994,1990.6943988765706,715.9931318532763,436.7535212915391,893.0537163644622,3.825713868078465e-05,-0.2615936314398732,96,69,95.00930537227828
18914,958.8811938980512,162544.53027253336,75695.79638811812,77029.91983198636,1924.4588347766548,682.5303311653843,420.9641092994134,870.0800992234726,-1.4196316417878916e-05,-0.2343870285013598,96,69,95.00755946740098
18915,958.8834325983372,162513.5377855636,75664.66529943142,77067.80584017908,1857.061066798109,648.599400398467,404.04530684728525,851.8227643118589,-1.5343958914618397e-05,-0.22546195448711,96,69,95.00581972465692
18916,958.9007612780458,162571.10140797473,75657.15813435885,77060.57680097334,1781.6440413978416,613.1858180482086,384.9098810411233,833.3962715488742,3.895253181929424e-05,-0.2152072636460889,96,69,95.004086165646
18917,958.9039644696884,162531.0156045151,75649.13974672003,77020.17237939397,1705.585831482138,581.2080746543652,366.0837542648951,820.0451177402865,-4.751133625582206e-05,-0.2148025094767627,96,69,95.00235881198309
18918,958.9210878193708,162608.67176460926,75676.75698806094,77042.49423986238,1624.3523714863695,550.6525917845138,346.8482816302567,805.7552415049286,3.7716961037076846e-05,-0.2148840945873989,96,69,95.00063768529674
18919,958.9233411968632,162589.5432413338,75655.57823031084,77036.53271793891,1546.961157565238,524.9682310672943,329.47841148721636,794.8759646742546,-1.3355654594367575e-05,-0.1994138330832094,96,69,94.99892280722896
18920,958.9407422906264,162606.5320231642,75656.84515586958,77043.81268201102,1468.8671497686883,500.48923494049814,312.4925910914026,780.2225308388006,-1.6160338652094073e-05,-0.2004976456396689,96,69,94.99721419943464
18921,958.9439237211528,162607.06906503928,75668.64437567338,77023.38593623463,1398.5117960606585,479.77900506513834,297.5981551213481,766.3654882999253,3.942929661017429e-05,-0.201949124817504,96,69,94.99551188358068
18922,958.9609779419612,162601.01984735145,75658.22793201645,77017.35860783944,1329.9393591135158,458.86901657661656,283.00482396568987,746.8118595629057,-4.746438631828036e-05,-0.2115318778486282,96,69,94.99381588134575
18923,958.9632566338594,162677.381726996,75654.12096130243,77028.05628523421,1269.446578038216,440.33924515264516,270.31516731187,727.277864788688,3.7164519070707686e-05,-0.213986490854326,96,69,94.9921262144193
18924,958.980726613462,162643.00162774726,75646.58143237841,77025.96959572988,1209.098071893619,420.4165199399722,257.69124902877957,701.9762508821732,-1.2511192576682146e-05,-0.220934181400029,96,69,94.9904429045015
18925,958.9838758690568,162713.16988448388,75639.65640549947,77040.50514812274,1155.07633756625,402.4836812440626,246.94986276471172,678.0089238727523,-1.697058770677324e-05,-0.2166207908946759,96,69,94.98876597330194
18926,959.0008652953934,162724.4535892497,75651.38559934554,77037.51350061972,1100.471446255222,383.57227227606927,236.38447347751935,650.2047899383178,3.989236957788434e-05,-0.2139855294499439,96,69,94.98709544253953
18927,959.0031793862008,162747.72374268292,75642.50982809562,76984.6160183732,1052.343367566762,367.38391965202754,227.70385373820318,625.4898881538247,-4.7401473775168486e-05,-0.2106181365955327,96,69,94.98543133394172
18928,959.0207131434116,162770.48013949173,75640.45150925525,77028.21218611923,1004.1162224888103,350.7290534974891,218.88158166455105,597.453577940556,3.660000950233145e-05,-0.2067456360648105,96,69,94.98377366924367
18929,959.0238205524574,162781.08542648505,75626.1848914491,77005.66988680443,963.1528978237184,337.15515257415245,211.50956301006954,572.6208009084803,-1.1663218901457472e-05,-0.2236176423034194,96,69,94.98212247018834
18930,959.0407509813384,162811.92171985444,75663.60739712733,77008.03260711448,922.3762799422839,323.15507178238477,203.48876473039854,544.1504560316098,-1.7774437696190852e-05,-0.2196121580136802,96,69,94.98047775852476
18931,959.043109757001,162834.07511519952,75662.90606979663,77020.48331121722,887.4720941820415,311.77828973675787,196.3787985930394,518.4112562485388,4.03416061747899e-05,-0.2070958126266583,96,69,94.97883955600842
18932,959.0607007336528,162871.4529969392,75662.40259178627,77047.29246200545,849.7575599186821,299.1755429310433,188.18188411791925,488.32711103375186,-4.732263302281924e-05,-0.2108098744030977,96,69,94.97720788440004
18933,959.0637575745528,162900.05909776862,75658.33069381815,77014.69901699986,814.8198171734693,288.7243572429288,180.94570422751713,461.2043155848223,3.602363304550745e-05,-0.1897670349515723,96,69,94.975582765465
18934,959.080636143623,162929.18474123246,75664.57519877453,77037.03090445398,774.8569842491415,276.95549947312975,173.08277151465882,430.37533945357427,-1.081202237726146e-05,-0.1636385783740474,96,69,94.97396422097331
18935,959.0830478730002,162933.34021442197,75647.86341441164,77028.0640523621,736.1956499223015,267.2177605676552,166.67838415523875,402.95337867891067,-1.857162282631533e-05,-0.1591588966759141,96,69,94.97235227269778
18936,959.1006882159828,162998.6281654588,75651.73452690223,77043.76405240693,691.759752791666,255.71549632721872,159.7699012295634,371.30818492607796,4.0776866347218097e-05,-0.1856021721016191,96,69,94.97074694241468
18937,959.1036869104302,162981.023778463,75664.96904286271,77026.90031650719,648.6068508963217,245.5957300272421,153.9479103499325,342.44905258051585,-4.7227903998411766e-05,-0.1867932647951202,96,69,94.96914825190208
18938,959.120521939358,163046.19972870647,75676.7870486354,77022.47275127246,599.5018567970837,232.55835319668404,146.4602766125754,308.24587256860104,3.543559381347498e-05,-0.1898132814626898,96,69,94.96755622294002
18939,959.1229936843084,163053.51016306286,75657.37831162896,77036.44261668206,549.9628142497386,218.81942178681493,137.99591292682453,275.29065242261277,-9.957893059112682e-06,-0.1949802559594346,96,69,94.96597087730892
18940,959.1406744249612,163136.23684429075,75685.03580531698,77042.78198834922,491.35697274823906,199.20637398640974,125.23074682973674,235.3057213082502,-1.9361879627358697e-05,-0.1809183666280303,96,69,94.9643922367898
18941,959.1436087098192,163117.07759504346,75703.0095446485,77022.10657808674,428.8688113381504,175.79696197521116,109.16308902614401,196.45090435128077,4.119801470405893e-05,-0.1786960770741274,96,69,94.96282032316336
18942,959.1604095106154,163165.28209673855,75676.14562072937,77001.92802191986,354.4811705722241,144.04510041253525,87.53642177415895,151.977344982035,-4.711733185187377e-05,-0.1761682271145898,96,69,94.96125515820891
18943,959.1629469674882,163221.47584393405,75678.85853351364,77051.0619723582,274.91117229353404,107.88150929271069,63.22609257919248,111.57147279835772,3.483610010824731e-05,-0.1573585599607618,96,69,94.95969676370436
18944,959.1806582224518,163257.93741109842,75686.55076768404,77040.97909971613,186.56004112318624,66.61375767516438,36.74022510985378,69.73940991962445,-9.101121591572978e-06,-0.157165662580678,96,69,94.9581451614252
18945,959.1835232955864,163325.97361901912,75699.73369443204,77020.83120836795,104.01550571166445,29.96270250370435,14.448736913414905,37.99999116017716,-2.0144947157659963e-05,-0.1546178810734862,96,69,94.95660037314344
18946,959.2002999565904,163290.33877879308,75699.61924320376,77054.48987973033,33.78916732734069,3.1824468062550295,-0.0,11.187898210453568,4.160492104169234e-05,-0.130950265061775,96,69,94.95506242062804
18947,959.2029073326164,163319.8468401995,75673.6531592486,76997.142525242,-0.0,-0.0,1.5348698623711243,-0.0,-4.699096738954971e-05,-0.0155568852204199,96,69,94.95353132564306
18948,959.220638521386,163305.74988376323,75672.8765912157,77052.51081305809,16.001710987475235,26.148769864827045,22.29184193961555,-2.3167950329952873,3.4225364001868325e-05,0.2520697748635172,96,69,94.95200710994754
18949,959.2234311586212,163298.51775290308,75679.15608035718,77041.87954723033,106.31663077580743,91.17040204293153,67.38421735083102,13.933160097309155,-8.24199929670509e-06,0.252754555837026,96,69,94.95048979529513
18950,959.2401943062656,163279.10862711933,75650.42374745903,77027.34204629913,275.5073087105993,191.54549587130896,134.20971290461603,39.892167371639516,-2.092056717237161e-05,-0.3072760334449712,96,69,94.94897940343267
18951,959.2428742347444,163252.58440891234,75668.78735408424,77031.80697215578,529.8789295963361,324.21971305069746,220.33917063463014,82.7913221041672,4.199745984990268e-05,-0.3976538470650815,96,69,94.94747595609984
18952,959.2606143075186,163167.23035923057,75659.39096222617,77025.39430019117,850.8671696458478,473.3121409220039,315.9141425730486,131.54897445533425,-4.684886621998108e-05,-0.0981299303334845,96,69,94.9459794750291
18953,959.263332949968,163106.69913114357,75656.02131098598,77051.29244674332,1221.489157244272,627.0565014065651,413.52240158297354,192.64816999709,3.3603600717889714e-05,-0.1579571037991498,96,69,94.94448998194385
18954,959.2800934913288,163026.83829472295,75642.21338722961,77052.71689402648,1604.6344905994483,766.3984799602622,501.5571144204587,254.0337125347287,-7.380818349743005e-06,-0.1376993170649771,96,69,94.9430074985584
18955,959.2828469905296,162964.42161112037,75627.74748809922,77027.44416675142,1973.2829906229745,882.5404384293943,574.4750514266489,321.7460138043389,-2.168848423039119e-05,-0.1102182758154632,96,69,94.94153204657748
18956,959.30058465757,162922.62150513715,75655.71721447087,77032.09562778406,2291.889294306864,964.7728668455529,625.6562582915358,384.11836203027633,4.2375510846292805e-05,-0.1233073988118452,96,69,94.94006364769486
18957,959.3032294716978,162872.06895208152,75655.75084690981,77013.52962061609,2545.211027826823,1015.3679362979892,656.2182324319438,448.80367664975347,-4.669108961737812e-05,-0.1027393925243144,96,69,94.93860232359364
18958,959.3199983184674,162760.88326214225,75653.79004409326,77023.04960928917,2716.053298799263,1033.95329752627,665.837957826996,504.70337204961106,3.297102965285243e-05,-0.0970883784242806,96,69,94.93714809594437
18959,959.3228248014076,162752.38939991614,75653.43106871069,77008.79390997482,2809.710660973331,1030.1453986081615,660.3409870534961,559.7386890403577,-6.517870602568887e-06,-0.1019076114241299,96,69,94.93570098640522
18960,959.340548751146,162654.5880241639,75627.98328696027,77028.32496149266,2828.9387402621796,1007.4416925727128,642.1487150885223,603.4477836321166,-2.2448445475974725e-05,-0.0924015172683457,96,69,94.93426101662104
18961,959.343121669377,162643.19518221568,75655.60260193048,76970.28073354036,2794.758302942151,976.0559412558796,617.9123829115124,645.4120454610384,4.273895864975245e-05,-0.099933149499263,96,69,94.93282820822246
18962,959.3599094383616,162571.5109791726,75630.48995428503,77026.92999574746,2719.1784562770044,937.576116282391,589.173637454689,675.9222049160162,-4.651770394747614e-05,-0.0980728598670514,96,69,94.93140258282554
18963,959.3628067869024,162572.7622694094,75651.67292738068,76992.48362554383,2625.619373704656,899.3398913582641,560.8850112303335,705.2223851444433,3.232787297946903e-05,-0.1066037113692914,96,69,94.92998416203064
18964,959.3805058711376,162551.67157351735,75641.10366033087,77014.98272853228,2523.7094335733564,860.669692813768,533.0182870078715,724.4496648180357,-5.653448990756367e-06,-0.1180747914021443,96,69,94.92857296742233
18965,959.3830106326154,162541.76706271124,75666.34745433489,77027.79118436488,2430.696353780979,827.3881406203436,509.39174788232776,744.8347277593566,-2.320020134781324e-05,-0.0887330310617411,96,69,94.92716902056765
18966,959.3998273041788,162506.22074199945,75624.82573435597,77046.90961068576,2347.615295755386,797.4197407466127,488.9758300932008,756.6802881470358,4.308769248293247e-05,-0.0793761003893894,96,69,94.92577234301665
18967,959.4027920372704,162514.03444995487,75652.86754130125,77021.18826262711,2282.4563336100546,775.0224640669185,474.60462497305707,770.0172132563312,-4.632878079848306e-05,-0.0622524647088281,96,69,94.92438295630068
18968,959.4204553798174,162440.79319351426,75637.09513905134,77026.41181654333,2228.7280428630183,756.6244538137544,464.19172452870407,774.6922995133209,3.167435679081299e-05,-0.0567231672605009,96,69,94.92300088193213
18969,959.42289762013,162462.96711851127,75650.51923609976,77009.51504033337,2188.7612302416237,744.8152057700936,459.1160894468485,781.4472651525284,-4.7878465556184125e-06,-0.0421446684362642,96,69,94.92162614140356
18970,959.4397520991256,162471.52947920427,75652.65869081613,77021.9925396087,2152.2734872385045,734.2282596816076,455.3351234679867,780.2684577074542,-2.394350475334117e-05,-0.0136278765039614,96,69,94.92025875618714
18971,959.4427797124448,162470.93058405106,75648.11091778656,77002.09144514608,2119.973745656491,726.2597757771146,452.52422070896137,782.4895328594139,4.342160733910778e-05,-0.0015451245001531,96,69,94.9188987477337
18972,959.4603966338144,162448.91403548393,75659.51137284099,77048.91268507832,2082.9390514688566,715.8084385579859,446.1692088772252,779.1726752419781,-4.612439694564697e-05,0.0118351347766561,96,69,94.91754613747224
18973,959.4627841588766,162483.98204818738,75672.95178335607,77051.90520624464,2044.967355108878,705.5859811999399,436.9916326261882,782.4616097154794,3.101071032749162e-05,0.0140106037322522,96,69,94.91620094680898
18974,959.479683566528,162473.3989853276,75662.83657315296,77043.53604455304,2000.788909592724,692.1676046411012,422.7217484313005,782.0884608550405,-3.921356240312791e-06,0.014139998511562,96,69,94.91486319712686
18975,959.4827692788774,162435.9087231941,75655.17833246925,77003.95139537624,1957.7565360228764,679.927147175913,407.06385869916994,788.4878642380936,-2.4678112072863536e-05,0.0159121765398478,96,69,94.91353290978428
18976,959.5003287085988,162421.61518320214,75618.45503044434,77024.6502643173,1914.0703860548092,666.9717244383937,390.71127340046223,790.402747608634,4.374060277491446e-05,-0.0004125621591121,96,69,94.9122101061153
18977,959.502672402006,162409.7170322156,75638.18324861878,77034.80809688772,1879.1245886961697,658.2684138945187,379.12480799885816,798.0787690525176,-4.590463422651181e-05,-0.0485553512582848,96,69,94.91089480742806
18978,959.5196204747564,162420.86308606152,75625.20879065171,77030.48494540235,1851.2516460239422,651.3656489318091,372.8055514721782,799.6116207000741,3.033716605764984e-05,-0.0763027110313477,96,69,94.9095870350044
18979,959.5227612825024,162448.13273900154,75652.52879234313,77040.18794747339,1838.4854220882407,650.0689183425129,375.29264373870683,805.6525275754393,-3.0542713507230923e-06,-0.0955438204655897,96,69,94.90828681009909
18980,959.5402493228636,162390.62279886697,75655.55623462106,77011.92420096805,1837.1932401042432,650.9943376633164,384.1601645964256,805.7801436655282,-2.5403782929050155e-05,-0.1184123075025342,96,69,94.90699415393895
18981,959.5425667072108,162383.52648198637,75646.7376467315,77012.5628816942,1852.252112281567,657.0329358578892,399.5570525919611,811.9819513370167,4.404458362693432e-05,-0.120583551998803,96,69,94.90570908772236
18982,959.5595581428618,162398.41657937353,75636.86499627562,77034.7585672798,1875.9006614734535,663.9052673439292,416.00094171764795,813.340064125834,-4.5669579722876494e-05,-0.1328802607776504,96,69,94.90443163261828
18983,959.5627613619912,162415.02576839254,75638.34513361145,77017.9646231836,1908.90771664161,673.8156970085256,431.91341042052954,821.1266160752275,2.9653959451882047e-05,-0.1388144264903566,96,69,94.90316180976578
18984,959.5801480158136,162356.90431455124,75679.47918230131,77025.70225711094,1940.628202059539,682.2321960986737,441.99550555692986,824.0078635587415,-2.186884809322772e-06,-0.1316958085806837,96,69,94.90189964027267
18985,959.5824863106102,162372.61817361577,75655.11408114058,77037.19214051923,1969.8113834191463,690.8327004460298,446.3014656313462,832.5089001878514,-2.612027943735577e-05,-0.1235512598669637,96,69,94.90064514521583
18986,959.5994614262386,162354.16378705832,75655.36081676919,77017.87081552827,1985.0448695587693,694.372580686846,442.01850385867874,833.6785488207242,4.433346005412801e-05,-0.1517568604704013,96,69,94.89939834563938
18987,959.6028551267837,162340.92186677517,75651.10475671373,77029.55840693091,1986.2076380058425,694.1245568592276,431.9664249807829,837.5395714651677,-4.541932575306985e-05,-0.1399868619151909,96,69,94.89815926255427
18988,959.6193845946648,162341.49288517094,75657.39125979334,77027.86533095686,1965.5509193822509,685.5916465796035,415.9071289229032,832.6597653286008,2.8961329282512345e-05,-0.1199875565242984,96,69,94.896927916938
18989,959.6221128161724,162355.4625401139,75652.78241048014,77024.78807351364,1927.030332056689,671.0358511392842,397.8423205403378,829.7456046773295,-1.3194898047825885e-06,-0.1270451594281975,96,69,94.89570432973362
18990,959.6395692965536,162391.50977449823,75624.92820967287,76988.08094804932,1867.510390161944,647.6213918414578,377.50242178110057,817.7684911911492,-2.6827367829592783e-05,-0.1088626895842934,96,69,94.89448852184805
18991,959.6427047386622,162335.94535429098,75621.83550065561,76987.84383707574,1795.9135921793059,619.8247035896056,358.17501201995765,809.2213746015041,4.460714727156508e-05,-0.1102498275754754,96,69,94.89328051415272
18992,959.6593218333536,162379.75980510976,75663.81322120386,77029.92959336357,1712.6964609305141,586.6117160823487,338.409713868401,793.5650828080543,-4.515396934174701e-05,-0.1097237464281376,96,69,94.8920803274822
18993,959.6620292934136,162376.50446999367,75692.23779688122,76998.33624928237,1628.0192423498956,553.1460143177537,320.2963204435655,782.4354515021259,2.8259517122092185e-05,-0.1000484089135294,96,69,94.89088798263327
18994,959.6795815998164,162425.12522669628,75668.14162238566,77001.42048386966,1541.6515653618844,518.3340527959081,301.84520023100777,764.0587719812174,-4.523789930132355e-07,-0.0992199171789004,96,69,94.88970350036462
18995,959.6825966113196,162403.68947433733,75633.08967328061,76977.52936397376,1461.7431504831184,486.7248387860018,285.37817537080264,750.035440671636,-2.7524817409763177e-05,-0.1007541042485927,96,69,94.88852690139534
18996,959.6992307145624,162419.12168285434,75653.94471879705,77005.3662728933,1384.8411299073487,456.1368407621485,269.3676807222655,728.1136127222853,4.486556545288405e-05,-0.1003080045479856,96,69,94.88735820640498
18997,959.701974516632,162448.02679720725,75633.4069707714,76984.45921542175,1315.4189401450567,429.68722250754945,256.22782582056243,709.227465366479,-4.487361275609694e-05,-0.088923895340198,96,69,94.88619743603216
18998,959.7195744255775,162445.47936758026,75641.70301524925,76998.11003905698,1247.5969736836269,404.37625371709873,244.18678460310912,681.4931933341431,2.7548767643547308e-05,-0.0871089214593933,96,69,94.88504461087432
18999,959.7224940841708,162464.6751550423,75649.86891403775,77022.39639019713,1185.336787520675,383.2104360200901,235.08370765083237,657.9259207792638,4.141552264737202e-07,-0.0884591040930859,96,69,94.88389975148668
19000,959.7391336571018,162528.92109382353,75647.6991487786,77027.0133939631,1123.3888255162747,363.46057784865843,226.3586955188075,627.9530811976001,-2.8212400773347967e-05,-0.0867355452122348,96,69,94.8827628783812
19001,959.7419343734224,162555.5104160951,75649.51353084945,77007.99171849767,1066.7443461210933,348.18261615058873,219.17319089526427,604.6338983067835,4.510864030695448e-05,-0.0869926046911233,96,69,94.88163401202635
19002,959.759555901464,162537.42998234407,75658.61790227907,77016.37177895661,1011.5743058196967,334.6821572819317,211.07389372910256,577.0737957220117,-4.457836342954429e-05,-0.087495282775542,96,69,94.88051317284612
19003,959.7623914000944,162584.84653198445,75666.7548746811,77014.94484783741,964.0101494761184,325.57580324987066,203.97931888495805,558.1784307459893,2.6829328112630947e-05,-0.0901525270056576,96,69,94.879400381219
19004,959.7790361971907,162577.12969781848,75629.5955336654,76999.58272084928,919.9397021094919,317.1079740822752,196.263908043853,535.4223596284864,1.2798210927088847e-06,-0.099686522174543,96,69,94.87829565747762
19005,959.7819048327596,162573.5721886877,75636.21602517324,77003.35532825821,883.7325139921159,310.3870520093478,190.16674983585835,519.3881887266471,-2.888989423246544e-05,-0.1152864905737818,96,69,94.8771990219076
19006,959.7995275309994,162654.53288211493,75646.54028039068,77010.80466178735,849.2146823664079,300.937162618211,183.995046310185,496.43303321429994,4.533630293773111e-05,-0.0999803552480641,96,69,94.87611049474722
19007,959.8022876438667,162612.7302137292,75639.11038592867,76987.85121550746,819.0278324597748,290.1464353370102,179.45827280948288,477.74357822240563,-4.426833310777488e-05,-0.1030121503042633,96,69,94.87503009618612
19008,959.8189402815898,162653.44856847805,75637.75201973945,77020.66801002184,785.6233223877498,274.7751246384287,174.05679369845893,450.0593970079208,2.6101448617648573e-05,-0.1009032528424705,96,69,94.87395784636466
19009,959.8218844555056,162694.9025385529,75656.52679919117,77051.42472860149,751.2987543541822,257.86358817169094,168.79395518582896,424.94809479184914,2.1443270841745484e-06,-0.0771854342979975,96,69,94.87289376537404
19010,959.8394886706952,162686.87533523055,75650.99403693709,76999.3103786647,710.1545264661545,238.22427890221297,161.30227317954996,390.635254635039,-2.955707758741948e-05,-0.0750320142694401,96,69,94.87183787325355
19011,959.842184048418,162742.4991394166,75657.42633452799,77033.73308904869,667.6045922911726,220.28700764536916,153.3733756126603,360.77902709008777,4.554848904108674e-05,-0.0673459779461795,96,69,94.87079018999196
19012,959.8588457717344,162748.59464955758,75641.78761386119,77030.11219547225,620.5694573119399,202.9934864359966,143.58913277176907,324.05949383674306,-4.394363920669731e-05,-0.0770173423166476,96,69,94.8697507355253
19013,959.8618737342888,162801.41242202415,75648.65976218511,76994.61770234516,575.8007937463699,189.35394639143487,134.21660421421984,293.34939413896063,2.5365382032342717e-05,-0.0977513862270757,96,69,94.86871952973678
19014,959.8794365041736,162868.5498870094,75678.28971176372,77012.9849733376,529.6753216671059,176.27687190244615,123.78410716957296,256.8090763867658,3.007382337781277e-06,-0.1253310772655088,96,69,94.8676965924555
19015,959.8820847612034,162801.15054998532,75659.00088920302,77014.10345376779,486.1262840756099,164.34725114052708,113.67758813142427,226.92903704146738,-3.021373435262784e-05,-0.1225453451346958,96,69,94.8666819434563
19016,959.8987487263832,162912.20155542498,75679.57162111516,77026.5180319983,436.84564669500105,148.4783293522196,101.07915801074705,190.42469142226037,4.574514028408903e-05,-0.1088332977922589,96,69,94.86567560245804
19017,959.9018781218356,162918.18185213834,75643.84522904776,77032.14588950893,381.65935273561627,128.41412175400183,86.3118452548224,158.63843697172706,-4.360440341380763e-05,-0.100690808595852,96,69,94.8646775891242
19018,959.9193609552811,162918.80907239253,75651.00609801711,77024.38664352174,311.83272898424184,100.6976364213333,67.00325991821592,119.35178857951541,2.462138341033914e-05,-0.0949383221518732,96,69,94.8636879230606
19019,959.9220056463098,162980.04683503348,75665.38792422765,77031.33968911857,231.89944472000934,68.93358538320172,45.59204808372306,86.4032189209247,3.868696922000648e-06,-0.0961044207174356,96,69,94.86270662381574
19020,959.9386251572444,162985.9369288336,75667.52673353774,77035.9993897536,142.70622566487873,35.39296138811915,23.27224203568767,49.61543438179069,-3.0859651755081386e-05,-0.0898445196169995,96,69,94.86173371087924
19021,959.941941513192,163036.5348359024,75675.47866333372,77016.62894591436,62.06706324091647,9.86660638374451,6.511938128882321,24.42878995454521,4.592620330593102e-05,-0.0771464402522293,96,69,94.86076920368156
19022,959.9591581215984,163054.99665229308,75667.85378876886,77024.57160436818,5.168933651177213,-0.0,-0.0,2.7134519973478746,-4.325075256017927e-05,-0.0729901722073464,96,69,94.8598131215933
19023,959.9624563854494,163056.75105865608,75687.70446104459,77038.01477650244,-0.0,17.40643044494209,11.302183836203767,-0.0,2.386971069441996e-05,0.0427450184772045,96,69,94.85886548392368
19024,959.978981175548,163040.24493307943,75677.2883664515,77010.79786558896,63.48240974085638,66.93272522553161,43.13259948103223,6.317279466573382,4.72798157716764e-06,0.3094116218703337,96,69,94.85792630992056
19025,959.9817480082024,163012.68898418942,75671.67636070088,77027.89360229856,214.4254155922099,152.34100713919906,97.86594732216327,33.822338355734246,-3.149462103823339e-05,0.3148929440650153,96,69,94.8569956187693
19026,959.9992221349364,162954.83600839126,75695.88012979657,77027.21202094831,450.1152099794126,267.4032177873305,171.0515791590151,68.57177567711915,4.6091630191886085e-05,-0.2300242491285112,96,69,94.85607342959187
19027,960.0023216610864,162895.87251718773,75674.7746456549,77017.29320465043,763.813493583235,404.2284804525116,257.73638837231556,120.79609501644154,-4.288281808531331e-05,-0.3423898796197273,96,69,94.85515976144632
19028,960.01890701602,162812.25967336574,75655.71727731319,77038.12774201826,1126.3125632886076,547.363453928745,347.8134325675783,175.1003688031342,2.311062394371174e-05,-0.0475280387033704,96,69,94.85425463332574
19029,960.0216791946204,162790.07455192145,75684.04524600068,77044.77470614323,1509.8206643767771,684.1701349216601,433.58202197856735,240.56759525692905,5.5849481047218335e-06,-0.0971760827270025,96,69,94.85335806415782
19030,960.0392239704402,162744.20239134098,75699.59252246596,77062.89097665147,1874.8753700478119,800.388216547406,505.91712517495034,301.8834298518195,-3.2118436849506344e-05,-0.0660168343840746,96,69,94.85247007280364
19031,960.0422163126588,162647.04498021802,75656.25511171044,77043.11125127216,2196.556635584624,889.5809599221539,561.1859465187881,369.7708632914291,4.624137820154815e-05,-0.0472578827552601,96,69,94.85159067805708
19032,960.058811565566,162582.69447761404,75665.9112841316,77040.06596361086,2448.957602401264,946.6492870366346,596.0376772749587,429.7367207290663,-4.250073613517077e-05,-0.060013327898194,96,69,94.85071989864412
19033,960.0616354426048,162484.19226828727,75670.39581203497,77050.93769940348,2627.335134608147,974.5052181541105,612.6172150387138,492.28676477240515,2.234438564462693e-05,-0.0373873371608433,96,69,94.849857753222
19034,960.0792073350132,162449.00724277578,75680.65181949492,77047.96910597445,2727.989295751904,976.0152421259845,612.4613613842812,543.3093261619506,6.439309095386551e-06,-0.0331656310575854,96,69,94.84900426037812
19035,960.0821163324348,162425.3818443164,75683.21510302344,77022.45237199706,2766.0393081229995,959.3252899227082,600.9455525794183,595.038080848055,-3.273089839776166e-05,-0.0382171514711812,96,69,94.84815943862998
19036,960.098710698148,162336.84915884284,75679.21270340357,77041.78342018448,2751.1892332212883,929.609826331056,581.027279594884,634.4416252143856,4.637540993903005e-05,-0.0361596797792796,96,69,94.84732330642352
19037,960.1016066270558,162309.37251992724,75680.42402945652,77047.57873380637,2704.510608933051,894.6881292659673,557.8726722133288,674.1482036237721,-4.210464769558259e-05,-0.0544597293110288,96,69,94.84649588213304
19038,960.1191773873276,162292.79410466703,75658.96761030091,77048.76097684445,2635.5565846722457,858.0246037939651,533.4120832846093,702.1479123928002,2.1571260164659185e-05,-0.0523650936169021,96,69,94.84567718405988
19039,960.1220186600314,162235.81827096528,75667.11347146834,77033.67743830508,2561.335179560003,824.8779089587188,511.31533611382474,732.7946018213697,7.290778621488664e-06,-0.0194429888636753,96,69,94.84486723043187
19040,960.1386073528968,162221.01483717764,75695.38877163651,77040.99208490603,2484.778248372255,795.7955804406229,491.8252492311294,754.2886119135364,-3.333180811546622e-05,-0.0215055657990991,96,69,94.84406603940285
19041,960.1415913355768,162186.74964131092,75675.83223835516,77022.53010354348,2415.897776264581,772.9607382760878,476.83909330159076,779.9945101075282,4.649369372466872e-05,-0.0164841781067673,96,69,94.843273629051
19042,960.1591325704148,162161.6300879679,75636.88572231855,77029.66224083304,2351.9384461880545,754.3910892104032,465.1393547223415,797.5472733910428,-4.1694698162886266e-05,-0.0054382232585618,96,69,94.84249001737928
19043,960.1619263317364,162157.29249741297,75658.6192567957,77024.99517885262,2298.8561207148596,740.3786486061435,457.39651661907556,820.365576121636,2.0791514610312078e-05,0.0032616584240588,96,69,94.84171522231354
19044,960.1784983782082,162107.5294029311,75665.6922509765,77028.12780587701,2250.267252102669,727.87536469326,451.41010886017466,834.9479424168821,8.139071665252867e-06,0.0176862272292372,96,69,94.84094926170232
19045,960.1815948580104,162107.23191976815,75637.01232394273,77031.13401343477,2209.1253182620276,716.8804560334975,447.15355785551947,853.260098421626,-3.392097334331463e-05,0.0357419735131586,96,69,94.84019215331573
19046,960.1990626369968,162075.62037892648,75672.47391519175,77011.48402682503,2167.428397799842,704.9836165100423,442.3634225507849,861.8134603882208,4.659620261973389e-05,0.0474567068352513,96,69,94.83944391484516
19047,960.2018552584576,162066.69718988414,75649.79520648367,77016.26987596597,2128.1779642545152,693.1903269724426,437.41050594329135,873.8231210446102,-4.127103753731542e-05,0.0530124558929771,96,69,94.83870456390184
19048,960.2183598415932,162061.16813039148,75656.82811599161,77021.74751755678,2084.3763993034954,680.0943512395461,430.7228661055851,876.2904723018873,2.000541738458681e-05,0.0812888848502064,96,69,94.83797411801652
19049,960.2216605698804,162039.49114612443,75627.3511651965,77039.78025001312,2041.2045998350368,667.4927497640747,423.45877960993676,882.6344499777188,8.9839045396503e-06,0.0774649453881511,96,69,94.83725259463873
19050,960.2388695099716,162068.04567008754,75655.83681919736,77045.00633577864,1995.084912678576,654.8705608709279,415.0215803218016,881.2640955472889,-3.449820502837679e-05,0.080540612016311,96,69,94.83654001113544
19051,960.2421972946491,162046.72197967535,75686.76514524432,77036.26590717064,1954.4383636008133,644.7087876656733,407.3123963326798,886.6623022024869,4.668291540968227e-05,0.0877142021186366,96,69,94.83583638479084
19052,960.2588225637586,162011.82250372376,75668.8015492826,77029.99567310135,1917.5416752233286,636.8919034458813,400.14002309017815,887.1130155333085,-4.083382035734154e-05,0.0573723163057922,96,69,94.83514173280552
19053,960.261460748786,162000.7701123751,75717.15844270884,77003.9483179848,1893.2145471190452,633.7979678215052,395.39883848649333,896.4472081875138,1.9213239248741343e-05,0.0321877877575662,96,69,94.83445607229532
19054,960.2789286617984,162035.8309008355,75651.90938508854,77028.1377247627,1878.1646037157625,634.6017012340453,392.56030368598294,901.099148335139,9.824995158723234e-06,0.0113147673195853,96,69,94.83377942029053
19055,960.2820794467362,161994.1591823606,75646.90264110852,77041.46610921787,1879.1863501757616,640.5770994698833,393.05744744781987,914.6455301488459,-3.5063318470426875e-05,-0.0291242559506563,96,69,94.83311179373568
19056,960.2987389614289,161985.20743078346,75650.5918294817,77012.44552359833,1889.7494674839545,649.443097756186,395.6678971941001,922.6482223953644,4.675381612858896e-05,-0.0472421992657659,96,69,94.83245320948832
19057,960.3013878955232,161965.26787587185,75666.08459292687,77049.19519629466,1912.7731684805476,660.897395322274,400.8339524703915,937.200247113622,-4.038320549346606e-05,-0.0501846581307002,96,69,94.8318036843182
19058,960.3189293237374,161905.6424088304,75638.39455366494,77043.60939170393,1938.2450470630429,671.4784793561266,406.3787462042819,942.9490619812277,1.841525270615648e-05,-0.0606620727428168,96,69,94.83116323490654
19059,960.3219880627414,161951.48752713075,75642.54375082265,77041.38467320892,1967.4105505747139,680.4595961828309,412.1726224689628,953.3980998531333,1.0662062951275962e-05,-0.0593433868532046,96,69,94.8305318778456
19060,960.3386347135626,161932.94046754797,75627.63219080484,77035.80510356146,1989.4538527049008,684.603804250044,415.96132738279994,954.3699086774141,-3.5616132942798486e-05,-0.0719069489965606,96,69,94.8299096296372
19061,960.3413389928082,161915.19310382925,75658.93145597696,77016.86080270901,2005.5938091997523,683.8992036628479,417.9684166041261,959.7077799918479,4.680889420024181e-05,-0.0691085361801548,96,69,94.82929650669251
19062,960.3589143663216,161933.84600334536,75640.74860068012,77036.87810737884,2005.9837530099903,676.2614634314523,416.6515283296758,955.4991193501337,-3.991935674726572e-05,-0.0585750693056454,96,69,94.82869252533128
19063,960.3619000730406,161895.4771866586,75672.77592508141,77031.14663102466,1994.2784301599022,663.1505626711587,412.98050988439354,956.8731894501834,1.7611731870096988e-05,-0.0669435541890472,96,69,94.82809770178068
19064,960.378524757347,161911.55095418097,75664.38401975927,77014.06687616176,1963.0739175394992,643.8540243606258,405.77024655466084,949.6676131919667,1.149482849760665e-05,-0.0852269732889087,96,69,94.82751205217454
19065,960.3813049850324,161908.14641050115,75657.27271376827,77033.89312621264,1918.3936251926352,620.945394741575,395.8988715330779,947.4256669633614,-3.615647259859284e-05,-0.083145063189171,96,69,94.82693559255308
19066,960.3988881277872,161937.5746685456,75649.27313202881,77021.26046184805,1855.5034122007783,594.5430526348355,382.0554224248626,934.7059236715722,4.684814441728461e-05,-0.0589545944987339,96,69,94.8263683388616
19067,960.4018127810396,161931.78363120754,75655.74668260437,77013.21685161772,1783.7940953713842,567.7074078115984,365.3274717562017,925.5437496211671,-3.944244140369438e-05,-0.066888382891036,96,69,94.82581030695006
19068,960.418411729872,161944.5889620609,75649.71720601866,77009.8008118418,1700.9447307203664,540.2931510870694,344.97802201719605,904.4691756460816,1.68029526094012e-05,-0.0759184187897131,96,69,94.8252615125718
19069,960.4212849681884,161919.47589782008,75679.99881811402,77034.6291880316,1617.5309295463376,514.4210400776792,322.95830619879416,885.4815478456148,1.2323014661772214e-05,-0.0669713586171944,96,69,94.82472197138344
19070,960.4388486956088,161956.1113284863,75629.84755327791,77027.25103859082,1531.2713448775467,488.6721535675897,299.543724309915,854.4235129959416,-3.668416543824166e-05,-0.0706503217948173,96,69,94.82419169894378
19071,960.4417291234178,162024.7841414342,75657.09244916165,77004.52177446907,1451.8757529150462,464.08017964160535,277.4710491132282,828.2945667627791,4.687156697745701e-05,-0.0628080541701393,96,69,94.82367071071268
19072,960.4582927374806,162035.7593550785,75670.35327496503,77043.6402784768,1374.280465467833,438.45601394925325,257.06813365832204,794.2409336101846,-3.895263166145912e-05,-0.053762657021556,96,69,94.82315902205104
19073,960.4612840489374,162043.02241028982,75656.44895001501,76999.82322898466,1304.7426094334805,412.81705431044975,240.32199554270483,768.8484052342246,1.5989192442514532e-05,-0.0633125226275042,96,69,94.82265664821917
19074,960.4787863972722,162119.85483944294,75672.90210407758,77046.51927119239,1235.8095705095911,385.84259710846527,226.34910886760917,738.4633039307955,1.314634581125151e-05,-0.0585796609871954,96,69,94.82216360437704
19075,960.4816633900704,162068.32313052443,75670.1835757897,77051.1050738591,1173.429982957372,360.0925013817032,215.8602407957951,719.1464051484654,-3.719904412030024e-05,-0.0535966196326277,96,69,94.8216799055821
19076,960.4981469666648,162098.26391300937,75663.37442600586,77012.55454214191,1110.6551489329431,335.5229018942773,206.86015217000386,695.0019599561347,4.687916718376299e-05,-0.057141262727357,96,69,94.82120556679034
19077,960.5013392927648,162103.38714631068,75669.10490237761,77019.19668422722,1054.541850603011,315.2480241511512,199.44849150715163,679.5485798839945,-3.845010362298547e-05,-0.0500020647786429,96,69,94.82074060285362
19078,960.5186210082156,162122.8463177452,75657.40408119069,77018.41390675036,999.6949396088603,298.80655039702833,191.75954009886482,656.3627084548352,1.5170729972972416e-05,-0.0410215341965622,96,69,94.8202850285204
19079,960.5218894537808,162153.71512098343,75672.7352145484,77024.12354930384,954.0878536076634,288.0294665783149,184.57538924232358,639.8367729206802,1.3964548027097922e-05,-0.0521924731246789,96,69,94.81983885843408
19080,960.5386975909084,162196.60402505388,75689.9315905277,77017.63547070159,911.3021992436261,280.47006191304536,176.848724555457,613.7538190832711,-3.770094561382246e-05,-0.0429240869066243,96,69,94.81940210713272
19081,960.5411573758894,162174.15376982847,75666.48901014875,77028.3903877622,877.3897231410374,276.18522767716786,170.08975491279853,593.1962793933344,4.687095605393339e-05,-0.0400608304422298,96,69,94.81897478904804
19082,960.5586604130964,162226.90149087875,75669.38373500123,77045.1844232587,842.9792691562907,271.41069742376567,163.46135865480755,561.2090511509741,-3.793503771995618e-05,-0.0366808755143269,96,69,94.81855691850448
19083,960.5617969357572,162218.77889072272,75652.85501702839,77055.76444159218,812.9296348592034,266.17942976973427,158.35041302876198,534.3400746783882,1.4347845568135887e-05,-0.0408934099538282,96,69,94.81814850971904
19084,960.578601004307,162247.12641772893,75663.0297003491,77045.74501470814,777.7917783568846,257.5506888859236,153.3841733810259,496.6962852629367,1.4777349624798392e-05,-0.0668770399181906,96,69,94.81774957679993
19085,960.5810839561868,162281.95132210694,75656.72282193502,77000.33383234926,743.4131859009503,247.02775733282033,149.29478259535972,465.01187065965496,-3.81897116859364e-05,-0.0798571953392277,96,69,94.817360133746
19086,960.5986550214116,162313.33637844818,75659.99213249913,77027.14690795184,702.0319460397004,233.2163731403707,144.27066634138464,423.13406168762594,4.684694949257384e-05,-0.0814221617992669,96,69,94.81698019444632
19087,960.6017222754052,162384.71494285975,75676.43290327725,77050.19377699126,662.2272940260009,219.14841682367842,139.15244605773478,389.35812381468713,-3.7407618328606696e-05,-0.0678354045012749,96,69,94.81660977267858
19088,960.6184884146892,162401.80989271548,75676.12558927969,77035.84667579962,617.6497264982318,203.95270737785904,132.39756590669276,347.8102917999495,1.352082064976476e-05,-0.053420119227409,96,69,94.81624888210952
19089,960.6210300596716,162406.12682864175,75669.11429576702,77060.94972175629,576.3030257422943,190.0278058006952,124.98360622511245,315.30459713208256,1.5584480916608103e-05,-0.0408449499632034,96,69,94.81589753629314
19090,960.638639350702,162434.7394424649,75675.50581352109,77047.43393917121,529.6571101954905,174.75495534931542,115.20127059158403,273.9697127715044,-3.866518826110588e-05,-0.0365834650963903,96,69,94.81555574867018
19091,960.6416473510836,162518.5798494285,75720.50976560061,77063.85554184968,483.6492427030462,158.7188197790092,103.80534996194183,240.9364421260252,4.6807169120610285e-05,-0.04650608689795,96,69,94.815223532568
19092,960.65837140129,162469.2000596516,75671.71774323944,77052.74681724599,427.21515057241777,137.783465880304,88.83969065564452,198.37307268194854,-3.686803383622872e-05,-0.0489632990809214,96,69,94.81490090119922
19093,960.6609891987616,162541.10006321917,75699.05676475083,77069.53167427446,364.62956763326656,112.4881406230852,71.27294793975307,163.21477096132003,1.2689937754747212e-05,-0.0616057634986049,96,69,94.81458786766078
19094,960.678616026997,162609.0985463375,75686.12303509316,77022.51892339211,286.06046527356375,80.75486934646324,50.27710726959049,118.30979325019871,1.638567429405989e-05,-0.0586556629540452,96,69,94.81428444493405
19095,960.6815703774148,162613.46417642408,75693.27404520144,77059.46001911293,202.16109978588065,47.79162573957001,29.210270504350774,83.84705005472642,-3.912722649021799e-05,-0.0448227075657,96,69,94.81399064588328
19096,960.6982519577476,162638.25297416004,75686.1980147574,77051.28455902573,113.08695884508779,17.307722227458726,10.309298865817254,44.74074162513716,4.675164160900764e-05,-0.0399946556776185,96,69,94.81370648325507
19097,960.7009610850132,162678.82693826655,75709.66053835354,77076.47188152271,41.71012332843384,-0.0,-0.0,21.75696124715614,-3.631647661879786e-05,-0.0445714651344415,96,69,94.81343196967796
19098,960.7185829364412,162646.37735281617,75715.84934354783,77071.38388009973,-0.0,2.6921181430807337,2.564189253782388,-0.0,1.18554806600427e-05,-0.0434285544503556,96,69,94.81316711766132
19099,960.7214938468924,162658.96160458037,75698.92588409876,77070.26109913502,18.855473293864634,35.59024254628457,24.51811942580389,1.531614522828022,1.718066425646509e-05,-0.0269922940395004,96,69,94.81291193959478
19100,960.7381279587936,162686.53427099463,75694.5833617957,77044.24375253914,108.84257474640617,100.05553317898011,67.22933225298766,10.250455610017525,-3.957568146342922e-05,-0.0437774402368698,96,69,94.81266644774728
19101,960.740949834485,162617.62511010436,75702.89299911,77033.14069577582,288.52452873717993,196.94429891485197,131.52514832967427,44.96530735414126,4.668039920185764e-05,0.017651810767094,96,69,94.81243065426683
19102,960.75853225334,162556.86586864892,75680.97860403828,77041.54956844571,547.3215733065153,316.55463387601776,211.52391416530008,86.20048380977823,-3.575314305098865e-05,0.2649405909280726,96,69,94.81220457117908
19103,960.761428561352,162516.07667784413,75684.20151413405,77049.88615594112,878.948834325769,450.2247570523614,301.23401628941065,150.99198155337945,1.1017733812576944e-05,0.4069855064497145,96,69,94.8119882103873
19104,960.7779844782882,162404.81128381935,75670.44923831143,77040.33137360339,1248.6105962168076,582.184994133946,389.94654768833425,216.92958408323466,1.7969187748393862e-05,-0.010022727036637,96,69,94.81178158367128
19105,960.7809817346424,162325.50869453914,75694.13801459306,77049.36376595826,1632.5249346991186,702.8178264020244,470.2063968013681,298.0288032935641,-4.001041338631211e-05,-0.3554149681158966,96,69,94.81158470268642
19106,960.7984091820832,162256.29680257884,75673.97137045064,77041.19103239111,1989.6533373600105,800.4107706958166,533.5738121974573,371.298862397176,4.6593479083753537e-05,-0.0777932919241063,96,69,94.81139757896344
19107,960.8015382796124,162163.82096974744,75703.52524209186,77028.98183189395,2301.8959276289097,872.9542265839118,577.8463376139407,452.5773115607735,-3.517823325737212e-05,-0.0374724822659351,96,69,94.81122022390733
19108,960.8185991557276,162097.0612669194,75676.54396370708,77040.66159517065,2542.056314369547,916.9891518828517,601.0349267995334,519.8833708529419,1.0176982899733272e-05,-0.0694224854648338,96,69,94.81105264879692
19109,960.8208413630676,162005.74544228087,75673.83401728138,77026.35972603995,2711.354792085127,937.8320345138636,607.1873500943184,590.9305490623519,1.875098442474076e-05,-0.0296919147183899,96,69,94.8108948647838
19110,960.8384179207022,161973.19762862418,75673.49102853847,77058.92051127713,2801.737487697741,936.7361156996049,598.8023410424648,643.7444389179873,-4.043128739485729e-05,-0.0550391713791108,96,69,94.8107468828919
19111,960.8414748554584,161934.5147437281,75667.69195892206,77044.539295353,2832.024183530768,921.7496790342557,582.4279886308359,698.1721386613499,4.649092385221824e-05,-0.0275508807421596,96,69,94.8106087140168
19112,960.8584903845732,161836.3769656185,75661.88125452976,77047.25564884476,2806.6570298902807,894.9442236786126,560.8818748817139,734.2321556988754,-3.459195093555731e-05,-0.0276119364889048,96,69,94.81048036892452
19113,960.860766938096,161766.30484006563,75665.36608621493,77052.68769197598,2750.711160162522,863.9981133179535,539.3688426713925,772.3521908802213,9.333514276621036e-06,-0.0254897520115695,96,69,94.81036185825162
19114,960.8784059273324,161765.88588944433,75677.33983309245,77010.82546377624,2669.499554559763,830.0219418436463,518.5005490627955,792.6575897319999,1.952579604080102e-05,-0.0267482457215622,96,69,94.81025319250396
19115,960.8814147039876,161756.0843546671,75647.1447685874,77020.2864525275,2586.5877067673136,799.9461528893589,501.4262097229366,817.992048742366,-4.083817298433399e-05,-0.0513935358295162,96,69,94.81015438205574
19116,960.898374829161,161748.13799021736,75611.55652909502,77046.44084068673,2503.130747395684,773.6728521938203,486.9945680521778,830.2581537161313,4.637278157325063e-05,-0.0344677682083089,96,69,94.81006543714956
19117,960.9007034530148,161725.39217103773,75639.03921315467,77031.21657320033,2436.1690282804775,756.0480019674578,476.94745413254714,851.4381450236542,-3.399450370069959e-05,-0.0189466268348962,96,69,94.80998636789508
19118,960.9183926030636,161688.68786364142,75637.91909797603,77049.73064095346,2378.898426925589,744.0049134352303,469.07236740287044,861.2372283379664,8.487614718271457e-06,-0.0140407645675528,96,69,94.80991718426868
19119,960.9213473780852,161639.7253498221,75659.84545063347,77009.03102156655,2341.155889116635,739.3655014413234,464.531706933456,881.0829201065644,2.029336675884154e-05,0.0005875983737312,96,69,94.80985789611265
19120,960.9382598390756,161640.43766547568,75633.74223590324,77029.3863468654,2309.0681678139954,736.1805447313673,460.58758106673486,889.8363709801924,-4.123094476592664e-05,0.0062426121754723,96,69,94.80980851313431
19121,960.9406466388712,161609.39215199667,75630.24988210232,77071.29835844111,2286.503550270223,734.2692029213358,457.8764234603441,907.0453686960391,4.623910515088644e-05,0.0062442527079898,96,69,94.80976904490568
19122,960.958380216804,161593.21895939342,75683.20069570681,77057.38667902522,2256.6278956932365,727.377279733264,453.37936607774463,910.7754032880475,-3.338610253829814e-05,0.0265003341025643,96,69,94.80973950086268
19123,960.9612697219154,161597.17219435473,75644.00376027312,77021.47856519936,2225.3656554552726,717.2229607118061,448.1392872527358,922.7626579346252,7.639571765251953e-06,0.0381539271499144,96,69,94.80971989030392
19124,960.9781501449456,161580.08625578746,75672.35359223677,76998.24755510266,2180.6620607165387,700.5912490404007,439.97480683401227,922.8683697821398,2.105344393263535e-05,0.0495134438491352,96,69,94.80971022239086
19125,960.980591831152,161573.51432705412,75652.49226430817,77046.77717838797,2134.2391101804096,682.3308405392163,431.0323391854763,932.4894549970923,-4.160948226422994e-05,0.0676716779347761,96,69,94.80971050614671
19126,960.9983738950516,161579.87085783976,75634.4303430801,77058.38646094942,2079.738348540792,661.7313032478414,420.33270745014306,930.8988040482218,4.6089952963920224e-05,0.0882344206300793,96,69,94.8097207504557
19127,961.0011724019712,161533.61834739152,75666.10305361696,77026.14880321377,2034.0480517587275,645.1474807320046,411.19033495377516,940.3789520937135,-3.276696216161011e-05,0.093518889254761,96,69,94.80974096406214
19128,961.018063067428,161545.66572442284,75656.01302126385,77042.38990811368,1992.4316874952056,631.6080281633622,403.10825189895695,939.8808016559633,6.7896733640627405e-06,0.0918140492857495,96,69,94.80977115557071
19129,961.020507286434,161476.3520725276,75615.62923694712,77028.0059020503,1969.7382966494188,625.6614111363597,399.0477592192474,949.8689327858738,2.180577739609161e-05,0.0888514266791344,96,69,94.8098113334447
19130,961.0384521043832,161527.44341082496,75638.31315498504,77024.09580963333,1956.9484242689214,623.9028273078875,397.4765163495322,948.4876597718685,-4.197366956767423e-05,0.0681471089862344,96,69,94.80986150600586
19131,961.0403923040972,161502.86898857905,75679.82518679679,77034.40692414585,1965.1602307924768,628.9048400721513,400.1379028953088,958.5340321721451,4.592538845493425e-05,0.0457774056006759,96,69,94.80992168143403
19132,961.057719905668,161495.59448004334,75658.09515966132,77043.31201357287,1979.7371076496202,635.2824521600123,403.86425005088677,957.452445181727,-3.213730057418016e-05,0.0132850403645693,96,69,94.80999186776552
19133,961.060609786126,161448.7272511998,75651.51296808825,77026.51171875377,2007.3105736828875,644.4165668509377,409.20909997521085,966.9216331473726,5.938208229679477e-06,-0.0159438484268233,96,69,94.81007207289343
19134,961.0782998584548,161519.1312379736,75659.65822829482,77049.11010005743,2031.4537852611975,650.9631516195368,412.8453427296772,965.511038061959,2.255011980975776e-05,-0.0473970164645209,96,69,94.81016230456665
19135,961.0803313777952,161422.27574615998,75658.25985613654,77025.4106058778,2058.1396740846103,656.8199707142776,415.9841681106773,974.5501849020948,-4.23233961459159e-05,-0.0596109820230965,96,69,94.8102625703888
19136,961.0976369769156,161466.57832774753,75610.54416099434,77020.54746966176,2070.3964003679575,657.2997386073403,416.31493307539495,970.6197282003704,4.574548006209939e-05,-0.0541934030396009,96,69,94.81037287781832
19137,961.1006233823668,161421.80189386173,75639.09626063932,77031.14794648885,2075.324156174669,655.2262389567622,416.13854574228753,973.9580365356815,-3.149733930560024e-05,-0.0516711214777939,96,69,94.81049323416738
19138,961.1181867055888,161455.67511334433,75641.34158890649,77031.88093830933,2059.056178582774,647.154869109203,413.84156883571995,962.8752721840574,5.085464895064962e-06,-0.0373590815008881,96,69,94.8106236466009
19139,961.120244460482,161431.1963200676,75652.04466622151,77042.18513313339,2032.3677699483233,636.7804015662405,411.572209481179,958.9154114879202,2.328622669042927e-05,-0.0463874741204281,96,69,94.81076412213685
19140,961.1375811961876,161437.0448555861,75650.21443755724,77002.50921632136,1984.3994355541654,621.0146301713539,406.7874348118494,940.6510175754374,-4.265855610734649e-05,-0.0466173071010363,96,69,94.81091466764462
19141,961.1406183000462,161450.41988227362,75641.71134380857,77013.88544176907,1929.5039865538129,603.7682749616652,400.7465559307893,930.6951409293688,4.55503018727839e-05,-0.0327648033284829,96,69,94.811075289845
19142,961.158078343872,161470.3323693322,75651.87997256099,77017.26371981319,1860.2568380722078,582.259666562386,390.58528254154953,910.006159199489,-3.084730287118896e-05,-0.0389856791510978,96,69,94.8112459953095
19143,961.1601528839366,161496.07911082517,75668.24193268266,77027.44902616837,1792.4862352191121,560.3008216971793,377.83364445294137,901.084548118466,4.231732143831509e-06,-0.0387720183056133,96,69,94.8114267904591
19144,961.1775388787206,161501.75447102007,75656.41193922404,77051.96453891277,1717.5712181929848,534.7621541864064,360.35178278692183,882.3832304044627,2.401385665037944e-05,-0.0274507780184943,96,69,94.81161768156454
19145,961.1806025442968,161467.97935721764,75633.46651617304,77016.40872435486,1649.8003750520293,509.37581860268256,340.88623254955746,874.3236718317203,-4.297904894481527e-05,-0.0320941722388945,96,69,94.81181867474513
19146,961.197969008698,161499.92053526946,75657.12972745717,77013.38795948657,1578.9635720666847,481.4807847503398,318.6020501217281,855.1895699854649,4.533993250105541e-05,-0.0293738852462235,96,69,94.81202977596804
19147,961.2000623606078,161473.56763809378,75615.10580896014,77013.59653649695,1516.9788370373426,455.2288632074924,297.0715911963489,844.3633076553524,-3.0187419412866973e-05,-0.0214163014145725,96,69,94.81225099104807
19148,961.2175056053107,161491.01011480356,75629.17801993582,77056.15484357967,1450.740094895591,428.305378016521,275.61599937060964,819.2201571234036,3.37729889555553e-06,-0.0364956490703072,96,69,94.81248232564688
19149,961.2205781241502,161558.91248840676,75646.42782747127,77030.03318201362,1391.328838650079,405.1462269029289,257.61899378400994,800.3995799109398,2.4732771259310005e-05,-0.0433366858588744,96,69,94.81272378527224
19150,961.2378572303572,161556.98542132124,75627.20967382283,77016.18251100804,1326.5984828941873,383.48689510802797,241.88393553573405,768.4765787979122,-4.328477863618553e-05,-0.0458225380760521,96,69,94.81297537527745
19151,961.2399755392556,161598.76463973496,75652.63467443631,77022.62469695426,1268.8346994880121,366.8713169279945,230.81872027690406,745.0011276742734,4.5114455943222815e-05,-0.0469936428503526,96,69,94.81323710086082
19152,961.2574789803704,161590.53786291584,75664.9398229918,77018.0083600395,1206.6680836215965,351.68551082356134,221.99725956493057,709.9806486448506,-2.9517920031861634e-05,-0.043133695632336,96,69,94.81350896706508
19153,961.2605455701292,161606.51872483286,75657.48513776217,77004.62230546564,1154.0108012090204,340.35939956268703,216.87521823917632,684.9359254652518,2.5224544432042578e-06,-0.050121965871211,96,69,94.81379097877672
19154,961.2777428798046,161650.51792207838,75630.15907741347,77050.46326192918,1100.541026360821,328.90143936968525,212.40447815452353,650.7677671959391,2.5442735419706616e-05,-0.0677224436623537,96,69,94.81408314072542
19155,961.279893981208,161639.68622021514,75671.25551984861,77042.86480883198,1059.0483704975923,319.6267535567313,209.5603422934655,627.6241325539304,-4.357565488369617e-05,-0.0724914467132348,96,69,94.8143854574833
19156,961.2974572525889,161704.27255590982,75666.44494919438,77036.0469375324,1016.4464595888276,308.90861806547036,205.07036491984036,594.7548742946237,4.48739610653906e-05,-0.0583513015800329,96,69,94.8146979334647
19157,961.3005049590196,161727.34577202293,75650.38332855179,77043.15541506495,983.8514610322309,299.72070905445435,200.3039198097249,572.1678728107072,-2.883903859086119e-05,-0.0730217449139432,96,69,94.8150205729252
19158,961.3176264046187,161709.20392844977,75670.32618170508,77057.07617803347,947.321226146305,289.08961981335597,192.87960920968908,540.314787648822,1.6674873812218402e-06,-0.0807430841366822,96,69,94.81535337996095
19159,961.3198187035008,161768.05466131555,75697.68265562835,77035.58855513105,917.0850390663836,279.83289053244516,185.17454038216965,518.2813846100762,2.6143517007399688e-05,-0.0759802840046896,96,69,94.81569635850882
19160,961.3374389106838,161754.40830209383,75664.68206221535,77028.6454813721,878.8625731744105,268.606028892973,175.7571612491738,485.7512811651686,-4.385159203061333e-05,-0.0724240134469272,96,69,94.81604951234496
19161,961.340456258078,161774.74873631436,75664.50912990463,77021.17279885718,844.8088909063372,258.0513618228433,167.8009377126582,462.50979386628023,4.461854193688078e-05,-0.0730257101288175,96,69,94.81641284508464
19162,961.3575085455504,161820.2123368212,75666.64466427318,77012.26871670227,803.141076326312,245.19675221043872,160.05641961985384,429.9102304757398,-2.815101256675478e-05,-0.0665546483032579,96,69,94.81678636018174
19163,961.359750374437,161840.86549741545,75676.64199213793,77017.74167667255,767.2664957826491,233.03449104544416,154.96462941143545,406.83539357740665,8.126861867434381e-07,-0.0636372746421966,96,69,94.81717006092782
19164,961.3774225407376,161872.00199486292,75672.51821886298,77045.61173230346,725.5531154656783,219.25439039524645,150.0168587695225,373.71379053991404,2.683488736716237e-05,-0.0679258359086736,96,69,94.81756395045196
19165,961.3803994706356,161878.1419887384,75652.3921643249,77056.31710100555,691.8170728453551,207.40474753489252,146.51825252638082,349.4023684624699,-4.4112509561977696e-05,-0.0866291949512952,96,69,94.81796803172024
19166,961.3973901998414,161907.5941110735,75659.69433613097,77013.08453117935,653.5229403442354,195.27913998640724,141.1587436106347,314.92657236606465,4.434829739422965e-05,-0.1033450952679718,96,69,94.8183823075344
19167,961.3996893986492,161923.39924632726,75662.42798636667,77031.71496263242,621.4391087173135,185.26109981928312,134.8076173864829,287.56910052872263,-2.7454081613107912e-05,-0.0930969718241627,96,69,94.81880678053231
19168,961.4174067735304,161943.17800338712,75691.5966531655,77028.53677722662,579.4078946419759,173.5085783424147,124.31964959538891,248.0306562408805,-4.166057759517076e-08,-0.0738532259801854,96,69,94.81924145318696
19169,961.420334708468,161994.11957638056,75678.45247103898,77015.06061897604,536.4075634013861,160.7237683791318,111.36680271860678,215.03789933148073,2.7516621525701747e-05,-0.0873308429059573,96,69,94.81968632780556
19170,961.4372723381922,162020.55772564904,75680.4639343352,76992.81083957948,475.60162688663695,142.18664137861924,93.7988456125604,171.7210536596831,-4.435833220383861e-05,-0.0905417353220384,96,69,94.82014140652966
19171,961.4396359627896,162058.3142741958,75674.53590378827,77057.47897825575,406.43947444320656,118.7017406259838,74.17482287736493,136.88847799014184,4.406333131606812e-05,-0.0914131320343923,96,69,94.8206066913342
19172,961.4573902669222,162104.7184268844,75649.6675233265,77049.48918224478,315.72876082808943,87.85867133970896,51.46980066411197,94.46356913400814,-2.6748488460685703e-05,-0.11198265800221,96,69,94.82108218402703
19173,961.460262233145,162134.330416677,75657.09913223298,77038.81020720745,221.4657921247417,54.78178248216864,29.953429710061755,64.49015472634346,-8.952649022502174e-07,-0.1004747825400328,96,69,94.82156788624832
19174,961.4771559425536,162118.52445564137,75679.03175347428,77058.30453373345,121.56234114599647,22.810210430121515,10.699096040509176,32.020386884367326,2.8188497063063563e-05,-0.0881998133254452,96,69,94.8220637994704
19175,961.4795900687918,162150.12591964993,75664.9667877342,77023.44248337249,45.20295752567472,2.256516715482576,-0.0,15.593304512702161,-4.458898998716058e-05,-0.0974788348471482,96,69,94.82256992499664
19176,961.4973717006584,162159.42233561815,75638.25081208021,77030.26985849018,-0.0,-0.0,0.49290655108052306,-0.0,4.376375217886226e-05,-0.0970211662183849,96,69,94.8230862639614
19177,961.5001824847072,162153.402154125,75641.57265150377,77035.08897079158,20.871223839872982,26.23863000315032,18.806745697453152,4.20714397795382,-2.6034478946899862e-05,-0.0849886404165143,96,69,94.82361281732932
19178,961.5170419495076,162150.70670812888,75678.58022983998,77029.57739811706,112.1736017651856,83.38223884723266,55.6990472706384,13.46778285491746,-1.747839576884001e-06,-0.0799162319505938,96,69,94.8241495858948
19179,961.519551568572,162108.08045070828,75665.6351432532,77031.04514582347,294.8739562644041,172.72751614035224,113.39549533385434,44.55394034416531,2.8850295890732096e-05,-0.0789960676913494,96,69,94.82469657028165
19180,961.5373497703864,162052.1294238337,75666.54058030521,77018.2316772419,551.7790578569984,286.011168755751,186.67203162849182,81.5792450584413,-4.4804417996249565e-05,-0.0197588960952347,96,69,94.8252537709422
19181,961.5400961096376,161999.95603169536,75677.79367452092,77031.3009219029,879.7645857086754,414.46633084058703,271.5821688697033,140.19587887101807,4.344967369333397e-05,0.1818314464099458,96,69,94.82582118815716
19182,961.556931188116,161923.4053151749,75700.17788148168,77053.8759016659,1238.8317369119031,543.2611082864751,357.9096571234986,203.13015149734565,-2.5312300991979924e-05,0.3712236922743804,96,69,94.82639882203507
19183,961.559520212263,161850.40821193933,75663.37648699047,77036.48428984886,1609.717966806027,661.7289134651801,439.1700744732807,282.49281202597194,-2.599097307648038e-06,-0.001876325021083,96,69,94.82698667251172
19184,961.5773231671932,161772.40332225864,75631.75889326261,77045.61725160842,1948.2072604610003,758.6040914797195,506.06036051374394,359.42288060332066,2.9501803313733063e-05,-0.4346965239827343,96,69,94.82758473934956
19185,961.580004002926,161661.56466862146,75656.80275731323,77057.92448817882,2243.45426474174,830.4322224569187,556.1423080783861,445.30876839510165,-4.50045563173326e-05,-0.166690171212914,96,69,94.82819302213748
19186,961.5968242959276,161596.64679613043,75620.12801712009,77025.69691367287,2467.2991459668265,874.6988472783414,585.8794261386502,521.2862616615894,4.312121432329128e-05,-0.0794184914551728,96,69,94.82881152029006
19187,961.599495729742,161510.69984758025,75634.15206055444,77055.83779391633,2627.7544824889046,895.5578820269293,598.675539745338,597.8362378728925,-2.4582205542592687e-05,-0.1432582502149097,96,69,94.8294402330472
19188,961.6172905179684,161441.7523864601,75627.5510225265,77052.46395761133,2715.3385782195255,896.0793839158141,595.8508282250841,658.0017011188029,-3.448752511524409e-06,-0.0793987094989353,96,69,94.83007915947366
19189,961.6199073941888,161400.48720316516,75654.65456874954,77052.30356130887,2753.306049190287,883.1059102656,583.7609058600501,715.1207933753321,3.0142808057672705e-05,-0.1023483999816618,96,69,94.83072829845872
19190,961.6367215762698,161326.95703688596,75632.45202287694,77030.00816770853,2740.6489673758624,860.1301048549649,564.4129393991898,755.3730619506096,-4.51893505979995e-05,-0.0938673559028637,96,69,94.83138764871532
19191,961.6394779929284,161262.54858735015,75675.9299577574,77039.28444523999,2703.032592281699,832.7741820960218,543.0456984000048,793.533974293794,4.277849705377542e-05,-0.0878995608718483,96,69,94.83205720877976
19192,961.6572502242648,161293.28084299623,75650.9338724312,77055.56213263838,2639.2678932680283,803.1934362758184,519.9731401001045,818.5085120780277,-2.3844445312339657e-05,-0.089872417208939,96,69,94.83273697701163
19193,961.6598080592923,161258.0020020381,75636.18115091241,77032.23280886357,2573.673937765241,775.6973889634537,498.8715238109289,846.6327955657616,-4.296519545894339e-06,-0.0796066319101555,96,69,94.83342695159293
19194,961.676622689449,161191.56030546362,75678.81850251231,77050.28090940292,2501.7138823751593,751.338975224251,478.8994221316243,866.7987444989849,3.077310280570045e-05,-0.0822841159878533,96,69,94.8341271305276
19195,961.6794674042156,161198.49780909394,75629.95941340968,77037.95021911568,2443.084586266661,732.9693683768855,462.97183569398476,892.6947923916159,-4.535875159293488e-05,-0.0869693755902164,96,69,94.83483751164134
19196,961.6971999993194,161145.01892899492,75649.43280565682,77035.80738179063,2389.137536915834,720.0778297048819,449.9006883445545,911.8058166287083,4.24216496557886e-05,-0.0819186695849839,96,69,94.83555809258088
19197,961.6997089367565,161143.8415847715,75632.49151326096,77017.28421512121,2355.255101756251,713.4749806194159,442.0555878134328,936.1466469006264,-2.3099276102419475e-05,-0.0813422925326484,96,69,94.83628887081372
19198,961.7165257812972,161083.2900269627,75651.90585627555,77033.0149581113,2326.843628181028,710.5880837508739,437.1188720755745,951.9150568771292,-5.1421137184806025e-06,-0.0722070678328939,96,69,94.83702984362772
19199,961.7194660881396,161097.05164490975,75669.033391832,77049.89027653993,2313.1364777300623,710.3647096009081,435.907624563406,969.6213971193065,3.139248410709129e-05,-0.0788231941922088,96,69,94.8377810081306
19200,961.7371352411772,161086.97003303855,75625.11279165666,76993.82456911626,2296.133751296671,709.4206661621138,434.96573096653447,976.9399078779679,-4.5512715182364936e-05,-0.0769393620172675,96,69,94.8385423612496
19201,961.7396164738147,161053.48231366795,75667.82442435913,77043.59533631791,2284.2060323618934,706.8053357187746,434.64971281652106,986.1277531674423,4.205080475275943e-05,-0.0632584428776216,96,69,94.83931389973068
19202,961.7564239396106,161053.5871421277,75657.86495577701,77066.59809776826,2259.827153797203,700.2499635260756,431.8496452723921,986.6247714789934,-2.23469556930623e-05,-0.0598926963531724,96,69,94.84009562013838
19203,961.7594833993528,161052.57940196813,75652.02639376163,77020.72524471502,2233.713855987182,690.4396606364753,427.9568190151185,991.0895394100517,-5.9852517423731804e-06,-0.0540226962018842,96,69,94.840887518856
19204,961.7770400464352,161054.42179329964,75599.45415710138,77057.99962114553,2193.8028061922523,677.1848908844695,421.5175820296572,990.5683749500895,3.200075208398553e-05,-0.0419448678815075,96,69,94.84168959208412
19205,961.779556511896,161055.83554911503,75672.22633546675,77041.87073398435,2156.737367939495,662.9005557638447,415.342662854644,997.6898508130107,-4.565120243960338e-05,-0.0342951674429759,96,69,94.84250183584058
19206,961.79627367384,161039.2148853108,75626.11679382277,77024.45281651714,2114.245426472451,648.5974643057998,408.6725488077791,1002.5253973089566,4.1666099442763794e-05,-0.0327491082816312,96,69,94.8433242459606
19207,961.7996125862792,160989.52914033405,75630.98686494514,77021.44529725483,2083.8869542080793,637.0353137014026,404.11286786579876,1015.2040745264094,-2.158774410179873e-05,-0.0390696126942253,96,69,94.84415681809558
19208,961.8165527981856,160986.46000715793,75631.64965038239,77056.9779338886,2057.3618573542335,629.0487225704128,400.4076660714636,1025.447603364184,-6.825650946962109e-06,-0.0786572821007979,96,69,94.84499954771336
19209,961.8188737956376,160980.69826321956,75647.10115010553,77045.40270536707,2048.831840438419,626.4076286110358,399.2456019586243,1042.060303707316,3.259771093954503e-05,-0.1113337963135667,96,69,94.8458524300975
19210,961.83639735461,160995.50273144722,75624.4077150807,77024.69237053079,2043.8059033145546,628.4342557478376,398.44371181330644,1053.5280953836627,-4.577418019534357e-05,-0.1127068137629935,96,69,94.84671546034674
19211,961.8394893440548,160959.46691664218,75651.77024836926,77054.04350434554,2052.4176047971123,635.123478143345,399.35478769394103,1068.5579408322228,4.126767534067423e-05,-0.1500879381591192,96,69,94.84758863337522
19212,961.8564832412172,160910.5597966597,75646.1638270797,77064.67591327868,2057.841915387893,644.1221164269664,399.9280758301029,1076.6586329019337,-2.0821903472937336e-05,-0.1869087762332931,96,69,94.8484719439115
19213,961.8587707798112,160899.48048908394,75660.75080434512,77064.58904025372,2068.7145061062765,653.9844623032695,401.6189030451933,1086.3250890139316,-7.663030298821426e-06,-0.2094255301654255,96,69,94.84936538649852
19214,961.8764075095974,160951.6790300444,75677.64349082204,77042.16537383635,2068.33332490857,661.6808235556236,402.4314161245129,1087.6147863855585,3.318316898268434e-05,-0.2217726831520621,96,69,94.85026895549292
19215,961.8794113768926,160907.13524022297,75630.35745389723,77051.72866120914,2067.7340147899813,665.9641243564984,403.7132263381791,1089.7883168193803,-4.588161977941479e-05,-0.2473897667158291,96,69,94.85118264506514
19216,961.8963823564014,160943.08325127765,75660.85938099648,77029.11455382271,2052.8313464175444,664.8732910403633,403.17236517366837,1084.251647200872,4.085567865100816e-05,-0.2618493907254133,96,69,94.8521064491987
19217,961.8986950385636,160892.08773256667,75668.10536571122,77036.78409813279,2035.318657310796,658.6076665507571,401.55314623974846,1079.8314148876525,-2.0049697749570057e-05,-0.2446867739719391,96,69,94.85304036168998
19218,961.9164044981222,160945.54011760038,75664.49667885147,77045.26911453764,2001.2741844782722,646.7666105541284,396.2736455342674,1068.0556808977854,-8.497109538661331e-06,-0.2436758510621975,96,69,94.85398437614788
19219,961.9193353959088,160911.90875134934,75628.51501039529,77048.28326464866,1963.5645998047548,630.7479724951118,388.3600399456918,1057.8743730842252,3.3756938490992005e-05,-0.2311876926370895,96,69,94.85493848599356
19220,961.9362745115558,160954.83595805676,75621.83348175275,77040.83074640918,1909.795565723849,610.7914949105761,376.14053351900657,1041.5400977643149,-4.597349861173418e-05,-0.2234522770414189,96,69,94.85590268445964
19221,961.9386325352108,160988.8602039073,75635.44624712665,77044.75469679716,1853.4932160793105,588.3353827660176,361.7291333345638,1027.2169761163532,4.0430260004160384e-05,-0.2228269877281884,96,69,94.8568769645907
19222,961.9563963089256,160959.2787274915,75667.62838313516,77073.72744038641,1783.6243166717468,563.5527076642757,344.7378247298184,1007.1595417690114,-1.927139325565933e-05,-0.2130842473943198,96,69,94.85786131924203
19223,961.9592552009904,161006.6755956986,75677.55559115637,77077.54036338985,1715.979675549781,538.0135376259277,328.2790693893621,989.447600702144,-9.32761030526338e-06,-0.2153232677689082,96,69,94.85885574108032
19224,961.9761653527024,160996.47647960912,75668.61150133028,77072.63788714565,1640.908436915197,512.2814761236514,312.2971824345004,966.7379024406255,3.431883540603187e-05,-0.2071602060717153,96,69,94.85986022258218
19225,961.9785797903068,161053.29339213128,75666.17000144339,77054.66841986627,1573.2049431559863,488.249987790201,299.15538876870414,946.1640000615153,-4.604979881047475e-05,-0.1962174100239625,96,69,94.86087475603463
19226,961.9963842952446,161045.2957262972,75648.72392972282,77048.21640950601,1502.0294421912986,466.4863761391025,287.5392846103932,920.4620475236734,3.9991574445476366e-05,-0.2057196554310855,96,69,94.86189933353492
19227,961.9991691267852,161083.75250411464,75654.18570978275,77047.65410620147,1441.59554389189,448.317557210059,278.3884208514937,896.8468986763619,-1.8487257690796308e-05,-0.2152730597357878,96,69,94.86293394698944
19228,962.0160575134372,161108.75751090638,75642.86977379676,77023.12911709155,1380.1185728277778,433.16588632138155,269.3214748115279,868.6778358116571,-1.0154254941337668e-05,-0.2150693613011331,96,69,94.86397858811402
19229,962.0185352572314,161130.28436685697,75641.55490725722,77064.87232595921,1329.5751827021595,420.93904193675553,260.6969957166584,842.6051316887315,3.4868680894346574e-05,-0.2197852788674474,96,69,94.86503324843352
19230,962.036368330603,161163.91966488893,75651.89114958447,77045.43613638321,1276.8794555835193,409.94248663424514,250.53708641405683,812.4699217099987,-4.611050781761535e-05,-0.2148677538262822,96,69,94.86609791928154
19231,962.0390768056658,161162.25027797796,75644.45361131287,77075.46987865555,1233.816320159298,399.6935566672764,240.19249395019142,785.1930799690308,3.953978142161093e-05,-0.2089762469799496,96,69,94.86717259180014
19232,962.055952716059,161204.90509127107,75663.40106041003,77034.76403928488,1187.0574822730268,388.84223499993095,228.80877420899924,755.1507693723834,-1.7697560805682027e-05,-0.2252693569430765,96,69,94.86825725693942
19233,962.0584978806004,161242.73263936493,75664.51912283807,77042.84146761698,1147.3658689227304,377.75151402100164,218.2871892391122,728.379897376959,-1.0976768074715452e-05,-0.2255860233686089,96,69,94.86935190545732
19234,962.0763478502788,161287.14415984377,75694.64327837546,77059.10022438908,1101.9550317700487,366.0240240742278,207.9456112907792,699.0351226795174,3.5406299143560115e-05,-0.216282043964856,96,69,94.87045652791946
19235,962.0789784277644,161283.5027377649,75657.76788023229,77053.91206460312,1063.3568406748818,354.7179153946199,199.38046889021643,672.3371125936392,-4.615561870302976e-05,-0.2176403171947245,96,69,94.87157111469882
19236,962.0958522829272,161327.97953369914,75646.25413501673,77037.33104500825,1020.1748449850129,343.5358979452285,191.45438479314907,641.9546657033789,3.9075044588355504e-05,-0.2152570365738883,96,69,94.87269565597556
19237,962.0984667078968,161336.0602256379,75644.99954354548,77068.89993218315,984.7407023748965,333.1641203393956,185.19507174714818,611.9581908929395,-1.6902573819476668e-05,-0.2103563295314907,96,69,94.87383014173638
19238,962.1163221779652,161361.711348389,75665.39048210849,77043.45027616978,945.6914729688433,322.7341053235432,179.2924684700556,576.5970342689543,-1.179487567911989e-05,-0.2070028163864564,96,69,94.87497456177468
19239,962.1188744942754,161407.96350770866,75656.73345411764,77047.75137078222,914.9113444514223,312.53543130624166,174.67829847385292,540.903710727609,3.593151953090828e-05,-0.2044174242629209,96,69,94.8761289056904
19240,962.135757296148,161479.73717734247,75683.60697443118,77088.3331928935,879.2760864925804,301.50967989020864,169.95229945433675,500.9312644129677,-4.618512940617208e-05,-0.2006571556397293,96,69,94.87729316288925
19241,962.1384407607916,161485.8042977526,75646.29590663177,77083.2728187902,847.8606417683768,290.13708297016274,165.68775965643,462.5570892300166,3.8597531859257214e-05,-0.204928865581129,96,69,94.87846732258288
19242,962.1562906616113,161513.48926166876,75682.31226101438,77031.39026378063,806.8544670597184,277.82650697027566,160.3534931667964,423.10251355500077,-1.610256944757242e-05,-0.2107149968773913,96,69,94.87965137378885
19243,962.1587657083868,161566.65103596408,75638.43821248674,77074.97551397797,766.5002292764257,265.67059069713287,154.4948728561867,388.293162938382,-1.2608305174595994e-05,-0.1975586982872561,96,69,94.88084530532976
19244,962.1756686531108,161605.47859762312,75656.62555441272,77061.43810139528,715.0060818789061,253.30038085476554,146.8397295473551,354.6547568217211,3.644417506067948e-05,-0.2062398899728966,96,69,94.8820491058335
19245,962.1784189909398,161620.3427695108,75698.23287939499,77051.87702353446,664.5173944609123,241.540725440369,138.19700635102345,325.5498650332738,-4.619904353763229e-05,-0.2310325078113097,96,69,94.88326276373304
19246,962.196252743933,161673.9201261605,75698.15225576698,77077.94964436114,606.0746106134029,229.14736250641,127.78417346728384,295.90309721429367,3.810741543801609e-05,-0.2169766667488905,96,69,94.8844862672661
19247,962.1986529119944,161664.58985361076,75641.26024051996,77059.91974129481,553.1582451521535,215.76245697031845,116.62838983672555,267.39904695606674,-1.529782218762287e-05,-0.2133070316643937,96,69,94.8857196044749
19248,962.2155870868406,161715.56366478396,75661.47232571688,77029.25850191072,495.13990467152325,198.79023952274292,103.92362630774733,234.74805400893092,-1.3416786154734429e-05,-0.2085845911468914,96,69,94.886962763206
19249,962.218400268186,161709.66685837813,75688.92535063729,77037.90438623258,441.1368802973884,177.1415751066961,90.24154673976591,200.05301351932576,3.694410390843697e-05,-0.2158731070143205,96,69,94.88821573111017
19250,962.2362080066472,161793.8223348128,75666.42283812666,77032.44453077442,377.20316345605534,148.64950840680103,74.49415883552865,160.57148060775944,-4.619736960178648e-05,-0.2309361406009827,96,69,94.88947849564217
19251,962.2385370380886,161829.0133051547,75670.42717731245,77051.77211973157,311.0148480561911,114.40915380878141,57.22738945661695,120.9691161235969,3.760487141390609e-05,-0.2416852271049874,96,69,94.89075104406064
19252,962.2555131756084,161850.41836798843,75648.40231004157,77051.95898817532,230.57491868559737,75.92717127625656,38.2568749988568,81.29706983920187,-1.4488607569143577e-05,-0.2364410161775727,96,69,94.89203336342746
19253,962.2583833816078,161928.10239566927,75653.36537789177,77061.40590304587,149.97549416410038,39.20947320059349,20.030976281763287,47.42422647366766,-1.4220050050529775e-05,-0.2365207259129443,96,69,94.89332544060862
19254,962.2761562035624,161909.17300094172,75664.92750602879,77063.61834754352,69.33122313267086,10.692884224030422,5.440957473416347,20.195357229589717,3.743114790876365e-05,-0.2335205473308808,96,69,94.89462726227292
19255,962.2784190664576,161955.0237004991,75655.4057934583,77061.65236271342,16.008768674975727,-0.0,-0.0,4.4969104487099685,-4.618012142769211e-05,-0.2333755379628746,96,69,94.89593881489226
19256,962.2954473529109,161920.6939920449,75683.22695774914,77058.25882331074,-0.0,14.050219137076056,8.578584004193544,-0.0,3.7090079995160506e-05,-0.2239007012684933,96,69,94.8972600847418
19257,962.29836704337,161920.76704744477,75669.13121467682,77048.00176200671,51.187623001402244,59.24096567952074,36.06610625877511,9.657571670337347,-1.3675202642263775e-05,-0.2277821016578688,96,69,94.89859105789954
19258,962.3160972907746,161898.29281777254,75642.06260517697,77067.14587700783,174.04597081744578,135.5032674712129,83.84070149311447,32.20609937689733,-1.50178302612671e-05,-0.2250432516191533,96,69,94.8999317202456
19259,962.3182999753072,161886.90612887204,75651.23649394122,77041.92828062091,382.9569065698306,239.84547081914207,150.56820177045302,69.28573950091959,3.7905153987956864e-05,-0.2111038262024256,96,69,94.90128205746343
19260,962.3353899258884,161831.3443647584,75659.95558734811,77053.17560714549,659.4695563818677,362.12323386839125,230.4554596710077,118.93694934385712,-4.614731861479791e-05,-0.0695471427258498,96,69,94.90264205503831
19261,962.3383498869688,161740.82806888584,75647.16301148155,77077.60248683728,992.8045657898765,491.3524797214486,315.8525697478617,181.34041980843176,3.6563225650457015e-05,0.2018686389521351,96,69,94.90401169825802
19262,962.3560314621814,161686.0855063859,75672.37335502825,77066.76201654444,1344.643306030368,613.3662152977631,397.5438341930567,253.42913434575894,-1.2857885342861004e-05,0.105605443240367,96,69,94.9053909722124
19263,962.358180680173,161619.09521817756,75667.39855636105,77072.95188026664,1692.6056206647772,718.22598570837,467.8867394910776,333.38805063982727,-1.5809862037812427e-05,-0.4571809483521721,96,69,94.90677986179358
19264,962.3753411127178,161510.79706893404,75673.33036151133,77078.0927592776,1997.613007824286,797.156672490164,521.080454188399,416.7224383018038,3.836597304326071e-05,-0.4425751781319918,96,69,94.90817835169518
19265,962.3783304470744,161466.42534372472,75664.18441846807,77051.16335257622,2247.307657830592,848.7310376631067,554.968975669879,500.0518708360323,-4.609898506409748e-05,-0.1808649493842249,96,69,94.90958642641296
19266,962.3959592046876,161355.2269475359,75621.82341012308,77055.33092975956,2421.7510127982823,873.4049108786276,570.0011862657266,578.7138182967901,3.6024496348749536e-05,-0.2773309037869044,96,69,94.91100407024425
19267,962.398061942964,161251.01658101243,75644.41315334468,77035.32826836033,2530.1407648535096,877.5629691015201,569.3275528359518,649.705535501038,-1.2036934955220105e-05,-0.2393943066672694,96,69,94.91243126728824
19268,962.4153011210224,161251.68142775324,75662.77947561974,77047.67081576744,2571.811478423944,866.2595963435742,557.0248564611247,710.4856124164362,-1.659588319017537e-05,-0.2314374616603139,96,69,94.91386800144544
19269,962.4183070927452,161170.0571026239,75633.29905100765,77061.72360188808,2569.8185918667587,847.241356811588,537.748281653272,760.5255955634639,3.881346114829315e-05,-0.2647761086460712,96,69,94.91531425641774
19270,962.43588140845,161147.52261855805,75664.19709868176,77039.03940738614,2531.5284842140973,824.1614184925129,515.4764832912479,800.5377947092347,-4.603515066099008e-05,-0.2191222043649034,96,69,94.91677001570852
19271,962.4379442060334,161113.31314270193,75649.67088063584,77071.15980565942,2480.6259536871803,801.8358476710273,493.60673480384867,832.3662059814087,3.547408432553271e-05,-0.2189806372132995,96,69,94.9182352626226
19272,962.4552703274742,161079.15540675234,75616.33450690973,77038.9043127024,2419.797774498933,780.4765469333797,474.5360682074679,858.7675303933502,-1.1212631807926706e-05,-0.223812444826924,96,69,94.91970998026552
19273,962.4582778330246,161040.0245299641,75622.81455678838,77061.41031771523,2365.6624843828613,762.28438437781,460.0052139709296,881.9217816055752,-1.7375633576683257e-05,-0.2063351475776954,96,69,94.92119415154484
19274,962.4757996413372,161063.66170981267,75651.83116884375,77051.19051172833,2314.5092790235067,745.9235818483139,450.89285528226173,904.1282501934038,3.9247478482892446e-05,-0.2035280923188187,96,69,94.92268775916844
19275,962.4778272010046,161020.71476475245,75647.70169964792,77082.7483465833,2276.625687042426,732.947542845417,447.2395385893469,925.7441405003483,-4.595585030098818e-05,-0.1920209642633036,96,69,94.92419078564568
19276,962.495249771094,160970.43471243247,75621.43161035003,77042.88838169919,2242.893446429982,721.5923213675997,448.0715181045234,947.3517816976819,3.4912184893996374e-05,-0.1837716596468989,96,69,94.92570321328672
19277,962.4982396874412,160998.97165262984,75636.80008981163,77049.90543971884,2219.598335911229,713.1623237856256,451.4479006982583,967.1464484904427,-1.038525683779891e-05,-0.1789438726824788,96,69,94.92722502420294
19278,962.5157170429968,160936.23609161255,75625.46485624684,77066.16629763255,2195.507630451757,705.4681744632107,454.85917331583914,984.4470863247989,-1.8148855414044523e-05,-0.172867294795511,96,69,94.92875620030644
19279,962.5177086353714,160970.80286384976,75650.3224067221,77046.31314375166,2174.9127798290574,699.257611783105,455.7361278955359,996.7318535553932,3.966789052765144e-05,-0.1565605830758174,96,69,94.93029672331032
19280,962.535243072782,160929.94151369165,75618.10600534617,77033.04308055351,2145.640437494905,691.7485952377319,452.3295829897106,1004.1648852679355,-4.586112386174381e-05,-0.1475521259626464,96,69,94.93184657472864
19281,962.538185753126,160919.4560921537,75656.16200622541,77069.95930124584,2113.2261864154134,683.7487827061996,444.0156800978584,1005.3908979658445,3.433899806814832e-05,-0.1413081295589038,96,69,94.9334057358762
19282,962.5556431951048,160960.01807183513,75632.18675679277,77046.97078033291,2069.4796672993107,673.133877943852,431.65263661701465,1002.5066861470405,-9.55509184722254e-06,-0.141770629571772,96,69,94.93497418786892
19283,962.5575752981824,160966.7508837425,75652.69106101108,77035.28857449048,2024.4177655733074,661.8034122770041,416.9700215093617,995.8092357944406,-1.891529322469638e-05,-0.1248960218443914,96,69,94.9365519116233
19284,962.5752753615797,160927.46652175323,75659.21045009157,77071.39190894949,1974.2261957221199,648.7372195639473,402.3014963225578,989.0964561244764,4.007456656022817e-05,-0.1013377995957644,96,69,94.9381388878569
19285,962.5780470040836,160963.95916383772,75688.94645566963,77057.15628525341,1932.5402311886428,637.0292863622162,389.6263007672678,982.957871975028,-4.575101674541015e-05,-0.0849459690005099,96,69,94.939735097088
19286,962.594788633355,160988.06379662058,75660.69613573873,77067.95360284626,1897.5179834597511,626.4388844166388,380.512311323866,980.7210742544266,3.3754726794588165e-05,-0.080333787046118,96,69,94.94134051963609
19287,962.5975273606734,160997.1726745157,75624.86447819108,77092.50478800731,1880.2431735609425,619.9603765788634,375.5605347613455,981.7098306770786,-8.722419626784416e-06,-0.0878485625571037,96,69,94.94295513562088
19288,962.6152656203958,160939.38863491782,75628.66782749112,77077.04624532527,1874.686847332865,616.6937130928709,374.8238721630478,987.6585661059944,-1.967469425302712e-05,-0.0887064639709792,96,69,94.94457892496402
19289,962.617928809414,160939.990752962,75647.99719988258,77043.65423437265,1886.498206742981,618.6450131097808,377.56220312870573,995.8426899992337,4.046738143543818e-05,-0.1100405149853007,96,69,94.94621186738732
19290,962.6347063868288,160941.56067003985,75668.76919001077,77052.13113197511,1903.8307491494343,623.4445427091705,382.85065628399025,1006.9421909039083,-4.562557937688693e-05,-0.1444009696466183,96,69,94.94785394241376
19291,962.6374899646944,160941.57235704188,75646.44780178578,77067.18204645223,1927.3720484165824,631.5637269017607,389.37628413163475,1017.7455903707014,3.315957773864969e-05,-0.1770695416264232,96,69,94.94950512936757
19292,962.6552444742522,160941.4690915149,75667.85712074582,77068.7591107834,1943.7630961637478,639.4694701773115,396.00074253356433,1029.1333083972568,-7.887523135686858e-06,-0.2067468398153809,96,69,94.951165407374
19293,962.657810554378,160888.37756960132,75676.20181591346,77065.3332787334,1955.2793515636004,647.1433302713267,401.48835350881563,1037.9295273665339,-2.0426808344491557e-05,-0.223281526385189,96,69,94.9528347553592
19294,962.6746264496852,160915.70205680467,75655.60642464086,77082.94581078981,1951.9308427833603,650.9432631350355,404.9430615742167,1045.5360576429812,4.084621459645111e-05,-0.219970235651044,96,69,94.9545131520508
19295,962.6774601414368,160956.6759238303,75643.23397285728,77070.17661480285,1939.7012008131715,651.1925392807316,405.48410954824067,1049.0232452341297,-4.548486696775725e-05,-0.2184966978383061,96,69,94.95620057597776
19296,962.6952140563984,160873.6117238347,75658.21004132275,77086.61442904705,1912.689541617874,645.0564045405772,402.63050659224973,1049.916656879912,3.255376121479784e-05,-0.225098106382785,96,69,94.95789700547004
19297,962.6976907258734,160918.69612726162,75648.47607837892,77051.07873746983,1879.7147888956242,634.0167009947763,396.08976591404644,1045.0797419632727,-7.050686293474816e-06,-0.2093843198592571,96,69,94.9596024186593
19298,962.7145515139983,160909.7101413982,75645.48686563093,77084.55903373408,1835.6194209960522,616.3054918298876,386.1113766284252,1036.5960623126593,-2.117138767369543e-05,-0.2013920389365026,96,69,94.96131679347872
19299,962.7174351356668,160933.44556411105,75683.63681695322,77074.91857421883,1788.3155523542082,594.4501787781337,373.2376034031622,1022.1296125082299,4.121095001395876e-05,-0.2011815464820814,96,69,94.96304010766276
19300,962.7351753088057,160971.36095804974,75655.68357291799,77072.90542702345,1732.1497372618178,567.7808697538567,358.36485718746553,1004.6952953722212,-4.532894029274466e-05,-0.1861360061428682,96,69,94.96477233874803
19301,962.7375691035004,160994.72581248873,75663.9792015027,77081.70745104922,1674.8825876779156,539.8494621389109,342.3997822884703,982.523129339359,3.193749090441676e-05,-0.1886003587531866,96,69,94.96651346407248
19302,962.754483150579,160997.8396118395,75652.09094598048,77077.24908014636,1610.8483555771527,510.55000228091376,326.19212894831435,959.3956364140904,-6.212193041687402e-06,-0.183123496424627,96,69,94.9682634607762
19303,962.7574128685064,161021.11928429911,75653.45375972739,77064.51133980202,1547.9860893901787,483.6274030906352,310.42300989708747,933.8155411067419,-2.1908187804666608e-05,-0.1726277351693951,96,69,94.97002230580136
19304,962.7751287572848,161069.17222909187,75675.80594554388,77087.31579046288,1481.6539688595221,458.8497241279838,295.5958032780327,909.3245232041809,4.156147659757183e-05,-0.1823393498707292,96,69,94.97178997589212
19305,962.7774459678158,161083.82122831608,75703.7798190955,77080.19774215709,1420.245533917623,439.3206604722218,282.1271107699722,883.7148692007468,-4.515786533527529e-05,-0.1746771228469316,96,69,94.97356644759503
19306,962.7944224388868,161098.80336109863,75666.65552630207,77072.04021826254,1358.214552237303,423.38910276218667,270.15789228034555,860.1794515556248,3.1310983560797034e-05,-0.1815220543074562,96,69,94.97535169725884
19307,962.797391442427,161139.76620362335,75690.67328760584,77079.36092793038,1302.188101761567,412.3587244416849,259.73213194173877,836.0304218039673,-5.372327791359007e-06,-0.1896502346973823,96,69,94.97714570103489
19308,962.815074946672,161157.77577541216,75674.83682125928,77079.86768755942,1245.5194736424019,402.9543550006347,250.50815772233182,813.7955544067663,-2.2636966487264967e-05,-0.1703303325411924,96,69,94.97894843487732
19309,962.817321714754,161199.7184164076,75689.46153620264,77077.28517713946,1194.1131514273584,395.37222680437844,242.24593007654767,790.0709025694232,4.189768862321848e-05,-0.1663699179493546,96,69,94.98075987454295
19310,962.834370276738,161182.67454459745,75683.90463023818,77078.87909816689,1140.9292308961158,385.91837526364543,234.48864894115832,767.2717606761726,-4.49717125190113e-05,-0.1714082440122706,96,69,94.98257999559183
19311,962.8373688757728,161251.6044309368,75688.54337493978,77100.1504020266,1092.25461366534,375.3804911157931,227.26363138842862,741.9818544730078,3.067445958411099e-05,-0.1621236668487154,96,69,94.98440877338676
19312,962.8550147286044,161247.79838670656,75662.1701324916,77087.15201673243,1042.6214532681624,361.54257952699845,220.43638738212758,716.5933736653824,-4.531375180247158e-06,-0.1547533390119231,96,69,94.98624618309408
19313,962.8571965378972,161294.9436617964,75676.97322247247,77083.90472046919,999.5599782876088,346.8249716233695,214.34700262363185,687.8637705906585,-2.3357484618986667e-05,-0.147082564647269,96,69,94.98809219968372
19314,962.8743276957676,161310.7987983381,75706.51885136426,77074.75089122553,957.6782963225851,330.11161173733126,208.76684082995052,658.9262398395513,4.22194847233252e-05,-0.1463351191072271,96,69,94.989946797929
19315,962.8773427623056,161370.75007526926,75690.98733382305,77076.74340615337,923.8227198691457,314.37518754908524,203.81398927935516,627.1634319633013,-4.477055764894144e-05,-0.1485140637048283,96,69,94.99180995240732
19316,962.8949497071952,161380.71924957828,75689.70590469561,77102.90588860057,891.8974354455131,298.687461837937,198.92282913051895,595.9149410908576,3.0028142628804656e-05,-0.1520962124395271,96,69,94.99368163750016
19317,962.8970698364316,161403.8057860162,75681.2036545642,77047.86275290714,867.3587176394067,285.784266788105,194.19371328077978,562.6262212461443,-3.689620208903076e-06,-0.1607401067964201,96,69,94.9955618273928
19318,962.9142966146504,161468.11038122408,75686.15799944478,77092.06602044072,842.1049276842969,274.08695109034306,189.1570908149588,530.8546028492274,-2.4069506371307765e-05,-0.1456224422143905,96,69,94.99745049607571
19319,962.9173092511824,161492.68701810233,75692.35525550868,77073.97270749991,820.0591336619691,265.557164980346,184.27668690663995,497.9416948838043,4.252676871801575e-05,-0.1587572735328101,96,69,94.9993476173434
19320,962.9348837680388,161520.26635963266,75676.9376095934,77097.89137227213,792.8275014053797,257.88339450502826,179.2205589270161,466.9274504237983,-4.455448183483395e-05,-0.1911468017748828,96,69,95.00125316479551
19321,962.9369377982828,161537.85342737596,75700.1886979661,77115.89779989143,764.5725340957288,252.2219679657719,174.4140974637412,434.7992137307592,2.9372258953306124e-05,-0.1745786295991548,96,69,95.00316711183687
19322,962.9542839215758,161591.57700678066,75720.03070233532,77109.80486671929,727.5369302885374,245.5562054751499,169.03902862101677,404.66461751190946,-2.8473473140686445e-06,-0.1729817829996062,96,69,95.00508943167743
19323,962.9572550163108,161621.04943821285,75708.77484407387,77111.34774327477,687.6683476553881,238.87779077496089,163.18580576954992,373.5406120873813,-2.4772798603329983e-05,-0.1791265498581473,96,69,95.00702009733284
19324,962.9748452778032,161636.65846728766,75673.01232856011,77088.47526896937,639.9687589958194,229.61346119947848,155.81272229799652,344.30809336632956,4.2819449520844814e-05,-0.1705262525325262,96,69,95.0089590816245
19325,962.9775837831444,161675.59036772294,75714.1833215205,77105.23489719794,592.3824765786412,219.2508662710461,147.19040408401634,314.01567314821295,-4.432357059499163e-05,-0.1556490366626825,96,69,95.01090635717992
19326,962.99425801363,161721.35061669,75703.36561652525,77126.46418275597,540.9142300674575,205.66281019648886,136.44540565129137,285.31624048479716,2.8707038350546613e-05,-0.1342287842059709,96,69,95.01286189643298
19327,962.9971939572448,161747.62986080657,75731.98350050637,77111.51302927165,492.3490487074014,190.30280661472352,124.05958325247047,255.19019515291438,-2.0048414550876315e-06,-0.1092431834459182,96,69,95.01482567162417
19328,963.0148375590346,161750.7636677201,75690.57998460608,77124.28947865682,440.3646170338616,170.85360599617707,109.10368715788354,225.82172459934372,-2.546713139895262e-05,-0.1196449313805598,96,69,95.01679765480064
19329,963.0174498001254,161809.97962437122,75686.08657092646,77143.34826488465,388.9394766460755,148.5874592023756,92.21225832466735,193.76901639951393,4.309744078085262e-05,-0.1331360252772748,96,69,95.01877781781668
19330,963.0341927501923,161850.2946476571,75705.14836598739,77122.19853276442,328.972640479391,121.26754116380471,72.63564723794116,161.41089644518797,-4.407791480924575e-05,-0.133692565685075,96,69,95.0207661323342
19331,963.037158285352,161873.29541550085,75713.79103569617,77099.42231093136,263.7230206086533,91.06655097164912,51.86986151410383,126.32476418543956,2.8032713284111587e-05,-0.1525988143197903,96,69,95.02276256982265
19332,963.0548091637284,161895.4216513636,75713.53896430387,77117.23527867976,187.62535460892832,58.13438844514894,30.579682051815325,92.11263532200246,-1.1623870449351465e-06,-0.1468629500076528,96,69,95.02476710155943
19333,963.057322411336,161939.3114228899,75725.12384424642,77100.40229273825,111.96581949625397,28.30187706380093,12.484482809901237,58.06229090233683,-2.6152278274493044e-05,-0.1362005696017731,96,69,95.02677969863028
19334,963.0741273627636,161970.48805724402,75682.90535702904,77119.17076635097,41.886332134890836,5.847834262138349,0.4124026064237114,29.786214070976712,4.336066152209109e-05,-0.1388057432288117,96,69,95.02880033192956
19335,963.0771308869082,162005.9615481822,75713.59586585211,77111.23354401541,-0.0,-0.0,-0.0,8.418577303295024,-4.381761007453549e-05,-0.122434738076552,96,69,95.03082897216032
19336,963.0947688491092,161994.8953985072,75728.47140737825,77107.38774833959,0.3455559585127048,16.443310113070766,14.62790876039071,-0.0,2.734951921293166e-05,-0.1126772049810099,96,69,95.03286558983513
19337,963.0971966938698,162000.68896761397,75736.22066816426,77121.86936655495,67.74121632700553,62.292236059729476,48.66397872750531,4.887278734269785,-3.202684886170333e-07,-0.1082480080470367,96,69,95.03491015527597
19338,963.1140664561292,162018.47276105164,75722.4375645409,77113.93045964764,208.3599093966768,137.11614022569847,101.492026129039,27.117723533359822,-2.6828015939678184e-05,-0.1026480028801223,96,69,95.0369626386147
19339,963.1171074754022,161924.02492900862,75722.49577186625,77103.69907164226,429.7911202759133,238.9127608303097,171.71792654850287,64.23478563359822,4.360903537461497e-05,0.045044606093605,96,69,95.03902300979315
19340,963.1347187834216,161866.9627821819,75721.49332620627,77099.99131210597,715.405211995414,357.5511083796737,252.24141434946796,116.5441409428604,-4.354275682225212e-05,0.3107404485869425,96,69,95.04109123856408
19341,963.1370718820098,161859.67330280153,75705.32901557884,77093.07224882406,1049.2401030130568,483.0566037570097,336.46834915914224,178.30469036201248,2.6657694554925678e-05,0.2741970425701764,96,69,95.04316729449096
19342,963.1540117185712,161757.1057769325,75711.69383696526,77149.67490578908,1395.5481593649602,601.1415093019605,414.3917739477474,247.55343179262127,5.212304563592573e-07,-0.2759810192440167,96,69,95.04525114694856
19343,963.157085707357,161692.81297787052,75733.79343098158,77089.06949797863,1728.7995828171843,702.5018389863108,480.0767853015277,317.6813623053022,-2.7494124424821064e-05,-0.3375888445686072,96,69,95.04734276512306
19344,963.1746597723702,161623.10512738922,75709.075159121,77107.66114011988,2015.6400319890236,778.1493366417708,527.3120296711859,386.75297903752653,4.384249163794884e-05,-0.0474350162393387,96,69,95.04944211801286
19345,963.1769485432942,161562.4207560553,75704.64381229963,77105.08631076517,2242.94252503966,826.7098331015586,556.1351063196489,449.5054913062195,-4.325346050919678e-05,-0.1085212758312214,96,69,95.05154917442886
19346,963.1939633894816,161516.54523830596,75705.55303132704,77119.95718752168,2395.7436134285526,847.5614780677715,566.3997250621615,506.28941761440365,2.595748000023024e-05,-0.0792064290293776,96,69,95.05366390299427
19347,963.197064677149,161447.8694391866,75692.18713450743,77132.69169357295,2481.3879614011385,846.2506202782824,563.2334197104792,554.499402329704,1.3618260625830542e-06,-0.0727109790980185,96,69,95.05578627214577
19348,963.2145908620806,161435.19991795663,75724.57557288543,77123.41112672552,2503.804311749467,826.8345006415911,549.4653154528351,596.5889871871914,-2.8150387186489223e-05,-0.0836422677704788,96,69,95.05791625013345
19349,963.2168302710472,161381.99019723744,75715.62970737969,77125.2986765904,2483.733489331149,796.8550702188077,530.967527872679,631.6376171943557,4.40609641430118e-05,-0.0585123074592244,96,69,95.0600538050212
19350,963.2339160163234,161351.32760065037,75703.30566650383,77149.43839456879,2431.4020960295456,760.3688745021936,509.2312433849729,663.1650345534435,-4.294983119245598e-05,-0.0640467244908009,96,69,95.06219890468758
19351,963.2370554700316,161328.93431839807,75717.06934781908,77114.06090942085,2367.6893075755215,723.7811534835928,488.1151137241977,690.486105625896,2.5249119306040048e-05,-0.0506424734687958,96,69,95.06435151682562
19352,963.2544756017428,161318.42090595304,75712.61857961351,77110.03968139176,2298.8910952032893,689.7606307995593,467.2407211581012,716.374584762787,2.2012356804086e-06,-0.0477873427932051,96,69,95.06651160894327
19353,963.2574568359668,161288.16753324863,75706.11810502445,77144.12463589743,2238.6304282826604,662.8239637848164,449.1933466485061,739.2496309987037,-2.8796591220026e-05,-0.050340480123865,96,69,95.06867914836464
19354,963.27398950069,161234.30727990158,75691.6105117812,77126.73836726656,2185.302784861473,643.4387000925781,432.88855772992247,760.873089411587,4.426439236319505e-05,-0.0301951669253327,96,69,95.07085410222956
19355,963.2769462746784,161245.90946393897,75702.77181884639,77129.9013509267,2144.767903274973,633.1920924196747,420.49773722086684,779.0770013335568,-4.263198355799319e-05,-0.0237489682758047,96,69,95.07303643749444
19356,963.2944999737816,161229.30962770124,75700.80924012838,77116.87049955718,2109.625751179352,629.4335906328342,410.47757420729613,795.2867203052738,2.4532858381543743e-05,-0.0317763278489887,96,69,95.07522612093211
19357,963.2973131038792,161248.3820770854,75685.70082071869,77147.42378977127,2082.1518068469595,630.8406528605119,404.51641898046364,807.1897431805846,3.0391769345198174e-06,-0.0196454285927121,96,69,95.07742311913356
19358,963.3139262512008,161187.1035437586,75707.96504363256,77151.49882039778,2052.9581949836574,632.7897707077354,400.1699022220855,816.6297478004708,-2.9432527152776003e-05,-0.0059016225329176,96,69,95.0796273985068
19359,963.3168978158124,161198.08172049763,75713.28191054736,77142.8054271221,2023.7989314284641,633.3557611163415,398.2123384727747,822.0555829061195,4.4452720425409386e-05,0.0001218501762076,96,69,95.0818389252788
19360,963.3344862642336,161222.37428580938,75704.06332284884,77130.86862786087,1987.222079475643,629.207886513861,395.65231188354664,826.0293045057333,-4.230003733821177e-05,0.0214271259842965,96,69,95.08405766549475
19361,963.3371861634868,161173.32935364876,75733.6074541178,77135.80222913082,1948.5233007046627,620.941194490777,393.3349053316342,827.5007714217354,2.380894601565918e-05,0.031831023267182,96,69,95.08628358501925
19362,963.3538540772388,161209.24753546942,75725.75798511128,77151.6927723316,1904.2020662450814,608.2050393153331,388.65716021941626,829.6306308428466,3.875367923821286e-06,0.0455242562924346,96,69,95.08851664953671
19363,963.3568651137148,161200.8868375442,75706.88887764644,77129.29973301472,1862.7956468557823,593.978700302192,383.2644181023352,831.6357064938347,-3.005798929271329e-05,0.0655290908878081,96,69,95.09075682455168
19364,963.374456401317,161211.32848171014,75723.08422729537,77136.05676626349,1823.537455643469,579.4857350114617,375.75875650480157,836.2882106297184,4.462589793375864e-05,0.0768337987906745,96,69,95.09300407538925
19365,963.3770634985328,161176.96307322802,75693.8031754144,77131.44904475634,1795.8426371437963,568.0062619659002,369.04587209117017,841.7347391153744,-4.195411669330011e-05,0.0823834745435482,96,69,95.09525836719584
19366,963.3937823387456,161176.9252115429,75711.72074338372,77104.87297790291,1777.5904628270073,560.1274439202389,362.42730316641973,849.7716303139459,2.3077633125387576e-05,0.0739521752355107,96,69,95.0975196649396
19367,963.3968411209638,161195.7247385192,75672.69872031547,77145.94137101935,1774.914015975024,557.7659937337157,358.86232173384633,857.6020901460724,4.709528587676128e-06,0.0439886997341017,96,69,95.09978793341064
19368,963.4144140969618,161158.43292212425,75689.45987535393,77137.84688450392,1782.3780000777915,560.1340383010102,357.24593920158804,866.3105131585908,-3.067277534027643e-05,0.0369858572137715,96,69,95.1020631372223
19369,963.4169432675078,161175.10655444887,75741.05302687227,77144.19994734919,1802.52702751389,567.5814218743617,359.63623850405565,872.7502802690433,4.478387961439868e-05,0.0130962041728286,96,69,95.10434524081072
19370,963.433713374174,161153.33214471233,75710.97420697009,77136.65039599105,1826.4611578342738,577.8145488489681,363.56508025198127,878.7086991291144,-4.1594350547441066e-05,-0.0277086133667186,96,69,95.106634208436
19371,963.4368236259126,161123.32373000972,75704.46552878119,77163.12129071295,1853.6450735305552,589.6982500402955,369.71428173035383,882.0986062554875,2.233917269259689e-05,-0.046337766418141,96,69,95.10893000418258
19372,963.4543593506852,161166.2418352017,75698.88554742775,77106.32590364949,1874.0805732993758,600.1272352835367,374.8406216094736,885.723956575268,5.541378561663711e-06,-0.057896758439845,96,69,95.11123259195996
19373,963.4568271268092,161161.2404045395,75714.17801237859,77119.24403900796,1887.4143435754231,607.7280230068573,379.4307208827813,887.894847064832,-3.127668740874516e-05,-0.0700501314022701,96,69,95.11354193550277
19374,963.473645862547,161166.8386936861,75718.6953220808,77121.49612268274,1885.3746384830447,610.0789528614696,380.52042643667664,891.5463313612272,4.4926624929341385e-05,-0.0634250777663608,96,69,95.11585799837177
19375,963.4768144415368,161139.97328078878,75706.27402755605,77147.03917677204,1870.485464298341,607.0684340434527,379.23556772078155,894.1184956920624,-4.1220872330892825e-05,-0.0630766814417377,96,69,95.11818074395435
19376,963.4942869214062,161164.28154325337,75687.9694731224,77154.92200093342,1839.0457811417873,598.1157542343135,373.58824196847854,897.0625609465642,2.1593820575364017e-05,-0.0589296197193836,96,69,95.12051013546512
19377,963.4967249168458,161119.5104457629,75710.78740478013,77151.25601058103,1797.7003401445108,584.6150930434669,365.3820890173374,896.1929085493321,6.3706395134939575e-06,-0.0770937757661482,96,69,95.12284613594596
19378,963.5135643751004,161160.05032437755,75721.30646674277,77139.24375114778,1745.7915910170414,566.9945964282961,352.8987666591711,892.5727099056821,-3.186953085960459e-05,-0.0691370907109112,96,69,95.12518870826771
19379,963.516843252662,161182.390287187,75712.61377976058,77131.22883097999,1690.96397209086,546.7483482605749,338.00742585316766,882.4381536341389,4.5054099329924256e-05,-0.0641275380604969,96,69,95.12753781512956
19380,963.5341177112192,161165.43633310407,75702.30233542199,77130.14414281593,1632.509286815417,524.0531481548824,319.5008490564069,868.1916851303831,-4.083381988920887e-05,-0.0873690469939181,96,69,95.12989341906048
19381,963.5373011949144,161177.16393308603,75725.91764992644,77139.59059771219,1575.805689044646,499.76678313838784,299.8816628798377,847.9807483631012,2.0841833833258905e-05,-0.0755120128950202,96,69,95.13225548241935
19382,963.5537485008954,161226.31750725224,75665.70321008483,77111.21807172551,1517.5948401707574,473.84261596988654,278.9179121636553,826.3680964691448,7.19703360665752e-06,-0.0632344034859656,96,69,95.13462396739604
19383,963.5566916757848,161278.68083809633,75686.23378085408,77157.15151684891,1460.4583347960142,447.2244790579134,259.80406491237227,802.8457261236617,-3.24511152731069e-05,-0.069749395256981,96,69,95.1369988360114
19384,963.574165724873,161264.91232661915,75716.3625044835,77119.10010270013,1400.066022034909,420.6095270087244,242.67742858247948,782.3100107446953,4.516627281337619e-05,-0.0594902321674286,96,69,95.13938005011856
19385,963.5771556115284,161299.4444406772,75683.01174485711,77105.78297628858,1339.427850307955,395.6925383950729,230.40530341718113,762.5822038256156,-4.043333554817514e-05,-0.0537274913348254,96,69,95.14176757140284
19386,963.593682822374,161313.50774296792,75699.21094865382,77147.77917069184,1276.0034745160956,373.73270997167856,222.0291417898552,746.5765731359716,2.008347234180838e-05,-0.0595599941785338,96,69,95.1441613613832
19387,963.5966340233018,161330.7973583349,75699.59585413052,77156.48994978362,1214.3451564745628,356.0399811157695,218.54219064084464,729.9103242420824,8.020284340945025e-06,-0.0500175677310073,96,69,95.14656138141208
19388,963.6141605621996,161333.1022986059,75719.63924318626,77128.8237784581,1153.625058325997,342.84972703576204,217.2364160323341,714.054845845676,-3.302125399439788e-05,-0.0442668943558003,96,69,95.14896759267688
19389,963.6170357575354,161359.1178259985,75682.80606541286,77113.47061317934,1098.7129725764971,333.7400010249694,217.71037971650367,693.7053231867321,4.5263120638881246e-05,-0.0489933275147747,96,69,95.15137995619952
19390,963.6336000133164,161382.57580478396,75723.54367267722,77133.98692382238,1048.0277714720578,327.43754308453936,216.72929982849746,671.3836648858269,-4.001956627377138e-05,-0.0443349751096334,96,69,95.15379843283831
19391,963.6365991083222,161412.4289204137,75729.5969774596,77151.47342025886,1004.2309000247042,322.41777864798496,214.1525963015738,643.6320474898384,1.9318997470721028e-05,-0.0414672503256763,96,69,95.15622298328786
19392,963.6541351515,161473.16274058504,75733.58109665597,77114.38786694409,964.2818531056982,317.3963017218048,208.1671346516232,615.100782789319,8.84011670293819e-06,-0.0439535949390154,96,69,95.15865356807976
19393,963.6569235334554,161497.15386145873,75700.60664984389,77140.84197764074,929.7271102331579,311.44886345807754,200.3408522256941,583.2883773519134,-3.3579764583818165e-05,-0.0375162105988499,96,69,95.16109014758396
19394,963.6735121804542,161494.60581291205,75709.49091105923,77153.89526881723,897.5751030230313,304.5391387125128,190.40604072631686,553.6773207555525,4.534462388193911e-05,-0.0345495306004579,96,69,95.16353268200815
19395,963.6765792482706,161551.22912900522,75715.247186504,77136.32312942397,869.3093793769949,296.7177136710234,180.53516304513323,523.4804687434225,-3.959266298367396e-05,-0.0396233350321731,96,69,95.1659811314
19396,963.6940923958412,161580.76336525977,75707.15467239311,77158.35205993814,842.5207495577633,288.59485803170537,170.58703317982145,497.2655009542941,1.854867251936785e-05,-0.0419153177404165,96,69,95.16843545564667
19397,963.6968188813136,161604.1236499621,75709.08735359136,77136.89777632499,818.1951622294728,279.96905403495475,162.1520334944653,470.4533885459823,9.656256992459857e-06,-0.0404950849387157,96,69,95.17089561447608
19398,963.7134185127162,161627.09286371685,75689.2639243751,77139.09268560469,793.1488180885208,270.9821686112555,154.44149477043538,446.9708506944298,-3.4126468705996126e-05,-0.055320391646753,96,69,95.17336156745752
19399,963.716577632005,161650.98985249782,75707.91580936477,77157.91966460722,766.8466739846044,260.77077927785285,148.24988152386504,421.9017107517575,4.541076781817458e-05,-0.0484818083027685,96,69,95.17583327400236
19400,963.7340238594816,161666.78226711662,75700.4944883357,77121.50996969487,735.9944581635064,249.43664784915745,142.5250498105015,399.3854488103534,-3.915278149557545e-05,-0.0380620806783695,96,69,95.1783106933645
19401,963.7367364307364,161722.88654067722,75714.23599138555,77121.06141690238,700.6085406775237,236.4721354713547,137.7475728279387,374.4444564668811,1.7772762597117838e-05,-0.0495315266150413,96,69,95.18079378464184
19402,963.7532958796083,161711.92282467234,75706.96604115592,77141.82395836752,659.6565668620169,223.0577799898747,132.79708795115585,352.1490738046705,1.0468432816534784e-05,-0.0402175877356498,96,69,95.18328250677608
19403,963.756637674449,161778.60705886647,75705.89706812527,77166.66277920951,615.4122478519566,209.51335651954287,127.83883460989455,327.81617901151185,-3.46611918134708e-05,-0.0508929698244812,96,69,95.18577681855416
19404,963.7738265303852,161771.6642722585,75717.63624440168,77140.22860798756,569.3597220917582,197.32575169127085,121.76424375458737,306.0593733198184,4.546154359106806e-05,-0.05258447805054,96,69,95.1882766786086
19405,963.777156474072,161805.35843375445,75706.04441680461,77140.99529220408,523.9898906313465,185.86139621265465,114.46953199233394,280.8557923724584,-3.870008129815091e-05,-0.0582324920825908,96,69,95.19078204541852
19406,963.7936844869176,161858.60169906117,75730.02806607242,77141.0082621372,479.42106137401424,174.96043430879945,104.9028339428769,255.98363457986852,1.699153430509605e-05,-0.0624442416690288,96,69,95.19329287731055
19407,963.796435722006,161872.43881307554,75727.83205796062,77156.25117910145,434.38382266729604,161.8308252049901,92.94033388354,224.62152948911535,1.1276373596768512e-05,-0.0492303779920393,96,69,95.1958091324588
19408,963.8138955239745,161920.57756298775,75713.47210641362,77130.21804477426,385.4684874598752,145.057826489734,78.10113737545907,191.48228736268356,-3.518376431878671e-05,-0.0323342168508828,96,69,95.19833076888672
19409,963.8170202830938,161907.82905299476,75724.15963891303,77129.00554468787,328.6986229137401,121.78451227788173,60.95919782851706,150.68983447298524,4.5496947674001616e-05,-0.0050202389942245,96,69,95.20085774446706
19410,963.8336132006544,161965.143490209,75692.46753601363,77139.55470778493,261.7446871671127,92.87532411968277,42.337623737723334,110.03209911801969,-3.823472630344315e-05,-0.010102545160917,96,69,95.20339001692292
19411,963.8363606662982,162035.44977723484,75730.90581638808,77131.72129812112,185.30365827906644,59.564563038991764,24.08164756052429,67.25238533262745,1.6205256174043778e-05,-0.0197330392839219,96,69,95.20592754382872
19412,963.853902547034,162097.55693850524,75733.13469372648,77145.6181796502,106.72374948160723,28.224258317801286,8.832151611626614,33.67459164161119,1.2079810235872157e-05,-0.0165559464111742,96,69,95.2084702826109
19413,963.8569129599372,162127.8656893785,75728.58118170193,77155.19760796346,38.442566756217275,5.070691899425583,-0.0,7.66676521251793,-3.5694019842834326e-05,-0.039742543977618,96,69,95.21101819054846
19414,963.873520857612,162108.66197695606,75716.44974353089,77135.1477652279,-0.0,-0.0,1.7816407613863703,-0.0,4.551698103273097e-05,-0.0231338167198077,96,69,95.21357122477411
19415,963.876310114516,162112.18119260832,75758.45759680176,77160.44453768704,11.069107162358705,19.389373321726453,17.872959617350716,6.478178106073756,-3.775688463603025e-05,-0.016902685980824,96,69,95.21612934227488
19416,963.8938923292612,162062.0139421832,75734.12594222334,77150.35704061712,91.10171765816631,69.50263203287614,51.44175108568743,34.44949088303838,1.5414197795407405e-05,-0.0344050357504263,96,69,95.21869249989332
19417,963.8968097207176,162038.15694262332,75709.92378723668,77150.90074575267,248.89018311165273,148.99280895100674,102.74372087456868,74.8424696502043,1.2878475591387523e-05,-0.0387939106483739,96,69,95.2212606543275
19418,963.9134240643784,161995.72942879098,75709.30314295487,77175.00982093402,484.9038236764609,254.53314404317643,170.02247982050176,132.06265899422579,-3.6191797194703885e-05,-0.0605328298818164,96,69,95.22383376213298
19419,963.9162731997244,161915.08827161038,75733.81777216069,77162.06503962087,783.5393848193926,375.17908092994185,247.497058655601,195.33344134013169,4.552165057649967e-05,-0.0441605075513384,96,69,95.2264117797226
19420,963.9338709413402,161889.03034485463,75729.95286927106,77162.07562657217,1122.621692091052,500.7563407616108,328.3629246381752,268.79039614996873,-3.726672838242163e-05,-0.0317990656517176,96,69,95.22899466336808
19421,963.9367062940246,161790.09428498708,75751.00685893699,77121.36606310483,1469.8552941778908,617.3947266304749,403.639424971916,341.0829318778706,1.4618630485431478e-05,0.0216478118876204,96,69,95.23158236920048
19422,963.9533272608116,161676.1171561979,75706.71882455666,77166.4069704777,1797.6662862537778,717.0506038063759,466.81367373876856,417.6346292622329,1.3672104199392693e-05,0.2474746719453018,96,69,95.23417485321085
19423,963.95624668116,161689.7239521798,75723.51645079406,77120.07046364425,2078.83281782869,791.5486881866964,512.074896000122,488.6182746743434,-3.667693910739901e-05,0.4498732082857843,96,69,95.23677207125212
19424,963.973839223493,161572.77152323842,75752.66904096765,77145.91749948423,2300.0071279619006,840.4805251077487,538.5423962741916,560.9146788901999,4.55109679272015e-05,0.0940123205609588,96,69,95.2393739790386
19425,963.9766024348968,161502.38694970377,75722.77715463987,77108.58785130872,2451.7575233619427,862.8770089774916,546.4734524991654,624.7037222800427,-3.676443374564548e-05,-0.3447724902434869,96,69,95.24198053214776
19426,963.9932317561452,161468.41497833928,75690.14653611032,77134.76135168197,2539.3971956990426,864.5433941677038,540.7603459535458,687.9133502806653,1.381882634884452e-05,-0.0908212191798001,96,69,95.24459168602104
19427,963.99622967942,161420.86434043813,75713.45913077657,77152.24076502147,2568.338801438571,848.6620139355655,525.4330612981867,741.4744175306987,1.4460432469859065e-05,0.0006633007583815,96,69,95.24720739596418
19428,964.0137959395652,161352.30726290628,75688.8365801187,77138.28974599384,2554.2327656505513,823.3034878317703,506.9895273328293,793.7466498543508,-3.714929283685253e-05,-0.0617934502132437,96,69,95.24982761714888
19429,964.016500125235,161340.51273300636,75708.10180286947,77122.81895577928,2507.1114872971666,791.9393494448013,488.40056925223325,835.0743138651596,4.548495010244617e-05,-0.0024340375112954,96,69,95.25245230461329
19430,964.033136531726,161269.0259549248,75694.112284273,77135.5296566302,2444.246699800133,762.0342492125055,473.7592806944158,874.8917350065021,-3.625018072740469e-05,-0.0465574036622033,96,69,95.25508141326276
19431,964.0362236675644,161239.67688921667,75702.63054862515,77164.00485703546,2374.0687740194844,735.2806876783725,462.6550815607188,904.7821756054764,1.3015059283755817e-05,-0.0376003427535812,96,69,95.25771489787108
19432,964.0537370397948,161230.44275929598,75728.67408271038,77133.82017880036,2310.5500574173057,716.4964363258186,456.1574417131487,935.1207342684793,1.5243198996870136e-05,-0.0114901804749723,96,69,95.26035271308128
19433,964.0564052344812,161240.65647115523,75708.4976686721,77163.61570143417,2256.4581483370275,703.8683175762271,451.48364930337993,957.2831676774076,-3.760871002287733e-05,-0.0141062566480377,96,69,95.26299481340656
19434,964.0730352601046,161209.25609578393,75701.71167096737,77137.29406395752,2219.691335412499,699.0433589397289,448.9717341196956,982.3998636919714,4.544361917510335e-05,-0.0142877271889654,96,69,95.26564115323129
19435,964.0762374643336,161166.0023022113,75687.85188938383,77131.74052279051,2195.6383344664937,697.4149696827371,445.968571121135,1001.8074768193183,-3.572415345468928e-05,-0.0084235990538113,96,69,95.2682916868116
19436,964.0936472324018,161140.23146423645,75704.66724991906,77121.72373125097,2185.0409427077975,698.7920331249916,443.5622283887933,1025.4934924385452,1.2207603911426824e-05,-0.0045807999336321,96,69,95.270946368277
19437,964.0963426338468,161133.9993325954,75684.16853395963,77116.75203609443,2176.906771694601,697.8560230501607,439.63777011213824,1042.7681577697513,1.6020144461112068e-05,-0.0183697118605777,96,69,95.2736051516307
19438,964.1128862329458,161149.53835785217,75690.53287787254,77120.33271165394,2169.255962710944,695.4816531836404,436.00246736229747,1063.1959288988728,-3.805504693783186e-05,0.0010201245531966,96,69,95.27626799075084
19439,964.1163598706372,161135.058651774,75696.40669315,77133.66642855288,2151.4191311096656,688.3223171040736,430.8857697803469,1076.0173276025453,4.538700243231916e-05,0.0112634643359218,96,69,95.27893483939135
19440,964.1331945648928,161105.36421432009,75678.42644037434,77129.37745170284,2124.7668381149415,679.3588184252148,426.2678146434482,1090.220846532291,-3.5186539515556625e-05,0.0017152179104138,96,69,95.28160565118304
19441,964.1356327788948,161102.06732184792,75707.77344140703,77105.2276469976,2083.812613065471,666.9746585846733,420.3742559401435,1095.1450657782261,1.1396736007770452e-05,0.0265608400795046,96,69,95.28428037963457
19442,964.1530049442,161070.3404769076,75674.15418270403,77134.40729177641,2037.0294413552037,655.648936231868,415.6288985455467,1102.4439865729073,1.679101175001644e-05,0.0397645876769754,96,69,95.28695897813316
19443,964.1562419229816,161090.92393599774,75716.7414163824,77144.63235252857,1984.0690298588015,643.7634948274499,410.1071922639676,1102.2308754798432,-3.848816435734401e-05,0.0469082250113778,96,69,95.28964139994616
19444,964.1731236937728,161163.03434847586,75669.72270990204,77116.7908461656,1937.1118728952133,635.2439016642602,406.12616156582953,1107.021241488983,4.53151322925108e-05,0.0603790198003865,96,69,95.29232759822128
19445,964.175528518587,161109.82007004056,75735.66264858414,77142.86350685952,1896.8667267312994,627.6797942447447,401.50328289327445,1107.5178203435498,-3.463753043689901e-05,0.0721979313149145,96,69,95.2950175259883
19446,964.1930138373076,161118.62992929234,75703.74968611765,77137.20566223508,1874.4790470441221,624.474138681122,398.55540899862535,1116.6039864332415,1.0582732357311229e-05,0.0945908812061892,96,69,95.29771113615942
19447,964.196167164522,161073.06772028853,75711.63178533176,77113.22829727216,1866.1192611566512,622.4014821751043,394.8005622441706,1122.7392784197873,1.7555545802698892e-05,0.1062385455946103,96,69,95.30040838153072
19448,964.2130224772015,161104.12657495443,75700.99498397874,77134.8075145534,1877.2197577934712,624.4258289577847,392.6602747612051,1136.5431846013526,-3.890792745549912e-05,0.1074455642249524,96,69,95.30310921478345
19449,964.2154506048928,161095.54057805272,75691.27741389285,77128.00453922323,1897.8462213554885,627.1939948720828,389.9633439259196,1145.1707567004196,4.522804622668875e-05,0.098471005678046,96,69,95.30581358848389
19450,964.2330105336904,161078.81234249173,75668.6309999926,77133.86414823445,1928.6201985708321,633.695821602887,389.6046272846288,1159.1305085708154,-3.407732164542827e-05,0.092719835851941,96,69,95.30852145508578
19451,964.236094023111,161062.44437757297,75690.55881361045,77116.09185382968,1955.605198475183,639.8514256770286,389.1449322126864,1164.4885383380752,9.76587017637242e-06,0.0698985475984512,96,69,95.31123276693044
19452,964.2529141496424,161107.76548553156,75700.87309036544,77134.97491662101,1978.589532094251,647.7201988027082,390.97123293668847,1171.784123353369,1.831349435710018e-05,0.0359852501717736,96,69,95.31394747624812
19453,964.255385818022,161070.97007912517,75699.6071575943,77139.50947044106,1985.810724363604,652.280187731114,391.8852355579438,1168.3727956632501,-3.931420628347652e-05,0.0058233581349269,96,69,95.3166655351588
19454,964.2730024880124,161085.79930980757,75718.55284887274,77165.62070919429,1981.7405764195137,654.9753022713121,393.6021337417769,1166.5726025016338,4.512578699707983e-05,-0.0366197117717021,96,69,95.3193868956738
19455,964.2760166293772,161117.52743202448,75661.85609163209,77156.13028032405,1958.9907564490568,650.355463051892,392.0672251158394,1153.7528464900097,-3.35061118614578e-05,-0.0655618802557867,96,69,95.32211150969616
19456,964.2928040702952,161144.5359997573,75691.00962865117,77154.71681254446,1926.325564497034,640.590402960559,388.8471505402704,1142.7129754943016,8.946427799972588e-06,-0.0581759097114982,96,69,95.3248393290222
19457,964.2953309607576,161133.85032203887,75703.50493648695,77182.81393882216,1879.3440493872622,622.0755011606088,380.46808983539813,1121.9979178725334,1.906460698591816e-05,-0.0639423057710258,96,69,95.32757030534223
19458,964.3129908676294,161157.30389034483,75691.50730619991,77146.54604571787,1828.258754536917,599.3805688165594,369.73630242655054,1105.4685243624845,-3.970687554274165e-05,-0.0809168872776365,96,69,95.3303043902419
19459,964.3159334024854,161200.83016207116,75697.52016425027,77155.86583358468,1767.661393952847,570.7156548389612,354.34838564609527,1080.8366465019353,4.50084021766418e-05,-0.0749673399638851,96,69,95.33304153520317
19460,964.3326947708048,161232.14997085865,75686.1568236533,77114.00056518787,1706.7221317053773,541.9904256758164,338.5209487496177,1061.6732620076218,-3.292410330144771e-05,-0.0614794019498087,96,69,95.3357816916052
19461,964.3352846386576,161268.6137662153,75735.51550128302,77122.3813643654,1639.3174213338061,511.94200195069425,321.0988347818202,1036.00182622805,8.124684060652028e-06,-0.0659001169441922,96,69,95.33852481072572
19462,964.35297544666,161283.94674644305,75702.5184998736,77158.39952041075,1574.3954283365165,486.01095426938264,306.73894380620914,1017.2702696533233,1.980863640689364e-05,-0.0599543599815304,96,69,95.34127084374217
19463,964.3558439905746,161304.80472831568,75721.52227148478,77169.32572911138,1505.0543872299604,461.41460560890846,293.4541067601531,991.6507110526727,-4.0085814225529454e-05,-0.0595841671681853,96,69,95.3440197417322
19464,964.3725879335192,161304.28889906313,75722.35474800471,77149.61152642242,1440.5704760092194,442.2030202764872,284.60241814755136,971.8474952359684,4.487594477854824e-05,-0.0586975474944104,96,69,95.34677145567584
19465,964.3752459049018,161387.64596952705,75732.11724136268,77161.34946516264,1374.942856506037,424.6029147908557,276.70258088808623,944.504090614093,-3.233150217891863e-05,-0.0459079957186624,96,69,95.34952593645536
19466,964.3929555835018,161382.25038535448,75742.38261843188,77156.3354628104,1318.2226911410107,411.87120379920816,271.7415870298282,922.7686222083285,7.300918282196218e-06,-0.039676552747377,96,69,95.3522831348576
19467,964.3957485802398,161435.45264847702,75734.25394030572,77160.4608578568,1263.6836027568788,399.3047161457798,265.1229052080307,892.4756313369726,2.0545337541156203e-05,-0.0451819029212527,96,69,95.35504300157376
19468,964.4124848655256,161474.87104126092,75714.24728159224,77152.73972917648,1220.4809483230347,389.8119559380866,258.9205484694685,867.2046925596369,-4.045090676105987e-05,-0.0611126907394088,96,69,95.35780548720194
19469,964.415213899385,161479.1542333865,75711.56349862271,77160.79302188175,1180.283556313254,378.865907490821,249.67856323477463,834.028819289495,4.472847261484957e-05,-0.0795931007108024,96,69,95.36057054224727
19470,964.4329305253964,161519.9401145651,75714.07154941611,77156.1658589978,1149.8458655202994,369.76008962916967,241.06511892660637,807.0770766843343,-3.1728517408939666e-05,-0.0706208405630875,96,69,95.36333811712338
19471,964.4356476692984,161577.12767565242,75728.3445989404,77186.5859849736,1117.8581919221906,358.33453088480746,230.83425921341404,772.5199878944259,6.4754104088504045e-06,-0.0562502797181283,96,69,95.36610816215348
19472,964.452386642582,161607.07975068383,75703.27363750337,77171.7171817499,1090.186442150327,348.7984011702938,223.49069839934236,744.7712488593243,2.127446810903765e-05,-0.0695862155946144,96,69,95.3688806275715
19473,964.4551877315796,161609.58729245592,75717.56933919011,77146.59408580879,1056.6116677715909,338.01471463432244,216.71133019262925,710.8458800203225,-4.080204196644764e-05,-0.0703135721579777,96,69,95.37165546352372
19474,964.4728995341696,161698.86663421555,75710.67963593222,77171.20343861623,1025.1218730309047,330.5933914733323,213.80741588003002,684.9483320063446,4.456604831292775e-05,-0.0655035522226371,96,69,95.37443262006884
19475,964.4755419683106,161702.42011475636,75762.96051069857,77186.7525954068,987.3655843635206,322.8841997836571,210.5629747521889,652.4867041939287,-3.1115361681681074e-05,-0.0764998546750242,96,69,95.3772120471802
19476,964.4922941552534,161761.85843628517,75754.7357731176,77173.53640078232,953.6340542235994,318.7973457072658,209.02942230374902,627.4205477435607,5.648440276094386e-06,-0.0901407951740661,96,69,95.37999369474645
19477,964.495166443222,161746.52779219314,75741.83814714276,77162.1998923255,916.9014472846175,313.8368094789912,204.69104474619962,595.6408278250892,2.1995788729510684e-05,-0.0916657164502054,96,69,95.38277751257276
19478,964.5128619502278,161803.22527529844,75736.04625732754,77180.75024002611,886.8442320166505,310.85833602483035,200.0362629861629,570.8677210046735,-4.113911339988811e-05,-0.0810551185739698,96,69,95.38556345038184
19479,964.515432345396,161843.80794141057,75744.60490039302,77196.7457361995,854.0764723526081,304.4756370882533,191.40881596808322,538.1004841612012,4.438874014294448e-05,-0.0916184362361207,96,69,95.38835145781596
19480,964.5322081211642,161858.48339372073,75719.84768947147,77179.59359370008,826.5473005120875,297.67369646640145,182.6336145994428,511.923193606257,-3.0492250934631383e-05,-0.0889804004248236,96,69,95.39114148443666
19481,964.5351490029188,161929.46312525024,75734.97430238844,77185.2689178979,793.7892103429185,285.93429656165245,171.15350259284605,478.59133188286796,4.820288530142225e-06,-0.0791217018887705,96,69,95.39393347972738
19482,964.552817230352,161965.81714775966,75758.60872074499,77199.07257316611,763.071830031462,273.23471183833317,161.08146043217857,452.46443666281994,2.2709062614880856e-05,-0.0857304516722286,96,69,95.39672739309378
19483,964.5553197872656,161978.1068928238,75744.73713354414,77182.58638060109,723.9343591921497,256.0642945170548,149.52992237053695,418.4487132107606,-4.146201960388019e-05,-0.0758143775691511,96,69,95.39952317386536
19484,964.572129085055,161999.97321488734,75735.28989363127,77171.74884133232,685.6629125518957,239.72493927911273,140.43777652457356,391.0105465615925,4.419662049179837e-05,-0.0681646723706825,96,69,95.40232077129627
19485,964.5751343156336,162064.53149110044,75733.79354331773,77181.30198351645,640.341676811222,221.66028242035827,130.80545585710206,355.56208225831506,-2.985940418018538e-05,-0.0746475593552147,96,69,95.405120134567
19486,964.5927649719129,162079.12292826126,75742.04157120238,77178.02459566921,598.6293135672458,206.96985000008135,124.12632885956555,326.11817430719384,3.991235449507689e-06,-0.0721560337596317,96,69,95.40792121278515
19487,964.5952053666248,162133.7914897562,75753.66009961434,77198.92079657881,552.2437478579232,191.81454579500132,116.6514718181279,287.4935198833409,2.341405623831265e-05,-0.0626046720058387,96,69,95.41072395498722
19488,964.612057415188,162185.1496581366,75771.60334876191,77189.06096195983,510.61015706305625,179.6034366429667,111.14338011018117,254.99412089539692,-4.177066379343081e-05,-0.0703743020419306,96,69,95.41352831013909
19489,964.6151212399776,162198.10907444148,75722.57268773034,77210.54637443733,462.6650237549911,164.51862204547797,102.94874667873955,214.76082925056107,4.3989767467164806e-05,-0.0622512187959719,96,69,95.4163342271378
19490,964.6327049285662,162276.51716002333,75751.50937413723,77185.0862680613,413.98016096506035,148.08384301040496,93.80433031500434,181.78967929258943,-2.9217043240373598e-05,-0.0554671474244561,96,69,95.41914165481252
19491,964.635090212152,162323.6377941003,75757.44019232395,77184.83083813642,351.03057957685087,123.973230386051,78.807018767111,141.4170328102191,3.1615623275141915e-06,-0.0686934443651512,96,69,95.42195054192612
19492,964.6519932999204,162325.31504236322,75754.82909931487,77182.72761076168,281.2740113976761,95.75565657488187,61.09594810628914,109.5179239428835,2.4110538763738583e-05,-0.0435881905270464,96,69,95.42476083717573
19493,964.655108609826,162400.25781741578,75730.06720715211,77172.03537216564,197.25305627292255,61.41091969014087,38.661149197636405,72.50601368199568,-4.206495447607378e-05,-0.0463510736947602,96,69,95.42757248919492
19494,964.6726370195696,162366.56877144726,75731.75191866307,77182.20069649014,115.60961890697945,29.980814698690665,18.333920222969027,46.42698424635455,4.376826366261634e-05,-0.0693745805479455,96,69,95.43038544655413
19495,964.67497547961,162446.96173583626,75796.21356300874,77209.3622915057,40.34313463891158,5.070701731267036,2.0935877362207975,18.350358972820686,-2.8565393631755705e-05,-0.0653597626699664,96,69,95.4331996577625
19496,964.6919367462756,162478.96030417676,75775.90541190408,77232.92603765267,-0.0,-0.0,-0.0,6.699220342648914,2.3315487600344026e-06,-0.07309990920923,96,69,95.4360150712687
19497,964.6950952582888,162479.73593014,75752.59348270955,77202.62345368827,6.321049526100978,19.157466412638314,14.75275680530467,-0.0,2.479828217218585e-05,-0.0732619660901997,96,69,95.43883163546244
19498,964.7125613338236,162484.39547171045,75760.4026318942,77204.33975304934,87.55487559287576,71.89203527240898,53.381553353741765,15.496992275642697,-4.234480516891795e-05,-0.0657036058374476,96,69,95.4416492986758
19499,964.7148623236912,162433.41803636242,75763.03158416398,77198.70422583033,246.17544566869037,154.716025341957,112.38528599173878,39.428836336155655,4.3532196557055065e-05,-0.0682504480632761,96,69,95.44446800918428
19500,964.7318875814976,162426.98325724265,75753.03726576545,77203.18295996347,493.1970833162195,267.0436098026985,190.92229405240505,87.23863362250268,-2.790468319632973e-05,-0.0722615781427719,96,69,95.4472877152081
19501,964.7350800427008,162332.43150271164,75729.83213141204,77164.56085375573,807.5091290376149,395.3327645496465,277.8001889323932,142.30746956611983,1.5014762478143231e-06,-0.0630694001757041,96,69,95.45010836491394
19502,964.7524781291736,162271.8865808224,75743.34100225485,77196.3622282572,1174.7613064788166,531.059519897346,366.70417494437424,215.99815257932642,2.5477063364435057e-05,-0.0505542170576924,96,69,95.45292990641536
19503,964.7547518706122,162233.9372028584,75722.0768316032,77171.84182459948,1553.757221972337,657.2429492892261,445.21930456059636,288.8997219904559,-4.26101325302357e-05,-0.056094577279376,96,69,95.455752287775
19504,964.771845458044,162164.09617975267,75770.04191727642,77195.49405521093,1920.7962482704897,767.1501384727017,510.2872987051087,372.25248875984107,4.328165958865134e-05,0.0004891827161739,96,69,95.45857545700538
19505,964.7750618695216,162077.60111354903,75750.30601325956,77164.13538963867,2236.8741571930004,849.4724675682373,555.5795446699194,446.96785952567006,-2.723514214401925e-05,0.2268642232374115,96,69,95.46139936207028
19506,964.7923878275363,161973.21863741876,75701.51424414683,77154.30855703531,2490.591659811267,905.0838311127591,584.6934133716859,524.3895434462174,6.716243301492527e-07,0.3781502144572702,96,69,95.4642239508859
19507,964.7946451915902,161922.0549872545,75716.98070798021,77192.96405904481,2662.741334991064,930.8264029753627,597.0712085635168,587.0654202275036,2.614665910785867e-05,-0.038172589257686,96,69,95.46704917132256
19508,964.811809862468,161883.14408961046,75757.4625063907,77177.03467089662,2764.5987164758844,934.8140802588896,599.9927066774108,649.7813224933052,-4.286086289472941e-05,-0.393242455508244,96,69,95.46987497120554
19509,964.8150397181568,161888.6654700413,75736.7039551562,77173.20731801064,2796.399834786309,918.8160374627478,593.8643858870782,697.3487109051785,4.3016746398068334e-05,-0.1151405935004255,96,69,95.47270129831703
19510,964.832291006466,161803.88153350257,75716.07739723002,77202.41018187797,2782.475154032116,893.3158343605319,584.6976938969456,744.9985584185051,-2.655700783778373e-05,-0.0679775279915085,96,69,95.47552810039664
19511,964.8345432772244,161788.42158309597,75763.75381361585,77165.84227731607,2729.9360370986396,860.7584409137926,570.9867093408538,778.1683432674326,-1.5772917497339797e-07,-0.109525456323293,96,69,95.47835532514348
19512,964.85178012859,161723.79474399408,75749.43113187856,77182.65301442449,2664.7538158464595,831.0018154466525,557.1447186058504,813.5491074734309,2.680685150012305e-05,-0.0585091981898099,96,69,95.4811829202168
19513,964.8550126622404,161698.14030084125,75715.95706016666,77159.28798156766,2590.552234521194,804.2581058337091,540.5755404153606,836.7590562900587,-4.309692086996973e-05,-0.0828625511183466,96,69,95.48401083323812
19514,964.8721883882882,161717.24444167296,75723.47558985841,77168.30787834253,2526.574901297223,786.8177248783177,525.1468542114017,863.7796684896166,4.273756553949853e-05,-0.0686491462313731,96,69,95.48683901179182
19515,964.8744470122166,161677.83351965738,75738.76776391701,77168.77843170089,2469.1759157279157,775.0319578858034,508.5189255241712,880.6544332830817,-2.5870507467342207e-05,-0.0658750282159776,96,69,95.4896674034268
19516,964.8917554561464,161701.7594676804,75705.24942286737,77166.95961411665,2430.9234249134315,771.6825452089834,495.0828725171159,904.6374877448834,-9.8629517751534e-07,-0.0662051507895112,96,69,95.49249595565804
19517,964.894979886253,161675.96755920738,75743.97122725073,77161.60270061945,2401.298837159702,770.1344513769582,482.5367360781529,921.0257737650245,2.7457433716573694e-05,-0.0534912285645714,96,69,95.49532461596748
19518,964.9120808293696,161649.76589727314,75717.42217358749,77188.80577834255,2386.713821830228,771.3600396166294,474.6735208128521,944.7857210035436,-4.331823695521679e-05,-0.068309394242103,96,69,95.49815333180568
19519,964.9143571480868,161636.37760040315,75727.92552824804,77166.00220842764,2372.8958198698238,768.8131153849972,468.5130086807476,959.8205332862271,4.244421924176223e-05,-0.0907968528494477,96,69,95.5009820505933
19520,964.9317349381472,161595.15010837102,75709.23886055469,77167.39673390443,2365.1674082232057,765.0510736485594,467.0510240699514,980.902125652472,-2.517589349666236e-05,-0.0876819705595153,96,69,95.5038107197221
19521,964.9349406921938,161637.72404560389,75741.09236810009,77152.2813002009,2349.415288036107,755.4597228189668,466.18616947249393,990.9608170363063,-1.813815463156518e-06,-0.0787059128278566,96,69,95.50663928655652
19522,964.9519693158971,161598.95918750882,75734.30136987702,77164.79203791673,2332.6551822319743,744.4459879871574,467.7642728975625,1004.1299246623821,2.8098169598233827e-05,-0.0739211938872899,96,69,95.50946769843502
19523,964.9542742663716,161591.5251527804,75722.10920036698,77150.31964306843,2304.4577514749835,729.2059230272862,467.27056122536305,1004.8991246054939,-4.3524772795291584e-05,-0.0630771381024307,96,69,95.51229590267133
19524,964.9717176072108,161654.95097830368,75739.6452611535,77178.9087880553,2276.3116675628116,715.4393810121255,466.8662245357991,1010.1239752287511,4.213680441030721e-05,-0.0687408970248366,96,69,95.51512384655628
19525,964.9748944816732,161604.29940311084,75733.39711123348,77202.81533255165,2240.684107722598,700.5032945993735,462.792574683117,1005.224108090857,-2.447340547606572e-05,-0.0513256044643465,96,69,95.51795147735837
19526,964.9918549860948,161645.2901629365,75691.96450170844,77192.21712776736,2210.570039416838,689.5732102073816,458.3718620419095,1006.9966782825068,-2.6399885090692334e-06,-0.035530598578884,96,69,95.52077874232596
19527,964.994198706082,161629.24329206604,75709.22857548884,77166.18081590493,2179.3573867177474,679.5706159041292,451.49198521196377,1001.490341030265,2.872889643836196e-05,-0.039999467127556,96,69,95.52360558868818
19528,965.0117025372354,161640.36888029042,75707.15943160966,77184.9719393635,2159.9846170920646,675.3006352011871,446.83270722362795,1005.9560908911517,-4.371641050968064e-05,-0.0401633840248062,96,69,95.52643196365658
19529,965.0148406612705,161663.71196106006,75725.98461844595,77155.39652207676,2143.669387412956,672.9331616190029,442.63451483266545,1004.665039949381,4.181550222078325e-05,-0.0378288819307958,96,69,95.52925781442642
19530,965.0317392531128,161632.32960291466,75739.23575173118,77180.01380378297,2140.472086936701,676.4553421610617,442.9587763417221,1012.7487596995488,-2.376323604010954e-05,-0.0329338555853454,96,69,95.53208308817771
19531,965.0341303485992,161655.3218649356,75713.82492429951,77181.58663472648,2139.3685716677574,681.4811678778788,445.00639721908374,1014.0119854939403,-3.4645185930232325e-06,-0.0338004435003538,96,69,95.53490773207726
19532,965.051689158474,161638.5952366364,75706.90465324248,77193.08219198544,2148.566984620993,691.3184455781447,451.3724748211098,1023.7980348191631,2.934937854030973e-05,-0.0445220171447467,96,69,95.53773169327968
19533,965.0547782307658,161669.66352247997,75725.74419221164,77195.31173133144,2154.603259953088,700.3612743619597,457.5199101752951,1024.7997478201287,-4.3893187574067526e-05,-0.0627992025645653,96,69,95.54055491892886
19534,965.0716244025564,161634.4810165302,75722.57285744394,77174.34598403286,2164.200464949943,710.845793066037,464.6842088616977,1031.8043771172233,4.148029287935149e-05,-0.0796737706245905,96,69,95.54337735615952
19535,965.0740676612984,161663.62961052576,75744.08825194396,77176.20746895531,2164.3299562276807,716.9149958890193,468.0029395852471,1028.823569078988,-2.3045799961347016e-05,-0.1162491666405605,96,69,95.5461989520984
19536,965.091678784186,161655.76124646963,75724.10965320702,77172.1163371866,2163.199101827573,721.1934078981867,469.1324462048942,1032.1794948815077,-4.287285694392008e-06,-0.1654818239363806,96,69,95.5490196538656
19537,965.0947033061154,161678.42694907184,75715.58951500295,77190.26523500985,2148.671232684399,718.3763960686338,464.0589922561485,1025.4878290465858,2.9959318799076692e-05,-0.2044952637050772,96,69,95.55183940857646
19538,965.11151792639,161672.62877117915,75724.13756960379,77182.8775052018,2130.13961785601,712.1054154654994,455.77473837762955,1024.754405855434,-4.405504465091952e-05,-0.2138942020388319,96,69,95.55465816334264
19539,965.1139993396704,161696.01699684092,75711.30072953759,77174.19688516716,2097.1263241366833,698.5113216992322,442.0588420476706,1014.3646881902823,4.1131457170217e-05,-0.2189487593550848,96,69,95.55747586527342
19540,965.1316930520234,161734.1234726254,75722.49293186235,77189.68749096268,2060.258472239948,682.4067577025271,427.3676769013109,1010.6434269454621,-2.232104412505261e-05,-0.2194496381738516,96,69,95.5602924614774
19541,965.134555030526,161717.8584848593,75732.53822234768,77161.98930516835,2008.9368363101967,660.2688558836526,410.08674573226017,996.2213794423733,-5.107603272165443e-06,-0.2190091882052675,96,69,95.5631078990641
19542,965.1521258769878,161740.63718477395,75730.83161495159,77155.39094652749,1954.7585888591711,637.2876504426386,394.73566561570624,987.1445468875172,3.055895841225137e-05,-0.2254287410818641,96,69,95.56592212514468
19543,965.15412451732,161753.84771031994,75718.61380110779,77191.61281426839,1888.3391723191016,610.1369059926801,379.10777158418205,965.95311712884,-4.420159330381204e-05,-0.2196886628816146,96,69,95.56873508683417
19544,965.1715639290884,161781.64469518667,75715.9703495765,77189.83756025533,1823.6118381152046,584.5205066719354,366.83605441843974,950.3519318257167,4.076924927401223e-05,-0.2139847394055896,96,69,95.57154673125233
19545,965.174590377674,161824.81994209153,75737.06451338483,77186.46274649023,1752.852922789345,557.441589994778,354.6200650712999,924.1314490751538,-2.1589429004736893e-05,-0.2089099721743312,96,69,95.57435700552531
19546,965.1919819990644,161859.53220994127,75725.87078092188,77186.63288421888,1690.0273846295313,534.3932083558175,344.9029954446887,904.7837546126393,-5.925793616718208e-06,-0.2127518754291905,96,69,95.57716585678789
19547,965.1940590278311,161873.06548252713,75728.63421846434,77181.36063890177,1626.7173749758513,512.0380110698316,333.9667295383988,876.6106307886948,3.114716014972673e-05,-0.216660046150727,96,69,95.57997323218277
19548,965.2115117762828,161916.32331326517,75770.78159552914,77168.59429807868,1575.472322244721,495.2944229552377,324.6103305555298,858.0463373541133,-4.433393225445972e-05,-0.2390501838957577,96,69,95.5827790788646
19549,965.2145805839884,161945.7875890172,75725.84560217474,77193.64811881444,1524.6151484128204,479.5331646045088,313.79794959147694,832.2705548484519,4.03927417378208e-05,-0.2324633921001738,96,69,95.58558334399966
19550,965.2318586801608,161960.58504324927,75770.82771558901,77156.11311146998,1482.987876796571,468.0942330240505,304.90250811059377,815.2161186035082,-2.085186377643548e-05,-0.2253048992094908,96,69,95.58838597476806
19551,965.2339813582856,161984.34873178872,75741.34652621532,77140.45553635161,1437.140691321867,455.4366576001048,295.4038536406588,789.0229538267886,-6.74150455260576e-06,-0.2394647444041757,96,69,95.59118691836488
19552,965.2514779432296,162013.54058124192,75742.56883288037,77166.29026533589,1396.68595996988,444.8755552664661,288.68493879926973,770.3041867263091,3.172477554451074e-05,-0.2297331134864129,96,69,95.59398612200216
19553,965.25455364892,162048.50403610014,75745.32012943816,77189.41651744748,1349.5173148994218,431.11456376891874,281.47172615429736,741.0946897537215,-4.4450001046125456e-05,-0.2530239739614123,96,69,95.5967835329096
19554,965.2717400354344,162075.3060356785,75717.92097209895,77178.40360720927,1306.9871480619186,418.0778678730858,276.07590955731575,717.8116600920039,4.00048394021731e-05,-0.2656828902455098,96,69,95.5995790983365
19555,965.2739028941018,162125.20451319875,75728.58981515278,77214.98812087098,1259.2198398329201,401.72631774547335,268.81313099953695,683.9779558299051,-2.0105650554413028e-05,-0.2576377720260697,96,69,95.60237276555334
19556,965.2914542781674,162171.08400023667,75730.95128685501,77209.09211263832,1219.2388865835965,387.4615187378222,262.3110170212167,658.2263404910045,-7.552115801619789e-06,-0.2690233665215256,96,69,95.60516448185258
19557,965.2945138713172,162178.9318226632,75760.26858338625,77190.6553599911,1176.158310273022,371.89650259618065,253.50287905533332,623.962191503233,3.229247375297486e-05,-0.2603963790596604,96,69,95.6079541945513
19558,965.3116238031496,162241.69376587015,75759.87206838118,77183.88647015947,1140.6900528774713,360.30249321003794,245.66981599581777,598.5596185117611,-4.455116898187469e-05,-0.2481278439046896,96,69,95.61074185099127
19559,965.3138262111054,162279.03929164997,75747.84175961185,77193.21567249007,1100.370532526169,348.7851437806239,236.4665059284889,565.2211423014232,3.960167745801994e-05,-0.2485172632415862,96,69,95.61352739854168
19560,965.3314386834628,162285.33254730358,75719.26982188507,77176.03758572605,1065.679483582906,341.7758992593881,229.45414928824175,541.7615404208482,-1.9357394962389144e-05,-0.2536342736129156,96,69,95.61631078459986
19561,965.3344608746444,162280.88997107846,75741.2628933416,77177.53663721166,1023.8840889321873,333.9503433995269,221.81083994801156,510.1643318842398,-8.36500389187979e-06,-0.2426784589473251,96,69,95.61909195659253
19562,965.3515120815608,162391.28902099407,75747.58050380593,77215.07248538657,986.0861577550531,328.58723219894455,216.24817573581822,487.2183726527146,3.284290078829499e-05,-0.2390286431811335,96,69,95.62187086197878
19563,965.3537493711492,162417.25555215808,75753.93259235029,77183.52532989568,941.2326265689917,320.1509400884679,209.44664138247026,455.7357705925242,-4.464187020934504e-05,-0.2386094176712831,96,69,95.62464744824952
19564,965.3714340686104,162431.81927153424,75765.25046430208,77197.9911661463,901.937136964465,312.43687497850624,203.95811450190376,433.90038549597375,3.918388359172818e-05,-0.2360935010769922,96,69,95.6274216629303
19565,965.3743877333044,162451.24450100228,75761.06223726794,77188.7247866149,856.4605261569959,300.33242513402365,196.46779513629735,403.7148847429489,-1.860039618400742e-05,-0.2324658094124878,96,69,95.6301934535827
19566,965.3914170536312,162481.35555913002,75739.91037724749,77189.11360009635,816.379646412388,288.29308495453733,189.8449783764081,382.45482835537405,-9.166267231071928e-06,-0.2322389694465906,96,69,95.63296276780508
19567,965.3936533275996,162531.52938107811,75770.10200125459,77212.18574056248,769.849770461442,272.180326867252,181.50251382842544,352.5580660548003,3.339450519041687e-05,-0.2285681170236238,96,69,95.63572955323488
19568,965.4114765824876,162569.03074189636,75735.82526637887,77172.87272186583,729.1112132024136,257.2871658798249,174.8433332776185,332.0504542516428,-4.470216565321908e-05,-0.2225481413179089,96,69,95.63849375754972
19569,965.4142023259636,162571.24199884213,75771.04000852948,77211.66538710032,681.6999150794582,239.30177579245355,167.04963550780667,301.78602307027904,3.87674964895896e-05,-0.2351591112992505,96,69,95.641255328469
19570,965.4319561286918,162625.40039616602,75748.16981479888,77181.98793827594,639.7784474108485,223.14422278631537,160.84134258018457,279.4673994015029,-1.7829046590420214e-05,-0.2538875948558962,96,69,95.6440142137553
19571,965.4338964613748,162668.0151222811,75760.09840065755,77168.45470722737,589.6894644360873,203.55969454508158,152.2843383574218,245.61131273489445,-9.964906449758854e-06,-0.2290465520790189,96,69,95.646770361216
19572,965.4513056670706,162697.55202368097,75769.46556874303,77207.25653098302,542.1282044940745,184.5129942871863,142.9821804232779,218.9117426124867,3.3920232207969325e-05,-0.2113443842160344,96,69,95.64952371870471
19573,965.4542605474207,162736.2218433632,75743.42596136704,77197.22528702205,481.24533929803874,159.84983195085078,128.33748566021677,180.87125966630992,-4.477475075980277e-05,-0.1976980197251301,96,69,95.65227423412271
19574,965.4718100514904,162746.63609035162,75753.46472930288,77165.45824968655,415.5274040491786,133.0429668269062,109.96914720590576,149.80818634398747,3.830112558009089e-05,-0.2208053219360315,96,69,95.65502185542084
19575,965.4738310692446,162830.5846202653,75776.5774846299,77200.65209822696,330.2560476899962,99.17288321293017,84.88692166877445,108.26071754249278,-1.709206437912101e-05,-0.2251678535144268,96,69,95.65776653060016
19576,965.4912411935524,162881.10164739235,75763.46113545063,77203.04934121804,240.2602130281157,65.17249739058025,57.852229826996336,77.31349434613367,-1.0790916708636175e-05,-0.2215332470973303,96,69,95.66050820771468
19577,965.494261526698,162903.2222644164,75782.51454532299,77184.3002514364,140.57081711373758,30.783586818972253,29.809510885737836,40.974890193814645,3.442282213651978e-05,-0.2361735714224183,96,69,95.66324683487156
19578,965.5116911966408,162914.77663839675,75785.93950093795,77222.49732474402,57.77925742341904,7.796816437068628,9.249665482784621,20.09997205802938,-4.481306884394698e-05,-0.2419182246669226,96,69,95.66598236023351
19579,965.5137473180528,162958.92159064312,75773.34041067182,77188.16340179245,-0.9610416602808982,-0.0,-0.0,-0.9326407699263655,3.787651055911889e-05,-0.2376827252161178,96,69,95.6687147320202
19580,965.5311998364486,162964.16657497664,75784.0814128408,77225.5808647992,-0.0,20.83708686818136,11.376608211081475,-0.0,-1.6264300256040282e-05,-0.230290202831,96,69,95.67144389850932
19581,965.534243557888,162964.30970134996,75759.46592398941,77218.1653726839,68.02150797774084,71.26251135530765,44.851264795375755,6.314444973919308,-1.1509609014425324e-05,-0.2247827348939805,96,69,95.67416980803836
19582,965.551578092273,162935.89526210932,75735.63339602282,77163.01062378786,228.5271374816075,157.33848774133367,104.09594653273234,37.32545311228023,3.50096432615669e-05,-0.2167144835629892,96,69,95.6768924090066
19583,965.5536598847634,162894.58598666204,75715.43705173097,77178.61700289651,470.0355207476532,269.83265646699874,183.02368238483905,74.22610484188772,-4.477682477721167e-05,-0.2113071469686333,96,69,95.67961164987548
19584,965.5711717205828,162884.46854211547,75736.22522361028,77188.08801390938,794.047744354757,404.2698536162352,277.4455595698382,135.0040306461451,3.743225734204147e-05,-0.21401431022221,96,69,95.68232747917136
19585,965.5742118685567,162803.55455340064,75739.85526045969,77212.31722963831,1163.1727916916716,542.6061951317679,374.82883531358675,197.66935391744482,-1.5526318973601384e-05,-0.1058544412261695,96,69,95.6850398454863
19586,965.591467728194,162712.66078862335,75752.03557374647,77206.6617981529,1557.6904168613837,675.8893983442686,467.6261940422701,276.5802272928995,-1.2407980990220629e-05,0.1511025982174756,96,69,95.68774869747968
19587,965.5935717941036,162654.65236620503,75746.89282078248,77205.17238276369,1929.7783617150271,787.4934415532334,544.2193767077988,348.5060686955694,3.533311851646215e-05,0.206698995945088,96,69,95.69045398387978
19588,965.611154916603,162583.6804921003,75732.01279474774,77184.3594638012,2262.1836423039786,874.9959962501744,601.6648958383012,429.0017219740257,-4.499338137100406e-05,-0.301307593778765,96,69,95.6931556534855
19589,965.6141655393982,162535.47540666797,75735.39116562248,77191.73659903863,2519.3156239971286,930.6348530260439,635.0147424536408,495.4041661064548,3.676298681216727e-05,-0.5065977904615735,96,69,95.6958536551675
19590,965.6313627357824,162446.40883897926,75762.48455678123,77179.95239652165,2703.2690153201693,961.0209932702564,648.3830104014196,564.2039350394043,-1.4860985226886224e-05,-0.2020999014106186,96,69,95.69854793787012
19591,965.6334803407856,162425.99798639334,75777.82314204703,77193.0995986559,2801.278749648249,966.0425309577404,643.090974254359,615.6592192833486,-1.3174430187292284e-05,-0.216429102639846,96,69,95.7012384506124
19592,965.6511538491492,162391.34714063068,75734.09512115204,77183.7475350629,2836.619136327121,957.142348334135,627.4263625295134,669.8730284890626,3.600834903793575e-05,-0.2211596692045175,96,69,95.7039251424902
19593,965.65409536533,162337.3128845777,75722.77072481734,77199.8514349441,2810.73900825734,935.3225914918294,604.1461029106576,707.9113039988151,-4.461830887493131e-05,-0.1952244653849164,96,69,95.70660796267718
19594,965.6712782280332,162277.24446583074,75718.31789244174,77197.67449198387,2754.180144513026,910.5427791798866,580.6385025767668,749.5106945312873,3.677582196892745e-05,-0.2047467285226501,96,69,95.70928686042669
19595,965.6733621976316,162334.18932797405,75760.762508088,77203.14636036742,2670.474069857446,881.4209504244791,557.5239592169237,776.1785608167993,-1.3540740590034235e-05,-0.1807954531623834,96,69,95.7119617850734
19596,965.6912118180892,162244.7208268957,75713.11789156045,77198.95310528397,2588.114325900213,855.513444646378,539.4215706601972,808.4189997793001,-1.3532104188327404e-05,-0.1856652995752236,96,69,95.714632686034
19597,965.6938979832016,162251.5364190923,75740.2062877745,77178.94958055414,2504.057387463574,829.0073441108107,524.0344519352948,825.9850229767035,3.662645511847704e-05,-0.1875677586120112,96,69,95.7172995128097
19598,965.7117237826544,162219.5093541063,75729.76294967442,77194.04494009243,2439.2821386890137,807.943021175699,513.7664640063304,848.7802313397988,-4.486088897613466e-05,-0.1750330324961641,96,69,95.71996221498752
19599,965.7137234740806,162231.53469888816,75752.34295371683,77185.61692211978,2382.94300147763,787.584823085097,505.109602207609,856.6893852453213,3.553872058034629e-05,-0.1748353539757648,96,69,95.72262074224132
19600,965.7310125866728,162235.90236606897,75749.07622782793,77182.18338036645,2348.9542191471555,773.2633160714176,500.0904571408173,870.8465557992458,-1.3907367802490346e-05,-0.1631605594754467,96,69,95.72527504433376
19601,965.7339679431892,162214.1881996627,75752.28454200678,77193.94717692577,2320.6157803712413,759.50625697129,495.4396251896105,872.7054055604094,-1.569225842874804e-05,-0.1575599195770629,96,69,95.7279250711179
19602,965.751582859148,162237.71578179367,75773.09459884843,77194.84940071881,2306.120142017666,750.2404933641956,493.18825460012886,882.4106221403636,3.579130357077436e-05,-0.1647257597157584,96,69,95.73057077253831
19603,965.7536557326506,162246.61069142012,75744.63689571821,77188.818286648,2285.9438039147644,739.1844931684609,490.1317587591184,880.8427667266806,-4.561872478538193e-05,-0.1604591541366026,96,69,95.73321209863306
19604,965.7709371273407,162233.64001678693,75744.14242462924,77215.87116773437,2269.0357515319483,730.4667508603161,488.3043473805301,888.7274807383656,3.5134008090513366e-05,-0.1508362205167281,96,69,95.73584899953492
19605,965.7739767539632,162276.3629314824,75757.35232065391,77211.74810354141,2238.695801487309,718.6920151433733,484.43408707363415,886.54679217792,-1.1827770986885627e-05,-0.16689296053284,96,69,95.73848142547293
19606,965.791470127765,162221.4462857991,75763.34441851494,77213.22158242525,2207.361880841083,708.9629462468874,480.3816341467318,893.0018843522994,-1.3968894843056822e-05,-0.1595745519706028,96,69,95.74110932677414
19607,965.793568067203,162219.35460430212,75777.55019568319,77176.7679817703,2163.5213459914085,697.3213537318807,473.30902701526065,888.2308560674137,3.96218096714634e-05,-0.1304124086033738,96,69,95.74373265386473
19608,965.8108851634232,162252.97510579167,75738.24485223049,77203.60744365661,2125.3503086984274,690.1799807321804,466.04800642782357,892.9158019163297,-4.1965806103445546e-05,-0.1235342145060647,96,69,95.74635135727216
19609,965.8139688843632,162314.64970614758,75748.6802313014,77199.82439954972,2084.8000531215803,683.8797409592953,456.91302901806193,888.4833856592013,3.745978412241412e-05,-0.1004639747629265,96,69,95.74896538762589
19610,965.8313607033848,162254.1810768607,75746.33832139485,77199.39313087137,2059.905578834121,683.8027377982798,449.5425263745128,895.088539281016,-1.0015416509717747e-05,-0.0881551530229195,96,69,95.75157469565949
19611,965.8334773698356,162280.17250863762,75739.90070559274,77220.76658861851,2040.9673951792065,685.1203482373676,442.9021620861895,894.283954948507,-1.6472011513450747e-05,-0.0911126195076144,96,69,95.7541792322123
19612,965.8508453748468,162276.59305141133,75767.96230973919,77208.09951860779,2043.306330801046,692.1859792795294,440.7275635363476,906.9704209596966,3.512132458669117e-05,-0.0746575810961669,96,69,95.75677894823022
19613,965.8539509112792,162269.4383800624,75755.57062586931,77204.73099911709,2052.8282604544656,699.1593728068256,441.26020914968103,913.4428515461914,-4.968323586357112e-05,-0.0777422521612126,96,69,95.75937379476775
19614,965.8712498206464,162265.0090534481,75738.48695222825,77183.47399724033,2079.3613473523874,709.3532773539337,446.6291971607716,931.6046121190884,2.7576403306980103e-05,-0.0968399512366638,96,69,95.76196372298972
19615,965.8733886610102,162253.75150910555,75733.32698812573,77185.30134509993,2105.1656721552717,716.765321786268,453.42610536766006,940.4842245372711,-1.7950710770669466e-05,-0.1289180357951189,96,69,95.76454868417218
19616,965.890813766504,162249.66887357022,75727.90750335879,77184.58508004283,2138.2738778950297,725.0210541260894,462.3379104085325,958.5166769276548,-2.2611185350464697e-05,-0.1722126660648474,96,69,95.76712862970425
19617,965.8939245392896,162234.2682750202,75749.63096709896,77192.15729100347,2159.886904652638,728.3596616857976,469.02759340265766,964.4648536355817,3.6213497954780674e-05,-0.2090679587251648,96,69,95.76970351108992
19618,965.9111363113964,162238.69235328498,75761.4972414032,77194.77181323142,2177.69150770572,730.3545154982276,473.92339800525224,975.8803824376664,-4.100327378678871e-05,-0.2196761065252133,96,69,95.77227327994912
19619,965.9133043460528,162268.55543604193,75773.1917574009,77231.96410969642,2175.356199393864,725.8030228052812,473.6183888076921,972.7668874401716,4.376642549267903e-05,-0.2317178920272344,96,69,95.77483788801946
19620,965.9307880588866,162273.31306059504,75772.91533165921,77178.37202199844,2164.512373463309,719.0090017570474,470.10715417625033,974.9782494519313,5.649633861563455e-06,-0.2709628267614183,96,69,95.77739728715756
19621,965.933890227016,162266.29517799747,75766.11450036682,77209.74089083144,2132.265629037749,705.3233634334174,461.57817243773025,963.0604098709882,9.526367204594236e-07,-0.2639363509220728,96,69,95.77995142934084
19622,965.9510201718444,162300.05153084372,75743.93146514622,77181.71730036357,2092.459316679917,689.3362519887887,451.0335460496717,956.2440233182278,5.591669692264394e-05,-0.2391478261578497,96,69,95.78250026666883
19623,965.9532258684447,162297.84567236656,75789.51438871762,77219.3388349009,2034.9269471719745,667.3179784300883,437.256597303116,936.2604769716272,-3.393238833745648e-05,-0.2442193503212422,96,69,95.78504375136475
19624,965.9707665195792,162337.04841184884,75767.00810574555,77195.37460462171,1975.4294158451376,644.732169098439,423.145740689215,924.1161315467907,3.1638492086440705e-05,-0.2285881976571598,96,69,95.78758183577705
19625,965.9738480699838,162363.0700826277,75782.87307364932,77209.25197312636,1904.0488211378688,618.2247087078867,406.9595413429488,901.3892748524377,-2.663033102965518e-05,-0.2161085057584415,96,69,95.79011447238082
19626,965.990901894708,162386.24427485422,75777.17508776541,77190.48894769484,1835.5400593336672,592.9229071465234,391.00392863014713,887.8028259748244,-5.213804009987964e-05,-0.2198001352525737,96,69,95.79264161377944
19627,965.993154186069,162441.25749801245,75774.05669502869,77222.72129444667,1760.0444469760405,565.3594513031276,373.5797072550922,865.1529566433746,-6.692416797361276e-06,-0.2228319598030646,96,69,95.79516321270606
19628,966.0107476078282,162403.9035793015,75759.95255815654,77205.5841946841,1691.9540413939394,540.3276237784303,357.2266164799803,853.2017977370415,-9.284487099839756e-05,-0.2100091081344,96,69,95.79767922202493
19629,966.0137981096752,162485.42039501594,75761.71166784599,77168.96340369833,1619.9780768672936,513.96783504411,340.39605860743904,831.6993932132027,-5.503416984738473e-06,-0.2026431822279055,96,69,95.80018959473296
19630,966.0307822087252,162503.26927842025,75778.04465054955,77213.41054547255,1556.5453395862714,490.75114827643847,325.4366136906028,818.0198139268032,-2.168575858199548e-05,-0.1997071516444866,96,69,95.80269428396176
19631,966.033089952443,162490.82792580308,75754.46061104708,77187.57832389092,1490.215060113056,467.34247152198805,310.6913897145714,792.2782622393861,4.655401137280238e-06,-0.1867426139998451,96,69,95.80519324297804
19632,966.0507298414924,162534.81737474442,75772.46407392732,77206.52808208932,1433.3055227506557,448.51137364633905,298.19876717581064,773.1932353574957,0.0001061387708002,-0.1887073195109872,96,69,95.80768642518618
19633,966.0537404741796,162561.12579021105,75742.34722086904,77208.87511265959,1373.7283827430801,430.7019252030004,285.9755703100818,741.3654210787499,6.078237154412109e-05,-0.1912535516780915,96,69,95.81017378412903
19634,966.0706619404116,162627.09241106003,75758.93360510044,77206.64797460282,1322.882035228482,417.8248030364193,275.7637905990123,716.2972938341845,0.0001579648296759,-0.1941601254002063,96,69,95.81265527349017
19635,966.0730336087496,162658.53545533877,75800.17942411061,77190.04957576357,1269.500591686694,405.78743444089196,265.73145703595947,681.3680614788318,0.000109750816195,-0.206931553286661,96,69,95.81513084709437
19636,966.0907117345612,162670.90075897257,75765.66268294,77197.40086201478,1225.4927826835774,397.672996534704,257.70282531678095,657.7092157508887,5.185948386889669e-05,-0.1906151243956786,96,69,95.81760045890972
19637,966.093675464086,162738.61443752545,75727.10854096797,77187.89083052872,1179.529950020078,388.65962956981093,249.84583807378658,627.3502993520524,2.9644276433768043e-05,-0.1811901209540195,96,69,95.82006406304929
19638,966.1105419109124,162748.66573617482,75753.54494849559,77191.9382079475,1142.9907098301337,381.3520550017711,243.78601464646636,608.95394601117,-0.0001610063617223,-0.1897044876960585,96,69,95.8225216137722
19639,966.112985456526,162792.57163264346,75766.39947970645,77199.83706046322,1105.1127443921869,371.5326216386311,237.67843985019135,583.6038484005257,-0.0001947514271446,-0.1818074838810254,96,69,95.8249730654852
19640,966.1306917472616,162795.5878838919,75739.70779283678,77171.49312814964,1076.4780639442033,362.4313528659404,232.9191358232929,568.5646604812355,-0.000314071671969,-0.1684804325177366,96,69,95.82741837274436
19641,966.1336036328468,162806.13617695062,75803.0854162,77169.9447444231,1044.4535697289393,350.50495748039975,227.4661288440402,542.8085884757747,-0.0003476176127752,-0.1686386114337209,96,69,95.82985749025616
19642,966.1504228236686,162847.06169104727,75771.48911049981,77200.35264073363,1017.4395811159629,339.4175703257788,222.59535093288287,523.1007109925267,-0.0002184410123764,-0.165361637980556,96,69,95.83229037287954
19643,966.152945754326,162893.09936358637,75778.68285964915,77214.62096639573,982.6820970951812,326.4151407594909,216.60869910221663,491.19444499508245,-0.0001356728435882,-0.1601150189209642,96,69,95.83471697562696
19644,966.1706682036768,162939.84487249597,75769.82217465124,77199.27747360886,948.6849820769276,315.23453268893354,211.02293304473278,466.27602408159873,0.0001894626264249,-0.162841938805541,96,69,95.83713725366589
19645,966.173525910391,162969.94408495858,75768.40626418994,77201.87252201722,903.82960222353,302.8408416402526,204.31699561639107,430.79103441981715,0.0004422760438234,-0.1500020888909741,96,69,95.8395511623203
19646,966.190305086969,163031.15768888348,75771.26089695215,77240.81637684647,858.778398466704,292.2890605926659,197.92070908556343,404.245714398945,0.0006853051828985,-0.138976383570033,96,69,95.84195865707248
19647,966.1929149072628,163032.9391515592,75755.88392234436,77244.85922434581,805.9025933131343,280.3670115348941,190.29125021395157,370.2950237672485,0.0008888022178263,-0.1432356689280903,96,69,95.84435969356404
19648,966.2106390887564,163055.68908927753,75792.78366612768,77219.57397225927,758.0874100443907,269.70578395460325,182.54359099600697,347.55541991707287,0.0007487345981844,-0.1425108521294998,96,69,95.84675422759742
19649,966.2134438850654,163104.81421659098,75786.63364225626,77217.12748005496,708.1404132685275,257.1135468871944,172.9752776660025,317.1275413016556,0.0005181156883802,-0.1241391083415472,96,69,95.84914221513796
19650,966.230188416216,163144.00930642485,75787.06806463371,77235.1495917798,667.303532900638,245.4043552205403,162.74295138020534,295.92814875621116,-6.73685072473489e-05,-0.1175696775520159,96,69,95.85152361231438
19651,966.232893966172,163170.63854935914,75784.93418709334,77205.75317601749,626.3370643795351,232.01457151287468,150.66510992261465,265.71568569002557,-0.0008039993418003,-0.101256273610693,96,69,95.85389837542117
19652,966.2506014134016,163205.4611927162,75774.09480882286,77228.26671763841,592.1430355728953,219.3132763196627,138.15968312695622,243.18734133677208,-0.0014796739002776,-0.11385533976136,96,69,95.85626646091936
19653,966.2533607028082,163247.76978535685,75783.91719012347,77216.11834951385,551.1098475601757,203.64552163693588,124.02570575501886,209.41370027215453,-0.0021135980968769,-0.1381519561464491,96,69,95.85862782543846
19654,966.2700705152308,163265.12443530007,75782.85505333361,77189.36029619005,506.78593510377686,185.7106516166823,109.13347073600744,181.73295385477832,-0.0021773670298124,-0.1162150091849049,96,69,95.8609824257775
19655,966.2728865532296,163301.5818163351,75787.93003222962,77188.44605099775,445.6534403593978,161.14130410189682,91.78717131711892,143.88417355087586,-0.001755525437273,-0.1231060907721257,96,69,95.86333021890688
19656,966.2905482736588,163377.1830719162,75792.6386088283,77232.11823311342,373.07050187076675,130.91750343161402,72.55152683873894,114.23447054458666,-0.000655375580209,-0.13806452772633,96,69,95.86567116196942
19657,966.2932859496484,163411.61951227326,75772.05415259599,77213.5895570973,281.2784442540142,93.45999928892707,50.61511556131882,76.71346128243022,0.0010915500822459,-0.1245792268479644,96,69,95.86800521228209
19658,966.3099381597688,163432.63477373242,75784.27893512989,77208.00316693584,185.09283555246657,54.66285241898731,28.767809210170526,50.59413839620538,0.0029593574245175,-0.1206145104212886,96,69,95.87033232733738
19659,966.3129178380044,163447.68865064048,75799.83177379264,77233.39406338276,90.19712260179222,19.663851870034705,9.784704727382632,22.057802024501143,0.0047792382858735,-0.1353523146959485,96,69,95.87265246480456
19660,966.3304104785084,163469.77822240643,75763.70737382029,77216.95248482429,23.58201532793464,-0.0,-0.0,10.217551268899115,0.0057135263659993,-0.1314439005400757,96,69,95.87496558253147
19661,966.33243011733,163509.42791992973,75799.61426727321,77185.38648331136,-0.0,4.044572346479981,4.703692309994949,-0.0,0.0053345883666737,-0.1077581980667814,96,69,95.87727163854562
19662,966.3498918462028,163499.83567984911,75807.10677237861,77231.85110897364,48.873495703272056,42.097070042626,30.239930952491704,11.443717175978236,0.0033688980448175,-0.1226471912381246,96,69,95.87957059105555
19663,966.3529064738922,163494.0371672809,75802.9462757336,77198.23801138118,177.70956116641173,116.32340303577075,78.70461362865171,28.462160524941282,-0.0003954633335795,-0.0761154890264222,96,69,95.88186239845272
19664,966.3702939489568,163445.84725200804,75783.84149130627,77193.41193319917,397.5985928088776,225.9803273602447,149.98544710330316,67.68763510423014,-0.0051439085679143,0.1353661414164706,96,69,95.88414701931258
19665,966.3723461114575,163405.3480741755,75801.4854879706,77187.87338536751,692.1562411919003,360.70607929279504,238.28438999841455,110.95472953288117,-0.0101209131999201,0.3561009488053015,96,69,95.88642441239588
19666,966.3898563494006,163369.14475921472,75797.77058478423,77200.1213650521,1046.6523606046685,508.22072875166486,335.90464469988365,173.444786670123,-0.0138175415322815,0.0878380215877199,96,69,95.88869453665023
19667,966.3928833071972,163295.75769865117,75753.60568931526,77234.88118966659,1423.6196372916456,651.2559718468256,432.04664167546434,235.05714206935954,-0.0146540247123994,-0.4004485051034903,96,69,95.89095735121172
19668,966.4101778080776,163231.56542528333,75757.9519258861,77210.02278585269,1795.7608189394814,776.5266677008622,517.6164726492425,308.37334178507444,-0.0116640885778525,-0.2098297979379378,96,69,95.89321281540607
19669,966.4122639341122,163150.54311213255,75799.81645501914,77190.36051577344,2126.137750015536,872.5217977428547,584.5427046245895,373.51241689387825,-0.0040940438128169,-0.0506887070400734,96,69,95.89546088874998
19670,966.4298289380188,163121.00819465364,75817.29876478986,77193.84279884212,2398.526512729004,935.9049459074595,629.331006516848,444.56322457050555,0.007095759330553,-0.1463283784225503,96,69,95.89770153095262
19671,966.4328503190136,163066.7280737712,75766.25671344182,77196.31409340701,2594.3518985798,966.8097143642808,650.980825716455,502.71710208285367,0.0199546582421527,-0.1117209614907786,96,69,95.89993470191703
19672,966.4500606784716,163017.7699057793,75740.360275291,77209.56759899032,2717.2313682058593,971.698689868761,652.646216358,562.2351317932771,0.0312793887925799,-0.108702811573107,96,69,95.90216036174154
19673,966.4521861418964,162941.19769450685,75751.63648046638,77193.85989847936,2767.4386743865907,957.2738295514719,638.5751252925256,606.505148096272,0.036843267471057,-0.0939467029518558,96,69,95.90437847072104
19674,966.4698069982728,162913.5739691336,75754.42907449052,77217.66959840928,2762.2883438209537,932.0004458514886,614.8214369857451,652.0854010398325,0.0331967225473903,-0.0858117946855969,96,69,95.90658898934883
19675,966.4728082992344,162907.0657874204,75736.29738894421,77199.90564441492,2710.197155458154,901.1339792572253,586.2930498924688,683.3539572436421,0.0177791323875682,-0.0734851877435365,96,69,95.90879187831686
19676,966.4899425065086,162878.331982071,75744.9198840152,77196.09222814698,2631.189871152863,869.3797756597196,557.7160087846569,716.5919549253304,-0.0088911443513231,-0.0808794322153452,96,69,95.91098709851852
19677,966.4921141216732,162829.73705877046,75782.38896259922,77192.87773020794,2533.9466185467318,838.2669034367864,531.6494255445141,737.4629537406436,-0.0425526388154297,-0.0872338819873121,96,69,95.91317461104872
19678,966.5097886545112,162868.6436420498,75758.64035722877,77194.20545702623,2436.218940540508,809.5233623185777,510.004241046292,762.9410418992047,-0.0750630261266296,-0.0654073875719912,96,69,95.91535437720668
19679,966.5127575474884,162809.66804585655,75755.68516047312,77219.31970926927,2342.733536750544,783.2691049662826,492.83570230435,777.7435098083806,-0.0938975669423616,-0.0530193173554957,96,69,95.91752635849544
19680,966.5298238266756,162805.05559236577,75754.21732425045,77218.52595907154,2265.3519519540714,760.6851968172268,480.0871839001484,796.867325405794,-0.084584045285851,-0.0515736513420655,96,69,95.9196905166251
19681,966.5320486670032,162801.60934420646,75703.17767052734,77207.64317857857,2202.3629064116394,741.9444492271869,470.6471461664187,805.0224687185255,-0.0319748420994784,-0.0305167405487323,96,69,95.92184681351289
19682,966.549772331516,162823.5824281741,75768.00902760348,77206.23857431154,2158.0924125348683,727.7590344797209,463.79266347934026,817.134613688424,0.0767298943500335,-0.0206882030424095,96,69,95.92399521128492
19683,966.5526982430852,162823.0715863772,75770.6952752749,77185.28348527905,2123.5786582130822,717.3860527705401,458.1807766358834,817.212082402315,0.248981081826704,-0.013553183826995,96,69,95.92613567227768
19684,966.5697054527084,162777.19357319016,75756.66061963713,77184.53104290474,2097.6195262042456,710.091818104469,453.0757981837378,819.6653885995329,0.4856939590092981,-0.0013048629928079,96,69,95.92826815903922
19685,966.5719901956696,162820.10349106585,75785.68891911914,77223.32756345437,2069.7008900958463,704.0242996171874,447.45883682143176,810.638127093931,0.7791092579174848,0.0097671359610855,96,69,95.93039263433045
19686,966.5897566015884,162830.66094959484,75749.72994177935,77226.5511310895,2040.4707376513397,697.8185567652254,441.1617108753999,806.5538562399161,1.113917566650863,0.0208681243435206,96,69,95.93250906112644
19687,966.5926305934732,162863.8571933564,75752.20416398703,77209.23548807338,2004.0154079616768,690.0036147706705,434.04879415102187,794.4658767293149,1.468364369897722,0.0440310109077449,96,69,95.9346174026176
19688,966.6095883347184,162836.86232962488,75774.99447233423,77198.25543631049,1966.8659675717936,680.3187079249765,426.9454180680914,790.8878671921266,1.8161995551129524,0.0613913270096433,96,69,95.93671762221172
19689,966.6119388425742,162895.1693452752,75751.72306760504,77197.67966550404,1929.0130307305371,669.0641870887775,420.60605896869674,783.9055541905982,2.1303230054183824,0.0663009538855001,96,69,95.93880968353449
19690,966.6297401320412,162876.2113142131,75761.30931673505,77208.82256103297,1900.4054634644417,657.7080266633129,416.21963222898194,789.2002445779799,2.384448457124044,0.0732744028828642,96,69,95.9408935504308
19691,966.6325549005138,162875.98026575186,75733.61000409233,77214.74719268204,1880.987417960423,647.9841835034167,414.2387306262972,792.237028783391,2.556504343637015,0.085144346366912,96,69,95.94296918696668
19692,966.6494734778285,162859.81279720835,75766.84728554537,77181.80630289976,1877.7040364747518,641.9576201292366,414.97584078565706,805.8246986623562,2.6304829600257387,0.0715034727825413,96,69,95.94503655743014
19693,966.651894507354,162855.23469779606,75780.19770318225,77188.2416836592,1886.0277496403432,641.05197467377,417.8297488214448,814.8526098005241,2.597798233174541,0.050477957886442,96,69,95.9470956263324
19694,966.6697216721632,162828.93744021535,75764.58573014998,77172.64457262665,1907.8324327711016,645.9143248754117,422.25291889562504,831.5061404005392,2.4594220405242857,0.0170789812674627,96,69,95.94914635840962
19695,966.6724715908384,162850.2450243226,75743.2120458291,77235.60086676863,1934.0876122512855,655.8075611317327,427.2411343434069,840.2168748398544,2.225297506812819,-0.0189930319595385,96,69,95.9511887186235
19696,966.689361887159,162833.4578310083,75778.62368855487,77181.80591241206,1964.1426598927355,668.8920371065324,432.3296952956589,853.5967013929912,1.9147482311553188,-0.0465118189259123,96,69,95.95322267216302
19697,966.6918568847728,162839.82701786037,75746.71076014994,77186.90675339181,1988.7196066502947,682.3528498877567,436.85557673108997,858.4392529158213,1.5545372268556124,-0.054500477835115,96,69,95.95524818444598
19698,966.709700056906,162843.4982628837,75755.65183497245,77198.93564757214,2008.3098386680358,693.1765664903214,440.63463877065806,868.2525856829598,1.1755809663126426,-0.0701868636779315,96,69,95.95726522111948
19699,966.7123812280582,162824.5366664789,75760.89158862764,77201.14448967534,2015.108371172042,698.6135591776838,442.94558452267665,869.4069876880967,0.8100182511410888,-0.0778045021751258,96,69,95.95927374806176
19700,966.7292545254408,162842.98008153675,75746.98840964834,77204.82832493546,2011.527250647312,696.8699959248479,443.25144184799865,874.7084902035131,0.4858853242424168,-0.070067672894273,96,69,95.96127373138324
19701,966.7318254893,162822.6540563454,75740.52665522874,77204.77392874908,1991.6447698503616,687.1987192891393,440.35067715108744,871.1055507261772,0.2241938995080849,-0.0775152706788189,96,69,95.963265137428
19702,966.7496742172236,162868.96035161885,75759.32959325967,77169.01280921395,1959.5062189060845,670.0613809759088,433.4908599758055,870.7532926278072,0.0361508236703119,-0.0679038749669691,96,69,95.96524793277447
19703,966.7522845148574,162846.6537225568,75750.06586370555,77206.8495122015,1910.469378736685,646.6456139371585,421.75206575429183,859.8072894534853,-0.0779631314111092,-0.0549762588130313,96,69,95.96722208423752
19704,966.7691522772184,162875.09803675563,75757.05930707592,77180.42545755958,1850.7925372302998,618.71102839784,405.3744111698179,850.616710614413,-0.1266591959148104,-0.065686981601412,96,69,95.96918755886875
19705,966.7717996794072,162890.50975548918,75753.4888959984,77174.69021538204,1778.4178244351642,587.8813752795104,384.85438877821434,831.4357975551102,-0.1256097258957611,-0.0530977406135124,96,69,95.97114432395831
19706,966.7896431914578,162922.5774766846,75756.78212830392,77199.71794511093,1701.8618883087765,555.6817357020336,361.9284515167237,815.4789206769492,-0.0932592745515716,-0.0366135296166246,96,69,95.97309234703614
19707,966.7921822897554,162951.98043666114,75756.40218843067,77225.07332673184,1619.735243676114,523.0224589906284,338.0969569408335,791.3046438347956,-0.0475249949235503,-0.0388960679562746,96,69,95.9750315958728
19708,966.8090559159176,162958.62690599216,75773.42854036367,77210.17413641745,1540.462343163672,490.8111170325283,315.48113869852386,772.3986883648904,-0.0033977348148382,-0.0446656059128846,96,69,95.97696203848083
19709,966.8117786854006,163013.2716169605,75739.07674408938,77182.12039530539,1461.1829868861241,459.62707952230994,295.15949429757893,748.099588369194,0.0296769040035176,-0.0315633581080514,96,69,95.97888364311628
19710,966.8296061331818,163030.76486861703,75753.90068899203,77219.36647253732,1388.1313301585615,430.59532037611643,278.29169408182497,730.4843068206392,0.0471005631651659,-0.0313831477354938,96,69,95.9807963782794
19711,966.8320755231538,163056.45216193798,75760.37813081357,77199.64530087398,1315.7804198696394,404.63328362275206,264.5857143284229,706.9797129620856,0.0492519316325398,-0.0372636941131099,96,69,95.98270021271598
19712,966.848966069747,163045.84352175196,75771.51544729734,77204.43383254926,1249.4884626758867,383.11347893762286,253.97640869070892,688.4923504371254,0.0398476008540955,-0.0442690668196205,96,69,95.98459511541888
19713,966.8517616454304,163096.94240954728,75750.71060908839,77217.0168259345,1183.8984939285438,366.4171186621388,245.21035930741346,662.9569178882812,0.0238091115861486,-0.0790488412339406,96,69,95.98648105562864
19714,966.8695623092638,163145.70266310257,75762.12414194245,77220.33489323569,1125.4834694517776,354.68600200397486,237.8612900172011,641.0358142881887,0.0066667159158611,-0.0861906088363419,96,69,95.98835800283504
19715,966.8719653198395,163152.99008304003,75743.41495281053,77189.46804831785,1069.5425468608155,346.4249362130504,230.75485647574533,611.1786653043819,-0.0076784521487443,-0.0660184371419794,96,69,95.99022592677794
19716,966.8888831785296,163186.62962017866,75752.77213020922,77207.29224115671,1023.7437608912587,340.26386497405474,224.09432805152028,585.540813804837,-0.0167501517638631,-0.0737812930191492,96,69,95.99208479744912
19717,966.8917476595452,163215.51442677903,75769.0607709227,77221.51901783247,983.2174396709888,333.8685258564219,217.34120081953006,554.8097238183254,-0.0197856373312743,-0.0708946625886853,96,69,95.99393458509232
19718,966.9095110748073,163240.3240440483,75754.96079072436,77201.97290892665,954.285959118919,326.2802197049896,211.2073762056243,531.1282834734302,-0.0178780865029283,-0.0634787859650054,96,69,95.99577526020568
19719,966.9118529448922,163307.87200467355,75804.1535853987,77222.92926145134,929.0683788793394,316.2819211891474,205.17267297001672,504.43769496129244,-0.0124529937578784,-0.0657444088585665,96,69,95.99760679354158
19720,966.9288074206904,163337.21556734914,75799.22763136918,77233.25602027339,911.8502065805369,304.6286958758719,199.8664959615562,485.80156305854325,-0.0057516071296214,-0.0692412501177117,96,69,95.99942915610848
19721,966.9317358889564,163315.03539656525,75768.2454092894,77206.57100608373,892.763924184721,291.33997040303075,194.46188913783408,464.2458571025636,0.0004778603774125,-0.0871453135181269,96,69,96.00124231917236
19722,966.9494517881028,163333.4099845811,75746.41558175613,77242.56866155617,875.2881028249976,277.857384822506,189.40204326040111,448.42081368988147,0.0051248359142701,-0.0838686680021658,96,69,96.00304625425706
19723,966.951739922514,163369.62489880965,75745.7959454817,77188.99124272584,849.3659147263388,263.8793042074976,183.59392684753402,426.12704609075445,0.0073579550927314,-0.0729498744710776,96,69,96.0048409331456
19724,966.9687385439888,163406.52162279806,75752.35002309515,77211.34742725009,820.9512134376564,250.35138700998505,177.48564888400142,406.5130481465894,0.0075485130797185,-0.0646296656937161,96,69,96.00662632788176
19725,966.9717257919112,163417.4074604037,75741.84495861315,77211.57787551511,782.5568145014113,236.2007304373692,169.89388630908797,379.46567931590835,0.0060066714626837,-0.0584376985919967,96,69,96.0084024107706
19726,966.9893835364578,163470.83626528006,75769.69797940191,77217.28063588336,742.7840722981491,222.1511171439488,161.39163702126825,355.1323077015695,0.0035311672314414,-0.06999431181409,96,69,96.0101691543799
19727,966.9916283921482,163471.87736269896,75789.44700302939,77215.19535958309,695.3307705080952,207.20111353090033,150.98327569148387,324.7527293416788,0.0010190161760174,-0.0576599895151612,96,69,96.01192653154092
19728,967.0086753328584,163540.2717183851,75768.60004009375,77203.6618233796,650.4468755777343,192.9345037016319,139.91938856069464,299.5009007980989,-0.0012046851769998,-0.052564325656429,96,69,96.01367451534996
19729,967.0117178935116,163567.28279842692,75772.17505649514,77207.03923272842,601.3959749877104,178.8428103695769,127.74892197235022,270.9447914152988,-0.002490775400387,-0.048853606121454,96,69,96.01541307916864
19730,967.0293040646776,163573.39424842247,75794.50245893697,77196.38388810435,556.9784912880859,166.53053695442213,116.08167497540126,248.10707682845532,-0.0029625466624967,-0.0337053350944223,96,69,96.01714219662584
19731,967.031522681334,163594.3434942813,75785.28903015713,77214.2876024432,507.451489619154,154.24385520300712,104.09969503982575,220.7375090154237,-0.002703788720941,-0.0401016036115864,96,69,96.0188618416183
19732,967.0486131415412,163650.0499931754,75765.29149323363,77193.38223092702,459.95727813529084,142.03974666247086,92.74128130980534,196.7575981161208,-0.0018274710809916,-0.0176639137502568,96,69,96.02057198831126
19733,967.0517177884448,163667.30803839312,75792.1605371894,77217.15434823414,402.278137012152,126.28878478748084,79.99457221783814,166.0498120658449,-0.0009089078946496,0.0106520005287831,96,69,96.02227261114058
19734,967.069202967986,163703.44880809978,75782.04150218103,77181.74754175066,340.44543530227384,106.45832423090178,65.99011182517279,136.46714931138558,8.322189580351086e-05,-0.0153809430851078,96,69,96.0239636848126
19735,967.0714419544552,163731.7455381965,75767.3774805574,77226.7007787528,263.1359176285332,80.08291791421652,48.77168856112985,99.94156535051297,0.0007563009143767,-0.0107604407456021,96,69,96.02564518430582
19736,967.0885169249358,163765.75621249058,75804.72901911497,77201.30858912788,183.02757467026822,50.73108775532455,30.420629713335074,67.3675875235349,0.0010626445788294,-0.0200478961900139,96,69,96.02731708487184
19737,967.091810923297,163823.3994017465,75787.43528806591,77218.49272916673,98.42033768258989,21.528239753039088,12.258888475131243,34.01162023723009,0.0011617803211146,-0.0393198468099281,96,69,96.0289793620362
19738,967.10843968714,163852.7185503108,75775.52819717016,77200.46178136,34.01289234100841,2.1382684203708777,0.49919154556118883,11.578709996450925,0.0008545157018604,-0.0233213862188113,96,69,96.03063199159944
19739,967.1110684575634,163858.30867244824,75791.38443370833,77238.47973693139,-0.0,-0.0,-0.0,-3.413329161820002,0.0005500261962443,-0.0188546241784964,96,69,96.03227494963804
19740,967.1286253447372,163868.60573890284,75799.85972620187,77238.51215285792,29.44317727093585,25.871888689813204,18.544623503956245,-0.0,0.0001575755966666,-0.0306810592667145,96,69,96.03390821250572
19741,967.131659759163,163810.92139229013,75794.87179919973,77196.32740623958,129.64902207197156,82.8356578941748,58.64936199062504,15.56428311302443,-0.0002034806354695,-0.0196244286209435,96,69,96.03553175683366
19742,967.148377806825,163850.07857362294,75785.86994640641,77228.09883844716,321.6718267358374,173.30544559330156,122.38657609460643,50.54735671062372,-0.0003268235847024,-0.0098808578872915,96,69,96.03714555953248
19743,967.1509839809756,163758.07647287656,75799.88769840097,77224.19606688224,591.1956701723975,289.1871332762821,204.00554684380768,96.08120669121854,-0.0004782164078542,-0.0089375594248684,96,69,96.03874959779225
19744,967.1686387614214,163718.2767731636,75794.46607650275,77221.32074265083,933.4126843177364,422.31102006365836,297.322506001743,156.60243033291772,-0.0003797076376746,0.0060737391449744,96,69,96.04034384908398
19745,967.171550317604,163625.89083427115,75786.58732131353,77194.79849862058,1307.3666506970767,556.6077512674528,390.28831371382694,221.0978442596388,-0.0002683835978231,0.1567144012902007,96,69,96.04192829116047
19746,967.1882881330172,163590.55371991592,75774.41551110662,77226.81496876616,1690.9633161051897,681.6498494245316,474.84416292325477,292.89733523427276,-0.0001639755873222,0.4051909756905236,96,69,96.0435029020572
19747,967.1909276552302,163499.07297234956,75752.19238941101,77199.62459016898,2038.0971346130827,784.5397739556356,541.5254217867041,362.0291531608382,5.265321803875175e-05,0.3167401244318361,96,69,96.0450676600929
19748,967.2086333326152,163462.31890307192,75790.31530872827,77231.6397050928,2334.611857401789,862.3760260759591,588.3955356216175,432.65210146061145,7.271380042675052e-05,-0.2346595948870918,96,69,96.0466225438714
19749,967.2114457857014,163401.09634117212,75771.78136276294,77221.28460205758,2550.198980789748,910.8516666690412,613.1735580199456,495.6608562680194,0.0001785621592431,-0.2398405379204605,96,69,96.04816753228144
19750,967.2281932859642,163334.64224477782,75781.28869745386,77228.45773008623,2692.9977265502093,935.3243966033042,620.7561092726246,556.0455789135303,0.0001769342635355,0.0042853226691287,96,69,96.04970260449817
19751,967.2308851231086,163262.756420666,75792.89320531937,77185.79623851643,2754.932791279105,937.2740260239807,613.5717781900312,606.4973692038911,9.856899451677692e-05,-0.0789129483703065,96,69,96.05122773998404
19752,967.2486174739356,163220.62651416523,75789.33489645344,77212.55077876293,2762.0927084601717,925.1559694567695,598.6392446395766,652.9397528038244,0.0001235319755457,-0.0364077518188153,96,69,96.05274291848944
19753,967.2513400708094,163206.7749833707,75743.12426531046,77199.5024038893,2716.231860540167,900.736780023246,577.8947417846648,688.9589086743072,-1.4625431916064796e-05,-0.0324504177378603,96,69,96.05424812005371
19754,967.268099194842,163183.4102712055,75754.55309224674,77194.0382017895,2648.484948313504,871.9203250873106,556.8018038130249,721.457359111635,-9.309522973147098e-06,-0.0372344156344237,96,69,96.05574332500612
19755,967.2708518909654,163155.84890702178,75757.92825893871,77212.55958545564,2560.6864104327396,839.3714527764241,535.3854465834156,745.715951819031,-4.30000609737772e-05,-0.0190689892785477,96,69,96.05722851396642
19756,967.2885932340496,163119.1973914141,75749.77137682126,77183.5778173329,2479.9636389893712,809.784142161734,517.4893325289886,769.0651451899903,-9.997780022334972e-05,-0.0254494970730972,96,69,96.05870366784576
19757,967.2912316125252,163117.47291331142,75766.01897434742,77240.6756331933,2400.269054181932,782.0264330598875,501.68184735722025,786.692005729652,-1.4789145060016648e-05,-0.0157563041181292,96,69,96.06016876784784
19758,967.3080085776836,163094.93205100766,75750.307335611,77201.37894717845,2341.3981477016932,761.2433914914436,490.865440235415,805.5337256066268,-7.805943756142425e-05,-0.0097644187480433,96,69,96.06162379546942
19759,967.3108255885036,163075.8998296572,75739.25380193612,77194.74892375317,2290.2040472881636,744.4102268533607,482.56488984488533,820.783256858791,-4.654958766226363e-06,-0.0137850514597192,96,69,96.063068732501
19760,967.3285611025304,163084.11437840748,75756.75618712037,77175.73206584546,2259.528694461682,734.46102846344,478.35310916174785,838.2744831710588,1.3717580975593844e-05,0.0004206048718962,96,69,96.06450356102847
19761,967.331120251249,163040.3410987117,75754.59356657084,77202.09895638433,2229.6896485829493,725.8477932513924,474.2306540066493,852.0366808570398,-1.8937395745052612e-05,0.0009622016302596,96,69,96.06592826343235
19762,967.3479230311184,163069.67438888966,75737.31727799533,77185.01294240242,2211.0447978205048,720.0587310974079,471.0549251411285,867.0599686067144,6.818198448427876e-05,0.0115245391616482,96,69,96.06734282239044
19763,967.35080451266,163005.74042356943,75750.93770665863,77221.19483830417,2184.3302142969333,711.1470626394002,464.9768663183786,877.4353190255642,-1.147062221622703e-05,0.0170568084295844,96,69,96.06874722087696
19764,967.3685210872452,163054.53916176516,75749.51411770216,77193.56474383264,2161.5779597318033,701.3249006510014,457.76340631581843,887.8064315712836,3.381936224324891e-05,0.0130074746288395,96,69,96.0701414421646
19765,967.3710064291364,163014.0672232431,75753.4966989842,77214.32267013479,2125.707400052983,686.2512659671338,446.9246697362396,892.5148422234051,2.521625951608356e-05,0.0237987483573165,96,69,96.07152546982414
19766,967.3878435976776,163026.23440103146,75740.45060097876,77217.79987726771,2093.166193434852,670.9581076455215,436.09027175503434,897.1911776793713,-3.226118653589521e-05,0.0394141260065465,96,69,96.07289928772636
19767,967.3907872047076,162991.82482542912,75775.43244585938,77195.85248405617,2051.327375582827,653.8710177468747,424.34226431601564,897.8836435894482,4.050607079251635e-05,0.0456043476154796,96,69,96.07426288004164
19768,967.408473072466,163034.41242313792,75760.75774650509,77182.12035850513,2019.0827069840743,641.6453005799704,415.95211523913895,900.9829941966746,-4.37052062509162e-05,0.0569262894193169,96,69,96.075616231242
19769,967.4108908981616,163034.43413832705,75731.90541514232,77195.16803218929,1984.5651450459263,632.6410859551252,409.5420362823352,902.8785224715248,3.619516499238608e-06,0.0716098215471487,96,69,96.07695932610018
19770,967.4277709665784,163021.4661035434,75738.95415161138,77205.39112868744,1967.7472352305194,632.3619660478143,408.3374468439142,909.7750897657534,5.379784113672881e-06,0.0805928012552784,96,69,96.07829214969188
19771,967.4307723026184,163007.95063061584,75738.89764611764,77196.94264567287,1956.5166441695183,636.8613129790465,409.4428097704367,917.3548879892041,-4.2284868035897126e-05,0.0645807450896996,96,69,96.07961468739572
19772,967.4484169685636,163006.92464203096,75755.22171256329,77207.6791708724,1967.5166717476095,648.6355324079632,414.42862594671897,929.7700389891688,4.120609269529682e-05,0.0566225600791845,96,69,96.08092692489394
19773,967.4507745822348,162996.33336260324,75750.73326836125,77204.37157348235,1983.6536263457383,661.0796357148502,419.27815835154615,940.7589159834606,-3.495639974655263e-05,0.0405500749271984,96,69,96.08222884817322
19774,967.467705558342,162962.05230521268,75747.37001628445,77205.20172393275,2017.3289623206365,675.5627113321825,425.5442866511876,953.3616195420618,1.4911112918742795e-05,0.0130889988677143,96,69,96.08352044352542
19775,967.4707584880548,162966.20040725212,75733.46281964562,77198.34254744867,2047.510347033036,685.6124772618787,429.868149941467,961.2722717340803,1.845212148864568e-05,-0.0103532937807728,96,69,96.08480169754812
19776,967.4883527849864,162983.1847191334,75746.10864817162,77191.27579635225,2082.369811541226,693.4242899506062,434.4463016013615,967.6768512300914,-3.289648148522835e-05,-0.0517100641185763,96,69,96.08607259714522
19777,967.490658495642,162973.80916775434,75740.27755656982,77224.70216893239,2099.1025577772525,693.9449867368821,436.34214419469936,967.2820182453725,4.701877765702082e-05,-0.0787907792062655,96,69,96.08733312952792
19778,967.5076475674832,162975.79382322123,75738.23007706528,77206.59622780606,2108.281145513989,691.2637877365632,437.9477702744189,964.9139676135965,-3.281969040785339e-05,-0.097837209413179,96,69,96.08858328221486
19779,967.51074447065,162984.42474092555,75740.4692370029,77200.56739576856,2092.0274495281046,681.8225920552359,436.10539677232737,956.8681047136488,1.2245126634492894e-05,-0.111361302127396,96,69,96.08982304303323
19780,967.528280670418,162977.56829766976,75781.04714236941,77200.4140192089,2065.545628651569,670.2225164208212,432.61705880827503,948.4721228031849,1.511523901585326e-05,-0.1108820848115176,96,69,96.09105240011915
19781,967.5305436837752,163050.38370787926,75736.81328779549,77212.63290369794,2015.987469642656,652.9891480133228,424.08473568919,936.1986144697003,-3.8178982320464926e-05,-0.097878794445532,96,69,96.09227134191812
19782,967.5475969912624,163008.52845175806,75760.05698216475,77202.8666714742,1963.1649430428515,634.823515794269,412.8003034184221,925.4352274852572,4.2590137250865374e-05,-0.1034581970603273,96,69,96.093479857186
19783,967.5507289864194,163038.07308601297,75774.64972378753,77206.05802676293,1896.3605761090294,612.1896015814273,396.3691373716574,912.3776546342124,-3.536369995522189e-05,-0.1011678158948058,96,69,96.09467793498916
19784,967.5682009388544,163039.94262512182,75768.15164658289,77198.28576855267,1833.4796170090558,589.350593183146,378.1332731502189,901.4753938727081,1.00254251622361e-05,-0.0823384973738703,96,69,96.09586556470552
19785,967.5704311706196,163056.4056639939,75773.42154275547,77227.51003806105,1761.5013039070182,562.680436227558,356.87328657263424,888.3326227661164,1.595867597048209e-05,-0.0814358674505842,96,69,96.09704273602472
19786,967.5875536586192,163079.478374436,75769.42584197091,77232.05921591524,1696.8973560406594,536.7395891987253,336.8616645398142,877.3305512611696,-3.738099295262616e-05,-0.084610867634088,96,69,96.09820943894891
19787,967.5907107966132,163101.34034077858,75728.1110493846,77200.66049289121,1625.8770430704462,508.1592523242871,317.0684213062341,863.9187964150042,4.430542744839336e-05,-0.0729324074177901,96,69,96.0993656637934
19788,967.6081140941284,163125.9029162886,75772.82246859101,77218.95738049317,1563.30826233048,481.305471191401,300.89590085847885,851.780010848568,-3.300156210313992e-05,-0.0689922918449327,96,69,96.10051140118668
19789,967.61032190095,163113.19258229592,75763.28951456516,77213.07413308423,1495.597470423032,452.98277276961016,286.1187538707163,835.9204882118502,1.0697299454433084e-05,-0.0730084920317597,96,69,96.10164664207164
19790,967.627517272772,163135.49162474507,75743.8110624536,77225.5227221741,1438.4633834291599,428.01559065963374,274.95639810035937,820.1165787237405,1.7572870635165525e-05,-0.0604435209047996,96,69,96.10277137770528
19791,967.6306886714228,163158.4403965891,75736.56539010844,77199.14072911425,1378.605167508009,403.5678164829442,264.28102587291505,799.5558737428801,-3.75401121814029e-05,-0.0658227689425706,96,69,96.10388559966012
19792,967.6480208706218,163205.86646108152,75773.31363754491,77204.87048726188,1329.7574245842989,384.11405176253174,255.67130115424516,778.1945730453881,4.394284991842042e-05,-0.0642972469077657,96,69,96.10498929982413
19793,967.6502166564876,163185.0260984157,75768.22338905711,77209.61931747722,1277.8033297474612,366.42733120100456,246.16585073890747,752.0128186589282,-3.306071755775181e-05,-0.0581043654226537,96,69,96.10608247040122
19794,967.6674874940444,163244.68205961894,75771.09720807541,77200.45974427556,1235.901343727368,354.2420585044456,237.90871412915294,726.2208766947442,9.185000145603875e-06,-0.0669163304317502,96,69,96.10716510391184
19795,967.670661323518,163289.40860633826,75754.08160141378,77221.95436531887,1189.4050849356572,343.2722752546397,228.54812036355725,697.4394210399769,1.7657709620006816e-05,-0.0779803632163376,96,69,96.10823719319352
19796,967.6879223355022,163307.60177575354,75748.13090495611,77189.69095809493,1149.6859891915228,335.8664217754267,220.44922739174217,670.6753124932002,-3.838871211317188e-05,-0.0822240257242187,96,69,96.1092987314013
19797,967.6901158859088,163330.44130494195,75754.95417068506,77228.86338824233,1102.7692460872931,327.35130563308485,211.64476253348403,642.0995323567477,4.3626574145284665e-05,-0.0908535163324842,96,69,96.11034971200772
19798,967.707464145594,163354.33587325155,75774.03047714365,77225.27991953884,1061.4373168558814,320.4172293185402,204.74455214850605,616.3199220609677,-3.249200831183304e-05,-0.0833102493279294,96,69,96.1113901288041
19799,967.7106271754424,163401.32179302006,75771.10663605267,77221.9453791188,1013.5787626450183,311.26349365810165,197.83329665637575,588.6479546334594,8.568809077881401e-06,-0.0876026328741845,96,69,96.11241997590024
19800,967.7278202168357,163392.72051210728,75767.99324410487,77222.93277661991,972.2501833682181,303.18823588588566,193.04779718149803,562.8880789918476,1.8649927189436465e-05,-0.1085780643387198,96,69,96.11343924772504
19801,967.7300192113418,163437.82700768634,75753.09200975772,77198.54881122873,927.0476817700546,293.29121578048216,188.0784621349303,534.286660440499,-3.849607318766316e-05,-0.101884790927981,96,69,96.1144479390272
19802,967.7474478948096,163486.11827203474,75766.8945426004,77237.99270658316,891.3712611064548,285.2016183495143,184.43892542819958,507.3194054462365,4.372750769938309e-05,-0.0918750793975435,96,69,96.11544604487491
19803,967.7505834224676,163510.146573907,75772.57417670765,77213.685564893,854.0687993456959,275.876091260041,179.26671589541365,477.45698248560075,-3.179518505789294e-05,-0.0919715067802202,96,69,96.11643356065716
19804,967.7677183025808,163561.2720149131,75788.78666350039,77207.3402108796,825.4783094567247,268.12826458530617,173.61638991051586,449.1276404316304,7.808389835430232e-06,-0.0866429299354357,96,69,96.11741048208329
19805,967.7699232366429,163546.12714196424,75785.01996041674,77219.98009692345,793.4440019857138,258.73071533349867,165.12489337843726,417.840043217584,1.9330198994493368e-05,-0.0847021070308752,96,69,96.11837680518394
19806,967.787443750404,163597.79900729985,75798.03754493057,77205.21158152727,767.2534431829117,250.40690323682793,155.8178180422401,388.3246562743152,-3.895068732800351e-05,-0.0890494911834251,96,69,96.11933252631064
19807,967.7905201758356,163654.32491128653,75779.69400078092,77199.20156778774,734.8916177767678,240.2064169972582,144.6671042269736,355.798819143296,4.348974791118052e-05,-0.0832336675758068,96,69,96.12027764213724
19808,967.8076331002904,163655.91674464828,75770.83310225549,77212.59727189394,705.2574656671495,230.90180471491476,134.6382204037509,324.880938622111,-3.131491178796219e-05,-0.0702304735221647,96,69,96.12121214965909
19809,967.809799860874,163693.81570554728,75773.13423947047,77201.73989317165,668.5551607873058,220.08695407304913,125.3728697229526,291.1376018623414,6.9408676772377895e-06,-0.0784460650553507,96,69,96.12213604619406
19810,967.8275142968554,163731.24746622858,75786.44202201122,77224.73181451962,634.6660765701672,210.42722506259452,119.33374342901516,259.9948861358571,2.0011517680012117e-05,-0.0832847416296237,96,69,96.12304932938292
19811,967.8302071868608,163777.53799093125,75781.77187879312,77212.2164612439,593.967478807026,198.917455382325,114.69054974461324,226.78274471199256,-3.930084317321221e-05,-0.06765062879695,96,69,96.12395199718888
19812,967.8468021648898,163829.82951766343,75801.3550352374,77228.077672838,553.8391851257766,186.7928932022769,111.57971932165674,196.56490141397808,4.337049618739587e-05,-0.0590863670338321,96,69,96.12484404789872
19813,967.8499688658518,163828.32657843395,75744.38318760492,77203.29876881506,503.78482591570355,170.25668440076697,106.38395534656593,164.70969692021026,-3.068894796789292e-05,-0.0394796331026951,96,69,96.12572548012268
19814,967.8672822849776,163876.45262890233,75778.73052593826,77246.7967082111,447.53902585973265,149.4515823014226,97.82202814012999,135.65354714050773,6.1799818344980334e-06,-0.0265989482415135,96,69,96.12659629279442
19815,967.8705226406536,163894.67228652872,75794.53461014296,77229.67628269437,374.3097781962133,121.18593775991758,82.73628209182061,104.36444500891957,2.0749874668166357e-05,-0.055408223571573,96,69,96.12745648517216
19816,967.88729068752,163929.9362421843,75785.95435258074,77230.67713967123,290.1097481503384,87.83716659242054,62.13092864249484,76.00297490280354,-3.961961816087588e-05,-0.0553101741545682,96,69,96.12830605683745
19817,967.8897895967634,163937.5521829123,75786.726322782,77206.40784424929,192.96099120925646,51.06467298910138,37.32149145397125,46.84124221676029,4.3215954965367375e-05,-0.0512141396452812,96,69,96.12914500769712
19818,967.9073222190516,164000.81106591405,75782.59032107306,77248.43845882358,100.91998143238015,19.21707754052477,14.555425699742045,24.325282301782863,-3.0098255687668773e-05,-0.07289933915707,96,69,96.12997333798202
19819,967.9104251873332,164023.36393357057,75772.72569855742,77201.92934933363,26.864796571142506,-0.0,-0.0,5.939292562252376,5.364272928318719e-06,-0.0747130332237957,96,69,96.13079104824818
19820,967.9271939409632,164025.51425075598,75773.02711925459,77210.95431052512,-0.0,5.0269981052406365,2.199037697399035,-0.0,2.143245920959105e-05,-0.062642522584854,96,69,96.13159813937652
19821,967.9297218877545,163992.53953816887,75761.08110132768,77228.52039076015,39.439414983964525,41.54799994426139,26.421308845921885,4.02600249054376,-3.9958497135281135e-05,-0.0877304158306305,96,69,96.13239461257314
19822,967.9473155609973,164010.51120824253,75785.67786811269,77201.83198389926,168.05369493959006,115.01482769157155,76.14199392165756,25.463559243595228,4.303123778607021e-05,-0.0892430125763699,96,69,96.13318046936963
19823,967.950345982727,163959.80061129786,75777.9615045601,77190.17911756887,388.23043494916055,222.4270950252685,148.89306415177998,59.11012869721162,-2.949685844120416e-05,-0.0709465688697383,96,69,96.13395571162285
19824,967.9670818446166,163933.1650500249,75776.31791134307,77223.4185977813,695.7648579467786,356.5196063656622,239.21156181156402,109.68348348763539,4.560892073120494e-06,-0.0804735012885577,96,69,96.13472034151562
19825,967.9696736730426,163838.7301606274,75763.05828417667,77193.92541834385,1065.0933600130957,503.3257030454115,337.3739084347326,169.5689668864361,2.2126892115501323e-05,-0.0760559814525857,96,69,96.13547436155604
19826,967.987297704786,163788.11663543002,75770.03058030453,77202.9745015607,1466.630995043728,648.4049135493406,433.571956527303,241.65581758122426,-4.026347874614653e-05,0.047723715432732,96,69,96.13621777457884
19827,967.9902669297412,163706.80215190983,75751.9437430648,77199.57341816639,1861.1969193208497,776.9987820624519,518.0581552615622,316.26310173995444,4.2848267839372704e-05,0.2937412990641699,96,69,96.136950583744
19828,968.006965777947,163645.71591277278,75742.13170546285,77203.1847172699,2217.6126234282274,879.4126069197227,584.5657666490879,395.5163064370281,-2.88764489266004e-05,0.3224838548165991,96,69,96.13767279253818
19829,968.0096386197124,163569.19385756916,75772.14244145379,77207.73467921381,2509.263277678576,950.1355212019698,629.7099944031506,469.9856405238388,3.759392296957864e-06,-0.1961786957642814,96,69,96.13838440477376
19830,968.0272710048172,163520.0688198755,75751.59585128442,77212.66067074076,2724.3931307297316,989.589889550829,654.1200648439117,542.6700190446863,2.2810198837745863e-05,-0.3678425741600696,96,69,96.13908542458978
19831,968.030186681926,163443.8148913027,75742.67158897799,77220.2644198656,2859.984826300526,1001.4470003939641,660.6723321578756,604.6897973396117,-4.056127067813517e-05,-0.0739660991078824,96,69,96.13977585645132
19832,968.046847338398,163352.3393122566,75769.3764332066,77185.54433922617,2924.2912247580825,992.0937935358816,654.0259638797725,660.7956983894983,4.2643094528214654e-05,-0.1065626457350673,96,69,96.1404557051498
19833,968.049616727908,163334.9584585566,75753.72117142269,77215.26632703347,2929.852623955172,968.2771435537725,638.8676679159107,704.6763700176089,-2.8254008609380845e-05,-0.1067083236097064,96,69,96.14112497580314
19834,968.067232932068,163288.6311416259,75739.1023045188,77196.84527901132,2892.2505742796347,936.3990697632398,619.2761775292456,743.7200493599812,2.952320812361612e-06,-0.0728605310212998,96,69,96.14178367385576
19835,968.070108407113,163301.95171598814,75774.4641288163,77199.87358831444,2826.6301779446076,901.8326158367854,598.2080566750956,773.0804145450238,2.3482842286474396e-05,-0.0853950950088625,96,69,96.1424318050784
19836,968.0867236104484,163277.51065384044,75738.0958919081,77222.30650418958,2746.0321021880955,868.48317267948,577.4034678734315,801.4293092188309,-4.084497532384114e-05,-0.0662401045395148,96,69,96.1430693755679
19837,968.0896129977996,163229.68797045687,75765.17691271164,77203.52119670785,2661.9973163172835,839.3188131367933,558.013090723136,824.339076509088,4.242570320318552e-05,-0.0701751981253348,96,69,96.14369639174824
19838,968.1071743346612,163185.4762993326,75776.09516869261,77203.35996992569,2581.940218966629,815.634513290308,540.4789806258923,849.565306187229,-2.7619686436046863e-05,-0.0648452845651276,96,69,96.14431286036914
19839,968.1100450896728,163214.67870989814,75752.61153920335,77191.44583293262,2512.4076530357706,798.2740740074514,525.45382307627,870.4283327254525,2.1479665762231478e-06,-0.0536609326188401,96,69,96.14491878850704
19840,968.1265762141236,163153.13506192496,75772.762609281,77209.34506436744,2454.500592141412,786.3296928294731,512.9484888910083,893.197094017436,2.414935479858201e-05,-0.0510573007742904,96,69,96.1455141835644
19841,968.1296597700232,163162.8326088589,75754.03011209876,77186.58439755675,2409.370088265103,778.9650029416225,503.2200681179529,910.5607142022927,-4.111321895628533e-05,-0.0377825987012745,96,69,96.14609905327026
19842,968.1470267743148,163135.29843598563,75750.68119533765,77196.87539728088,2372.7678777169785,773.8557538227906,495.5061026539479,928.4268325692974,4.2194610401653386e-05,-0.0408884429931757,96,69,96.14667340567956
19843,968.1502147507794,163142.53054602456,75752.8385154397,77191.90115428911,2342.9277868094505,769.6931824222993,489.35114599135704,939.370101793349,-2.697706775879052e-05,-0.0368113042805442,96,69,96.14723724917332
19844,968.1671601189092,163107.46245515443,75736.25406400459,77216.5510852513,2313.7611418016604,764.235167904917,483.35169716351083,950.3147025712824,1.3426279599408986e-06,-0.0217436951864179,96,69,96.14779059245896
19845,968.1694973670524,163130.6267176589,75758.86695763301,77206.20661649431,2284.475051993679,757.2199753613968,477.12306092929794,954.6949280039116,2.480594969996524e-05,-0.0195900285400787,96,69,96.1483334445692
19846,968.1870501979604,163139.9001815683,75769.09117263931,77218.92012196449,2250.654034298961,747.6481956814096,469.866480213881,960.882115733024,-4.136841991737585e-05,-0.0182950086345624,96,69,96.14886581486292
19847,968.1901384361846,163115.75419791293,75741.56361809903,77215.42835584741,2215.130904169753,736.8180177326867,462.4992573496129,962.3005041197757,4.19487501208886e-05,-0.0013022390579487,96,69,96.14938771302438
19848,968.207055074046,163114.48806483948,75790.69038748079,77215.08894363222,2176.7504338923027,724.7682995867508,455.4709279719391,967.1578358683328,-2.632628477143505e-05,0.0061758672028216,96,69,96.1498991490637
19849,968.2094259093165,163115.8140305953,75713.35026305314,77192.24276357173,2141.5267020222964,713.4090705827257,450.5222044234979,969.0166296300886,5.375810310171669e-07,0.0067897211889424,96,69,96.150400133316
19850,968.2270390399726,163110.52518279673,75759.84003539193,77208.01236117087,2109.9356449158513,702.743779206532,447.95393560640514,976.4110453207686,2.545388009714076e-05,0.0184213951673061,96,69,96.15089067644156
19851,968.2300739925786,163119.04463953406,75758.87833078286,77186.46015944339,2089.1235478546587,694.6383739127923,448.6570739079325,982.0626251380891,-4.160901042081863e-05,0.0306343908096755,96,69,96.15137078942593
19852,968.246937426626,163108.42501292544,75760.2313994494,77207.53096924022,2078.5926745092147,688.8117826711095,451.4932342177199,993.7663801593008,4.168941034734087e-05,0.0296459439010061,96,69,96.15184048357892
19853,968.2493709446436,163079.7813436706,75764.80538180779,77204.33666666786,2082.954603774706,686.7861826925946,455.98419606278185,1003.8982371105521,-2.5666856037864195e-05,0.0428992747320367,96,69,96.1522997705356
19854,968.267020758186,163115.63497554744,75736.72440484786,77217.59754207595,2097.5329885243555,687.6029218926997,460.0796229742118,1019.861209461611,-2.667075230695236e-07,0.0318296676686949,96,69,96.15274866225496
19855,968.2700072505236,163065.65455666673,75725.46284776491,77193.29410847441,2122.906283260847,692.0172628211294,463.29565226694103,1032.5031056214648,2.6092705136541944e-05,0.0152473719857445,96,69,96.15318717102024
19856,968.2868161913984,163044.56591143817,75775.27688662181,77200.322141314,2150.3507770110155,697.9399896625109,464.2118458857003,1048.1959430318966,-4.183541919944108e-05,-0.0123385629069148,96,69,96.15361530943844
19857,968.2893278267526,163059.40267203175,75758.35739189429,77194.02788816628,2177.5414484100766,704.9547329742636,463.3802344701253,1057.7696405516472,4.141610187844998e-05,-0.044958471961953,96,69,96.15403309044048
19858,968.306996766064,163061.33694532464,75735.92733236408,77200.17275550147,2194.6911904371227,710.0323103509436,460.4010829804174,1068.1083591767238,-2.4999541791629317e-05,-0.0693012973620397,96,69,96.15444052728044
19859,968.30993713575,163045.5715517504,75740.84265649841,77207.20539932238,2201.050917754881,712.5391644944029,456.59594916176866,1070.0624891908956,-1.0703383515722508e-06,-0.0855089302047086,96,69,96.15483763353554
19860,968.3266928414652,163042.41627027327,75747.48951835358,77203.77988933277,2189.780350947287,709.8073941625771,451.6907583368884,1071.406988129398,2.672204439753235e-05,-0.1112131228021151,96,69,96.1552244231058
19861,968.329296704282,163050.19088888407,75778.03492129403,77209.50847141647,2163.54502932349,702.1232771803043,446.5262897693319,1064.6862414157076,-4.2047570275821736e-05,-0.1290461182639113,96,69,96.1556009102138
19862,968.346964790398,163070.36688025898,75744.68553982922,77195.87123012105,2119.017725359299,688.1865465432347,440.0499445218884,1059.0549079908815,4.1129077483737856e-05,-0.1204535850690011,96,69,96.15596710940422
19863,968.3498659407484,163097.99597074967,75765.49095590974,77224.24256741184,2062.119089215528,669.9043972054205,432.4511462805676,1047.0019408445514,-2.4324357124471992e-05,-0.1195367266617977,96,69,96.1563230355436
19864,968.366565640995,163091.91130748158,75755.73839308263,77207.2547096496,1991.7859399453737,647.2884491430887,422.31328455434414,1037.5643819969264,-1.8728191840217417e-06,-0.1221016783923066,96,69,96.15666870381996
19865,968.3692811239404,163118.8399692233,75761.6701702265,77214.41695809735,1914.8847156177508,622.8829069452477,409.82671309186844,1023.1711523534905,2.7341871203793983e-05,-0.1123334068113601,96,69,96.15700412974267
19866,968.3869181081628,163142.50027508914,75753.2463244642,77224.38911151384,1830.9962307011592,596.7191531870776,394.0178182309319,1012.1765810222132,-4.224529922265893e-05,-0.1178355181669813,96,69,96.15732932914185
19867,968.3898024317064,163144.0738640587,75762.9995146352,77191.04155722493,1747.220255861408,570.8768734449986,375.8517473001557,995.5624553232046,4.082847615266285e-05,-0.1090376386582327,96,69,96.15764431816768
19868,968.4064230548004,163156.28096264854,75734.49393426112,77209.21986115159,1662.899583530787,544.6899239950435,355.2897016850184,981.3779752606933,-2.364157115069835e-05,-0.1041348739453216,96,69,96.15794911329084
19869,968.4093012658326,163159.5341756253,75732.32450244478,77202.90954580353,1583.7934798728093,519.578862815426,334.17273177483,961.5698897631373,-2.673953466514001e-06,-0.1112442540603107,96,69,96.1582437313014
19870,968.4268155734952,163209.97444424333,75756.07664966559,77216.76826290048,1508.0931091249804,494.76575680634414,313.24338411170174,945.0224574249296,2.79518976979147e-05,-0.120297163642853,96,69,96.15852818930873
19871,968.4298611924936,163244.46836612525,75767.34750215086,77233.59877904951,1439.997051652812,471.89340340586205,294.6706377424707,923.7945610133756,-4.242863103561356e-05,-0.1300026339574476,96,69,96.1588025047408
19872,968.4470544568892,163271.70142709455,75779.5931903306,77225.06577053662,1376.3554986007512,450.4561556374392,278.8987441487261,907.0994607680477,4.051435601105999e-05,-0.1521022024773902,96,69,96.15906669534422
19873,968.4491949455464,163289.09547566393,75709.94608664453,77206.5581623137,1319.982001153112,432.0218433211412,267.12997048176476,886.2793000997917,-2.295144669675171e-05,-0.1486696652045187,96,69,96.1593207791832
19874,968.4668008153008,163297.5522732346,75775.5426890124,77215.2767829749,1267.0980945951887,415.6185728466662,258.4351100574713,870.1165161066456,-3.4734705457234848e-06,-0.1676495464428332,96,69,96.15956477463958
19875,968.4698182984836,163303.42383818302,75767.52477394526,77187.49297763502,1220.0628591238055,402.03588466439396,252.5663701305457,848.4838828998618,2.855194834397281e-05,-0.1770192089822144,96,69,96.15979870041213
19876,968.4869344464704,163327.27273250165,75762.88969359324,77236.10349419335,1175.4937552854535,389.66502598488296,247.5785809418303,829.1470993052935,-4.2597484630433846e-05,-0.1673468235352048,96,69,96.16002257551588
19877,968.4891261573528,163369.04320719474,75784.98335025842,77217.69379475845,1135.182662745763,378.7101657358289,242.7206396832771,802.6283212763665,4.018686828236079e-05,-0.176612359720463,96,69,96.160236419282
19878,968.5067784419692,163411.03072447242,75783.91344885874,77230.23650743604,1095.7700467790128,367.5412212928204,236.39328852508334,778.4556126647221,-2.2254197158888984e-05,-0.1840569631109347,96,69,96.16044025135724
19879,968.5097721043207,163430.48929231073,75795.74039764256,77242.77703442409,1058.673840512114,356.6597608056327,228.7322570286633,748.0398624838854,-4.271085982220739e-06,-0.1923952276654962,96,69,96.1606340917031
19880,968.52681079294,163474.1029737598,75792.27963074206,77205.09368627181,1021.1665520333336,345.09973041051126,219.3326725345105,721.3710425226309,2.9141834439964548e-05,-0.1956676914563062,96,69,96.1608179605954
19881,968.5290660264784,163517.4137438353,75791.6704601507,77242.99975613848,984.5061117979931,333.7261437936686,209.15962742894772,690.419594173407,-4.275182095430165e-05,-0.1873137885185084,96,69,96.16099187862368
19882,968.5467564901496,163518.35616675264,75787.89844769762,77209.88612970129,946.818941915466,321.95025901558984,198.36893076321576,665.2351657194667,3.984612479898668e-05,-0.187612890834712,96,69,96.16115586669116
19883,968.5497187392236,163561.57305196303,75756.78435518265,77237.73887869499,909.3755595461698,310.677295489324,188.04265418372233,636.3431943252508,-2.1550077292487578e-05,-0.1862595972641395,96,69,96.16130994601347
19884,968.5666861239342,163572.17750853274,75767.12435164659,77217.22757623321,870.9277561382041,299.4021471347223,178.35561985289678,612.4643620864372,-5.06654411643351e-06,-0.2009831139283717,96,69,96.16145413811834
19885,968.5690142418672,163606.02107812173,75794.9601200961,77210.00228663266,832.0113546815701,288.73341691498354,170.08160470236908,584.0230437806167,2.9721357372888984e-05,-0.2141018362194356,96,69,96.16158846484508
19886,968.5867336570724,163664.3168531241,75765.42030489302,77251.38263758329,791.8194248124491,278.09227554220706,163.10000493715052,560.1161926801433,-4.2891604895532345e-05,-0.1979918544531812,96,69,96.16171294834376
19887,968.5896586683288,163679.05423144405,75770.41141429343,77225.16318897426,750.6908699473133,267.82922022651474,157.5958555569523,530.682039090083,3.949225283602586e-05,-0.196983088583584,96,69,96.16182761107495
19888,968.6065608525118,163705.1711117345,75805.49899690214,77241.95280734594,709.0829386880505,257.3666602495068,152.9109247366432,504.5175760004495,-2.0839327822901645e-05,-0.2081036980169874,96,69,96.16193247580853
19889,968.6089717142752,163742.9378255889,75782.70213438678,77249.6841325714,667.5512984836241,246.74882962490665,148.56284268083982,471.94626234148745,-5.859573614758657e-06,-0.1995724642374394,96,69,96.16202756562356
19890,968.6267075966756,163793.761867017,75772.61793464948,77257.5208141561,627.7567058373825,235.35162239836063,143.6441246671602,441.84908100639586,3.02903360417112e-05,-0.1987129753689426,96,69,96.16211290390738
19891,968.629593472988,163821.17452976963,75780.00846001474,77245.9017624912,589.3719567664666,222.81894859143358,137.50499968393706,403.56570715643466,-4.301679858959371e-05,-0.2058796849285533,96,69,96.162188514355
19892,968.6464343788166,163846.86830887198,75776.72024303314,77212.48704895307,553.2426229742123,208.30804760682804,129.3910973019374,365.63033215893665,3.912538586829829e-05,-0.193134169169084,96,69,96.16225442096824
19893,968.648940374572,163919.2335193241,75799.41825451812,77244.88729631704,515.7965095749823,190.89387856320536,118.62400375879952,318.4711435282079,-2.0122193969166106e-05,-0.1898031718960174,96,69,96.16231064805513
19894,968.6666744358636,163938.0535237817,75802.63223051962,77263.03465604685,475.4426957205287,169.6624616363697,104.68121269074618,272.07100830890704,-6.649909666110424e-06,-0.1837437453706254,96,69,96.16235722022935
19895,968.669527069883,164039.63660190263,75816.62700791015,77271.15405276562,425.1666486947215,143.72358648445515,87.14644666135428,217.81983003081405,3.084858628195974e-05,-0.1536644004173047,96,69,96.16239416240956
19896,968.686302850582,164089.4748532676,75802.27452281295,77271.52312639661,363.5181704983697,113.3074463637895,66.5223729943682,167.34141676983563,-4.3127374825944895e-05,-0.1772309853576025,96,69,96.16242149981812
19897,968.6889271675736,164108.99780569517,75835.00861396629,77258.42185916168,285.91183748602634,79.38271276316664,43.982743038854096,114.38663576662657,3.8745657608240624e-05,-0.1929035472900405,96,69,96.1624392579808
19898,968.7066207486546,164181.6953660393,75837.59930947034,77274.51144820101,199.2033269990352,45.5215371427912,22.58298742491752,71.98076655340265,-1.9398924623580896e-05,-0.2024600386200403,96,69,96.16244746272626
19899,968.709488089991,164192.19157930868,75838.03514989938,77284.36447090094,109.27672844089102,16.457274209722527,6.095910226169508,33.6776561565639,-7.43728834021628e-06,-0.2345364190961464,96,69,96.16244614018451
19900,968.7269497130007,164280.65149960158,75855.65563161508,77252.4982723246,37.293507431983016,-0.0,-0.0,12.265506616764469,3.1395929285599555e-05,-0.2207065422336605,96,69,96.1624353167867
19901,968.7288999998706,164257.32152663148,75837.77655002549,77228.32046308681,-0.0,3.4982276727096178,8.901853327377466,-0.0,-4.322330903185122e-05,-0.2080457807759143,96,69,96.16241501926416
19902,968.7465608862448,164243.00102014103,75827.8760191972,77282.80783262823,25.611890788713936,35.20120358125132,37.358325797045836,8.505543126957491,3.835320914070553e-05,-0.220290656289188,96,69,96.16238527464776
19903,968.7494791382604,164239.79616315788,75868.012733083,77271.33800380836,126.329306388041,98.63450189915602,86.38222557297559,27.67600213875994,-1.866976881612161e-05,-0.2131357888007954,96,69,96.1623461102666
19904,968.766816973253,164201.20145716314,75842.78179466758,77298.63171960259,316.66264424996916,194.64617725650896,155.15200718137203,66.22857933453633,-8.221446103733558e-06,-0.2067575540043123,96,69,96.16229755374792
19905,968.7688334370856,164157.08877491174,75806.57606885661,77263.89251211395,585.2866775867878,316.29314033751143,238.12364984315354,112.34936154464958,3.193219029316927e-05,-0.2049315930647174,96,69,96.16223963301546
19906,968.7865266386308,164096.760110183,75812.83645616123,77271.09289749115,921.6974782780162,454.10733335491386,328.7836815476476,173.90801331403782,-4.3304581859646616e-05,-0.2035553084510464,96,69,96.1621723762892
19907,968.7894492154796,164048.75067772574,75827.23467596545,77254.31341724221,1290.1069523566985,592.9360073925345,417.69159581369604,237.72341985997627,3.7948183868823816e-05,-0.1191039368522398,96,69,96.162095812084
19908,968.806691156712,163982.3252568974,75825.03269231807,77290.56515208306,1665.2341258319211,720.3543592162314,497.73836592547013,310.26412366805016,-1.7934978600224968e-05,0.1248842531145484,96,69,96.16200996920936
19909,968.8087664061362,163906.363095691,75819.23300554372,77253.13306007755,2007.1789375921944,823.8380097294867,561.8968261704431,378.32938176757307,-9.002121396015811e-06,0.2187530353594531,96,69,96.16191487676788
19910,968.8265010230332,163844.36246466433,75811.63373487828,77279.99133419206,2299.8480049779755,898.8727756956941,608.0286750788509,449.0622946700023,3.245719852293556e-05,-0.2624271362166722,96,69,96.16181056415442
19911,968.8294069935532,163783.24944167733,75806.37606539461,77272.27249781202,2518.7747914793435,942.8732301658456,634.6507920694421,509.50404050102225,-4.337117961891557e-05,-0.5177605897674754,96,69,96.16169706105566
19912,968.8465674071834,163715.65964307255,75830.61607091903,77279.44263113385,2668.2345382132335,961.1762661181856,644.8214180932846,567.3209782221238,3.753072994333578e-05,-0.2190758228791492,96,69,96.16157439744896
19913,968.8487034570868,163692.55718941826,75800.51759628364,77258.42061402297,2742.6903585101245,958.2187591186084,640.6947511972394,611.6804401014524,-1.7194806652252442e-05,-0.2128129904700517,96,69,96.16144260360105
19914,968.8664797947253,163669.65141348718,75823.54811190037,77250.78099163133,2762.6316598410485,942.8785654971434,627.4238663248543,652.7276999099413,-9.779053780954132e-06,-0.2303187398259534,96,69,96.16130171006732
19915,968.8693546149163,163601.50811516453,75813.3873693493,77248.32532416035,2730.988683239848,919.0793643195793,607.4356078243582,681.1427169499511,3.297078664441024e-05,-0.1967884081070503,96,69,96.1611517476911
19916,968.8864449629796,163631.47049187092,75822.11498477137,77257.15615187449,2672.6255426954594,893.0539623473887,585.2974780777586,708.0668899835146,-4.34230924590906e-05,-0.2185050608231638,96,69,96.16099274760244
19917,968.8886463086976,163594.13777270587,75819.33429788837,77268.44255076427,2590.779328878154,865.2623670882895,562.2901188842079,725.7853699295956,3.710099959583814e-05,-0.1973424617361352,96,69,96.1608247412166
19918,968.9064605236416,163530.03217633598,75840.9488343022,77302.80561001324,2509.1786237067427,839.3135378844454,541.8221477316984,746.2624981727276,-1.6449508089481076e-05,-0.199195702371567,96,69,96.16064776023428
19919,968.9092930603724,163591.6684646163,75827.78781925072,77241.0734467286,2425.9999902162235,813.868689162613,523.7084183878906,761.0739756599651,-1.0551984321288062e-05,-0.1931091096543623,96,69,96.16046183663944
19920,968.9263240757774,163544.49282317545,75816.09510900846,77256.46619044708,2359.5351623907336,792.0944694762002,510.0667900958797,780.8167872439371,3.347279186015166e-05,-0.1832837637606045,96,69,96.160267002699
19921,968.9285957486368,163516.68877114882,75804.89668605993,77239.89944542703,2301.6260437247693,772.6854109353008,499.4548038301,796.4295529742376,-4.346031682714942e-05,-0.2005701467951945,96,69,96.16006329096128
19922,968.946441358886,163535.72985244732,75797.56444854595,77255.89871547547,2264.7180343517102,758.6670610082656,492.89234524563653,817.2911798041023,3.665914912450404e-05,-0.2123730444375755,96,69,96.15985073425524
19923,968.9492230260604,163505.03335828197,75833.60634560762,77244.73339787744,2233.5632003477076,747.4385532494634,487.71289704128867,832.4018848870473,-1.5699338881435493e-05,-0.2377996590564136,96,69,96.15962936568934
19924,968.9662053553002,163487.63975066607,75815.27648660856,77252.8449750468,2216.3263633341994,740.356160547788,484.19458621004014,849.6886678606097,-1.1320655812776812e-05,-0.2212669187122063,96,69,96.15939921865044
19925,968.9685520993056,163499.5653218002,75821.29977533474,77271.57941968227,2196.201460641809,733.3094592508132,479.5540942289517,858.6784884784429,3.3963054995799195e-05,-0.2043047669169372,96,69,96.15916032680292
19926,968.9864207009722,163431.08204232474,75825.97761789817,77260.64641005445,2182.424160049646,727.0158774299198,474.7111965800286,868.2174405387486,-4.348285311938777e-05,-0.2072027771547671,96,69,96.15891272408716
19927,968.9891451972068,163491.51366902288,75817.01009439728,77284.4936711989,2159.0758330405806,717.5828896175226,467.8529101033346,868.8433666062483,3.620533836769532e-05,-0.1937256400758247,96,69,96.15865644471864
19928,969.0060895234258,163500.12541313778,75800.92408941154,77279.88293902486,2138.1902526859776,707.2215641626244,461.18246209356585,870.8664322179975,-1.494455674594007e-05,-0.172411944595797,96,69,96.15839152318712
19929,969.0085154008044,163496.95594783913,75821.31737206565,77261.452370724,2107.4286867944174,694.2009990529623,453.946174576442,867.1962459035567,-1.2084812458200788e-05,-0.1618651941965392,96,69,96.15811799425498
19930,969.0263970782908,163462.6652216418,75768.29281589751,77256.18871287724,2082.084434302058,682.6848792119417,448.7736700779351,869.0045102568984,3.4441421289478534e-05,-0.1569381423182526,96,69,96.15783589295634
19931,969.0290603703364,163501.17517276047,75823.6053558235,77242.33016162484,2050.8340882285847,671.84996170862,444.4673679347907,868.4619640771416,-4.349070708289298e-05,-0.1324634420000933,96,69,96.15754525459586
19932,969.0459772757456,163508.57971772036,75787.32750018667,77265.71997420488,2030.1175422482193,665.9244361978635,442.90441040537553,875.2259870998096,3.573973173148851e-05,-0.1187089865744017,96,69,96.15724611474764
19933,969.0484855214844,163511.871709678,75833.99594859174,77251.19137642063,2009.3539300190168,663.371595856981,442.1281968287367,880.5122382236586,-1.4185420713805493e-05,-0.1178658640980262,96,69,96.1569385092536
19934,969.0663690753632,163454.74728672375,75791.05602358807,77232.77458158492,2004.0631391884526,666.9332370337797,443.36905718329945,892.1525894540828,-1.2844200674931627e-05,-0.1081692556653387,96,69,96.15662247422338
19935,969.0689695377836,163457.6775247068,75796.86985756744,77269.10609531694,2000.3746664352948,673.1308596898307,444.19022745857364,899.7379795363813,3.490774005935351e-05,-0.1198513342963726,96,69,96.15629804603172
19936,969.0858691620977,163484.00903759088,75802.13225630473,77263.21583456245,2011.0448944471427,683.0906303557276,445.81895320216427,910.6563025939395,-4.34838893576666e-05,-0.1263426342844485,96,69,96.1559652613181
19937,969.088462269308,163447.07015783424,75809.26113768,77271.08324586072,2020.455786802282,692.392631054041,446.19835122616496,916.0337350171758,3.5262496812552674e-05,-0.1509864403620356,96,69,96.15562415698552
19938,969.1063352480272,163476.20679982545,75812.14979625674,77287.6546815776,2039.5071439272724,701.6297156239452,446.9181580457953,924.2689504264272,-1.3422190822617212e-05,-0.1862230221852988,96,69,96.1552747701987
19939,969.1088739952206,163437.05097873174,75815.76480117365,77239.71728690948,2050.5686780980905,706.3343612577155,446.0938631160534,927.179003707628,-1.3598568170349772e-05,-0.2221517114955969,96,69,96.15491713838348
19940,969.1257654256412,163486.11783641172,75803.57065487232,77244.67304089417,2064.199484102661,707.7122456925572,445.4079186512972,933.480762707768,3.536186478848108e-05,-0.2461779375251944,96,69,96.15455129922516
19941,969.1284455697948,163463.28471888916,75809.26180464358,77240.06073968096,2063.746584828419,702.5055445499893,442.98262759594945,935.4518647194782,-4.346241557680805e-05,-0.2712784979647324,96,69,96.1541772906673
19942,969.1462939488011,163456.82252621953,75797.09078418471,77273.85537784293,2059.9183386536897,693.0312535385892,440.18105884920806,940.4433700483933,3.477380534171453e-05,-0.2908747447059717,96,69,96.15379515091033
19943,969.1487755648612,163452.75277313395,75802.14280832528,77258.96663364174,2036.0691171854269,677.1208756915148,434.7055282345682,939.1297955440532,-1.2655128643762262e-05,-0.2803882375994588,96,69,96.15340491841062
19944,969.1656656839432,163467.1921693593,75811.68079804153,77246.9842158764,2004.6179737747298,658.1799206051655,427.7113864013809,937.8829694240412,-1.4347665059882516e-05,-0.2793281496132807,96,69,96.15300663187864
19945,969.1684358633084,163470.11998106792,75799.50835772345,77294.70897782677,1952.4687841415289,635.1601842285891,417.1022196835838,928.1236985876458,3.5803653296428886e-05,-0.2762591712165094,96,69,96.1526003302782
19946,969.186242856162,163460.10040461505,75789.7994082625,77231.62982720393,1894.7643056640518,611.8831130374892,404.3744110017724,916.6374645439209,-4.3426306140081934e-05,-0.2611208975972767,96,69,96.15218605282446
19947,969.1886772187128,163529.96838097362,75792.8541654855,77248.92255791783,1820.8793087436352,587.2591196777212,388.079666662059,896.029501851066,3.427383268250785e-05,-0.2552905103264494,96,69,96.15176383898329
19948,969.2055680514694,163553.73338479977,75779.42832254752,77271.16870820361,1748.3997901273542,564.5267202339164,370.5806971829152,874.568677305564,-1.188449648418755e-05,-0.2658475525532169,96,69,96.15133372846924
19949,969.2084353021984,163591.90683577163,75801.51873508365,77242.72439654391,1668.6370165060507,541.7645414806029,351.3605524416198,846.7948865139915,-1.5091242812644137e-05,-0.2543212589328955,96,69,96.15089576124488
19950,969.226177342602,163585.2707028482,75790.14056236838,77326.98985441585,1597.7062125329976,520.7752520419017,333.1616663385066,820.9900703342864,3.6232967455162194e-05,-0.2415793260862453,96,69,96.1504499775186
19951,969.2285854293932,163605.79457449514,75802.28932774301,77262.76339176396,1524.2671108944342,498.6176738166396,315.4551878546481,791.4966614438163,-4.33755868214144e-05,-0.2346103193800239,96,69,96.14999641774408
19952,969.245465591193,163654.8307809716,75822.71208587427,77271.59304727492,1461.7668488694471,476.7500471001258,300.53096093042404,766.1732740641455,3.376275794232422e-05,-0.225726701102308,96,69,96.14953512261818
19953,969.2484532642134,163678.45950417433,75797.7761115708,77238.49934399204,1397.5054858307121,452.98803711317305,287.1959569476021,739.5608257795684,-1.111055790933269e-05,-0.229148046568829,96,69,96.14906613307984
19954,969.2660814813404,163750.56711174056,75815.31962656454,77264.44351738048,1342.6624290429172,429.69241710560163,276.6615054642607,718.2767422610486,-1.5829056107555807e-05,-0.2261828668578221,96,69,96.14858949030872
19955,969.2685260667934,163711.0889194734,75787.98356077992,77250.15829244014,1284.2195977150113,405.96606077239267,266.93483323344844,696.1029094119731,3.664967394622947e-05,-0.2142944397092953,96,69,96.14810523572372
19956,969.2853147715072,163751.0145176693,75802.18712168973,77276.17830708338,1234.2485028339433,385.0187427327619,258.79641206449014,678.8278832277574,-4.331028791644637e-05,-0.2089903861907129,96,69,96.14761341098112
19957,969.2885830831402,163776.04411137942,75817.66002108883,77280.72101759558,1181.9967305242317,366.4470165394014,250.44687610122492,660.2946747321985,3.324076377053815e-05,-0.2147733966124404,96,69,96.14711405797416
19958,969.3055931114956,163798.36012112937,75800.60233393406,77250.36869992215,1138.811926613329,352.62917821956216,242.84163374188938,645.0343040631851,-1.0333576924451728e-05,-0.2230981292345326,96,69,96.14660721883004
19959,969.3078443406932,163800.62463889318,75827.5720472567,77273.03126448023,1093.8786580754095,342.05149913018977,234.6948411356134,626.9877165807411,-1.6560860537927826e-05,-0.2295752320268471,96,69,96.14609293591012
19960,969.325438050278,163827.8295086009,75812.03261911705,77256.4295300459,1058.110969140369,335.5095242519601,227.3775705495209,611.2009945309546,3.705364321202739e-05,-0.2355801341995459,96,69,96.14557125180704
19961,969.3284602143176,163863.2810017363,75804.65662220445,77264.51966649358,1019.4694135836326,330.11985855533567,219.8418372690794,592.1019758823095,-4.323044455563778e-05,-0.2314202526635574,96,69,96.14504220934406
19962,969.3455231272457,163852.566621224,75792.94212406769,77266.12942186087,987.1469264691696,325.61075283400714,213.35021060687723,574.5895034470013,3.2708035996942114e-05,-0.2310541980750785,96,69,96.1445058515732
19963,969.3477417845158,163895.6366619619,75802.88072127942,77243.40440266914,950.2962836596416,319.4132668679522,206.8956535482139,553.991835148976,-9.553818796081296e-06,-0.2379172454336066,96,69,96.1439622217738
19964,969.365447803387,163906.1502885425,75830.97173470675,77263.48200692175,919.064459839894,312.0078632686782,201.48768813797506,535.1970967213274,-1.7286414771365867e-05,-0.2220804148066015,96,69,96.14341136345097
19965,969.3683825997152,163967.8061477554,75789.93405450312,77254.98189872033,883.80069534824,302.177429587653,195.88888764681178,513.364525182551,3.744475077686808e-05,-0.2177524948895137,96,69,96.14285332033413
19966,969.3854218520644,163944.58252199038,75806.3733759714,77258.79101400508,854.0058195401798,291.21077691062237,190.667520939518,492.3168789985357,-4.313609709510282e-05,-0.2192839916933725,96,69,96.14228813637524
19967,969.3876664674324,163977.58107758724,75798.54117387201,77244.64980684985,820.6408556966926,278.72579459332337,184.5700275748386,467.4816582328349,3.216476461256526e-05,-0.2105467929578073,96,69,96.14171585574772
19968,969.4054444226248,164020.7447460322,75767.93338873994,77264.12889057239,791.7821885729209,265.9261675306334,178.1415356573416,442.5069944043935,-8.77154916922438e-06,-0.210228549148719,96,69,96.14113652284402
19969,969.408306929726,164033.73477300027,75804.2984850967,77272.95959655436,757.5992083722958,252.4739917570405,170.53877548329183,413.43805045314366,-1.800547954517398e-05,-0.2034765644609452,96,69,96.14055018227506
19970,969.4253136665131,164072.34545861284,75790.91852653195,77245.65553018537,724.887653873302,239.27255531825358,162.66335594665725,384.21652528466075,3.7822876240586415e-05,-0.1909926924453867,96,69,96.13995687886786
19971,969.427604344323,164089.75151336088,75813.23175754104,77259.96397034916,685.8273874994484,226.37271904379304,154.28553723462392,352.4897689691279,-4.3027290538413294e-05,-0.1736467091357834,96,69,96.13935665766424
19972,969.4454359010186,164139.8204657522,75826.89557708561,77261.89914938236,648.038268274162,214.50340559933102,146.29546088841744,322.52179161977256,3.161114240608166e-05,-0.1821136702675264,96,69,96.13874956391928
19973,969.4482270029604,164174.50408661162,75785.67867071085,77264.37862837211,605.0931491029332,203.5364238239854,138.16735044089728,292.0099096625927,-7.987034440348825e-06,-0.2307470790270963,96,69,96.13813564309942
19974,969.4652042176244,164218.0445675243,75798.16308430152,77281.873698669,563.4284414774738,192.82807370144292,129.80594327719882,263.70710590222734,-1.8717817966859106e-05,-0.2205125166192142,96,69,96.13751494088116
19975,969.4675519342994,164229.8499216946,75796.49963564688,77262.11850398044,516.2887665207381,180.85833023987652,119.89124260173412,234.45521799181006,3.818790360904193e-05,-0.2174825625786015,96,69,96.13688750314914
19976,969.4854235919782,164280.67712290314,75823.62135679733,77264.09885686959,466.80094040418044,165.15559168996697,107.50390771904495,205.250455077301,-4.2904074776042666e-05,-0.2236160181383221,96,69,96.1362533759947
19977,969.488141155298,164256.67447766243,75806.21864456886,77260.64618247509,406.45558506966336,143.9637213197857,91.47278435440967,172.66909839905566,3.1047365530997414e-05,-0.2098070963062984,96,69,96.135612605714
19978,969.5050961384565,164316.25116013057,75830.64503748652,77257.24152502792,336.9736190774711,115.81103089434328,71.70610544719966,138.07762672187528,-7.200541538635293e-06,-0.2063507346464523,96,69,96.1349652388065
19979,969.5075076899656,164349.11855639602,75827.45050134546,77284.82063741768,254.29126227617962,82.47908274753718,49.233604148961604,100.95247997681145,-1.9423195830255197e-05,-0.1886052038577907,96,69,96.13431132197324
19980,969.5254073693002,164392.7279429248,75828.74242997951,77261.64618902546,166.69443588040303,47.03523189511907,26.68368120334344,65.24035107207601,3.8539721822880925e-05,-0.1822035094831042,96,69,96.13365090211512
19981,969.5280490199608,164465.26858106774,75853.51270129628,77268.86793309664,82.05311235744739,17.057252366954344,8.514057133899769,33.51049623163999,-4.276650437975164e-05,-0.1788461700648211,96,69,96.1329840263311
19982,969.5449911512555,164482.71454401244,75841.53710082783,77284.50986768125,20.060622129007243,-0.0,-0.0,10.756051617558114,3.0473633942144928e-05,-0.1599505516847105,96,69,96.13231074191698
19983,969.5474705543302,164467.80844360127,75807.63248452276,77265.14339606636,-0.0,6.097968296526233,7.1312687295430806,-0.0,-6.412337621414889e-06,-0.1545828998573865,96,69,96.13163109636275
19984,969.5653866697614,164455.62384974005,75815.45754844304,77287.49545944144,44.45383073197445,41.34316892782226,34.0263846294838,4.055364638479659,-2.0121380999505677e-05,-0.0343234653781552,96,69,96.13094513735206
19985,969.5679507865868,164398.85336566935,75827.08106811103,77286.91483358586,168.5578519826522,111.13753307968727,83.20299139269628,23.75444051955128,3.887822390564262e-05,0.2304637085772841,96,69,96.13025291275903
19986,969.5848905796528,164424.27454155384,75814.9042145754,77271.21417471256,378.70730962679954,212.27798043329676,152.64418034433038,58.52751659200294,-4.26146389201007e-05,0.2234425627684265,96,69,96.12955447064805
19987,969.587439571726,164370.69857297456,75812.41950870548,77268.25994174348,668.1312308199122,339.53423847054364,238.00551072211238,107.0455778116011,2.989015004015652e-05,-0.3188977933160443,96,69,96.1288498592706
19988,969.6053608204816,164318.95589916303,75826.2347088463,77268.94529366874,1016.0155919147073,479.1949728906329,330.73733896631165,165.89065450945054,-5.622690549765968e-06,-0.403964882248691,96,69,96.12813912706464
19989,969.6078469538202,164227.19720234847,75798.59147965038,77269.0367858824,1393.6383652352379,619.5415827367833,422.5954677295813,232.40868585725548,-2.0812144837048157e-05,-0.1114835809670254,96,69,96.12742232265218
19990,969.6247955090314,164171.36220410955,75803.42446803498,77236.88926557901,1764.8395094668376,744.6470979442092,503.92591104551684,301.48992111789994,3.920330775874819e-05,-0.1661003175511293,96,69,96.12669949483754
19991,969.6274137584444,164095.1198300506,75806.95994683038,77263.43904420704,2099.4600450448925,846.2951455800649,568.9672260773077,370.6084544985788,-4.2448542936806175e-05,-0.1375860890779709,96,69,96.12597069260562
19992,969.6453291754796,164018.46976487015,75833.60879665069,77298.96868901407,2370.130221915082,915.7910045817553,612.9068251788558,434.77224769137683,2.929711992931802e-05,-0.11086524919334,96,69,96.12523596512035
19993,969.6477382194372,163978.16110343992,75796.80409907489,77256.57634648924,2566.604371718073,954.8838694915466,636.5613454265404,493.6166395294713,-4.831868025084207e-06,-0.1291069684373508,96,69,96.12449536172244
19994,969.6647068429622,163902.53998843092,75794.3864015852,77241.04287378227,2683.238632194232,963.8148481229873,641.1099553421664,543.8061403127213,-2.149526046472184e-05,-0.1066744030383305,96,69,96.123748931928
19995,969.6673920575636,163896.44356934124,75792.98733174255,77242.71286536178,2731.84948675154,951.5577864816732,632.1178220758156,587.6541281694954,3.951487604323983e-05,-0.1247275946785954,96,69,96.1229967254262
19996,969.6852911872973,163846.8641996718,75811.83420192913,77285.73502576856,2722.117973930028,922.2999857529503,613.0814675819711,623.1644438555231,-4.226828512630119e-05,-0.1366674993987729,96,69,96.12223879207782
19997,969.687625415782,163800.76486484104,75797.30502865437,77267.26992956112,2676.0437981939176,886.5786459248484,590.020061781921,654.4001077855937,2.869475235306204e-05,-0.1254442065954651,96,69,96.1214751819134
19998,969.7046253250182,163802.91791418835,75794.17386510874,77247.78988825055,2604.2552847935003,846.9635410601331,564.8184342290333,679.0932387883659,-4.040138028778603e-06,-0.1178330184218276,96,69,96.12070594513088
19999,969.707373325556,163768.73980959738,75816.80728897675,77266.80810533672,2525.7570852122153,811.2459341120557,541.3711210276524,701.3894154939917,-2.217050443512365e-05,-0.108439673972775,96,69,96.11993113209458
20000,969.7252464530432,163701.77704982302,75772.86945972574,77246.9753926091,2444.085709265608,778.5872544633312,519.3763713042717,718.0961565180914,3.981283560128961e-05,-0.1008021575085472,96,69,96.11915079333252
20001,969.72750946001,163726.03605028772,75791.9964751417,77277.25478796508,2372.2668275629403,754.1169904378185,501.4245375295286,733.7335194258776,-4.207393944493608e-05,-0.0865948178418225,96,69,96.11836497953516
20002,969.744551550804,163717.25361992666,75810.5727554978,77266.08874748721,2306.2497387418407,734.0080415647681,486.01408952617203,744.3357530510111,2.8083259203527998e-05,-0.0802470461096406,96,69,96.11757374155296
20003,969.74735633054,163718.80450002043,75811.17941095307,77278.57608202987,2253.832621965441,721.1354121840122,475.0092962284398,754.6876596929505,-3.2477689231928902e-06,-0.0622075724443864,96,69,96.11677713039477
20004,969.7651947506848,163704.06323641384,75806.27384174336,77244.80069172588,2205.964083087223,709.7028046156483,466.04167474238784,760.3323024857964,-2.2837656078371896e-05,-0.0606835038673243,96,69,96.11597519722598
20005,969.7673913060888,163680.45971707255,75785.05808668378,77248.47176337392,2168.0896484545083,701.5239544877695,460.2795060017088,766.6441723635362,4.0097098620096606e-05,-0.0527028690268725,96,69,96.11516799336648
20006,969.784485982296,163661.87678408486,75781.1585280484,77236.0151300924,2127.880989312427,689.7617868220841,454.30016921443166,768.2732728151313,-4.186558446551893e-05,-0.0210097838719596,96,69,96.1143555702887
20007,969.7873397511202,163706.8179643431,75780.14605436403,77254.79480861718,2090.556575600407,676.7617816731654,448.922274043347,770.8649235290941,2.7462855126403504e-05,-0.0044217990148489,96,69,96.11353797961588
20008,969.8051360751218,163669.34231597942,75802.87183003615,77260.49311168469,2045.2359066335484,657.7347646236303,441.10089991800487,769.0289073791064,-2.455028568288008e-06,0.0043346638819799,96,69,96.11271527311976
20009,969.807271889478,163650.76160738972,75829.35816656848,77249.78493116607,2001.8060989357182,638.543864382329,432.993770548841,769.7431627059123,-2.3496497361635685e-05,0.0233565742797475,96,69,96.11188750271891
20010,969.8244289744446,163677.443850133,75792.84794530651,77290.09625636441,1952.6823061713367,617.3155071194778,422.75014373348677,767.3559340340726,4.036758140557901e-05,0.028241674417133,96,69,96.11105472047694
20011,969.8273221649462,163718.0546749308,75795.8458366853,77252.43234804904,1911.7058405157877,602.120812498717,413.7400465416431,769.4093625745445,-4.164330296234231e-05,0.0266221662645727,96,69,96.1102169786
20012,969.8450706851896,163664.4730962073,75790.15937967703,77243.23201445029,1873.299599725753,591.4694927858218,404.7484610583051,769.8851106715738,2.683375804360124e-05,0.0241466441543543,96,69,96.10937432943533
20013,969.847152052229,163630.80976536713,75755.67787750722,77250.27211254975,1852.0133089363226,591.8864697272948,399.3426510624995,776.5791404801712,-1.6621851107972265e-06,0.0050220962337227,96,69,96.10852682546904
20014,969.8643808291616,163654.07570565358,75812.79796231033,77247.5818246103,1838.6677598022507,598.0699122996448,395.6535490853421,781.6886391361768,-2.414681353523084e-05,-0.0332276775674177,96,69,96.1076745193239
20015,969.8673020085148,163646.04021555206,75798.81444115669,77231.75420619137,1844.1463024370023,612.7753816945187,396.7436769142514,792.3228753405565,4.0624205189970296e-05,-0.0654499392870083,96,69,96.1068174637579
20016,969.8849991832474,163637.54023459594,75796.6331761718,77244.32530463964,1855.5121355450246,628.0670275248121,400.2900628615753,799.6688430852373,-4.140718285789473e-05,-0.0879478790327475,96,69,96.10595571166176
20017,969.88703242218,163624.47751982187,75790.75718448374,77263.41775582594,1881.3877593452344,645.8303127962572,408.8897098393063,811.0242958845629,2.619618792525948e-05,-0.1077858659082713,96,69,96.10508931605705
20018,969.9043419106432,163608.62306027842,75805.01403443632,77263.94334679017,1905.6925593677443,658.2066931418667,418.9549961600278,816.2827780516818,-8.695063207173307e-07,-0.1140748325799507,96,69,96.1042183300945
20019,969.9072774645388,163603.7886507278,75780.50821788264,77264.25208405407,1936.1793971281732,668.6011593637813,431.7447151936358,823.2616267705744,-2.4788392869946225e-05,-0.1200862065801229,96,69,96.10334280705128
20020,969.924922682868,163566.3115218928,75783.91161155612,77246.802991367,1956.7218992589042,671.2158876648609,442.4025872835482,822.5225503695256,4.08668962208547e-05,-0.1320154988865675,96,69,96.10246280032965
20021,969.9269131742836,163579.98519787382,75794.70351206303,77226.02905751471,1975.6699101770646,671.1584886513447,451.5077917681483,823.7509959654708,-4.115731664476165e-05,-0.1294249621077747,96,69,96.1015783634545
20022,969.944312917936,163626.19114114146,75800.71134372184,77221.57337862343,1975.9530182431336,663.091611982687,454.03441454839776,817.4620503373153,2.555036788617281e-05,-0.1429251367660187,96,69,96.10068955007152
20023,969.9472461474098,163591.8861957451,75803.2501283064,77248.99239426156,1967.0182930073352,652.4871755629138,451.6979270760494,814.3952059188159,-7.72592148348984e-08,-0.1472067755794118,96,69,96.09979641394511
20024,969.9648432404464,163620.002972222,75804.02719159547,77228.62027697352,1934.2729816999636,634.454723614399,441.39654222593526,805.0853987798037,-2.542102672356314e-05,-0.1514022577161838,96,69,96.09889900895634
20025,969.9667934310202,163574.32919375782,75787.144382952,77269.63571010825,1890.5978870051913,614.8227033571311,426.93543355257134,800.318192771927,4.109558509871389e-05,-0.1492032887436623,96,69,96.09799738910056
20026,969.9842956588692,163626.6639659363,75794.2072625039,77255.64591648572,1823.6825420765672,588.6154592877429,406.5475363515434,788.346110158076,-4.089380106516712e-05,-0.1294162316078041,96,69,96.0970916084858
20027,969.987204089359,163621.81729497583,75808.147834198,77228.24484482507,1750.077829115442,562.0368086264352,385.03208188229473,779.5192437437654,2.489652339591418e-05,-0.1247019023425017,96,69,96.09618172133034
20028,970.0047652858696,163618.0207411012,75784.28215968928,77217.91782255415,1661.0186778675998,530.6848916892195,360.9940960193926,761.8258943697438,7.142886592906176e-07,-0.1178653980090407,96,69,96.095267781961
20029,970.0066691829736,163645.56815832035,75791.67193772533,77271.23668009388,1575.214250874822,500.9469388711441,338.9770075128763,746.6410312272783,-2.6044509765471185e-05,-0.1173257662999554,96,69,96.0943498448106
20030,970.024296090982,163650.25812679942,75787.3291592915,77244.32292808952,1483.1914014308131,468.0533756887162,316.60491527212434,721.621257263294,4.131020736330269e-05,-0.1018048564518081,96,69,96.09342796441612
20031,970.0271411190286,163685.71608014716,75798.86440588003,77233.67329171937,1402.9623139222967,438.49710926407715,297.6283930541249,700.1222919496067,-4.061673774924147e-05,-0.0977449932647334,96,69,96.0925021954166
20032,970.0447031119568,163692.60974801748,75803.12003851148,77239.97345513958,1323.5395171970013,407.91189596036565,278.9460124479374,671.1814150537539,2.423488265231677e-05,-0.1063416634983787,96,69,96.09157259255092
20033,970.0465202444644,163748.6630182982,75793.88651335376,77270.52435115667,1260.0474149331567,382.7879081800347,263.6424019599508,649.3937504582864,1.5048710130727705e-06,-0.0920929882643005,96,69,96.09063921065577
20034,970.0643494877464,163740.337503013,75795.76866438916,77275.22015959254,1197.204823386448,358.1487292585225,247.94737585741677,622.1058619424584,-2.665863985482724e-05,-0.0946330414079462,96,69,96.08970210466336
20035,970.066982276832,163766.5149386962,75809.87510849924,77258.42970929727,1148.1243146801717,340.14317777604447,235.14139771385817,603.8397666176315,4.151070358888672e-05,-0.0989810802262561,96,69,96.08876132959972
20036,970.084903048354,163792.08891600362,75795.08274919112,77215.09098912048,1096.689996891073,323.3736214184901,222.01076310986537,580.5505151831603,-4.032623220315943e-05,-0.0990181900013447,96,69,96.08781694058192
20037,970.0870864098488,163760.5773646675,75803.39204169848,77233.50287419718,1055.818684567872,313.21805159580254,212.46197247997043,566.0578079755069,2.3565676196685023e-05,-0.1139394771366355,96,69,96.08686899281646
20038,970.1041780324564,163794.39284228117,75786.15154089755,77279.12991473351,1010.021454905218,303.6686189602624,203.6473617424781,544.8972002833616,2.29422164942807e-06,-0.1161700342128143,96,69,96.08591754159688
20039,970.1070126206752,163831.289159281,75793.01725151946,77244.4661370445,972.5354882433894,299.2824688750261,199.23869931983063,530.4578099994105,-2.726321795487837e-05,-0.111229895763141,96,69,96.08496264230168
20040,970.1248198573844,163818.23136202164,75784.90838057314,77248.52614838039,929.7010512704728,294.0125512219238,195.87725670458167,507.663808760728,4.169701904163399e-05,-0.1035478572620649,96,69,96.0840043503922
20041,970.1269842403644,163848.82791680642,75785.1894271138,77258.11156731128,896.1300083542592,292.32553082295635,196.33340032416163,491.6864689847862,-4.002239525663927e-05,-0.1078101696905413,96,69,96.08304272141024
20042,970.1441069211476,163907.49012706502,75772.11180304892,77265.03098726684,857.6219371413463,287.716199017028,195.861691134196,466.6160313251603,2.288913660413691e-05,-0.0959457919764379,96,69,96.08207781097629
20043,970.147003124144,163851.653787692,75807.68386674648,77250.0297009111,827.5754213199252,284.19952999315865,196.18704178126063,447.6951553088729,3.0820753203696434e-06,-0.0782390672148319,96,69,96.0811096747869
20044,970.1647515368186,163885.117226787,75806.9470494079,77240.75837692148,791.930926982488,275.78478656990046,192.48088858896517,419.34239000457455,-2.7858049184411152e-05,-0.0786808164119233,96,69,96.08013836861284
20045,970.1668678049608,163924.67957325047,75797.40898459124,77231.0718779905,764.1256909436779,267.273196516544,187.23324162553763,398.334789622837,4.186910377341311e-05,-0.0747486749999598,96,69,96.07916394829658
20046,970.1840537798712,163931.7988012586,75763.76406777785,77255.52420505966,729.4200719742221,253.55243883593357,176.78996515771723,368.0677534812421,-3.970534157075241e-05,-0.0836933161205544,96,69,96.07818646975056
20047,970.1869849693044,163963.67554750873,75806.01941826825,77242.02195848388,700.8593120173318,240.37923381486326,165.32045351405395,345.64335631069844,2.2205499292577896e-05,-0.08285642173582,96,69,96.07720598895482
20048,970.20468188175,163971.086215128,75790.52919570274,77262.11490273265,664.9026755634113,223.97850446413213,151.01581730984617,314.8789947803598,3.868167436540797e-06,-0.0599174816804043,96,69,96.07622256195432
20049,970.2067474066392,164023.27670924098,75789.93236393132,77242.20296860934,634.6545395508292,210.42238978354726,139.0302660477755,293.7212136827875,-2.844294138669868e-05,-0.041717590389671,96,69,96.07523624485744
20050,970.224013063177,164028.6706125372,75801.04433942836,77243.5136877781,595.0064049398643,195.08904735829856,126.94866134622134,263.55995542762685,4.202691253204353e-05,-0.0311785079062317,96,69,96.07424709383358
20051,970.2269601372216,164044.6547048395,75803.41723093418,77228.03952826065,556.9963814711664,182.37970230898645,118.18749355510226,241.38826394316857,-3.9375190125580645e-05,-0.0078381699661997,96,69,96.07325516511044
20052,970.2446095100574,164046.76073447516,75808.26787858651,77251.62676074788,505.20078817004105,166.34840027654718,108.25040257332148,208.30712887606933,2.1515001354875217e-05,-0.0337010286145558,96,69,96.07226051497264
20053,970.2466247268836,164066.20435200876,75793.19392877466,77244.85334190588,450.17552477575373,149.94993402682303,98.64345531663275,182.38884639623575,4.652234220880949e-06,-0.0670596614174402,96,69,96.07126319975876
20054,970.2639847583622,164145.3332469917,75800.0179138813,77289.09231174388,376.923048548575,126.62918592776987,83.91882795043057,143.84775173611706,-2.9017706315751997e-05,-0.0498130697117466,96,69,96.07026327585952
20055,970.2669263697152,164149.66749356966,75815.61639337162,77247.54435658219,298.5829050532775,100.26115670350555,66.59029730551993,112.65562866663095,4.217040534105012e-05,-0.0681990049857534,96,69,96.06926079971542
20056,970.2845368847592,164164.18954783116,75825.1171893442,77240.52331590503,206.77544158470118,67.6961582525546,44.29395015511545,71.71183450543322,-3.903206439804973e-05,-0.0747760097692459,96,69,96.06825582781458
20057,970.286497759987,164194.53445315477,75811.77450399351,77257.8538053065,121.98244131094543,37.19977614321397,23.535548774001654,44.03579103879747,2.0817882278243527e-05,-0.0502653705515067,96,69,96.0672484166904
20058,970.3039727805256,164240.13362256085,75799.37381508846,77248.43695258157,43.805835633480456,10.541280990102678,5.701070519426139,12.11719434565748,5.434012778297467e-06,-0.059991484280156,96,69,96.06623862291929
20059,970.3068762944469,164195.58251090904,75818.33273557677,77261.85676733911,-0.0,-0.0,-0.0,-0.0,-2.9582159182071877e-05,-0.0756752508563702,96,69,96.06522650311868
20060,970.324473905312,164257.94234443142,75776.60276008456,77245.90219129609,-3.865540688915644,9.541523552776198,8.56040097650839,-9.713592483196408,4.2299546815956985e-05,-0.0674256515307335,96,69,96.06421211394446
20061,970.3263531370252,164233.29722591038,75823.74480242972,77281.9805078406,59.28211615025066,49.33288170439482,38.31962579509127,6.243571214465192,-3.8676092308637134e-05,-0.0553245428108747,96,69,96.06319551208875
20062,970.3440005392986,164189.00051500046,75775.82055972477,77261.69070347922,187.68738899705932,117.24397119197238,86.3778359486314,25.90559588855831,2.011438322288395e-05,-0.0606846426759889,96,69,96.06217675427808
20063,970.346761711656,164097.50778794286,75803.6266875336,77260.23441786335,394.71287038648734,214.27451478343573,153.34059340049862,70.54604383665719,6.213241330259251e-06,0.009267802906286,96,69,96.06115589727048
20064,970.3645596767424,164070.5801757602,75782.54023649284,77265.59829233243,661.4884210322634,328.71130029343476,230.19996478542453,116.24280758664827,-3.013611878211119e-05,0.2214635827667113,96,69,96.0601329978536
20065,970.3669754278104,164015.2700779803,75795.83442459922,77242.72483859232,981.3095066017704,453.0156359298271,312.7510086130351,182.92530066680047,4.241430652959898e-05,0.3893432825080463,96,69,96.05910811284248
20066,970.3838779022516,163933.69416732586,75788.74827658391,77242.74805165548,1318.9038303715643,571.180557577376,389.9385469049739,245.0891321855015,-3.83074056566016e-05,0.010476403536253,96,69,96.05808129907706
20067,970.3867573445428,163855.274685817,75797.68069877262,77249.96541924807,1656.0633053716738,675.6783162226056,458.16572653662297,321.34264186257496,1.940474792283914e-05,-0.383157936619269,96,69,96.0570526134201
20068,970.4045082060186,163790.83787725467,75809.74545534236,77266.40294410799,1956.3382424401352,755.6409971041285,509.7998364472296,386.27377035521204,6.989659244052946e-06,-0.1112564924578111,96,69,96.05602211275465
20069,970.406859067858,163704.21266702804,75777.3614830154,77255.22265155663,2208.3703839862137,811.2323865077487,546.0555663247942,460.62692419133964,-3.0679407669980986e-05,-0.0466174125202237,96,69,96.05498985398232
20070,970.4238083949084,163598.61337813802,75793.68819015582,77286.09369894108,2389.013671611552,839.9054689949116,564.1078267969133,518.2751945278142,4.251465882960958e-05,-0.0976438168485075,96,69,96.05395589402008
20071,970.426737967126,163584.90851144667,75805.18361513272,77271.03489160497,2503.0102481495123,848.4481314199948,569.1268047511403,580.3190618767112,-3.792614061221851e-05,-0.0502916217649264,96,69,96.0529202897989
20072,970.4444574721482,163500.40668568117,75795.35409305735,77258.35800325498,2545.3954572784714,839.0338586123398,561.3680689788598,622.6261702703487,1.868922135828571e-05,-0.0665985247621192,96,69,96.05188309826104
20073,970.4467367006264,163467.96758556977,75787.12552047014,77261.95210096601,2536.1000975636416,820.1072289628937,547.6421094886027,670.0351759182522,7.76300665024497e-06,-0.0456000139774289,96,69,96.0508443763576
20074,970.4637495818264,163414.44430420297,75762.74990311146,77242.81123508919,2480.841816797969,793.2654338066786,528.3989039665612,698.8008940349682,-3.1211852606937535e-05,-0.0590190463978373,96,69,96.04980418104658
20075,970.4667171167245,163344.202187154,75794.61608498463,77225.55179735486,2404.513105408987,764.8160681703739,509.63350605245796,734.6598477421503,4.260058315497091e-05,-0.0559164884921391,96,69,96.04876256929032
20076,970.4844007396064,163358.00419730632,75763.67100239135,77237.91034647689,2314.428127556632,734.497360113266,490.7478634613508,755.3276870246918,-3.753243746693429e-05,-0.0262685410359671,96,69,96.0477195980536
20077,970.486612709408,163325.01870406032,75785.61529408592,77245.7503926619,2232.1290943654603,706.7744873165357,476.1872305944562,788.010824549332,1.796805041968296e-05,-0.0230136875025689,96,69,96.04667532430054
20078,970.5036999767632,163294.86133256127,75794.57723797509,77239.18565396426,2157.9814512154553,680.0683344809368,463.3765247754636,807.4644518888963,8.533025723339445e-06,-0.0070815829268375,96,69,96.0456298049932
20079,970.506694222757,163221.28311309512,75753.76746493492,77206.30966360535,2103.8289024883416,657.6600274540833,454.7140630305221,838.5231886195834,-3.1733283468664777e-05,0.0185148751999415,96,69,96.04458309708866
20080,970.524338051322,163208.78443193133,75748.53622622296,77241.30760182599,2060.992131011735,637.4440497502655,446.21540475060465,855.0410756900383,4.26720638713897e-05,0.0339580184767421,96,69,96.0435352575372
20081,970.526487802133,163190.25911604168,75752.47595537521,77234.82637879193,2032.6079526946996,621.830538822629,439.26066132535925,882.266156176338,-3.712644043678132e-05,0.0611694406329096,96,69,96.04248634327934
20082,970.5436602820508,163129.92676006627,75752.47383818595,77230.0416188493,2004.0271471606684,607.8877406560496,429.4492423920019,892.1600210428587,1.724148402417486e-05,0.0732637906607312,96,69,96.04143641124428
20083,970.5466669637868,163125.60680987165,75785.15655100069,77210.71976982545,1976.2326725599705,597.2031047118362,418.6176782196562,910.7709225819272,9.299459224569111e-06,0.0758423714367443,96,69,96.04038551834704
20084,970.5642711621095,163136.31682988594,75776.98543176035,77233.74701552224,1937.8927962384769,586.8821873580309,403.99997378489934,913.030461256596,-3.2243534417639403e-05,0.1075403615760552,96,69,96.03933372148636
20085,970.5663610999048,163080.7997810832,75730.162642755,77260.86650624586,1895.5310434938874,578.67974786782,389.342804122658,928.105913847161,4.27290897495798e-05,0.1248580116435096,96,69,96.0382810775424
20086,970.5836328349905,163093.86115052583,75745.41000359906,77216.57795418151,1844.2564967470244,570.2719191432116,373.56985548944795,929.9216208356083,-3.670829806298031e-05,0.1299033590853812,96,69,96.0372276433744
20087,970.586630741492,163087.09859672183,75738.3564328563,77202.35742983167,1795.90506747755,563.938187858439,361.4482739440573,947.4595097513229,1.6509772262388787e-05,0.1484477174251899,96,69,96.03617347581832
20088,970.604205215192,163036.64843209652,75716.89158624722,77207.61095966288,1749.601520570286,558.1088985431707,352.14149393115076,954.7986459484964,1.0062051965685831e-05,0.1546212189841524,96,69,96.03511863168436
20089,970.6062268229648,162972.45874847233,75720.27933621257,77230.96917219597,1717.3683786691981,555.1207946712384,349.18697237584274,980.1652385039779,-3.274244335282411e-05,0.1695427117825551,96,69,96.03406316775524
20090,970.6236278716334,162995.51285675436,75724.72965138746,77227.93436874555,1695.6681004725397,553.1671841639181,349.50058522541076,993.4121862630709,4.277165517454082e-05,0.1753974222283179,96,69,96.03300714078314
20091,970.6265653724596,162954.19669590145,75733.45850412201,77207.24301177722,1692.1353047744487,554.0636456679349,354.2160953346465,1021.3395047621161,-3.627816248775061e-05,0.1722912595838132,96,69,96.031950607488
20092,970.6441885232288,162934.81028056203,75733.76175308689,77178.46020041287,1699.362755570386,555.890752989435,358.78926502895774,1034.2299690627551,1.5773166769145446e-05,0.1571556262971927,96,69,96.03089362455457
20093,970.6468736327732,162867.38290627947,75718.35301644113,77214.53478795853,1720.8431347793667,560.2057113284682,363.8185039188247,1059.0056256384414,1.082054991748075e-05,0.1379869996761312,96,69,96.02983624863072
20094,970.6635780966132,162888.799148305,75696.42678062468,77173.38247389886,1746.7555043690372,565.2435709000274,365.709228666703,1066.381013847713,-3.322985249097179e-05,0.1104134544834021,96,69,96.02877853632468
20095,970.6665180283412,162849.42091735723,75740.0549832836,77194.17067721396,1778.5477460885304,572.3548385646573,366.52076690728427,1082.9446655656793,4.279975908952055e-05,0.0633621513657757,96,69,96.02772054420302
20096,970.68417032771,162818.2905843555,75723.87348870646,77235.62113855802,1806.2089702487574,579.5854904607695,364.4444747903908,1080.7483934831398,-3.5836190094827554e-05,0.0322107259990798,96,69,96.02666232878808
20097,970.686744699234,162841.09076035267,75772.70179074281,77225.75294989785,1831.5686927450006,587.511220739907,362.5944230299792,1089.730499511381,1.503192087637601e-05,0.0164791345926947,96,69,96.02560394655572
20098,970.7035100736924,162815.8522128044,75758.01301342028,77208.49697439083,1845.2038060898776,593.095494559544,359.14238927231054,1081.5059530656436,1.1574700650720356e-05,0.0095020472734015,96,69,96.02454545393306
20099,970.7064878456044,162799.24022578687,75759.38464220316,77248.95191567906,1849.286895145371,595.6369915233518,356.2211465854198,1084.6174516475294,-3.370560777586562e-05,0.0194684070295469,96,69,96.02348690729634
20100,970.7241353952064,162812.56479859154,75740.62315115941,77212.82044892044,1835.9258034132072,591.71488306846,351.1700673112937,1070.605119288346,4.2813404920583776e-05,0.0210359687338606,96,69,96.02242836296782
20101,970.726620307408,162818.70084358586,75754.1013614462,77197.60505631303,1809.1026913366513,581.1589808830176,345.5536209313432,1069.228875274799,-3.53825407657098e-05,0.0102310813257662,96,69,96.02136987721474
20102,970.7434435643823,162805.35951978798,75745.70446700946,77222.27933828172,1763.0598346642219,562.3298874229367,336.6891620106471,1049.7590060674702,1.4286289036418548e-05,0.0156715817951468,96,69,96.02031150624572
20103,970.7464646199124,162836.21375364225,75742.08327795687,77230.8625306114,1704.1146760208649,537.532418040646,326.4870014329208,1040.0219224457105,1.2324253852031847e-05,0.0266886574892327,96,69,96.0192533062094
20104,970.7640890052162,162811.81044687604,75761.02833998977,77226.73363257837,1630.066300554783,508.00778503812035,313.19555191742256,1010.2868343458977,-3.416955921343353e-05,0.019968059824017,96,69,96.01819533319144
20105,970.7664976600375,162796.7166199288,75742.58520051948,77223.54542000199,1550.4594110141043,477.9939827168855,299.36500099516707,991.403123095748,4.281260159592347e-05,0.0292405793061836,96,69,96.0171376432125
20106,970.7833817370652,162877.839570069,75771.9738394298,77223.51310993131,1465.1955324204173,449.22195559812826,283.4267493952648,953.6946723966103,-3.491737871488829e-05,0.0283149111198131,96,69,96.01608029222612
20107,970.7864450103174,162908.63464692968,75797.17940059953,77217.64400677082,1384.189618616132,424.6509141974675,267.5951311530953,928.344755656668,1.3536527049331448e-05,0.0240386394258295,96,69,96.015023336116
20108,970.8040326900996,162923.36543045755,75776.05429856152,77248.60526057794,1306.762950422708,403.82626302469,250.23995279686642,887.7432814865315,1.3068960517618668e-05,0.0339972661988011,96,69,96.0139668306938
20109,970.8063765107826,162924.83268272624,75751.3346337388,77228.24002006883,1240.4949791335966,387.03130349642015,233.56131347693736,864.7745839320414,-3.462156125976459e-05,0.030282797727491,96,69,96.01291083169716
20110,970.8233258553754,162953.85895610895,75783.71864062786,77259.2903781552,1181.1318329725764,371.66456311635557,216.2296441332728,828.9899271549948,4.279736278854083e-05,0.0274834785447504,96,69,96.01185539478716
20111,970.8264269030466,162940.22766837574,75757.54421244828,77228.68721182387,1132.4549982526223,356.81245729686634,200.82878014774178,810.5605551065819,-3.4440871344365675e-05,0.0287062360839655,96,69,96.01080057554528
20112,970.8439672209624,162989.53247447513,75725.67925389718,77214.36041763735,1087.890553321573,340.1659978372627,186.6887141916377,778.8581647723622,1.278289174854123e-05,0.0184787111683539,96,69,96.00974642947256
20113,970.8462573426611,162980.22354061308,75760.44637535037,77202.8756815676,1049.9863700978458,322.06266188070003,176.44300384892267,764.5108105754189,1.3808573477529255e-05,-0.0001976530146626,96,69,96.00869301198622
20114,970.8632764446036,163002.46769324623,75779.64599824298,77223.55940108064,1012.0306245082174,302.1316806143295,168.88279542670352,734.5069230287918,-3.506147208516042e-05,0.0093678068411332,96,69,96.00764037841756
20115,970.86640863562,163007.91527483606,75744.19320385081,77242.6161101782,977.5259964562138,282.60128831723705,165.45839552243706,718.7337048678019,4.276770667228898e-05,0.0095103610707161,96,69,96.00658858400982
20116,970.8838931803506,163029.58137011656,75762.34355425165,77226.10781999264,941.921678889019,264.60531372118567,163.91500788845588,686.3065102280525,-3.395318996689135e-05,-0.0045301865808167,96,69,96.00553768391572
20117,970.8861409215064,163069.64119682438,75780.56025369432,77198.76821749144,910.576756241906,250.71582378356834,164.63240672415122,668.9278617014061,1.2025641314364407e-05,0.0010020497898798,96,69,96.00448773319536
20118,970.9032336090228,163025.30024588638,75799.72869609977,77217.60240250155,879.7752742785378,241.27533874151413,164.84932286903495,634.0179424332455,1.4542848180919507e-05,-0.0155570801897774,96,69,96.00343878681352
20119,970.906388780792,163067.2185841313,75774.8772545198,77244.51943152494,854.6563913351274,237.06207471259404,164.93627907527843,612.8340153140889,-3.5489154360348334e-05,-0.0203717238295598,96,69,96.00239089963772
20120,970.923811147982,163126.8254248214,75745.79202530754,77217.70041620485,830.5955135339755,236.36802509668632,162.89999488575268,574.6606478287431,4.272365685961134e-05,-0.031707540656341,96,69,96.00134412643592
20121,970.9260281204182,163115.8131241383,75771.48928371893,77255.45566658702,810.7736246618442,238.03053884668043,159.76639729528688,551.6582346073992,-3.345450970514216e-05,-0.0389316950526636,96,69,96.00029852187426
20122,970.9431971568224,163150.39899234407,75768.34906203112,77201.48378824022,788.3242478627362,239.2173915610183,154.13359210800263,510.92557751838467,1.1265034338477486e-05,-0.0223064392062762,96,69,95.9992541405142
20123,970.9463660753154,163140.23633268313,75779.52366119256,77222.8614826654,765.3712730275001,238.69612011295976,147.25093784899218,484.5177444332221,1.5271541428168317e-05,-0.0212841209766785,96,69,95.99821103681091
20124,970.9637217726984,163194.38049932476,75756.4952079974,77212.61697173658,735.9275843529031,234.75190471333917,138.07386088263593,442.073890312633,-3.590447512879196e-05,-0.0430692333658378,96,69,95.99716926511093
20125,970.9659198293988,163155.9207058415,75746.7086324367,77218.77287467314,704.0172585492255,227.85218983510276,127.94330462484504,416.9132113784144,4.266524124568947e-05,-0.0681153105869888,96,69,95.99612887964922
20126,970.9831666633788,163251.46361955142,75746.16184681622,77249.78255731064,665.6427895934321,218.08822709416563,116.16076784054167,376.7686780591612,-3.294500882797934e-05,-0.0475373518710728,96,69,95.99508993454783
20127,970.9863393991244,163293.71088684507,75752.49381127754,77245.42324062248,626.5435165241943,207.15433115433552,104.41841670166468,354.56389294029213,1.050133119098962e-05,-0.0475889609189858,96,69,95.99405248381274
20128,971.0036257996188,163270.75539797603,75754.57971798388,77216.00720249531,583.4896238957881,195.4498935456504,92.59334287734237,318.9390762821422,1.5994412364047825e-05,-0.0584786447665157,96,69,95.9930165813324
20129,971.005816899563,163271.402014467,75751.49301737455,77204.14850523185,541.30789113231,183.78512339814915,82.320126035047,301.27779539625044,-3.630730533837013e-05,-0.0608974015301902,96,69,95.99198228087474
20130,971.0231415112776,163272.2411915102,75779.32371493785,77236.49030665253,494.49806135648396,170.9301184288488,72.98098459950415,266.19129948306363,4.259249295713544e-05,-0.059387687855973,96,69,95.9909496360851
20131,971.0263077746908,163329.14437117975,75727.81655756259,77207.50879620781,445.7451813938678,155.9771899330517,64.99578540428774,244.38130932097556,-3.24248693918724e-05,-0.0416360597475407,96,69,95.98991870048452
20132,971.0435240756308,163320.65748261317,75754.12668890442,77228.50520150918,388.1843467844883,136.7295485478826,56.56777244183468,202.99898990814108,9.734792398672916e-06,-0.0071766421975424,96,69,95.9888895274665
20133,971.0457201044828,163366.72297226006,75769.73273667903,77215.41678582241,324.30274743697373,112.55562323912454,47.07515420470736,174.33117246619076,1.6711222226914326e-05,-0.002388964121063,96,69,95.98786217029568
20134,971.0631209210374,163402.54221467534,75745.82164878795,77244.54068178216,249.07021366723347,83.19544659422536,35.00050916694454,125.82458607340232,-3.669752083921665e-05,-0.029125757533391,96,69,95.986836682105
20135,971.0662703747582,163427.27178227346,75771.2034901777,77211.08130070275,170.4197179240873,51.57994809430966,21.414688416116405,93.04824051031028,4.250544964420576e-05,-0.0158642222128867,96,69,95.9858131158937
20136,971.0834175426728,163453.31426981374,75727.62272472662,77220.04418189886,91.84663672547322,22.12512525622151,8.164019824005663,47.892173757078126,-3.189427701111233e-05,-0.018276889406576,96,69,95.98479152452484
20137,971.0856301118642,163448.54253270102,75756.89895315451,77248.6843568465,31.06777005631011,2.393373235972831,-0.0,26.86640630988404,8.965679144900253e-06,-0.0251421785689254,96,69,95.9837719607234
20138,971.1031039780692,163487.45844383395,75798.08183092381,77214.67118821369,-0.0,-0.0,1.9442264891113155,-0.0,1.742173481671846e-05,-0.0080188769850559,96,69,95.98275447707356
20139,971.1062265331992,163480.58631789844,75757.915301496,77224.49169041913,21.42151140968781,22.889468941371888,19.626459521969082,3.8157460772199556,-3.707500126135472e-05,-0.0132005142753068,96,69,95.98173912601705
20140,971.1233072230852,163428.5910535035,75755.99415801183,77234.31450336453,105.83672956790542,75.30915226081561,56.133572607592214,8.62318961499841,4.240415397584987e-05,-0.0090359905852917,96,69,95.98072595985064
20141,971.1255474626956,163398.34414897513,75784.9343112615,77247.39459757233,266.68021155061433,158.0960556978389,111.86969112549559,47.601052095153136,-3.135342014570636e-05,0.0025055307010268,96,69,95.97971503072355
20142,971.1430896581318,163349.6214378281,75752.33611115297,77235.4907627924,498.0013607465662,265.93800176151854,183.04965708215605,86.1307878458465,8.19425349836297e-06,0.0039956173439073,96,69,95.97870639063598
20143,971.1461757563364,163284.15053767484,75744.80344659061,77236.07688327972,793.5949848482269,389.93699006485986,263.107397000771,155.48319674428785,1.8125715880943155e-05,-0.0020117884125688,96,69,95.9777000914363
20144,971.163194199326,163172.38230818577,75742.34877427525,77221.40786130018,1128.13882817782,517.3504819255904,343.6407865281799,220.29809286803356,-3.743963081238528e-05,0.0324987705219129,96,69,95.97669618481902
20145,971.1654725568992,163117.22376502983,75723.43865946402,77233.15366338767,1480.153590454429,636.0438347226882,416.7029740526632,308.53832350534503,4.228865332174154e-05,0.2010583047568618,96,69,95.97569472232266
20146,971.1830768518754,163009.47955308165,75735.88077942691,77214.35501663519,1816.2921888369601,735.0202341848053,476.33725253798184,381.9075352078071,-3.0802491151635293e-05,0.4324390172480746,96,69,95.97469575532736
20147,971.186117733653,162911.1950520735,75756.5490821685,77237.0529825239,2116.4209193534916,808.1967349905899,519.4345263221767,469.63318852122757,7.420778327683165e-06,0.2389105390555607,96,69,95.97369933505291
20148,971.2030795891436,162795.09264782327,75762.2796812425,77210.40323840379,2356.492061804456,853.1074870402517,545.9927349128993,536.3718012134195,1.882293398441613e-05,-0.2976458644665884,96,69,95.97270551255644
20149,971.2054056453028,162749.89561862423,75749.23643288546,77234.37829291559,2531.0032399877673,872.3646673307958,557.925742922147,611.7809666526737,-3.779129864139749e-05,-0.1709349001792884,96,69,95.97171433873014
20150,971.2230643881326,162706.38812158507,75764.9480958031,77221.18121423086,2633.0654953056946,870.5451412146067,558.6661330737697,661.4029520032054,4.215899970399477e-05,0.0320259851570844,96,69,95.97072586429935
20151,971.226052347575,162635.06651027393,75768.97577196856,77222.76706931328,2674.371348088316,854.5238603287871,551.3226326821896,718.5585221593792,-3.024168519958248e-05,-0.0559171621942536,96,69,95.96974013982005
20152,971.2429645165206,162572.72440981725,75744.44933538085,77271.25703932694,2661.8869591433904,830.1615968768019,539.1495373606158,752.0975811028329,6.645516319034602e-06,-0.010200650771828,96,69,95.96875721567687
20153,971.2453468286068,162516.40506988572,75754.30798563715,77227.23982684483,2615.8705355829443,803.0944354152743,524.1504732164904,794.4753835357551,1.951315982721836e-05,-0.0135959407519651,96,69,95.96777714208116
20154,971.2630510547608,162469.3298680966,75756.30261600988,77201.87873718324,2546.746404024423,776.5678157552611,508.60058045198093,813.8708133332839,-3.8129897840080285e-05,-0.0034994433963827,96,69,95.966799969068
20155,971.2659796830884,162450.1680357234,75743.40806998394,77232.08268344321,2474.3044030453893,753.2601471896196,493.5497891071427,844.5041379464674,4.201525005476004e-05,0.0019132361831297,96,69,95.96582574649536
20156,971.2828500779004,162432.21148382322,75754.56868342287,77228.8040723636,2404.877810242411,733.9177386564697,480.64125180468545,855.9879884981783,-2.9671200703270912e-05,-0.0005677268613927,96,69,95.96485452404067
20157,971.2852960648972,162403.54929363643,75763.41332805381,77231.57958612595,2351.221073611174,719.3300290579064,470.0122688647825,880.2012814761256,5.868731025527802e-06,0.0018718363585184,96,69,95.96388635119942
20158,971.3030356146372,162375.29846653712,75712.1986066165,77218.55156092152,2311.4140800890164,708.9753610989574,462.24964499942143,885.461184245476,2.01961668714932e-05,0.0063574434686352,96,69,95.9629212772828
20159,971.3059000393132,162347.7440972966,75766.95264869652,77235.14500830122,2290.2037478853017,702.6080110913463,456.03926703348407,904.5782326820772,-3.845532600184284e-05,0.0126771362483528,96,69,95.96195935141564
20160,971.3227373014798,162324.49915495288,75731.69242576559,77218.09026727134,2278.3156945425435,698.768285911312,450.90990933793364,906.3167044872534,4.18574658413336e-05,0.0241885816944187,96,69,95.9610006225342
20161,971.3252531890583,162314.44691831205,75752.71915226425,77218.39174845353,2274.444781183789,696.2769470120547,444.9926176244335,920.6057973278803,-2.90912392220258e-05,0.0185412248650259,96,69,95.9600451393841
20162,971.3430168121492,162303.1139481115,75717.77214518521,77245.9005904392,2266.240631986875,693.1704333710804,438.1901932543842,915.5748825971968,5.09068622342946e-06,0.0327474262102007,96,69,95.95909295051835
20163,971.3458139479786,162303.46445165342,75743.65964079721,77238.99124757823,2253.003885802522,688.3560551948467,429.463135558035,923.0257824620348,2.0871731226589543e-05,0.0395370957018392,96,69,95.95814410429468
20164,971.3626270942764,162259.79467984356,75765.85848758793,77227.00597687386,2226.0194126899587,680.7768498480727,420.0860982898157,912.6518648501951,-3.876748563287924e-05,0.0431664707284023,96,69,95.9571986488746
20165,971.3652179513656,162283.8878064222,75736.6482823191,77230.26546548524,2190.14315295947,670.7787064727163,410.26023376823287,914.6653906870342,4.1685713409074815e-05,0.0537155944451159,96,69,95.95625663221996
20166,971.382993360582,162276.16342051316,75746.89246029124,77281.0452939676,2143.587594862911,659.074694896015,402.1689834361314,899.5817677100713,-2.850200535209036e-05,0.0427757374522691,96,69,95.95531810209164
20167,971.3857222100648,162279.6645390793,75739.19580619027,77256.33107030195,2097.586619858339,647.4257417431509,395.9827215647383,899.8173354883329,4.311645373745711e-06,0.03201423179518,96,69,95.9543831060475
20168,971.402520163514,162258.64424395846,75738.2715258317,77249.87907396858,2053.963708093099,637.2992809909047,393.2679301792523,886.7585133140965,2.153963172540993e-05,0.0450455112696311,96,69,95.95345169144
20169,971.4051900925282,162295.6989752897,75746.16157080357,77237.96283581622,2023.6664788912167,630.2118807205115,392.97435995112755,889.990214907506,-3.906628355471702e-05,0.0493397121812205,96,69,95.9525239054144
20170,971.4229638878484,162240.80407449303,75737.30437123023,77234.37006598125,2005.6740604529623,626.760838187547,395.4539918010705,880.5317638108099,4.1500063623869125e-05,0.035977266058054,96,69,95.95159979490629
20171,971.4256259786916,162217.13426424423,75730.3025561519,77232.42090747856,2006.4031680618646,627.1364649974566,398.6601373234589,888.5147989389079,-2.7903706602705702e-05,0.0424518049857106,96,69,95.95067940664028
20172,971.4424168773896,162234.52791282916,75753.34012639393,77241.67476751089,2019.512376771425,630.6789301862009,402.83963994542137,884.459962288267,3.5318728132101594e-06,0.0497975411461321,96,69,95.94976278712704
20173,971.4451695009494,162233.52741194464,75743.15767542749,77224.02969353569,2046.0734675680287,636.3833504721842,406.3798795493494,895.1184953300399,2.2199649893301445e-05,0.0264693941107098,96,69,95.9488499826622
20174,971.4629267800548,162228.24669906576,75774.09321181836,77261.60703517185,2076.072404563951,642.7364350409334,410.1985669286805,891.0634429138736,-3.9351631353315016e-05,0.0092285675672042,96,69,95.9479410393236
20175,971.465526967577,162201.28037034726,75749.11410252054,77243.3587019288,2108.324544234958,648.0628313460475,412.922220039909,899.9719347201171,4.130059218446803e-05,-0.0531831017667038,96,69,95.94703600296992
20176,971.4823169601108,162174.17518142218,75757.33658803346,77237.12764668372,2131.714670911024,650.7316592405405,415.4627412733971,892.7524179898028,-2.729655341688152e-05,-0.0989445002417093,96,69,95.94613491923754
20177,971.485156594578,162153.34517444804,75749.51647867223,77259.00279582803,2144.9264336723136,649.4373687007173,416.074881907698,895.3098120129434,2.751632383007456e-06,-0.1101289640311869,96,69,95.94523783354016
20178,971.5028797266202,162173.1394897076,75740.38707866034,77255.50908638982,2138.981672925467,643.642038823149,415.34451358843944,880.9177752987016,2.285157043515665e-05,-0.1397031665929409,96,69,95.94434479106556
20179,971.505428058611,162214.45482056114,75787.73691620468,77218.54616019184,2116.295542891603,633.3686785191385,411.4213158432103,878.0771838603541,-3.962344494044027e-05,-0.1521783745531142,96,69,95.94345583677398
20180,971.5222186333342,162181.34436646636,75781.8246542204,77243.76814860989,2072.67917865701,619.4843305681716,405.5070222687791,861.3524277167744,4.1087378829033486e-05,-0.1572221708606588,96,69,95.94257101539628
20181,971.525153491234,162184.01673030914,75753.98490188294,77270.21298184645,2015.2905179106165,602.8117258113634,396.654270415107,857.3130227705988,-2.6680758864008865e-05,-0.1718164475963239,96,69,95.941690371432
20182,971.5428181259048,162183.37700610902,75745.61974356938,77228.72957592172,1944.70797800523,584.4195169127051,386.88203790882835,841.5033871828637,1.9711876298332456e-06,-0.1953219369043866,96,69,95.94081394914704
20183,971.5453355985042,162175.36851036825,75733.09415650956,77250.17076513871,1870.9125320094754,564.5513536081853,375.4823823108745,840.1495950888493,2.349518047462327e-05,-0.2023002544379462,96,69,95.93994179257214
20184,971.5621151545732,162217.4563754697,75719.815878554,77231.58138139885,1794.7095951503725,543.5816090259614,364.3105263536272,827.2977537281404,-3.988164539979399e-05,-0.2034613835037784,96,69,95.9390739455009
20185,971.565169371709,162155.48559894995,75726.47739179789,77242.24383698445,1723.4680594259407,521.1088889458479,351.9549092047673,825.5626424038492,4.086050861858897e-05,-0.2138185860581672,96,69,95.93821045148712
20186,971.5827263664398,162188.55483962313,75725.47537252565,77202.56144754734,1654.6231447235914,497.48213152890094,339.35665177588817,809.9545418945199,-2.605653894033295e-05,-0.2019187106884968,96,69,95.9373513538442
20187,971.5852747477912,162181.03803090475,75760.11214368921,77210.04121602439,1591.6517485784134,472.6827176625811,324.39700160437496,803.5067433025397,1.190802487106724e-06,-0.1941494109546839,96,69,95.936496695642
20188,971.6019645424328,162198.1676475503,75724.59355478517,77209.4986881558,1529.0924385647522,447.96836469479604,308.1791089157632,781.8774014506198,2.4130270565752177e-05,-0.2005659067174801,96,69,95.93564651970576
20189,971.6052933328072,162208.97445297302,75726.70690225835,77216.9913484776,1468.8652452364913,424.0355567228107,289.4898233181739,766.82535425885,-4.012615781931283e-05,-0.1985617244559921,96,69,95.93480086861356
20190,971.6222717793164,162248.17396309983,75771.09319959127,77206.57301105313,1406.7953392124618,402.49394879624015,270.6998959046905,737.5873824677547,4.062007085766488e-05,-0.1961268842428301,96,69,95.93395978469508
20191,971.6245665442264,162240.5188398103,75741.0250397271,77220.56073787565,1346.8417664156295,383.6119082838268,251.822409139917,716.613574259798,-2.5424112200190574e-05,-0.1993725886003669,96,69,95.93312331002926
20192,971.642082290739,162256.75308946986,75730.58905234268,77191.09574866618,1286.9706156619359,368.2723950290965,236.0749697785359,682.3597761698475,4.107405833290555e-07,-0.2014096178484683,96,69,95.93229148644232
20193,971.6451762445988,162293.21750501217,75779.08178961858,77197.74691702373,1232.5859078949434,355.5608669387875,223.0216672566894,657.6118504996412,2.475663414149328e-05,-0.2012601941722258,96,69,95.93146435550672
20194,971.6622000747212,162324.01307810016,75734.68755556832,77181.06318348255,1182.0262168449117,345.51189546151727,214.5208789583121,622.7447235950385,-4.035691271514123e-05,-0.2209958191394229,96,69,95.9306419585384
20195,971.6644630672976,162323.44385270603,75737.25827933347,77171.21296486328,1138.9920073737158,336.6720884973329,208.4063298481924,598.7002463372773,4.036615907717294e-05,-0.2267216133360899,96,69,95.92982433659532
20196,971.6820905371594,162354.5014639571,75758.44437643266,77204.51342269173,1099.8564854554133,329.21694628910336,205.17511512243073,565.2471433020546,-2.478369971701077e-05,-0.2133531548045499,96,69,95.9290115304758
20197,971.685102011871,162392.12989235905,75721.81368971168,77220.05298737058,1066.5106549083139,321.8769059595652,201.90476662639412,542.870780422556,-3.687355504844514e-07,-0.2230188345846757,96,69,95.92820358071629
20198,971.702098363904,162410.1983447871,75739.65307514124,77207.88135793337,1034.6948314425536,315.23581368179293,199.32310544827487,512.8102193426748,2.53740680179026e-05,-0.2197216523052844,96,69,95.92740052758997
20199,971.7043856105172,162401.2490457767,75731.93338667566,77178.00565311218,1005.6086765151704,308.1501304159174,195.5021229988779,493.25385640675086,-4.057384446466565e-05,-0.2270514441172222,96,69,95.92660241110455
20200,971.7220869001784,162418.06831756508,75741.79303254257,77231.34927009013,975.1949987155385,301.29173892198014,192.35732855007518,465.14090112771373,4.009887155250927e-05,-0.2335174491241425,96,69,95.9258092710012
20201,971.7250290833828,162467.76339872845,75731.336954722,77243.63466835594,944.8228400818771,293.1562709920254,188.60227163441596,446.2965474764933,-2.413552500401379e-05,-0.2281585156075859,96,69,95.92502114675185
20202,971.7419898537664,162468.17741348792,75743.78768315564,77188.98974986163,911.1413983482053,284.32938682386884,186.24030835312442,419.2771560664405,-1.1473629288734873e-06,-0.2321377173741201,96,69,95.92423807755802
20203,971.7443209829648,162482.75474730285,75749.29731279884,77233.84958537837,875.6253231277224,273.41274839121616,183.63131389342016,399.8529309066362,2.5982371604079965e-05,-0.2424910053262686,96,69,95.92346010234895
20204,971.7620788048956,162528.7927866897,75744.86364966685,77190.71798529054,835.9012564913719,261.6801105804043,182.13764023405383,370.98257039298187,-4.077689315596048e-05,-0.2425719669072939,96,69,95.92268725977983
20205,971.7649516187284,162535.23045697343,75747.40406913178,77217.53175380854,794.4379563789698,248.33150735104573,179.35652884811861,348.44753712933743,3.981831091789303e-05,-0.2470531153600477,96,69,95.92191958823004
20206,971.781879877764,162525.4561599083,75743.33136584444,77224.14263104343,750.443359486293,235.43444663831906,176.31186653717305,317.31717113306513,-2.347981437253705e-05,-0.2552699596077276,96,69,95.9211571258015
20207,971.7842660095112,162564.9186520004,75750.52081385425,77241.83159777321,706.9678061387967,222.54715373589715,170.8446109002689,292.1170612660353,-1.924879577996803e-06,-0.2524931243837988,96,69,95.92039991031696
20208,971.8020673983726,162600.9461293908,75767.11356293148,77202.60305787042,663.8348748407443,211.7542799035,164.4742714377062,259.44580624220544,2.6581348273443276e-05,-0.2541158405227831,96,69,95.91964797931796
20209,971.8048680558052,162609.3468059549,75710.20247262361,77236.81829470236,623.426576791273,201.67955142604478,155.37622688803822,234.064687371545,-4.09660028080536e-05,-0.2553312030706784,96,69,95.918901370064
20210,971.8217709523444,162702.34044301207,75770.68074203163,77196.4833301821,584.4308723067516,193.27784223196795,145.30554910138017,203.9846051024506,3.952458436021423e-05,-0.2404908770969056,96,69,95.91816011952966
20211,971.8242193069848,162656.4685246309,75733.15298443989,77192.17272454963,546.500945282809,183.73115934964153,132.61639177636243,181.14234133108403,-2.281679595496228e-05,-0.2236455217964211,96,69,95.91742426440408
20212,971.8420524453988,162705.79756210788,75734.5159328651,77190.19302343205,505.82621094951173,172.85281979529827,119.02015296381433,153.26022782697692,-2.7010238998176867e-06,-0.2199309341688019,96,69,95.9166938410887
20213,971.844778050746,162699.55549406598,75713.89082483338,77181.77699663314,459.27090907486854,156.79789887691732,102.58355794582167,130.73098073637811,2.7170804659250657e-05,-0.2078450407017125,96,69,95.91596888569548
20214,971.861664755066,162722.72082422778,75708.74597967332,77211.47187543291,402.05351434095064,135.63548408367205,84.85934248080594,102.4823227742454,-4.114112267534047e-05,-0.2119604369552856,96,69,95.91524943404592
20215,971.8641799294638,162746.12759882436,75741.07370258778,77208.00037764414,331.850465879892,107.09871420903073,64.2472520339652,77.94805696568801,3.921780317281965e-05,-0.2104432857211519,96,69,95.9145355216687
20216,971.8820333055132,162790.80865664818,75735.84370465593,77184.5365809382,249.004678234749,74.66499585824204,43.28852013629512,49.210504716291325,-2.2146700542067004e-05,-0.2181334774393184,96,69,95.91382718379867
20217,971.8846817878208,162811.0225373009,75717.01099511194,77188.30123551945,159.58134044066537,40.49495503284561,22.294521889765747,27.300605445168912,-3.4755354076048466e-06,-0.2317847552718071,96,69,95.91312445537474
20218,971.9015625983116,162837.18956762183,75699.44656642039,77164.33200474718,75.8396153160138,13.427069835815928,6.7069919031637255,7.539548227010528,2.775055023846519e-05,-0.2296004566490354,96,69,95.91242737103885
20219,971.9041470075576,162818.850357959,75734.68179791975,77189.81219336741,15.473037145042326,-0.0,-0.0,-0.0,-4.130220661791456e-05,-0.2416563731539755,96,69,95.91173596513376
20220,971.9220092375524,162836.94830846673,75700.38944427443,77175.3130535618,-0.0,11.019565921989852,9.489598511398071,1.023160145879956,3.889808302337099e-05,-0.2386474183987048,96,69,95.91105027170222
20221,971.9245797519884,162803.09853015526,75721.75967792196,77199.98602960953,48.95979825896211,50.679153396820766,37.989190369291464,18.337260935019003,-2.1469760890421708e-05,-0.2379389274452924,96,69,95.9103703244848
20222,971.9414655736556,162775.2658933292,75744.01624120779,77211.52126677828,177.42315731494455,123.58822594283265,89.12148384004831,47.621314429095946,-4.248153802067325e-06,-0.2367946607859326,96,69,95.90969615691871
20223,971.9441196306282,162730.56345857037,75717.72379336791,77174.46984989368,388.6916247130139,224.32249648343713,159.36491066450253,92.93504503802978,2.8320398671306024e-05,-0.2285756936961861,96,69,95.90902780213602
20224,971.9619795263412,162660.22951771205,75713.36689276941,77186.37207719288,675.7152991252369,346.81967656846973,244.5216011191951,149.54182792434585,-4.1449213182928974e-05,-0.2332444386931281,96,69,95.9083652929626
20225,971.9644726291582,162583.80746563853,75722.41855112974,77167.77139300606,1016.9316130887019,476.2690611826256,334.02513234116486,218.9766219924786,3.856554399119419e-05,-0.0845478874746504,96,69,95.9077086619159
20226,971.981374599566,162542.14156443498,75730.80173404032,77184.71568680544,1384.7225630840403,601.801883012784,419.69302434966085,296.4644389694149,-2.078621179790076e-05,0.1496491603837701,96,69,95.90705794120407
20227,971.9840968076272,162459.26490585855,75737.66947031477,77171.25566705466,1744.7479947530665,709.128828252331,491.2932479955198,381.0209713294462,-5.018620330923043e-06,-0.0112458950025127,96,69,95.9064131627247
20228,972.001943548848,162344.77395360413,75690.76446669658,77185.78570271775,2068.3238222645596,792.9005304729799,544.8409043540596,467.9362297113985,2.888016639873962e-05,-0.5442071164215107,96,69,95.90577435806242
20229,972.004361248419,162262.07674861705,75686.32389171844,77188.66295724208,2330.4106374366675,847.2008564548014,576.8856017241196,554.0129388597561,-4.158210600673393e-05,-0.4668039718017918,96,69,95.9051415584882
20230,972.0212904366404,162194.06666306034,75726.9658625058,77173.74138850896,2520.6512796774623,876.186472524947,590.8534424871032,635.1318022490595,3.822031022758704e-05,-0.2377773914185383,96,69,95.90451479495758
20231,972.0240774582818,162111.43715627954,75703.00122442287,77179.02516336036,2635.5196677126223,881.823007666695,589.3790415163385,707.4460118641146,-2.0096290355291296e-05,-0.3165524969306791,96,69,95.90389409810992
20232,972.0419008159212,162054.52230550343,75741.35706531689,77157.21611462561,2685.3060997598805,873.0936649601936,579.125771843741,769.5706302202598,-5.786676630481696e-06,-0.2583700504747065,96,69,95.90327949826592
20233,972.0442465385548,161993.92159067275,75725.9638438619,77142.2474143935,2681.3557488466613,853.2484151437238,563.1382917349983,819.1749640103371,2.942967404018858e-05,-0.2654946404343107,96,69,95.90267102542686
20234,972.0612136928116,161954.5579225675,75704.49393586912,77183.55665802667,2642.554592376342,830.3497049594007,546.4872176899808,859.3442193276423,-4.1700853223813925e-05,-0.2658822690776864,96,69,95.90206870927337
20235,972.0640604167552,161936.17662939985,75698.47415903902,77182.93819564943,2581.677606920479,805.2122869524756,529.7901455273095,890.1959962136461,3.786251016557469e-05,-0.2478431646359952,96,69,95.9014725791636
20236,972.0818510031168,161902.97151871904,75695.4262386378,77186.46820115668,2514.3422812030185,783.0073196425219,515.6069464324391,918.1003012433066,-1.9400235379961453e-05,-0.258333972891125,96,69,95.90088266413233
20237,972.08412948787,161919.08099990315,75688.34753649801,77184.14534290078,2446.8970840908587,761.9197725008853,502.7857185812609,942.7082666959031,-6.552065582738688e-06,-0.2421778181738761,96,69,95.90029899288908
20238,972.1011448284052,161844.09024552337,75717.5933355532,77178.37172387728,2388.581100005249,745.5853727369395,492.9741148145986,970.4190461851831,2.996874561273072e-05,-0.2332467899183387,96,69,95.89972159381732
20239,972.1040444391292,161839.367844879,75724.21140747583,77187.88322921291,2339.443930524634,731.135393875229,484.68121297712787,997.6766386917443,-4.180542803498618e-05,-0.2319362649734398,96,69,95.89915049497304
20240,972.1217939775936,161816.4746142821,75689.13384005701,77191.30310625857,2303.2900104653672,721.1938241204043,479.1215015920752,1028.3589598824328,3.7492276199259725e-05,-0.2193728370989393,96,69,95.89858572408302
20241,972.1240111013432,161792.34637075735,75726.02647584598,77174.52447080376,2274.9795444122283,711.8455307537224,474.31849291044637,1054.8496724511497,-1.869828751182313e-05,-0.2088063677514554,96,69,95.89802730854409
20242,972.1410841674088,161742.70000302469,75702.71520471446,77149.476788065,2254.4955463527003,705.1569717969396,470.970340276137,1080.5954691616644,-7.314531591891818e-06,-0.2052996716838931,96,69,95.8974752754218
20243,972.1440282081674,161724.2621283691,75744.14046506895,77154.30640535065,2233.6584654492326,696.9037615375564,466.77817014680477,1097.7180280602188,3.0497208787072676e-05,-0.2078630200527555,96,69,95.89692965144869
20244,972.1617298268023,161699.29695887998,75720.0061665438,77174.5412464687,2211.20919745625,689.1076552765444,462.28466074791504,1112.0137835230562,-4.189580820169055e-05,-0.2107971151703704,96,69,95.89639046302337
20245,972.1638923493554,161762.42824409364,75715.2369651997,77202.90443033009,2179.823308681196,678.0741044747992,455.6190713296237,1117.218609542062,3.7109744898857976e-05,-0.2096911314128732,96,69,95.89585773620982
20246,972.1810319219696,161734.9682370701,75688.09891880208,77165.8707834474,2142.1341764924,667.1477022143663,448.1863060070027,1122.8549317028665,-1.79906893047334e-05,-0.185708780031964,96,69,95.89533149673488
20247,972.1840103272168,161731.3758530892,75709.68021708609,77168.52314171701,2096.060798851715,653.9946579158859,439.17091778604663,1123.720804086799,-8.073819636610008e-06,-0.1679012617362173,96,69,95.89481176998848
20248,972.2016588975008,161738.45277721513,75719.88800396901,77109.96978845891,2049.5657862269436,642.7235921900137,430.67995945742587,1129.506924942718,3.1014894913351226e-05,-0.1588325394551396,96,69,95.89429858102125
20249,972.2037740986524,161727.83457035047,75720.65256290579,77172.20164278938,2004.288160929922,631.2435545364133,422.3707710765593,1132.6232245162537,-4.197197653323057e-05,-0.1506689660444007,96,69,95.89379195454433
20250,972.2209882418364,161709.48782178498,75695.88857095325,77197.02434772767,1969.7941075392882,623.6093959161517,416.4018282217439,1142.0371396361443,3.671505705063292e-05,-0.1338655299202137,96,69,95.89329191492746
20251,972.22398928905,161701.33280935764,75666.09824765116,77160.2903834608,1946.0871940509533,617.2727966503735,412.1203186586499,1148.1896330448508,-1.72776848929856e-05,-0.1333767539773613,96,69,95.89279848619836
20252,972.2415818609928,161715.75068530405,75703.97491071917,77185.46550293129,1938.5936950303148,615.5304617816728,410.9170849014772,1159.2563969609619,-8.82967657995511e-06,-0.1313478316032078,96,69,95.89231169204118
20253,972.2436570075384,161711.70747134942,75706.9303381078,77180.53687779313,1942.1223329071072,615.426978601754,411.492996560497,1164.9302722117864,3.152163961411166e-05,-0.136466146253875,96,69,95.89183155579582
20254,972.2609533098872,161663.5967576213,75697.52884482575,77170.25757308293,1957.6881570291007,620.2039738292078,414.75545695927576,1175.3562286281958,-4.203392047307632e-05,-0.1661966662480232,96,69,95.8913581004566
20255,972.2639633958838,161713.06765902104,75712.23227343216,77191.37193314289,1976.8016610323684,626.6239175040973,419.179883211531,1180.736621843098,3.630835685380876e-05,-0.188374257375732,96,69,95.89089134867088
20256,972.2814998274008,161721.66012055412,75702.5202762317,77182.13302198976,1998.7632335838862,636.9393496749981,425.36132127503515,1191.3604444366065,-1.6559519991526754e-05,-0.218138555044937,96,69,95.8904313227386
20257,972.2835413696228,161714.97220788948,75713.60297027646,77184.04671203684,2015.2387277989765,646.7670844654058,431.57569016181515,1196.3776068943553,-9.581850165540344e-06,-0.2542073016885607,96,69,95.88997804461094
20258,972.300927478418,161662.47794832927,75712.92422808787,77199.12424114533,2027.248049828282,657.2621734303248,438.03681382525247,1206.4681604760408,3.201728152047314e-05,-0.2668199836655051,96,69,95.88953153588918
20259,972.303930694336,161673.65587365566,75729.06964732565,77150.28041233633,2028.463961521862,663.1881744584534,442.5705615985207,1209.6672225579969,-4.208163237797166e-05,-0.2764229961046399,96,69,95.88909181782356
20260,972.3214142886444,161668.7378678282,75714.5611669615,77192.51743344961,2021.5135748931789,665.2529008621059,444.8176511901547,1215.9533775098098,3.588979315796852e-05,-0.272402639383595,96,69,95.88865891131276
20261,972.3234275609376,161674.46437166046,75722.01328436621,77166.84098224896,2001.515689197171,659.016569927684,442.52535557650845,1213.167126424727,-1.5836442009761754e-05,-0.2665008299100371,96,69,95.88823283690274
20262,972.3409094051472,161696.524523835,75714.17302132741,77183.86708392158,1972.3383234804496,646.9116511160973,435.7149589744804,1213.1422471693368,-1.033009013005522e-05,-0.2651384957015263,96,69,95.88781361478512
20263,972.343897266917,161738.38639283538,75682.72863878057,77188.15241599726,1929.9351254305802,626.6157247580122,423.1327075762965,1203.90284492285,3.2501664003511354e-05,-0.2715463490270368,96,69,95.88740126479723
20264,972.3605606933488,161727.1613589508,75705.38790338415,77200.83289936621,1878.6311311823665,602.2254962461448,406.0316050524707,1196.3971270752372,-4.2115109466363416e-05,-0.2679652275405955,96,69,95.88699580642056
20265,972.3632747211605,161753.1814500665,75688.25717106384,77189.34243719032,1815.8351699732011,573.2164373204578,384.80668291979237,1178.8380428485689,3.54595184643814e-05,-0.261308400564593,96,69,95.8865972587797
20266,972.3809468211808,161755.87725018035,75696.66351076531,77179.88357543241,1747.1976114453282,544.3724920612003,361.9668467431329,1162.189806656388,-1.5108699478156875e-05,-0.2625432458754259,96,69,95.8862056406421
20267,972.3837630484638,161765.6024990944,75714.7212212425,77186.74881258882,1671.2703631345648,514.9362814438937,338.6729622076673,1133.5270963768126,-1.1074147388026332e-05,-0.2555203315800962,96,69,95.88582097041628
20268,972.4004869296414,161822.72107239114,75732.70368725124,77192.91735813659,1594.6742749662953,488.8093156400864,317.40392532316037,1104.9250628472364,3.297463388712297e-05,-0.2604740694423746,96,69,95.8854432661518
20269,972.403219337006,161862.0458774733,75724.49611405826,77198.79743978685,1516.8791653575609,464.34829508430266,298.76247995058657,1065.9343669791706,-4.213435378331236e-05,-0.268208181144131,96,69,95.88507254553764
20270,972.4209411444292,161921.0884015265,75742.51783241844,77242.81859715492,1444.349649564596,444.1347262847994,283.9835463812051,1030.9113367002574,3.50176885479698e-05,-0.2499467898994013,96,69,95.88470882590188
20271,972.423645602151,161981.59550547518,75785.5853221497,77211.97716089252,1375.6900229394087,425.41855688308715,272.3339586380753,989.782760555885,-1.4376542715520598e-05,-0.238767047154291,96,69,95.8843521242108
20272,972.4404030260532,161987.27860675665,75779.66078274263,77225.67693815734,1315.880293712602,410.0229161668685,263.79634386269026,957.2796428637521,-1.1813774631523148e-05,-0.2466877538243124,96,69,95.88400245706778
20273,972.4431806587558,162043.6018721931,75745.48831668939,77240.63841797436,1262.071531546535,395.27104889448674,257.007812607073,923.042336088809,3.343604220616448e-05,-0.2418214892086674,96,69,95.88365984071258
20274,972.4609212568304,162040.57832674697,75726.95035957664,77235.34793163306,1217.0561403059983,383.012967725881,251.67431113886414,899.7521180333861,-4.213937202274068e-05,-0.2269273776105164,96,69,95.88332429102088
20275,972.463529878966,162084.40717160187,75760.21328543937,77240.47605955461,1176.0826284060604,370.88794625653827,246.69544739634148,873.7600768180273,3.45644636982595e-05,-0.230994875771158,96,69,95.88299582350297
20276,972.4803196152874,162140.46614893118,75769.98294029961,77193.4458082463,1140.5069767613895,360.9306012963061,242.0954992127954,855.9696407654556,-1.3640222733447906e-05,-0.2465403908508969,96,69,95.88267445330344
20277,972.48315116705,162124.3642453586,75742.48170360601,77214.84707879364,1105.4907534767408,351.11904151781346,237.18280121823773,832.5334805962921,-1.2548726350853192e-05,-0.2669914888558847,96,69,95.88236019520028
20278,972.5008911728968,162141.4449621052,75733.15727364138,77213.06322314258,1072.516282386554,343.1028100107069,232.02359788358444,814.0153883809398,3.388574402674816e-05,-0.2665755838050629,96,69,95.88205306360402
20279,972.5034132815538,162209.7825034705,75746.15639911937,77235.82900087969,1037.6500857753563,334.50757257136866,226.01185415391228,786.5202585850202,-4.21301757719016e-05,-0.2654855871602736,96,69,95.88175307255725
20280,972.520240064842,162237.15910931898,75738.35658883963,77227.06423742538,1003.0949486295576,326.508171321766,219.24088720115833,762.0869327324908,3.4100007519810426e-05,-0.2572495807309261,96,69,95.88146023573384
20281,972.5231277530254,162251.77830443883,75728.66331303958,77232.16723718769,965.7994967445266,316.8093123996805,211.48523270557052,729.1229675432842,-1.2899992076758371e-05,-0.2695823945565286,96,69,95.88117456643816
20282,972.5408520099332,162302.14452044043,75730.44092657781,77209.60073127519,927.7333136686939,306.46238924113277,203.1642729138257,700.258454867464,-1.327875855525094e-05,-0.2707615318116048,96,69,95.88089607760456
20283,972.5432954490836,162326.26055544705,75725.63701908507,77214.64018148296,885.844325644779,293.6285171896161,194.46205588956946,663.8587734311586,3.4323598339082704e-05,-0.2572240257915681,96,69,95.88062478179673
20284,972.5601660289176,162393.82881563576,75766.90827242003,77231.31952407678,841.9528298250516,279.8261347855296,185.75883844474447,632.8953533152235,-4.210678145857104e-05,-0.2476019955482773,96,69,95.88036069120672
20285,972.5631083953456,162385.54277237612,75738.80974196564,77213.95627905669,793.8416564222425,264.0879647489637,177.03765352081973,596.4334309014375,3.362448718570587e-05,-0.2371927312470994,96,69,95.88010381765493
20286,972.5808041465408,162439.1257552843,75759.52114778025,77240.50822432015,743.9380818168866,248.15127360868792,168.1573478736682,566.2032126592239,-1.215610469865994e-05,-0.2234559758734048,96,69,95.87985417258932
20287,972.5831767909252,162494.10030498102,75774.02366573033,77215.63808474007,691.551096521318,231.3932577312953,158.90673905139556,530.1068142824515,-1.4003629952270449e-05,-0.2115897863235682,96,69,95.87961176708436
20288,972.6000984441696,162553.63189232396,75779.27924736096,77231.8760544474,640.1954273225856,215.4365957412956,149.12120283502736,499.3198988959193,3.474946833527285e-05,-0.1827120076288441,96,69,95.879376611841
20289,972.6030914598986,162542.29858527036,75777.39597337418,77232.3229300238,590.365503227571,199.81860449256783,139.10062374622794,462.0165911188524,-4.2069210356384445e-05,-0.1938415046129023,96,69,95.87914871718604
20290,972.6207477663644,162584.47695207404,75784.24675029273,77228.61516098792,544.999511380156,185.70518818491837,129.17351347932708,428.0484071970859,3.31380736541164e-05,-0.2034640033642784,96,69,95.87892809307128
20291,972.623058059835,162657.84471444372,75763.39959812237,77253.8437245359,503.3702780288295,172.3623010362935,120.10149316399475,385.330775153765,-1.1408814543945854e-05,-0.2012523275878818,96,69,95.87871474907352
20292,972.6400378298172,162691.20711714934,75782.05205379563,77264.00554060673,465.3054902757285,159.92374873794324,111.84292747179279,344.37263194820844,-1.472309960325719e-05,-0.2045766911554881,96,69,95.87850869439364
20293,972.643075485643,162737.45169125145,75767.0222725562,77240.1200354667,426.83178669569315,146.59990160021698,104.1744047330576,294.9545804413792,3.5163222042405514e-05,-0.209821148171116,96,69,95.8783099378564
20294,972.6606830531406,162805.94354310565,75793.54126559055,77264.41104935762,384.01501640310744,130.88881768699503,95.38941787125077,247.77150005465955,-4.201748776661353e-05,-0.195032353139446,96,69,95.87811848790956
20295,972.6629401749452,162859.50223547776,75793.62323465601,77267.70739636739,331.62694724288303,110.54726020334056,84.04485480725998,193.93981942834216,3.264094200005775e-05,-0.1938410681778148,96,69,95.877934352624
20296,972.6799844057372,162898.92709587395,75817.2083405807,77272.63022169034,266.9886492539081,84.85678800448659,68.21423673428944,145.5905780059984,-1.0658377498900644e-05,-0.1953068281421819,96,69,95.877757539693
20297,972.683059111148,162958.1292368222,75812.3653772499,77261.39977545677,191.15706936782226,55.110145668979385,48.418598627496976,95.96457595878746,-1.5436930785746624e-05,-0.1745355773974827,96,69,95.8775880564319
20298,972.700610274903,162996.8956339909,75778.08411896946,77267.90041794257,111.17502537468681,25.7127365864726,26.565872651000973,57.060419855988584,3.556472963899802e-05,-0.1639620670360536,96,69,95.87742590977744
20299,972.7028241268954,163026.91168581316,75776.0754297979,77292.95275083731,41.24260942277033,4.361739566098549,8.335157931171125,23.007270758826053,-4.195164642857272e-05,-0.1664963195675537,96,69,95.87727110628788
20300,972.719938150001,163062.73621361906,75774.18681776356,77241.2540567209,-0.0,-0.0,-0.0,5.887029089848511,3.213326758695449e-05,-0.0668668652648019,96,69,95.8771236521422
20301,972.7230410521672,163067.327281316,75800.63319158435,77252.1358283044,9.413629559217952,21.86586289323168,9.436040955566568,-0.0,-9.905051019087044e-06,0.1933226231783679,96,69,95.87698355313992
20302,972.7405298238784,163068.0229290344,75818.0961197359,77257.25236869184,86.86614212760469,75.16899312435999,41.20855063662748,14.649817756551784,-1.6144887807501282e-05,0.2733028744641537,96,69,95.87685081470092
20303,972.7427109153334,163028.4159826317,75786.77343581125,77257.66418347608,244.04652461671503,161.32254278978508,97.63531863311073,42.286004915629746,3.59538686985167e-05,-0.2271023961408533,96,69,95.87672544186483
20304,972.759898834634,162982.46257282046,75792.95939077307,77256.53344831351,478.35140514629893,274.25058428858756,174.50327502842993,89.38734452889184,-4.187171820946355e-05,-0.4587184941322183,96,69,95.87660743929102
20305,972.7630200992976,162933.48641051815,75761.19711727781,77249.41337100296,777.8490887634689,404.58137501719466,264.92770728783216,146.49636139237555,3.161523709444278e-05,-0.1586451510204335,96,69,95.87649681125836
20306,972.7804422360696,162843.0928173675,75802.2096767414,77245.3095372371,1116.9278231470962,538.0059230589104,357.4376431257697,216.73562084251898,-9.14908688277335e-06,-0.147842258700977,96,69,95.8763935616645
20307,972.7826014999906,162798.33544414226,75768.00897999054,77262.90992532062,1468.2469511519303,662.4278769338707,442.2533300227951,289.7237489182153,-1.6846733003469843e-05,-0.1472904275293975,96,69,95.8762976940262
20308,972.799866055372,162722.9460531885,75792.9326360835,77270.56245048196,1800.0063581363647,765.7718503120705,509.71566010883544,367.83731241713394,3.633052093301537e-05,-0.1221814199427925,96,69,95.87620921147884
20309,972.8029951219344,162644.61421322782,75785.84223558615,77258.78798498833,2090.101929905417,843.0332168265159,556.2229700117896,441.4281725400069,-4.177774573244916e-05,-0.1369120396580402,96,69,95.87612811677609
20310,972.8203482020986,162578.6309367489,75759.4035969968,77280.52108350742,2319.4219316025847,890.9431919204508,580.3047293838463,512.5533569479303,3.108702788385095e-05,-0.1088947177768778,96,69,95.87605441229007
20311,972.8224967558416,162515.0845211946,75776.36296631323,77237.62347768646,2483.019060608174,913.2281280228053,586.344612531364,573.3187738215784,-8.390754085592497e-06,-0.1065340534544304,96,69,95.87598810001089
20312,972.8398392645475,162467.7960044365,75808.8616699237,77279.40259743013,2577.8229474556865,912.6074583898007,578.3685228663962,627.2809753671463,-1.7542248050989975e-05,-0.0984200799090007,96,69,95.87592918154672
20313,972.8429650689088,162437.87144237492,75763.46417844588,77263.46924531981,2612.9755557194585,896.4768851664849,563.3098481978232,669.040811103856,3.669455864543673e-05,-0.0868879985123015,96,69,95.87587765812336
20314,972.8602485785729,162357.38185467818,75780.42485030895,77264.33177025546,2595.2481422615238,868.505411592123,544.6309330142685,703.4554586967279,-4.166978148861195e-05,-0.0925671788407364,96,69,95.87583353058444
20315,972.8623974232942,162372.54538852305,75741.22304398495,77287.35963795727,2540.4821740659536,835.6815061468224,526.6554858257296,727.7950878981792,3.054882873287633e-05,-0.0816168927042567,96,69,95.87579679939113
20316,972.8798178174304,162353.93035531658,75734.39565809144,77248.4316312195,2458.426892835647,799.9874866222963,509.25605440713116,748.4141082809365,-7.63029866030547e-06,-0.0668756052030282,96,69,95.87576746462209
20317,972.8829289531856,162352.338612645,75772.09307239344,77244.36012574298,2366.438242816075,766.9460782318056,493.89065441142884,763.7935693809122,-1.8231180993938436e-05,-0.0642009471221815,96,69,95.87574552597366
20318,972.9001444147656,162321.6933279029,75742.33853388221,77269.9797421142,2273.0869432725594,736.7337123998441,478.750587109942,779.2899115029431,3.704590259396948e-05,-0.0739040479761147,96,69,95.87573098275932
20319,972.90230403616,162310.19672577945,75758.95027576001,77271.98928919916,2192.173179772799,713.0397817587946,464.9230881886033,792.7341835228435,-4.1547840706670425e-05,-0.0610993908547617,96,69,95.87572383391011
20320,972.9198010540229,162297.29876954935,75759.04972972475,77250.04201569533,2125.347286069009,693.606838685344,450.89975135671557,807.5722325896204,3.0000858181056567e-05,-0.0485061285375046,96,69,95.87572407797424
20321,972.9228857913622,162274.42459916722,75760.77786555502,77232.79199762786,2078.508959019091,680.2004292295023,438.5222571666236,820.202524709166,-6.867969251154974e-06,-0.0363996255958527,96,69,95.87573171311747
20322,972.9400370325257,162271.07823080238,75775.99196744869,77261.24314025836,2044.6919301812304,668.8000919458282,426.70230522716884,832.1661002289329,-1.891332117230707e-05,-0.0157264495005598,96,69,95.87574673712317
20323,972.9422167779288,162281.48662252683,75781.72015084517,77228.94964463907,2022.5652473596274,660.0958638530719,417.1513062965241,839.8607452530996,3.738439978153181e-05,-0.0073946328325343,96,69,95.8757691473916
20324,972.9597884833574,162246.1446461695,75770.6626891802,77221.90644350581,2000.1969636271242,649.4852045463922,408.1161537410226,844.957099341962,-4.141205168078362e-05,0.0048402971253648,96,69,95.87579894094132
20325,972.9628344049772,162268.89984514427,75775.16067212488,77238.81045857609,1976.0038261882728,638.4455781278957,400.8270796306897,845.0409711968678,2.944322127401972e-05,0.0327820950235843,96,69,95.87583611440756
20326,972.9799282893208,162271.83890176154,75759.02767645424,77270.59329310618,1941.325425951276,623.7354916859913,393.31694036899717,842.5191878036712,-6.1041087452396455e-06,0.0303753995801489,96,69,95.875880664044
20327,972.9821350824648,162274.77716040908,75743.18221641271,77251.43198576292,1900.407203847717,608.52820073365,386.97666977220797,836.6616744884232,-1.9588496874167085e-05,0.0046201922063708,96,69,95.87593258572196
20328,972.9997803376148,162278.807632831,75742.44349961539,77257.09747356086,1850.8044596352847,591.024162556816,380.25667103083106,830.6526702697738,3.770995348667166e-05,-0.0042789530640023,96,69,95.8759918749305
20329,973.0027726850012,162292.3860093331,75779.04653737487,77249.18236663153,1802.898632560682,576.0189391553286,375.27384382265154,824.4676858857856,-4.126239210749842e-05,-0.0159583416972451,96,69,95.87605852677687
20330,973.0198216330772,162270.04687007205,75774.07654262759,77265.75231999387,1757.8981348961242,562.6838846953178,370.9580057860585,820.8761087825696,2.887627407890042e-05,-0.0470407733093209,96,69,95.87613253598666
20331,973.0220560207514,162326.94599429186,75766.18739789398,77231.14817654075,1726.7481781512615,555.9133206220577,369.3975118843664,819.7438650381519,-5.338759196842784e-06,-0.0682645841176077,96,69,95.87621389690368
20332,973.0397800655376,162261.1050702154,75755.02181563555,77247.33125182369,1708.156287179212,553.9025589393277,369.07963140832726,822.8037305200414,-2.0256254327059078e-05,-0.1107577071006973,96,69,95.87630260349086
20333,973.042693621999,162307.03080298888,75750.85751985878,77261.12825780654,1709.33039779705,560.1230651619262,371.7071183565713,828.9869391101238,3.802265087172086e-05,-0.1334684374069914,96,69,95.87639864932956
20334,973.0597288826692,162268.31287513976,75762.1020838935,77257.0337904227,1723.933165954135,570.5885816804075,375.3954566567554,838.6021355100675,-4.109885701757488e-05,-0.1227093823067848,96,69,95.8765020276204
20335,973.0619616257604,162286.65205059794,75751.56830911421,77262.6974308184,1753.7515739458613,586.2492094394402,381.4320968617103,849.9430673809256,2.8300108824494822e-05,-0.1518206227040084,96,69,95.87661273118334
20336,973.0798213094286,162210.8726184158,75763.17718151769,77236.41093541481,1787.7205423951964,600.9706417943089,387.47450112720253,862.5466011697135,-4.572493976210586e-06,-0.1563125432546427,96,69,95.87673075245812
20337,973.0825106134108,162255.31363900707,75761.65527754462,77279.27262178187,1825.2985345040797,615.0127761421609,394.40947772038635,874.5373886473244,-2.0916872648451507e-05,-0.1332372420336945,96,69,95.87685608350434
20338,973.1002925845976,162213.80278710707,75742.30459523447,77235.72283943949,1854.5155478051165,622.5847679105791,399.282621271268,885.2616005022428,3.8321797971728125e-05,-0.1424807489255838,96,69,95.87698871600185
20339,973.1021699903182,162268.95603823604,75763.3974207164,77271.80553149371,1875.791918132687,625.4376166677976,402.5424258650455,893.1547233263555,-4.092207944164454e-05,-0.1282615982572046,96,69,95.87712864125106
20340,973.1196642399976,162219.9097570333,75763.83520749465,77269.62987329041,1879.049893886433,619.6687829892617,401.2494523638161,897.6401431549457,2.7714576104412527e-05,-0.1295132907245296,96,69,95.87727585017332
20341,973.1225598274208,162205.87456030276,75786.97918723224,77228.2063141716,1867.5588598656468,608.9565521377954,396.5670337797492,897.6179199235048,-3.805538650004227e-06,-0.1362321220993095,96,69,95.8774303333114
20342,973.1401504405424,162212.4190091611,75779.80212740967,77242.0211065695,1835.065092061297,591.1485980619182,386.9448413832579,892.8711907356628,-2.156959355582017e-05,-0.1350958823562374,96,69,95.8775920808294
20343,973.1421008431164,162211.40617207816,75769.07166305017,77274.6872867659,1788.3844359024079,570.7512009610364,374.78272994904546,883.3005881150311,3.860837327558328e-05,-0.1359940473256715,96,69,95.87776108251408
20344,973.1596066675464,162275.40869031634,75792.15755173286,77281.07972126007,1724.2158036921173,545.6483287468873,359.2233312303724,869.7150330869481,-4.07306703923734e-05,-0.1279547981336287,96,69,95.87793732777423
20345,973.1625545369376,162267.35047006045,75808.14671667787,77260.2791245835,1651.9949808758684,520.1482420998364,342.7844992248574,853.0285325681325,2.712144863522708e-05,-0.1147387456710176,96,69,95.8781208056416
20346,973.180034000801,162285.68502170566,75774.96099061667,77256.24527951662,1570.5056692993967,492.0903348612337,324.4493789630069,834.3856325701054,-3.036899571996892e-06,-0.1151698833748836,96,69,95.87831150477167
20347,973.1820147928426,162316.3277091987,75782.46891266001,77276.98140034998,1489.5190173668088,465.4317095782899,306.3221483071975,814.6089194785163,-2.221373357460689e-05,-0.1175754783439775,96,69,95.8785094134434
20348,973.1995711198304,162311.86464776163,75797.65440191192,77252.15894230152,1406.7922715799068,437.59468997610384,287.1747839570453,794.2209534865106,3.888157531044254e-05,-0.1054248435451243,96,69,95.8787145195604
20349,973.2025306361006,162347.21757445188,75809.50990244509,77235.29788969933,1330.6293244870612,412.2966943173524,269.2762903224211,773.2644851127989,-4.052680827282671e-05,-0.1008505626575866,96,69,95.87892681065094
20350,973.2199231217892,162357.71639373136,75782.30909919132,77277.33474985654,1257.4559213783941,387.0539219430939,251.8460476048349,751.5475655985938,2.6517587320536277e-05,-0.1008936254639961,96,69,95.87914627386866
20351,973.2219257053288,162385.05634768796,75802.31428209174,77238.78084030772,1193.471848527668,365.3080892351427,237.17750825174153,728.7821317715861,-2.270885928292227e-06,-0.10344176106625,96,69,95.87937289599336
20352,973.2395481784808,162449.92577282264,75769.07045202119,77294.49768306564,1132.9339381831815,344.2559276533284,224.09108680975623,704.8346634457703,-2.2852898420462494e-05,-0.0980671601117312,96,69,95.87960666343128
20353,973.2424930613512,162409.29246648328,75798.41557616898,77240.73504193683,1080.3884484745795,327.0659641471866,214.13565493305214,679.5867196132895,3.913892848652086e-05,-0.0983659026998605,96,69,95.87984756221545
20354,973.259815062008,162484.02629043444,75842.7193961913,77264.1415092077,1029.465004750702,310.89312757138396,205.39605573669542,653.1890342642146,-4.031037261637584e-05,-0.0936917245453185,96,69,95.88009557800694
20355,973.2618364004376,162484.4880292328,75795.82411989501,77298.24869065268,984.0374225358828,298.3432688478497,198.5812648809806,625.716468134895,2.590683141935568e-05,-0.0855008579959025,96,69,95.88035069609492
20356,973.2795359776106,162526.54194998188,75803.8594153045,77261.18582124251,937.8110145466053,286.0330047251773,191.3442351752601,597.5762737108162,-1.5005868768391885e-06,-0.0984168446983472,96,69,95.88061290139753
20357,973.2824409013388,162551.44061946892,75794.61539311535,77263.33607342403,895.3586826716783,276.1113203463319,184.45299297446036,568.7175583922071,-2.347703880772232e-05,-0.101009023743865,96,69,95.8808821784625
20358,973.2997124701776,162579.07559802211,75776.3471507907,77285.00776557876,851.6533260057331,265.20857613314,176.22107257595053,539.439337144111,3.939092853321332e-05,-0.099720210335539,96,69,95.88115851146756
20359,973.3017441941328,162629.44802735504,75770.1768508131,77279.70256304908,811.4942602906376,255.29175284109078,168.11114060683758,509.35798280956806,-4.0072965575344336e-05,-0.1047315779171218,96,69,95.88144188422184
20360,973.31953876499,162646.7956758304,75803.23092070462,77286.91308884637,770.0427436636528,243.3302783871768,159.27809234696906,478.7849524735939,2.5292621096327995e-05,-0.0998020455827323,96,69,95.88173228016568
20361,973.3223652611454,162656.8406660632,75820.09084064093,77282.7272692088,732.2077299716184,231.8987205947633,151.790618835832,447.1623841918772,-7.31023147435523e-07,-0.0979016120263076,96,69,95.88202968237216
20362,973.3396300772808,162724.1596055161,75799.35163712248,77301.26665690077,693.6466333479038,218.9774888882821,145.0766511730326,415.1782548981719,-2.410004255255385e-05,-0.0982090012410977,96,69,95.88233407354706
20363,973.3416263240058,162711.87728626307,75812.06916437554,77257.25074933191,658.7727846911293,207.48886289457732,140.6004133593815,382.60803172766464,3.961498598356512e-05,-0.0807169266858728,96,69,95.88264543603024
20364,973.3595989009038,162773.66028023648,75832.16424160871,77270.02220063876,622.9139184480882,195.63745536006172,136.81210564108915,350.8623360800848,-3.9841968879046695e-05,-0.0577165896879625,96,69,95.882963751796
20365,973.362163722908,162819.46981234528,75784.77537490254,77267.64489160704,589.859997513995,185.97273687415873,133.986467265815,319.52903320407495,2.4649394810035536e-05,-0.0545628472172925,96,69,95.88328900245456
20366,973.3801064063608,162843.51906641835,75821.73232681998,77278.64452036163,554.219948299462,176.01590828945336,129.70881044029375,289.7355579660798,2.1271032441447247e-08,-0.0770721549533565,96,69,95.88362116925168
20367,973.38195285764,162875.97705505072,75831.14068786927,77305.56321659221,518.0843770737993,166.84671819089272,123.69845453675953,259.78812694217777,-2.4720520476702383e-05,-0.074495557309704,96,69,95.88396023307064
20368,973.3994105774036,162905.32157042823,75817.07341030354,77289.07004864208,474.8012182844104,154.80640368757304,113.75971269613365,229.95757672112086,3.9835296454966194e-05,-0.0816158205816248,96,69,95.88430617443252
20369,973.4022264103496,162897.1277258652,75831.72028897727,77288.39713996953,425.12479545979295,139.86046393525612,100.18646470387466,197.6496304773318,-3.956930721008125e-05,-0.0906516253245859,96,69,95.88465897349708
20370,973.41996909828,163000.28865089154,75807.4588374677,77279.87932450983,363.39436551282415,118.83820137080329,82.10864597573527,163.55439888781984,2.404363903655918e-05,-0.0788812797370086,96,69,95.88501861006397
20371,973.421880088418,162958.0581295203,75840.51652262012,77292.10742985009,292.41702859674115,93.08460838280735,61.267766701232176,126.21381768109859,8.273598126433665e-07,-0.0724455106414875,96,69,95.88538506357304
20372,973.4393438651804,163042.55230366986,75812.31318953665,77293.70893379253,211.36057966999942,62.66503189972718,38.760126677167136,89.20541070587933,-2.5280851067880654e-05,-0.0692200435688263,96,69,95.88575831310597
20373,973.4422271543496,163084.70912822947,75857.46359439644,77287.35360169686,129.67475520429434,33.003444053509156,18.41135482347454,53.53087084367871,4.007393409343312e-05,-0.0507909215543479,96,69,95.88613833738653
20374,973.4598613317312,163106.21993987475,75841.53292615795,77311.99808866472,55.78526351292385,9.15243231128261,3.6959202977013774,25.071912698476808,-3.9286685835656655e-05,-0.0568959438731139,96,69,95.88652511478207
20375,973.4617862037492,163145.70460641893,75862.32787641685,77295.87912916725,7.5250539987464435,-0.0,-0.0,5.2993093169352505,2.3381063623550163e-05,-0.0449528633398342,96,69,95.88691862330415
20376,973.4793022437428,163145.657976295,75830.95504810162,77315.71907092619,-0.0,12.093075024939026,11.279906010662671,-0.0,1.5355162220527697e-06,-0.0326775011182737,96,69,95.8873188406096
20377,973.4822088381164,163134.0296789375,75823.36226737009,77325.78534311194,52.248000712366775,51.96421436834498,41.276850176625885,8.374680423614336,-2.5964774114825597e-05,0.0652875726207077,96,69,95.8877257440017
20378,973.4997594212203,163075.03201842436,75820.95454451218,77281.4367757884,174.64181674929569,120.70539235527394,90.38367698324146,33.76689262400032,4.015669762168812e-05,0.3235007099849031,96,69,95.88813931043089
20379,973.5016869773392,163042.39072569984,75836.18346093097,77298.63459104013,373.10193633055314,216.11428083383362,156.76196271844674,72.3337210517202,-3.910473356443909e-05,0.33684442967119,96,69,95.88855951649624
20380,973.5192755232862,163026.94007244176,75829.5084705835,77273.1124900604,639.8058439259185,330.20956819584535,234.876000225835,125.88901231848286,2.2668729490099705e-05,-0.2308623757276139,96,69,95.88898633844587
20381,973.5221767085852,162957.14169703567,75857.0429977513,77296.8541276077,959.5670946119935,452.87018463791173,317.8004187553306,188.55212555243634,2.3077244899365878e-06,-0.3317374777222425,96,69,95.88941975217872
20382,973.539660286817,162904.25833157226,75819.02484841348,77314.87520690855,1306.45723153156,572.1617641346093,397.53811891764053,260.9598655209993,-2.644849075750572e-05,-0.0087592244444714,96,69,95.88985973324512
20383,973.5415853781276,162791.37962445026,75838.94559105493,77292.50332246906,1652.4720145357423,677.877132904061,467.46576663761516,335.8420950215659,4.052971631265237e-05,-0.0758051878615438,96,69,95.89030625684838
20384,973.5592621778428,162720.2884589329,75808.161216561,77309.05483792207,1968.2686203506892,762.3335843600362,522.7126031067746,413.7704597503762,-3.854236378993523e-05,-0.0496997377825169,96,69,95.89075929784508
20385,973.5621293205024,162679.30959690528,75849.14992820543,77323.89499758702,2231.015968075313,821.6298067880416,561.1304704239883,486.82881737849675,2.2295498293726027e-05,-0.0125809437290261,96,69,95.89121883074728
20386,973.5795669421452,162605.57665338702,75835.28128082436,77315.27332672998,2424.920048291213,855.4083104938618,582.7119712742569,556.0902675548568,3.295558699499569e-06,-0.0311943435058151,96,69,95.89168482972308
20387,973.5814782605756,162511.74965483695,75812.40119364033,77314.18567384315,2544.6894353918033,865.7849378436513,589.1465804472391,614.670512558776,-2.6941567792581823e-05,-0.0018737845029026,96,69,95.89215726859751
20388,973.5992674251454,162475.88522197946,75808.35970565281,77265.7474422018,2593.944381070498,857.0971401718562,583.1486401228467,666.3699423031067,4.055909984470697e-05,-0.0146335034032308,96,69,95.8926361208546
20389,973.6020564783968,162435.41591340263,75828.01413971695,77272.13403163072,2584.1113030942506,833.9219414660329,567.734908620856,706.3010469608125,-3.861847984769918e-05,-0.0345588799501657,96,69,95.8931213596378
20390,973.6194954019408,162429.2047459626,75797.34923143362,77297.43207280607,2531.4113843489904,801.8938146547007,546.234389540914,740.5391444665438,2.1021956145429254e-05,-0.028994204720421,96,69,95.89361295775134
20391,973.6213413895722,162412.6457201005,75839.33558077463,77296.96106297965,2453.189071396133,765.5104754065978,521.61691775074,765.6050520130084,3.322363589788061e-06,-0.0265591952777188,96,69,95.89411088766192
20392,973.6393353822324,162378.16824500525,75804.3529147387,77282.43953798548,2366.1262093303376,729.9819275319896,496.9859215604956,788.8897293495829,-2.819432982980082e-05,-0.0457390833295989,96,69,95.89461512149934
20393,973.6418572463116,162378.64845691642,75805.39253912056,77311.15320299721,2282.5915025218856,698.362967007226,474.52636649567285,806.060953882552,4.028303048027028e-05,-0.0338748203043586,96,69,95.89512563105848
20394,973.6598683376114,162272.54418428685,75818.66867430482,77286.39040135407,2211.692444136599,674.0829290952242,456.1659275025595,823.7792711813236,-3.824832908036568e-05,-0.0083156360665981,96,69,95.89564238780008
20395,973.6617761362456,162350.83944225474,75790.8477176889,77315.06679571379,2156.427562152385,657.4156819856871,442.26300266041653,836.4888977415394,2.102225991838009e-05,-0.0116943464817029,96,69,95.89616536285186
20396,973.6791370402952,162300.7174242301,75821.01431548159,77290.3543108388,2117.30280964711,648.7873197934241,432.8159396488918,850.4681179661711,5.391989414259259e-06,0.0033246666002994,96,69,95.89669452701072
20397,973.6819169075562,162340.2930553172,75831.81035280973,77308.89717193712,2089.6926817829954,645.1035671214195,426.38153393607354,859.6853555511625,-2.6960173880190858e-05,0.0142974473049067,96,69,95.89722985074296
20398,973.6997476147676,162319.47439127843,75819.41333685056,77298.52673911814,2069.0978886478115,644.153244702582,421.90386538780876,869.7567040503491,4.2331601932890405e-05,0.0206945037165062,96,69,95.89777130418682
20399,973.7016928347584,162293.975022719,75839.63164201398,77318.29121007313,2048.320306499081,641.2758846827783,417.6367900938494,873.8241774504422,-3.639093622327491e-05,0.0366871444015806,96,69,95.8983188571528
20400,973.7190675900584,162297.02387347887,75814.66285963253,77285.35959010398,2023.766836121329,634.8409145475744,413.06204626415274,877.9780641176621,2.0904922712213976e-05,0.0636543331717608,96,69,95.8988724791256
20401,973.7219154314972,162289.1398886065,75804.48877923988,77309.70144627409,1991.3966403488885,622.3140367822198,407.24447776013403,875.7659639850899,5.253456274839372e-06,0.0664957826352234,96,69,95.89943213926568
20402,973.7396555090406,162292.8717625235,75832.00990001205,77311.99348304112,1952.6866674574558,605.5166569622961,400.54700782572036,873.9801017655409,-3.0091273233672515e-05,0.0698377808861937,96,69,95.89999780640991
20403,973.7415873600598,162349.17069827957,75804.66264635474,77304.94154618314,1908.7254989260691,585.4054868617386,392.6898495622445,867.086209626781,3.835026154809359e-05,0.0897555304110069,96,69,95.90056944907424
20404,973.7590238238258,162295.95833154573,75808.15562888364,77290.23225456396,1865.5339663084014,566.7134698877635,384.66029012427316,863.6887897604611,-4.09931637804784e-05,0.0887814347317737,96,69,95.90114703545404
20405,973.7618960438072,162356.36461712414,75800.10570584256,77287.79603847465,1826.4182029693038,551.3596452146594,376.6957087452756,858.8190719634586,1.5574320340047447e-05,0.088498649769252,96,69,95.90173053342586
20406,973.779569020864,162308.271881091,75825.24519085173,77281.2404387759,1797.355246647494,543.175668174983,370.32173985702684,860.4205964953871,3.111266402366351e-06,0.0828708513412767,96,69,95.90231991054938
20407,973.7814742478675,162369.73906211674,75826.78933989517,77313.20487899182,1779.3422518355655,541.6116769446962,366.11225323731196,861.9961367587093,-3.0333704983898413e-05,0.0414228452652044,96,69,95.90291513406852
20408,973.7989973907096,162314.55449068663,75799.705335569,77266.95973594223,1775.146457503608,547.7197598266212,365.5368565909739,870.3418674198329,4.294263372511009e-05,0.0086523645609187,96,69,95.90351617091298
20409,973.8018619071984,162324.54978826988,75826.23294286059,77302.34346518792,1782.0543091638829,558.2526742118062,368.3522088047175,877.127579778753,-3.182903288777864e-05,-0.0142638394080635,96,69,95.90412298769982
20410,973.8194872771336,162299.89745199998,75817.4018329677,77298.33745475319,1799.7053668877925,572.476466283435,374.60215104179224,887.5773757082061,2.6932528576353852e-05,-0.0389819686577064,96,69,95.90473555073504
20411,973.8213535459124,162320.30064406685,75852.56788116948,77273.59856578278,1823.0308203015593,586.3787232468603,382.42783128269366,892.9274600826902,1.676415695648044e-05,-0.0523270071789679,96,69,95.90535382601516
20412,973.8389910604424,162293.51415398766,75810.18377928241,77281.68823756305,1850.3180296606733,599.5462462408905,390.64433762131375,899.7547557321086,-2.055094147512856e-05,-0.0436396680866706,96,69,95.90597777922883
20413,973.8418055828608,162305.43561532194,75806.21341423578,77299.73430246834,1875.4478210917441,608.5568311809475,396.80995770246955,900.4917404003791,4.687691675176221e-05,-0.0461256724653445,96,69,95.9066073757583
20414,973.8594219262866,162334.8580337696,75813.7710071173,77280.87011277908,1896.0400586747564,613.728771309703,399.92953643453075,902.6697138847085,-3.740424837465525e-05,-0.0401803669049095,96,69,95.90724258068128
20415,973.8612079273772,162299.23731248366,75831.34405686047,77316.53289664735,1905.8515485476237,612.4119074455957,398.4548232012603,899.5317408944247,8.891924143313351e-06,-0.0293487649311289,96,69,95.90788335877224
20416,973.8790363442624,162326.01652425653,75820.54556355794,77282.4824251962,1903.3145191221265,605.9354921479098,392.73132594444905,899.4232352735999,-1.0092189404440685e-05,-0.0488688134571089,96,69,95.9085296745043
20417,973.881659252864,162346.87532264215,75772.549128152,77287.08962735764,1883.834589181468,592.5934575340216,382.6137424609333,894.8009617112402,-5.442280614561167e-05,-0.0479728682349562,96,69,95.90918149205096
20418,973.8995907824948,162321.81197848442,75810.38314563413,77282.89708415885,1848.4575208266615,574.8085780101101,369.587487388897,892.7433241339168,1.5555777254179048e-05,-0.0285911706106375,96,69,95.90983877528735
20419,973.9017926613844,162331.3829027167,75845.16897506903,77291.2164998396,1795.9564543240704,552.0187983577052,354.18676281906664,884.8327228264243,-5.669454405657464e-05,-0.0366465525428329,96,69,95.91050148779266
20420,973.918872889503,162344.90566699026,75813.0155727181,77280.66107992682,1730.6795753911138,527.4939440413582,337.8879812148807,877.7828041870671,9.950579533629088e-06,-0.045241048381841,96,69,95.91116959285112
20421,973.9216835660824,162358.92089735938,75821.36253521912,77310.9148207776,1654.2061472358182,501.0344433808641,320.7262542640383,863.8614540064009,2.0642838550853795e-05,-0.0389760189669092,96,69,95.91184305345412
20422,973.9395136978104,162393.9643878815,75800.11071332262,77292.18219945254,1572.3342698341003,475.3910466049565,303.3361192509183,850.1401169721794,4.229129724290032e-06,-0.0328775675801922,96,69,95.91252183230154
20423,973.9416882246082,162419.32322005348,75836.95642338393,77272.88919122981,1487.0079366521677,449.32741270490806,285.1234927987389,829.3586093704798,9.673862641796426e-05,-0.0357606313068454,96,69,95.9132058918046
20424,973.9588009642442,162438.8899908013,75833.63671948513,77270.21073490856,1403.3913807063946,424.5561092004791,266.5597184426151,809.691914260562,3.075008850276707e-05,-0.0330075154933042,96,69,95.91389519408612
20425,973.9616728139728,162440.6040621624,75806.17865303897,77289.51292736338,1322.3049360389123,399.1866853435786,247.5213518255623,784.7492752459075,7.901348726055891e-05,-0.0394924861784175,96,69,95.91458970098324
20426,973.9794489019783,162473.5954383934,75796.78211614027,77285.36623549994,1247.2530290117138,374.7105537500174,229.2314031290589,762.4354408735235,4.774865989528654e-05,-0.0461869387639647,96,69,95.91528937404934
20427,973.9815708153718,162535.2108849751,75807.28555467524,77286.19113787956,1177.7552138282335,349.75837509443227,212.42717816185905,735.9348485497176,-3.574947134352114e-05,-0.0375972304842767,96,69,95.91599417455494
20428,973.9987458734646,162523.64897377725,75838.24617478024,77306.15381057844,1116.2247035973705,326.80385758120974,198.75412192725344,713.2866026331321,-1.955742537029242e-05,-0.0530273906577249,96,69,95.91670406349076
20429,974.0016546188912,162560.7741065601,75827.34368333968,77289.4389172195,1061.487849062425,305.4409932432609,188.74719837657176,687.695472346124,-0.0001545385541136,-0.0654089393717949,96,69,95.9174190015685
20430,974.0193820987508,162583.95888808888,75818.7354943496,77298.25567804876,1014.8033013596432,288.34499890769075,182.94386576936813,666.2486704203766,-0.0001465581814077,-0.0513956655044162,96,69,95.91813894922328
20431,974.021449553067,162643.21083188037,75827.28208737259,77295.42403934078,973.879298301239,274.7070233053819,180.34859768496244,641.3736242603918,-0.0001637171438087,-0.052225092663437,96,69,95.91886386661544
20432,974.038702881767,162622.74668131952,75829.9065083193,77294.31490811515,938.4268553867005,266.09851680295833,179.84184034753707,619.983637386089,-0.0001699521369906,-0.052143018427803,96,69,95.91959371363208
20433,974.0416304700858,162683.5794827379,75823.18565141219,77305.84960126325,905.0147228860878,260.23778629610024,179.37702403517324,594.3891440478328,-9.244296841226988e-06,-0.0395837153936284,96,69,95.92032844988954
20434,974.0593121492792,162675.2180688043,75844.47854378608,77302.87522853233,872.4111320089432,256.9552810534951,177.51535110000987,570.7640162322496,4.6257784331671e-05,-0.0454703338143392,96,69,95.92106803473511
20435,974.061325967291,162740.4650542121,75805.71009516601,77283.65946519557,837.6578877621214,252.9645670594182,172.97042964189313,541.5067758945806,0.0002499317582283,-0.0497404727569274,96,69,95.92181242724848
20436,974.0786720879032,162754.67802711218,75823.1935637798,77287.2526685298,800.6786027816124,247.965114222563,165.65472029952798,513.7937837240461,0.0003830239531626,-0.0470839499298139,96,69,95.92256158624434
20437,974.0815981369136,162797.93071390362,75836.07448952144,77325.31944770366,760.6716194386245,239.66089075809577,156.06545074784663,481.2158287243219,0.0004168994412368,-0.0561588833396166,96,69,95.92331547027382
20438,974.0992413107266,162801.21579794027,75822.83272154775,77283.66519762631,719.3032824170659,229.2029971119482,145.56627006363124,451.2835499663779,0.0004633913992619,-0.0608352939560238,96,69,95.92407403762708
20439,974.101198351966,162871.37548371262,75815.47216779192,77301.70738979045,677.5417753462098,216.24523290684738,135.65479802223854,418.2354467130208,0.0002287713499657,-0.0622496654686697,96,69,95.92483724633468
20440,974.1186570140222,162902.52261736218,75799.47678455754,77295.55640533399,637.5310106840334,203.36567267785722,127.64118626480922,390.0309360322426,-1.0543315026922108e-05,-0.0551468654434251,96,69,95.92560505417002
20441,974.1215509135836,162906.6088812658,75822.7155067543,77289.62280019173,600.1852768344106,190.84374622826,122.21756688322057,360.49727311733295,-0.0003923527792389,-0.0666202177453671,96,69,95.92637741865089
20442,974.1391783418188,162955.0373884378,75821.45793057694,77299.0609951558,566.0350176190841,180.38336900754075,119.03132586090942,335.63682632913697,-0.0008258920057822,-0.0586582107212755,96,69,95.92715429704197
20443,974.141055166918,162996.84038750455,75840.10465545702,77318.76929684913,533.9678106376668,170.6760759880126,116.99859534096322,307.66995332343504,-0.0010424790196843,-0.0436474862381372,96,69,95.92793564635656
20444,974.1586778668998,163011.10199930042,75850.09761764592,77298.67333342125,501.1348271112074,161.1303816178406,113.95678885356756,281.38845269268495,-0.0011919470964982,-0.0339532930270073,96,69,95.92872142335924
20445,974.1614475734002,163024.04702239778,75835.19736719952,77300.64026683391,463.4981902963482,148.55969521877705,107.87655342835933,248.39424591799616,-0.000905691476506,-0.0215095059077865,96,69,95.92951158456673
20446,974.1792381393178,163102.30966966966,75843.49614819638,77321.84405130646,415.66852812544676,131.2447443024721,96.55761790520046,213.37798559176736,-0.0003207177162553,-0.041330653161955,96,69,95.9303060862512
20447,974.1816857491827,163124.34672806153,75836.02038534099,77301.68956407397,354.12419360515196,107.05270069211838,79.50854925828753,170.16616505599814,0.0005151987488651,-0.0290110198428217,96,69,95.93110488444154
20448,974.198572058724,163143.58489341885,75859.92010056144,77298.67402668025,277.115948669496,77.17978811720968,57.24364026039257,126.37718864547787,0.0016054627994382,-0.0504252577694159,96,69,95.931907934926
20449,974.2014321814888,163212.39378281785,75872.95673894764,77301.61737854386,189.69764290103922,44.63136310764821,33.192392901633866,80.18826414537034,0.0024240931563851,-0.0857827686802906,96,69,95.93271519325415
20450,974.2191959406526,163287.468734206,75876.78895085442,77330.71250104389,101.68477860745043,16.186668107562582,11.842723381181713,42.07334856883972,0.0029313345905969,-0.0732279797582912,96,69,95.93352661473877
20451,974.2215649410014,163279.99047639017,75864.8056076697,77299.63705604259,31.71705068607116,-0.0,-0.0,11.93881470229826,0.0026640195225108,-0.0598724248609634,96,69,95.93434215445832
20452,974.2385041417574,163317.31642640216,75825.41755749396,77308.32746423598,-0.0,5.239461499164463,3.2768362934875768,-0.0,0.0014410944140646,-0.065867171893719,96,69,95.93516176725906
20453,974.2414089338032,163327.3703239973,75819.54547362874,77315.69622086645,29.952914835244883,39.05186434803181,27.063255548506277,4.3633069416100625,-0.0005403523634971,-0.0651870824120339,96,69,95.93598540775685
20454,974.2591506358192,163271.69855973878,75821.9349418957,77295.0097212699,136.6981110475026,105.04952750680968,72.4950421450776,30.74117391134496,-0.0032308253736314,-0.0505531839420125,96,69,95.9368130303401
20455,974.2614403178732,163243.1592476114,75854.12189312636,77297.3765941367,329.4632100283052,201.71962208162586,138.5828084340901,72.60342771868454,-0.0057148912029981,-0.0426918434421438,96,69,95.93764458917084
20456,974.2784450507048,163176.2845619118,75845.12294280603,77310.08074343977,600.5183851539623,322.0463080197369,219.11539108722354,131.59559257962974,-0.007219918087832,-0.0231724284213497,96,69,95.9384800381882
20457,974.281385939554,163110.2522543756,75826.073145495,77314.68606392897,934.1334811347187,455.1105853779882,307.14988255582284,199.0912598441064,-0.0066286585687527,0.1433321647166926,96,69,95.93931933110971
20458,974.2990983201736,163030.70978462085,75841.42488360386,77314.35585059437,1300.270592336543,587.531936660278,393.11604976656963,275.3399565962027,-0.0026365672879869,0.3941822994731179,96,69,95.9401624214338
20459,974.3013145243084,162939.65326731332,75818.45760038773,77325.90852918051,1669.9001442537992,707.2180901720421,470.31209332542494,352.289999296685,0.0054191341161865,0.2445979851091406,96,69,95.94100926244226
20460,974.3183944671804,162936.47151652968,75837.88447253381,77300.29232728289,2009.6479867807357,804.2186286434444,532.0756785516569,431.5402414134005,0.0183443770869369,-0.3013855705581648,96,69,95.94185980720226
20461,974.3213618956972,162810.12332835593,75834.47116127831,77290.25575979883,2298.448305887985,873.804422494577,576.5804986351577,506.80163850053214,0.0359795996165904,-0.2340381252620205,96,69,95.9427140085685
20462,974.339039464835,162763.9882040976,75820.58142891662,77307.96723017827,2518.303176393616,914.6949309649062,602.2970852741855,579.9987915834354,0.0577463590921564,-0.0074177891291793,96,69,95.94357181918598
20463,974.341187964136,162663.78972929623,75811.17616441443,77312.58755161065,2667.6604412231827,930.4954780953703,611.9254531093175,645.1891335203836,0.0827825707084493,-0.0822889084361269,96,69,95.94443319149188
20464,974.3583533139288,162645.59125598293,75813.89677362505,77294.24977105536,2746.4663711257163,925.7246085792722,606.875289195159,704.5484187731054,0.1095390698482774,-0.0414405327094237,96,69,95.94529807771794
20465,974.3613344400628,162540.04048074663,75830.55665747004,77315.46042367873,2768.167915897153,907.1778857473109,591.7433393981482,753.1213637331093,0.1370927476352833,-0.0464207955962303,96,69,95.94616642989271
20466,974.3789756716212,162542.05467860916,75783.3152697636,77307.40612275276,2742.4389495055075,879.7673407482362,568.895430989156,793.9949200448755,0.1645276199519336,-0.0526126456533379,96,69,95.9470381998442
20467,974.3810600138914,162507.9697646369,75836.36900565584,77306.30889871603,2687.6907563933055,849.1311568519741,543.3855538275675,824.3262805179693,0.1917678927232316,-0.0402328502373037,96,69,95.94791333920185
20468,974.3983235490012,162468.8824708006,75841.0186384526,77306.43115314542,2613.2524035412935,817.9007341959659,517.1905370668683,849.5109766260139,0.2197335408074086,-0.0396656637496282,96,69,95.94879179939907
20469,974.4012996661204,162476.06669598815,75765.83223217155,77288.45262315593,2534.8304245427134,789.6072592196142,494.5142332618416,868.7368591125414,0.2495609769837445,-0.0259650137016916,96,69,95.94967353167576
20470,974.4189108994271,162453.33681106838,75787.47270092819,77304.17020852343,2457.385109452589,764.9292715018964,475.7836688514799,887.6438951200689,0.2832244589434002,-0.024105061009917,96,69,95.95055848707996
20471,974.4209267675568,162455.95393817555,75795.78711603195,77293.31670560011,2391.9338476211415,745.9007106902573,463.18697215238353,904.873892938951,0.3220236886967288,-0.0226650433622672,96,69,95.95144661647151
20472,974.4383121914808,162411.56064517473,75827.01573703934,77289.56165708238,2337.6290158759803,731.5340230381844,454.702587761858,924.4494222182839,0.366509301249636,-0.0107762514530751,96,69,95.95233787052317
20473,974.4412440251288,162400.35031262384,75802.47343670983,77301.5029912114,2300.107322685595,722.4388155692432,450.5802718424238,943.036727064231,0.4160237760958928,-0.0113193345245778,96,69,95.95323219972366
20474,974.4588740725816,162321.51980769716,75786.07811054161,77272.3330750663,2273.042567545781,716.1826702308899,447.609812992916,962.340540662437,0.4677484086240865,-0.0021853721056854,96,69,95.95412955437996
20475,974.4615717200624,162386.389682582,75787.71984433911,77300.85849593363,2257.034053239913,712.3059680954611,445.7603625585616,978.0444838464027,0.5177603125347583,0.0061006570157214,96,69,95.95502988461988
20476,974.47828669994,162368.27229615097,75804.53088464343,77311.83236000041,2241.7264571323176,707.7526275430428,442.28585132048465,991.4529970058356,0.5605252104936337,0.0027145443739498,96,69,95.95593314039428
20477,974.4811822705228,162338.3068896725,75827.5617779606,77282.0396537275,2225.8547537324484,702.2639698451967,438.10679064146825,999.098052886955,0.5901986307585989,0.0120389970261071,96,69,95.95683927147942
20478,974.498867134794,162343.8949663585,75794.05070580414,77298.8504152869,2200.15339025046,693.697236926062,431.6444462252839,1003.0754874174017,0.6016879181075476,0.0285256782352073,96,69,95.95774822748
20479,974.5014368131206,162371.41391172502,75797.79265539057,77295.19915577979,2167.845347199822,683.4018540256802,425.04137916778564,1000.9897692567029,0.590965710253966,0.0091906655302446,96,69,95.95865995783105
20480,974.5182224178108,162324.38465446042,75810.61562494343,77297.50944114084,2125.3773842185037,670.7337970109656,417.44472009755555,996.189589248097,0.5568844554383572,0.023184468675186,96,69,95.95957441180028
20481,974.521145691325,162340.37010346763,75794.16284072798,77286.4216198176,2082.0069045784767,658.3532516252744,411.36463071461185,987.8852641759149,0.5006952988956767,0.0506569971488259,96,69,95.96049153849135
20482,974.5388396229258,162381.23059055506,75793.75017770585,77281.59511268442,2038.9615454358864,646.4710290018411,406.06829099950846,980.4084371606004,0.4265508195124645,0.058580515286952,96,69,95.96141128684552
20483,974.5413084409336,162394.83997656152,75798.14942918043,77300.23285488725,2007.750967266853,638.1358657828096,403.97613186071976,973.6029735420889,0.3411031127241085,0.0714059245362982,96,69,95.96233360564467
20484,974.558158067846,162356.31492745018,75808.82545201758,77291.9576528368,1987.8295359379263,633.1230560213298,403.77917184637045,971.8068773309933,0.251874011311799,0.0719715031854064,96,69,95.96325844351382
20485,974.5611173305318,162388.87517960856,75816.69516544254,77282.92346776085,1986.1518095184001,633.5342843768885,407.06426652512164,974.181455052254,0.1670637361419544,0.0588790860056111,96,69,95.96418574892328
20486,974.5788002316712,162381.75150325368,75822.72192907601,77298.85467752609,1996.5723818481201,637.8669137570105,411.66664472504635,983.0876320853422,0.0934004124949251,0.0438607643417883,96,69,95.96511547019138
20487,974.5811817060217,162345.71360807182,75786.59558783963,77296.74879847966,2020.6894625606365,646.7536243445938,418.32205670239637,995.257132880768,0.0356467981027182,0.0213842870877196,96,69,95.96604755548734
20488,974.5980982486358,162351.76744943747,75803.92870607958,77269.17603619579,2047.6381547466153,656.9550191622984,423.9530670832901,1010.77596236713,-0.0038351669760449,-0.0111346776355575,96,69,95.96698195283308
20489,974.601092893852,162350.5368021116,75801.33029633744,77298.27786420877,2076.2100732600666,667.5669706954795,428.7153787073039,1024.8254312614736,-0.0258296024598818,-0.0382769015926294,96,69,95.96791861010672
20490,974.618751146245,162290.96547779243,75798.22014717529,77279.70279007827,2095.371148776205,674.4969961895695,429.71646443515783,1036.6049236399122,-0.0328081978791859,-0.0686577312532875,96,69,95.96885747504427
20491,974.621055821523,162307.71837542267,75789.11326159016,77268.45149073415,2105.6176113463007,676.9014861240867,427.9690006955061,1041.712925884989,-0.0290567466578769,-0.0816810791950831,96,69,95.96979849524284
20492,974.6380446734116,162328.58679695326,75839.68320953965,77264.28716768407,2098.390996320173,671.6549017942743,421.76401964592515,1041.0481384432642,-0.0192586236021759,-0.0741053803142851,96,69,95.97074161816272
20493,974.641070006319,162322.99705497513,75811.32572641586,77280.47912983588,2077.2720183569472,659.7764543002122,413.3254089872935,1032.5826924803841,-0.0074845612628891,-0.0624466575895325,96,69,95.97168679113064
20494,974.6586932102502,162348.2308271819,75805.54157565482,77301.1394628366,2037.4316549208015,640.6010596550477,401.94366536536836,1019.2702415810782,0.0027192412843892,-0.0627564646775019,96,69,95.9726339613416
20495,974.660931313034,162358.79804850457,75806.58401264016,77299.90854947691,1985.5396186440485,617.3371138823568,390.10708494638675,1000.6475048416178,0.0096556959802177,-0.0655577915457196,96,69,95.97358307586194
20496,974.6779976289748,162388.81998086814,75774.06617171135,77284.32582924892,1918.5972556590568,590.5972079690982,376.62146339938045,980.6292178010626,0.0125604388035167,-0.0509278700244066,96,69,95.97453408163216
20497,974.681047704108,162414.07825886476,75793.53080286327,77304.47183324663,1844.1554446070804,563.7801265176822,363.14064885213156,958.839521103102,0.0118163013394913,-0.0449347447400734,96,69,95.97548692546872
20498,974.6986255428096,162414.3187714941,75815.45879513322,77310.3831642563,1760.146991817106,536.9650096174009,347.9191066623607,938.4226381305198,0.0087267756239941,-0.0472010591598264,96,69,95.97644155406776
20499,974.7008116819218,162455.37435904992,75790.95983553921,77326.30423939301,1674.53912285337,512.3945474918291,332.3009172358725,918.0175629907753,0.0043630885698778,-0.0470360975060417,96,69,95.977397914007
20500,974.7179517885852,162442.22208229313,75814.35429026917,77268.02358806791,1585.526693945285,488.87254259819747,314.61476123786997,900.0815124913643,0.0002177386312996,-0.0474000650726157,96,69,95.97835595174836
20501,974.7210368708464,162470.25187389148,75854.20532504439,77333.88969039779,1501.3555973277544,467.58629970398033,296.65173598288675,882.5584138824488,-0.0029411670027695,-0.0554849646475378,96,69,95.9793156136413
20502,974.7385121179908,162513.62371901097,75822.17716585375,77279.86914432597,1420.9113949121675,446.92383285047254,277.66366220620694,867.0380005238694,-0.0047246516867453,-0.0503219060798052,96,69,95.9802768459246
20503,974.741437048743,162560.06209271608,75814.19018155082,77265.85785716947,1351.5727916079923,427.8446750188741,260.1372787990258,850.6557281350251,-0.0049169694153547,-0.053440488399982,96,69,95.98123959473
20504,974.7580260458988,162537.01502876554,75799.60639683413,77306.34725904715,1290.4682141016237,408.9135954480298,243.81165211327607,834.223059002863,-0.0041098309421886,-0.0623244934290377,96,69,95.98220380608382
20505,974.7609264274062,162533.48007347895,75830.5912627249,77294.04963569318,1241.5493739054655,391.20150803253637,230.85492046468426,814.4346378422633,-0.0025363865106903,-0.0484031477502034,96,69,95.98316942591052
20506,974.7785379339102,162563.8547953686,75813.28335419863,77284.90507605582,1198.7846888510976,373.6209496629599,220.17898679358768,792.2369688876206,-0.0008187263527422,-0.0491348085614494,96,69,95.9841364000349
20507,974.7812916370532,162600.4390725056,75789.6725815109,77287.97369757923,1163.5926825526403,357.5346443657909,212.63677719116095,764.9186077569029,0.0005769404003921,-0.0544648012314628,96,69,95.98510467418512
20508,974.7979646110482,162655.6197622729,75800.88821796716,77292.89691626163,1128.7216141826939,342.160100648136,205.85477503185393,735.0236773485958,0.0016077323215464,-0.0538685817454452,96,69,95.98607419399497
20509,974.8008761256956,162655.10523625146,75816.90343059252,77276.79427787039,1095.2807218493544,328.8505011192028,199.78360256701126,701.5896365642839,0.0019126155580779,-0.0703860026368332,96,69,95.98704490500724
20510,974.8185261816516,162734.15955022164,75788.32404554953,77310.16720282438,1057.7368390589836,316.8680068495014,192.30809472387773,668.3986963542993,0.0018032261836774,-0.0815746363879154,96,69,95.98801675267568
20511,974.8211624986852,162748.13465356236,75815.64422842127,77291.6765484773,1019.3625866016955,307.197646325556,184.388559140265,634.5419472132053,0.0013262128927453,-0.064626827164175,96,69,95.98898968236855
20512,974.837894823202,162769.89766576653,75802.52917676319,77275.59645102799,976.8896705057123,298.5638523450616,175.32318486081203,603.4315189199697,0.0006169390273755,-0.0702866675370728,96,69,95.9899636393704
20513,974.8408409461553,162796.22249027464,75834.7235000674,77281.66754298784,934.6607117008534,291.05540313319943,166.99144336784957,573.1610068410519,6.829975678898336e-05,-0.0794264353395909,96,69,95.99093856888572
20514,974.8584989755266,162830.61675468198,75835.9843430125,77300.99098900253,890.5284316794714,282.90392352514027,159.09376638784306,545.952820684819,-0.0004722533342441,-0.0729873474921347,96,69,95.99191441604124
20515,974.8610368406064,162865.08788710347,75790.0481918464,77298.86133707048,848.7421085184324,273.8768950589729,152.8710430416395,518.5896234124375,-0.0006988573261304,-0.0925796682286658,96,69,95.99289112588843
20516,974.8778264047004,162887.24974994417,75840.28891009378,77307.93047288539,806.709246363549,262.58369286604284,146.90943666402018,492.9478952146892,-0.0007203691971995,-0.0928207805455492,96,69,95.99386864340698
20517,974.8808133807177,162918.14138047432,75818.76103905353,77248.2915363284,767.2825559630292,249.477892310475,141.17959547386272,465.7572659069265,-0.0006493940383483,-0.091631268016942,96,69,95.99484691350696
20518,974.8984606059724,162955.9198621427,75809.51507164557,77277.1934688038,727.3931978922337,234.5203489336418,133.92989495425718,439.0888772054459,-0.000341703699032,-0.1109369368809155,96,69,95.99582588103152
20519,974.900912095152,162971.22250532082,75827.97621799738,77317.33253820978,689.0116404891596,219.19965450571908,125.50498645502375,409.63521946273977,-0.0001543098145361,-0.1152943751285357,96,69,95.99680549076032
20520,974.917762616841,163005.16236445645,75814.83688845222,77276.62999232726,648.850360296201,204.18536631358438,115.38306192838354,380.09414310081047,9.143469747434494e-05,-0.1229439490836509,96,69,95.99778568741166
20521,974.9207900250562,163042.40925336324,75830.63017889386,77311.48162143181,608.270470457559,190.52508046114235,105.09733656147728,347.5434004862909,0.0002535700060391,-0.1197623718627619,96,69,95.99876641564548
20522,974.938412639022,163064.14571600012,75815.55430533126,77299.11606569334,564.5272352939937,177.89981132029789,95.11828853204497,314.96636174610467,0.0002491787772754,-0.129067117322427,96,69,95.99974762006624
20523,974.940787819986,163123.95289863055,75788.67742868786,77305.04692387865,518.6978271699627,165.5440906291915,86.71790211900952,279.248899567232,0.0003070859614742,-0.126753644334879,96,69,96.00072924522586
20524,974.9577050278734,163136.79912104897,75809.0212615016,77289.82776741167,467.93188255321,151.67028430319624,79.19336289612693,243.80769753368804,0.0001686909189659,-0.1219308054889168,96,69,96.0017112356257
20525,974.9607685782498,163200.11636795872,75833.71370438041,77295.82722557984,412.0921456111828,134.3976586173667,71.7963746721216,205.60759728585253,9.984865954427496e-05,-0.1101154858004582,96,69,96.0026935357206
20526,974.9783559396705,163239.1427674226,75799.7203445053,77322.34467502298,348.23654608783545,112.32359724628623,62.42919213115238,168.21518009214196,2.7808061873944623e-05,-0.0881362850729372,96,69,96.00367608992067
20527,974.9806642734452,163253.17470349924,75824.57750915491,77325.63608740608,276.4459606335149,85.11816491220088,49.998925634572515,128.64615968172438,-0.0001041570299852,-0.1071384943177999,96,69,96.00465884259444
20528,974.9976545119556,163319.34444079833,75813.05289411575,77274.1835279455,197.19561449682806,54.89546495251125,34.25438763870625,91.78022666915786,-6.43696610331199e-05,-0.1331187634051316,96,69,96.00564173807204
20529,975.0007471260088,163319.29699920173,75823.81884216637,77295.80236302396,116.5836750473245,25.747261541109765,17.51565166169894,55.99235270530335,-0.0001352080873904,-0.1417772170744112,96,69,96.0066247206474
20530,975.0182912402016,163379.02380767092,75869.05397564766,77281.68240016447,45.29610384453554,4.876275184491533,4.117155575222569,27.771857959160116,-8.982046995592368e-05,-0.1730538686875933,96,69,96.00760773458134
20531,975.0205419464304,163381.93271371457,75848.67807550232,77302.23239839474,-0.0,-0.0,-0.0,6.542806636571186,-3.34549522869326e-05,-0.1763197640920595,96,69,96.00859072410454
20532,975.0376116033668,163434.17279635696,75826.10852818494,77279.1693609041,0.8132068910636008,19.758896109007765,11.213211733585922,-0.0,-5.816077408681669e-05,-0.1669294964223953,96,69,96.00957363342012
20533,975.0407238718584,163385.5791330697,75818.4816846857,77296.50828672014,66.9708489991026,69.14379608428862,41.93409888079623,7.018868955259677,5.224421870100847e-05,-0.1691231503349789,96,69,96.01055640670675
20534,975.0582193934944,163379.6769975436,75837.04161145474,77300.22048928843,213.18907419079915,150.4354367427004,93.55337429972133,33.38890980818542,9.651164907696264e-06,-0.1778329260168055,96,69,96.01153898812127
20535,975.0604213087354,163331.3013800589,75828.41389492109,77303.06644293458,442.8138271407224,259.00348590694193,163.17804712418,74.58993672058568,4.2912917601676376e-05,-0.1655748963043712,96,69,96.01252132180136
20536,975.0775767117776,163289.20617201467,75813.03705758757,77295.84207534153,748.551422348246,387.24380871666654,245.20272424499854,133.40273701463593,6.375704919152547e-05,-0.1700678457407009,96,69,96.01350335186886
20537,975.0806969547684,163220.33721022317,75836.27814802888,77300.52153606087,1108.6440442395397,522.113111087092,331.17417174513685,201.79066779155983,-1.0163169650235413e-05,-0.1681386987570644,96,69,96.01448502243252
20538,975.0981415830324,163122.63609973498,75798.14052099417,77268.73806637093,1495.086339702073,651.8662271233334,413.2538277217827,279.9009197979758,5.370699044388821e-05,-0.1406036183780891,96,69,96.01546627758988
20539,975.10030255158,163046.51223301532,75848.71092857391,77292.76246463486,1873.090579250711,764.0006085313653,483.8967092417879,358.17017598138773,-2.3066342953890925e-05,0.0067025016948728,96,69,96.016447061432
20540,975.117550390187,162977.05469925978,75805.61931493739,77286.60140529354,2213.558231078612,852.2380106906057,539.1861004325037,437.6947009153373,-1.0109117165899986e-05,0.251689635288131,96,69,96.0174273180444
20541,975.1206641674914,162904.22901213914,75792.77897375889,77270.09954765945,2490.365336383169,911.9287589140295,576.5834648770397,510.30785886678495,9.271337819767118e-06,0.1220559625452215,96,69,96.01840699151118
20542,975.1380596882392,162867.50450678667,75800.08493644705,77314.43261214947,2691.568838109204,945.3873352700757,597.3179531561618,579.1414363241929,-5.564267268719287e-05,-0.4409164566652273,96,69,96.01938602591724
20543,975.1401850927386,162788.85919224855,75800.93806024885,77293.14734188808,2811.537052393367,954.9260077950457,602.7006435479852,637.9113600759883,2.527686085123377e-05,-0.385908290888575,96,69,96.02036436535158
20544,975.1575339549432,162724.59904077655,75797.34003649709,77291.51654885428,2859.709456334356,947.6853560868913,596.6031300057075,692.1853346721036,-3.176274062076496e-05,-0.1296014246612269,96,69,96.02134195390964
20545,975.1606221659184,162713.04423846529,75815.82130756893,77298.23221555562,2847.6587300994433,927.6845985192049,581.3251492544659,736.6859195937868,-4.120592324261384e-06,-0.2316495960780487,96,69,96.02231873569656
20546,975.1779773948618,162645.02840854335,75799.39323193305,77288.23024684779,2796.7790074097575,901.7577042046905,560.9456339697063,777.5469867656648,2.712463454101512e-05,-0.1892623229286046,96,69,96.02329465483002
20547,975.1800659524748,162604.98161384635,75823.00421510747,77288.15699730636,2723.29435914394,872.2639274278772,537.3657582086162,809.7124813194387,-3.4456301831433934e-05,-0.1750923564923801,96,69,96.02426965544277
20548,975.1975318772496,162603.14360887208,75811.90683390373,77289.86408186807,2647.43387294322,844.3940484768682,514.4199783806107,840.3502990740235,4.482902520098383e-05,-0.1813167699982067,96,69,96.02524368168592
20549,975.200562778415,162558.80710495307,75801.80339162002,77289.66632820744,2578.1917142675957,818.5655857575475,493.4223597818054,864.2986006808933,-1.674582409918039e-05,-0.1684428425962273,96,69,96.02621667773168
20550,975.2179063775512,162580.2558018786,75803.3937391514,77311.98368902865,2525.7831177907065,798.2475841512496,477.50070992388646,888.4291780273197,2.3378337195277154e-06,-0.1817328311268859,96,69,96.02718858777595
20551,975.2199283256616,162529.84910989404,75796.60573275226,77290.04223114005,2488.0872934329673,782.030388752275,466.66070260535344,906.9354596630728,2.800851021122351e-05,-0.1772058221350828,96,69,96.02815935604168
20552,975.237576552528,162535.60489700173,75788.19377895108,77277.65792397741,2466.1667250233586,771.7984925249184,462.3879672876501,926.7334428746544,-3.954662025157608e-05,-0.1735103220755168,96,69,96.02912892678118
20553,975.240394233846,162494.16955510527,75805.79437566311,77303.27495252425,2450.532870580093,764.2070917519304,462.37692713044817,940.8771681416256,3.680504961236101e-05,-0.1620188284576497,96,69,96.03009724427956
20554,975.2570569245512,162489.2883882028,75806.1223373402,77316.8083589989,2438.39478455059,759.6357968159864,466.00188439770136,955.5313750729256,-2.42755139775686e-05,-0.1621927410011846,96,69,96.03106425285708
20555,975.259904992932,162479.22410205676,75797.772108668,77289.0976462995,2420.0592779161525,754.1736611675151,469.5953683463158,964.3063305639662,-5.144160225149804e-06,-0.1607680134676842,96,69,96.03202989687244
20556,975.2775536769552,162478.8285937678,75795.2850592516,77292.20874472549,2395.6544679082,748.5012419237173,472.24638628939283,974.1417765655788,2.4377267866202263e-05,-0.1397335165685945,96,69,96.0329941207254
20557,975.2802816823144,162496.3773632721,75810.28337917433,77268.29477759212,2359.9892507885816,739.586244842023,470.8906924246985,978.6652173565235,-4.111880355074688e-05,-0.1403784647345954,96,69,96.03395686885972
20558,975.2969711772588,162477.83160048816,75805.77403909036,77295.67122697232,2319.0794020133326,729.8287245178071,466.30639355783933,985.6908371499449,3.748863067698216e-05,-0.1389063508150239,96,69,96.03491808576598
20559,975.2998737364272,162461.3164158465,75820.93524133839,77287.73465555844,2272.8186212223954,718.0034944860963,457.50700711019454,989.2901577859593,-2.107432590367507e-05,-0.1312293521086117,96,69,96.03587771598484
20560,975.3175264033688,162477.656056296,75814.66929930243,77325.36729154894,2230.3911899715313,707.827240302955,447.27805639323196,997.0131743263628,-2.724696452559761e-06,-0.1379954328476051,96,69,96.03683570410902
20561,975.3201655727122,162466.13498025326,75812.17339870775,77304.23538685804,2192.133030157711,698.4515620224847,435.947525363008,1001.3649127726676,2.788142282820029e-05,-0.1384232053996712,96,69,96.03779199478706
20562,975.3368901879876,162479.92064242318,75794.53759474085,77300.48801420233,2166.2242922079167,693.4902009534126,427.0045103042212,1009.3292073285265,-3.913161156065997e-05,-0.1092709237516586,96,69,96.03874653272604
20563,975.3398483833824,162446.17707945214,75828.87011334057,77312.8215688918,2150.590626297286,691.4632058738061,420.4997157994949,1013.0011081178673,3.825510942194314e-05,-0.0893671675297393,96,69,96.03969926269392
20564,975.357490432888,162462.2044830407,75787.79796228268,77285.82761650512,2150.034874395409,694.9276824631816,418.73139788917615,1019.1265564941859,-2.036469031336988e-05,-0.0995308586383133,96,69,96.04065012952294
20565,975.3600478419196,162449.42008533629,75814.39643440844,77298.87190314733,2158.6504388574394,701.1736964141019,419.90251975427964,1019.298154186632,-4.195337271969008e-06,-0.1003657746772394,96,69,96.04159907811228
20566,975.376814503644,162453.08922873338,75814.4980902389,77284.71519260235,2178.2441006600857,711.8508731662878,424.6319269287342,1021.3802718830993,2.728601916122116e-05,-0.0882081487392575,96,69,96.04254605343093
20567,975.3798275617204,162480.54135583542,75815.53727536161,77311.87988887486,2200.6390318427584,723.4110054810881,429.8759193320875,1018.0515415238624,-4.048407420414233e-05,-0.1057992997135807,96,69,96.04349100052058
20568,975.3974457376924,162477.4269664718,75805.5417133788,77306.51193222162,2225.8438980875653,736.4040522109863,435.6647338671319,1017.6282316592988,3.693019544488846e-05,-0.1200581498579342,96,69,96.04443386449842
20569,975.3999290836332,162507.3093661502,75800.33402800822,77279.24813080508,2244.652604634175,746.1596737523942,439.1004027168383,1012.083919931727,-2.0328014089118235e-05,-0.1509055042512122,96,69,96.0453745905603
20570,975.416744995442,162453.96403566812,75830.11665314193,77311.318857549,2257.4035000853473,752.661506415272,441.14329460373847,1009.8872978151485,-5.152539123413592e-06,-0.1876703153191666,96,69,96.04631312398314
20571,975.419809724338,162497.17351474293,75830.88844947056,77289.14621988934,2256.2794462576276,751.4421727417212,440.0171045305033,1002.7412922378571,2.7969390327871315e-05,-0.206514452114525,96,69,96.04724941012786
20572,975.4373924049833,162510.3009048937,75825.42326298225,77308.57701216942,2243.4148286937852,743.3745798636955,437.45054386387346,998.4950729217089,-4.0233272359549606e-05,-0.227780312833171,96,69,96.04818339444282
20573,975.439810059974,162523.7652935158,75817.21440172258,77300.87471754102,2213.5521277548396,725.8063090619253,431.96995781266014,987.9906315164117,3.706340390668557e-05,-0.2392896188820936,96,69,96.0491150224658
20574,975.4566822293892,162506.45350335754,75805.87380579357,77288.90625777647,2172.1153528709547,702.12638549431,425.34265204676194,979.9128549244779,-1.922162157201106e-05,-0.2305793202947055,96,69,96.05004423982749
20575,975.4597934218584,162545.33642201536,75809.4174448142,77297.3009470681,2117.2391382108326,672.1792304515693,415.89650777509087,965.8043431215046,-5.577038037808734e-06,-0.2312960253341491,96,69,96.050970992254
20576,975.4773305608778,162590.8439097207,75814.13523112735,77328.40589710901,2056.500501860515,640.8312489225646,405.0280961015669,954.5495841219963,2.866078270278096e-05,-0.2334016279985909,96,69,96.05189522557008
20577,975.4796916843308,162572.89176108773,75797.57603368828,77286.63593596905,1989.1565417863894,608.4028928212647,390.93342120031593,937.3358589153213,-4.033669350619804e-05,-0.2219019618373732,96,69,96.05281688570152
20578,975.496626486122,162594.77260728242,75809.91138444172,77319.69089029088,1922.536648287729,579.2138739733782,375.32289963649237,923.872260795586,3.660831847236982e-05,-0.2258966672268293,96,69,96.05373591867816
20579,975.499777289722,162602.79077844895,75793.70592701873,77286.35829836887,1854.5086339715053,552.2528923190548,357.0056358173024,905.5026540243416,-1.871620902478225e-05,-0.2262340776564884,96,69,96.05465227063696
20580,975.5172604168998,162654.1061375524,75803.1289980455,77298.93332888764,1789.7432507921476,529.7783830157568,338.25250060722465,891.4291879397642,-6.497459396301507e-06,-0.2403459430366832,96,69,96.05556588782444
20581,975.5195749523068,162663.52476170973,75804.44102002325,77290.35092535976,1724.1675104468595,509.03501572793175,318.4599427545618,872.1954651926062,2.903202093429633e-05,-0.2559897504031144,96,69,96.05647671659968
20582,975.5365777997142,162665.3280879653,75789.90623056356,77302.27889531245,1661.5523649101378,491.15817228509695,300.304729067022,857.5878243491461,-4.052877490817241e-05,-0.2495471459680515,96,69,96.05738470343758
20583,975.539760037943,162695.81564070447,75817.77178091535,77299.28930787307,1598.2665643718792,473.1441346153297,283.171292615938,838.0781352515914,3.621579516013863e-05,-0.2441874859202729,96,69,96.0582897949306
20584,975.557182302293,162742.5208228863,75779.62992393576,77294.14020934292,1538.401103095035,456.25818435927795,269.0428380376543,822.8152437077661,-1.8014739317800445e-05,-0.234854633206338,96,69,96.05919193779282
20585,975.5594608859864,162746.5287829765,75788.70008666851,77287.04334503367,1479.0694561885903,438.376662366878,256.4561915497761,801.6382968984253,-7.179379266160133e-06,-0.2343691459852427,96,69,96.060091078862
20586,975.576535986432,162773.35877888702,75802.22466537954,77291.08578446344,1424.3399652645458,421.7784989098145,246.6206708959944,784.6467092742096,2.9611338377100477e-05,-0.2241599785608549,96,69,96.06098716510262
20587,975.5797404541116,162768.49743453765,75785.43912145428,77267.39010087439,1370.9526568091824,405.3007257874997,237.66267147631152,762.0772117616143,-4.054878241371184e-05,-0.222349917140817,96,69,96.06188014360848
20588,975.5970966799426,162776.48376118037,75764.41261882728,77301.5988849432,1321.5720687690773,391.43223423685413,230.6134497942403,744.0307488355029,3.589070538116009e-05,-0.2273678566015594,96,69,96.06276996160612
20589,975.5993504898288,162883.54277291684,75773.697775629,77265.46063410112,1272.5125494917156,379.0950249451125,223.9641812084592,720.7806193003489,-1.7304612617077244e-05,-0.235032278375155,96,69,96.0636565664566
20590,975.6165006675756,162859.1329585496,75805.80988128585,77292.36953896693,1226.3479260594468,370.3394628747483,219.1816422852571,703.465071891871,-7.912350156152374e-06,-0.2377714531963933,96,69,96.06453990565932
20591,975.6197174141408,162906.29420220273,75804.92314409885,77274.50155832956,1180.3112795035704,363.44643697093125,215.01385804105666,681.8841339974606,3.0094895183592208e-05,-0.2300206235432321,96,69,96.06541992685416
20592,975.637004151007,162909.42061333367,75789.25682932252,77286.31448670753,1137.2898912180099,359.23560175547027,212.57435220840853,665.702319757751,-4.064507259448928e-05,-0.228919512568595,96,69,96.06629657782472
20593,975.6392447141418,162920.1636256837,75821.02328932667,77277.05349171466,1095.3064591355505,355.1633323505521,210.20278763209353,643.4276666614169,3.5479753457538294e-05,-0.2223568084307369,96,69,96.06716980650026
20594,975.6564712906664,162943.02057983607,75810.04885861196,77269.91835899791,1056.879593709251,351.35900138087163,208.50012836488895,625.1412033994566,-1.663553141444343e-05,-0.2197967842121718,96,69,96.06803956095992
20595,975.659689896152,162975.07604434606,75793.62876794781,77281.90794446989,1019.5782049045083,345.3323675271822,205.54385347041534,599.3779229380598,-8.657371961278883e-06,-0.2132456563174877,96,69,96.06890578943413
20596,975.6769054521196,163034.47979856125,75789.54803368231,77299.60100964608,984.4155323424493,337.51539636233065,201.72000949431094,576.4484469583258,3.0578695169266394e-05,-0.2218628231131668,96,69,96.06976844030773
20597,975.679144423256,163027.9031514945,75785.32058422855,77263.02665525574,948.6123354996671,326.6553947884677,195.4613917497336,545.8581663675723,-4.06994550808364e-05,-0.2265142217633641,96,69,96.07062746212333
20598,975.6964471518054,163097.79033254,75791.30927959285,77275.98975419655,912.7397776995786,314.3465434849786,187.67921662220033,519.9494704174285,3.5092127190373016e-05,-0.2245935069574064,96,69,96.0714828035832
20599,975.699656994104,163108.93479984268,75802.1580487729,77288.35006590067,874.8705314943218,300.5112212417589,177.66704138662317,488.51075725624105,-1.59290730839746e-05,-0.2307157234508033,96,69,96.07233441355304
20600,975.7168014481692,163159.6124667836,75800.60958362487,77291.01174706001,835.94658914709,286.9382027387037,167.05764785732026,463.1720891527075,-9.375204388621056e-06,-0.2410470841533126,96,69,96.07318224106332
20601,975.7190503662796,163146.08165061678,75805.63454743028,77286.02200286635,795.3659052838339,273.48485636000987,156.04048482567305,433.0702762728033,3.106357097453274e-05,-0.2364395221367325,96,69,96.07402623531362
20602,975.736427421626,163212.24572007943,75802.01646400437,77273.97509521667,754.2038892202545,260.9467956178705,146.56540449592285,409.9831568596128,-4.073949221263979e-05,-0.2279613482766921,96,69,96.0748663456737
20603,975.7396179278098,163235.32061105504,75815.96175680895,77279.92776843293,712.3356778143207,248.21301569572825,138.61074853342143,381.7477833170269,3.4685069504989814e-05,-0.2295732232965081,96,69,96.07570252168804
20604,975.7566931240996,163248.6681643491,75814.36329518793,77306.37329298287,669.8399670596118,234.7262267273327,132.89262734548538,358.6603806943749,-1.523053839635458e-05,-0.2165502080604562,96,69,96.07653471307675
20605,975.7589631474684,163308.47628234755,75819.58631269525,77291.80507469957,625.9380784875248,218.75379339545907,127.87383768812288,327.93991934720543,-1.0102534024133236e-05,-0.2126498933204434,96,69,96.07736286973966
20606,975.7764111783384,163350.10305856194,75806.97063520836,77293.0563170694,578.3457043973613,199.11787221296981,122.40805337295751,300.45967164600734,3.1526491448290425e-05,-0.1983711131626863,96,69,96.07818694175836
20607,975.7795720443048,163383.58972093408,75786.09035337437,77290.92438381694,524.5556696484564,174.43375482705596,113.79985604531248,262.9764177633333,-4.077264049768499e-05,-0.1765329420547606,96,69,96.07900687939885
20608,975.796581581606,163411.00582309155,75800.44343034345,77270.74601941154,460.0546400924213,144.21283727732953,100.60161469387822,226.51780549017712,3.426438347862298e-05,-0.1979547629710136,96,69,96.0798226331146
20609,975.7988831899096,163424.88451321583,75814.80913223316,77300.3520120613,383.03256599087035,109.20861235381744,81.63451163144782,179.7297747929988,-1.4525958189582113e-05,-0.2085216930179214,96,69,96.08063415354918
20610,975.816397455834,163505.6861767801,75813.1625715164,77317.78619099323,292.0132910988177,71.65159348613815,58.19482397430693,137.08507203188492,-1.0821602612044265e-05,-0.2122215156837109,96,69,96.08144139153842
20611,975.8195187995584,163551.25618653084,75808.7292899564,77284.08164345335,193.9013427409809,36.40137596128625,33.137292680185055,89.35067588635138,3.198350618736641e-05,-0.2217874965895752,96,69,96.08224429811364
20612,975.8364680549475,163633.32082258613,75827.24559452137,77276.15125528013,98.73482986463932,9.660961024419521,11.683073609921848,52.64945659201476,-4.0787193218714446e-05,-0.2129169205177606,96,69,96.08304282450425
20613,975.8388106750582,163665.50307725786,75811.5870771249,77319.15356614908,27.365026908635627,-0.0,-0.0,19.05996302564745,3.383605389664702e-05,-0.2126474151220032,96,69,96.08383692214014
20614,975.856385329718,163671.9804671269,75831.55319219147,77327.19609509251,-0.0,14.665287517855177,4.331859507219633,5.028696487162961,-1.3815386309971697e-05,-0.227271714402159,96,69,96.08462654265423
20615,975.8594576891488,163659.8166762612,75833.09808632822,77319.39873026124,42.27212049526861,60.45443629659712,29.51324852713151,-0.0,-1.153623141649782e-05,-0.2201450348561771,96,69,96.08541163788608
20616,975.876353988202,163638.83399273473,75832.91363136994,77329.13990420965,167.81298968970077,138.4417383899854,77.40987718242104,17.39771120250225,3.242812052363976e-05,-0.2048856143209522,96,69,96.0861921598829
20617,975.8787454012446,163610.99505999117,75855.22334219154,77326.37382718582,385.74101077055093,246.4954766878218,146.6368487093714,44.67467052998836,-4.078984452397132e-05,-0.1996756004930468,96,69,96.08696806090362
20618,975.896374119856,163600.81981107825,75842.35561591668,77324.31551745988,683.6883988612681,375.0563740975631,231.64242533399374,94.00046116832527,3.33947461333135e-05,-0.1826831373915349,96,69,96.0877392934207
20619,975.8993880162684,163540.61689944266,75839.98159073816,77289.83492624265,1043.9332114624558,513.5062655613292,324.68969509674935,150.21085362063604,-1.3102478191730046e-05,-0.0431307505334468,96,69,96.08850581012295
20620,975.9162413341496,163492.75336952796,75828.67653173137,77313.9336503561,1430.5015678098425,647.2926819086861,415.91697488195496,223.31171956140315,-1.224730752534107e-05,0.2045107527222012,96,69,96.0892675639184
20621,975.91868632823,163422.15761208482,75842.3368357359,77354.60341863128,1813.0111393473926,766.2704079088871,496.88290223586955,296.9950174893893,3.2861020152676155e-05,0.1240226438923743,96,69,96.09002450793628
20622,975.9363640573482,163296.38322650062,75825.03291043216,77342.31516776576,2154.604187513003,860.5421297999565,560.2827888360189,380.3295399505878,-4.077850705238917e-05,-0.4210175790480652,96,69,96.09077659553002
20623,975.9393079620232,163255.2785922204,75820.88386515412,77337.20891603542,2437.4767265025876,928.0528061574732,603.3172314057592,455.088475476834,3.29432161042395e-05,-0.4366255352242738,96,69,96.0915237802799
20624,975.9561339226724,163188.7429789303,75834.62214381865,77301.41086189097,2643.83159144636,967.0529833394539,625.3339440579584,530.0770866991079,-1.2385072949417168e-05,-0.181153996664397,96,69,96.09226601599528
20625,975.9586294131508,163100.76547230186,75817.55120865957,77291.18731823555,2777.671229181753,982.4913035776117,629.9411886052403,589.3238287848653,-1.2952852042522295e-05,-0.2396824854279901,96,69,96.0930032567176
20626,975.976359823934,163106.1137772601,75821.17314535323,77343.65604065398,2839.5360981387203,976.8711987788265,620.8472383014159,644.877002361929,3.3282941958962e-05,-0.1969556755184032,96,69,96.09373545672216
20627,975.979208527742,163036.83594667964,75802.11140513964,77326.87109100616,2847.996357156837,957.6422962533688,603.8701705420972,683.1582612277998,-4.07531638080133e-05,-0.1884915223333172,96,69,96.09446257052154
20628,975.9960488017584,162998.92296088298,75831.52685616494,77327.84775076737,2810.886055418174,927.629806503799,582.3518356475979,719.2059950175171,3.248102859866426e-05,-0.1917396933696502,96,69,96.0951845528674
20629,975.9985431776424,162992.61473267747,75823.19545499545,77332.6081139915,2749.316708702594,893.8706003939442,560.3619380798191,742.6963794884796,-1.1664356599590708e-05,-0.1784655836734003,96,69,96.09590135875366
20630,976.0164395186335,162992.11372060745,75803.26102133149,77327.63534049345,2669.3750881578308,858.058835764532,538.789047552098,770.1964567207324,-1.3653623563779738e-05,-0.1984236655759302,96,69,96.09661294341817
20631,976.018425868162,162966.14652294686,75817.18149606978,77319.23970328025,2590.153125084238,826.5235101842845,519.9431262837898,789.4759292707313,3.3692938289062144e-05,-0.1898946775700305,96,69,96.09731926234606
20632,976.0357086552384,162919.00765597855,75836.49551887007,77297.26160510741,2512.3987398874597,799.121204568306,503.30359468542156,816.087075689662,-4.071434507998823e-05,-0.1741976090646446,96,69,96.0980202712717
20633,976.0386435914736,162931.0502987066,75789.2471770108,77332.79171601996,2449.6812723757466,780.1465537623444,490.6165192662447,836.2283803731261,3.2008180965275665e-05,-0.174579720202074,96,69,96.09871592618136
20634,976.0562890348882,162903.29831204395,75822.49869301626,77300.91203247476,2396.7765437740018,767.0075048724248,481.05185250670183,862.146703431732,-1.094045568901462e-05,-0.1601168048180557,96,69,96.09940618331528
20635,976.0583632444803,162891.35167063933,75818.87569082326,77319.05524371726,2361.5625751088373,761.6259655312751,476.0637542142067,878.3500927361601,-1.4349079988479405e-05,-0.1525218423209184,96,69,96.100090999171
20636,976.075627451402,162847.59484261693,75793.38282636189,77302.89546412572,2332.3530779988505,758.7868157814082,473.85148971693707,897.682955974713,3.409126672987474e-05,-0.1429932718797479,96,69,96.10077033050474
20637,976.078655584507,162860.048415739,75843.62719483211,77317.47862151737,2313.068207172968,758.8782349017856,474.721030596731,906.1156213315844,-4.066171997447895e-05,-0.1324065557154792,96,69,96.10144413433451
20638,976.0961772959256,162879.78786223714,75828.79827282789,77309.25175669571,2290.457860835013,756.1859007144958,475.584008463542,917.1730451511103,3.1525102130684776e-05,-0.1299331505506482,96,69,96.10211236794244
20639,976.0982749407494,162847.20809083682,75815.9491906257,77311.63747671268,2269.530017055571,751.8699488402344,475.90136822484783,918.3995419070416,-1.021348722050239e-05,-0.1206629479619866,96,69,96.10277498887709
20640,976.1155731199854,162896.34151706932,75806.85978373511,77289.72233339214,2238.862511402054,741.4974975086661,472.28017199906753,925.2126376524102,-1.5038985628942663e-05,-0.0950585531323506,96,69,96.1034319549556
20641,976.1186491377588,162877.41748341825,75834.03713404284,77329.81489599714,2207.7170647049206,728.6220468371757,465.1982695485931,925.5626983220282,3.447771609424715e-05,-0.0815469219362035,96,69,96.10408322426656
20642,976.136070117667,162871.76706942217,75806.61928917987,77315.9503087652,2169.5896658937563,711.4546367778094,453.31442920092377,932.9892935561365,-4.0595458885688414e-05,-0.070525224352686,96,69,96.10472875517208
20643,976.1381822168393,162853.97033333304,75812.87418829779,77299.19735531679,2137.9180777185247,695.8069760982762,439.7552661934751,934.3000013461278,3.10318181910166e-05,-0.0475768138934192,96,69,96.10536850631004
20644,976.1555320244364,162852.03145301188,75829.02460761969,77329.61640086713,2107.426864867797,680.6699892566103,425.3522926978767,942.8946786598244,-9.483820983298168e-06,-0.0364105735228501,96,69,96.10600243659704
20645,976.1586322189336,162864.202965567,75849.12384787512,77317.45490787213,2091.5955903990543,671.7283971325814,414.59121999747003,945.453784073441,-1.5723188590077133e-05,-0.0358391854186722,96,69,96.1066305052298
20646,976.1759617687788,162860.85103459572,75812.722512162,77304.37063073154,2083.32064144779,666.675898843896,408.11809608808835,954.4993458562822,3.485214193118125e-05,-0.0226079742269817,96,69,96.10725267168814
20647,976.1780907570584,162863.58221751184,75817.48265468128,77334.29059753453,2092.396450783417,669.0548167430388,408.6348555109871,957.3846720200963,-4.051557949188842e-05,-0.034999810927767,96,69,96.10786889573728
20648,976.1954997673628,162883.5477461685,75823.88217660127,77352.37073593344,2106.3454602794372,673.8920367899118,413.72900229063816,967.6237756094197,3.0528551378461114e-05,-0.0578612703637659,96,69,96.10847913742988
20649,976.1986068177836,162876.85282038955,75843.3556388527,77326.46639872166,2131.061337109946,683.0235738070478,423.11062893189956,972.4397392644023,-8.751648894591905e-06,-0.0771063554379554,96,69,96.1090833571084
20650,976.2158507994728,162829.16645140675,75827.40805623034,77324.87925639183,2151.7193095480907,690.7911554777384,432.2052516384574,983.5469696687942,-1.6401410446537493e-05,-0.1208363438040229,96,69,96.10968151540744
20651,976.2180031921542,162846.5069799978,75841.251816901,77304.38886383499,2172.998629285372,699.1587272128818,439.955141636543,987.7717101801536,3.521446792477726e-05,-0.1549511828879045,96,69,96.110273573256
20652,976.2354739665398,162842.43239550185,75830.38753018514,77341.39573907897,2179.724707070156,702.9323845202744,442.46218735561706,996.9749372678634,-4.042210275280689e-05,-0.1634386580697057,96,69,96.11085949187972
20653,976.238573453344,162869.86637310736,75830.24127258894,77365.73245646179,2178.749754444754,705.1859479126433,440.81672408475424,997.9822422856523,3.001548228406292e-05,-0.1673526707137121,96,69,96.111439232803
20654,976.2557370935178,162830.41294220323,75823.74925459288,77324.05378559441,2158.3865714229178,701.7459617052955,433.82329122070223,1001.9669356230297,-8.017233694689922e-06,-0.1674687821011239,96,69,96.1120127578515
20655,976.2579210716656,162857.85733333192,75829.77356298771,77331.84706166896,2128.642867741466,696.0959362754802,424.81848478276515,996.9247526654508,-1.7073448575192437e-05,-0.1575135699644533,96,69,96.112580029154
20656,976.2754528781574,162875.91404305105,75826.34110375731,77322.7758033611,2080.257033627131,683.8918439290137,413.68636844508,995.0803651202586,3.556456162334102e-05,-0.1675296545846878,96,69,96.11314100914478
20657,976.2785321970306,162893.75943995826,75814.1863264169,77335.42664891448,2026.1013543184963,668.7203005874326,403.6981547930918,984.5826665281202,-4.031509117434729e-05,-0.1678273039899577,96,69,96.11369566056568
20658,976.2956211051992,162907.85446952467,75836.13140076055,77309.98874781113,1959.1416361921001,646.5226972493256,393.53166413665167,976.4909147353028,2.9492782127072558e-05,-0.1474274510271252,96,69,96.11424394646872
20659,976.2978454065056,162889.3572173875,75809.1049515543,77323.40245489881,1892.4609775263816,621.1916394055734,384.5073492191732,959.46917216148,-7.28082924789477e-06,-0.1523210853810124,96,69,96.11478583021773
20660,976.31543499284,162952.33486981384,75823.40355553554,77311.6175285126,1817.9736928160419,589.3149327670835,373.499443893088,944.9900165517465,-1.7739079212514387e-05,-0.1468723126005999,96,69,96.11532127549054
20661,976.3184830168364,162930.73316209033,75844.59676605675,77317.60735832492,1748.0933377536712,556.2752850719698,361.16718539543217,922.0172559981875,3.590232334444958e-05,-0.1339846237343693,96,69,96.11585024628144
20662,976.3355035755444,162976.0640001972,75843.87576549391,77302.32319313425,1674.1095633434015,520.3418226073118,345.06861288426444,901.7558690286241,-4.019458566426288e-05,-0.1301196454223452,96,69,96.11637270690296
20663,976.3377768650884,163023.63726173327,75805.29416623966,77312.93353337883,1606.7808848744025,487.8000326281326,327.4679334856919,874.7790036215156,2.896064496793931e-05,-0.1385352523938998,96,69,96.11688862198804
20664,976.3554188922318,163049.43993308803,75837.81553326451,77324.09252409697,1535.9382622732664,456.8967285191902,307.92854233650723,852.9335490922094,-6.542680534934686e-06,-0.1322485832538632,96,69,96.11739795649255
20665,976.3584259239204,163098.09408840904,75834.38188407525,77315.09222424687,1472.039633122331,433.1994561503816,290.3892913949094,826.3981352367264,-1.8398080998402574e-05,-0.1265925252861356,96,69,96.11790067569666
20666,976.3753853943434,163098.027543986,75822.96369463878,77320.44465435423,1405.0676232333644,413.4399032803776,274.88857499317965,805.2112991163449,3.6227651155767046e-05,-0.1306827976081952,96,69,96.11839674520728
20667,976.3777158600434,163091.16054610832,75836.79240583183,77332.18098743577,1344.654804924503,400.89414853772905,264.17525769604254,779.395630081679,-4.006064185308544e-05,-0.1128547810556868,96,69,96.1188861309602
20668,976.395403194414,163132.990862519,75841.76195696522,77335.68950364184,1280.5997115980135,390.2789718623535,256.1132129353646,758.2396815318789,2.8419256288222927e-05,-0.111665065910136,96,69,96.1193687992218
20669,976.3983610472392,163212.18381864973,75825.29519209753,77307.05241588641,1223.6178896606434,383.805125739862,251.2505160640576,731.3800010268751,-5.80304166434134e-06,-0.1152836433080169,96,69,96.11984471659132
20670,976.4152675143656,163200.98509203046,75821.6068096906,77303.46145349905,1165.1047027364257,375.9547925936349,246.02282901571016,707.5741860761191,-1.9050240551543903e-05,-0.1060117736775111,96,69,96.12031385000289
20671,976.417662597208,163224.03325585576,75817.78236048286,77328.73489868832,1115.8714699936681,368.99395790211565,240.60295874701114,678.1565466047905,3.654044565755308e-05,-0.1182408785463881,96,69,96.12077616672713
20672,976.4353865324248,163282.46376423692,75842.27676202598,77317.44884475839,1067.1556166729424,358.22558587335516,232.41848152008606,652.5079101819138,-3.9913318492639165e-05,-0.1352444674849423,96,69,96.1212316343737
20673,976.4382886794348,163304.1382200438,75829.37965653809,77330.15233571835,1029.1265812767087,347.3759644510137,223.45174693662557,622.3115357554343,2.786880841958053e-05,-0.1276365527600563,96,69,96.1216802208926
20674,976.455150883692,163316.37133485085,75842.59373886717,77331.65930243631,991.6619026387343,333.30911471344007,212.8880688859499,596.2107724392263,-5.0621627917146805e-06,-0.1354438963816351,96,69,96.12212189457698
20675,976.4576171153616,163388.8307861146,75824.5356144669,77345.75778646307,961.9701625153539,320.5425165853667,203.47965997818392,566.6322000987711,-1.969534308986613e-05,-0.1517718730391742,96,69,96.12255662406383
20676,976.4753675414248,163368.44932538038,75829.66286196337,77345.7401454248,928.3117001234787,306.39190373016754,194.37563979034894,541.4535641031107,3.6840614430507896e-05,-0.138252145697645,96,69,96.12298437833734
20677,976.4782093145466,163427.70814182426,75840.43287775126,77318.03889925919,897.7993994958815,295.2645504754182,187.61286280394415,512.5496842203429,-3.975267743757713e-05,-0.1323359427768169,96,69,96.12340512672942
20678,976.495036378255,163460.6935363813,75828.62183078197,77342.16025606635,859.987931087031,283.74755004493636,181.3717795270495,486.75542313655023,2.7309496359620203e-05,-0.1363519740773544,96,69,96.1238188389226
20679,976.4975793340536,163476.17435197576,75855.477912502,77310.79272517668,822.7934437742806,274.74866221538105,176.60843895730795,456.9958461804781,-4.320295584052037e-06,-0.12255566532589,96,69,96.1242254849513
20680,976.5153448369414,163501.46455996178,75818.2065580041,77305.39832348334,777.9070539986715,263.91850586718647,171.05635220732074,429.9770187444519,-2.033317773651992e-05,-0.1401235113032384,96,69,96.124625035204
20681,976.51812369507,163558.7009199756,75836.9447395412,77311.25785980106,735.25988227583,253.92660598985094,165.75356213495252,399.1111313482688,3.7128067967823055e-05,-0.1509885271982785,96,69,96.1250174604249
20682,976.5349247164104,163563.5328187273,75827.17666503217,77320.08201899641,688.0306454643141,240.8979395480419,158.95478735529468,370.8310006588872,-3.957878663143806e-05,-0.1334860028084591,96,69,96.1254027317156
20683,976.5375491304036,163626.37901390967,75876.58852543352,77335.19220308521,645.3978213267401,227.93215233758383,152.06360091263195,339.7589689619781,2.6741517211376013e-05,-0.1341611262807521,96,69,96.12578082053726
20684,976.5553169591876,163637.75901005816,75853.60272527538,77318.72717140515,600.2092667644611,212.0326727257925,143.72197793936357,311.59384437583503,-3.577691378383376e-06,-0.140652686086225,96,69,96.12615169871222
20685,976.5580328976912,163655.11039309428,75858.71007303498,77342.53835599692,560.4959984680172,196.77244986162987,135.24311429524096,280.61909187058336,-2.096353634802571e-05,-0.1189412811757981,96,69,96.12651533842562
20686,976.5748163201451,163722.86375782627,75831.4158701932,77334.88834826021,517.5015598808532,179.0183641157637,124.82135249863495,251.26941901515238,3.740272135532748e-05,-0.0917570160207649,96,69,96.12687171222731
20687,976.5775264899164,163747.31994098728,75876.55119865882,77320.01203984901,475.7784746219404,161.15070390151232,112.91894231335027,218.36882868333487,-3.939171704636079e-05,-0.0787206466672852,96,69,96.12722079303346
20688,976.595282225108,163761.06529964588,75850.58516165387,77354.14289933413,424.58437533979304,139.2056926227233,97.46717667437042,185.67169625833048,2.6165071075205096e-05,-0.109596111083486,96,69,96.12756255412832
20689,976.5979385331766,163818.05604166284,75837.13615579098,77323.094105172,367.34294287482044,115.17855686959228,79.31215436456841,148.960893051757,-2.834601583472214e-06,-0.1143788144490873,96,69,96.12789696916629
20690,976.614711024162,163822.99782655796,75881.55926334533,77331.99107190981,295.0804010882275,86.02874977364263,57.81460892848554,112.75767124595586,-2.1586213075687543e-05,-0.1095163345988882,96,69,96.1282240121728
20691,976.6175118644652,163895.94441995263,75878.20741602308,77329.31393003803,215.28487935470184,55.88968720959383,35.84668842933024,75.71991537799477,3.766449459020917e-05,-0.121932165355439,96,69,96.12854365754666
20692,976.6352383053804,163929.689417197,75863.27086711809,77325.7675641683,128.3624134758138,26.033488658780698,15.557481287018163,43.62812690855935,-3.919154476944406e-05,-0.112019720069413,96,69,96.12885588006142
20693,976.6378433138822,163940.48017064607,75888.65390520771,77328.88321388519,53.13781514344737,5.529061882625683,2.3062484110414516,17.17221377347596,2.5580361401259097e-05,-0.1122210856664644,96,69,96.12916065486698
20694,976.654607274408,163977.35105800538,75852.39752480148,77364.71411559651,1.775858712673653,-0.0,-0.0,2.2208978284033947,-2.0912777220858367e-06,-0.1081137913967487,96,69,96.12945795749144
20695,976.6575072568196,163954.91305912644,75843.2129084796,77322.55675523245,-0.0,19.87351657480758,13.996857648424339,-0.0,-2.2201005292918064e-05,-0.0932227530727324,96,69,96.12974776384256
20696,976.675180754213,163951.30120857767,75848.45670212884,77314.49257460867,61.592436666134745,68.75716448121238,46.58462303833221,14.15952756878687,3.79133116792467e-05,-0.0936612203511857,96,69,96.13003005020906
20697,976.6777531692388,163951.40329076917,75853.32812464438,77368.44607995522,204.15396866487572,150.4534999858588,99.30277815402951,44.292394736781716,-3.89783500772618e-05,-0.0839343219905942,96,69,96.13030479326255
20698,976.6944989481424,163848.2212235095,75872.04704833412,77352.62519230339,425.4343841189984,258.8788519748632,169.2238764948852,90.7176834019192,2.4987593134323917e-05,-0.0856527257329535,96,69,96.13057197005898
20699,976.6975211208544,163803.66691852536,75856.28139979135,77360.70974899322,720.0954981971299,386.8380658479582,251.84447525901487,151.02929297811352,-1.3479711249289558e-06,0.0148781843708326,96,69,96.1308315580402
20700,976.7150950913532,163757.11067439485,75847.92225481983,77330.21700575223,1063.4963173500146,519.8449497120455,339.20076660389896,222.24172711695428,-2.2807712909662297e-05,0.2698131104488212,96,69,96.1310835350353
20701,976.7176910870728,163687.02921830068,75857.54523409132,77315.2300475514,1431.004518804315,646.3530808366049,423.4817837222654,300.4726850911975,3.814910105160159e-05,0.3696431673036221,96,69,96.1313278792622
20702,976.734348345148,163584.0201384077,75866.17801735346,77354.60810461543,1787.4713980466477,753.0387610547186,496.30333507509204,380.70671941671753,-3.875221787880327e-05,-0.1340363085812562,96,69,96.13156456932904
20703,976.7376320602295,163518.837160776,75844.13819301694,77353.6695624122,2106.801187065721,833.7621478922665,552.0546153907198,459.153191414749,2.438697441839468e-05,-0.3989205749992772,96,69,96.13179358423596
20704,976.7547070574392,163437.428792228,75836.704608169,77341.33302311017,2363.6618198542274,883.9198043121869,587.0827701964881,530.8101708931499,-6.049325469439419e-07,-0.075424571928435,96,69,96.1320149033762
20705,976.7569360625372,163349.06139484892,75833.05170420598,77317.48388582966,2548.049342601502,906.1987340430351,601.4930801141018,594.2950514917611,-2.340613891562199e-05,-0.0820556923801382,96,69,96.13222850653749
20706,976.7744491401364,163296.9275644192,75856.08415601026,77346.58547391774,2654.7729260827764,903.5321674918378,597.4688144084939,646.695772759238,3.837179585426916e-05,-0.0919068817847169,96,69,96.1324343739035
20707,976.7775289217104,163290.96842090285,75830.29050861321,77320.52748362102,2693.0502215273445,883.6030369782093,579.7659761755203,690.2566152867221,-3.851323677391349e-05,-0.0520313725534535,96,69,96.1326324860555
20708,976.7946313604108,163257.05322712054,75828.11020409131,77315.25721777944,2674.114707681467,852.0134433114436,553.6888788249635,724.2474059882807,2.377871565132768e-05,-0.0776497601437608,96,69,96.13282282397336
20709,976.7968304808136,163239.35126071377,75853.87052608706,77338.09875336238,2616.7935214710888,816.3872413840872,524.9452982353396,753.0180830251775,1.375872593768981e-07,-0.0491999226025573,96,69,96.13300536903748
20710,976.8144556239688,163180.36426186687,75844.19536132654,77320.4017598197,2536.6256134368014,780.862371513198,498.13060533069074,775.5493774556089,-2.399608930549924e-05,-0.0451533034836918,96,69,96.13318010302888
20711,976.8174583157942,163153.43918622614,75829.28252586082,77325.84290068872,2450.6365672494867,750.4014487351087,476.63791753238183,796.1179715395556,3.8581333539195024e-05,-0.0537587167056709,96,69,96.13334700813182
20712,976.8345340148963,163151.51411632044,75816.79988431463,77327.92488018668,2369.3402285688207,726.331101059448,462.0308981174603,812.3785250474175,-3.826150011919183e-05,-0.0572960936155418,96,69,96.13350606693454
20713,976.8367416215982,163122.860038862,75826.8005806804,77326.96700015575,2301.3280552041833,710.3760191466572,454.258884809562,828.17860964383,2.3163029765082236e-05,-0.0630439310901663,96,69,96.13365726243048
20714,976.854461366878,163136.0462055945,75854.13349451119,77308.81784592863,2248.7839546606992,701.1192237205978,451.9903717308771,840.204731723119,8.793379853698865e-07,-0.049475417176351,96,69,96.13380057801946
20715,976.8573761065747,163083.81956335582,75855.40320525107,77324.3357672858,2211.9678625062807,697.7262045851967,452.95686927170027,852.85166454516,-2.4577373158472477e-05,-0.0364414718386617,96,69,96.13393599750948
20716,976.8744469049692,163094.0410920303,75827.31033348675,77325.51414643903,2187.088923383679,697.0235495060915,454.8092365018092,862.6509773067082,3.877765614216327e-05,-0.0292056386369257,96,69,96.13406350511704
20717,976.8766386064676,163094.96589393303,75808.53364287209,77326.61949071405,2169.609008239582,696.8668614254857,455.15969683241565,874.0961878546514,-3.799710535992595e-05,-0.0288638657359334,96,69,96.13418308546883
20718,976.894510180463,163110.18241261822,75831.68711291245,77321.75562227862,2153.856581679778,694.0927955103834,452.57577070753905,882.6234655915468,2.25401317765378e-05,-0.0138635427029653,96,69,96.13429472360336
20719,976.8971849856614,163044.95759335317,75834.33966948566,77340.6675658391,2134.823726679606,687.556957780107,446.078229882929,892.5524946330115,1.6200699137676312e-06,-0.0038875089052992,96,69,96.13439840497118
20720,976.9149919479256,163061.95954511524,75865.95523697848,77314.30651528058,2109.1118149011163,676.3388644306688,436.1603622594557,898.4493822370714,-2.514980256797327e-05,-0.0021057020985226,96,69,96.1344941154364
20721,976.9168759144948,163013.93764385046,75790.3330728921,77332.64051336118,2075.1679683431285,661.8337539038766,423.6578283482231,905.0100734028965,3.896071027183355e-05,0.019015907801586,96,69,96.13458184127826
20722,976.9343441867512,163035.39022144696,75850.83291989777,77313.01852828437,2035.1930679650395,645.7677150233649,410.65072447486455,907.0661240107729,-3.772015388202167e-05,0.0423251305474228,96,69,96.13466156919144
20723,976.9372386926802,163030.64200413178,75848.13669256051,77329.37795275106,1992.8689683401026,631.0976020970702,398.7077215144527,910.6285455733014,2.1910239067490825e-05,0.0491339881804774,96,69,96.13473328628776
20724,976.9548500161512,163047.97507697015,75819.23835408097,77329.03388523913,1955.0131416978547,620.0140117355477,389.85853719789884,911.6400495535927,2.359534068010597e-06,0.0697294471342497,96,69,96.13479698009692
20725,976.956806577062,163063.9130249039,75839.76608074293,77341.99150253196,1926.618886641052,614.2479291284981,384.7851585767057,916.7051588581235,-2.571319273570961e-05,0.0695217666714416,96,69,96.13485263856768
20726,976.974283575584,163019.9365369204,75811.82398097277,77332.54682230986,1913.1533869910636,613.9529119374056,384.3546056362102,920.5977709180734,3.913044695602074e-05,0.0427288232513679,96,69,96.13490025006875
20727,976.9772359693276,163026.00489062563,75817.9285098683,77345.55901610637,1914.690941111534,618.3198396215885,387.8754153691116,928.7437121955154,-3.743075157064684e-05,0.0524041932832149,96,69,96.13493980338974
20728,976.9947346436307,162963.29154574993,75825.80761419912,77323.65254074521,1930.7238554934738,625.6160961220885,395.02642610290786,934.74915354923,2.1273571353279383e-05,0.048505895791118,96,69,96.13497128774246
20729,976.996719440666,162990.6949520874,75831.16839290185,77326.71850112887,1955.1584990962292,633.8823544705665,404.05785143197863,943.4967602784454,3.0974817340747845e-06,0.0151742686295595,96,69,96.13499469276174
20730,977.0142456198244,163006.25810958495,75849.67460318553,77301.19316632487,1983.8964201602503,641.5249072199804,413.9604524913884,948.283529328095,-2.626736232106239e-05,-0.0163368878938377,96,69,96.1350100085058
20731,977.0172146598064,162968.28432076838,75853.86232741579,77340.40105446684,2009.3231674451963,647.3767828207347,422.50647932861466,954.9804042149335,3.928682183034394e-05,-0.0667653498257919,96,69,96.13501722545824
20732,977.0346247339216,162981.02705286563,75828.44092320974,77337.10059649768,2028.6105293973233,651.1488472669153,428.7024543451553,958.1419367732306,-3.71290082980257e-05,-0.1016862861586388,96,69,96.13501633452805
20733,977.0366288581027,162962.92741826986,75818.98193137992,77329.80736362378,2036.463405995688,652.5705250216561,430.812047970423,964.2325911502121,2.063034974565891e-05,-0.0996021903851056,96,69,96.1350073270507
20734,977.0542207285648,162957.74035188663,75828.20369914065,77355.30747834296,2033.307006942341,651.7877555011364,428.8963707118819,967.103578754788,3.833665230346388e-06,-0.1093096113025318,96,69,96.13499019478942
20735,977.0571797364412,162982.7288373416,75833.56390689833,77330.32733045684,2016.0773629122414,648.046613701852,422.4040686278895,972.2546033770777,-2.681213311325595e-05,-0.1130994183288555,96,69,96.13496492993558
20736,977.074517511658,162964.59855643523,75841.79047900444,77323.82042535866,1987.030269917741,640.7260763396043,412.5566047732427,972.3896969282068,3.942979517437959e-05,-0.0961476837765569,96,69,96.13493152510942
20737,977.0765376368032,162947.9270292144,75841.32207523136,77317.78384555328,1944.080748430686,628.3118748094712,399.6173844731529,971.7240724955336,-3.681503804240385e-05,-0.1007701238336461,96,69,96.13488997336124
20738,977.0942071736908,162940.33294406638,75829.62540802208,77326.22545802961,1890.7069808464148,610.2803435587266,385.23706048569875,962.3391562025645,1.9980798452906347e-05,-0.092905317850467,96,69,96.13484026817198
20739,977.09713008975,162943.97382908867,75808.68962398588,77333.66156540523,1825.4965273366543,585.9706387708284,369.5824218666821,949.548410950636,4.567837973566883e-06,-0.0820821796115104,96,69,96.134782403454
20740,977.114415792619,162982.70728223372,75844.87861215707,77336.89806110533,1753.067230237706,556.6173490234942,354.0025043755013,927.8767850811419,-2.734733040605184e-05,-0.0863091425924204,96,69,96.1347163735518
20741,977.116442892106,163057.5845761155,75863.65260003995,77339.00914629178,1673.2206514597056,523.545038745593,338.3454713974497,904.874404059723,3.955933172066055e-05,-0.0761829664890668,96,69,96.13464217324268
20742,977.1342095534584,163026.890293495,75824.59541731587,77327.99299047075,1592.22458928189,489.8477647828113,323.7562626323197,876.7371678166965,-3.648895843280034e-05,-0.0619326177190489,96,69,96.13455979773748
20743,977.1370563437772,163072.14199468622,75831.32633348838,77317.09903874627,1510.5361425959272,457.7112899861095,309.8045551285031,851.8423251215427,1.932514248148424e-05,-0.0590795163150977,96,69,96.13446924268126
20744,977.1543348619884,163073.5360172371,75854.59012965317,77324.4252111469,1434.3822135510854,430.0414768561168,297.35858228296274,826.1564873584139,5.299753512490461e-06,-0.058962970819028,96,69,96.13437050415418
20745,977.1563211235872,163103.6917441309,75832.7546124746,77337.25295724774,1362.9374660137692,407.63318215162144,285.75000592463766,806.0631113798008,-2.787278289756912e-05,-0.0530537340165757,96,69,96.13426357867148
20746,977.174271340726,163145.79741790486,75804.36171721527,77309.87712235535,1300.47721564502,391.3556219115708,275.69213497504825,785.2478793607734,3.967540079453627e-05,-0.0449597727683453,96,69,96.1341484631849
20747,977.176854945096,163119.65607742892,75874.88122103162,77333.18788783877,1243.2513325619511,379.6216678776691,266.29231958289165,768.3262545298785,-3.615089162526472e-05,-0.0459692973314254,96,69,96.13402515508258
20748,977.1947852957704,163146.603917555,75816.58345813765,77340.17237308848,1193.4172669330146,371.5018853021029,258.0440810380678,748.1662380976486,1.866360946894081e-05,-0.0468273959882553,96,69,96.13389365219024
20749,977.1966772653336,163177.1640056644,75828.59810535499,77335.1512224456,1146.1690910506877,364.43229772051563,249.7854100926197,729.0392442303128,6.029167363781491e-06,-0.05083417578365,96,69,96.13375395277107
20750,977.2140767866532,163200.187254797,75846.92194904757,77321.77705668424,1104.322680592304,357.61642041549203,241.7812822534761,704.6776115052635,-2.838832211692222e-05,-0.0607788848213475,96,69,96.13360605552688
20751,977.2169201077576,163231.35853008126,75846.70155709622,77321.34266865609,1064.5306633297005,349.3332778332842,232.82107318734052,680.1877258619643,3.977797649872374e-05,-0.0531277071845234,96,69,96.13344995959818
20752,977.234649313262,163247.41289498538,75863.4981763714,77356.02839011411,1030.7750563229783,339.9820023889333,223.3290158926102,651.2366392305121,-3.5800963369824055e-05,-0.0614778271372751,96,69,96.13328566456474
20753,977.236604275732,163246.83120204217,75866.65819970015,77305.16829784618,999.8757874104776,328.9598947408231,212.61368934100028,623.7196024526493,1.7996428585344747e-05,-0.0744982171451159,96,69,96.13311317044638
20754,977.2540069721406,163314.16145168018,75864.14142817241,77360.23920349088,974.9778390185093,317.5797119592462,201.83763978505158,593.787160065549,6.75583520601044e-06,-0.0637590393264625,96,69,96.13293247770284
20755,977.25692296117,163364.04096597826,75852.40029160271,77302.77958245107,950.9030144528951,305.6480156050966,190.98884279065533,566.7202365678386,-2.889378414287753e-05,-0.0609357801181959,96,69,96.13274358723476
20756,977.274542830788,163340.49799257537,75853.91634740062,77322.89337929878,928.5433442199719,294.48180625560053,181.52550903477822,538.5730666792952,3.986703698516913e-05,-0.0653792065889815,96,69,96.13254650038373
20757,977.276509903512,163375.6186333899,75840.86280852486,77348.40355154476,901.5057595192338,283.6128641074174,173.371502142807,513.3844068020699,-3.543930368863348e-05,-0.0535055598751527,96,69,96.1323412189328
20758,977.293962302904,163382.2252479212,75865.37241271771,77330.43411231223,871.227992738015,273.99513539797044,167.54238109913422,486.5908805327199,1.7323830244504226e-05,-0.0590974059832689,96,69,96.13212774510671
20759,977.2969072527088,163450.99583083607,75856.60568157723,77319.21635839398,833.08648422634,264.6156762926548,163.29066073559807,461.42259841010673,7.479514647321094e-06,-0.0669835935449394,96,69,96.1319060815724
20760,977.3144417893884,163448.03317951396,75850.94188875797,77309.71856957045,790.9072698426316,255.85801466852718,160.83914207451744,433.9602403995523,-2.9389008049342584e-05,-0.0510041595790226,96,69,96.13167623143926
20761,977.3164100761192,163492.54514764276,75890.41894530744,77332.75065103154,742.7937588121858,246.3613908732077,158.88359308984946,407.2441099853895,3.9942565664421904e-05,-0.0533716378525275,96,69,96.13143819825945
20762,977.3339325990004,163496.6337135816,75853.10637262397,77326.7052736258,694.895735685539,236.56104383002094,157.3327329957101,377.91972612051177,-3.506604574060669e-05,-0.0658864580469545,96,69,96.1311919860279
20763,977.3368781925524,163550.44855973334,75879.23997793348,77325.55712506971,646.3395507376408,225.3870095451275,154.8605178782018,348.7504159066011,1.6646047277363705e-05,-0.0571288890075737,96,69,96.13093759918316
20764,977.3543430833512,163590.90518049602,75863.05606957775,77318.33273932575,602.5378381746123,213.59758507875085,151.45241459854878,317.0473193322541,8.199964070947582e-06,-0.0549944658644877,96,69,96.13067504260692
20765,977.3563077756212,163567.16150295452,75839.96416443087,77337.24103095861,560.5770358967129,200.28726491137058,145.99671896846849,284.9775977075915,-2.9873836194628138e-05,-0.0600840859797849,96,69,96.13040432162458
20766,977.3739164042004,163648.4769854015,75860.18481761393,77308.70989484411,522.4570255373255,185.97005777947197,138.50183727935655,250.2878403547511,4.000455033730351e-05,-0.0414319353612581,96,69,96.13012544200562
20767,977.3768342653748,163663.09199750482,75853.72928831744,77337.12744962028,480.9828511220985,169.00478896887216,127.7111951407278,214.8389003384218,-3.4681327099188226e-05,-0.0461258311299079,96,69,96.1298384099634
20768,977.3942497125836,163723.27666170787,75862.01777357266,77329.66108231538,434.2249648947036,149.00105498860648,113.37454523134511,177.44790845087846,1.5963313587360068e-05,-0.0379164453324953,96,69,96.12954323215548
20769,977.3961998847336,163758.52296570124,75833.86269217602,77366.20951661603,373.9139220358338,124.03088753810152,94.49655466811964,139.99894018782652,8.916943428368323e-06,-0.0141761938266529,96,69,96.12923991568368
20770,977.4139189726988,163761.08994870624,75857.27561367034,77361.67619568585,300.97533449722687,94.69339464299264,71.86383926932467,102.74109187087743,-3.0348115746706468e-05,-0.0279516362133027,96,69,96.12892846809432
20771,977.416765257386,163823.0002165448,75873.64176746753,77348.44064196465,214.3976582857431,61.80800166811969,46.68238517313148,67.97967911505839,4.00529829432843e-05,-0.0391030971279969,96,69,96.12860889737806
20772,977.4341775620888,163837.9895477893,75868.75842969438,77341.67193999625,125.728521467885,30.385357826875406,22.819762701168656,37.66128553249291,-3.4285288979372124e-05,-0.0359295107503686,96,69,96.12828121197012
20773,977.4360624871474,163890.1611841966,75866.80803937478,77365.56844673537,46.66529776685638,6.607745501503814,5.05663678291603,14.314829697919777,1.52758643423816e-05,-0.0551145182266004,96,69,96.12794542075018
20774,977.453983684668,163877.99400091052,75850.5870295183,77349.07527131203,-0.0,-0.0,-0.0,1.1799100290227216,9.630213937559246e-06,-0.0553361229434051,96,69,96.12760153304288
20775,977.4565729949226,163906.37455031116,75857.47047131044,77347.31662554696,4.0097119265119545,18.456621312332572,13.230074801947922,-0.0,-3.081169618181993e-05,-0.0402004443066945,96,69,96.12724955861692
20776,977.4745196776364,163844.19944627763,75881.32175716186,77340.87156400352,80.3650581248221,68.92433503655775,49.06996380040073,13.920293410657905,4.008786075279791e-05,-0.0481885216783102,96,69,96.1268895076858
20777,977.4765253090444,163858.5589375671,75831.66127942802,77335.06781874356,237.7026679457631,152.31806158903055,107.85053049205453,42.37519663371495,-3.3878076031254456e-05,-0.0460872974375185,96,69,96.1265213909074
20778,977.4937826721272,163805.3382052728,75863.35682789603,77330.8651289063,479.52877351711504,265.26514698407846,186.38866223907098,87.13639208846143,1.4583936541888513e-05,-0.0363806216122444,96,69,96.126145219384
20779,977.496633440438,163748.60808692194,75858.35329077665,77340.91564465628,791.5571641370188,397.6331059235381,277.3718127834727,144.54162051301682,1.0339538472311508e-05,-0.0342695804117834,96,69,96.1257610046624
20780,977.5144004126544,163679.32810745662,75823.10318284555,77348.31696591899,1153.4795975429588,536.9253695705556,371.6971069704741,214.24692980194231,-3.126443155832356e-05,-0.0352420078731226,96,69,96.12536875873327
20781,977.516443055875,163611.93686723514,75828.83032305965,77345.68977036385,1532.4756471608998,668.4404746606015,459.70183197699953,289.4883627440722,4.01091846878306e-05,0.0112541364792645,96,69,96.12496849403136
20782,977.5337085730516,163536.52195613366,75812.10142652181,77355.78858456295,1898.5486355552566,780.6434255265776,533.7247350239486,369.2641980740882,-3.3459836860105e-05,0.1928965572715998,96,69,96.12456022343548
20783,977.536635447674,163439.60806547222,75843.65919782013,77362.01620059955,2220.1207486323547,864.8490251041221,588.7771353589487,446.06553162276396,1.3887768034522409e-05,0.3922324579825515,96,69,96.1241439602682
20784,977.5543075210796,163363.3863628524,75849.59709905281,77325.56992350721,2477.829003695748,918.5268492375471,623.3388792633195,520.2832868043624,1.1044681116344122e-05,0.103444387471576,96,69,96.12371971829526
20785,977.5563402898744,163301.12400366305,75837.91068058257,77336.36681591072,2658.0129760264535,942.6896286367701,638.5948587989842,585.7987370211049,-3.170617985150606e-05,-0.3846764413884821,96,69,96.12328751172588
20786,977.5736582822497,163255.02741841428,75848.57540511953,77328.00461313764,2762.031723355758,942.8528734236024,637.8117929999426,646.4988405725744,4.011696155060109e-05,-0.1770239413987722,96,69,96.12284735521216
20787,977.5766219756682,163237.181543029,75851.49374034384,77304.39686772377,2796.024046809529,925.1422989008424,625.2462086600717,698.2922959507559,-3.30307231738136e-05,-0.0396293132055478,96,69,96.12239926384926
20788,977.5942178582636,163151.10999020794,75862.90744718543,77312.84896917142,2776.579285296437,896.9161881290638,605.3983056158759,746.8235347815207,1.318759815677062e-05,-0.1147619261568661,96,69,96.12194325317444
20789,977.5962320179896,163134.50538985553,75812.54384833555,77334.7964931432,2719.5681763315224,863.7611622191907,582.5011569213239,787.8188639761647,1.1745407899348037e-05,-0.0686126851549932,96,69,96.12147933916737
20790,977.6136226747432,163068.82453015645,75824.36544338318,77352.36911284583,2645.0454499720363,831.0800456232391,560.0212616945792,827.3421670722018,-3.213680249089878e-05,-0.0799222439563191,96,69,96.12100753824912
20791,977.6165974295644,163051.99063432327,75814.24800911451,77327.16849223693,2566.9657417233684,802.0190155634045,540.6578055853606,859.9156096401566,4.011120144169866e-05,-0.060788705046623,96,69,96.12052786728268
20792,977.6341286636408,163019.49387745172,75830.3134376272,77305.65825726876,2498.8157038833015,779.3781691288459,525.8488816308382,890.9353221512865,-3.2590890898655214e-05,-0.0562793613243505,96,69,96.12004034357192
20793,977.6361209435264,162998.3500520365,75807.72515634894,77332.79251548677,2445.5205700154183,763.7454165994277,516.0571113933111,914.1767890847696,1.2483667494830768e-05,-0.0505490579524468,96,69,96.11954498486138
20794,977.6536007750036,162972.69338368418,75865.4786272901,77312.30128187044,2410.3572892409284,755.2345140970574,510.32179412289406,936.2013043367479,1.244148667018283e-05,-0.0413762767273313,96,69,96.1190418093356
20795,977.6565599703192,162976.88802246834,75867.15888120625,77314.75370964066,2388.8196879536263,751.7522045282385,507.09346265534987,951.0396750441287,-3.2556164786442214e-05,-0.0488863224912708,96,69,96.11853083561932
20796,977.6740428006464,162984.51038453105,75859.15163202012,77308.12249026829,2376.6915574770537,751.0400801042124,504.05210131563945,965.7557914614736,4.00919197209989e-05,-0.0349281377608339,96,69,96.1180120827763
20797,977.6760042496312,162927.32351210492,75833.8638529097,77311.53715226502,2365.583026210894,749.6501878515264,499.3721239314473,974.3296153563133,-3.21404987823095e-05,-0.0207920249065041,96,69,96.11748557030928
20798,977.6935976069036,162948.4046624995,75854.00112215581,77307.00787878995,2350.9582184516476,745.3448510508897,491.4422055480536,984.6728770557966,1.1776217059753266e-05,-0.0199673005950295,96,69,96.11695131815937
20799,977.6965000092762,162939.6641771678,75839.9821365266,77328.380002367,2327.3749620902236,736.1634512008459,480.08349068433745,990.1259942539327,1.3132686827958167e-05,-0.0081647179266075,96,69,96.11640934670532
20800,977.7139744808665,162956.5849651616,75840.29644409947,77312.1365395102,2295.0144440796576,722.3424002355605,465.69510978402104,998.0558267952874,-3.296413639877675e-05,0.004170966500328,96,69,96.11585967676332
20801,977.7158611901084,162911.50352522958,75845.91848417342,77344.88147644834,2253.9424169407575,704.7577114343585,450.0663856115716,1001.2845434982155,4.0059136193328415e-05,0.014224791007045,96,69,96.115302329586
20802,977.7336502007214,162936.37471207013,75836.36239709488,77314.4481064732,2208.9624013529974,685.9902160656784,434.93753063480835,1007.9608445284248,-3.1679709474734e-05,0.0312448257288867,96,69,96.11473732686228
20803,977.7363372304764,162923.69372277672,75835.37625264282,77305.66073259363,2163.1984855386545,668.2632613828027,422.6721005963336,1010.5508395224169,1.1065489391850016e-05,0.0495735915389185,96,69,96.11416469071636
20804,977.7541986066956,162937.28481716552,75817.99505837768,77325.52521581699,2122.4782698904164,654.3186690863658,414.54025419897516,1017.2633498032228,1.3818779674008388e-05,0.0554437658479666,96,69,96.11358444370735
20805,977.7564143456228,162929.07602683085,75829.96085055615,77313.3101830357,2089.5078563650604,645.5698304397665,411.58993437176105,1020.4745739808714,-3.3360590515761383e-05,0.0714455949973966,96,69,96.1129966088285
20806,977.7734644652496,162926.6869280356,75839.55833887398,77317.00795749767,2068.3545003115432,643.1756462249614,413.18859918561066,1028.491118062113,4.001287508576334e-05,0.090087065282447,96,69,96.11240120950649
20807,977.7763806258292,162910.34981714666,75806.4448522406,77343.69277496265,2059.3866085510817,646.6187240478612,418.51515375077724,1033.6901918392978,-3.120868856582902e-05,0.1000176737757802,96,69,96.11179826960088
20808,977.7941018443968,162922.13769337494,75808.55444768116,77331.90031417862,2063.6004154708935,655.0350191575562,425.60107908121427,1043.576920739055,1.035172761362429e-05,0.1051108610074024,96,69,96.11118781340292
20809,977.7963221077569,162919.78892366224,75818.45439263311,77338.92908276143,2078.0823447738658,666.2435039739648,433.19143271667417,1049.5390847810195,1.449953850890139e-05,0.0968831795356513,96,69,96.11056986563572
20810,977.8133865536628,162870.9955566021,75849.28093842628,77307.5203337496,2100.4053725169506,678.3415986629261,439.640090193745,1059.282623728097,-3.3745404793633085e-05,0.0798646947533398,96,69,96.10994445145222
20811,977.81638011024,162921.71174306754,75830.1586391634,77352.34224646074,2124.734799601836,688.9015096897492,444.5711113467987,1064.4450857446645,3.99531651996772e-05,0.0463136440670058,96,69,96.10931159643576
20812,977.834021866763,162894.2859432866,75825.95880145566,77327.1712151256,2146.584415309597,696.4533689268865,447.30865089711733,1072.4332848886843,-3.0727605412773854e-05,0.0105719176395829,96,69,96.10867132659806
20813,977.8362151178331,162888.7957045119,75809.20499619811,77335.48161338002,2159.77124504745,699.5454315771931,448.2127336070698,1074.68898432891,9.635175945410083e-06,-0.035132545873326,96,69,96.10802366837926
20814,977.8533267596318,162910.12748223697,75833.9711824004,77331.16353858086,2161.207644277136,697.9045288665657,446.84079876111355,1079.3006960957719,1.517473883645457e-05,-0.0646330955894531,96,69,96.1073686486465
20815,977.856370889584,162891.24202445534,75844.09330216816,77327.8137429388,2147.662221246457,691.197217041612,443.434316085506,1078.1076877468731,-3.411846031661598e-05,-0.0701317705059902,96,69,96.1067062946934
20816,977.8739398269224,162911.88946933765,75832.84195374821,77332.67658067927,2119.6279772839625,679.9326976684242,437.262191538146,1078.651115726796,3.9880039902716274e-05,-0.0855585540067238,96,69,96.10603663423886
20817,977.8761057670118,162894.8907730455,75863.77427998303,77335.13698696735,2077.42362558929,664.2301178107009,428.3966326195223,1072.4882858376368,-3.0236632118758907e-05,-0.0715820267401698,96,69,96.10535969542669
20818,977.89327765911,162918.6814221916,75827.78356426042,77306.91618461644,2024.1271105090273,644.8020859622338,416.23486907058395,1067.6379136254254,8.916078971276954e-06,-0.0722513761533612,96,69,96.10467550682368
20819,977.8963566860372,162935.67224470066,75854.50775576834,77320.74563817709,1961.304252632719,621.8862271999096,401.4597749829991,1056.0008385924157,1.5844157905213207e-05,-0.0831583513077779,96,69,96.10398409741978
20820,977.9138526364468,162940.46009394244,75859.14797828003,77345.82238399274,1891.9379590065219,596.3613763965695,384.37842202943284,1045.013451834966,-3.44796431006393e-05,-0.0664588997846763,96,69,96.10328549662631
20821,977.9159976263022,162995.12096747712,75855.01508231909,77319.75251616367,1817.0334309639293,568.7931662376213,366.4967569335713,1026.5860647814116,3.979353712011939e-05,-0.0632905667208901,96,69,96.10257973427537
20822,977.9332370249048,162985.25512780293,75853.70794934542,77334.05821109928,1739.3186443033046,540.4674881768151,348.4694682920235,1008.7668853595678,-2.9735944316520815e-05,-0.0666048926895184,96,69,96.1018668406185
20823,977.936337801785,163001.56449502244,75830.2718993606,77351.59265994317,1660.3580016927444,512.2369749645295,331.6455954195699,984.1232434239355,8.194682157692644e-06,-0.0582300714940454,96,69,96.10114684632596
20824,977.953759721646,163045.16916458562,75863.08661362506,77333.21218418944,1583.9247093644808,485.38711176275683,316.1538520915492,960.6002892115212,1.650757550834229e-05,-0.0559008981388648,96,69,96.10041978248536
20825,977.9558925537384,163061.2199678896,75841.73287563851,77301.21475004384,1512.401769593882,460.4869675925438,302.6572014899284,931.6625915807381,-3.482884246881647e-05,-0.0549475571601478,96,69,96.09968568060076
20826,977.9732036576728,163102.77243339995,75840.7996729232,77309.11350743752,1449.1607319496688,438.3395990486024,290.62961643206654,906.3416838704725,3.969369928775032e-05,-0.0469280165966645,96,69,96.09894457259158
20827,977.9763137394432,163137.44033874248,75818.38192034009,77332.24641646432,1394.5047490468714,418.9111074944958,280.2674412133056,878.6518138129322,-2.922572063851584e-05,-0.0495567218685349,96,69,96.0981964907914
20828,977.9936613269242,163160.8423787839,75826.92153336399,77316.85390544643,1348.3972804620862,402.37186989260954,270.7521280159126,856.3753937939182,7.471231160449024e-06,-0.0594157092077262,96,69,96.09744146794668
20829,977.9957918034496,163201.3373211995,75832.35881106585,77336.78598800492,1307.557246540382,388.1192000777228,262.04760855063796,832.557045002759,1.7164773160181166e-05,-0.0544258046774319,96,69,96.09667953721576
20830,978.013176616847,163208.38528467427,75852.6543491985,77335.8055723736,1269.4303893410834,375.9107496501674,253.18266678749933,813.5662044740166,-3.516595248424753e-05,-0.0632407528827679,96,69,96.09591073216784
20831,978.0162837756272,163230.26519644234,75835.05688800715,77352.88066721079,1230.1141046785633,364.93398215583875,244.18359164820868,791.1711312647385,3.958057308161414e-05,-0.0772287283439469,96,69,96.0951350867813
20832,978.0335581062068,163235.9855675188,75840.64915939255,77314.0316190987,1188.5178056582226,355.0205673280143,234.45805122324964,770.1175400778011,-2.8706142726196976e-05,-0.1040480708574714,96,69,96.0943526354426
20833,978.0356962886268,163275.87769476091,75843.50664765772,77323.88210857863,1143.6912647926947,345.6890188878024,224.6275918884494,742.8696448642877,6.745972361596008e-06,-0.1229094787638457,96,69,96.09356341294564
20834,978.0531550310902,163295.66017140518,75849.35173616237,77366.42156705417,1097.8160136200604,337.21099024229625,214.78349848047947,715.5816222728754,1.7815535448482978e-05,-0.1115284592707449,96,69,96.09276745448932
20835,978.0562471283954,163366.3515701873,75842.59842945101,77353.29986624437,1052.1869985526428,329.36613801363274,206.08023576054256,682.7423559365852,-3.549087086906133e-05,-0.1102478364668085,96,69,96.09196479567754
20836,978.0734510031756,163394.3059778209,75830.73126724391,77341.07884888299,1009.5508355610073,322.3875324422843,198.7707487756561,651.2188205831044,3.945420970940115e-05,-0.125016555790199,96,69,96.09115547251672
20837,978.0756066286824,163425.4181669037,75852.46855412569,77356.06196156993,970.1021409392124,315.72381473846326,193.59776602796046,616.8256369884766,-2.8177395123371723e-05,-0.1192512503988539,96,69,96.09033952141526
20838,978.0931380814066,163446.46295486495,75841.3688150763,77354.15202814116,934.5006604133523,309.1725497805746,189.97513325174805,586.2253440847853,6.019152855086985e-06,-0.1079684006038456,96,69,96.08951697918184
20839,978.0962029836318,163475.92912075855,75842.59125813568,77346.09276631312,900.559606919589,301.7992528886243,187.60572515177773,554.5859976734791,1.845964865559394e-05,-0.106615697792292,96,69,96.0886878830243
20840,978.113341248102,163521.83549273605,75859.8528959393,77349.3356791444,867.1628431099816,293.315722175932,185.00798491813475,526.5291824415035,-3.580350030347223e-05,-0.1003173847765685,96,69,96.08785227054769
20841,978.1155230892653,163538.94357064174,75832.38977345185,77359.64587394922,831.3859289408429,283.0581320190686,181.3629507283913,496.87004918177263,3.9314665072187816e-05,-0.1025812482504284,96,69,96.08701017975343
20842,978.13312509614,163567.93393896357,75845.54685957138,77327.92101818528,792.6421755248448,271.3277239651943,175.398633024015,469.494480032241,-2.7639665553547093e-05,-0.1069876125592826,96,69,96.08616164903772
20843,978.136150401601,163591.76734209945,75859.50780645969,77351.31410926183,749.42092910473,258.11961050778336,167.25013804194168,439.4784829499258,5.291018948962795e-06,-0.1155671603330441,96,69,96.08530671718974
20844,978.1532304853656,163665.7111726067,75840.36941551766,77326.49480642995,703.2568798293942,244.34254183179291,157.11230618989794,410.14022021213896,1.909690198357828e-05,-0.1022581271230523,96,69,96.0844454233908
20845,978.1554453654286,163671.56502798144,75850.91486722817,77334.01587073012,654.8577957130037,230.3248289534531,146.45611266075866,377.64791577731376,-3.610374705045743e-05,-0.0907239373042574,96,69,96.08357780721212
20846,978.1731158498192,163694.79442859974,75853.24596380952,77351.0419204675,607.5379406463471,216.87820330403338,136.23307636051322,345.2232535170624,3.916199900816166e-05,-0.102963305744354,96,69,96.08270390861392
20847,978.1760879562156,163739.89916570456,75859.65828686705,77367.87035515858,562.3348059059354,203.57995792586007,127.64702110274811,309.58261605206644,-2.7093144494756817e-05,-0.0898295637902123,96,69,96.08182376794348
20848,978.1931212547356,163774.79187931988,75875.7201077884,77317.98846131831,521.104282494809,189.98804439386004,120.36789389583282,273.27560078632087,4.5618182763746654e-06,-0.083235204283422,96,69,96.08093742593368
20849,978.1953718755168,163830.4319477884,75841.37919878443,77343.06266981055,481.4027068488649,174.21324457565788,113.54371061656275,234.0761444835225,1.972708685252208e-05,-0.0884896860160427,96,69,96.080044923702
20850,978.2131115656392,163847.761506972,75855.93452943082,77354.3752649741,440.4680780079798,154.75924366562685,104.89462002911023,194.46436045214068,-3.63915218863973e-05,-0.075479159180915,96,69,96.07914630274752
20851,978.216012341437,163912.04749000407,75872.2622051623,77336.60560581867,391.46436333301244,129.6942959415901,92.53832532878732,153.4243937759311,3.899627615231197e-05,-0.0635076788349218,96,69,96.07824160495082
20852,978.2330190290322,163938.52186743924,75865.08840756734,77376.71020355287,330.1507199317566,99.20954932249151,74.90625761752017,113.57887165990542,-2.6538025011843327e-05,-0.0454131082130008,96,69,96.07733087257157
20853,978.235296611304,163974.5881352258,75868.30175888132,77317.0495562894,253.1993770125555,64.92827581474558,52.73753467344795,75.82828197500203,3.831798105200776e-06,-0.0453879967618585,96,69,96.07641414824678
20854,978.253119947251,164012.03684399006,75852.34132121429,77368.66668635394,166.10887735092547,32.04344425603631,28.830911528668366,43.16017878695857,2.0349997318722383e-05,-0.0592204088490609,96,69,96.0754914749896
20855,978.255909933409,164018.96882071384,75880.7243367269,77328.17088714216,80.0658697108156,7.3577239276201,8.921633435878903,17.922043074388057,-3.6666739949809824e-05,-0.0743232407301808,96,69,96.07456289618706
20856,978.2729476253296,164065.36157328764,75853.0128124525,77324.29075108326,16.791519871505443,-0.0,-0.0,2.6021321934531443,3.881756527746048e-05,-0.081901145213038,96,69,96.07362845559912
20857,978.275177084452,164083.8265001903,75858.27648352971,77350.04155534894,-0.0,17.84718256632914,9.40193787147291,-0.0,-2.5974503218424964e-05,-0.0733874551344814,96,69,96.07268819735611
20858,978.2932401518184,164044.87643749517,75862.27263682541,77352.2566200003,55.266067633754574,67.26794949613395,42.14236421635724,10.671945019275881,3.1012058441779693e-06,-0.0718229394598155,96,69,96.07174216595722
20859,978.295215513914,163991.7163086042,75853.96291983213,77349.72965033028,197.74773672339506,149.2925629343663,99.74675760103855,36.67409824664355,2.09654304152432e-05,-0.0732511185225208,96,69,96.07079040626924
20860,978.3124753379198,163964.32507936005,75849.78451057892,77364.45026338541,432.99136895115953,260.6627995556628,178.8193494846637,75.90953231361345,-3.692932073469742e-05,-0.0865723539015676,96,69,96.06983296352416
20861,978.3153046513048,163948.34122475158,75881.84035068256,77327.1190474315,748.4246996132424,391.9442849032057,271.8851404636225,129.33728644781513,3.862593959169113e-05,-0.0906584457370032,96,69,96.06886988331752
20862,978.3330888909608,163851.2602727504,75858.8725730694,77340.34507498525,1121.1322664729669,531.1282482293464,368.61542565151467,192.4573409705481,-2.5402777427162687e-05,-0.070284762942642,96,69,96.06790121160664
20863,978.3351558921856,163786.22103092555,75837.9230683388,77348.23715843607,1516.3813860040973,663.9534077546123,458.4293687386089,265.55723125161603,2.370288634398233e-06,-0.0692401844661998,96,69,96.066926994709
20864,978.3523810513376,163727.99002637266,75839.38744229928,77345.5536100747,1900.824095485208,778.8198182032211,532.5848410905746,341.9645833868708,2.1573185361101056e-05,0.0187688039525911,96,69,96.06594727929968
20865,978.355322016914,163628.65399042185,75832.17006188884,77344.33350707311,2241.9625806183903,866.7074593583529,585.9351119569328,421.6123830268334,-3.717918798510839e-05,0.26596722320674,96,69,96.06496211241053
20866,978.3729855438309,163543.32956603664,75846.32077903558,77336.59830925234,2519.4367314766278,924.6030711086496,617.3857254025061,497.02057183894794,3.842147636886097e-05,0.3581186092221142,96,69,96.06397154142698
20867,978.375064107854,163463.62264220256,75829.47082352945,77328.46740126485,2720.035794185591,953.1273252664541,629.3299693881418,569.5371891041577,-2.4823049162726474e-05,-0.1430833034027896,96,69,96.06297561408742
20868,978.3923171488724,163428.151123904,75844.21374632634,77342.52766282062,2844.594812565425,957.8527209381282,626.4302491813141,632.339220830705,1.639293506812108e-06,-0.3938032380230583,96,69,96.0619743784803
20869,978.3953205116434,163344.06176914752,75835.36677428083,77328.19026131662,2898.514417742088,945.1368785854138,613.9442297469941,689.4748625727661,2.2173064939859797e-05,-0.0761173992874791,96,69,96.0609678830424
20870,978.4128872977238,163310.18847945542,75854.62619821509,77311.56670762817,2896.4179114226718,922.8559085127636,596.6673113972356,736.2246372870868,-3.741626964827253e-05,-0.0957729032897974,96,69,96.0599561765574
20871,978.4149657075288,163262.2156559705,75828.3572360643,77332.17297769643,2851.717532004055,896.5316391697415,577.9366153207666,779.5049334626528,3.820425753395687e-05,-0.113183653281443,96,69,96.05893930815289
20872,978.4322678436127,163219.50225384385,75817.84601648425,77331.04027551475,2782.129714337294,871.2087469896796,559.8896937138634,815.0829492185148,-2.4235521818517704e-05,-0.0677788918205433,96,69,96.05791732729938
20873,978.4353094246726,163195.2356600944,75809.40318094785,77322.34889134916,2699.9127236462664,848.6650900168024,543.3876835565607,850.655570997711,9.08467755220772e-07,-0.0992738070755813,96,69,96.05689028380756
20874,978.4527873073146,163169.56834320314,75831.72849507151,77340.9927205241,2619.0297180357156,830.4916481586988,529.0047519255022,881.2037533598486,2.2764873858332877e-05,-0.0787212511491892,96,69,96.0558582278266
20875,978.4548671029936,163106.03657379642,75804.07529051533,77324.266402625,2546.4418723438284,815.9528524429043,516.8648705827945,913.7713297394221,-3.7640498609072845e-05,-0.0766406827499406,96,69,96.05482120984196
20876,978.472228522544,163086.069739818,75815.12044014577,77334.50342980627,2490.273767577717,805.2910490035865,507.37745336737134,941.0203996388591,3.7974368920250346e-05,-0.0821267394624776,96,69,96.05377928067313
20877,978.4752908867032,163070.2409287162,75793.40960538427,77321.08303461497,2450.7632383411983,797.0427906764962,500.42545413435437,969.2861644843942,-2.3640401678081957e-05,-0.0723144830405792,96,69,96.05273249147196
20878,978.4926837465993,163020.6948838441,75822.98095734719,77320.50864842918,2428.9229979192605,790.9808098010835,495.9181684492505,990.7691079996584,1.780577327633267e-07,-0.0755797684979268,96,69,96.05168089372025
20879,978.4947712135296,163019.39145109543,75836.1518406313,77330.63609861514,2418.0843819057336,785.1609454518039,492.90775243911776,1012.5475302744599,2.334842051791764e-05,-0.0784710542972629,96,69,96.05062453922744
20880,978.5121968800352,162990.3843258432,75851.60009758346,77308.54726085617,2414.0278598474106,779.0451425338688,490.5661880542175,1026.7450796224875,-3.7851811613866846e-05,-0.0709487518742518,96,69,96.04956348012902
20881,978.5152653139352,162972.43423590876,75812.63152599325,77318.6500355276,2407.1944322091294,770.6241131033894,487.5072671136004,1041.8049364686594,3.773190055814876e-05,-0.0636335286580119,96,69,96.04849776888376
20882,978.5325763009346,162965.35921660636,75814.09921917264,77327.31051545758,2393.90559833101,759.9334637025313,483.1080340309418,1050.750711495988,-2.303789697579201e-05,-0.0711208969184647,96,69,96.04742745827184
20883,978.5346797908252,162952.1028985765,75836.3360656299,77350.4630872516,2368.3974681675318,746.2138117552677,476.73428931852686,1062.6337480192014,-5.516901290431732e-07,-0.0984951489528951,96,69,96.04635260139251
20884,978.5521713047184,162981.90452775042,75828.02399128782,77301.77732972296,2333.19170318963,731.2453372841992,468.9476859882707,1069.3987388413516,2.3923515818229538e-05,-0.094698556913031,96,69,96.04527325166237
20885,978.5552325908614,162913.8956826484,75789.86742251896,77321.21502646522,2288.8304542516125,715.7899335037364,460.2179755602556,1079.9319072568906,-3.805015003840181e-05,-0.0937492070147278,96,69,96.04418946281189
20886,978.5724653007732,162908.50402315546,75819.0676873384,77372.58115347159,2242.9732058916707,702.5829698367161,451.91392463375814,1085.902566753648,3.747694703039602e-05,-0.0841903916023972,96,69,96.04310128888456
20887,978.5745940319232,162885.61851522088,75836.92406682794,77327.45759226682,2199.063631451514,692.5099297947163,444.7570260698267,1096.186534623208,-2.2428218679926017e-05,-0.0662348583038498,96,69,96.04200878423404
20888,978.5921504198278,162901.30099439144,75835.99314642491,77336.84651055573,2165.30056635628,687.6832113683195,439.9309851169528,1101.950891525572,-1.2805300514663585e-06,-0.0703614096912855,96,69,96.04091200352153
20889,978.5951924559624,162902.46827531478,75806.67824036017,77320.1763622192,2142.9312523695407,687.5947393256793,437.53505162522197,1112.9514998274099,2.4489974062646773e-05,-0.0475931036438678,96,69,96.03981100171396
20890,978.6123514143724,162861.49133474738,75831.23155272972,77317.98255079957,2136.26139023219,692.6567904093536,438.01134584704414,1120.9015950855683,-3.82354598514418e-05,-0.0424685580580401,96,69,96.0387058340815
20891,978.6145147895191,162859.34903175713,75811.3139715737,77333.25898746056,2141.8350471029407,700.6820340712438,440.682631114847,1135.1065005429555,3.720960652047133e-05,-0.0502430701166769,96,69,96.03759655619513
20892,978.6321329242004,162858.4402874526,75824.80587816412,77297.87988692816,2159.5532060973346,710.7904453688097,445.3385797786177,1145.4452388819482,-2.1811579730498523e-05,-0.0556392827768842,96,69,96.03648322392448
20893,978.6351446616452,162832.89995796833,75809.34286710987,77321.27723434125,2182.040827478457,719.9207763583836,450.6430726381368,1160.089820907975,-2.0082169969762045e-06,-0.0738678483241186,96,69,96.03536589343538
20894,978.6522355067552,162809.99274381873,75790.57415237282,77336.37053046982,2206.716373799776,727.1119333326496,455.9023238857626,1167.8945748631086,2.5047612194119064e-05,-0.1056872844548866,96,69,96.03424462118718
20895,978.6544426564432,162803.66382097895,75826.876250315,77300.03447471399,2225.3472731446964,730.0450922730524,459.53925094456645,1176.1727758851484,-3.840769130483751e-05,-0.1430993305506908,96,69,96.03311946393087
20896,978.6721175353928,162787.24854128106,75804.50154472918,77303.02453410259,2236.1609412240796,729.1437610517169,461.0648885126575,1173.7154767327302,3.6929981722942975e-05,-0.1881124783366281,96,69,96.03199047870652
20897,978.6750890524124,162802.36384131535,75784.62336657438,77317.43807987016,2232.598703327414,723.4330792628898,459.4257675423869,1169.9703156295582,-2.1188195313810506e-05,-0.2301385475627474,96,69,96.0308577228404
20898,978.6921185586406,162801.15091040096,75822.08535828789,77302.6374367777,2215.6209988801857,714.3619233084464,454.9712925783242,1156.540992997645,-2.734505992918533e-06,-0.2452481491160687,96,69,96.0297212539431
20899,978.6943780047152,162819.06038178952,75828.447834701,77308.44569289264,2182.0147214824683,701.3703304310475,447.5094655181747,1144.7536562215246,2.559625088421879e-05,-0.2460656006198507,96,69,96.02858112990664
20900,978.7121029735026,162867.79792377693,75799.23671050166,77324.90670142359,2136.161955597985,685.7651540789229,438.0931426343159,1127.0378687318007,-3.8566799021876695e-05,-0.242968146794271,96,69,96.02743740890249
20901,978.7150256078496,162852.8147600534,75818.86175553985,77322.49295523079,2077.2187556299614,666.3753926421487,426.7831157866167,1114.974073743826,3.663817912240252e-05,-0.2385755950216073,96,69,96.02629014937853
20902,978.7320016094382,162851.75088941414,75807.2361531012,77332.31395436225,2011.1296269103768,644.1245903451781,414.5450136792497,1099.868368904572,-2.055828254031674e-05,-0.2381135017585239,96,69,96.02513941005697
20903,978.7343210080352,162879.04045828508,75807.10623176584,77348.63166939435,1937.8218944058171,618.0855410550139,401.05388333808514,1090.445815275103,-3.4591533125772084e-06,-0.2292398694627766,96,69,96.02398524993134
20904,978.7520879622886,162868.18380575094,75816.41544551612,77328.87390478529,1863.4738760357723,590.1918604605889,386.81215336482273,1075.5278701010102,2.6135713786537773e-05,-0.2210443969453155,96,69,96.02282772826467
20905,978.7549544686332,162890.49625396336,75819.66660431043,77327.62538997439,1787.4852037705132,560.794944183508,371.0632295924879,1063.073136044637,-3.87127424585988e-05,-0.2104528941552193,96,69,96.0216669045862
20906,978.7718857098954,162864.56552359607,75844.6834110104,77292.01448745141,1715.5394081312697,533.0191687232582,354.3005153449776,1042.598532382748,3.633430933771254e-05,-0.209315445229474,96,69,96.02050283868942
20907,978.774271660326,162926.21123547107,75812.70919876953,77321.60934130526,1646.5134814503253,507.6445646154025,336.27278683838085,1022.9251851417939,-1.992206073957637e-05,-0.2071518714097966,96,69,96.01933559062878
20908,978.7920712364852,162965.115345561,75815.50546014993,77311.9702979105,1585.2993645750685,487.1069716893835,318.41706696298206,995.5105516490294,-4.181916037540127e-06,-0.1957602572034996,96,69,96.0181652207181
20909,978.7948759546524,162958.78791679692,75816.21387465393,77307.0494702759,1529.0884807278053,470.327292711052,301.380510958028,971.2929118954053,2.6665827602661247e-05,-0.2080516834341587,96,69,96.01699178952698
20910,978.8117718768784,162999.71820376636,75843.68490478168,77338.21227783448,1480.9219115593005,457.57228204417333,287.12692061116104,942.8718606997572,-3.88454851285145e-05,-0.2200122741267731,96,69,96.01581535787872
20911,978.8142297977586,163031.3722467461,75861.9323602618,77315.5713400327,1436.1979150259285,445.99840566684725,276.06811391277006,919.8611238191079,3.60184868700272e-05,-0.2121914829367171,96,69,96.01463598684742
20912,978.8320515476524,163044.9483399258,75827.58846331522,77325.21121614009,1396.5078417101176,435.10084810931585,269.1540389242873,893.3408044584794,-1.9279750658397403e-05,-0.2249417962488933,96,69,96.01345373775564
20913,978.8347905820945,163035.84972413263,75818.34536654691,77323.38479622123,1356.0831892756396,422.30862118421646,265.20141383612645,871.3911463819386,-4.9025516828525125e-06,-0.2293760476347957,96,69,96.0122686721714
20914,978.8516610438626,163068.70365736552,75819.72771948556,77296.89968972675,1316.5472944973153,408.5089359812555,263.61618486387306,844.1939900564903,2.7186422544997747e-05,-0.2279630326971189,96,69,96.0110808519058
20915,978.8541951316358,163093.4990055421,75822.84970168518,77320.13221499523,1273.2239738246426,393.00103927326563,262.12190359728993,818.7163121007907,-3.896499546000624e-05,-0.2363879969456478,96,69,96.00989033901014
20916,978.8720276597844,163150.43384461696,75832.67280670792,77356.73553350632,1229.4644142787438,378.299181821174,259.76348519857856,786.1357666669937,3.5690830293591265e-05,-0.2295106881250431,96,69,96.00869719577322
20917,978.8746990889632,163177.32899285964,75830.59077447641,77351.45633019964,1182.163042502012,364.4155323373561,254.62648044532398,755.1069958462031,-1.863157581727564e-05,-0.2201756641041731,96,69,96.00750148471852
20918,978.8915539968176,163162.18214296497,75838.30076707393,77302.95980852442,1136.3259941285942,353.78589719753654,246.87526205478935,718.8197855054459,-5.62081912433247e-06,-0.2291908503080521,96,69,96.00630326860198
20919,978.894167305055,163233.08186660448,75833.4935342039,77330.21541992009,1089.9699510640348,345.5598340639699,236.11448456192738,686.193584702909,2.7697332461095684e-05,-0.2185211180559214,96,69,96.00510261040856
20920,978.911998318236,163270.08672367883,75835.66097896689,77309.33215475618,1048.2107742893277,340.7593024472444,223.9980708033836,651.0688151889481,-3.9071246210391775e-05,-0.2168181653912147,96,69,96.00389957335
20921,978.914602488908,163302.37057303777,75808.1689211617,77340.66548079568,1007.8423125311383,336.82790252041013,211.1287022776669,621.762862304342,3.535146196530082e-05,-0.2267782451236111,96,69,96.00269422086173
20922,978.9314512712411,163300.67902838936,75798.68603147117,77332.20278267442,972.4029034214909,333.55324324197136,199.58253844888532,591.1384441327245,-1.797776045669943e-05,-0.2126036972684212,96,69,96.00148661660026
20923,978.9341460047348,163339.93488496932,75819.46473667769,77316.09453414455,936.9509386083228,327.86720390993287,189.70838412974263,565.0049459674628,-6.336478032344681e-06,-0.2053961933278494,96,69,96.00027682444048
20924,978.9519621504548,163369.37552509416,75825.82410325586,77330.2132953082,903.4829058381729,319.8883808772516,182.75701148671214,535.4775569860067,2.819839422860744e-05,-0.2115135194006555,96,69,95.99906490847266
20925,978.95450220721,163397.56381576462,75836.75844415586,77317.49263717482,866.0938453301787,307.53493276718655,177.85752227788907,507.81557056849124,-3.916421445007139e-05,-0.2128931963173291,96,69,95.99785093299954
20926,978.971352939854,163419.86932413027,75791.3619926228,77304.77905111076,827.5103478950332,292.57223674865963,175.056796744233,475.05907193533494,3.500050813689211e-05,-0.2031113808594569,96,69,95.99663496253388
20927,978.9741312231696,163416.70492192134,75825.40889783227,77339.97738872224,783.8131335349753,274.5849691951589,172.47217094013467,442.8320792398299,-1.7318531154887705e-05,-0.2065337580033505,96,69,95.99541706179518
20928,978.9919173678452,163497.94825842703,75839.23159420629,77340.783455366,740.0529825025005,256.451400864069,169.50747053447412,406.3140750315215,-7.049289342222375e-06,-0.2030103954950041,96,69,95.99419729570742
20929,978.9944004797594,163530.81320524134,75823.53858206321,77312.91842635241,693.8431988995289,237.860889489486,164.09976581583032,371.93261105098645,2.8689448285064007e-05,-0.1993523177571601,96,69,95.99297572939544
20930,979.011258036826,163577.9899884126,75825.52762727287,77342.063614843,650.7122978672269,220.97003950629733,156.04604163818294,335.4416844533698,-3.9243881985136e-05,-0.2090975669792573,96,69,95.9917524281825
20931,979.0141240369728,163592.00957279376,75840.8649555812,77339.51852946814,606.6897346739424,203.86424587613146,143.97529850754654,301.4552151541284,3.463809887903129e-05,-0.2017632210139966,96,69,95.9905274575875
20932,979.0318607295015,163630.48310186545,75799.7158469928,77331.83861844672,563.5455156874377,186.59478643079638,128.4074771947635,264.94210068520624,-1.6654115898173806e-05,-0.1824373352877892,96,69,95.9893008833217
20933,979.034301829084,163655.74746798546,75816.23150173765,77307.65874199326,512.5088023383287,165.34753713809187,108.62747338949703,228.77029301095172,-7.75901518973357e-06,-0.1835571614564447,96,69,95.98807277128653
20934,979.0511623517534,163698.13996354112,75852.99950187722,77338.6443117466,452.24362266779644,139.69473980586918,85.98085301640094,188.20761600509286,2.9170338879117012e-05,-0.213937604426494,96,69,95.98684318756956
20935,979.05412994953,163699.5310927983,75836.30632560565,77315.62799141175,374.39987718797056,107.30442529365246,60.87761410247185,146.56994827659219,-3.9310235393935885e-05,-0.2253531371899894,96,69,95.98561219844234
20936,979.0717822980434,163801.91852752105,75826.0393707263,77334.04095372395,283.00126863335026,71.44846574313124,36.23635278784786,102.62989816864138,3.4264367754453086e-05,-0.2165690644493675,96,69,95.98437987035754
20937,979.0742218590432,163818.3367974934,75830.76047498708,77319.57457700468,180.35520307760453,35.347195209003985,14.527161419478944,62.39098155335523,-1.5984744251737582e-05,-0.2239424157102204,96,69,95.9831462699456
20938,979.0910423882036,163866.69296765083,75845.22731521641,77332.97622625079,85.40573397866683,8.740541316699819,1.01461801896221,28.123117176699452,-8.465418881743315e-06,-0.2293298365434118,96,69,95.98191146401204
20939,979.0941919379104,163892.372843521,75844.50403899651,77345.21366513171,15.57030041818507,-0.0,-0.0,6.4463478867546655,2.9640913684122265e-05,-0.2235582443793133,96,69,95.9806755195341
20940,979.1115791344512,163894.95040836046,75861.68208915017,77353.08341283679,-0.0,20.380912886030274,17.05587822268717,-0.0,-3.936326511180998e-05,-0.2181434907796789,96,69,95.9794385036583
20941,979.1146999416768,163846.2344979071,75848.08894925976,77340.06889526489,57.416509157337714,74.73915164951177,54.574938304082025,12.293935693509411,3.3879452320771176e-05,-0.2109922391690151,96,69,95.978200483697
20942,979.1313673186093,163849.10023404215,75851.41754711846,77332.42414682776,207.03075851825997,165.80084882469964,113.80710139722214,43.13689821687876,-1.531064723492042e-05,-0.2084357418380599,96,69,95.97696152712574
20943,979.1340047017308,163808.43120930076,75828.75180303202,77324.4986779861,446.9464829060598,286.50389649102,191.01909053046256,91.20302511716727,-9.168265313713146e-06,-0.2058963296830859,96,69,95.97572170158
20944,979.151640974404,163726.80356228037,75846.80228097776,77371.62966483974,769.1896419422701,427.40303622331703,280.92320748977363,153.48009154287865,3.0101023914642004e-05,-0.2005368493056563,96,69,95.97448107485216
20945,979.1545632516564,163650.25686987807,75838.01710999482,77349.78743327678,1143.592968109413,572.0620313651889,374.41046938989894,225.15538686086074,-3.940296672101078e-05,-0.12891106809798,96,69,95.97323971488866
20946,979.1712940835002,163581.826159558,75839.27005344968,77330.93003578795,1540.317995066056,707.3681852665322,463.52343775704503,302.5886352781381,3.348349374480711e-05,0.091789218402341,96,69,95.97199768978705
20947,979.1739383440882,163510.7735022297,75847.9781672518,77310.08417525704,1918.601732166484,819.625429521082,539.7640444843855,380.26505401561735,-1.4632057008081978e-05,0.260031512414631,96,69,95.97075506779224
20948,979.1916415262762,163427.9400029419,75824.24708086392,77333.07387731933,2250.939243812172,903.5520922874421,598.601946382958,456.3596994278778,-9.867320340202056e-06,-0.1549263499180005,96,69,95.96951191729426
20949,979.1944554867176,163376.58079631158,75847.46760786633,77333.95023545818,2510.0515577457845,955.6218185967155,636.6633918887237,526.113644202298,3.055052468045873e-05,-0.5331684980889516,96,69,95.96826830682508
20950,979.211200325326,163305.24487218473,75814.43004968758,77322.3548963111,2689.873170352541,980.4685848586232,655.0516651947983,590.2159721164207,-3.942933988703631e-05,-0.2459816937702003,96,69,95.96702430505486
20951,979.2138965119666,163244.70207848752,75806.67089802171,77316.09459735118,2787.165387001529,981.9301867342583,655.4163514599204,645.2266585674079,3.3076636673827855e-05,-0.1901739433420827,96,69,95.96577998078985
20952,979.2316235546876,163179.5690114992,75801.86812517817,77322.69016632777,2817.0964859648375,968.276629884218,642.4476595389424,694.1705862675444,-1.3949207426636383e-05,-0.2343559098983036,96,69,95.96453540296856
20953,979.2343530577097,163179.1305149036,75830.77841619196,77308.40907660701,2791.1330221989774,943.5191471920261,619.7260176728014,734.0236391523213,-1.0562351894894136e-05,-0.1896784175014187,96,69,95.96329064065874
20954,979.251101738127,163132.04193870173,75832.82634897866,77335.32877732758,2732.0288298614905,914.1966662274644,592.4940422078944,769.4292156164593,3.098927470701985e-05,-0.2294873810771834,96,69,95.96204576305485
20955,979.2538690805612,163077.50965773928,75816.2685601385,77335.64295918652,2652.2022811163915,882.1095503994729,563.8874638282578,797.6674611488124,-3.944238891492763e-05,-0.2185227838363145,96,69,95.960800839474
20956,979.271592253432,163096.74550158702,75813.26088799443,77348.44928905745,2570.1257945607067,851.8788742348697,537.9089730652922,824.1852900483063,3.2659029285264006e-05,-0.1954827585938426,96,69,95.9595559393538
20957,979.2742529279856,163041.8621420828,75809.09010233058,77348.92151102592,2490.8974943375797,823.9399706820986,515.922079340904,845.0727138938673,-1.326233335193557e-05,-0.2079384689078972,96,69,95.95831113224877
20958,979.2910012578936,163060.60165325587,75815.97387347522,77310.71027013726,2425.321966252988,801.9892642843042,499.85430421997444,865.7620528437837,-1.1253129111044984e-05,-0.1983482316393349,96,69,95.9570664878268
20959,979.2938545459104,163002.72096300736,75828.49048649313,77325.81124331705,2371.5745339528075,785.3275762999692,488.8982311053842,881.3941552545875,3.141713642783977e-05,-0.2041322174929047,96,69,95.9558220758667
20960,979.3115461648528,163038.18063945053,75808.27870979367,77339.317115502,2334.3045720405644,775.6428227660799,482.8364870371297,897.1529355809325,-3.944212298752244e-05,-0.201094139282585,96,69,95.95457796625492
20961,979.3141581152224,162999.1606926448,75837.58983349685,77346.79774413696,2306.4800608924706,769.5914181115659,479.15327117574634,906.8386124919052,3.223082346776956e-05,-0.1806180016006276,96,69,95.95333422898209
20962,979.3308957443631,162980.5771878439,75813.99755289387,77311.77515649145,2289.142189572158,766.486211631709,476.69688999294885,916.3094711514132,-1.2571670458418891e-05,-0.1784466644806491,96,69,95.95209093413987
20963,979.3338581097728,162984.91803152687,75814.61497250506,77317.00086051924,2273.1152851867955,761.7351708937931,472.9773427066102,919.9157303238462,-1.1939422983037145e-05,-0.1675498134305602,96,69,95.95084815191812
20964,979.3514751194618,162996.85280678098,75822.52463516661,77349.79791305528,2258.3977797366097,754.8472425775399,467.6491707729292,924.658920242975,3.18339763421244e-05,-0.1576446131886363,96,69,95.94960595260147
20965,979.3540845993376,163009.9132297866,75798.95933160768,77354.97233572758,2236.3746601492167,743.0777047056617,459.7383270873106,924.7498984475096,-3.942855483141419e-05,-0.1527083328560682,96,69,95.9483644065662
20966,979.3707610064836,162996.49786303448,75775.47112512629,77329.07422379308,2209.8097872320213,728.966127017804,450.7656665316317,928.0976022167306,3.1792174146720024e-05,-0.1503935569421001,96,69,95.94712358427684
20967,979.3739238374964,163010.69521763275,75801.11941546612,77325.55373809015,2174.4376618834794,712.9430083553016,441.500184121076,928.8053436477203,-1.1877456181371176e-05,-0.1283882903678836,96,69,95.94588355628323
20968,979.391278221357,162983.8441357734,75818.74016376109,77327.92935260806,2137.331789939548,699.4688991117728,434.35200304104364,934.1387069761113,-1.2621006139573055e-05,-0.1111601718868251,96,69,95.94464439321771
20969,979.3944553718248,162991.6995575045,75828.19867981161,77325.7904051325,2098.0091551887454,689.3675032772444,429.9568158206821,936.7802021316893,3.22396643591997e-05,-0.0966654876804717,96,69,95.94340616579088
20970,979.411198115508,162986.79755195577,75811.56273853485,77357.8200028685,2065.9309032603633,685.882496499893,429.4962873062468,943.7152075292543,-3.940170291005077e-05,-0.079193333128536,96,69,95.94216894478912
20971,979.4137226009512,162979.74551593966,75837.4604115905,77332.63897709998,2041.0796665096423,687.6007799885992,431.7929669051955,947.1555780046328,3.1343240045336325e-05,-0.0779852201133744,96,69,95.9409328010712
20972,979.43134100622,162994.9440525846,75804.52499480866,77316.03014671961,2031.5220180972829,695.2129710152076,436.25261912556016,954.9165655629768,-1.1179928110077304e-05,-0.0772478872555175,96,69,95.93969780556525
20973,979.4343312754504,162983.44286157622,75828.95950564722,77361.3043486064,2033.6689583132975,705.048114755511,440.6484567387088,958.5074883922935,-1.3297653232031057e-05,-0.0716074894536572,96,69,95.93846402926503
20974,979.4511183917156,163026.7479713265,75802.36050055145,77310.82666615576,2051.069845870312,716.5046771337074,444.42437083486584,965.9253706727468,3.26340747340644e-05,-0.0802933007521531,96,69,95.93723154322744
20975,979.45364936178,162944.01376548383,75811.97166548092,77361.6037786091,2075.6066895505646,725.9511045174295,446.4827746580995,968.971334680653,-3.9361589078628025e-05,-0.124859813885889,96,69,95.93600041856838
20976,979.47134362452,162950.46921221595,75819.74717388589,77325.00761041042,2106.548435553559,733.6089312967524,447.7216385473148,976.2450722244394,3.0884183089865e-05,-0.1632728783298328,96,69,95.9347707264602
20977,979.4742347118512,162991.6738425077,75820.96531821167,77332.57236586369,2132.337599665101,737.0157990196167,448.1466111895279,978.6880637375289,-1.047932551750644e-05,-0.1848807600431016,96,69,95.93354253812836
20978,979.4910177188168,162991.27051715666,75817.5416766316,77328.2766832735,2150.991526920756,737.4932274332677,448.8143036241818,984.8271026738512,-1.3969140425082776e-05,-0.2140735020710521,96,69,95.93231592484776
20979,979.4936004234004,162978.86948867078,75789.04587857303,77323.9848078899,2152.54580820672,733.5210870888404,449.01770600047894,985.7771978710371,3.301708564486075e-05,-0.2247263808325043,96,69,95.93109095794006
20980,979.5113299077296,162974.08076684916,75844.31264179823,77341.13206328117,2138.567790167115,726.747683572059,448.4509141301387,990.1177909087273,-3.93082403043328e-05,-0.2257172548127174,96,69,95.92986770876986
20981,979.5141419358948,162992.49988881708,75822.13032378137,77365.16429031431,2103.665328516101,715.6060743373237,445.23723674358916,987.7335810126096,3.0415168024007677e-05,-0.2321933863576201,96,69,95.92864624874188
20982,979.5309115650094,162971.57007478058,75809.63943775,77368.09269772998,2054.408386990719,701.5646424101578,438.69574874834507,987.0233367342735,-9.775887741309824e-06,-0.2259844739331441,96,69,95.92742664929747
20983,979.5335662483544,162996.46837094147,75834.40368002444,77326.60618838841,1989.9898990683723,683.168329005246,427.8096223937755,978.596970607352,-1.4635246181052348e-05,-0.2232616291841341,96,69,95.9262089819114
20984,979.5513045557972,163007.9036032862,75814.25235047302,77343.29074170643,1919.6589791640872,661.992145848475,413.5046554679284,971.7001580884971,3.338857872300721e-05,-0.2474725750671024,96,69,95.9249933180884
20985,979.5540500387116,163005.20377527535,75828.97672854505,77327.09305884347,1843.1414432863821,636.9289605798549,396.56372364397976,956.9264081960137,-3.92416877517994e-05,-0.2554612178586932,96,69,95.9237797293604
20986,979.5708027477584,163062.29273156665,75823.08348511894,77347.44093092108,1768.7846347569139,610.1017043366883,379.0049223668466,944.2088258421281,2.9936363609083783e-05,-0.229338406781633,96,69,95.92256828728272
20987,979.5735457159976,163085.794145734,75812.90986915208,77332.61659460925,1694.7187816634541,581.2694242420839,361.669549270242,925.0399874360883,-9.069855397600494e-06,-0.2203958404535569,96,69,95.92135906343074
20988,979.5912658123304,163104.66756389805,75825.40625389473,77353.0059315204,1626.8622717756662,553.0892509190307,345.440697000653,909.2465785011882,-1.5295751045581495e-05,-0.2082320862776348,96,69,95.92015212939718
20989,979.593961933598,163067.86735720883,75783.9490252388,77339.81202927862,1560.8201731020818,525.5646269231947,329.6063832011714,887.1664188376162,3.3748440344337846e-05,-0.2039799535577188,96,69,95.91894755678815
20990,979.6106883447752,163138.83299429226,75821.52485254791,77357.4159682545,1500.7139168595895,501.0809743719001,313.7533568275685,868.3457992836193,-3.9161967042147945e-05,-0.2034575430997654,96,69,95.91774541722062
20991,979.6135439651124,163138.54181062168,75841.8488715112,77344.23640912722,1441.4417235645815,479.08125778930844,296.9188265534758,843.8084837982897,2.944794110758408e-05,-0.1910074438777852,96,69,95.91654578231828
20992,979.6312038295486,163208.12828172493,75846.42608787378,77321.41833962008,1386.691698272014,460.78272504340566,279.3838958803972,823.2126911209198,-8.361469543040366e-06,-0.198671124712151,96,69,95.91534872370876
20993,979.6338924159726,163221.1394680706,75813.6633769398,77344.4670822245,1331.3797453967854,444.48358646873385,261.65435506787617,797.232474805729,-1.5950437270582703e-05,-0.2017279471861131,96,69,95.91415431302036
20994,979.650546552028,163237.63688080493,75833.92993080456,77325.17159313096,1279.7237886976218,430.49385843575874,245.3996544710535,775.6507391562045,3.409656030689478e-05,-0.2065179420378969,96,69,95.91296262187836
20995,979.6536000775428,163274.4200127335,75838.76475109294,77337.63897543872,1227.5878942555864,416.96843906733557,231.95952750911238,749.6996791119163,-3.9069118285058765e-05,-0.1974305629714667,96,69,95.91177372190228
20996,979.6710329448728,163284.62915851126,75786.51738288508,77358.95392861089,1179.4753451488214,404.3791295169067,222.7019558583852,728.2673348396202,2.895007521474025e-05,-0.1922328781008129,96,69,95.91058768470197
20997,979.6741455826366,163311.33353598695,75805.5233492252,77326.30470602028,1131.4942412049859,391.58288839645684,217.8468552318227,701.7711618304311,-7.65097165599864e-06,-0.189262927961368,96,69,95.9094045818748
20998,979.691080075792,163359.91401097426,75823.04037763555,77346.34260052565,1088.3526296713972,379.7010703785345,217.01416194601916,678.7446326464997,-1.6599089728137282e-05,-0.1784896241830939,96,69,95.90822448500197
20999,979.6934071414264,163397.5544623676,75859.16821769915,77359.90516582341,1046.3596917330287,368.1524374735891,218.7539862243284,649.8162468962546,3.443283305321483e-05,-0.1842248577964488,96,69,95.90704746564566
21000,979.711083011293,163415.4430677619,75836.98528910299,77337.1515690921,1010.2563180535217,358.0803697214578,221.32112995686475,624.3090117825195,-3.896318589707956e-05,-0.1781486562717205,96,69,95.90587359534511
21001,979.71404133415,163409.25297825522,75827.43574216551,77343.57145442371,975.6262611337006,348.6124265042163,222.74017684045248,592.9979143589153,2.8442943257960106e-05,-0.1646359954071168,96,69,95.90470294561406
21002,979.7309918390446,163483.14943811632,75830.9962649754,77340.19186421685,945.9202508206945,340.2447889907926,221.50066438686918,565.2587269720098,-6.938603823452624e-06,-0.164726711001401,96,69,95.9035355879368
21003,979.7333285599498,163516.20270595234,75829.53893059572,77347.8940460578,915.587056850607,331.74119011910807,216.7821200696053,533.054848733329,-1.7241495136549935e-05,-0.1672157228894352,96,69,95.90237159376515
21004,979.7510849978636,163570.94792514818,75882.00130434753,77384.26035461832,886.829495529295,323.2184660622879,208.59824507759186,506.1381312345329,3.4757156575442213e-05,-0.1608084462085147,96,69,95.90121103451504
21005,979.7539563352516,163563.5175332188,75834.24190710785,77340.80601687606,853.21880958986,313.45239508386294,197.82277780474396,475.8290021607245,-3.884421864829199e-05,-0.1576744042722926,96,69,95.90005398156325
21006,979.7708875472,163590.5912115165,75843.00285615664,77366.68323589684,817.1283495296375,302.69432425964624,185.60334587673424,450.61609027630766,2.792672609798112e-05,-0.1481117962746655,96,69,95.89890050624432
21007,979.7732692679792,163642.6986239082,75809.08447746387,77363.3827219256,774.0552010037936,290.36598857284116,173.33237772551365,421.83088195393793,-6.224608480700097e-06,-0.1428434395491273,96,69,95.8977506798468
21008,979.7910769720144,163664.72491968097,75836.3713519969,77334.08526365047,728.8714680711855,277.24935188643576,161.8024830490176,397.3882774383528,-1.7877443161720413e-05,-0.1572851450052808,96,69,95.89660457361052
21009,979.7938700701048,163715.5746561919,75846.6570092201,77333.87696395225,679.3595898016356,263.3582068796386,151.72308777694707,368.1168556071352,3.506943338866614e-05,-0.157792616382963,96,69,95.89546225872247
21010,979.8107807216612,163703.37578810088,75842.98908516322,77302.84157088687,631.696685130999,249.5422148291109,142.91221028543077,341.5761457644985,-3.871226991697222e-05,-0.147745142222967,96,69,95.89432380631445
21011,979.8132209810776,163736.2139641999,75841.66720897018,77339.6128039619,583.9197874935344,235.61068737010646,135.2864790376043,309.98440587651567,2.740160668371088e-05,-0.1562196833234646,96,69,95.893189287459
21012,979.8310632641072,163792.62527102444,75822.64212888194,77358.54856678046,540.4880412736675,221.3623819026543,127.84177123580594,281.3148298289743,-5.509228486967573e-06,-0.1488529229634884,96,69,95.89205877316653
21013,979.8337790515294,163864.67344740726,75846.64850366603,77344.73244411891,496.34195567364804,205.30766427666822,119.91273459824151,247.90691772376886,-1.850672517478319e-05,-0.1285809066775669,96,69,95.89093233438172
21014,979.8506752745392,163848.09574174637,75850.91305592176,77342.83390591403,452.3600679662777,185.7355392381578,109.84122630875208,217.12704345749808,3.536956998037964e-05,-0.1245389994387972,96,69,95.8898100419806
21015,979.8531811228776,163917.1237630504,75828.18011555703,77351.38463752325,400.9426228350494,160.61769815305888,96.72309334771126,181.8856378851924,-3.856739712826704e-05,-0.1303520175170997,96,69,95.88869196676671
21016,979.8710444472712,163923.38377558612,75855.91865590002,77345.75479638843,341.8225473007187,128.96748732434935,79.23146111378446,148.99688742679427,2.686777175735556e-05,-0.1300662339337358,96,69,95.8875781794686
21017,979.87368254561,163970.97403589878,75851.7250280264,77376.0618215925,269.23953668697504,91.78142135872622,58.11527460254729,111.67633808267419,-4.792706791798183e-06,-0.1375926963894874,96,69,95.88646875073547
21018,979.8905732245354,164010.88543408946,75831.25057517363,77345.74096688615,188.80784104892518,52.84053657340701,34.789490105293225,77.58820182006457,-1.9129135467160265e-05,-0.1337459098952428,96,69,95.885363751135
21019,979.8931482725636,164002.61144999368,75831.95387124381,77371.40200356195,105.20728682779009,19.23295432968007,13.7535450750147,43.10699052113341,3.565747716270279e-05,-0.1190250671135091,96,69,95.8842632511492
21020,979.9110202142472,164099.6886862098,75860.42600708752,77345.76868109423,36.6865637912415,-0.0,-0.0,17.906479667668464,-3.840966208543837e-05,-0.1170751170895093,96,69,95.8831673211716
21021,979.9135806941242,164102.74720997014,75848.17554859417,77360.02334218565,-0.0,5.209581836883444,0.504489384504268,0.303529263503151,2.6325410124949545e-05,-0.1176698558703129,96,69,95.88207603150371
21022,979.9304759377673,164105.869887238,75827.81079596536,77369.66317214936,20.718226233380847,42.3916072127322,20.044429947040044,-0.0,-4.075286502202751e-06,-0.1042325881486953,96,69,95.88098945235195
21023,979.933121297275,164086.71603314095,75794.17202235633,77341.5246916982,114.72214818152133,115.49484469044546,62.424000470666215,14.981761669245316,-1.974447062613741e-05,-0.1062512493458988,96,69,95.87990765382412
21024,979.9509900293442,164031.38883168955,75837.40159175321,77352.16149105024,295.7017137766816,221.68074359121965,126.38051329518203,51.37750682013575,3.593306995884749e-05,-0.0663795606550542,96,69,95.87883070592648
21025,979.9534740391916,164003.41300800728,75797.05514383211,77341.56687195251,558.2350623853854,353.07989819052455,208.37761684937868,103.3037878741452,-3.823913106761649e-05,0.1297890096796208,96,69,95.87775867856
21026,979.9703844487726,163945.29606572172,75810.08299788432,77362.03759099216,889.5088788808789,496.0696660048998,299.9224894235376,172.15701251247083,2.577471343967718e-05,0.3555055789333585,96,69,95.87669164151758
21027,979.9730991110544,163844.41898331436,75814.38916488814,77310.8870584945,1258.9866408904782,636.3866944348556,392.5342375447508,249.32029435047298,-3.3572108120849685e-06,0.1233708797963017,96,69,95.87562966448044
21028,979.9909533457258,163784.2031850963,75814.91851122509,77350.87858172102,1635.7101180393947,759.6755232125142,476.13207043884904,333.263273817196,-2.0352529672746728e-05,-0.3882582962782967,96,69,95.874572817015
21029,979.9933633510924,163659.0016720472,75820.73814064119,77331.68067757222,1982.7756581081194,856.9791380292445,544.483374364645,414.9551928572473,3.619626764473859e-05,-0.2404479294968704,96,69,95.87352116856974
21030,980.0102995632026,163632.1410082613,75806.80151436818,77338.55598677836,2275.6357373336796,922.9903729495854,592.3834355688887,493.42857092418126,-3.80558744075296e-05,-0.053797589865329,96,69,95.8724747884713
21031,980.013080598742,163544.49318807645,75861.76462299444,77353.6015766222,2494.285721724562,959.2992174185347,619.9562783258152,562.5782350659138,2.52158760996206e-05,-0.1295338943364957,96,69,95.87143374592262
21032,980.030909699222,163486.72895541866,75797.08269193216,77347.90345988894,2636.115121615934,969.6383268228819,628.1477625443658,623.6162210613838,-2.6387231686722443e-06,-0.0742669538758731,96,69,95.87039810999802
21033,980.033249544287,163467.77323463245,75816.06977003448,77317.41521927276,2703.132291913498,961.6703412641073,621.9562307125889,673.4879101231927,-2.0953114940975595e-05,-0.0968548943068147,96,69,95.86936794964105
21034,980.0502218944722,163377.46535908038,75800.29747229257,77349.52507001355,2710.4825557613513,941.1578316116793,604.8693840919004,715.3898931352887,3.644699379911603e-05,-0.08870191408812,96,69,95.86834333366116
21035,980.0530645953804,163360.147600455,75829.28807366296,77322.65999793437,2671.2999354438507,914.8304885830003,582.3602363619138,748.5529226920917,-3.785996676924039e-05,-0.0857716096297715,96,69,95.86732433072976
21036,980.070858757703,163321.22435005035,75813.89902327933,77368.67163713904,2604.4391777490964,885.6738823674677,556.8024760995468,776.5373073281371,2.464909504333412e-05,-0.109754644580856,96,69,95.86631100937794
21037,980.0731336233656,163345.06786002236,75826.78025410131,77333.34527738925,2521.2087810983066,857.490306659718,531.9236114136002,799.0934747306746,-1.920066160036308e-06,-0.0832330213506387,96,69,95.86530343799276
21038,980.090151878786,163308.8745745217,75815.33214602151,77346.33584356071,2435.5524323699065,830.649353434681,508.185329525033,819.0747291280131,-2.154603099931342e-05,-0.0809146098217463,96,69,95.86430168481378
21039,980.093049887035,163246.00939777866,75802.95067383768,77323.07698867697,2352.9102523455513,807.3369954897353,487.97958426643163,835.8993767388165,3.668517582382635e-05,-0.0767080183040109,96,69,95.8633058179306
21040,980.1108003516492,163277.88396170846,75807.81512649833,77337.01712744046,2281.291446041665,786.8877014992177,471.0043211541197,850.8621019523125,-3.765148691447401e-05,-0.0607412325779266,96,69,95.86231590527896
21041,980.1130166391488,163268.2482887189,75807.90065851704,77324.12230309314,2220.77657780936,770.7702109951497,459.15204166827607,862.7275496236398,2.407456945587972e-05,-0.0616319366910424,96,69,95.86133201463772
21042,980.1300897849744,163247.2290990061,75801.17836435017,77329.98489726667,2174.4529151904862,757.1628563016129,451.14992346975487,871.8948374390311,-1.2014830639648111e-06,-0.0466595612457811,96,69,95.86035421362575
21043,980.1330352195694,163242.2124591156,75786.6432089618,77333.06904676354,2137.5438333192724,746.314587019122,447.48616705148015,877.4887500058394,-2.213108506213108e-05,-0.0402283980273543,96,69,95.85938256969912
21044,980.1507344963136,163215.3907701034,75818.37161030162,77324.592832369,2108.4167542554205,735.3172490710858,445.2803914975084,880.0003672341991,3.691074652323798e-05,-0.0309053079164479,96,69,95.85841715014712
21045,980.1528996465944,163237.83220471177,75818.31503304535,77327.34145931703,2078.996291690448,724.028290432936,443.78322168943123,879.8367038224242,-3.74305178708888e-05,-0.0229011661847243,96,69,95.85745802208966
21046,980.170035726908,163262.2316135946,75800.41882958492,77364.97592697013,2047.133091088559,709.840710879289,439.6838845591119,878.3064804618771,2.3492501430484436e-05,-0.0083641894745818,96,69,95.85650525247397
21047,980.1730193078754,163237.73483163037,75804.85670481826,77325.47188834789,2007.3899694985012,694.003266026164,433.1833109067229,876.9780303432781,-4.832163246370163e-07,0.0093531467900976,96,69,95.8555589080712
21048,980.1906614116724,163230.36982130914,75827.31954478455,77356.87568954371,1962.8169015031308,675.9728646139265,423.1129699998128,877.0237878988846,-2.270808748242304e-05,0.0280299950562551,96,69,95.85461905547396
21049,980.1927836590628,163252.83704416302,75801.06539496583,77341.38349954959,1914.4508073418401,659.1388565388479,412.2123915697157,879.8018761591229,3.712364182557102e-05,0.0384016738550169,96,69,95.85368576109228
21050,980.2099896846892,163245.94172952487,75797.74944080845,77364.43078624656,1871.1937891148846,644.2598637735937,401.2307757320814,885.1008140373451,-3.719714686044571e-05,0.0450014543465493,96,69,95.85275909115109
21051,980.2130008387768,163224.4050394415,75800.65585217233,77323.14470548597,1837.006157040596,635.0788794072287,393.77391767001245,893.1662954582716,2.2903094932892735e-05,0.0513415569243299,96,69,95.85183911168676
21052,980.2305815468376,163201.41689752776,75783.54686678851,77330.23426242583,1819.7534373561502,631.5979164816963,390.23048365532304,902.2803553664708,2.344916839645863e-07,0.0535273763475882,96,69,95.85092588854432
21053,980.232669592054,163207.62714105248,75827.84271114273,77356.1290343265,1818.8965586648555,635.830148561945,392.67031193882576,912.2383027953329,-2.32768515381533e-05,0.041077984099552,96,69,95.8500194873739
21054,980.2499515430924,163214.26792965602,75804.19475698672,77315.00999103079,1836.0118555555237,645.3454507651331,399.19474548162543,920.9975347181608,3.7323802659520495e-05,0.0169738441089457,96,69,95.8491199736282
21055,980.2529784570588,163158.91114650294,75830.14053930694,77345.21898336062,1863.889570718282,659.8921462278813,409.65484039415605,929.0794124800013,-3.695146514574816e-05,-0.018029753394837,96,69,95.84822741255884
21056,980.27049562073,163193.8495295668,75819.60278753667,77328.41221876256,1898.865278364392,675.4373414108122,420.6151706581877,935.0468250332633,2.2306556515082077e-05,-0.0543588780793767,96,69,95.84734186921324
21057,980.2725581828232,163194.0020832393,75836.91243031384,77340.10404118964,1931.1553000474232,690.9578294352104,431.1824619595427,940.4095694735006,9.513991781934096e-07,-0.0900556342028362,96,69,95.84646340843216
21058,980.2899211645662,163184.1772426928,75816.06157029774,77361.20160428438,1957.7464649986941,702.4593944355147,438.0031990309071,943.925271200802,-2.383719337556834e-05,-0.1119689832215998,96,69,95.84559209484632
21059,980.2929507124308,163158.08022103077,75807.77004292842,77353.39031992064,1971.5571535145864,709.8792302245565,441.08449479402043,947.3429800413141,3.751117443555195e-05,-0.1158038300139693,96,69,95.84472799287292
21060,980.3104047063048,163159.08486617575,75830.35462455431,77305.94789916076,1973.4127562808571,710.7884989837185,438.5887035851192,949.0899628244224,-3.669356809318508e-05,-0.1055548223718094,96,69,95.84387116671292
21061,980.3124498520144,163175.1785528685,75816.78253671476,77354.16270000406,1960.0626166500733,706.6532898727019,432.07219765125774,950.8028608558525,2.1703094671710452e-05,-0.0911565249602101,96,69,95.8430216803484
21062,980.3298985407914,163162.50479996434,75833.64107929631,77306.93912495235,1935.5819786196225,696.1374140999542,421.01403219858184,950.4183270840149,1.667264954461614e-06,-0.0844595501391242,96,69,95.84217959753876
21063,980.3329159096204,163154.20289073623,75831.68463733155,77341.92846487233,1898.291909564461,681.3565483731509,407.90187324400176,949.5298527884588,-2.4388932122982517e-05,-0.0878157709934482,96,69,95.84134498181828
21064,980.3503104336618,163187.56769708492,75797.13780793373,77363.54279100156,1852.6441556704813,661.2550908699486,392.7106244620227,945.8644480576913,3.768570635438977e-05,-0.0787151771069487,96,69,95.84051789649264
21065,980.3523444080314,163181.36429886657,75790.96464465775,77362.55561595685,1796.6528858127422,637.8390922811523,377.71179215831216,940.9804219771468,-3.6423554875578095e-05,-0.0876827750963946,96,69,95.83969840463642
21066,980.3698841570076,163172.94877039778,75799.94777353751,77336.89413973199,1734.73197194573,609.9507229924493,362.2226518006646,932.246932609647,2.109292034012334e-05,-0.0898290847430982,96,69,95.83888656908962
21067,980.3728716771956,163193.65225366593,75819.77473849697,77326.63609087862,1664.7421780023724,579.8541622040648,347.67321101092966,921.3107797230477,2.3818479245105173e-06,-0.0640272676351755,96,69,95.83808245245493
21068,980.39021556791,163216.56979591603,75817.23745127303,77345.97010910227,1591.495365403418,547.0652024252486,332.66667725425214,905.7640009114984,-2.4931890197251216e-05,-0.0739937649293806,96,69,95.83728611709472
21069,980.3922402326556,163207.84193254416,75838.2459188306,77344.34834217383,1513.672773156839,514.4238754265243,317.9340109847835,887.8392895101279,3.78473526924271e-05,-0.0693355765272923,96,69,95.83649762512812
21070,980.4098800925926,163257.5769710103,75857.8664783393,77355.40607213392,1437.4357706540031,481.8125589663832,301.7853806812782,865.6862368519651,-3.6141529029322064e-05,-0.0525413587646612,96,69,95.83571703842782
21071,980.4128134774822,163250.256760725,75804.15888584012,77343.59257016699,1361.9925542625133,452.08146665214736,285.18139250265085,842.3763056925964,2.047624624714028e-05,-0.0598249485077899,96,69,95.83494441861733
21072,980.4301261492352,163308.55666536174,75821.6547491697,77346.51628628862,1293.4472053958452,424.7960776460968,267.26128629612504,816.6145710790588,3.094908305195567e-06,-0.0669708599203876,96,69,95.83417982706814
21073,980.4321310705636,163331.5659896619,75815.95195210585,77345.42728364367,1229.9745892060455,401.9435261729086,249.84461619184003,791.5512157814228,-2.546589309053442e-05,-0.0742484236553778,96,69,95.83342332489664
21074,980.4498949594998,163361.43121583905,75823.05430000644,77342.5547985339,1176.106711696717,382.1459601282404,232.86315228880267,765.3732407371281,3.7996071424266885e-05,-0.0770049287450347,96,69,95.83267497296092
21075,980.4527266401038,163350.29945799484,75827.24415105328,77347.7827857492,1127.2037592891138,366.54384695789486,218.45788661763072,740.6424987385399,-3.5847597920840495e-05,-0.0733197598212545,96,69,95.83193483185856
21076,980.4700653970212,163377.575521917,75842.94558308052,77350.71331791197,1085.269759853487,353.2011804675567,206.37060342202312,714.9807529328391,1.9853287146635023e-05,-0.0613885762929342,96,69,95.83120296192304
21077,980.4719789352638,163411.48873013657,75865.66638519187,77328.06980779696,1043.9370555558125,342.6642281751265,197.78694097293192,690.4957941136381,3.8062067512408734e-06,-0.0658340412979237,96,69,95.83047942322148
21078,980.4900077321016,163469.97578208637,75823.28409596112,77338.31612607233,1005.2940395907499,332.703146591055,191.35170233779354,664.6166907055303,-2.599076911601116e-05,-0.062963060887414,96,69,95.82976427555104
21079,980.4923362603766,163483.2043839139,75826.62236330587,77341.20602472294,963.503266460204,323.8447442034667,187.30437181991874,639.6460079803655,3.813182581991181e-05,-0.0594649530499867,96,69,95.82905757843685
21080,980.5093129474584,163466.8838336727,75814.35998327214,77350.67717777744,922.3874352409039,314.169107501526,183.87412289500935,613.3020582021563,-3.5541872772724755e-05,-0.0566986347252048,96,69,95.8283593911284
21081,980.5120770409408,163515.99085795382,75822.82050231248,77342.55285218942,878.1502021171618,304.37989510886837,181.07900096458616,587.8300694723148,1.9224259878168617e-05,-0.0542495612739199,96,69,95.82766977259752
21082,980.5299077901128,163557.6993175354,75809.76641633407,77353.72763614659,836.0312325299601,293.1814203453978,177.53381149974302,561.1415974923584,4.515504809030856e-06,-0.0764052892681269,96,69,95.8269887815346
21083,980.5322567246736,163553.3379525822,75806.62084633863,77335.28139754306,792.4295239485218,281.7766147185175,173.61752408210305,535.4630482649372,-2.650635053819135e-05,-0.082759919243571,96,69,95.82631647634676
21084,980.5492119699844,163624.9026072005,75834.83691043404,77357.21830450349,752.7159115527174,269.31456810944655,168.33898418897297,508.5904967393144,3.825458266564483e-05,-0.0678145214345767,96,69,95.82565291515444
21085,980.5520780059134,163614.0873273551,75857.68775602922,77376.35807358024,712.592944640026,256.9977161450661,162.16642726174905,482.31698753891396,-3.522446867892096e-05,-0.0633522219537534,96,69,95.8249981557887
21086,980.5698438948,163648.628140067,75844.87217933552,77341.96354691709,676.4130667647696,244.05441249605792,154.37834999043844,454.3403109188366,1.858938293913488e-05,-0.0803853014291354,96,69,95.82435225578864
21087,980.5721510564896,163684.81741263226,75826.95206763211,77349.6798424283,638.4510428468348,231.5526106304169,145.58626804692904,426.2612773432047,5.2225648777280334e-06,-0.0901068780311462,96,69,95.82371527239818
21088,980.589133591001,163668.37242062946,75834.78427903296,77366.33668743902,602.9049160379218,218.8216525195894,135.4372773586947,395.87646083772415,-2.7012472316832667e-05,-0.0664981266776102,96,69,95.82308726256406
21089,980.59207030571,163760.6200365445,75865.23679882812,77347.14151142912,564.1651375952642,206.91348208423005,124.78332553434302,364.74112056184094,3.8364313756782986e-05,-0.0693437388207801,96,69,95.82246828293226
21090,980.6097794756056,163780.2388798389,75829.71476185965,77353.87058821875,527.0039246570668,195.26094581156212,113.66905173734995,331.01186294746003,-3.4895504491054973e-05,-0.0635334125081471,96,69,95.8218583898465
21091,980.6120393402776,163823.8612704356,75885.94930198233,77367.36750661577,485.9785395646468,184.28502694582858,102.8703220859752,296.1958956970775,1.7948876723421822e-05,-0.0562751176186704,96,69,95.82125763934354
21092,980.6290667870128,163833.81439509682,75851.47719418467,77359.48820395244,446.41759901848854,172.3066185113421,92.12155608923058,258.5868590954924,5.927150580996241e-06,-0.0603352478267842,96,69,95.82066608715276
21093,980.632059937185,163872.86218259187,75842.00033051342,77373.33467710034,401.9153356695315,158.07921810861444,81.32809158877353,219.6469301287434,-2.750897325504081e-05,-0.0480503227074945,96,69,95.8200837886919
21094,980.649709623806,163919.58432546808,75846.04126893771,77356.58299756075,355.8041258790181,138.97790835800697,69.49435842357343,178.46155111747794,3.846099516200693e-05,-0.0207037022200704,96,69,95.81951079906467
21095,980.6519261215938,163974.8867784397,75854.32166444494,77336.22892886128,299.3334226119332,113.9282735348097,55.948046291654464,137.33840582935954,-3.4555103210727945e-05,-0.0209533161969375,96,69,95.81894717305909
21096,980.6690091089596,163988.48642290017,75866.08879379694,77361.91588081815,236.55991558049573,82.7959465815511,40.28531636271509,96.90310486819362,1.7302963220117187e-05,-0.0314195159247725,96,69,95.81839296514325
21097,980.6720475549034,164046.0419995784,75870.85594492624,77330.77044039893,162.84525019605644,48.93735058486345,23.569814610207686,60.60256781775388,6.629025958322999e-06,-0.0360142123851378,96,69,95.81784822946398
21098,980.6896330503891,164086.58057806946,75861.67460077067,77337.44704630855,90.99590096977772,18.34224176502903,8.6285404949449,30.31930038909195,-2.7995695263831732e-05,-0.0458593998795297,96,69,95.81731301984362
21099,980.6918136190324,164079.25767398166,75882.37881570093,77364.4238167007,28.12502517690882,-0.0,-0.0,9.566903244762216,3.854460732818793e-05,-0.0491436252670382,96,69,95.81678738977767
21100,980.7089595489924,164101.81808336423,75843.75780692136,77353.92448664013,-0.0,3.5828037314204266,3.4732432793825865,-0.0,-3.420339111039436e-05,-0.037954759133178,96,69,95.81627139243216
21101,980.712032677072,164121.0563166173,75847.78545433129,77380.95121703488,21.62878242105944,37.454376887209946,24.208976127614733,3.7091195873508696,1.6651865930927864e-05,-0.0462683912573537,96,69,95.81576508064082
21102,980.7295494855392,164056.36464395115,75862.54407677468,77369.9004997322,118.17067631403916,106.04190820845542,65.86578682123218,21.003824243176496,7.327957207324993e-06,-0.0309005160585263,96,69,95.815268506903
21103,980.7317033877292,164080.4501583676,75826.48457300598,77356.03437398674,293.15780730044935,207.8688066737668,128.2435798754159,51.90406774598523,-2.847248374382277e-05,-0.0247043899499315,96,69,95.81478172338048
21104,980.748917405927,163958.83992389595,75849.54406511592,77345.33600946522,551.9701182335848,335.64210240347893,207.96277325227857,95.35581031316542,3.861513522445115e-05,-0.0270901396145488,96,69,95.81430478189608
21105,980.7520145011958,163953.94910620942,75861.49997834522,77320.81635914689,872.3513469507452,476.78168781286513,297.4243620792986,149.654113235767,-3.3840498422337936e-05,-0.0289261913389437,96,69,95.81383773392966
21106,980.7694591114226,163908.83383894392,75887.54191886923,77373.04820106589,1234.8752889038296,617.0091520192946,387.96351980243344,212.66710636916105,1.599581013592245e-05,0.0544923306757271,96,69,95.81338063061672
21107,980.771596701156,163847.49942009433,75865.80186309546,77377.19387142135,1599.5907443228061,742.2326070829295,469.932971175469,281.1920279272017,8.023710958081934e-06,0.2701205488273784,96,69,95.8129335227456
21108,980.7888819921586,163747.27127747523,75881.86301582101,77368.0909489094,1941.8829897421529,842.7626932897838,536.7850175944914,352.4095030548924,-2.893918774670898e-05,0.4173803207884603,96,69,95.81249646075506
21109,980.7919921549384,163672.19312516932,75867.93128787784,77377.17022653103,2227.8925699437386,912.9941188657394,583.8692562840879,422.30426820309367,3.867256811241227e-05,-0.0276488614971369,96,69,95.81206949473165
21110,980.8093623803755,163606.90721188064,75860.13808162045,77344.71580217865,2448.575495574798,953.4324813083367,611.2532686323975,488.42912187136244,-3.3466558978383106e-05,-0.3703519870744043,96,69,95.81165267440758
21111,980.8114946597368,163563.8465421,75834.83513541507,77367.86085453145,2590.593767337734,967.3024813023076,620.334373160993,547.6559065238689,1.533502232940372e-05,-0.0486977077824738,96,69,95.8112460491578
21112,980.8288525415428,163478.4485630914,75856.81589484705,77373.89093405794,2666.3270997375366,961.2526220888831,615.7194496195298,599.870957559906,8.716055530531177e-06,-0.0243100912527212,96,69,95.81084966799834
21113,980.8319648012808,163467.18347114438,75844.90988471032,77360.3680640024,2678.7994563792017,940.8583439482463,600.8426768404606,644.0418534622586,-2.939565975897106e-05,-0.0652046925451062,96,69,95.81046357958344
21114,980.8492599361966,163450.6824818939,75818.19360912766,77343.85123182365,2650.3875835959916,912.3775674556091,580.5476276875415,682.2174129945342,3.87168998877734e-05,-0.014221808889456,96,69,95.81008783220317
21115,980.851398221302,163416.8653980714,75831.75322807976,77384.4151282124,2587.991675699188,879.2491330821649,557.22264947652,714.3871922804392,-3.3081710508876984e-05,-0.0343106894834115,96,69,95.80972247378114
21116,980.8688281813425,163335.14083947064,75840.18559060928,77307.46009760888,2513.8864257582463,845.6384758881031,534.4935500739375,743.2833880705293,1.466973054343288e-05,-0.0104669313730652,96,69,95.80936755187264
21117,980.8719316952098,163340.3842339376,75871.78169837555,77342.24603092791,2430.959889629681,813.2350682354736,513.2841893381556,768.223088618106,9.404760357918098e-06,-0.0166498898980116,96,69,95.80902311366124
21118,980.889152567936,163311.1684224795,75858.76112429614,77359.54759993813,2356.1006668943446,785.2667144112493,495.9251502166444,791.209729906579,-2.984175603029368e-05,-0.0094811820948788,96,69,95.8086892059578
21119,980.8913082062674,163313.9765772775,75854.1752043645,77381.4273371831,2286.8753208755516,762.5218757427938,481.92946634910186,810.5794018898741,3.8748128770564974e-05,-0.0098994847883642,96,69,95.8083658751972
21120,980.9088079288122,163280.3603244404,75842.7053221003,77355.54249485288,2235.640686139115,747.0594482443557,472.35592317348346,828.1693070498586,-3.26860935696476e-05,-0.0163437914884857,96,69,95.80805316743638
21121,980.9118922210037,163269.20081729392,75847.84743211936,77364.24184344274,2194.362231547537,737.4168140466791,465.2252788290498,841.8414736072591,1.4000163854258347e-05,0.0050433217382399,96,69,95.8077511283524
21122,980.9290411737626,163268.87837347598,75816.13451062051,77351.46516806801,2169.696554574417,733.0000449267682,460.46448325694655,853.5419827662408,1.00895966766126e-05,0.0077039008033907,96,69,95.80745980323977
21123,980.9312252955626,163243.71854188514,75849.89266253886,77381.02257811268,2148.8721437871573,729.8949197242328,455.47527481860016,861.3246298681479,-3.02773362786573e-05,0.0045535533273435,96,69,95.80717923700824
21124,980.9487906981158,163257.95033064656,75822.6019047373,77339.98411334255,2135.8105479769292,726.4080366001581,450.49304928813945,868.0300574168505,3.876625754343524e-05,0.0158858029849221,96,69,95.80690947418124
21125,980.9518459208,163228.08759249668,75842.03799187385,77350.36818734223,2116.3002725603874,718.9494031734503,443.677712681063,872.0280443484953,-3.22798529957424e-05,0.006022086689852,96,69,95.806650558893
21126,980.9689267264264,163254.33489828563,75846.93546742637,77364.75510292852,2095.601289116603,707.9120936807449,436.49413380317856,876.660228727269,1.3326553002858757e-05,0.0042432434133671,96,69,95.80640253488632
21127,980.971150029238,163224.8163053626,75807.37370556066,77354.46845841169,2063.924127337872,692.8200477040518,428.2455205168517,880.4741941433749,1.077033698316531e-05,0.0308809704424422,96,69,95.8061654455114
21128,980.9887753107456,163257.24867321388,75827.20928611326,77340.51624643829,2032.664469563926,677.4002325051697,421.1737291040772,887.0855325661541,-3.070226403875265e-05,0.0272450890304407,96,69,95.8059393337225
21129,980.9917925197128,163218.1453660887,75833.79180255019,77364.0622985513,1996.723686679732,663.2694192477502,414.4308238000085,894.2608993279864,3.877129325540667e-05,0.0409745669069782,96,69,95.80572424207662
21130,981.0088102356796,163207.54054034952,75845.43057398916,77345.61617327723,1970.2487613602425,654.6888025164226,409.71549302714993,904.7889882517047,-3.186313651423099e-05,0.071638743359662,96,69,95.80552021273114
21131,981.0110828107862,163205.6694600047,75847.23500919408,77360.00852874429,1948.7222599388333,652.1005750505865,405.6687245880603,915.4619778361812,1.2649129313757368e-05,0.0735949268535635,96,69,95.80532728744188
21132,981.0287605042374,163212.8572433551,75829.66330261187,77365.48140115265,1944.2045076721697,657.4656426995934,403.9879813104926,928.5293942381104,1.1446755565245767e-05,0.0747480473852084,96,69,95.80514550756078
21133,981.0317319519096,163194.34661987954,75836.36759417098,77354.87204214865,1946.9762586421566,668.1962883448577,403.5166873728449,939.8311198946321,-3.111640645601823e-05,0.0810909531433276,96,69,95.80497491403425
21134,981.0486927032632,163172.45415554856,75834.39932883222,77337.80354469406,1963.3127960867132,683.5993143168162,406.314802466135,951.3612692764145,3.876324737009039e-05,0.0791032058032323,96,69,95.80481554740084
21135,981.0510239228352,163149.39350968332,75850.90541557388,77348.11148392536,1979.395950998005,699.3173624429037,411.20956125558587,959.2681500220497,-3.1436095768559365e-05,0.0689898459499019,96,69,95.8046674477894
21136,981.068744932606,163157.3664649458,75812.01253754547,77335.9214916029,1999.5787297426723,714.0399510592688,419.52191163712996,966.570690492721,1.196812569440654e-05,0.0521917369539127,96,69,95.80453065491696
21137,981.0716643944596,163175.92727939042,75841.45409889062,77344.73744651055,2009.7732799858786,723.6182526005723,428.4145956374123,969.9804321557749,1.211862829149283e-05,-0.0139730680985691,96,69,95.8044052080872
21138,981.0885750627884,163168.66105869264,75849.17243260024,77379.3097150336,2016.482775476994,727.9080436775403,437.4642724469886,973.2559948556009,-3.1519634749691604e-05,-0.0649729825983406,96,69,95.80429114618768
21139,981.090973564299,163154.70218663514,75833.80254526729,77352.72445313231,2009.7451799011324,724.5636964474106,442.7710676120478,973.5602623431187,3.874213605881472e-05,-0.0641371982551727,96,69,95.80418850768882
21140,981.1087271457408,163164.42222762253,75836.15083711954,77360.57546529842,1999.722880981979,715.4194296096975,444.0490269685106,974.7653794166108,-3.099888510807753e-05,-0.0794457650231888,96,69,95.8040973306416
21141,981.1115903238376,163164.60189385616,75853.35874208677,77353.29420710236,1977.6813634997816,699.6243246727245,438.6410993381287,973.108017550112,1.1283775709252568e-05,-0.0873640924780246,96,69,95.8040176526754
21142,981.1284580863148,163185.9419808269,75817.31109514127,77345.03006613288,1953.243752513139,680.013173254687,428.50937452711514,971.7592105146905,1.278573277395596e-05,-0.0815354233139732,96,69,95.80394951099665
21143,981.130931932794,163134.87246794472,75834.82830773185,77364.43227353715,1916.4529712140793,656.157201753871,413.52802217312274,966.6162977174972,-3.191182362076277e-05,-0.0861201872163557,96,69,95.80389294238678
21144,981.148705516732,163189.04348307676,75836.05814370171,77356.83869639169,1875.0183454888756,630.7432243462099,397.52683994494146,960.958419556584,3.870797949279864e-05,-0.0799074680621979,96,69,95.80384798320028
21145,981.1515106346784,163208.46762634724,75835.1840588522,77352.62700984936,1817.3728867094032,602.7853738061676,380.861654511682,950.5626107728167,-3.05516625903683e-05,-0.062723673674982,96,69,95.803814669363
21146,981.1683422060717,163213.26356430983,75857.97643506002,77346.96844088596,1752.0582758209202,574.6294704484608,366.59973444763455,939.202235273784,1.0596313732317775e-05,-0.0633325068032054,96,69,95.80379303637037
21147,981.1708994221062,163204.99961401185,75831.84919204959,77336.65231717842,1671.433432307851,545.3870047637465,353.4730608482496,923.3905345990788,1.3447848607351778e-05,-0.0636564281526857,96,69,95.80378311928568
21148,981.18867802141,163235.48818288368,75859.0340319133,77347.39331937386,1588.6858820299967,517.6534354476462,342.5509175193438,907.4435010932793,-3.2292851905237185e-05,-0.0481802937967427,96,69,95.8037849527382
21149,981.1914269529668,163264.52715276674,75826.1580760933,77355.39749534469,1499.7687255452038,490.5897546922788,330.88369348767446,887.5730554556358,3.8660802285425126e-05,-0.0495210816470254,96,69,95.80379857092164
21150,981.2082270640212,163288.62460972584,75848.80243835239,77352.06489376449,1419.839684974344,466.62972308789904,318.96497699810425,867.889334923093,-3.009458958968284e-05,-0.0499413874049688,96,69,95.80382400759233
21151,981.2108772094052,163332.3906596555,75832.96983905576,77369.10609120302,1344.81338461017,444.5642465349956,304.5306985261268,844.4143989987788,9.905975345633117e-06,-0.0422832224542488,96,69,95.80386129606734
21152,981.2286414531752,163338.0529575181,75814.72155337174,77348.37472259127,1286.4431611688342,426.1436366105918,289.42298480294994,820.9370030884165,1.4104757190042784e-05,-0.0514373434410403,96,69,95.80391046922338
21153,981.2313428051876,163338.69654535575,75824.81894516022,77373.74855904975,1235.229495580832,409.4033812083071,272.7922547305061,792.9721254377218,-3.2662602037595896e-05,-0.0523292512457278,96,69,95.80397155949449
21154,981.248109664259,163374.61188774914,75856.79694006538,77379.82451651986,1197.9530021788087,395.6078874933446,257.58529034807,764.7509761959664,3.8600634061784586e-05,-0.0486003524820028,96,69,95.80404459887096
21155,981.2508703860706,163422.61180393645,75864.90941265032,77341.37922689247,1162.3201757256174,382.6563054099097,243.44886173706618,732.9510516057198,-2.9627830091453974e-05,-0.0633206494955561,96,69,95.80412961889726
21156,981.2685846403264,163485.1500906824,75849.12089017128,77356.2297531224,1133.4652284302865,371.64151050389046,232.85685882141115,702.8497152161726,9.212996547501196e-06,-0.0792172433854954,96,69,95.80422665067104
21157,981.2704837079468,163500.7214692153,75831.88248096438,77360.14371981139,1098.9470485260827,360.2825377173722,224.28228832391324,671.3004100205726,1.4756241957843844e-05,-0.0880946558321023,96,69,95.80433572484088
21158,981.287987311565,163503.57668068667,75826.72213590067,77336.96265838925,1066.6046822633944,349.86610747798113,219.0914051841537,644.0216981054982,-3.302096066811159e-05,-0.0776631200334828,96,69,95.80445687160532
21159,981.2908940591548,163555.69972756642,75849.29682787947,77318.07554776271,1027.0888129782397,338.4304225684609,214.82863535662182,617.1582622871792,3.852750761411134e-05,-0.0803448420438976,96,69,95.80459012071096
21160,981.308456042578,163580.61736004605,75845.47874253323,77323.06725143135,990.0927013247274,327.55656751916104,212.23565808823332,594.8548897641303,-2.9151552003210196e-05,-0.0776302042502459,96,69,95.8047355014513
21161,981.3104059802046,163593.0065985577,75851.17836738021,77362.58934352442,948.0402215279173,315.8593071083742,208.89914981543552,571.8858808510995,8.517613965451023e-06,-0.080769510237954,96,69,95.80489304266496
21162,981.3279383721566,163597.99509469332,75853.03611125886,77358.46236702499,911.2989491301123,305.44640151674685,205.93340696257656,551.7739471924142,1.5402088205388898e-05,-0.0689264395319157,96,69,95.80506277273427
21163,981.3308828007896,163678.6246307265,75842.07374717094,77370.63107023666,871.4648541515926,295.12807611518656,201.27736130275298,528.9065433431533,-3.336781831303751e-05,-0.0670512126414452,96,69,95.80524471958412
21164,981.348340040077,163650.4924760445,75831.16773971135,77379.94954711573,836.5337588574039,286.5538424808765,196.07566410733853,506.76191845219,3.844146125455782e-05,-0.0719732328615474,96,69,95.80543891068028
21165,981.3503211142374,163687.43506796955,75844.00099270926,77336.43581359893,796.9295675277244,277.8786094872921,188.3869129664672,480.5560245513043,-2.866592555609981e-05,-0.0723693109460966,96,69,95.80564537302764
21166,981.367904045948,163731.52325306582,75849.24697029089,77325.63489978589,760.5169353979873,269.9519711325411,179.56866820866708,455.17526990760234,7.820065039312775e-06,-0.0654635797777506,96,69,95.80586413317008
21167,981.3708583352858,163740.02033307162,75866.21628181884,77319.75185050828,718.4451218030299,260.37381339925923,168.1590796711389,426.7245737061312,1.604208355848649e-05,-0.0675528217743113,96,69,95.80609521718756
21168,981.3882251447312,163804.14953538222,75870.46226726515,77357.74900892534,679.3288089957205,249.82697539190121,156.18263579477207,400.2419150364294,-3.370306944363135e-05,-0.0649200035473549,96,69,95.80633865069596
21169,981.3902376682894,163809.21464268683,75817.89729981076,77359.17870494224,636.3506222204305,236.6419857145229,143.23578513594111,371.7744254602003,3.834253708861616e-05,-0.0613363581270855,96,69,95.80659445884513
21170,981.4078780632266,163819.40192969723,75838.88884951826,77366.2998618534,599.5118833776214,222.58872152252297,132.11944793269504,345.94475081723067,-2.8171124474464886e-05,-0.0682221023761083,96,69,95.80686266631788
21171,981.4108238538532,163870.1041984486,75841.64447903313,77339.44038045296,561.7522227144218,207.0137415151985,122.47311699640704,317.6059116530523,7.120587689479999e-06,-0.0612809253012093,96,69,95.80714329732872
21172,981.4281094107266,163946.50727088907,75830.05786995018,77373.81139792703,530.3667784231948,191.89308532378345,115.9751023442077,289.9590485113149,1.667601804883805e-05,-0.0515741539312959,96,69,95.80743637562249
21173,981.430158506264,163899.65124874676,75850.09552089257,77365.99473011165,495.37897140259156,176.07426730745647,110.49983690812951,257.3975451455044,-3.4026612715132445e-05,-0.0566015670795969,96,69,95.80774192447312
21174,981.4478576279512,163969.67832177892,75861.7119018311,77310.88541695954,460.6380260751466,160.02805616501428,105.54881885219947,223.64245499388198,3.823078143187287e-05,-0.0546696652229693,96,69,95.8080599666827
21175,981.4507802592024,164001.73384829838,75846.19692817613,77346.95493241951,413.59030246175826,140.83141255368537,97.33717327425256,184.17091827996774,-2.7667324789807494e-05,-0.0542193526206999,96,69,95.80839052458003
21176,981.467992716084,164021.38642289862,75871.97127776318,77339.82005381703,357.28893994365353,117.74666183914815,84.90856116075884,144.36559681870858,6.419419805100843e-06,-0.0551590687902084,96,69,95.80873362001958
21177,981.4700850560316,164119.43854200415,75867.83967166886,77361.10251444178,283.05563594022533,88.8120757828001,66.19700949589605,102.21163937816164,1.7303683246641153e-05,-0.0427057795860521,96,69,95.8090892743802
21178,981.4878408381912,164159.43107489264,75851.37798130122,77360.06248263287,201.26978884160053,56.668329756124876,43.77903681524913,65.30007183007547,-3.433835045178156e-05,-0.0238873532298979,96,69,95.80945750856434
21179,981.4907278665096,164167.86624756223,75855.84836177596,77373.03027742986,113.70642592309741,25.09368928373442,20.474520752875833,32.57397261404549,3.810624540673253e-05,-0.0427725358631439,96,69,95.80983834299664
21180,981.5078755908596,164158.74679124568,75860.53479025321,77374.31726132458,42.18205495446455,3.1614892622310435,3.7099061500339303,11.356579640094424,-2.715470641986253e-05,-0.0723566397233091,96,69,95.81023179762305
21181,981.5100181078614,164224.47862235023,75855.76140386058,77364.027234479,-0.0,-0.0,-0.0,-0.0,5.716800122333174e-06,-0.0814525509757673,96,69,95.81063789190948
21182,981.5278261243842,164190.10648596188,75866.51013546808,77374.70088068576,15.439928678388242,26.096904981532134,17.373891027033096,4.570366037340136,1.7924873930841997e-05,-0.0917731742417644,96,69,95.81105664484168
21183,981.5306668472268,164182.74934083706,75865.58387105314,77340.84472645825,100.54546345915878,86.84140030766139,59.16544056482962,21.516505150473677,-3.463818965986698e-05,-0.089658605795452,96,69,95.8114880749226
21184,981.547758862096,164166.29109041975,75867.36919561289,77379.9033672421,272.4023390862858,183.63546487015265,126.40175108151743,54.817133963661036,3.796898366276714e-05,-0.078910291208356,96,69,95.81193220017344
21185,981.549958061794,164106.5925015867,75864.4640351985,77372.15729241823,524.4478632335085,309.8320687182422,213.49727665245882,99.51976478315191,-2.663345099290416e-05,-0.0772824898336328,96,69,95.8123890381308
21186,981.567812076684,164043.05110537057,75825.6862211668,77355.99002627874,849.439147172845,454.5632957371563,312.62675501895137,158.22344497640734,5.01296755071888e-06,-0.0716658509610226,96,69,95.81285860584708
21187,981.5705973907924,163997.24375194384,75845.82801577929,77387.31686553507,1216.7853600342642,602.3999891821877,412.1821330250241,224.47991885335068,1.8539386524209917e-05,-0.088168597617163,96,69,95.81334091988904
21188,981.587643501963,163915.58328343448,75850.75597375786,77338.95538579684,1600.7356916991412,739.2658080551191,502.58004838289344,299.6077860574296,-3.4926040963773244e-05,-0.1014386514979415,96,69,95.81383599633686
21189,981.589905026644,163833.82052321697,75848.73304274012,77330.00889367377,1963.3130475568469,853.0371652394824,575.2725610767375,376.7518113697879,3.781905560897709e-05,-0.0845714939623503,96,69,95.8143438507834
21190,981.607797388518,163771.54748306653,75825.71694632681,77372.65091326395,2282.08003029105,937.6118931421952,626.9159826273681,456.9370541461394,-2.6103743513365893e-05,0.0257448543043852,96,69,95.81486449833338
21191,981.6105197732502,163669.6160889124,75873.3832051897,77367.9160384079,2532.0919134398573,991.1563726488821,656.5636232507532,533.0541700810427,4.308160964535714e-06,0.2735173220868392,96,69,95.81539795360246
21192,981.6275305451388,163634.60067926638,75839.29198040196,77357.47731132343,2709.5253043328994,1017.0269370620517,667.582546536607,606.3092564542603,1.914702057255772e-05,0.349659149828501,96,69,95.81594423071678
21193,981.6298588680016,163547.86462360577,75826.94596727255,77338.33369574617,2810.3527367808274,1020.2779100007901,663.8016867944971,670.7678960854828,-3.520181944985352e-05,-0.1588832034577936,96,69,95.81650334331135
21194,981.6477808439072,163483.96599511275,75849.72460231555,77324.3047705736,2848.3453892237158,1007.4089783013624,650.6689852394047,728.9801491576654,3.765652490526792e-05,-0.3737705502247396,96,69,95.81707530453056
21195,981.6504343865972,163452.29088454816,75826.76504889775,77345.22139049224,2831.932914061006,983.673099449501,632.0330671362171,776.401785817492,-2.5565771431080335e-05,-0.060278212017784,96,69,95.81766012702629
21196,981.6674210353484,163420.7794115262,75825.48160414127,77349.64265277758,2781.1812349706306,953.8440212172281,611.9051453269203,817.2173105912516,3.6026192963483984e-06,-0.0843129290777029,96,69,95.81825782295772
21197,981.6698192365928,163351.9629200409,75830.60930320191,77340.74874585363,2706.4553580000065,921.2108292542252,592.3053558623942,848.9019095105177,1.974757740834005e-05,-0.0946119946072394,96,69,95.818868403991
21198,981.6877613237732,163382.684784825,75823.67693453132,77343.25596791293,2625.380955516186,888.9060622995748,575.2674977270653,876.9098177998676,-3.546544417720197e-05,-0.0623937297953327,96,69,95.81949188129768
21199,981.6903417477628,163308.6295702527,75806.36873872335,77357.20726285629,2543.762470958114,859.3514232537127,561.1697354500066,899.0217702362861,3.748145932132597e-05,-0.0753529769405382,96,69,95.82012826555484
21200,981.7073159867113,163317.1852512893,75824.47882396835,77353.59182541384,2473.418682545889,834.9052936774242,550.5910716219223,920.3168818236154,-2.501972499167641e-05,-0.0578141959689098,96,69,95.82077756694422
21201,981.7097855885946,163299.899779724,75825.05039764498,77333.853420138,2414.5684127216227,816.9464084107021,542.8053650821967,937.9112845908385,2.8965816152246317e-06,-0.059489090687931,96,69,95.82143979515185
21202,981.7277378212052,163311.44832476316,75823.893881992,77387.05753174078,2372.557475864829,805.8522007355641,537.3376289861044,955.4253318472183,2.0340861918416127e-05,-0.0497967698941518,96,69,95.82211495936691
21203,981.730242494986,163251.4435421676,75831.01865998631,77364.79484501497,2341.293920983211,800.4580197262549,532.7320093579474,968.348963214492,-3.571683846163505e-05,-0.0540115439899422,96,69,95.82280306828164
21204,981.7472163544692,163262.53441711274,75828.71371610096,77339.54351427994,2320.438362600049,798.4003996648826,528.0706919178192,979.4666931655665,3.729393036519437e-05,-0.0490131974407577,96,69,95.82350413009114
21205,981.7497572025188,163230.4949578882,75812.7000477207,77346.45365492547,2300.5308018765645,796.6390955106035,522.0495947724266,984.7979566590511,-2.446579676958443e-05,-0.0453349651623938,96,69,95.82421815249198
21206,981.7677094613734,163252.11915547802,75820.25381103253,77369.2279340021,2279.913621342159,792.2671173945273,514.2996395287337,988.227217780659,2.190287180625667e-06,-0.0599314127233974,96,69,95.82494514268248
21207,981.7701373747308,163255.3234897162,75770.2406421172,77333.41973906878,2251.0413678101613,783.5111526037508,504.5510300951137,987.2307576793246,2.092668076099678e-05,-0.0540879817333266,96,69,95.82568510736196
21208,981.7871230134016,163251.94024437258,75830.56748410914,77341.72662360185,2216.821727755014,769.9982766398607,493.57098847907037,987.2197763816512,-3.595592984820341e-05,-0.0374302494942291,96,69,95.82643805273028
21209,981.7897331940064,163281.65754466856,75837.23702909975,77363.90328323445,2176.1109947160003,753.1754511901672,482.19017503233044,986.6996681376477,3.709401444492388e-05,-0.0302705805750395,96,69,95.82720398448782
21210,981.8076755245075,163274.59510474,75830.09237213481,77339.91565913618,2137.032543444773,735.4378904471087,471.8009434402338,990.5230833413952,-2.390418186417147e-05,-0.0268493697168833,96,69,95.8279829078344
21211,981.8100272200476,163240.675137199,75839.62730657669,77374.7069346613,2101.40080395143,719.9342987601267,463.43829107651254,995.5133491177985,1.483974543900277e-06,-0.011494667597911,96,69,95.82877482746946
21212,981.827036744334,163249.97259980458,75846.84510871954,77330.37504161529,2077.083640610159,709.0771447351144,458.1883157196571,1004.7131898654334,2.1504843752451783e-05,-0.0037880893106906,96,69,95.82957974759188
21213,981.8297125277404,163205.9009957275,75850.10771979528,77348.85182527523,2063.283000427007,704.5979706473881,456.52899373701075,1013.7492723227188,-3.618265001992155e-05,0.0090583945179599,96,69,95.83039767189892
21214,981.847635472326,163244.36391613705,75833.8357670636,77340.71739800741,2063.3434935836704,706.4362218576571,458.701390022703,1024.8979071814683,3.688179138067776e-05,0.0254492127649726,96,69,95.83122860358662
21215,981.8499129193906,163231.27863392717,75825.28140635148,77380.29278847984,2072.2383170790854,713.7149523913104,464.251091143291,1033.9274524633947,-2.3335077959820263e-05,0.0281189467551932,96,69,95.83207254534952
21216,981.8669582311344,163183.2225537524,75837.05786094726,77339.7640596737,2090.3032568382914,724.1923690830299,472.35001665793243,1044.230251696892,7.778825567941289e-07,0.0280813601380498,96,69,95.83292949938
21217,981.869694023431,163195.65291285308,75825.44842094378,77336.68861747664,2111.2542022330454,735.8521489430859,481.58659552645986,1053.0149135927495,2.2075163377267327e-05,0.0358036440633744,96,69,95.83379946736824
21218,981.8875889810064,163215.14848081957,75882.44842337928,77357.96380155352,2134.80546570546,746.3197167678009,490.39109521877253,1064.187803475943,-3.639693532228222e-05,0.0339391067648553,96,69,95.8346824505022
21219,981.889795371962,163193.29604115858,75837.1013495511,77356.91349603208,2154.761474362167,754.2740449255361,497.141617535759,1074.5929494534794,3.665734594149597e-05,0.0184744639055246,96,69,95.83557844946723
21220,981.9068880740756,163188.17155399604,75836.19137749053,77326.40556445188,2171.126722062705,758.2563961575652,500.580994766613,1087.2382496288628,-2.275868461893143e-05,-0.0039232350073259,96,69,95.83648746444618
21221,981.9096763485048,163165.1699815874,75798.6867851964,77338.31902199965,2178.1386876232573,757.8301667158375,499.9144863843103,1097.7852707533748,7.224907689895384e-08,-0.0515186376045493,96,69,95.83740949511892
21222,981.9275359888932,163139.27606057108,75830.47626079335,77338.85640955502,2175.7758929759148,752.1879053226294,494.91794265893986,1107.8270546597196,2.2637455006672785e-05,-0.0832324755296625,96,69,95.8383445406628
21223,981.929675419382,163133.19139112058,75822.58772443287,77354.06698509655,2158.6100423996686,741.4761255908961,485.8604267674091,1112.4216513767315,-3.659872565138928e-05,-0.0940751968519152,96,69,95.8392925997516
21224,981.9468268333856,163143.14458466554,75827.82637217377,77373.07209398507,2127.6650057006627,725.4512692185526,473.3622778094141,1113.859560204408,3.642076588728759e-05,-0.1071866876971114,96,69,95.84025367055676
21225,981.949657979792,163152.18410458748,75853.97971696778,77362.3064758482,2079.5872715784935,704.979859143903,458.29917594519793,1108.688267808524,-2.2175204347638088e-05,-0.1242168494456212,96,69,95.84122775074636
21226,981.96747678061,163208.27617254428,75826.3932428858,77325.6384980226,2017.9654894284322,680.5762100645952,441.5991962412663,1100.381846268836,-6.326876310191363e-07,-0.1174659530064479,96,69,95.84221483748554
21227,981.9695537260154,163194.81576012186,75832.37766117498,77340.29979297957,1942.5787886010949,653.7636334130511,424.20880324649625,1086.337406988925,2.3191536891282502e-05,-0.1136796998496106,96,69,95.84321492743648
21228,981.9867751397848,163183.04992656718,75813.95851406378,77356.12776548312,1860.1076349359355,625.3948250875255,406.86593417890253,1070.5599949581956,-3.678796588382886e-05,-0.113564669603553,96,69,95.8442280167581
21229,981.9896370855326,163207.87492443967,75846.3403376257,77390.47777284887,1772.7294749284047,597.0600410974293,390.1343496699119,1050.5147023741738,3.617214377099128e-05,-0.1033720035986133,96,69,95.84525410110692
21230,982.0074121715312,163258.00457887922,75791.71341349024,77352.55393716655,1688.0701450306806,569.4439915656985,374.222484995611,1029.7332654841885,-2.1584841251950824e-05,-0.1181156103252921,96,69,95.84629317563636
21231,982.009430522,163252.92551651184,75797.79563642788,77327.87336004766,1607.9842579775723,543.7783177021192,359.16718154615955,1005.520059254719,-1.3366903493494094e-06,-0.1158905424991628,96,69,95.8473452349972
21232,982.0267339911622,163301.9761593933,75818.7352564684,77364.63809484808,1538.454633643676,520.1880174432445,344.8209449246642,981.825748927542,2.373723030214309e-05,-0.0953063985346786,96,69,95.84841027333744
21233,982.0296111604672,163315.72631784892,75815.51560193942,77304.7541528643,1478.307442113466,499.23975698561117,331.1894865965587,956.4464508329693,-3.6964604759205286e-05,-0.0987106543006661,96,69,95.8494882843033
21234,982.0473440311328,163346.76962363845,75806.23330609553,77318.45707670203,1429.400934791076,480.39599481363257,318.3976620460453,933.2758650611795,3.591157561479933e-05,-0.1001243232560185,96,69,95.85057926103818
21235,982.04930485857,163370.07752362592,75826.98290445007,77335.74996600667,1386.5886591087328,463.6588018613111,306.8001913087501,909.8313086533162,-2.0987801742112025e-05,-0.096077275099752,96,69,95.85168319618386
21236,982.0667057679732,163403.2607668449,75832.13241830232,77300.9071353471,1349.0128413512139,448.1597798974544,296.69241696500103,889.5498815165774,-2.0395222020535697e-06,-0.1052314964940712,96,69,95.85280008188032
21237,982.069575572886,163413.39351345453,75835.27972167384,77375.38240844011,1310.4704733311664,433.8789523061132,288.2560410783917,869.0233286069706,2.427435950217967e-05,-0.13911393751927,96,69,95.85392990976588
21238,982.087277539305,163422.3285202616,75828.0580447602,77321.78124514305,1270.793065019243,420.17929751443444,281.330592321523,850.3237280274334,-3.712859557030083e-05,-0.1540927036520019,96,69,95.85507267097746
21239,982.0891709049522,163460.28723372475,75806.7875159473,77354.31432753055,1226.1256241875817,407.2545521832508,275.47356174656306,829.1546674218844,3.563916192722318e-05,-0.1634969267009919,96,69,95.85622835615187
21240,982.106700793832,163478.0067168675,75846.84504556684,77341.26088470474,1179.7203943222994,394.5473972436157,269.9685956907924,807.5491869768884,-2.0384294230517005e-05,-0.1642623857941703,96,69,95.85739695542443
21241,982.1095099538162,163505.80687845385,75857.01348988862,77345.22733846774,1130.8143085713964,382.1855820411147,264.02533737625345,781.6716427495412,-2.740946808070855e-06,-0.1477773261524096,96,69,95.85857845843066
21242,982.1272615653944,163516.51370169572,75813.36691923671,77345.12318648805,1084.550042919349,369.59262356544787,256.9897951182502,754.2868637389911,2.480275163305493e-05,-0.1446236719172973,96,69,95.85977285430606
21243,982.1298174218924,163589.07908381327,75861.8647832321,77327.48459106049,1040.4859409172786,356.9763318187761,248.54251846836996,722.8742868298432,-3.727989578232264e-05,-0.1450048973463108,96,69,95.86098013168684
21244,982.1466508522634,163585.53362142513,75861.80582649933,77360.09232912939,1002.4891509747831,344.12826204094745,238.90222281293245,691.3408201359271,3.535500665997814e-05,-0.1349207742222121,96,69,95.86220027871003
21245,982.1494623451327,163628.9106464832,75833.58765760856,77362.0777049023,967.8741797782131,331.70518946967786,228.69042276465916,658.1740642088989,-1.9774529491708444e-05,-0.1331592062833883,96,69,95.86343328301388
21246,982.1672438945578,163673.83908652657,75839.79744933452,77302.45796035633,937.9918662890559,319.92324486577127,218.85335447828402,627.3340548712586,-3.440729049874241e-06,-0.1313271135463417,96,69,95.86467913173884
21247,982.16968763685,163728.18158786886,75841.84033610167,77345.7203676935,908.0075394425658,309.4681128156226,210.1129869313445,596.5730026952806,2.5322237409671477e-05,-0.119775328560046,96,69,95.86593781152762
21248,982.1865839324802,163701.9949696475,75824.69455062263,77367.1028573066,878.4915016712039,300.1464128599473,202.87817162901047,568.9549708419363,-3.741846739754614e-05,-0.1225850392681942,96,69,95.8672093085255
21249,982.1894309373848,163733.73683487484,75830.47921745488,77362.19178076215,844.8646348093753,291.82145284619764,196.79887346655596,541.3476436738856,3.505921786455239e-05,-0.1262401412755741,96,69,95.86849360838156
21250,982.2072103579156,163795.29003247546,75868.71681631461,77379.48087080143,808.7750654104166,283.5472750839108,191.24479837127728,515.7481973641843,-1.9158719594625866e-05,-0.1126972490303205,96,69,95.86979069624876
21251,982.2095615459324,163821.49312871756,75849.42624030271,77370.57703213698,767.1735869105905,274.7371610369155,185.24733983699116,488.22722133784555,-4.138633808270287e-06,-0.1212142171308344,96,69,95.87110055678406
21252,982.2265193933612,163834.50632678537,75831.22499428251,77354.04138503081,724.0841693214606,264.64954160169873,178.37643793819007,460.6999525074207,2.5832650178277515e-05,-0.1174820190575544,96,69,95.87242317415048
21253,982.2294055932604,163876.24911146096,75857.49768542833,77321.3386856939,678.695299117302,253.35713052478968,170.41339143854566,429.6202836871089,-3.75442763930045e-05,-0.1106202890606657,96,69,95.87375853201613
21254,982.247166273324,163903.78564568204,75852.50692742596,77351.18733701122,636.4227863106062,241.024201953609,161.88158329683938,397.2212034925469,3.475190735243348e-05,-0.1169621062076304,96,69,95.87510661355566
21255,982.2494362612888,163932.25219523575,75853.308528466,77376.61203930367,596.0081622655271,228.15948164374277,153.0283148457529,360.4493253452529,-1.8537078906757324e-05,-0.1263630701463304,96,69,95.87646740145104
21256,982.2664605295042,163982.14955906165,75847.8007774228,77347.69758477868,560.8792484942242,214.6479616653669,144.1711117507657,322.4508136838267,-4.834427537196375e-06,-0.1204867758661355,96,69,95.87784087789196
21257,982.269382814552,164021.9925387428,75843.91508063654,77349.70058810065,525.8781581944786,199.80135509648244,134.52991531440057,281.07960151767475,2.633382712015244e-05,-0.1165157029760489,96,69,95.87922702457656
21258,982.2871133567688,164090.12101626626,75847.73937009578,77338.14129434872,489.83176025474677,182.02715893863933,123.12414573584101,239.8324246193224,-3.765729351140003e-05,-0.125943045641061,96,69,95.8806258227123
21259,982.2893113327284,164095.74331557157,75860.82320317005,77385.06031903252,443.6753746479517,159.48350555483194,108.12550868472317,196.67859406676143,3.443319066640347e-05,-0.1186955770385783,96,69,95.88203725301656
21260,982.3064088251696,164166.20003245893,75883.14725146536,77386.62835234108,385.5503716223757,130.85850287515495,88.69706160810892,155.4098126325407,-1.7909823250232027e-05,-0.1222579399112774,96,69,95.88346129571784
21261,982.3093602534352,164191.53729647928,75868.96104565567,77351.90105597538,309.4969973175903,96.44263872920419,64.66924031867529,114.34296022419585,-5.52787745400831e-06,-0.1090541368157656,96,69,95.88489793055604
21262,982.327052614898,164236.69774622106,75839.24449227253,77371.89617843524,221.43392345495522,59.177767703760765,38.60604841762688,77.53164437253145,2.682560814875067e-05,-0.0923444856834196,96,69,95.88634713678344
21263,982.3291870312,164253.28255691475,75850.42738076313,77357.18429832763,127.12374669860583,24.828930051095085,14.727697770053055,43.959731592360185,-3.775749357456726e-05,-0.0939537281111883,96,69,95.88780889316584
21264,982.346364952721,164307.0602013858,75850.66833433857,77343.60900467202,47.06369095726404,1.9432708618842298,-0.0,18.9038113616989,3.410318713577503e-05,-0.1020621830209472,96,69,95.8892831779835
21265,982.349336242994,164298.27231194035,75857.34855203454,77376.97755179353,-0.0,-0.0,1.2276142617629375,2.4189880799676757,-1.727717026327635e-05,-0.1184377168146405,96,69,95.89076996903108
21266,982.3669843285452,164323.74362350567,75856.78180197542,77355.84048368415,13.80661930970382,27.886503816436743,24.91829290203168,-0.0,-6.218751428303836e-06,-0.128908227591673,96,69,95.89226924362016
21267,982.3690650901984,164310.19190045938,75875.53545571894,77357.26881649425,104.85274185950402,90.73092740205175,73.56771224871045,11.125215668376768,2.7307836804311883e-05,-0.1423483859071888,96,69,95.89378097857856
21268,982.3863265134012,164290.39918923343,75836.01355680909,77358.61874675925,288.0351077335072,188.81847975075652,146.35946299289935,39.96113416031585,-3.784485587770315e-05,-0.1332396206073288,96,69,95.89530515025253
21269,982.3893159612916,164209.2520085583,75858.76480778032,77370.11550095347,556.6471296285163,315.7607864777092,236.92343961430015,83.59212773301988,3.376201986031496e-05,-0.1324117186480235,96,69,95.89684173450708
21270,982.406886862171,164217.6842328864,75858.12742580488,77384.13463510032,897.7240365018952,460.44443810897064,336.61814725154545,142.92619647859829,-1.6639339422731852e-05,-0.1337708181701285,96,69,95.89839070672735
21271,982.4097000079844,164103.86473978398,75857.40492862405,77366.69391639123,1278.761609234556,608.1016756379249,434.39406774609233,212.04714550008066,-6.906819004952638e-06,-0.1273462958458435,96,69,95.89995204181947
21272,982.4263724657656,164006.46713032667,75839.30507850919,77373.08533213039,1669.7329668594757,744.730083896764,521.4512971693475,289.4493223930476,2.7780360256805244e-05,-0.137918881966545,96,69,95.90152571421142
21273,982.4292192048664,163954.9841410629,75831.40160828472,77383.20105261696,2033.3906340872054,858.5348848426511,590.7447620942839,368.04666324311984,-3.791936422576223e-05,-0.127647639794602,96,69,95.90311169785456
21274,982.4469033732424,163878.86748575114,75838.27722143022,77335.93873664718,2347.3012785449973,943.2287309116218,640.2019146709936,446.19578062626533,3.340981558083294e-05,-0.0050719877796318,96,69,95.90470996622471
21275,982.4495582567084,163830.2330592096,75842.7964669426,77386.38216108042,2590.227038239478,996.7566785596573,669.8746471772902,517.4354866506765,-1.599655109412781e-05,0.2387305849238029,96,69,95.90632049232268
21276,982.4663089724472,163752.079748286,75859.62460537575,77361.120220682,2760.103483510262,1022.1639888344798,683.4318851495918,581.8630629412655,-7.591850546884651e-06,0.2508021311354773,96,69,95.90794324867603
21277,982.4691738783392,163681.77547780753,75844.88744625542,77366.28827667401,2855.014502710197,1024.195739866831,684.0459902080183,635.3409333929012,2.8243028475160896e-05,-0.2993530381999421,96,69,95.90957820733998
21278,982.4868863013132,163654.35869400346,75840.58720462612,77356.51522999561,2887.8972579169204,1009.5419052902726,675.9060066476522,680.3189938822179,-3.798100633776729e-05,-0.4384111078848905,96,69,95.91122533989878
21279,982.4894306318544,163605.535041689,75825.46857653794,77364.5670815911,2866.32672126696,983.6417237008282,660.8623815875035,714.7715688883327,3.304670426236327e-05,-0.1427873134566343,96,69,95.91288461746682
21280,982.50623889097,163588.3621645598,75816.20680131657,77353.17833736652,2808.8082236619666,952.1225218153268,641.4114213973808,743.4174461774819,-1.5349027640917666e-05,-0.2054976235488964,96,69,95.91455601068968
21281,982.5091423317056,163563.21613974374,75848.9551695639,77360.79433965744,2725.320921992243,918.4894915931363,618.293754033075,765.9685185481794,-8.273617550374062e-06,-0.1968755768318592,96,69,95.91623948974568
21282,982.5268542113196,163556.6076148351,75844.1388784726,77386.44716967206,2634.30426000891,886.3860156891024,593.929587841063,787.7511692717671,2.869569547232846e-05,-0.1671189717445938,96,69,95.91793502434722
21283,982.5293065148956,163521.87145113072,75839.61220550291,77328.92308952339,2543.535639053036,857.5214256862673,569.6666833775525,807.7433838048019,-3.802977476459457e-05,-0.1812824454378357,96,69,95.91964258374176
21284,982.5461704241418,163545.19811003152,75855.21247402816,77366.56605571885,2467.7175945812487,834.0662332475185,548.5730292060471,830.0145232551149,3.26728200506358e-05,-0.1625216758900367,96,69,95.92136213671311
21285,982.5491181593106,163468.42953478746,75850.76422060811,77363.3909323375,2408.6437319761026,816.1797139127739,531.7658754456788,851.7058288157568,-1.4696992948530173e-05,-0.1686380154919781,96,69,95.92309365158324
21286,982.566810479134,163461.5433567245,75845.00923591903,77372.5345657085,2372.6347563067684,804.2139661864785,520.8253285443934,874.8933609421656,-8.951893301810682e-06,-0.1674107724238528,96,69,95.9248370962134
21287,982.5691842859628,163439.4948780659,75800.85505157005,77344.56408583725,2352.0131037519313,796.2839655092248,514.4756064456014,895.1334616875683,2.9138218638258365e-05,-0.1599828278567717,96,69,95.92659243800524
21288,982.58610580164,163409.36919691702,75812.35588811293,77374.38004008778,2345.0151538167265,791.0444523277984,511.9554038035858,914.3977068018576,-3.806566649784083e-05,-0.1851176548575436,96,69,95.92835964390264
21289,982.5890990540104,163428.42228426837,75829.55574384997,77334.57299666437,2338.854116303264,785.736865009123,510.4995834247093,928.9468583489361,3.2288300242436314e-05,-0.1808812002332576,96,69,95.93013868039324
21290,982.60675536714,163411.78459362744,75827.77704167568,77357.74489890825,2330.495279069117,779.3656847389502,509.104989839223,941.7910394716309,-1.4040671398551128e-05,-0.1810075220398075,96,69,95.9319295135091
21291,982.6090652733716,163416.17422909776,75827.24190283935,77368.44106393761,2310.1794034552295,770.7281867580023,505.94286305786227,950.0896596496459,-9.626452318999429e-06,-0.203048087048527,96,69,95.93373210882896
21292,982.6260441504865,163370.45504618407,75822.27315972526,77370.47202997562,2281.3534838838386,761.135140136772,501.6020795671211,958.0322703553829,2.957045875143397e-05,-0.1739353139729833,96,69,95.9355464314794
21293,982.62908608918,163384.18404440835,75825.59509040741,77344.70994709118,2241.7740357015864,751.4931677433051,495.78364121657796,963.3266673038597,-3.808868203008328e-05,-0.1686717046690331,96,69,95.9373724461366
21294,982.6466847501612,163360.99676925436,75826.80723172893,77359.85240990556,2200.8801564140595,744.1726992513286,490.03729733018554,970.0616724627325,3.189328572013976e-05,-0.1721822540561737,96,69,95.9392101170276
21295,982.6489577527334,163394.0175679581,75841.63553783906,77354.96187523621,2160.1265469736536,739.7742040284502,484.5318442285352,975.2901963664335,-1.3380289440957496e-05,-0.1481499952040675,96,69,95.94105940793192
21296,982.6659724532846,163390.86117934354,75834.46028455532,77368.36106526255,2130.054220142949,739.2167966195266,480.9582015427586,982.796462405182,-1.0297070561314604e-05,-0.1313386887818652,96,69,95.94292028218332
21297,982.6691046359642,163368.41699138423,75822.31947518297,77354.00551857366,2110.5743779341574,741.1106883167813,479.4218374353659,988.9939525330265,2.9992280399893456e-05,-0.1256217461285963,96,69,95.94479270267104
21298,982.6865286848237,163352.77194919367,75829.07558767805,77347.34909414705,2108.0960013302392,744.6008214168396,481.2113412533363,996.9763134868408,-3.809882722785114e-05,-0.1064812019646513,96,69,95.94667663184192
21299,982.6895484361428,163349.33054647362,75827.4441091523,77359.22716443465,2117.6570429609856,747.5632674899971,485.800219540688,1002.8922920595505,3.148792057022326e-05,-0.0961136630692748,96,69,95.94857203170162
21300,982.7061286843452,163311.02174654798,75801.52636755777,77323.66948646875,2140.4106552419835,749.5678866912349,493.4174570046889,1010.2542763272068,-1.2716074221170115e-05,-0.0936719639063331,96,69,95.95047886381644
21301,982.7089613564444,163358.89863242852,75837.56864184228,77373.37638967621,2167.2284167053876,749.8602227520023,502.28625032576383,1015.8633468353655,-1.096352541742522e-05,-0.0894279963464292,96,69,95.95239708931494
21302,982.7265736032514,163364.52637909612,75811.76059834172,77376.30196514021,2196.334554341971,749.5288363255968,511.32720306148985,1023.8313553031476,3.0403552105806623e-05,-0.1083125785576433,96,69,95.95432666889
21303,982.7294001870736,163342.73887940042,75846.0352205728,77354.79808892554,2217.504496366193,748.7965402045229,517.8949106759974,1030.2835086295963,-3.809611198281984e-05,-0.1262560955803006,96,69,95.95626756279962
21304,982.746066666738,163328.3875359567,75815.91402036845,77328.0204993298,2230.0456355698407,748.7227476464614,520.8348979855655,1038.6306629280443,3.107235233487797e-05,-0.1660133249039233,96,69,95.95821973087006
21305,982.7489028687188,163320.73766716896,75835.59314541574,77339.77556521058,2226.875232379767,748.5473392559506,518.4800484779698,1043.9609663026931,-1.2048253917988016e-05,-0.2049867535341728,96,69,95.96018313249608
21306,982.7665700087496,163306.89278590906,75830.76308168935,77365.30370400345,2210.8477899135905,747.6372534489783,511.2942034318403,1048.846756816667,-1.162559597897644e-05,-0.2231046461215167,96,69,95.96215772664397
21307,982.7692742923532,163312.34642591164,75807.32429767148,77321.20897978166,2178.524645624624,743.6521045339468,499.5595999173529,1047.557136875228,3.0804145377477585e-05,-0.2448060914648543,96,69,95.96414347185262
21308,982.7859909836618,163347.11636121155,75812.1218287551,77350.94398542115,2135.90734277264,735.1311641167558,485.3543183237198,1043.4113230622315,-3.808055006271131e-05,-0.2616671371382513,96,69,95.96614032623572
21309,982.788863716347,163326.87274244835,75813.92582844138,77344.37164634695,2082.0886361458106,720.1879529994767,469.9060522438667,1032.0735413480434,3.0646731991453444e-05,-0.2645045402565396,96,69,95.9681482474833
21310,982.8065491491552,163355.3744863224,75828.06182316365,77358.9355053566,2023.6708805128583,698.8686406899651,455.08628106079414,1018.4670027943503,-1.1377057895513283e-05,-0.2560947234938364,96,69,95.97016719286351
21311,982.8091527900192,163399.22817070124,75811.71730555753,77346.75184715759,1959.2212693904876,671.6008913226542,441.1054599430645,999.0212021569314,-1.2283063412961584e-05,-0.2528384422456807,96,69,95.97219711922536
21312,982.8259145749964,163412.62259688278,75825.93563588228,77328.54184009081,1894.0674158529146,640.7597630976816,428.3051631038252,979.7240150745492,3.119393596072482e-05,-0.2438932365953627,96,69,95.9742379829996
21313,982.8288344951616,163417.0179490962,75820.711963328,77338.04493598707,1825.8555742913159,608.5552569588908,415.6305452802917,957.3873337960686,-3.805216027646367e-05,-0.2392827871150912,96,69,95.9762897402008
21314,982.8465165022452,163421.6328567741,75836.47400574178,77339.51805342697,1758.7122257306473,577.8597013640683,402.6165578257642,937.8177545185608,3.0211213498452244e-05,-0.2415135910277942,96,69,95.97835234643
21315,982.8490321038888,163469.0200251515,75827.35621579453,77317.59112596321,1689.8655382871511,550.213941480979,388.29620729389717,916.7274277491379,-1.0702716469222538e-05,-0.2308645919736841,96,69,95.98042575687586
21316,982.8658415177644,163489.04578996592,75833.97722220956,77327.70935414836,1623.4107437350322,526.783215549658,372.83235957674333,899.5367752751336,-1.29357099155137e-05,-0.2175643088320109,96,69,95.98250992631702
21317,982.8688114000385,163533.38773242303,75848.49933990756,77383.8575771421,1557.2377738032374,507.11880150013894,356.3290253098239,881.2179074612213,3.157280361509783e-05,-0.2116737768264898,96,69,95.98460480912408
21318,982.886473799924,163506.72507246945,75789.68138885271,77362.59790826292,1495.3382823845022,490.47853571359883,339.81805399793666,866.1869616979675,-3.801096528794404e-05,-0.2377940428137037,96,69,95.98671035926138
21319,982.888911511324,163559.26984083268,75821.43963576038,77362.84113801263,1435.5326744675403,475.35795494995546,324.1048233706679,847.8501837947697,2.9765954394141537e-05,-0.238482564405454,96,69,95.98882653028976
21320,982.9057736946584,163575.77514422502,75852.23591998995,77334.52215005117,1381.1788827244309,460.7911575430189,310.317286004225,830.3765859604173,-1.002546059229123e-05,-0.2379835818709856,96,69,95.9909532753673
21321,982.908792088251,163579.5870463529,75825.0102476355,77326.44000556393,1329.6882458945038,445.954636956958,298.98793366513564,807.2591477842943,-1.3583320470328407e-05,-0.2504845493912161,96,69,95.99309054725278
21322,982.9264217662228,163593.2408548609,75846.04295265231,77356.2548153715,1283.3097111555398,430.7351096903003,290.39232669994817,783.366303831368,3.194063131538133e-05,-0.2383480983406742,96,69,95.99523829830665
21323,982.9287912587012,163652.7088842123,75840.27816047435,77360.34350198957,1239.0423684827401,415.1632305556268,284.2000184088538,753.003972680337,-3.795699202794294e-05,-0.2425428205224042,96,69,95.99739648049398
21324,982.9457120948726,163688.206218167,75836.48337219657,77321.06037367729,1198.7405255637132,399.45075328147504,279.741050715209,723.1984433249454,2.9311114911071487e-05,-0.2385915927880223,96,69,95.99956504538632
21325,982.9487747574808,163722.21203286978,75846.20255616392,77359.9796658624,1159.7215769671602,383.7801009506802,276.17250785886426,689.7088275814021,-9.345522073771282e-06,-0.2261151120613181,96,69,96.00174394416318
21326,982.9663608247132,163756.21238828058,75821.79267106326,77352.00966920047,1123.5414968419936,368.27468264615163,272.48181369923986,660.073724516813,-1.4225681246040276e-05,-0.2306757708900358,96,69,96.00393312761558
21327,982.9686720080624,163786.7332089524,75850.30140330196,77356.91766034173,1087.8033690074226,353.3180360586848,268.02680994503316,629.1676405039616,3.2297306125770755e-05,-0.2349560916849625,96,69,96.00613254614656
21328,982.9856572131802,163814.71127204108,75852.87034643668,77371.61155476792,1053.9277861679439,339.194561297365,262.13688751123846,604.0857242746279,-3.789027225231624e-05,-0.2268031480510639,96,69,96.00834214977492
21329,982.9887578574718,163820.98689252505,75854.95653178608,77352.36364028337,1019.8371868946124,326.60440082411515,254.98075417909422,578.3865056796058,2.884685847234694e-05,-0.2445139573355756,96,69,96.01056188813632
21330,983.006291349496,163851.73127585347,75836.22977714997,77368.54329885935,986.4382437551976,315.7635924376518,246.62333010855946,557.7516978279746,-8.663133203005834e-06,-0.2468904658939939,96,69,96.01279171048608
21331,983.0085546132948,163900.5985974527,75821.20474980577,77377.4704583934,951.647350373154,307.12937175220577,237.99490936865914,534.3170495884551,-1.4862580799650837e-05,-0.2313470934792945,96,69,96.01503156570124
21332,983.0256092078132,163907.53907215234,75856.50564313366,77371.58909687599,915.7751605363446,300.10604012041586,229.27591466435115,514.0766320589464,3.26427193832374e-05,-0.2340443729646238,96,69,96.01728140228288
21333,983.0287399868332,163941.55448358666,75868.93000949165,77327.88095326166,876.8636652914574,294.3627523446339,221.30178960316698,489.2088208642672,-3.781084128800179e-05,-0.2328981461999688,96,69,96.0195411683584
21334,983.0462137710542,163979.43014793217,75834.8393521724,77385.49403411358,835.1444361973554,288.4725250012998,213.73203856920009,465.85508359671803,2.8373352003661385e-05,-0.217490782083775,96,69,96.02181081168386
21335,983.0484400054644,163975.21926654657,75839.79964402124,77358.11638945436,790.1067892087158,281.8794085261907,207.07420894809184,436.2345130832982,-7.978527139730098e-06,-0.2162878973203554,96,69,96.02409027964596
21336,983.0655679770408,164028.2306041578,75864.48328260302,77368.36099503635,743.6039730791235,273.2318988342013,200.5068379645818,407.97759251116076,-1.54938093148422e-05,-0.2194336731170698,96,69,96.02637951926488
21337,983.0687198568324,164065.36315121214,75862.85230061294,77378.34935620232,697.6886488782475,262.7724199882796,194.46278323343722,373.98899687678204,3.297676568999112e-05,-0.2156897019830945,96,69,96.02867847719637
21338,983.0861286246874,164101.67147683652,75810.62254490814,77348.76537059537,655.3662622187403,250.00567003668402,187.94042246296885,342.2975728379388,-3.7718739231476725e-05,-0.2368648197757504,96,69,96.03098709973422
21339,983.0883291213488,164126.128562579,75862.97364624254,77364.70188672902,618.7409594104975,236.06198483647313,181.32759429953876,305.7027726502274,2.78907645854248e-05,-0.2411471903244216,96,69,96.03330533281245
21340,983.1055332053484,164192.01222769942,75842.67338636452,77364.13035355172,587.599301570328,220.49145532071998,173.05291662545642,273.072481662879,-7.291937491067247e-06,-0.2205331659386367,96,69,96.03563312200762
21341,983.108696281973,164214.02027757754,75854.91102890266,77385.69694343157,559.4176454074914,204.00348494150967,163.0428683522041,236.64805267154588,-1.6119159794833984e-05,-0.2347626043792736,96,69,96.03797041254194
21342,983.1260365728684,164236.66072399946,75859.68186695798,77373.24619968266,527.9628589827335,184.95667707333632,149.1154607256176,204.4036979750963,3.329934408686644e-05,-0.2214859721266045,96,69,96.04031714928462
21343,983.1282228510298,164305.34596766974,75848.00184711668,77381.69803470057,486.86179401440313,162.96251637012756,131.1928029296687,167.67542540165596,-3.7614010398015e-05,-0.1976513316729296,96,69,96.04267327675554
21344,983.145504399186,164325.75624888786,75887.83772631212,77355.92870207493,428.6192269048188,135.62096984458913,107.54390469825012,135.3078751892608,2.739926895128298e-05,-0.1869775820851707,96,69,96.04503873912655
21345,983.1486681802534,164330.7954531838,75866.53910649037,77353.71347401486,351.299708127568,103.62095273958403,80.0252793621039,98.94307681539794,-6.603598087265081e-06,-0.1842048308296932,96,69,96.04741348022472
21346,983.1659384154792,164427.28727454835,75861.76076494054,77348.22645753258,256.2106694270624,67.55701894173399,49.849414896190865,68.3029717260215,-1.6738426865217613e-05,-0.1990010739641795,96,69,96.04979744353446
21347,983.1681219932163,164429.97566313713,75845.68017484187,77375.50927100348,154.88588709034957,33.28087277236045,22.794899035739945,36.32532030099537,3.361035749472179e-05,-0.2107065232295124,96,69,96.05219057220025
21348,983.1854809223648,164440.4981412233,75842.51778464185,77354.22732929581,62.560351780382916,7.103546814149013,3.4572730566142127,15.378312658518553,-3.7496703067162047e-05,-0.231724024797434,96,69,96.05459280902896
21349,983.188634573255,164473.93296008525,75886.22806110808,77373.88753547866,3.701896658167243,-0.0,-0.0,-0.8170293119910639,2.689904005568105e-05,-0.2217726452571358,96,69,96.05700409649272
21350,983.2058350970216,164502.66391889265,75822.28670388229,77382.06599495518,-0.0,20.112632808843045,16.667541073664324,-0.0,-5.9137434121758205e-06,-0.2163706015649326,96,69,96.059424376731
21351,983.2080272102206,164464.32177725836,75857.53623905944,77380.85316486478,74.20561263960553,75.71044120367151,58.337580342253204,10.408737342717359,-1.7351407635505724e-05,-0.2247036349967688,96,69,96.06185359155349
21352,983.2254620396473,164451.74329512613,75837.90395164395,77377.20173837735,234.99770343885757,166.8216098358971,122.78037091292208,41.72438274711021,3.390971264993405e-05,-0.2016337467101761,96,69,96.06429168244271
21353,983.2285945760784,164417.3816013423,75821.09142463769,77341.94128152188,484.4130986610544,290.3468530478276,207.32946719267056,83.24925953851198,-3.7366869819194754e-05,-0.1975792692238074,96,69,96.0667385905565
21354,983.2457277215976,164335.5449151218,75820.72889503455,77359.58559356783,804.9191424826859,433.89546364451235,302.3949602562061,142.89501485825167,2.639025600250889e-05,-0.2125836816044472,96,69,96.06919425673054
21355,983.2479389710636,164285.93070344522,75837.06199505806,77388.17001425645,1173.9467960975599,584.5467723928887,400.3344486640417,207.1544501183962,-5.2226078948590445e-06,-0.1844775315499558,96,69,96.07165862148116
21356,983.2654469823688,164225.9932166459,75878.82929042514,77375.31727701322,1555.0635477138567,724.9337342953077,489.72351165296277,283.05822032815195,-1.7957901614815445e-05,-0.0292817377453312,96,69,96.074131625008
21357,983.2685473593616,164154.61365636706,75869.65842015315,77370.28677555024,1918.7556344100158,843.9437894207076,565.260840852221,355.5643046135665,3.419732062815097e-05,0.2259152856944996,96,69,96.07661320719627
21358,983.2856175977151,164084.99869960448,75847.47421639673,77376.15093434376,2232.8277121502906,931.4557100624079,620.5414637712529,431.3361831807706,-3.722456738212056e-05,0.1318286800268925,96,69,96.07910330762029
21359,983.2878574556656,164003.1952149966,75842.26843234399,77387.03191688142,2482.2263417693903,986.9480848921521,656.6143450828095,496.29158659113455,2.5873097504940636e-05,-0.4343796285429887,96,69,96.08160186554488
21360,983.3054350709954,163956.58179262106,75839.06853240993,77346.40892221036,2653.8939951620414,1010.8528124219156,672.6839910192357,559.6309351504897,-4.530426478686742e-06,-0.4182405698904288,96,69,96.0841088199295
21361,983.3084920367507,163932.0717997705,75824.100312731,77384.61829674603,2753.93074871751,1011.2927215146192,674.2592160485219,608.4773122665356,-1.855771035495564e-05,-0.1459534718426182,96,69,96.08662410942976
21362,983.3255063748225,163852.80624115487,75844.00840676484,77364.0142616758,2786.68936826376,993.4007494936668,662.8240856642369,653.5733549498545,3.4473096324800275e-05,-0.2216606200201942,96,69,96.08914767240078
21363,983.3277823376576,163874.9400441949,75877.700490559,77386.65412842491,2770.5191482644877,966.2045153651852,644.489822230069,684.095053647965,-3.706985701231569e-05,-0.1841766951662475,96,69,96.09167944689972
21364,983.3454260075256,163806.7260543971,75845.40294653583,77353.29671854769,2715.3821684988216,932.7217993391387,620.0948279910954,713.2705321510148,2.534774800450748e-05,-0.1705722992409445,96,69,96.09421937068878
21365,983.3484273196568,163825.33702676374,75859.58511918233,77355.94461566205,2641.4452011117246,899.0627534804953,595.2361565355386,730.6975500014087,-3.837433907985534e-06,-0.1758718703342849,96,69,96.09676738123748
21366,983.3653964957184,163759.63111306692,75807.95707068838,77369.01877047414,2556.289001545869,865.2798797017022,570.0266797314689,749.9685842475446,-1.915063870723017e-05,-0.1603751465200042,96,69,96.0993234157261
21367,983.3677121228357,163781.2643076542,75838.33990674856,77387.94895786518,2475.425570965046,835.3865186913899,549.1770755217294,761.3184265361342,3.473695885217482e-05,-0.1528810340638748,96,69,96.10188741104756
21368,983.385420815136,163797.2294380817,75876.69015576577,77374.99648717119,2399.7603311894345,808.0891520206642,531.3361220424995,778.7936075151083,-3.690280359950928e-05,-0.1465150445051271,96,69,96.10445930381124
21369,983.3883502134476,163777.13686630002,75846.87081350575,77351.39806741154,2338.7034437239636,786.9661562711699,519.6940325436299,790.6700074605178,2.48143931884663e-05,-0.1511298293497269,96,69,96.1070390303452
21370,983.4052931021656,163747.15040213792,75848.10653030108,77397.47671356062,2286.6553515170817,769.9664498577185,510.8334539028292,808.94952768035,-3.143865222947983e-06,-0.1344301594517763,96,69,96.10962652669892
21371,983.4076411943432,163752.40258917512,75847.02282637087,77386.69626723356,2247.479292110598,759.3713529002271,505.9206845710287,820.5572185001802,-1.9736492871672863e-05,-0.1195430731297652,96,69,96.11222172864652
21372,983.4254265773992,163727.3834732549,75828.65685142364,77376.9811338037,2211.3049478105386,751.3215089513978,500.09375105414074,836.7554669272795,3.498883131323364e-05,-0.1250322908274131,96,69,96.1148245716892
21373,983.4282480381954,163732.9133831904,75841.0101399228,77368.09458389599,2181.032817603089,746.7989862115646,494.67150476545794,842.9645297374518,-3.672347629318146e-05,-0.1115070801195681,96,69,96.1174349910588
21374,983.4452186844164,163718.66430649176,75859.42470305308,77385.66819424341,2147.3384771175915,741.0153453844832,485.8981303979526,850.7956778800872,2.4273221810946705e-05,-0.1064770660882401,96,69,96.1200529217198
21375,983.4475291063344,163735.11185395363,75855.48347112181,77367.7294269025,2115.2590867004474,734.8900916486455,476.91283474615193,847.8641383652575,-2.449955554129952e-06,-0.0974897038201244,96,69,96.12267829837236
21376,983.4655390195292,163715.01489892817,75842.91561076882,77369.79771241269,2078.1946554625174,724.4706996407185,465.8295440277725,848.5688383877277,-2.0315082715265102e-05,-0.0788853368777064,96,69,96.12531105545624
21377,983.4675288158114,163769.90274865984,75846.5926264862,77361.84379828813,2045.3137312598992,712.8422383358702,457.6606750359351,840.8903668849962,3.522864123228443e-05,-0.0659727833934724,96,69,96.12795112715214
21378,983.48477949606,163795.74745075713,75850.09479901173,77364.47494358273,2012.0224630737794,698.0804699473374,450.78801347871195,840.6874700892367,-3.653194851382101e-05,-0.0708954771635458,96,69,96.130598447386
21379,983.4876516632224,163753.94602916724,75849.77010123065,77362.43782637839,1988.1453462403151,685.1100898457225,449.27958451144514,836.5417488801759,2.372442451802716e-05,-0.0569076959377625,96,69,96.13325294983098
21380,983.5053866649037,163757.44260550587,75830.63598534426,77387.27578851256,1968.8157779181493,673.3816816596227,450.0032214015664,842.2093054055294,-1.755939093011625e-06,-0.0356893148224944,96,69,96.13591456791062
21381,983.5074692653448,163760.47979649104,75840.1781819225,77364.75522692708,1962.2941453694366,668.065259599447,455.22241288016085,844.0530194751918,-2.08862201498901e-05,-0.0479642349008859,96,69,96.13858323480262
21382,983.524687681528,163763.86275342834,75866.42082819114,77370.04546948377,1960.58590520703,667.2853114229074,460.00775165113737,855.044709294365,3.545631992016213e-05,-0.038975103571968,96,69,96.1412588834404
21383,983.5276686846262,163749.85614899703,75889.00307816066,77372.3748632498,1969.3305646161898,674.0721449547273,465.7843330176838,860.9938357946521,-3.632829757430063e-05,-0.0315138271598059,96,69,96.14394144651706
21384,983.545280322688,163760.68211952475,75827.8393975106,77357.8493728252,1979.2106236960972,684.2355823547114,468.01851780724246,873.6631335468555,2.3168194819422665e-05,-0.0434822344368808,96,69,96.1466308564881
21385,983.54737897169,163740.78247780015,75827.5491418045,77373.98022096654,1995.3611918094684,698.7246031416871,469.3178335498087,878.5933120099653,-1.0620507909464623e-06,-0.047911362038504,96,69,96.1493270455744
21386,983.564625494225,163763.2775200205,75853.60054673995,77372.56889963502,2007.6832017633133,711.7003470193595,466.4174907861452,888.8247689266864,-2.1449719896797703e-05,-0.0814573049000396,96,69,96.1520299457652
21387,983.567666908865,163755.34130394086,75831.90891859855,77369.57067088934,2021.0641904841177,723.6528460394184,463.3016470198054,890.7016546510567,3.567180307689646e-05,-0.130557527414067,96,69,96.15473948882098
21388,983.5851788858624,163755.99586825952,75849.1169717751,77377.56465905608,2025.5468084396562,729.454657333612,457.79881253658095,896.7957613623294,-3.611260467871104e-05,-0.1529445905773472,96,69,96.15745560627688
21389,983.5872827052268,163742.16963047523,75851.28560621919,77392.61580579245,2025.7895952508552,730.8936999962316,454.023364705703,893.6776593482937,2.2604728151046405e-05,-0.1891153374870366,96,69,96.16017822944552
21390,983.604577479452,163737.388624925,75850.11515325266,77385.24169021395,2011.18157056364,724.1481630849303,448.7203903341433,895.3810642687895,-3.685249174356295e-07,-0.2099623449261169,96,69,96.16290728941972
21391,983.6076554419084,163759.55123664349,75846.09587990218,77366.4504752986,1987.0679808892892,712.5086300441908,444.51280580621096,889.2634870289476,-2.2005399613901523e-05,-0.1842381499328294,96,69,96.16564271707604
21392,983.6250756717766,163801.27945806683,75833.03959160099,77390.01708124822,1945.3391766889836,693.6310374657041,436.8887396203645,888.7114542211348,3.5875030615845665e-05,-0.1906902889681395,96,69,96.16838444307756
21393,983.627186797556,163816.66139383463,75854.03325902756,77385.0700672089,1894.4046623467584,671.7512450829381,427.6859163859044,880.876844852959,-3.588495538922756e-05,-0.1788388108556315,96,69,96.17113239787714
21394,983.6445389897376,163767.5856004015,75873.05087191737,77348.38852843778,1828.9084709145245,644.8120389647374,412.46769393753493,879.3927757805504,2.2034222453076345e-05,-0.1639082253859225,96,69,96.17388651172011
21395,983.6476364530548,163801.54260882572,75863.44182066116,77383.02750875274,1759.8597218958312,617.2544411927083,394.53253663741634,870.5520650725812,3.244049054084061e-07,-0.1601704559566842,96,69,96.17664671464816
21396,983.664968879872,163807.1900364089,75877.79429232152,77350.5188494852,1683.820337553916,587.2516890560073,371.89000912586926,866.037688655284,-2.2553079694663228e-05,-0.1519595263607742,96,69,96.17941293650134
21397,983.6670941680288,163865.33212356397,75830.71338610447,77351.04559952405,1611.6220365780173,559.1266232597554,350.00749733450357,851.7363636623486,3.60659464592866e-05,-0.1564209574824382,96,69,96.18218510692184
21398,983.6845076281916,163822.1431654359,75838.2367038602,77362.27319983867,1538.056772218668,530.5842894830566,328.02025051086093,840.3164537592093,-3.564543896584172e-05,-0.1581239746257113,96,69,96.18496315535724
21399,983.6876104508292,163894.1274940288,75839.80333893183,77373.80925505365,1472.055037328042,505.57977548253257,311.3698351653002,818.4389310286497,2.1456877630225105e-05,-0.1588837856745885,96,69,96.1877470110632
21400,983.7048581777624,163901.23946067417,75861.45151435003,77366.91393986209,1407.1102600775193,481.58187799787265,297.97681683304836,798.9602270216565,1.0165048857764304e-06,-0.15975897389286,96,69,96.19053660310672
21401,983.7070065942175,163930.14900634324,75857.74504723315,77378.50404104237,1350.4906063774833,462.04517179413233,290.8006729797635,770.2045905866253,-2.3092583368736115e-05,-0.1622477834884841,96,69,96.19333186036918
21402,983.7244816682872,163957.66803034657,75834.09573288707,77390.70108040658,1294.3880737735308,443.8154315484571,284.98890428533196,746.9799091408204,3.624449920353526e-05,-0.1793334169097926,96,69,96.19613271155002
21403,983.7275774475625,163971.73254144375,75891.78106861681,77368.9098646239,1245.7206178753404,429.93322399382305,281.6354092574329,718.0670846080175,-3.5394148471704136e-05,-0.1781945226907733,96,69,96.19893908516904
21404,983.7447438417774,164040.86021852435,75831.66372477658,77381.18265939385,1197.1942592342966,416.9196036000649,275.48615071034874,696.8958098063304,2.0872895946074674e-05,-0.1661438878481329,96,69,96.20175090957032
21405,983.746925324618,164076.2720598379,75857.77898753126,77372.95487321162,1155.3518870227272,407.0880982335657,268.2310231892625,671.4107138986583,1.707542273772212e-06,-0.1648992864778327,96,69,96.20456811292472
21406,983.7644595913396,164095.6089301874,75876.23697329378,77357.0719063761,1112.4231134692673,396.2072611773183,256.1758099931758,653.8313821635966,-2.3623736865550928e-05,-0.157793638045243,96,69,96.20739062323378
21407,983.7675373518404,164080.029683766,75861.83368836711,77370.89440047766,1074.837251313962,386.3503334824054,243.2020037297916,630.0466570794815,3.641064092828536e-05,-0.1494218403064395,96,69,96.2102183683321
21408,983.784626437539,164121.9474105456,75866.04898705441,77382.01281238947,1035.36640540621,373.6885557720234,227.74664147151634,610.2099615388724,-3.513118117162638e-05,-0.1520165387921556,96,69,96.21305127589112
21409,983.7868513047504,164127.1218826728,75854.00934037422,77383.94935494084,1000.110034663754,360.8844489788753,214.62414462247398,581.0846331636712,2.028248157844461e-05,-0.1388527438092513,96,69,96.21588927342208
21410,983.8044399100506,164189.8504474385,75878.40406736374,77363.22105822546,961.8721988375764,345.1108708674292,202.15866388988798,554.9874596434529,2.397284531530849e-06,-0.1360470159139872,96,69,96.21873228827928
21411,983.8074901493112,164238.04485490508,75848.53130707148,77397.86507343655,927.2796183078317,330.37307515008433,194.26469473273028,520.7135436976969,-2.4146369515454427e-05,-0.1398478546412946,96,69,96.22158024766298
21412,983.8245066519502,164291.72564808585,75845.60505877079,77436.30902041255,890.3556614279514,315.04593995262985,187.92699100924074,491.6903156930348,3.656432872102897e-05,-0.1241540781104366,96,69,96.22443307862328
21413,983.8267852941952,164281.6681940167,75886.24338502431,77398.37018753967,857.781628873141,303.2851543347351,185.19935607351363,458.46974506884,-3.4856638097158594e-05,-0.1179832530338304,96,69,96.22729070806254
21414,983.844421074844,164319.17840836456,75866.29017890317,77399.13652158987,823.6315027441015,292.8156998807681,181.72030254281708,434.5361262362276,1.968584049844978e-05,-0.1209386502074857,96,69,96.23015306273923
21415,983.8474360242144,164395.1528430017,75912.7833501057,77379.06933212263,794.1772291137022,286.57118078359053,179.1283421459666,408.5604349464993,3.085500389683157e-06,-0.1154179671479377,96,69,96.2330200692708
21416,983.8643851580968,164366.57274538348,75889.10996259016,77386.03123038488,763.0052319437964,280.7948430235847,173.62937464512652,391.0113160672481,-2.466031354660671e-05,-0.1070320350004887,96,69,96.23589165413678
21417,983.86672797152,164399.29248924137,75880.27543055358,77402.8577082584,734.5157244289294,276.7085146138561,167.58674031533883,369.4892808778095,3.670552350277537e-05,-0.1062613973094531,96,69,96.23876774368269
21418,983.8844013795156,164391.76023418666,75859.10164797,77389.49721132641,701.3367099543102,269.70104751727195,158.32922755609616,353.63766304487945,-3.457062386211271e-05,-0.1002766429715693,96,69,96.24164826412236
21419,983.8873754973986,164456.09072077082,75884.48474234871,77398.54570743222,667.75489759224,261.3583334901632,149.3295380755444,330.6570848043484,1.908318099339312e-05,-0.0979054175605476,96,69,96.24453314154206
21420,983.9042624387666,164511.75907948616,75850.69233806353,77414.02751509634,627.753485057794,248.53730460336374,138.7590729778458,310.18532852557837,3.771958502352733e-06,-0.10798029204289,96,69,96.2474223019026
21421,983.9066801072444,164479.5548461859,75885.39976604398,77391.41215087388,586.4451726969564,234.36557579986402,129.90760334959486,281.5703487994033,-2.5165404361699967e-05,-0.0916987212028816,96,69,96.2503156710445
21422,983.9243787736876,164544.79214151154,75854.31360592828,77383.47744172512,539.3979270561249,217.11775769625092,120.38544942374574,255.69599132536678,3.683419053005409e-05,-0.0877788516542625,96,69,96.25321317468884
21423,983.9273096935066,164589.6393201529,75873.95610795106,77404.10328375865,492.4044549053651,200.3645181485481,112.48221316962736,222.33409312579897,-3.4273247093282266e-05,-0.0941407685167577,96,69,96.2561147384423
21424,983.9441384224432,164628.35381769104,75863.62916549809,77373.94268253888,440.9338524956256,181.52450356785266,102.72660231677582,192.03576406033244,1.847471263303264e-05,-0.0895508122338573,96,69,96.25902028779971
21425,983.9466430050032,164601.44970299842,75897.48393179201,77401.2156088116,388.26020962779876,161.94803164900804,92.12819579782081,155.78568112294306,4.456429142300962e-06,-0.0886804112123003,96,69,96.26192974814764
21426,983.9643502959572,164679.59566507625,75883.4831859244,77402.43822770257,327.9359147606883,137.284473040796,77.03211618657224,124.33503459312487,-2.5661480799326165e-05,-0.0702259443267447,96,69,96.26484304476726
21427,983.967241164016,164750.4538377448,75887.91615460598,77376.17025280923,262.30656833271496,108.76182793898624,59.49298592741252,88.79150038445368,3.695029937570145e-05,-0.0580137629900138,96,69,96.26776010283795
21428,983.9840112594452,164758.3667900553,75874.83702171415,77404.52251553329,187.66250190336723,74.5790210881969,38.37056357978145,59.90378483457607,-3.3964620138229094e-05,-0.0794864405316944,96,69,96.27068084744036
21429,983.9866203530094,164791.6927311262,75896.94820026623,77412.04202831516,112.15926916652825,40.7193605525099,18.8078838767251,30.607770635338966,1.7860647240333407e-05,-0.089221430304516,96,69,96.27360520355982
21430,984.0043089414452,164803.94135115197,75902.88093444807,77404.43066480114,42.89250152540626,11.912170164956478,3.3678078483208083,12.248986391641665,5.138682902490485e-06,-0.0898164756066018,96,69,96.27653309608984
21431,984.0071807941346,164805.68819447598,75882.11153716462,77428.92261561206,-0.0,-0.0,-0.0,-1.765248836047249,-2.614838425168765e-05,-0.0942765982075533,96,69,96.2794644498348
21432,984.024657265466,164824.69240141215,75879.67481951485,77399.09687660148,0.8704848149209283,12.5045039873512,12.193525343813235,-0.0,3.705382409163714e-05,-0.0881604148906545,96,69,96.28239918951368
21433,984.0266149967446,164831.98168331405,75901.49044208451,77403.99532262192,68.39809272630373,58.96053816495987,45.8495018746471,11.139779072924284,-3.364485879212828e-05,-0.0829903800976046,96,69,96.28533723976332
21434,984.0442378864692,164787.62645547412,75896.90369383266,77400.64387697261,213.57749807625078,139.37404835922644,99.76347622656613,42.11998321863939,1.7241198008896148e-05,-0.0884802400470881,96,69,96.28827852514152
21435,984.0471796778712,164765.52125862893,75882.14708823901,77410.86703697062,442.0444420031854,251.87553194341308,173.10563412765623,84.74968392439769,5.818491902882673e-06,-0.076321239134746,96,69,96.29122297013085
21436,984.0645219020508,164716.36832752867,75904.41265343357,77409.59564007532,741.3898995615891,384.4883599151799,257.97793713142164,145.47723376200884,-2.6625960236296527e-05,-0.0638612373492502,96,69,96.29417049914112
21437,984.066549038744,164597.09423284457,75920.13595828228,77412.3289031848,1091.1903781426372,525.4202872046153,347.89149408772937,213.52594347696868,3.714474256024179e-05,-0.0663864205968968,96,69,96.29712103651327
21438,984.0842004055158,164565.43722028827,75893.24262471517,77376.93021591172,1458.6204875012627,657.9964461214695,432.35675814541173,292.6570934782503,-3.3314082821493777e-05,-0.0346111328110203,96,69,96.30007450652242
21439,984.087153805384,164467.33603192982,75841.54887858355,77397.58414934408,1812.1491155497497,771.7688830303086,505.6072404452716,370.64762972437893,1.661657973018565e-05,0.1479219984349611,96,69,96.30303083338173
21440,984.1043954813742,164389.84183394437,75895.95880675573,77390.21591524853,2120.8091821993585,856.8795912953647,561.1049265915062,450.0318084124883,6.495628860895165e-06,0.3637088856965946,96,69,96.30598994124448
21441,984.1064809542324,164334.44425671943,75852.83524670155,77400.22512075798,2364.960651727277,912.2849517999712,598.3062771887053,520.3357276990428,-2.709405659397548e-05,0.1242463342006256,96,69,96.30895175420876
21442,984.1241729189449,164281.6139396501,75865.01255975592,77383.63098859816,2533.524442122958,937.9607649123791,616.259067230334,586.1185779566295,3.722303730134114e-05,-0.3912790655930925,96,69,96.31191619631984
21443,984.1271150549784,164227.02784071988,75861.05807181423,77416.63813193415,2628.3402132393094,940.7194048945094,618.8408037355985,639.5021730667795,-3.297241536811746e-05,-0.2263210118629541,96,69,96.31488319157404
21444,984.1442712638292,164164.27643495894,75885.37498759055,77358.76872619953,2657.9538028434035,925.4306860373035,608.0786318537721,686.5351234371483,1.5987008725361767e-05,-0.0471596867781928,96,69,96.31785266392134
21445,984.1464164962237,164136.71031071717,75849.88792170747,77397.87754603234,2637.2414737563813,900.1616539596725,588.8290400612459,721.9927834500559,7.169867703781317e-06,-0.122349245166337,96,69,96.32082453726971
21446,984.1641504674236,164100.7943344805,75859.44646215152,77400.23553344714,2581.728494035953,868.6945731554151,563.2080152151175,753.2227391576744,-2.7552525463652912e-05,-0.0588805457051512,96,69,96.32379873548722
21447,984.1670659687192,164096.07267803184,75848.54773308929,77417.86086085507,2506.7955288559315,836.6803098541131,535.600482475129,775.8564972744498,3.728869498012687e-05,-0.080216056901567,96,69,96.3267751824064
21448,984.1841482281218,164084.60267441903,75843.2989108255,77406.10029403745,2425.086028224905,805.4600609992049,507.7632146383694,796.5588480500446,-3.26199833011356e-05,-0.0691505333450838,96,69,96.32975380182684
21449,984.186357508431,164060.7749895882,75891.58924945975,77354.0655700957,2346.29484074458,778.3713353830826,483.2889946279174,811.2354860003688,1.5352703194823468e-05,-0.0500389248428377,96,69,96.3327345175191
21450,984.2041307390164,164042.51922785255,75849.36122648825,77376.61947887017,2277.216933798045,755.2015229309618,463.0260642179928,825.6629073362274,7.840983827363577e-06,-0.0584165021679903,96,69,96.33571725322716
21451,984.2070071504234,164031.2681707534,75844.74317134001,77396.97507186809,2220.939664049307,738.0588450806827,449.04864327271935,835.1361613415065,-2.8001222031511685e-05,-0.046095895602943,96,69,96.33870193267272
21452,984.2240272216122,164032.47776324683,75862.37126725547,77395.89399752728,2178.2828500996693,725.6432558917004,440.37568794286926,844.289700542693,3.73417067061677e-05,-0.0654066894305769,96,69,96.34168847955776
21453,984.226303832097,164027.55701424906,75879.89139829612,77381.83606391487,2146.211564334051,718.4761065235507,436.7525235192152,849.0459631232079,-3.225691680625108e-05,-0.0691062395130412,96,69,96.34467681756814
21454,984.2441135152104,164008.59218455065,75880.63993691267,77400.86624414388,2121.0430671886425,713.7441512923251,435.3288708036707,854.0668634110771,1.4713881964688029e-05,-0.0404402473730802,96,69,96.34766687037693
21455,984.2469365511788,164060.96598761377,75870.68834722409,77360.06732371324,2096.6441661260906,710.6985492430103,434.6220645417052,855.8152038083063,8.508753789848529e-06,-0.0371264792873375,96,69,96.35065856164746
21456,984.2639134616988,164006.64286223205,75843.51638668324,77398.59949581727,2069.5166456000297,706.1012168981106,431.79032408312196,858.7287030761654,-2.844000468725284e-05,-0.0283945530975732,96,69,96.35365181503718
21457,984.2662473808964,164009.70178959836,75846.43235491168,77387.82572856314,2036.2890829144162,699.5623607623274,426.2611220581748,860.1209638403961,3.738206767336995e-05,-0.0209831108750109,96,69,96.35664655420018
21458,984.284114897938,164031.72207858096,75875.84200447252,77396.58795091028,1998.943657866912,689.4225080258329,417.1996249279182,864.058165354043,-3.188334968419118e-05,-0.0124371804670389,96,69,96.35964270279123
21459,984.2868055873342,164019.28490080612,75858.32026247955,77381.62591741991,1959.6018322211457,677.511334726194,406.31812879123027,867.6645910350198,1.407076570039056e-05,-0.0035984042364813,96,69,96.3626401844684
21460,984.3045314437952,164007.39775900476,75821.14326251985,77391.40747863211,1924.7755401888862,664.4547245139256,394.92299066743,874.0686971657269,9.17295540260654e-06,0.0149427505253034,96,69,96.36563892289686
21461,984.3063457586576,164002.88682793942,75873.52502392312,77383.70634908612,1897.7244548079325,653.5415867610718,385.9035888417566,880.1930183350923,-2.8868735689302032e-05,0.0180659595713955,96,69,96.36863884175207
21462,984.3239954844828,164017.87166627884,75854.62614406628,77376.72047688774,1883.3546689819195,645.7664363384101,380.7459761959617,888.3233945854299,3.740977736778907e-05,0.0066448453022574,96,69,96.37163986472288
21463,984.3268359081192,164001.4585550219,75853.98459732467,77392.17037755532,1880.550675998209,643.4782991817483,381.2284985499864,895.4234997221502,-3.1499419093455026e-05,0.0212879360186695,96,69,96.37464191551491
21464,984.3443870177116,163959.71470134327,75837.13720398767,77411.15848909116,1889.3909899893333,646.0684962084779,387.01409183762735,903.058896143426,1.342357615547193e-05,0.0447899191006364,96,69,96.37764491785396
21465,984.3462818889654,163989.08624886334,75835.96927450449,77391.22251834543,1904.6097215517657,653.8016166118905,397.4351351275691,908.9587856740691,9.83336795998106e-06,0.0431069065702573,96,69,96.38064879548904
21466,984.3639449086706,163973.3009762968,75860.18240241239,77365.53022588576,1924.5193189546117,664.3471360060503,409.98745980870444,914.9845076283091,-2.928728053886259e-05,0.0405002147861415,96,69,96.38365347219592
21467,984.366824439019,163984.03880145,75831.72858789432,77376.94417193835,1943.7348956606584,676.7879447037558,422.4287787169451,919.8192624980584,3.742483993482613e-05,0.0426037878027922,96,69,96.38665887178004
21468,984.384261473434,163948.20284285687,75857.5319893003,77402.46561091855,1962.0256531603518,688.3632197733386,431.910043922544,925.0642748669488,-3.1105265528515206e-05,0.0175263417199945,96,69,96.38966491808029
21469,984.386207280824,163980.03194403605,75859.33847682658,77400.04559107014,1975.6414806403918,697.9736247502588,436.85990226009744,929.7265376236755,1.277253627946932e-05,-0.00964857786939,96,69,96.39267153497175
21470,984.4039115626556,163976.0399115491,75847.69300466395,77376.04242919569,1985.7159034018405,703.0816912134178,436.19094712715014,934.499785234977,1.048977254436924e-05,-0.0399078392449675,96,69,96.3956786463693
21471,984.4067961103958,163947.64725139947,75843.73011862807,77384.6838622263,1988.4137208356988,703.1389333479601,430.4810405167227,937.9319687846873,-2.969550884521445e-05,-0.0748225914893149,96,69,96.3986861762308
21472,984.4241406005376,163970.198793459,75843.9311316988,77375.18289984357,1984.079662402859,696.7191265225847,420.77938941764296,939.5431841742829,3.742726318242317e-05,-0.0776338786575692,96,69,96.4016940485603
21473,984.4261323344648,163922.60565460735,75845.34200187723,77413.04658921983,1967.9084295283537,684.5752829869889,408.97362510999665,938.1657483759336,-3.070103297641141e-05,-0.0820275757443269,96,69,96.40470218741127
21474,984.4438878089286,163951.7731752577,75833.35877075691,77364.61610108508,1940.1827443997608,666.7423242060468,396.5441147167876,933.4128808152454,1.2117870048342792e-05,-0.0823010339257114,96,69,96.40771051688984
21475,984.446754966746,163984.4263702602,75846.62271484258,77374.38340084728,1896.885852286301,645.1307839257497,384.7363636230002,925.4074953497038,1.1141951566925373e-05,-0.0717480401035556,96,69,96.41071896115793
21476,984.4640223122516,163992.0495600688,75866.63126141297,77402.41242235342,1840.5616634855978,620.4886308056448,373.7723267869733,914.3288976215117,-3.009329304549713e-05,-0.0717410929868761,96,69,96.4137274444371
21477,984.4660595423755,164002.8708002032,75833.29811399055,77398.65819378074,1770.614600457484,594.6838752181939,363.2410195558623,901.4221347535204,3.74170596580388e-05,-0.0788826527211219,96,69,96.4167358910109
21478,984.4838714536478,164013.20040418606,75854.20037330502,77385.35496553917,1693.5097840296803,568.0442920223431,352.0275237337337,886.6169570186175,-3.0286868335653965e-05,-0.0656735626195222,96,69,96.4197442252286
21479,984.4867008580942,163995.27477101784,75831.65911335264,77373.56267926186,1611.5482019446208,541.8249527254957,338.9893148841511,871.2659283249232,1.1459802295163976e-05,-0.070472301953215,96,69,96.42275237150848
21480,984.5039084521892,164069.41065456878,75881.89038462755,77403.55022604195,1532.4980567090097,515.9000231473474,323.3469373305561,854.4513994676818,1.1789689038915563e-05,-0.0805505303629183,96,69,96.42576025434067
21481,984.505987308108,164024.7424555526,75867.29139106342,77373.7514145027,1458.0414464121568,491.14851048236596,305.17512052183156,837.5487502952747,-3.0480510004765907e-05,-0.0768490091496953,96,69,96.42876779829062
21482,984.5238648213988,164095.00891964458,75901.5313264819,77389.40534050346,1393.557426147745,467.3317737673933,285.57900794246234,819.0191416289308,3.739424606113719e-05,-0.0817059515139691,96,69,96.4317749280024
21483,984.5266277361336,164097.13965201267,75861.61208254274,77382.54407830276,1337.0456559786107,445.31379231618484,266.35676240790053,800.6854893334094,-2.9862921956046026e-05,-0.0739152385277264,96,69,96.43478156820169
21484,984.5438100069952,164104.08238635262,75834.63882760661,77396.4904801519,1290.2371368390159,424.9194971579418,249.62180801507202,780.7584552147309,1.0798558878991243e-05,-0.0707677850202033,96,69,96.43778764369888
21485,984.5458984018644,164114.09807559598,75874.30523485538,77409.46279444762,1248.611046404054,406.9290191701293,236.9017884109344,761.4686716507131,1.243277060483294e-05,-0.0710471179108141,96,69,96.44079307939283
21486,984.5639008708456,164190.78567310356,75850.91543003017,77398.75103650491,1212.7036833094317,391.0661605813366,228.91765015164856,740.4644269771816,-3.085703983819013e-05,-0.0632671725584334,96,69,96.44379780027305
21487,984.566449695102,164159.95604483626,75828.92093824533,77393.58462180122,1177.8782477009227,377.90868253837107,225.01964449472143,720.2856522792717,3.7358843156570025e-05,-0.0566349024303386,96,69,96.44680173142407
21488,984.5843697152344,164187.30884027944,75890.18773137842,77411.64254951128,1145.4955505588441,366.89980111243494,223.83161097593256,697.9716229130863,-2.942934730325897e-05,-0.0543150717350702,96,69,96.44980479802754
21489,984.5861102344252,164201.2580185771,75870.53277580073,77379.94649188485,1112.0911929397844,358.22718653104675,223.2913444576261,676.3920924292761,1.0134366736998805e-05,-0.0676262950286502,96,69,96.45280692536606
21490,984.6037400015748,164243.0940338503,75850.01997820237,77410.96159427986,1079.9601491021458,350.99416354139976,221.8228181025479,652.1246084055165,1.3070984016574846e-05,-0.0886244100931398,96,69,96.45580803882604
21491,984.606502637274,164270.65755411665,75878.5613958613,77400.09681594932,1046.216085533495,345.1219655258901,218.24291284379433,628.5705337946129,-3.1222766504708385e-05,-0.0876541877488903,96,69,96.45880806390116
21492,984.624223894574,164270.80795742344,75876.22259803281,77419.38992318368,1013.0984315944952,339.67419522274577,212.58112129825167,602.3709728539397,3.731087632772522e-05,-0.073234459868148,96,69,96.46180692619497
21493,984.626044593035,164325.06510881643,75869.00895370061,77416.02871430673,978.0123703209101,334.57716973806964,205.30127386463573,577.6127713306923,-2.898630105585853e-05,-0.0682580640982715,96,69,96.46480455142432
21494,984.6436791768476,164326.81554417324,75881.08486760138,77381.86243352677,943.6395839517936,328.92077562829945,197.61332665619557,550.5001595640497,9.467453199445104e-06,-0.064055170134041,96,69,96.4678008654228
21495,984.6465004529936,164361.08914394464,75850.23902856756,77407.77470249623,907.95777146006,322.57106744016346,190.27054760820465,525.546455342992,1.370411895527224e-05,-0.0621103123847186,96,69,96.47079579414331
21496,984.6641043980576,164371.17033548813,75872.1683585035,77396.2794172886,873.6559983236948,314.531717325066,183.92770839831792,498.7920226462593,-3.157757781978393e-05,-0.0485206730187323,96,69,96.4737892636616
21497,984.66596145897,164397.58653966952,75883.61147018897,77390.95601427619,838.7198452217272,304.59151743636176,178.24584577567293,475.07514571450884,3.725037471834142e-05,-0.0460172242390386,96,69,96.47678120017892
21498,984.6836409473586,164460.80155666682,75893.58783189901,77432.05274155215,805.3867487558746,291.972468900698,172.82107078493573,449.5847785359947,-2.853394275317087e-05,-0.0550175708842974,96,69,96.47977153002564
21499,984.6864790928612,164448.08798917173,75879.57691057371,77416.71976859185,771.2298643608228,277.1788325303205,166.74624322613818,427.23422439428396,8.798046363312033e-06,-0.0446151086359394,96,69,96.4827601796638
21500,984.7039910099828,164468.70981087646,75851.11819692692,77402.68797413485,737.8871533579659,260.63676611533447,159.8288778171409,402.7096414116386,1.4331966645497576e-05,-0.0371631852602332,96,69,96.48574707569068
21501,984.7058747712888,164472.3724317274,75879.11217743662,77363.17849724137,703.1253126934753,244.12041133802268,152.0557951242663,380.91154915545485,-3.1921365522626233e-05,-0.0466797917070143,96,69,96.48873214484148
21502,984.7236158241908,164529.34203255776,75866.4642918485,77405.47645080964,668.8281546378857,228.84706353698857,144.35700401989743,355.54812090759515,3.717737197906592e-05,-0.0476553926742285,96,69,96.49171531399276
21503,984.726443556656,164547.7771446269,75885.94844376687,77391.5933429296,633.2550172066549,216.38698900349846,137.4278236257669,331.8190307667246,-2.8072434847988057e-05,-0.0422340500282944,96,69,96.49469651016496
21504,984.743880936286,164562.69464239146,75886.46722688581,77397.39931786263,598.0480474204523,206.4999296337919,131.9946226319007,303.31271184494835,8.126374889837174e-06,-0.0440559282296947,96,69,96.497675660526
21505,984.7457873929436,164588.37108153742,75877.09142874961,77377.35579647157,561.0016146209091,198.2361373596359,127.5586728375929,275.55675230480847,1.4954320611549834e-05,-0.0358021038582159,96,69,96.50065269239398
21506,984.763601905656,164641.13716047545,75870.00307144893,77383.03740908837,522.0037777798134,188.5283270101354,122.9796160722035,241.56190039930516,-3.225402467876861e-05,-0.0276324905152347,96,69,96.5036275332402
21507,984.7663929596528,164653.59188734172,75877.55780312477,77417.29390971932,476.69998910522554,174.43119598110206,115.95085645906511,207.81712301605148,3.709190583613631e-05,-0.0312164012204537,96,69,96.50660011069222
21508,984.7837768111154,164673.43268323486,75896.26549762755,77393.88387061446,422.6245224082959,152.7271231658524,104.41131455154391,168.14320604634122,-2.7601943041884724e-05,-0.0252913925548439,96,69,96.50957035253728
21509,984.7856966436204,164733.9594711801,75881.33503043042,77390.60392874278,355.34142709645675,122.76613782178902,86.79562395834364,130.5460360745201,7.452668350033511e-06,-0.0253578656071217,96,69,96.51253818672444
21510,984.8036034441034,164785.94072650094,75878.24068427832,77395.35118140854,275.19568942609476,85.95109175120888,63.66274045422324,89.66550825576996,1.5570976275180908e-05,-0.0285927913863935,96,69,96.51550354136828
21511,984.806318392698,164783.31554904446,75886.86625253162,77388.15776816293,185.34341817104723,47.7816981379583,37.66872974456055,55.76082948452677,-3.257545482735083e-05,-0.0053892108590578,96,69,96.5184663447515
21512,984.8236933920176,164834.05195945918,75924.90883291958,77408.39067622389,97.31815563660348,15.806658748173504,14.188114596123341,24.782529994670767,3.699401831703698e-05,0.0021781811220024,96,69,96.52142652532808
21513,984.8255797238792,164820.5813406759,75872.48837216903,77399.44426913699,27.962235865241382,-0.0,-0.0,7.87731466270634,-2.712263563061269e-05,-0.0102800520889476,96,69,96.52438401172626
21514,984.843662842601,164889.6901293109,75896.29094438725,77426.24833492408,-0.0,9.17697415749717,2.3744852112140507,-0.0,6.777156169614681e-06,-0.0094805854033717,96,69,96.52733873275116
21515,984.8461173824782,164813.11968115775,75881.53361585001,77398.763766572,35.50771360297222,50.567661138498806,26.804451759788208,11.923529651103308,1.618173144577812e-05,-0.0206733253446147,96,69,96.5302906173881
21516,984.8641700900678,164803.2890441085,75878.40730164923,77393.85672486416,151.8957215725677,126.1005780051637,75.7736888739164,36.28176252657431,-3.288555906239165e-05,-0.0369692548910753,96,69,96.53323959480524
21517,984.8659055637354,164758.9211297251,75848.45349266726,77409.47104858424,355.68376946198987,233.17077082306787,147.37877333615324,81.63440579670714,3.688375546373048e-05,-0.0311445831395609,96,69,96.53618559435678
21518,984.8834747989156,164716.2821292448,75866.51610791401,77378.65470197023,639.8233463024953,362.9176762767165,235.66176514784456,137.10260701860534,-2.663468372445037e-05,-0.0345156894515874,96,69,96.53912854558548
21519,984.8861796511692,164601.3798794622,75884.67554401112,77414.88513564678,984.2161648701294,503.6099366198614,331.45541834976757,208.6125037423335,6.100068899389431e-06,-0.051122606142886,96,69,96.54206837822582
21520,984.9040333706862,164589.4490013903,75850.35260398548,77389.38193100698,1358.634332006157,641.0985332367272,424.4819075445994,283.40953739071847,1.6786385821010907e-05,-0.0417736648005645,96,69,96.5450050222067
21521,984.9058318604534,164436.04050548293,75849.34008718793,77405.41854231934,1729.9699004571303,763.3616655852384,505.36232911099796,366.78958104967023,-3.318424464260004e-05,-0.0319341162467115,96,69,96.54793840765468
21522,984.9234094817444,164370.76102546905,75884.96117296413,77399.85522114755,2066.631586829317,860.6343321069289,567.477633239323,445.0273261757102,3.676116766428387e-05,-0.0418019649827971,96,69,96.55086846489652
21523,984.9261785912022,164310.08806804905,75860.53098465291,77389.55818247586,2346.1965460962965,928.6592638221045,607.9120593848929,524.4625464548008,-2.613826126867481e-05,-0.0038874953356703,96,69,96.55379512446156
21524,984.9439278325616,164208.40768002032,75854.11274392916,77390.67885368882,2555.059402550978,966.6881402147555,627.3831651479413,593.1969433665508,5.42163651182908e-06,0.1705349498074319,96,69,96.55671831708584
21525,984.94573509669,164179.9452864866,75882.41596911674,77383.50853467998,2691.9648651262396,978.7265775492269,629.4826224959688,659.8875569128431,1.7384741684022743e-05,0.4154310338356369,96,69,96.55963797371336
21526,984.963371622404,164104.3425693394,75833.10540386621,77406.01365588169,2761.696715261787,970.0001538569195,619.1981404828257,713.4331731905695,-3.3471422620091766e-05,0.2396846455295988,96,69,96.56255402550016
21527,984.9661555185698,164043.23612892415,75845.21438017927,77383.07010146829,2776.787396856933,947.7642112143076,601.8473535478697,764.1229702155106,3.66263089255017e-05,-0.3219862505249226,96,69,96.56546640381652
21528,984.9838319147578,164013.00984447834,75908.69524772663,77402.17908345677,2749.348867781635,917.8777626334922,581.814878640871,802.2165938700782,-2.5633545033560263e-05,-0.2295233604945085,96,69,96.5683750402496
21529,984.9856280026698,163960.43776379427,75857.19969875818,77411.40624688094,2694.650544092001,886.3198465222231,562.424488654302,839.2197788046615,4.742089773379888e-06,-0.0037861718220911,96,69,96.57127986660672
21530,985.0033557747428,163931.0251296414,75857.70121148143,77387.98368808477,2623.6615764278104,856.4927252804337,545.4532691790664,865.1908851932967,1.7976603263419964e-05,-0.0884864371299089,96,69,96.5741808149175
21531,985.0061065863492,163891.87697568676,75834.59181448595,77384.39080241723,2549.508210637374,831.6166986237804,531.8735301986453,892.6944922911935,-3.374700791401783e-05,-0.0456853214535375,96,69,96.57707781743729
21532,985.0229655763492,163864.91262791597,75848.83613463152,77374.35547842285,2479.7317373862606,812.3965361607407,521.6073011354601,912.8916751764482,3.647923825022745e-05,-0.0424144464013135,96,69,96.57997080664909
21533,985.0255123446648,163895.1125884363,75833.75501008466,77425.1711310804,2423.0558284196886,799.5835445599805,514.4066203283437,937.7625080896541,-2.512071395645125e-05,-0.0351683442969749,96,69,96.58285971526726
21534,985.0433735676984,163821.1989853295,75848.69334636042,77398.36810384538,2380.8394223437645,791.7750472839689,509.3695979459444,957.253624585981,4.06165945496195e-06,-0.0237792998572225,96,69,96.58574447623924
21535,985.0459832028504,163815.68445328987,75823.70783392436,77378.19819598172,2355.0865764151677,788.1505295546813,505.79509274766315,982.986319972726,1.856177784568296e-05,-0.0320137344281182,96,69,96.58862502274869
21536,985.0628831789996,163761.44243687106,75817.28601484925,77379.972304028,2339.5656890746322,786.1376854580012,502.4263113801426,1003.022367792466,-3.401091962814727e-05,-0.0248306547509434,96,69,96.59150128821848
21537,985.0654676226026,163743.48722228355,75813.300056649,77400.9193762883,2330.3155460400158,784.3254883281334,498.45710742179654,1027.1528571340023,3.632001776985177e-05,-0.0170878883639073,96,69,96.59437320631258
21538,985.0833585256212,163735.9208332999,75832.28359516758,77388.2234111052,2317.738382605079,780.1854351240036,492.7536185734498,1042.4831294354226,-2.4599950221165823e-05,-0.016214564030879,96,69,96.59724071093947
21539,985.0858705611496,163699.0731837655,75817.09082358873,77386.77444574468,2298.959937183128,773.1561378174665,485.10838984290604,1060.104419492418,3.380576338608014e-06,-0.0021476938910476,96,69,96.60010373625444
21540,985.1027953096684,163709.8420183276,75848.89227848926,77392.23918870067,2268.3800948093995,762.134508836607,475.27689722317155,1067.921224585618,1.9140074332701984e-05,-0.0063837755258211,96,69,96.6029622166619
21541,985.105436006518,163671.90771230817,75850.7861644651,77376.39655597764,2229.707009640115,748.4800293991284,464.24283562862547,1078.0651224026224,-3.426308120438231e-05,-0.0202428493810633,96,69,96.60581608681858
21542,985.1233316442572,163675.9817067121,75834.52981663671,77385.79272010984,2184.1655438444577,733.0644655930373,452.86553931687376,1079.7936266277102,3.614871418867776e-05,-0.0070203735988543,96,69,96.60866528163592
21543,985.1257577743844,163670.63906270743,75825.00638281148,77403.6616720471,2141.4711498059914,718.82694754962,442.9740360499709,1087.2728881844087,-2.4071437744921505e-05,0.0026268058338115,96,69,96.61150973628229
21544,985.142710018084,163673.80859766595,75830.21995274648,77370.64727268847,2105.2840410000063,707.1545613186317,435.56725118259783,1089.6305533650448,2.69907122294628e-06,0.0046724887221816,96,69,96.61434938618586
21545,985.145411661346,163650.1137225733,75873.2606078822,77375.99966893122,2084.5938921892666,700.447252398415,432.02976385637885,1099.9646535443317,1.971130490295744e-05,0.0230846937754469,96,69,96.61718416703752
21546,985.16329573999,163618.71405416034,75842.68069005197,77378.31023111123,2079.1752305855043,698.7029039511835,432.3619211738405,1106.282741443807,-3.450341955854633e-05,0.0199538001946947,96,69,96.6200140147925
21547,985.1656432224804,163605.90881637542,75813.3429887707,77389.35384400876,2092.7434886435512,702.5871633251663,436.77260161421145,1121.3020314774185,3.596539817207616e-05,0.0353008364959422,96,69,96.62283886567376
21548,985.1826298843108,163614.48417408063,75869.67847737794,77385.60695772627,2118.4324206097517,710.1905305847904,443.8971673408232,1131.264942627924,-2.3535363502750487e-05,0.0573803242200429,96,69,96.6256586561739
21549,985.1853920383184,163601.99131013048,75836.63756848335,77363.54240866209,2154.3016436514445,720.57276499609,452.76828324917005,1147.4292326288123,2.01737470636793e-06,0.0569032169708808,96,69,96.6284733230581
21550,985.2032514993656,163549.0865901448,75817.55297594312,77384.05121064089,2189.5934070918593,730.7443199959089,461.1275277325476,1155.7903694287234,2.0275283940808973e-05,0.0585913447421513,96,69,96.63128280336612
21551,985.2055269735148,163563.7802848094,75833.29394871597,77380.18516951648,2221.4005576032214,739.479800996196,467.7670091846376,1168.694397060346,-3.473186600157899e-05,0.0527507490436451,96,69,96.63408703441542
21552,985.2225561693164,163529.93943288914,75835.4841374571,77371.98488321883,2239.602425391611,744.1250304611167,470.7715299051197,1172.138273135759,3.5770144036377814e-05,0.0441982117913801,96,69,96.6368859538026
21553,985.2253753811334,163508.6409883747,75833.93312900663,77371.54194198492,2244.097905240371,744.465106716234,470.06749852912617,1178.7644765161385,-2.299191638590213e-05,0.0336630544264709,96,69,96.63967949940704
21554,985.2431991104849,163567.63361588982,75859.34536051561,77415.45336313441,2228.744009286107,739.1837704096542,465.28474935970735,1175.6350920376426,1.3357173539002088e-06,-0.0009414995599101,96,69,96.6424676093923
21555,985.2454096689725,163530.91944783038,75821.83333100217,77369.72191619423,2198.223426628101,729.4185354801157,457.9575083000818,1176.6764942166628,2.0831828415942145e-05,-0.0316723951895632,96,69,96.645250222209
21556,985.2624895662108,163536.54444945883,75808.10649615304,77380.86307358033,2150.045986989513,714.7087405483617,448.6224246661295,1168.1921613787126,-3.4948355812374754e-05,-0.0559215585525325,96,69,96.6480272765972
21557,985.2653602035396,163531.27734373187,75835.71749893393,77358.94464834408,2092.0478741760016,696.7219574199407,438.9642601904634,1163.2228237646923,3.556303075438444e-05,-0.063505690387241,96,69,96.65079871158862
21558,985.2831386739624,163534.17329710317,75846.87074965493,77362.68131225092,2023.8165716916556,675.3125730789179,428.8547636436706,1148.1624051296967,-2.2441287909776092e-05,-0.0830349642329285,96,69,96.65356446650875
21559,985.2852921962518,163543.3191736803,75833.08110180649,77373.89254673106,1954.2020110741141,652.4944186987705,418.9948203318345,1136.8601085701957,6.543294552842924e-07,-0.0823402442581289,96,69,96.6563244809801
21560,985.3024304244956,163559.67703813242,75846.04877823289,77362.80982716415,1881.5304439821048,628.3300443709013,408.19196741172345,1115.4497065397445,2.1380758411455008e-05,-0.0709168675616302,96,69,96.65907869492337
21561,985.3053451361072,163601.82898592378,75836.37205480672,77346.88297293245,1812.7067541079596,605.0392341612169,396.6763924334664,1098.2085419741634,-3.515282851164722e-05,-0.0635528596917375,96,69,96.66182704856028
21562,985.3230703483166,163576.11735568623,75823.35130551363,77367.78055495037,1743.9657252102625,582.6148847749864,383.38415185327176,1072.7075204672874,3.534414041919778e-05,-0.0630309709520187,96,69,96.66456948241616
21563,985.325175550376,163615.39349081137,75849.81359551169,77387.54934558106,1680.8390509932651,562.7996185395459,369.20978848892264,1054.3622554939648,-2.1883671429806228e-05,-0.077424534861261,96,69,96.66730593732152
21564,985.3423788378173,163653.0075705637,75838.38745911233,77365.38038489761,1618.2195789620746,544.493849580962,353.6733616173442,1029.6796434894495,-2.6559049004842913e-08,-0.0818337833117538,96,69,96.67003635441488
21565,985.3453288789822,163670.89983080764,75858.85286094314,77379.38888989511,1561.5325172450976,528.2811406492547,338.16953670201474,1012.835988444218,2.1921896204198552e-05,-0.0846656417493363,96,69,96.6727606751448
21566,985.3629944112432,163635.61212922208,75835.6998432769,77371.76850151757,1506.1405139514245,512.1698428676318,322.38188224408077,989.7619458573172,-3.53452278710039e-05,-0.0839913968407378,96,69,96.67547884127174
21567,985.365060757095,163692.33847661194,75838.35608752094,77386.23051286944,1457.905271681957,496.4805473318411,307.70782071212307,973.9820644313586,3.5113559623994254e-05,-0.0815753647066178,96,69,96.67819079487124
21568,985.3823346878156,163669.94129389478,75848.64480778946,77389.06730819626,1411.2178589278483,479.46962747498765,293.5716819522204,949.7943549321499,-2.1319263028538905e-05,-0.0847082444608966,96,69,96.6808964783348
21569,985.3853101919742,163704.18280100045,75820.86929925309,77363.62464431934,1370.9010421069106,462.3670755740459,281.3108169332263,930.4292373155768,-7.067187828036175e-07,-0.0745688810299722,96,69,96.6835958343731
21570,985.4029112875106,163763.7400307093,75863.16632858197,77369.51176623904,1330.3854114552378,444.5501544366998,270.3223576879245,901.5492541188432,2.2455067372785323e-05,-0.0805951542052457,96,69,96.68628880601744
21571,985.4049488195152,163763.26317588222,75835.35987611172,77377.8042268967,1293.9585417323397,428.1673845851765,261.8768531057576,877.6833075208124,-3.552550140385635e-05,-0.0705695784623635,96,69,96.6889753366224
21572,985.4222976736808,163766.40514042057,75866.02587951074,77373.0389778209,1254.4348696490633,412.7726010802726,254.8250540837471,844.4109721344139,3.487137851074559e-05,-0.0776695143977127,96,69,96.69165536986776
21573,985.4252878983256,163797.21174288832,75833.29512920989,77385.38787342355,1216.7855270893197,400.20799917129625,249.77290820123744,816.7307872734964,-2.0748260345209487e-05,-0.1055586023588671,96,69,96.69432884976034
21574,985.44282156184,163855.12556173388,75842.52766234522,77375.73512205927,1175.2130861402838,389.3137575793662,244.8564020182239,781.3789014314825,-1.3859206389198435e-06,-0.094986485027213,96,69,96.6969957206364
21575,985.4448406741352,163859.89129424968,75814.00473825156,77399.22025847707,1136.0555050498806,381.15039658753085,240.3484503561922,753.5700236858102,2.2980100072907152e-05,-0.0915969810099318,96,69,96.6996559271634
21576,985.4622673393663,163875.25796402793,75844.54196079218,77382.14382185749,1093.784046054876,373.8036217795452,234.40761770380777,718.7458410424588,-3.569360098835298e-05,-0.1128202117852346,96,69,96.70230941434272
21577,985.4652608914045,163933.27892988396,75830.72736173397,77389.63857708212,1055.1150573752238,368.08646496477013,228.01493406607187,691.5683701077942,3.4617691184997e-05,-0.102445212640591,96,69,96.70495612751044
21578,985.4827259857308,163931.73452195854,75866.70709251822,77352.27312130593,1014.6565534760593,362.1180155398033,220.18611008056905,657.8265788918652,-2.017086343526585e-05,-0.097500774530932,96,69,96.70759601234076
21579,985.4847371489612,163970.93675339743,75865.23953053702,77329.45691229495,978.791466115159,356.8361248399451,212.5672771114041,631.806171644479,-2.0639361454362173e-06,-0.0996193804966385,96,69,96.71022901484687
21580,985.5022431055216,163981.7258809278,75858.80491450152,77387.70903718755,940.9984860179829,350.25058291047753,204.17103600181872,598.0793650120613,2.349682578192676e-05,-0.0894175168557686,96,69,96.71285508138364
21581,985.5052281367784,164028.28093416762,75818.93224814105,77357.38714662298,907.2958293957636,343.3204760240769,196.4451756157796,571.0407520455774,-3.584948288060709e-05,-0.0863649321603333,96,69,96.715474158649
21582,985.5226254854668,164042.83844076854,75837.13532562784,77379.63854080667,871.1580137126148,334.10832460669917,188.02546686056303,536.4804234935727,3.435259549867695e-05,-0.0917586649464803,96,69,96.7180861936863
21583,985.5246389169924,164053.45821005385,75865.08128894183,77373.57312409126,838.4365601975005,323.74804720209795,180.12632063546334,509.13709344831295,-1.958727384632902e-05,-0.0749713087191654,96,69,96.72069113388604
21584,985.542224313795,164106.08404029824,75856.79877077942,77368.95226012485,801.8231344363303,310.50401268059795,171.21063888489152,474.23064069027896,-2.740537529734178e-06,-0.0752184571738418,96,69,96.72328892698782
21585,985.5451886601852,164121.84871873638,75839.91053670867,77391.90890510203,767.1204358145478,296.13862353346485,162.80791533843148,446.81433089004713,2.4005078421549217e-05,-0.0796726094421113,96,69,96.7258795210822
21586,985.5625211820744,164137.33940836755,75848.98843908754,77365.61056160567,727.2714035958634,279.65227366719046,153.76812398826587,412.7561130547838,-3.599310724826594e-05,-0.0729219528983331,96,69,96.72846286461235
21587,985.5645464330856,164192.83129062646,75872.55904204784,77413.98242247541,688.329654665722,263.4246079231234,145.93117547707516,386.18056860912475,3.407619310070078e-05,-0.0676467643836539,96,69,96.73103890637634
21588,985.5822102982974,164204.50968274858,75849.97511823828,77416.86178833999,643.4129286521347,246.5345298757893,137.9948218370555,351.16303472276195,-1.8997695612560003e-05,-0.0716429283289713,96,69,96.73360759552848
21589,985.585141502221,164244.72417428592,75848.90329940627,77392.35697264034,599.751240132493,231.0655026640161,131.53700356607442,321.38376036126283,-3.41549756510797e-06,-0.0610575155725521,96,69,96.73616888158138
21590,985.6024144471428,164245.9361450764,75845.91634764349,77407.0607736784,551.3743084658054,215.0730842383491,124.55247140766005,281.6279443358944,2.4504695537628348e-05,-0.0571553468988005,96,69,96.7387227144076
21591,985.6044598246524,164262.90221462894,75859.1415602658,77392.1789702152,504.9678031853982,199.05646844158764,117.63968598484644,245.83639160863822,-3.612443857328287e-05,-0.0740595818076459,96,69,96.74126904424163
21592,985.6222005224996,164350.56265211097,75887.34164023618,77371.11825015038,452.3237355485908,179.303843929898,107.64527051793993,199.4760366945411,3.3788589355279005e-05,-0.0841124285777391,96,69,96.7438078216814
21593,985.625085588611,164364.10613566256,75852.11137350276,77406.19917031287,397.96149415912805,155.52880951222323,94.79821726679802,158.87388968031155,-1.840233407411682e-05,-0.0751746629166488,96,69,96.74633899769007
21594,985.64230706235,164436.65621406958,75850.62840139912,77406.23941681368,332.1685825427412,124.71916008536937,76.53543323100894,112.1987991546921,-4.088590217321872e-06,-0.0718201754259532,96,69,96.74886252359772
21595,985.6443786459516,164437.09750832917,75854.22624056636,77390.47451331848,260.0081063794787,89.35333128110506,55.09112552087754,76.43678655888652,2.4995517131456083e-05,-0.0734638491654009,96,69,96.751378351103
21596,985.6621949048196,164496.64097310623,75873.34098477922,77391.67670544145,176.286011128861,51.15946965837793,31.146195757959504,39.35107457957929,-3.6243445404796926e-05,-0.0748029668645598,96,69,96.75388643227492
21597,985.6650193441574,164479.98456956312,75850.72351127338,77414.7693376772,96.25150122470222,18.88986858887074,11.278159020701423,17.987182553246384,3.348989328472485e-05,-0.066067884347928,96,69,96.75638671955446
21598,985.6822017253044,164510.3783388841,75868.38773772323,77384.43936386192,28.191224066074938,-0.0,-0.0,-0.0,-1.7801396436364057e-05,-0.0461853342207614,96,69,96.75887916575594
21599,985.6843011475744,164496.89535454154,75856.22949158862,77399.27910255601,-0.0,6.287456278703758,5.840027454541996,0.8052212930924725,-4.759589856422428e-06,-0.0254969291799398,96,69,96.76136372406891
21600,985.7021948459552,164466.8994948155,75888.95627656025,77391.23505182973,27.238958696776535,43.69906793079281,32.07984187232796,6.602736451284727,2.5477386842644703e-05,-0.0511286896037069,96,69,96.76384034805972
21601,985.7049392732954,164482.85278208464,75856.25997738627,77380.61215296955,136.34559572889702,117.73046515935857,82.94258012023056,32.645778256613994,-3.635010075341661e-05,-0.0604137766424581,96,69,96.76630899167304
21602,985.7221041144948,164423.78630554312,75863.60971509592,77396.14655563995,329.75713629618986,223.81002902907494,154.57117361368728,64.9147331212298,3.318021744941889e-05,-0.0578853912345355,96,69,96.76876960923316
21603,985.7242210973452,164382.8358832673,75837.27585536645,77397.30633817645,610.4596775252721,355.23615284840344,242.9912296514667,116.70422446465818,-1.7195091835253578e-05,-0.0789517737743795,96,69,96.77122215544598
21604,985.742208292246,164311.60123112428,75845.57207693269,77369.45317607328,952.8472017219174,496.7984223766689,337.1683451801655,171.95456316287164,-5.42827214572491e-06,-0.0664893425083833,96,69,96.77366658539998
21605,985.7448314882774,164221.1380772032,75863.83188766596,77412.3151685256,1335.1896423929138,635.9459116280632,429.31421331476304,243.07032252574572,2.5950151543139264e-05,-0.0595266830760583,96,69,96.77610285456804
21606,985.7620383361252,164161.4655300546,75838.30514613754,77380.39137816401,1715.7197165447287,757.4035968672833,508.4369695945643,313.1452519869199,-3.644438142953279e-05,-0.0645534531467779,96,69,96.778530918809
21607,985.7640956917304,164048.50162252676,75827.86084287174,77394.90081934715,2068.4513790103374,853.9864714639261,570.5204013658513,393.0087509531877,3.28596782216711e-05,-0.0513760813895513,96,69,96.78095073436872
21608,985.7823347411784,164005.7582276676,75843.8220559239,77364.40684163719,2359.70877426106,919.3055949908594,610.7339036343328,465.04169124239706,-1.658363059565836e-05,-0.0382211420511823,96,69,96.7833622578819
21609,985.7841298495752,163956.06162880905,75834.90948366484,77373.3723160867,2581.781781791651,956.4093322311674,632.2460674709437,541.690323630115,-6.094413536698494e-06,-0.0480803248373541,96,69,96.78576544637308
21610,985.801573847168,163825.87348114257,75832.23996904705,77361.7736562447,2722.3071578384843,967.4192819483578,635.9096877743723,605.9108401087869,2.641366075997991e-05,-0.0272024025095921,96,69,96.78816025725844
21611,985.8042154569738,163768.18416823036,75842.61166402245,77406.59802044622,2793.6151927557075,960.9554584620346,628.3284360588586,670.2716512298794,-3.652626879111847e-05,0.143625412325183,96,69,96.7905466483468
21612,985.8221917494044,163730.76216592285,75856.42419232937,77417.54914561148,2800.0058079970186,941.6053749327548,611.6091359794664,720.0713357906498,3.252839526518025e-05,0.3940214214972096,96,69,96.7929245778412
21613,985.8240612886366,163683.87831903438,75842.93730133196,77369.498196986,2764.421541929187,917.5430233747174,591.7784878568782,769.816031148599,-1.5967224943770734e-05,0.2610177173051823,96,69,96.79529400434
21614,985.8414892893196,163625.97976179997,75820.83175208625,77362.83705600121,2695.5392138893367,890.7761001829349,569.206047028827,805.7926045487111,-6.7577915275381406e-06,-0.3073357593446628,96,69,96.79765488683846
21615,985.8442222691912,163561.20397615663,75827.82197145814,77354.01774169646,2616.2925325101824,866.2291837468802,548.2318797715125,843.2994601604587,2.6867768086635675e-05,-0.2494438103549162,96,69,96.80000718472976
21616,985.862099909992,163577.31624992526,75842.48281426814,77370.63046370877,2532.9118223652476,843.114230771971,528.1748350709968,870.3856428344152,-3.659574842007909e-05,-0.0098189048094888,96,69,96.80235085780646
21617,985.8639567639524,163536.68752683362,75853.21169469475,77363.47519206008,2463.416665102006,824.4064244016336,512.7861794359924,902.8769451364933,3.218649212920108e-05,-0.0947951220739458,96,69,96.80468586626148
21618,985.8814396439932,163465.17561728894,75824.44665067819,77399.33627277816,2406.909419064934,808.1397873371607,500.6699003819085,927.4992016418255,-1.5346088170073553e-05,-0.0593299745758426,96,69,96.80701217068936
21619,985.8842047175424,163461.14984358035,75850.14975801941,77369.3530916314,2373.4716738060815,796.895286498795,494.63810070886393,958.3790038827283,-7.418185174482143e-06,-0.0575907795375512,96,69,96.80932973208805
21620,985.9020199854086,163461.28589013036,75830.32323514365,77364.65999747673,2354.6370745992754,788.6275114523742,491.9299993554305,981.473864889238,2.731232982834715e-05,-0.0506514345014789,96,69,96.81163851185885
21621,985.9038368646026,163381.1453332889,75792.1080395132,77366.47024255143,2353.1842078621266,785.3595366161171,493.4764605269884,1009.6352664856531,-3.665280999542355e-05,-0.0409975132203702,96,69,96.81393847180888
21622,985.9214165275532,163371.95087398292,75834.20216393725,77387.81798784387,2354.5235789522994,783.6410586995044,494.5229496092652,1027.1205154285417,3.183409534783082e-05,-0.0425833328132311,96,69,96.81622957415148
21623,985.9241595389918,163338.93168739983,75813.23952309706,77389.27022553238,2358.4738615622045,783.823248646353,494.9966282090754,1046.60930427711,-1.4720435430231744e-05,-0.0392173710969023,96,69,96.81851178150724
21624,985.9419739945544,163341.27020947228,75811.20750234627,77363.16829213206,2351.516088068136,781.2667268240766,490.6919788038358,1054.3016248807253,-8.075374415945484e-06,-0.0444520049961599,96,69,96.82078505690572
21625,985.9444907197552,163322.4711867895,75814.70869155052,77371.95452818484,2337.0736332531087,776.0842739344516,483.32461761153536,1064.5285679592344,2.7747206086574825e-05,-0.0415559294106541,96,69,96.8230493637856
21626,985.9613822875658,163332.65000742814,75819.06214076298,77364.18310843734,2307.5931724554393,765.0038107862347,471.3773483179393,1065.5755815154407,-3.669744719617614e-05,-0.0356056277867549,96,69,96.82530466599653
21627,985.9641055832974,163286.88830010596,75819.18569417745,77366.2160675111,2272.515198301233,750.669739744786,459.03007682869793,1072.3720853109262,3.1471335263606615e-05,-0.0440029821322256,96,69,96.82755092779986
21628,985.9819599312384,163305.65559572514,75841.11948451768,77372.97886850906,2230.0721950570005,732.9931594005902,446.4605302972486,1073.8317494981457,-1.4090482550546007e-05,-0.0384433221599014,96,69,96.82978811386953
21629,985.9843622772166,163301.8166452505,75827.30224210661,77374.6318850373,2193.685730427329,717.2467357342539,438.17414969281526,1084.954685621924,-8.72914058148106e-06,-0.0267475614187231,96,69,96.83201618929324
21630,986.0013120573432,163301.6465222308,75802.82551088581,77383.69707924129,2162.2916696495377,704.2922155236738,433.0739831950632,1092.687299903395,2.817225988445353e-05,-0.0558814158388072,96,69,96.83423511957317
21631,986.0040746183088,163234.9693633486,75833.62832841791,77375.77015516479,2146.834132300515,698.4850843493041,433.44362434509094,1109.0860010812466,-3.672965839163044e-05,-0.0573388624750386,96,69,96.83644487062703
21632,986.0219271449532,163239.96007808187,75813.55399424504,77388.7403999559,2142.2966679515666,698.627804950127,436.17472137048026,1119.6331428149424,3.10983455600496e-05,-0.029084772702196,96,69,96.8386454087894
21633,986.024238754108,163207.93075531317,75825.73397238563,77366.65915646407,2154.553734566667,706.4144052009506,442.2040003234288,1136.2495355912251,-1.345644713804502e-05,-0.0340036359398115,96,69,96.84083670081183
21634,986.0412432042588,163188.35372790744,75824.05500883551,77350.02739832127,2173.042014644714,717.9380436121428,447.7913594848942,1144.298524639802,-9.379266584387125e-06,-0.0127758758232619,96,69,96.84301871386432
21635,986.0440505736492,163194.4501574963,75803.13968133059,77341.16248480366,2199.019978023309,732.7337419859541,453.8984344160126,1156.07629882553,2.8587358512566344e-05,0.0101626207633608,96,69,96.84519141553584
21636,986.0618836340363,163206.96565714688,75838.51127992182,77401.87362424756,2220.230717792816,745.9328241773765,457.5177632449486,1158.8438297986577,-3.67494457502412e-05,0.0092696263909748,96,69,96.84735477383536
21637,986.0641158329896,163160.1520154809,75806.60650474529,77364.40919270039,2238.4591469553416,757.0699799167778,460.415284054965,1166.6623754187312,3.071526283489255e-05,0.013581550558998,96,69,96.84950875719268
21638,986.081179831821,163184.01664669343,75815.5949455576,77380.53679207826,2243.254657034122,761.9745142100583,460.08529248146806,1166.6061968037393,-1.2818547843811496e-05,0.020853466963205,96,69,96.8516533344588
21639,986.0840295813296,163157.3603259016,75834.79757514628,77342.31170258782,2238.850381048105,761.3794335362181,458.4383934448997,1171.5492412124004,-1.0025536362391338e-05,0.0115658302535719,96,69,96.85378847490738
21640,986.101831212476,163159.67441811223,75787.70261959646,77381.92011976097,2218.1541690495214,752.9181668236415,453.16831414125045,1168.2028058579308,2.899237207543724e-05,0.0054978130556917,96,69,96.85591414823504
21641,986.1039930555188,163139.2175724134,75834.02538103006,77367.02108367045,2188.0013493854203,739.1320902326697,446.179016764072,1169.2340537791024,-3.675681581105842e-05,-0.0224834281279174,96,69,96.85803032456194
21642,986.1211233609044,163159.07372844598,75813.70735507287,77382.49779027933,2142.654430376948,719.1719310553744,435.0886292409268,1160.4967022215715,3.032222747762268e-05,-0.0766805304553078,96,69,96.86013697443288
21643,986.1240095250392,163168.7627361358,75797.79059550064,77381.29468520373,2089.504937539983,696.586333843763,421.8898642368731,1154.497899650567,-1.2177004224493357e-05,-0.1139227198162055,96,69,96.8622340688176
21644,986.1417704943384,163150.9805587018,75828.5168019612,77354.811041753,2024.1678241118789,671.2044314010273,404.9734413205588,1138.7430437555013,-1.0667735888745744e-05,-0.1235097131676512,96,69,96.86432157911204
21645,986.1438711539444,163164.58665102834,75836.44947347172,77351.67970290451,1955.4245590495993,646.4716704878228,387.2675446612993,1127.43836582129,2.9387174456885663e-05,-0.1322577215127566,96,69,96.86639947713792
21646,986.161073892562,163214.91140771593,75839.04540168769,77371.78105223646,1880.2433514380245,621.5105287631159,368.01014303270495,1108.2708217286563,-3.6751779361793134e-05,-0.1401591532485033,96,69,96.86846773514462
21647,986.1639896035196,163214.8695207257,75795.0868294564,77369.06256671081,1808.3967864586157,598.7350335985539,350.4901664016652,1095.099932221754,2.991938260799437e-05,-0.1481371117355026,96,69,96.87052632580868
21648,986.1817004605676,163223.925521685,75826.01103701408,77379.40607778974,1737.7009890515474,576.5686563997006,333.9329152156715,1075.7018867529405,-1.153203678612559e-05,-0.153580626426224,96,69,96.87257522223511
21649,986.1837537418252,163207.630495213,75826.75768038775,77359.63245559316,1676.758442707418,556.7950830655464,320.7305780297029,1063.235959145677,-1.130565249375654e-05,-0.159728874007987,96,69,96.8746143979576
21650,986.2010260262396,163254.8899067705,75814.82206548715,77376.31027550774,1620.4571654971805,537.4616520305426,308.77163516549626,1043.6344885063882,2.977164333166002e-05,-0.1714863804443844,96,69,96.87664382693896
21651,986.203980696188,163251.448480848,75838.92389445096,77378.63700892366,1573.6882803350454,520.1588786186767,299.1008514172572,1029.0546051750134,-3.673435128734738e-05,-0.1674741223640863,96,69,96.8786634835718
21652,986.2215853130372,163226.54247915343,75839.01959194666,77391.27245928058,1528.9434029185213,503.2128805780085,289.10348620451987,1006.3625098728808,2.9506875143328663e-05,-0.1569188746484644,96,69,96.88067334267924
21653,986.2243814892698,163298.18804520537,75837.70900821603,77371.5007817494,1489.3142864076071,488.31415342168475,279.79005326365586,988.4148195670277,-1.0883867130869124e-05,-0.1409611003885299,96,69,96.88267337951471
21654,986.2410974410844,163319.83328098734,75829.40723279645,77366.84468016757,1447.5649995731656,474.0341466895188,269.3929768168309,963.1146814645035,-1.1939075161484531e-05,-0.1390777915717502,96,69,96.88466356976326
21655,986.243872672806,163318.9367271267,75834.39394026114,77375.26196640437,1407.7687488007941,461.95849834130786,259.8774626122031,943.2707536446105,3.0145659429318635e-05,-0.1374593113986415,96,69,96.88664388954088
21656,986.2616088349356,163371.92836992544,75824.16775726432,77379.3165661513,1364.9357317720423,450.61316080421966,250.57654635389918,916.7274960629584,-3.670455053682442e-05,-0.1274901413319729,96,69,96.88861431539594
21657,986.2642382251188,163343.49125401833,75876.44548449648,77358.97184437877,1325.2470690234913,441.32127793286054,243.9220220799325,896.6365237264254,2.908485452264653e-05,-0.1229649571009559,96,69,96.89057482430924
21658,986.2810338825868,163359.1643756792,75835.13738065356,77379.41000667025,1284.795254809258,432.2556014373549,238.90797048504464,869.8865015803312,-1.0232717674234056e-05,-0.1190523244263551,96,69,96.89252539369384
21659,986.283824602838,163406.99535336034,75841.48522249924,77400.65789551173,1249.0889702266431,424.15355420217384,236.61367970440187,848.2100251857773,-1.2567794699535013e-05,-0.1108139886384614,96,69,96.89446600139608
21660,986.3015948001585,163423.5988207598,75821.91220015366,77377.8797706081,1213.4437188960728,415.02980146117625,234.68279171723407,818.421451460832,3.0509107829883893e-05,-0.1130777473479974,96,69,96.8963966256956
21661,986.304111327116,163447.52179796813,75819.04587770997,77400.0804034035,1182.1841785971774,405.6495676416962,233.022377926216,793.3802617247566,-3.6662400623635546e-05,-0.1052857795897148,96,69,96.89831724530548
21662,986.3209618048868,163496.408499875,75805.09093816805,77355.71837181212,1149.6610992704518,394.49299683758,228.97127342334716,760.2326941020438,2.8653473375327145e-05,-0.0957893170687751,96,69,96.90022783937287
21663,986.3237919061938,163466.91176820776,75835.06836027747,77372.42559019699,1119.3488415885367,382.9167665973946,222.81573353815475,731.7417875209358,-9.57881167090177e-06,-0.1014793562737498,96,69,96.90212838747888
21664,986.34156494987,163539.22719513724,75837.72297364242,77386.25264896062,1086.3757483410882,370.4520968155557,213.3380416460277,695.8882154497551,-1.3191603602492742e-05,-0.1047415992149231,96,69,96.90401886963892
21665,986.3439883856688,163573.4885790726,75832.97028649642,77384.63198021703,1055.2812406259472,359.15690779128636,202.37156284743105,666.6019084178552,3.086187668969015e-05,-0.0996736427360531,96,69,96.90589926630284
21666,986.3608905038265,163578.05525234056,75831.6830226686,77396.60157679384,1022.2205531382351,348.7838086921547,190.1464048390335,631.5587462891417,-3.660792876092281e-05,-0.099652625886006,96,69,96.90776955835553
21667,986.3637675686832,163591.24616102478,75854.21759882898,77379.98002556953,991.6399705781369,340.6353676155559,179.07029426156078,603.7052812328911,2.82128876124242e-05,-0.094653002628995,96,69,96.90962972711634
21668,986.3815229826944,163652.77350127444,75858.74342813945,77372.35191867569,959.5957545836573,333.4261938976124,169.4655089956941,570.5670519145206,-8.922372912053832e-06,-0.0896166591162232,96,69,96.91147975433958
21669,986.3838675623967,163674.38598363491,75858.15356366758,77381.22741188377,929.3043357425486,327.09014130511787,162.7968930020288,545.1505284399318,-1.3810296543545457e-05,-0.0961049575878069,96,69,96.91331962221508
21670,986.4008223251996,163692.96412541924,75832.58815161586,77400.6078840161,895.3190136810299,319.5297504184855,158.05538738548057,513.7882757395564,3.1203858689502674e-05,-0.0938565246317705,96,69,96.91514931336728
21671,986.4037493558878,163695.05847081772,75856.40684436573,77358.47750907435,859.2115161718102,310.4752153946465,155.0076610443939,488.25834629981546,-3.6541166426559045e-05,-0.0889422784773261,96,69,96.91696881085628
21672,986.4214689346072,163708.25640421078,75847.35383681949,77395.32133850215,815.8392573138117,298.82633869971323,151.6926873451157,455.1384527249611,2.7763255736480937e-05,-0.0919414597636519,96,69,96.91877809817716
21673,986.4237504684988,163798.74392756147,75848.50498894,77363.20455178584,768.1123703817138,285.60519795933214,147.43197494905326,427.0433907894476,-8.263625968209303e-06,-0.0884934156198212,96,69,96.9205771592606
21674,986.4407560053936,163813.17341950745,75851.15978502303,77377.84639062578,713.6979253112222,271.0566199397872,140.89293938069022,390.4601994958939,-1.4423669775741576e-05,-0.1097444642586771,96,69,96.92236597847231
21675,986.4437390018348,163787.97043929546,75841.25151205617,77367.42327364344,658.3177838156698,256.54306501941755,132.35865991809987,358.0698964819021,3.153494930489353e-05,-0.1134710956121188,96,69,96.9241445406135
21676,986.4613976697616,163865.21758347395,75848.54992183407,77409.32703919451,602.4376084316173,241.84354541348876,121.91317505011102,317.6183495789883,-3.646214958418777e-05,-0.0944358676885587,96,69,96.92591283092024
21677,986.4636468087352,163873.8213464981,75849.16166362163,77370.58289124546,551.753999654029,226.62639980805397,110.54281022606301,282.90117393626133,2.730473964342055e-05,-0.0953019191723923,96,69,96.9276708350642
21678,986.4806763023482,163951.89397916646,75880.79195768466,77372.1396047396,503.96974078397034,208.84827181496075,98.5526672283595,241.28684075680212,-7.602795730159002e-06,-0.1020716061321723,96,69,96.92941853915212
21679,986.4837659010908,163959.34396189253,75860.8711670141,77374.61461256348,459.09483769343933,186.63906573719578,86.10722079416155,205.9843973199604,-1.5031521720702195e-05,-0.1026120747939844,96,69,96.93115592972536
21680,986.5012306215596,163991.9294614103,75836.87542923167,77394.59912253238,409.45090566191357,158.10236261377577,72.65884988114703,164.8630552192626,3.185504860476347e-05,-0.0936429454603883,96,69,96.9328829937604
21681,986.5042222358388,164051.7451062678,75848.63016484474,77375.4460641626,351.1116240436677,123.15021295365295,57.52673318123561,131.01421660007327,-3.6370917672718873e-05,-0.0938377875137331,96,69,96.93459971866834
21682,986.520860758022,164017.61760497245,75837.32768719664,77355.42522367515,277.919504439109,83.85248297071666,40.694573879329255,92.55009980953764,2.683750328978201e-05,-0.0961964941835867,96,69,96.936306092295
21683,986.5236127859716,164097.4059891894,75836.60147741275,77380.70614472235,193.28321750258328,45.084974864221294,23.161008465307532,62.854017114616,-6.940107754092633e-06,-0.0992379267719451,96,69,96.93800210291997
21684,986.541280619133,164103.9867826081,75874.49049286284,77376.45021603511,104.99184465542203,14.267874871511594,8.168106782686664,31.114994714356726,-1.5633653092817617e-05,-0.1289403487457349,96,69,96.93968773925764
21685,986.5440741787704,164129.21962903516,75820.8786663917,77349.34028838536,33.008165150356945,-0.0,-0.0,13.336045543575892,3.2164060019815695e-05,-0.1212414256197493,96,69,96.94136299045614
21686,986.5607978132944,164129.03499453186,75839.92425889739,77390.11876860482,-0.0,11.021067933543236,4.5989661282801535,-0.0,-3.626751476126937e-05,-0.1030872104900968,96,69,96.94302784609664
21687,986.5635523064234,164143.2239603884,75818.47332208602,77370.38618206626,32.414222720835824,53.35495376041217,26.396626044472214,6.8311566580377985,2.636171421350599e-05,-0.0941738059094238,96,69,96.94468229619436
21688,986.5812786007295,164104.14637679898,75822.3343256389,77366.09328622515,148.27655093185604,129.650244382472,68.80265625516768,23.51299098751042,-6.275787944843744e-06,-0.0956785333469034,96,69,96.94632633119718
21689,986.5839506320298,164046.30405452516,75833.16697904286,77360.87513869118,356.1642783804564,236.52783465536777,130.54782881203573,64.79152384941699,-1.6229866363659253e-05,-0.1094511775643307,96,69,96.94795994198586
21690,986.6007191134954,164000.4195176821,75846.36017186657,77394.03569314418,647.201108283829,366.36852864545654,208.21097774597,117.36086575710215,3.246189099559027e-05,-0.1240345279268685,96,69,96.94958311987334
21691,986.6035130063188,163913.95676141273,75827.98640504247,77364.0601020515,999.556545046391,506.5594956961868,293.8441437270085,191.80639547720784,-3.615198868898021e-05,-0.1315515524315656,96,69,96.95119585660494
21692,986.6212581034364,163847.84694152238,75830.53162684229,77399.30304345097,1379.7748880824656,644.0933732729609,379.91398678184487,271.5570758585818,2.587754201664027e-05,-0.1340866469591166,96,69,96.95279814435705
21693,986.623832636472,163755.28586864987,75804.0157400768,77353.38996684799,1752.5981325905304,765.6764414035424,457.39818954799557,365.30571787804365,-5.610062605698212e-06,-0.1547054878016048,96,69,96.95438997573784
21694,986.6406379054476,163645.1984358991,75814.37961320547,77385.06561774558,2086.094332841283,862.9073560653633,521.4761298076774,454.4701360348554,-1.6819966390114202e-05,-0.1563351719063283,96,69,96.95597134378583
21695,986.6434857016998,163525.98402100004,75810.07307332408,77345.1934935089,2358.658370074234,930.4384677041962,567.9654633968312,546.4890431327512,3.2748452969787464e-05,-0.1353950437201315,96,69,96.95754224197012
21696,986.6612240175774,163460.39806912394,75796.36627571785,77360.29981739234,2560.0276408680365,969.2878135151986,597.8682391665207,624.0444340237882,-3.6024391549070625e-05,-0.1522869595688773,96,69,96.95910266418969
21697,986.6637174617812,163428.62099548994,75811.17223538729,77370.25591987633,2690.685688097554,982.2943586926704,611.7415164913546,697.7979781750473,2.538515951692532e-05,-0.1520549199708895,96,69,96.96065260477268
21698,986.680557068524,163312.59322259555,75819.24146412138,77377.40471183542,2758.7078137599165,976.4656387942232,614.0414211777679,753.4115592261078,-4.943157957237352e-06,-0.1389678382153082,96,69,96.9621920584764
21699,986.6834683139527,163272.70640049007,75828.89666848879,77370.39153034025,2775.740395227098,957.3847094338416,606.6896663668012,804.3553945528693,-1.7403760562981402e-05,-0.0398078446993544,96,69,96.96372102048616
21700,986.701175733955,163216.44482481995,75780.42207610984,77373.75974345517,2755.156285532634,932.1923118573322,594.1637824902282,839.9019485147728,3.302366111418643e-05,0.2203345268783223,96,69,96.96523948641531
21701,986.7036074624584,163215.38850648727,75824.63052117353,77377.46350394131,2708.976195771538,904.5161349883856,577.285481881001,876.5446293059504,-3.588477927434568e-05,0.2620508351357306,96,69,96.96674745230422
21702,986.7204742701568,163146.50251271858,75819.54139505216,77390.85786699815,2649.2404701173073,879.029113429584,559.6545374462148,904.0050602177798,2.4884741696097552e-05,-0.2852523500993659,96,69,96.96824491462
21703,986.7234645519864,163144.52418984682,75818.34522381367,77390.76765081854,2585.4711143745226,856.7344722728594,541.2444559255091,937.3251937022433,-4.275300830232237e-06,-0.4581747386778697,96,69,96.96973187025549
21704,986.7411050814752,163109.11051294088,75823.44656466547,77375.38861537553,2527.2587731651147,840.1689762387105,525.1966664023348,964.7775000111724,-1.798105820697928e-05,-0.1490480209573361,96,69,96.97120831652929
21705,986.743516498733,163057.00732804308,75811.1080252313,77354.02038489083,2480.395436350489,828.4676297179976,510.9363480049651,999.4190507458407,3.328743462350031e-05,-0.1897148851520073,96,69,96.97267425118444
21706,986.760367926276,162995.86892074757,75820.56690584666,77360.48776352333,2449.7886417614063,822.860221724899,501.34522653301246,1026.6260546331469,-3.5733211938197195e-05,-0.1908774859162759,96,69,96.97412967238778
21707,986.7635149612984,162990.24604845478,75821.39116417275,77381.99878269518,2434.60578139429,821.0951024137903,495.0701279117784,1057.2084589438455,2.4376466288395965e-05,-0.1600474965284265,96,69,96.97557457872996
21708,986.7809121663864,162975.41675099358,75822.07506000901,77363.52200246385,2432.6267218015273,823.0094028216699,493.7479318592232,1077.1941886916757,-3.6067176657684047e-06,-0.1814542142596334,96,69,96.97700896922387
21709,986.7840112038352,162916.52376419195,75831.92836025389,77373.7334305873,2436.2442992182914,825.0835466367862,494.34694539022166,1098.6999022604723,-1.855167121858292e-05,-0.1629735911201323,96,69,96.9784328433044
21710,986.8006706707718,162927.2545374853,75821.95223303969,77354.32483312361,2439.2941360441037,826.6063495984417,497.09636939363554,1109.7877091544506,3.3539696431828634e-05,-0.1610419601577613,96,69,96.97984620082732
21711,986.8033266492284,162915.80955796444,75832.50787134012,77369.3015462044,2433.5885949367657,824.3178959500365,497.98995754271164,1124.1213739030354,-3.55697536334326e-05,-0.1722549084526799,96,69,96.98124904206892
21712,986.820979259305,162896.21396659233,75819.14771698543,77387.53158240173,2416.6141154023935,818.8674915008742,497.39929081941955,1130.7312728685793,2.3860513450403456e-05,-0.1826608121658586,96,69,96.98264136772497
21713,986.8238649974064,162879.32025233822,75795.78933080897,77357.74013875014,2386.2281803447404,808.7726698430488,492.10045788789284,1144.5337538451422,-2.937635217794341e-06,-0.1816354373464414,96,69,96.98402317890994
21714,986.8406062177944,162847.23934512312,75805.30661603592,77393.63972742522,2347.415440820041,796.8573485621455,484.39179526650696,1154.109114552528,-1.911541404233236e-05,-0.1704045090783467,96,69,96.98539447715612
21715,986.8432547640095,162870.94180964906,75782.47607778726,77360.03793147819,2304.3109557660064,783.4023491278786,473.353223583661,1172.1396983279556,3.378037389827811e-05,-0.1706188401307584,96,69,96.9867552644127
21716,986.8609864082656,162801.07619422366,75791.42946688477,77345.5715410695,2265.7812018885743,772.1360217869224,463.3732188808208,1185.3812594109913,-3.5394472134181774e-05,-0.167408860234808,96,69,96.9881055430452
21717,986.8637468484563,162795.85718872072,75795.66703819623,77343.12137706733,2235.976792403788,762.9904645607166,454.3780258176266,1205.915229676495,2.3337065759180724e-05,-0.1591221316719712,96,69,96.98944531583408
21718,986.8805225068064,162776.2781666463,75828.76220662837,77360.73715723373,2220.9731918494217,758.7538079443912,450.61922220594715,1219.8641523755796,-2.268280176713679e-06,-0.1554637467908672,96,69,96.99077458597418
21719,986.8832061957344,162771.12249554045,75811.32153528118,77357.51513480592,2219.799393411493,758.075326914186,450.6713153628807,1238.3855982051755,-1.9672103491970972e-05,-0.1412420972077641,96,69,96.99209335707388
21720,986.9009758517813,162721.8342527229,75766.79362449507,77324.59190568629,2232.79955183313,762.3967099957372,456.58121177877183,1248.1862203452038,3.400939789736486e-05,-0.1420724109551134,96,69,96.99340163315352
21721,986.9036329304872,162745.521405694,75809.33987981552,77360.50275681389,2253.475925045379,769.0072898139333,464.2614296535321,1262.0885891364887,-3.520743960661296e-05,-0.1349992065145427,96,69,96.99469941864533
21722,986.9204358977904,162704.52757520913,75800.57775665513,77373.79282544195,2278.6703733931645,778.4536067284207,473.97558148155804,1267.7171866108838,2.280630799304189e-05,-0.1074717564315566,96,69,96.99598671839156
21723,986.923169778786,162700.9800396129,75816.31468889587,77351.12557785626,2300.433427110489,787.4918188018637,481.0444310911698,1277.5366063584224,-1.5988788612975382e-06,-0.1077020894022081,96,69,96.99726353764412
21724,986.9409540907552,162696.25939205458,75812.07424693413,77405.30153071068,2316.3490358278505,796.3336476698314,486.3473653619585,1279.4130401442526,-2.022155909886292e-05,-0.1083259919856358,96,69,96.99852988206324
21725,986.9435186771028,162708.01823118678,75797.25214656738,77389.05086941386,2320.5035577743547,801.5228362636699,486.5526107378828,1286.190177096607,3.4226703710335745e-05,-0.0888528851159753,96,69,96.99978575771608
21726,986.960351233174,162673.15864175418,75773.4352820766,77366.97805168312,2313.785042409436,803.511403352677,484.5385800401564,1285.1129725445062,-3.50087315800851e-05,-0.0879256088956683,96,69,97.0010311710766
21727,986.963141531164,162670.23425055877,75794.70267202117,77379.60436333352,2293.5743697351427,799.440157206729,478.70409248085343,1287.6135219658318,2.2268427341291146e-05,-0.0884518923014533,96,69,97.0022661290232
21728,986.9809228114096,162665.10074280735,75804.2727328794,77353.48642992221,2263.3952022742596,790.5086804567545,472.6989272952778,1281.0414923876233,-9.296575455127862e-07,-0.1064158014747224,96,69,97.00349063883904
21729,986.9834031231836,162681.08968525575,75793.31984325645,77357.67126105963,2221.9734374147956,774.7894673269911,464.5488583241822,1277.7277978752682,-2.076360294638703e-05,-0.1546623231168517,96,69,97.00470470820969
21730,987.0002706713776,162700.22247944254,75798.9073525198,77365.48121816754,2173.6334371354314,754.8053412421286,457.1129217054404,1265.4592879812117,3.443223055944194e-05,-0.1929979761457159,96,69,97.00590834522224
21731,987.0031192870516,162682.7572734663,75815.0732997832,77360.21146952709,2117.3837246227777,730.0909206569486,447.4683417112101,1256.3850730253034,-3.479842779235842e-05,-0.223583872673049,96,69,97.00710155836472
21732,987.0208823520802,162720.141934534,75789.16498620402,77359.03803360993,2057.729236026702,704.2188298299297,437.6497962218127,1239.258032737358,2.1723613389086948e-05,-0.25596419376299,96,69,97.00828435652446
21733,987.0232865927574,162686.89674948735,75776.71486831101,77353.4115976239,1993.8493509619148,677.173472465438,424.4683947507874,1227.0312027640175,-2.6084229101801364e-07,-0.2688692681565895,96,69,97.00945674898676
21734,987.040195229696,162726.2163600349,75789.71492811837,77357.84147636432,1930.8330758017837,652.3480873946537,410.7304501240433,1208.091114619776,-2.1298059932402257e-05,-0.270517928411664,96,69,97.01061874543412
21735,987.0431016483676,162773.00266395326,75807.24326239484,77338.13644126581,1868.1264409688301,628.8700435754872,394.55792384501547,1194.1321238891105,3.462592135640555e-05,-0.2744897713959132,96,69,97.0117703559444
21736,987.0608324470192,162740.9209896838,75810.13574666281,77370.85265263847,1810.2766657568864,608.5852698153612,379.80328555894084,1173.504531717772,-3.457661175927709e-05,-0.261808353839817,96,69,97.01291159099004
21737,987.063170196754,162782.384372757,75799.54496590197,77366.03900599555,1755.2755582027603,589.1018410455872,365.00010790262604,1157.9009621750156,2.11720574624702e-05,-0.2556124962485866,96,69,97.01404246143645
21738,987.08012505189,162762.69000560965,75783.73704694239,77363.88837408012,1705.915389906615,571.3777789076994,353.771789104474,1135.2162686697557,4.073417052947785e-07,-0.2602408551229051,96,69,97.01516297854096
21739,987.0830879036804,162787.97517385543,75814.7410146085,77368.57562353213,1658.216641661711,553.0291858249984,343.6095413478615,1116.672834645462,-2.182475747078084e-05,-0.2455029589630983,96,69,97.0162731539516
21740,987.1007721728662,162837.78028591204,75797.92060524509,77353.53846432456,1613.1181050260784,535.5555358660204,336.3983324559522,1091.4390867046604,3.48077235127274e-05,-0.2463759891080804,96,69,97.01737299970516
21741,987.1030560547912,162844.13039533692,75775.70652663041,77399.43415552806,1565.6384608245571,517.625178667251,328.1391805050953,1071.7764527267427,-3.434337092005422e-05,-0.2575693291599034,96,69,97.01846252822664
21742,987.1200589309952,162848.78715198286,75811.82319764083,77368.01552714579,1517.3007183599984,501.798500735531,320.30466918766615,1046.829023247119,2.061395322063199e-05,-0.2585545477898844,96,69,97.01954175232711
21743,987.1230788189002,162880.88067762906,75799.3834880746,77358.45535473055,1465.081756245636,487.33170371034066,309.6051598744816,1027.9159621831495,1.0746689524798254e-06,-0.2557555381784505,96,69,97.02061068520295
21744,987.1406987663224,162906.43874828977,75809.38147994937,77319.83029258183,1413.0980103339534,476.2850752180966,298.756609491742,1004.0894563127949,-2.23435260274776e-05,-0.2842641446511451,96,69,97.02166934043416
21745,987.1429491005968,162924.18846293126,75816.13202643864,77364.96969658264,1360.899836859724,466.8255158679531,286.0071337222471,985.8219080564159,3.497758839275643e-05,-0.2766455460697178,96,69,97.02271773198278
21746,987.159991438118,162926.20003804626,75832.92655609289,77396.30817795437,1314.1847996889264,459.6787465066591,275.3420945511316,960.8639082795708,-3.409879627099473e-05,-0.2519125551293097,96,69,97.02375587419156
21747,987.1630813057576,162922.34720322143,75788.93037314415,77339.06769157427,1272.1017469328362,452.0576654207107,265.424906005268,938.7592963119678,2.0049496181236212e-05,-0.25215050328115,96,69,97.02478378178286
21748,987.1805997062356,162986.54124860975,75812.95874950575,77373.62618043406,1237.6636590586277,444.1657366418658,259.42712875429424,908.5788453415153,1.7409151582061965e-06,-0.2588194496278771,96,69,97.0258014698567
21749,987.1828716761996,163015.50969303944,75802.134081773,77358.01668758939,1206.429103656381,433.70849636268395,254.7698213054391,881.1754891107557,-2.2854198653612523e-05,-0.2592313283864436,96,69,97.0268089538894
21750,987.199882270108,162995.6348981589,75779.57822071158,77352.92199591723,1178.3468165695085,421.9667229461338,253.38035892194603,846.7207221270946,3.513547134548594e-05,-0.2506700746955321,96,69,97.02780624973204
21751,987.2031909428608,163081.86611202138,75835.48035967737,77347.2677454242,1147.6718109400827,408.0416123631294,251.76380671581137,816.573747312359,-3.384298242930606e-05,-0.2516530550090772,96,69,97.02879337360912
21752,987.21988288415,163105.9737250347,75790.46676092067,77358.19331212193,1114.902772753907,394.05950265367574,251.03152433622745,782.399381358875,1.947888412375649e-05,-0.2429628277596473,96,69,97.02977034211663
21753,987.2224302826204,163134.16494140343,75775.06104284668,77385.03588176005,1077.149000595673,379.84424032217066,247.92126004234888,754.4525087900693,2.4058562430848912e-06,-0.2480762956416838,96,69,97.03073717222124
21754,987.2400071655333,163120.41908024703,75820.34000269728,77349.50740550697,1038.3537953026826,367.54655460090726,244.27608820796013,722.676782014838,-2.3356611852903783e-05,-0.2422592740916873,96,69,97.03169388125762
21755,987.2430363002704,163172.0626889147,75823.82937879709,77371.40966702646,997.9939854423283,356.44117794425983,237.58739406536915,696.3630522463063,3.528133209358447e-05,-0.2321813084105083,96,69,97.03264048692768
21756,987.259825510792,163159.27677240342,75809.27018699999,77342.62009006695,960.4442121993634,347.5695251707948,230.3587500747526,664.9225252169126,-3.357602817334786e-05,-0.2319536472398263,96,69,97.03357700729885
21757,987.2623364140428,163264.43814545905,75822.26117009569,77370.83982721964,923.9556431932724,339.181403592258,220.77533350687008,636.6202048878476,1.8902316185559017e-05,-0.2322087160991774,96,69,97.03450346080191
21758,987.2800261608998,163240.9794502994,75783.12130925659,77360.81199098374,890.2552913631662,331.1992267136666,211.54105860268464,601.1583391891618,3.069269005524528e-06,-0.2294447148539861,96,69,97.03541986623028
21759,987.282928050522,163274.1546762805,75792.23548102283,77344.2464678353,854.9304852025234,321.338039488357,200.74506689913687,568.0443805565301,-2.3850604377311564e-05,-0.2236929629428907,96,69,97.03632624273736
21760,987.2997370176266,163316.49663927258,75814.6370970259,77373.42623973374,818.1146126433741,309.57803409751796,190.86800920640235,528.4777955119207,3.5415134133095804e-05,-0.219973792216423,96,69,97.03722260983534
21761,987.3022725479392,163388.8962521347,75797.3652474382,77359.08714134044,775.9051581664244,294.754304417409,180.1290570407582,492.0731908342277,-3.329803581837749e-05,-0.2146722216000948,96,69,97.03810898739395
21762,987.320025983862,163366.63467956136,75834.27113999968,77352.27923917612,730.1686370508978,278.132253464486,170.91058272047667,450.58957865976845,1.831999389025704e-05,-0.220131491445267,96,69,97.03898539563752
21763,987.3228250754088,163420.55021009452,75815.35568768217,77379.50364539238,679.5011034481577,259.86415156214207,161.3024868069624,414.05526140498114,3.7309308332503263e-06,-0.2131264337900075,96,69,97.03985185514482
21764,987.339642190357,163464.31986725918,75824.4633955216,77376.8561041959,627.8303543090587,241.6527913363243,153.40910069746315,374.2801964870596,-2.433601876813792e-05,-0.2025278792537728,96,69,97.0407083868456
21765,987.3422232145724,163510.86905292378,75831.26691016172,77368.35091161662,574.9847789140767,223.38602821429959,145.1958204797993,339.7882213401317,3.5536845459809e-05,-0.208031853367363,96,69,97.04155501202057
21766,987.3600157525163,163508.88309751404,75796.12917947907,77354.77848315534,523.9580242421362,205.2656073643011,138.0195504949079,301.606715300848,-3.300911077742584e-05,-0.2084787461490421,96,69,97.04239175229824
21767,987.3627206842826,163571.29169687934,75840.84147536784,77375.44638260157,471.9742669045809,185.44600777367305,128.8121761905786,267.60562936851056,1.7732119944057042e-05,-0.2007917482605281,96,69,97.04321862965396
21768,987.3795473649528,163619.57815223734,75814.4212747441,77392.62017472782,418.2298577800393,162.4989735663694,117.74195360927843,228.5027462943399,4.390620197870758e-06,-0.202951440511487,96,69,97.04403566640762
21769,987.382183765484,163636.154503808,75809.82491342073,77335.06070414885,357.1218847077689,134.45223191432888,101.42731547245057,191.38766345052863,-2.481269991613677e-05,-0.1971467138091479,96,69,97.0448428852221
21770,987.3999976326947,163665.6883039491,75831.4457947241,77341.30969703835,287.1952149816789,101.29950299290067,80.68494270116207,148.19242748775287,3.564643766714075e-05,-0.1943552954679802,96,69,97.04564030910178
21771,987.4026130852332,163679.11887020685,75832.52366227185,77356.32870449356,206.77732981555164,64.86700946485507,54.76888814155245,108.2073717842868,-3.270936275374105e-05,-0.1978983678883258,96,69,97.04642796138954
21772,987.4194554475316,163737.7792669883,75851.98439517866,77325.26290677363,123.10393490607385,30.34275325622002,28.806961031164974,66.31586937425891,1.7138898973124407e-05,-0.1936182775145806,96,69,97.04720586576607
21773,987.4221518212304,163836.7195524219,75838.3338766992,77391.86476190735,47.397786963090766,5.543934185625403,7.485023411863949,33.76436180114979,5.048116223699296e-06,-0.1817856959885819,96,69,97.04797404624766
21774,987.4399721102272,163776.478669564,75840.53587911121,77395.07549143494,-0.0,-0.0,-0.0,7.715836929884972,-2.528049631806654e-05,-0.1872290698037534,96,69,97.0487325271843
21775,987.4425019748423,163804.48954174662,75800.85172099227,77371.88933128506,1.85793617204763,22.932408222433878,12.363217156787869,-0.0,3.574388687399798e-05,-0.197692310065938,96,69,97.04948133325703
21776,987.4593681807424,163815.5444429859,75821.67546582161,77372.91252579918,74.80703395832097,80.30448178754887,50.775071061303606,6.594262303202413,-3.2398904616795755e-05,-0.2045161299610351,96,69,97.05022048947734
21777,987.4621256958912,163796.0655179228,75809.23504059641,77368.71952647966,231.19428810407408,173.35237449911074,114.514239800832,35.5590688904922,1.6540537493028954e-05,-0.2116410814772952,96,69,97.05095002118438
21778,987.4799391499446,163692.8495929583,75820.99178230985,77349.8391116349,473.6276316914009,296.507482945206,200.23762468565837,79.2551218366716,5.7031992862820095e-06,-0.2005675659939809,96,69,97.051669954043
21779,987.4823876852502,163664.29680080048,75826.85564848056,77397.45592718216,789.0435199092026,439.3962586812704,298.1253704885312,141.65829618877615,-2.5739259590775357e-05,-0.1909551772922889,96,69,97.05238031404222
21780,987.499286748796,163605.11372124034,75822.09196575943,77352.13656392458,1153.8564821928157,587.239739131488,398.46652641668334,211.84427389639313,3.5829173346601794e-05,-0.1983159404459027,96,69,97.05308112749287
21781,987.5021039435984,163486.82670267462,75817.26976716034,77379.55031634086,1535.2876167895156,725.9455186222913,489.9054101247457,291.0491589108424,-3.2077852639641906e-05,-0.192134651239228,96,69,97.05377242102595
21782,987.519898577506,163448.58413845854,75818.02961234756,77375.58082495884,1900.663650137256,842.8423212994239,565.4794538521965,368.4373652570066,1.593724278674495e-05,-0.1817483660825195,96,69,97.05445422159006
21783,987.5222708772316,163332.00971120925,75797.1234643621,77371.97609194409,2221.039567419677,931.4065918620036,620.1048428406066,446.484348467784,6.355650321968841e-06,-0.1828230667278547,96,69,97.05512655644998
21784,987.53921198888,163265.4011809843,75808.59513518412,77385.58678994884,2477.789820498205,988.9405989051738,654.1365257633588,516.796885299962,-2.6188844216457118e-05,-0.1508570294659411,96,69,97.05578945318436
21785,987.5420851994088,163203.22235996593,75812.58951604141,77349.89462652228,2662.125298197265,1019.0189353631868,669.246212186903,583.9688411072129,3.590228134284709e-05,0.0257113663387566,96,69,97.05644293968363
21786,987.5598502397182,163166.94482527816,75818.31369100856,77375.02966869796,2775.6862194725545,1026.318596909914,670.1326984081679,642.4828156505246,-3.174632717253821e-05,0.270980131921917,96,69,97.05708704414828
21787,987.5621523963696,163087.57214626367,75852.9719499685,77360.78702058241,2826.448990236444,1018.3507123482559,660.5982782359933,698.3699357625155,1.5329224235332422e-05,0.0742324039306071,96,69,97.05772179508595
21788,987.5791444793916,163044.53563607993,75828.62308148044,77386.93653832068,2826.7613549412345,999.815914803723,645.3160150939075,746.5576444853796,7.005251932407653e-06,-0.4624942977997734,96,69,97.05834722131064
21789,987.5820681200192,163012.26276779053,75806.79847404186,77367.4454716857,2789.957725358603,976.1607781151397,627.0707960148284,792.0249126049748,-2.6629108475389768e-05,-0.3483813972543449,96,69,97.05896335193948
21790,987.5997940848775,162951.3608305586,75824.91424466071,77365.55761552474,2729.4190346456016,949.2119500981644,608.7755573623872,829.4370222215075,3.596319944823955e-05,-0.1495585298593038,96,69,97.059570216391
21791,987.6020331877068,162905.71780815406,75801.46366472967,77393.93849291254,2657.3740446236916,922.4421498923766,591.6514883591735,863.3386343943712,-3.1404451058192336e-05,-0.2223774010580789,96,69,97.06016784438306
21792,987.6190845845792,162884.88722210607,75811.40859580973,77402.97395151954,2584.535084301431,896.5121232643141,577.0532850361487,888.9803973831004,1.4716692538201735e-05,-0.1714211451415403,96,69,97.06075626593092
21793,987.6220513631486,162833.70652051835,75786.9929840766,77376.0448997859,2519.594492791395,874.7556979071378,565.0319862890174,911.7377555211133,7.651787627966554e-06,-0.1846379289258763,96,69,97.06133551134484
21794,987.6397302098056,162865.36850511705,75795.68801866903,77385.5814928438,2468.2834956535953,857.5741150991526,555.7590499808139,928.9571148315736,-2.705991330495621e-05,-0.2101001865836209,96,69,97.06190561122769
21795,987.6419142323653,162846.040173002,75783.52454852391,77364.68410487073,2433.1749423764413,847.3916818887956,548.5622303409036,946.9899803144217,3.601191983938808e-05,-0.220877557389818,96,69,97.0624665964732
21796,987.6590324851855,162850.32328492173,75814.1787114979,77372.88452588468,2412.8414022445213,842.2209440281003,543.0411497516325,963.3011219039035,-3.105235125406141e-05,-0.2070113386350058,96,69,97.06301849826367
21797,987.66203358115,162783.87100517633,75786.41596725018,77364.7812106787,2403.1439923621365,841.6215325666126,538.4077219105384,982.6462308461778,1.4099859373391994e-05,-0.2072197911282542,96,69,97.06356134806768
21798,987.6796588933184,162746.58440435567,75827.15857440708,77390.71982168776,2397.486586864805,841.0463241100515,534.1262450669019,1001.026847275265,8.295042468573698e-06,-0.216979591389564,96,69,97.064095177638
21799,987.6817964900972,162759.9569503266,75806.349448714,77367.08798083855,2389.499157018552,839.0609648088575,529.4812833868782,1021.0581117515394,-2.748112381935032e-05,-0.2059072541775699,96,69,97.06462001900894
21800,987.698988209898,162719.89716121144,75784.9310600149,77380.33444502197,2373.4973526865942,831.7995781590143,523.8657710874104,1037.6048388709605,3.604843959937599e-05,-0.1908849575638636,96,69,97.06513590449504
21801,987.7020134149456,162731.2510128244,75788.27290513905,77350.40726970774,2347.1646147010615,820.4659261885099,516.8013813020953,1052.7387361046567,-3.069015770741575e-05,-0.1958997915324292,96,69,97.06564286668797
21802,987.7195806284572,162696.453822373,75792.8649270356,77370.643045096,2310.750185183191,804.6166776284808,508.1117726609227,1062.572742455959,1.3478937836541716e-05,-0.1959984625087235,96,69,97.06614093845452
21803,987.721680836098,162715.6129213072,75780.5703602197,77361.6449691129,2268.341255525127,788.4827597124822,498.28507342300145,1070.3181813599367,8.934802187110452e-06,-0.176241732814746,96,69,97.06663015293462
21804,987.7389516798908,162689.65782894022,75803.04487079289,77371.78016957593,2225.2876599724987,772.9003521154809,488.1460665061604,1073.705238238268,-2.789260778531763e-05,-0.1716962427543485,96,69,97.06711054353865
21805,987.7419894746522,162703.93064800723,75786.92214280556,77369.05814362725,2188.494063968479,761.836899313188,479.153200182016,1076.859794864693,3.607275952608056e-05,-0.1556368448243791,96,69,97.06758214394549
21806,987.7594961679443,162681.15479291364,75816.52829145025,77362.38718880269,2163.1025962738204,754.5489006492571,472.48496283756685,1078.6815070507,-3.03180038286e-05,-0.1290251342014177,96,69,97.06804498810004
21807,987.7615679763647,162666.58783320524,75772.40404717167,77372.80428326744,2152.854365347128,752.8696430131095,469.4187957303948,1083.2002515744534,1.2854142094996266e-05,-0.1175498610443185,96,69,97.06849911021096
21808,987.7789227857036,162695.35520144593,75765.34595242089,77356.7543572255,2157.469019701006,753.8645484386652,470.2011425814708,1089.0768556565454,9.570854802413736e-06,-0.104596955402968,96,69,97.06894454474852
21809,987.7819602831148,162655.2379496961,75810.80014603338,77389.76376873102,2174.5539503994514,758.11262508035,474.89198045100784,1099.1694664253737,-2.829423662381811e-05,-0.0803438599485491,96,69,97.06938132644176
21810,987.7994066114824,162671.22153700795,75809.20098807979,77381.31397737289,2198.548985524045,762.3848251371965,482.2799514383951,1111.2589065609209,3.608488460782185e-05,-0.0663488723520751,96,69,97.06980949027692
21811,987.801458306521,162636.8024915404,75793.45379487202,77352.48510074674,2223.807667282992,767.6425048958627,491.1846257688594,1126.4706644471735,-2.993602601524181e-05,-0.0706098407059013,96,69,97.07022907149444
21812,987.8189015413552,162634.0514022689,75794.04862744779,77335.94347357005,2244.1169683746994,771.1176410109911,499.4150259325688,1141.437435064261,1.2225687528561602e-05,-0.0738152667548651,96,69,97.07064010558696
21813,987.8219241236396,162582.26946524883,75767.78407081471,77366.73868183907,2255.5917796847643,774.2869588392059,505.51625728822546,1156.1122857010923,1.020298932476101e-05,-0.0913455704591817,96,69,97.07104262829702
21814,987.8393136109742,162603.24658876396,75769.32140040073,77361.79309123998,2255.342547804117,774.5581042778358,507.6087843928253,1167.2012155642733,-2.8685885514080215e-05,-0.1099576924608461,96,69,97.07143667561422
21815,987.8413516142244,162592.4793173669,75762.73900790687,77365.33838856021,2242.9863454116276,773.1049456688925,505.17359180303174,1174.7562441346818,3.608482374087826e-05,-0.1300677835498012,96,69,97.0718222837734
21816,987.8588884505526,162580.8210182942,75784.84454286686,77351.8173232494,2218.4276742218644,766.7800376293744,497.53582839260343,1176.6043863203959,-2.9544364062630825e-05,-0.1672471808134555,96,69,97.07219948925174
21817,987.8618786070178,162612.1345268359,75800.59677398254,77369.4727517373,2182.870272048982,756.7116155729018,485.65127183604636,1173.6795273659227,1.1593790473211627e-05,-0.1971781126693491,96,69,97.07256832876703
21818,987.8792199501648,162589.44277759234,75786.10004242498,77380.44143139797,2136.9043101502466,740.3561169769528,470.2069713397359,1165.2137998685066,1.0830996234813184e-05,-0.212729264102658,96,69,97.07292883927448
21819,987.8812462629708,162604.94655988913,75811.56719407883,77332.33166123004,2081.8223840214196,719.8466166505968,453.24290701406426,1152.735679774196,-2.906743265818544e-05,-0.21998796237263,96,69,97.0732810579647
21820,987.8988856092768,162609.6938669051,75789.05094213998,77383.87286465961,2018.5455283805495,693.823012765788,435.89808238192927,1136.3223594973388,3.607259031973997e-05,-0.2145505169871907,96,69,97.07362502226148
21821,987.9018191791752,162680.32573665906,75784.16439431791,77364.6094686859,1949.09794313967,665.7357688076881,420.04800936282845,1117.5138761244598,-2.9143160637336283e-05,-0.2050337167554144,96,69,97.073960769819
21822,987.9191316874428,162657.53775226802,75810.34723712351,77360.61505722628,1875.6512744689244,635.2407636480202,405.9067379803746,1096.6169213930843,1.0958668067144032e-05,-0.215488096939007,96,69,97.07428833851952
21823,987.9211359779432,162684.97961719724,75796.7465930715,77359.2951499363,1801.2439264403656,605.9980356399319,393.92396752053173,1074.6350287699024,1.1454667963135937e-05,-0.2068178866208717,96,69,97.07460776647092
21824,987.9389016496038,162729.4629345935,75823.26938907303,77344.9470550819,1728.681790020899,577.1394485382189,382.77839713398134,1051.8250043769658,-2.9438760252481996e-05,-0.1825782278218422,96,69,97.07491909200434
21825,987.9417311459928,162704.1404181606,75797.76987280168,77364.63559052865,1660.648598353786,551.4827684892807,371.96328426667606,1028.6330465950596,3.604820170356712e-05,-0.1863606294340392,96,69,97.07522235367148
21826,987.9590720756552,162771.03972732846,75802.72872447665,77366.48731484984,1598.8630736387568,527.2589302806591,360.048691283213,1005.3837417135655,-2.873256176938357e-05,-0.1816323071076512,96,69,97.07551759024234
21827,987.9609827191262,162787.78446873542,75787.5236070794,77355.57007086175,1544.0106223736075,506.4367297968274,347.31342630204745,982.1841737299401,1.0320538643337844e-05,-0.171568683382385,96,69,97.07580484070272
21828,987.9790156580368,162802.8211945169,75806.59685959622,77372.82746483535,1495.7616857516696,486.88310809656105,333.6609279822733,959.601190268033,1.2073798496949698e-05,-0.1594773072355329,96,69,97.0760841442516
21829,987.9813390785172,162842.23247664166,75785.09259370543,77370.3759118035,1452.744751541235,470.8816464126139,320.79956237546867,937.2274956671754,-2.9799753968577195e-05,-0.1519181447389804,96,69,97.07635554029878
21830,987.9983210941296,162842.11065854426,75825.05661936998,77385.59340086595,1413.3100176372682,456.77944262530946,309.405230798875,915.5332645047747,3.601167914860277e-05,-0.1390910389029021,96,69,97.07661906846252
21831,988.0010799390552,162864.5012086062,75787.5287073286,77391.05224734358,1375.2039797119796,446.68515852166456,300.8488090482424,893.6202879184566,-2.831271641131375e-05,-0.1400170178458783,96,69,97.07687476856646
21832,988.0189166357538,162905.51324946404,75792.62802697317,77365.31438706661,1336.92561940843,438.5221433130937,294.5719964664604,871.9061866065895,9.679620837319755e-06,-0.138445207545114,96,69,97.07712268063769
21833,988.0212585385166,162911.8610141196,75812.1362959018,77366.91967490061,1296.8109309903812,433.38165196769114,290.24482461554,849.0414765823225,1.26881833799847e-05,-0.1217669933235645,96,69,97.07736284490406
21834,988.0382211634234,162953.0150841927,75804.78224758951,77357.73011891203,1254.8457094883197,427.98699520564696,285.8457388188981,825.8232777982194,-3.0150302960477412e-05,-0.1216236552634645,96,69,97.07759530179158
21835,988.041079905164,162974.048558916,75803.10947643936,77368.34272556842,1211.0068977852352,422.48403519397834,280.4864598379354,801.0231972458423,3.596304829916539e-05,-0.1200135011001728,96,69,97.07782009192178
21836,988.0588537112452,162972.692053154,75822.62428021226,77376.69030080205,1167.3067211179296,413.7908278682444,272.88988201264874,775.9906624227588,-2.788377647000018e-05,-0.1173999283331034,96,69,97.07803725610977
21837,988.0611518431624,163013.17586381684,75784.64380386237,77374.78926326736,1125.0340775342775,403.08208773078513,263.8535579474992,749.4859178921615,9.036134147844904e-06,-0.1201033631366935,96,69,97.0782468353605
21838,988.0781438505828,163067.86924407698,75795.09614506626,77375.20580217,1086.9577773893252,388.9158278120449,253.9885465747211,723.4034644049825,1.3297620294452604e-05,-0.1101353139320007,96,69,97.07844887086765
21839,988.0810711876557,163085.88419511463,75811.72951238244,77373.47066554325,1053.5447361241677,374.0338835547882,245.27814775280422,696.3629081365943,-3.0490299886843325e-05,-0.1063599306734616,96,69,97.07864340400992
21840,988.0987902702384,163102.84169481503,75794.08713460366,77370.07279247764,1025.8287179691833,358.35451917622413,238.36154087487375,670.1173118112783,3.590233867300489e-05,-0.1116749209413126,96,69,97.07883047634908
21841,988.1010390997574,163116.22471964586,75793.03950834055,77364.56218033339,1001.4524440564564,344.8806524982647,233.9450897895149,642.455340348446,-2.7445896645352742e-05,-0.1106227774798766,96,69,97.07901012962722
21842,988.1180781197256,163149.22506303323,75795.45595232541,77350.70808426579,979.1354985854123,332.79662795420154,230.72334690220305,615.0684759407886,8.39029921314679e-06,-0.0991140707482675,96,69,97.07918240576402
21843,988.1210597881412,163203.69125349284,75842.37677566815,77384.26445155471,954.6621857327409,323.5391811502195,227.60885222093202,585.4162534205534,1.3901908651126212e-05,-0.1024274675424174,96,69,97.07934734685465
21844,988.1387214042064,163238.00437316994,75799.22507949772,77368.59934604206,926.5101032475941,314.95646611135453,222.55416160949972,555.339952126873,-3.081964164236107e-05,-0.1167486370803144,96,69,97.07950499516652
21845,988.140924852038,163249.49476952731,75838.87573223497,77397.08565227246,891.2215798594407,307.3724176582473,214.89269727948704,522.2326538732741,3.582958387668632e-05,-0.1365754185622806,96,69,97.07965539313749
21846,988.1580215244802,163281.4180578895,75836.89508171593,77398.80928429861,849.7300922895083,298.2712967717671,204.07813403065666,488.86637350416277,-2.6999234686764024e-05,-0.1267030632176286,96,69,97.07979858337228
21847,988.161046356121,163327.70179896415,75832.81954834047,77389.52009099534,801.2502171256347,288.0715248346387,191.3927861530101,453.1783965683135,7.742336471152928e-06,-0.1275157414760851,96,69,97.07993460864076
21848,988.178645831338,163350.9540293153,75835.1706219744,77395.63678368494,749.6769383946084,275.08120221676654,178.182069100847,418.57576334598707,1.4500849737349429e-05,-0.1249703129116804,96,69,97.08006351187495
21849,988.1808113114892,163400.30397501672,75797.773296132,77370.09892206955,695.9885425062967,260.4216861341556,166.6659818245098,382.8973690609564,-3.113822836034205e-05,-0.1133328821282609,96,69,97.0801853361666
21850,988.1979730636498,163435.4879183099,75833.70904129086,77390.77284842519,645.0056878827163,243.12939252972137,157.87112398110912,349.72833553812234,3.57448216119684e-05,-0.1174610616184556,96,69,97.08030012476404
21851,988.201030401721,163507.70575258485,75836.15729176505,77352.03874458048,596.1645289299195,224.549420211275,152.21971818921156,315.94002910645213,-2.6543950943776407e-05,-0.1051433381768821,96,69,97.08040792107028
21852,988.2185632916376,163489.0361152213,75841.82481442389,77390.03782384255,551.1158342039562,203.78126916722977,148.08559136863914,283.9004566911317,7.092467501989828e-06,-0.1022133391814565,96,69,97.08050876864012
21853,988.220700023682,163536.2017315278,75816.1877851454,77380.00663107153,504.4960489535588,181.4301016479585,142.98269297680235,249.0491845489014,1.5094247356980694e-05,-0.1045268751369418,96,69,97.08060271117743
21854,988.2379320448096,163549.09532782002,75823.66230544745,77361.53469899287,454.165753922367,155.84131511602027,133.43320315872552,213.8595968869049,-3.144596405657361e-05,-0.0971210677387727,96,69,97.08068979253235
21855,988.2410111125928,163645.89162733738,75843.62427095824,77383.41007609556,392.46019295824226,127.08339805460128,116.95143300012569,174.34477778107976,3.564809345142236e-05,-0.1130546629063121,96,69,97.0807700566992
21856,988.2584739788882,163651.23312557166,75825.9837245694,77406.85969084883,318.9315692357486,94.47546461984166,92.66438849410042,134.71929511229973,-2.608020892705717e-05,-0.1197728165694513,96,69,97.0808435478134
21857,988.2605922505688,163685.3369777079,75847.47926975224,77394.06704782737,231.6756706184824,60.41540991936927,62.75729883668828,93.15696788954665,6.440913512443595e-06,-0.0930191838161319,96,69,97.0809103101491
21858,988.2778977909898,163722.9003515314,75839.85985654722,77405.41828260897,141.0333724662196,28.423072935867822,32.28040020028129,56.8833766283642,1.5681906501590004e-05,-0.0798604182146312,96,69,97.08097038811614
21859,988.2809876048352,163791.71556017688,75850.68245017908,77395.89921415642,57.71940874820575,5.649598114978289,8.659207271994092,25.680461095442297,-3.1742756604078314e-05,-0.0873440854421719,96,69,97.08102382625783
21860,988.2983783588884,163810.86855892968,75833.0262011574,77376.43660308255,4.545073389774188,-0.0,-0.0,7.188977042096667,3.553944535480164e-05,-0.0831029178769567,96,69,97.08107066924852
21861,988.30048907891,163815.0160313305,75844.34012956091,77368.83763082573,-0.0,20.174059640659834,13.033050294587156,-0.0,-2.560817418252968e-05,-0.0870785199099552,96,69,97.08111096188988
21862,988.31786954885,163773.09517719987,75853.23681862548,77383.44779611149,67.82175252819434,72.04179154404846,51.451505019067554,10.228741975850426,5.787896852262927e-06,-0.0990421807481603,96,69,97.08114474910955
21863,988.3209590277856,163757.36769086542,75862.65735597881,77414.61368879493,216.95212156907655,157.6909882602631,114.38297743466683,33.61097472257097,1.6263635136478916e-05,-0.0895539736835484,96,69,97.08117207595754
21864,988.3382770911631,163721.10140658176,75848.82673936334,77401.27673324206,452.7967987158336,273.3799980916665,196.80145322624594,73.54320801445283,-3.202851761107122e-05,-0.0942387676160825,96,69,97.08119298760428
21865,988.3403914502472,163708.36944678685,75827.7334663186,77407.430478776,759.6877244923962,410.0954940930678,289.917633706209,123.48762997385347,3.541892672309976e-05,-0.0926245046557126,96,69,97.08120752933732
21866,988.357846461246,163616.08942974504,75855.15702475178,77419.1684686057,1118.657521296409,554.9446550826688,383.90888502579764,185.96511460357578,-2.5128015357137437e-05,-0.071202188360578,96,69,97.0812157465592
21867,988.3609246200206,163565.37586007427,75863.85081225264,77405.94425380825,1494.0362200671225,693.54253708545,469.1068497385713,253.32239507805207,5.133639695028874e-06,-0.0754637939189456,96,69,97.0812176847844
21868,988.378170983478,163480.69042015495,75858.7845970276,77377.79566281107,1857.041794458928,813.3032869730669,538.8933157970023,327.4279222924961,1.6839243068451057e-05,-0.0800977461723182,96,69,97.08121338963704
21869,988.3803001652552,163410.11327529378,75841.40341218591,77401.54786256862,2173.804514740128,905.0359136480402,589.3894957564771,400.3795195372659,-3.23031625008335e-05,-0.0572952221506166,96,69,97.08120290684768
21870,988.3978275647398,163339.83918930218,75841.91510818824,77387.50967129467,2428.77995551849,965.246519088294,620.7766513001989,474.71625732519897,3.5286591531024454e-05,0.072938618254708,96,69,97.08118628225148
21871,988.4008837456264,163288.20065277952,75836.88738637631,77408.30063405566,2607.331953280547,994.7295271076146,634.9039917456976,542.64328575338,-2.463990360094551e-05,0.3314560701267716,96,69,97.08116356178486
21872,988.418060956788,163224.7225207908,75828.32651218024,77403.9597250246,2715.3911978522083,999.0063955532969,635.7634304827952,607.1245388729731,4.478364333875489e-06,0.294954668501282,96,69,97.0811347914829
21873,988.4202158805056,163162.83732730162,75818.29935928382,77380.22620459355,2757.100630854664,984.6903886140062,626.6841534488776,661.3501087938203,1.7408542583516836e-05,-0.2756371994556484,96,69,97.08110001747724
21874,988.4378117978348,163103.19921130946,75830.25899228227,77382.5577389769,2752.2321298616007,959.7920502632333,611.5813219531847,710.1722535706649,-3.256661059969196e-05,-0.3425298437962165,96,69,97.08105928599232
21875,988.440835921322,163056.76631630966,75822.77795224417,77395.84575998157,2711.187885825464,929.9103608604928,592.7344580772042,748.153602387436,3.514249688385103e-05,-0.0469739973849811,96,69,97.08101264334414
21876,988.457948012256,163048.89922516138,75836.50157358257,77379.94694591365,2654.3191282713087,900.2326235310029,573.0439849560498,781.6373885397625,-2.414401251692765e-05,-0.1162987709377264,96,69,97.0809601359364
21877,988.460139105346,163057.22446367418,75834.79750869513,77370.46512826734,2588.4016210169066,872.7019432905508,553.987472428038,806.7218310681055,3.822293686667548e-06,-0.0871421738863407,96,69,97.08090181025824
21878,988.4777980133176,162991.54492300152,75812.84230658525,77382.3347122462,2528.4132238403545,849.5513898031204,537.9440181872633,831.0274111039762,1.7971348027886398e-05,-0.0670852947117008,96,69,97.0808377128821
21879,988.4807808394424,163002.6167253305,75854.59598979221,77404.83494521791,2474.0650020726607,830.4061888277065,525.5241648622032,850.341758782597,-3.281878494660221e-05,-0.0867620323127978,96,69,97.08076789046
21880,988.497833195993,162979.93599349045,75818.06665081711,77360.75545719978,2433.784859286505,816.2533107954223,517.8528161603608,871.4334572881926,3.498670473281833e-05,-0.080177126243391,96,69,97.08069238972176
21881,988.5000702036788,162912.9841300979,75828.66195294475,77375.48179315471,2401.5836717408383,805.7938169673725,513.7985503204982,889.416936544294,-2.364051821311798e-05,-0.0771363150641226,96,69,97.08061125747209
21882,988.517784989837,162902.0320728437,75830.4351873613,77370.9750923052,2381.5308855590993,799.337081399819,512.7370151657087,910.6659455096524,3.1656498625112742e-06,-0.0801609341561664,96,69,97.08052454058772
21883,988.5207183908308,162949.35079257915,75828.30515718741,77384.428884756,2363.4636016669683,794.4534027501504,512.0575465153961,929.2812518858991,1.8527476314539328e-05,-0.0727324436668225,96,69,97.08043228601494
21884,988.5377175575496,162922.21494708516,75812.18183957704,77376.83299216915,2349.0569089174387,790.5759265964443,510.60789400871727,950.8158660418994,-3.305961288326551e-05,-0.0584855020826847,96,69,97.08033454076678
21885,988.5400094057904,162874.32985642616,75827.07800641797,77387.99337245272,2327.843076153891,784.8363129771024,506.29538551720907,969.057163504127,3.4819280157888106e-05,-0.0575919861483772,96,69,97.0802313519208
21886,988.5577714366684,162855.00812963932,75832.55096492804,77389.44942189236,2303.474412626121,777.3061338273255,499.445779047237,989.3329283647472,-2.312959895697113e-05,-0.0538500889167864,96,69,97.08012276661567
21887,988.5606486938256,162849.61652776314,75815.65111643657,77374.68057746979,2268.293132519524,766.346315724717,489.7492270221701,1004.7067371055891,2.508655629810837e-06,-0.0377679568534089,96,69,97.08000883204924
21888,988.577602095208,162820.85562210786,75815.15320543335,77385.6230747966,2230.2001485521323,753.904789063803,479.2774669051869,1020.3921593907871,1.907674677183559e-05,-0.0348422105839604,96,69,97.0798895954753
21889,988.5799568394248,162842.1546550395,75805.63413956107,77383.70315261463,2186.2575108279707,740.0169063321664,468.88507136466797,1030.4464370638889,-3.328902524848792e-05,-0.0274585717983972,96,69,97.07976510420148
21890,988.5977559799765,162783.35728621687,75839.34547254554,77384.79732675695,2148.2983129032655,727.7801947406406,460.992533824523,1041.3002116098942,3.4640292697779114e-05,-0.0137802675600248,96,69,97.07963540558622
21891,988.6005721430256,162847.9646591031,75838.01791855824,77385.11456106156,2114.5783592859516,717.2766675444873,455.83937367613544,1047.533562253433,-2.2611435586781052e-05,-0.0088018930860029,96,69,97.07950054703628
21892,988.6174876712664,162830.13299178242,75823.76226062578,77402.79783011647,2096.083666625549,711.1825050389016,454.7352820430533,1055.922216835781,1.8515331910429844e-06,-0.0025625716040663,96,69,97.0793605760038
21893,988.6199126023788,162803.79286171598,75791.70946179805,77382.59405070911,2088.2404109628987,708.7864537746646,456.6450701484282,1061.5266281332879,1.961898158872837e-05,0.0258691862940464,96,69,97.07921553998428
21894,988.6377371012678,162777.97254757365,75795.24225290514,77364.94315233409,2097.589433368412,711.8620389273856,461.74177363616764,1070.9464059101592,-3.3506956800350904e-05,0.0357508354608539,96,69,97.07906548651331
21895,988.6404895153992,162785.23798030344,75828.24712627848,77388.06978644076,2114.040875409846,718.3578398308309,468.05695533784456,1078.3300744259323,3.444981534108013e-05,0.0323756951940425,96,69,97.07891046316422
21896,988.6573748480856,162786.98709341488,75839.44055324185,77375.68370966258,2140.1622006421094,728.7243447610235,475.2949845849362,1089.583076338633,-2.2086211035342327e-05,-0.0016559361978345,96,69,97.07875051754544
21897,988.6598769437818,162764.47785164104,75852.50545249671,77404.87642600235,2164.282495858264,739.6066925028426,481.46485893652425,1098.823675697,1.1945050596462912e-06,-0.0087406910878531,96,69,97.07858569729773
21898,988.6777129352946,162794.95641351017,75812.51553149434,77367.79408557792,2189.1957988744252,750.5132375091925,486.5708004345652,1111.413614656747,2.015400481716582e-05,-0.0043743088188991,96,69,97.07841605009166
21899,988.6804022627496,162778.5432029339,75831.12538050518,77375.73822788669,2204.0783330929116,757.6174373984686,489.03487580255023,1120.3155851239862,-3.371334676289414e-05,-0.022137536651679,96,69,97.07824162362522
21900,988.6972634607532,162733.08244934588,75813.39462868072,77408.5106631501,2213.4880394929787,761.0441426139005,489.368488963024,1129.93377678041,3.424792495778065e-05,-0.0444057129156932,96,69,97.07806246562042
21901,988.6998508260868,162752.2017294626,75814.88235996138,77388.48741268824,2208.5984968988923,758.3922020321479,486.42487951603835,1133.200539128593,-2.1554110573313517e-05,-0.0814787336025591,96,69,97.07787862382186
21902,988.7176805112272,162725.07590138188,75805.73118849455,77385.20959833426,2195.203628219373,751.4739907422772,480.90649165571085,1134.517278632993,5.37792775552434e-07,-0.0978458731921771,96,69,97.07769014599305
21903,988.720313656324,162799.11921066482,75801.04626459029,77366.11859897792,2164.880032470566,739.0783505027212,471.68813331602723,1127.2156804068945,2.068164370903392e-05,-0.1167484707283713,96,69,97.07749707991408
21904,988.7371507837164,162753.89270819415,75805.31033471184,77374.08993934705,2124.429847904539,723.6931525570253,459.6731579072366,1116.9094114803884,-3.390813798339134e-05,-0.1322095247277458,96,69,97.07729947337928
21905,988.7398390794496,162797.32414551516,75795.53770190333,77393.04852491453,2067.2533509176574,704.1180952020513,444.3109504717577,1099.0349289728329,3.403470208275339e-05,-0.1193100752508432,96,69,97.07709737419484
21906,988.7576287742284,162827.62397625783,75817.92284319452,77380.33824636028,2001.8729451320833,682.3541809699964,427.30038215836976,1080.4501701018598,-2.101532157140894e-05,-0.1188511161985926,96,69,97.07689083017527
21907,988.7594485648078,162820.47081553968,75818.14500139865,77406.54073153327,1922.9999105863972,656.5874442072673,408.862922494387,1057.0131581772293,-1.183818429215739e-07,-0.1029318988717049,96,69,97.07667988914156
21908,988.777035351242,162876.35726426353,75814.26306991644,77391.66410840655,1841.6345526950317,629.0768680221518,391.29867154502426,1036.144902486587,2.120172802175892e-05,-0.086119055079704,96,69,97.07646459891848
21909,988.7798555681132,162880.29326426206,75843.90014571774,77397.31977737066,1754.0882183957729,598.7398238327296,374.8115932591609,1013.3955694510078,-3.409127693344868e-05,-0.0860209119053691,96,69,97.07624500733178
21910,988.7975078429846,162936.2151177716,75829.0086530303,77362.3401535044,1671.5459644598304,568.7976254347595,360.9677377054468,994.5177762398962,3.381023148187152e-05,-0.0890601085435883,96,69,97.07602116220592
21911,988.7993624826954,162914.5843600407,75826.72321227132,77384.74509956442,1590.0056822461775,539.0601106099493,348.90770873831934,973.8917437701602,-2.0470033235763787e-05,-0.0793354852380218,96,69,97.07579311136112
21912,988.816995644371,162959.6644653076,75811.38719421983,77374.99308320803,1519.7187148052035,513.0799862799904,339.09209670554264,956.3560552869749,-7.737975986179115e-07,-0.0883603465067409,96,69,97.07556090261114
21913,988.819834111581,162956.06551906062,75793.7281999868,77384.68474427432,1454.518136883562,489.9182307378651,329.80868966833805,935.7900427903805,2.17140902920002e-05,-0.0973600753588963,96,69,97.07532458376028
21914,988.83740312669,162982.00912012314,75833.0948155216,77364.23035063855,1401.5498562268913,471.50756225700025,321.0723462883034,916.3990238589759,-3.426271481661129e-05,-0.0838596201932489,96,69,97.07508420260164
21915,988.8392649490356,163043.05029825697,75826.64332640669,77375.97244422368,1352.3805938523146,455.2306831431488,311.3851023138559,892.7156416370417,3.357460124230499e-05,-0.0878256667861088,96,69,97.0748398069134
21916,988.856975737462,163041.57447106604,75825.31944454028,77393.34309651914,1313.0347384756897,441.8626762175991,301.4061766631494,869.7955108486349,-1.9918437063507817e-05,-0.0841765676052302,96,69,97.0745914444572
21917,988.85979312776,163080.67821922054,75816.51577806605,77395.40288106292,1274.6739102085703,428.30646962168976,290.42770131878206,842.9141393751197,-1.4282343409908098e-06,-0.0673051612306021,96,69,97.07433916297524
21918,988.8773073262996,163110.5794549074,75814.32309085631,77406.68979411578,1243.4336887085228,415.6073532018636,279.6656610737846,816.9866101628286,2.221856566192496e-05,-0.0678854624940193,96,69,97.07408301018788
21919,988.8791590060874,163109.81788163044,75810.2099673559,77387.9661693309,1211.7206066176877,401.755478408435,268.7640225716168,787.8314687907405,-3.442240649979007e-05,-0.0719026896175667,96,69,97.07382303379087
21920,988.8969768739476,163184.77258157483,75828.44868913299,77375.85028505421,1186.746057318349,389.17351998519734,258.9591184188903,760.6736568028282,3.3327903006964506e-05,-0.0660560086004877,96,69,97.07355928145306
21921,988.8997251646985,163163.0947665216,75836.40272854085,77395.1074057183,1160.5684970534057,376.86226943397196,249.8015266773,731.6118971849792,-1.9360726273796655e-05,-0.0747365697608121,96,69,97.0732918008136
21922,988.9172343497656,163216.6823845341,75823.34738543452,77380.5553771762,1138.630147731339,367.5177429876494,242.44075588861597,705.4602543942165,-2.081471184610676e-06,-0.0804370593029144,96,69,97.07302063947988
21923,988.9190221937024,163265.215546623,75846.87535052613,77410.00287095843,1111.632246115827,359.8120122093824,236.60362670445465,678.5955048895557,2.2714992515673973e-05,-0.0634084571570355,96,69,97.0727458450246
21924,988.9370413454332,163279.21224739018,75820.28160077686,77374.81270407746,1084.4252514941036,355.43640080303885,233.48033812016365,655.4944719676569,-3.45703106623964e-05,-0.0696831784405344,96,69,97.07246746498348
21925,988.9395328246352,163297.86590454707,75815.39444508526,77356.44196799629,1048.0174172343686,351.59308601704834,232.43478895208682,631.8291035254952,3.307023245969046e-05,-0.0669084305158164,96,69,97.0721855468529
21926,988.9575773815824,163314.60531700452,75832.22836023735,77417.30137277314,1008.9512734658783,348.6594391734543,233.6465475433506,610.7425366939278,-1.8797096186566917e-05,-0.0534812010510924,96,69,97.07190013808666
21927,988.9594840240784,163346.61955901765,75846.73291536538,77403.84678521303,961.3765196020249,343.35412042627286,235.19035082342452,587.4551535713254,-2.7332893176071518e-06,-0.0522266348965817,96,69,97.07161128609468
21928,988.9768407774552,163377.42868893518,75814.8698244191,77409.55006275985,914.7213186112349,336.3957887597935,235.96700475615216,564.606564884627,2.3203211908625807e-05,-0.0608059926153553,96,69,97.07131903823974
21929,988.9795927238268,163393.22828644974,75844.45937379365,77390.68721816815,865.4763842076063,325.73647863362567,233.59106745105237,538.2755556209304,-3.470639036745239e-05,-0.0521609988477041,96,69,97.07102344183494
21930,988.9974587427856,163380.27282435214,75813.79847905353,77391.75424285373,822.703847078199,313.33574958393,227.42335802558227,511.44626935606357,3.280168839868102e-05,-0.0446688912299275,96,69,97.07072454414195
21931,988.9994009434188,163486.47131216785,75854.37730982271,77412.32734336275,781.4158207939472,298.3780584446358,216.7250908043061,481.5165882608271,-1.822774354751219e-05,-0.0479513154771039,96,69,97.07042239236776
21932,989.0167677264316,163509.59243011908,75826.22993279532,77378.90587189105,748.3410908013466,283.56368709045637,203.0105463336222,452.2462824455288,-3.383469796548479e-06,-0.0368996111172518,96,69,97.0701170336626
21933,989.0195936009032,163500.86749848624,75850.66473228854,77378.70562106861,716.1821476583718,268.2599401578773,187.61082156843622,421.7520473364857,2.368306778874645e-05,-0.0402505501040508,96,69,97.06980851511784
21934,989.0373670192782,163546.9893664557,75835.68709806948,77407.06194771412,688.9542468109867,254.48624752853357,173.01480714860372,392.8051926912158,-3.4830612689797867e-05,-0.0462678132534913,96,69,97.06949688376277
21935,989.0392968472332,163576.78941871622,75844.43499562987,77391.96858901992,658.1242619027034,240.70273491975968,160.27513800465385,362.78354434255743,3.252237394655824e-05,-0.0293799226875228,96,69,97.06918218656304
21936,989.0567189734494,163604.53761946267,75852.37177628961,77436.51388395474,627.3358077857993,227.7636069948203,150.11277780812816,333.1006868772092,-1.7652867068598442e-05,-0.0332626176972416,96,69,97.0688644704176
21937,989.0595785099122,163671.2679484554,75861.48832845372,77408.81833092195,588.1637468534755,212.9704329415108,141.0474369066069,300.5921044171264,-4.031794874075803e-06,-0.0347169807479459,96,69,97.0685437821565
21938,989.077278997859,163652.74973796503,75841.29186598644,77411.37865379085,543.3464901167899,195.88848829720519,131.15625074744457,265.8180185656529,2.415440707239356e-05,-0.0256380452561573,96,69,97.06822016853882
21939,989.0791867914588,163723.86739531555,75859.51881519886,77401.69268882729,484.23284231388243,173.2880418759596,117.57287201218423,226.50350234931102,-3.494294853011022e-05,-0.0250602080272794,96,69,97.06789367624992
21940,989.0966853597712,163745.0204560109,75880.34464524321,77401.7354537143,414.13638012256706,145.18305806137505,98.74698367191013,184.41028230634402,3.223239485342636e-05,-0.0308357736745827,96,69,97.06756435189898
21941,989.0995518739476,163817.91749091248,75837.37653323499,77432.6827536495,327.31665973574854,110.41550402388384,74.40261570946313,139.74777316791005,-1.7072667280599233e-05,-0.0208521452528281,96,69,97.06723224201696
21942,989.1171919156186,163854.750882135,75857.80098603727,77402.16910144224,232.48126604943536,72.52325892096269,47.03233546804404,96.08941298676655,-4.678047267719064e-06,-0.0245367273064815,96,69,97.06689739305418
21943,989.1190734698288,163876.4426108958,75857.22299795544,77421.3417787177,133.60427764052292,35.54469343558594,21.165166619466618,56.1240733320883,2.461707980722473e-05,-0.0222628124144072,96,69,97.06655985137776
21944,989.1366659292536,163944.5978788501,75857.36744904146,77411.60298231375,51.0915267385426,8.529349488162552,3.247697418410098,24.482419964391738,-3.504337283689813e-05,0.0020223642357933,96,69,97.06621966326954
21945,989.139511822345,163929.79115442373,75850.47307470732,77402.37231738082,-0.0,-0.0,-0.0,4.630030618864112,3.193186100458451e-05,0.0138446997635272,96,69,97.06587687492336
21946,989.1571086817067,163943.23158569806,75863.38671787971,77395.35182397488,6.4828168711974286,20.272288507883786,17.134057728544576,-0.0,-1.648734582304027e-05,-0.0347648593172367,96,69,97.06553153244352
21947,989.15895400764,163935.29464580287,75808.99075378952,77396.44355751065,84.46523723914288,75.07044355508697,57.81598368714913,12.82129039769643,-5.322011063515154e-06,-0.0323399496483462,96,69,97.06518368184148
21948,989.1766657749528,163907.5575554912,75824.42687883512,77419.23589458092,249.50598925666418,167.06312698872352,121.53733941543032,43.65313618755317,2.5070939464555705e-05,-0.026596429050676,96,69,97.06483336903428
21949,989.1794486816484,163868.13090214587,75821.50636640041,77393.87929915935,497.00284681573976,290.91020262757957,204.14026162819937,92.19721144155483,-3.513186495691819e-05,-0.0503107892447497,96,69,97.06448063984205
21950,989.1970436138128,163794.30472931868,75826.16922291671,77405.22760898077,818.6663550061639,436.95481324914726,298.0417139515048,155.55326130942558,3.162088573641675e-05,-0.0297541066336297,96,69,97.06412553998558
21951,989.1988075261094,163681.80917355788,75851.77005835617,77405.11712523346,1187.242830487492,589.9861745787057,394.2438911256904,231.1771084954671,-1.5897106304468334e-05,-0.0294075855506149,96,69,97.0637681150842
21952,989.2167221020994,163642.09838002434,75837.00778407641,77405.48633173891,1576.8536678442033,735.2687034534611,483.40764975806815,313.7454566574015,-5.963470886586331e-06,-0.0333023590843639,96,69,97.06340841065358
21953,989.2192818534304,163573.1981217914,75836.0411882217,77398.3459195858,1951.6467346681166,858.8431354753557,558.460129862011,399.9912150905875,2.551584204961164e-05,-0.0112802811393759,96,69,97.06304647210334
21954,989.2372725491218,163468.93764296567,75843.19916615232,77394.67323153494,2286.843022173678,952.5958545004105,614.6113542254316,484.12756914645433,-3.520840801492918e-05,-0.0045522778607471,96,69,97.06268234473488
21955,989.2393559314726,163343.16130511288,75851.58960154791,77401.66529925664,2557.5711047930527,1012.776038645854,650.7808196533006,564.0839335424535,3.1299585122376555e-05,-0.0033087367723287,96,69,97.06231607373908
21956,989.2565406202176,163318.48262396132,75840.51778377888,77405.37958235851,2755.9357112041907,1041.8579424501513,667.799893819014,635.3981936468626,-1.5302153411144008e-05,0.0024662451255001,96,69,97.06194770419444
21957,989.2593207186244,163278.13230194934,75849.90994700126,77418.0759202612,2877.125413389178,1044.9900721976592,668.9849053020444,698.4854793616978,-6.602213061732426e-06,0.1074808262841137,96,69,97.06157728106412
21958,989.277180573422,163170.1690187538,75813.33669445425,77381.40858161615,2931.3048165315413,1029.9751517148106,657.7896953626187,751.15962574273,2.595164709786505e-05,0.3648626868565383,96,69,97.06120484919464
21959,989.2792585120552,163139.7817027271,75829.82344922933,77372.73940842807,2928.0663615684025,1003.808816910634,638.7935744044662,796.5209667145973,-3.527298940056057e-05,0.424399496412276,96,69,97.06083045331287
21960,989.2964683038211,163096.69464915685,75827.17463716998,77406.88396625272,2886.203856490378,973.0670631190878,615.5625093777198,833.8551393262169,3.0968079603660434e-05,-0.1123793692270307,96,69,97.06045413802484
21961,989.29931430427,163114.9308536968,75793.54409740525,77389.48805517254,2818.613429464691,941.9516140192718,592.2578577236854,867.3563199256023,-1.470269363230629e-05,-0.31055683944562,96,69,97.06007594781248
21962,989.317106818172,163052.40736971376,75845.1031718593,77391.2940166835,2742.089939814061,913.6482084594172,571.465062452975,896.1875864844187,-7.238024494224281e-06,0.0083576444189053,96,69,97.05969592703208
21963,989.3191448029104,162976.05771549395,75842.36950535854,77396.43773683094,2664.8672169842757,889.5872376130428,555.8581760829256,924.0383708885056,2.637821746885061e-05,-0.0311503532599529,96,69,97.05931411991222
21964,989.3364157943354,163027.24751595847,75850.63589332391,77396.51473891744,2597.353276706068,870.8625873588753,545.7548130906653,948.5875812964223,-3.5325600149881e-05,-0.0307355281701364,96,69,97.05893057055148
21965,989.339297311416,162964.7810335019,75796.14277839167,77410.25342627031,2541.164187357994,857.5407631014095,541.2048327144294,972.4511922537931,3.062649228223859e-05,0.0034617811803512,96,69,97.05854532291616
21966,989.3570330715612,162933.7861290887,75795.26439703394,77411.30350839994,2499.7249827421037,849.4360337596154,539.9331548955524,992.5470048775023,-1.4098934071554371e-05,-0.0400990172440311,96,69,97.05815842083858
21967,989.3590264290616,162925.20203771707,75819.3333116701,77393.95465457274,2468.8011707399273,845.3978430161951,540.1472518680384,1011.5473100540694,-7.870693627575714e-06,-0.049470864274602,96,69,97.05776990801468
21968,989.3763765833696,162898.64860915215,75797.86797411618,77358.68205646875,2447.145935572684,843.8794436226162,538.8289763708017,1026.4934345170914,2.6795419057791167e-05,-0.0339102252414591,96,69,97.05737982800194
21969,989.3792723633388,162913.64851614094,75811.18635911828,77375.54715719142,2427.9190695543657,842.736691623475,534.9330923849775,1040.705515463167,-3.5366235832347635e-05,-0.0324841751540268,96,69,97.05698822421746
21970,989.3969575717148,162886.666066482,75812.29110991035,77365.81270534552,2409.037564839353,840.0062560232182,527.3477187116805,1051.841255525098,3.0274949330590293e-05,-0.0474702161862605,96,69,97.05659513993602
21971,989.3989053496264,162896.88669885785,75800.36594174769,77377.23797307028,2385.4165216483525,834.1608996217547,517.4703565636883,1063.5895403044124,-1.3491083969622491e-05,-0.0422052323832784,96,69,97.0562006182876
21972,989.4163504246828,162836.76435730528,75812.24894113273,77358.67274523275,2358.331976706104,824.6231283801317,506.2135871289356,1073.3373966235667,-8.500010154243523e-06,-0.0273894234113144,96,69,97.05580470225584
21973,989.4192372889634,162845.9822247451,75811.25125206154,77355.23724307955,2326.9340888079023,811.8225898085802,496.0511222713103,1084.477952637826,2.7203121148414905e-05,-0.0260595146695713,96,69,97.0554074346757
21974,989.4368828872985,162835.79624937664,75826.84800486882,77400.21067881423,2295.874195581535,797.059284830495,487.67462910705945,1094.2166782979912,-3.5394895985936635e-05,-0.0126601584782651,96,69,97.05500885823156
21975,989.4387793491156,162814.7204826992,75794.41553099608,77405.92555724308,2266.49878039083,782.2759037622309,482.2478335124324,1105.645372775005,2.991358089926321e-05,-0.009507792395068,96,69,97.05460901545533
21976,989.4563415388128,162841.97239800188,75825.60012393721,77383.59788536304,2243.626105300151,769.492406950405,478.65928597873426,1115.475489262055,-1.2879352854382362e-05,-0.0013590058707311,96,69,97.05420794872424
21977,989.4591841309174,162805.0348556288,75811.83925365811,77385.8257251933,2227.235574235092,760.622248257263,476.7260047069285,1126.2973446293909,-9.125764999127232e-06,0.0124206784833614,96,69,97.05380570025912
21978,989.476819994176,162801.70620074793,75827.93469305115,77377.61843091421,2219.6844179264735,756.8326566519972,474.9877469444182,1134.574104817846,2.7601196534058276e-05,0.0226077632271232,96,69,97.05340231212226
21979,989.478633269136,162789.47916121728,75798.7399610035,77387.32132781784,2218.8350500931847,758.5916164512164,473.9035428610223,1142.5523433049675,-3.541158381016237e-05,0.0234455643621255,96,69,97.052997826216
21980,989.4963765517144,162768.16835492695,75797.17858573479,77419.95250613219,2225.433530854585,765.1251016460737,473.15001838855096,1146.7975096270384,2.9542519801514843e-05,0.0436378073186831,96,69,97.05259228427948
21981,989.4990574781312,162772.14563081483,75805.21544573805,77392.53518534725,2236.3704343241407,774.9039027197723,474.16557335754624,1150.1720136467775,-1.2263952100953492e-05,0.0663564514028582,96,69,97.05218572788836
21982,989.5169345883776,162759.59240914136,75771.12470512433,77371.22007480601,2251.5316288244794,785.4841143791855,476.75077862580656,1150.5583878046018,-9.747750733116504e-06,0.0777873751644846,96,69,97.05177819845198
21983,989.5192439700004,162793.80392695125,75804.35184885595,77378.28020005545,2267.0599167022738,794.5353929387056,481.2910984478367,1151.645845150546,2.798952125854742e-05,0.091114172548277,96,69,97.0513697372116
21984,989.5362385877816,162783.24262333798,75794.97230677452,77387.56820244613,2281.5573693302576,799.8963613345841,485.8025055938051,1151.9249052362575,-3.541630725508986e-05,0.0827663812617338,96,69,97.05096038523877
21985,989.5390632788886,162764.64479889724,75823.56034518848,77391.50606080974,2289.783235468727,800.5123638608638,488.85541802595253,1154.3150237936352,2.9161901969899185e-05,0.0671597805327424,96,69,97.05055018343285
21986,989.5568744371614,162784.89395535193,75805.76602625936,77402.90849077917,2289.0326523170806,795.940330878133,487.65404951703385,1156.2390536544845,-1.164509341067273e-05,0.0563940406601073,96,69,97.05013917252036
21987,989.5591313251236,162775.76487950087,75811.68109935096,77383.17326179586,2273.9871197016328,786.6051043047919,481.3470523155993,1158.6796735836251,-1.0365761221507818e-05,0.0353714262287648,96,69,97.04972739305175
21988,989.5761685691008,162740.40491230445,75813.26323811397,77410.6905963031,2243.7090404615155,772.7573690503341,469.01655400625896,1157.623170931649,2.836797477332565e-05,-0.004169614265898,96,69,97.04931488540068
21989,989.5790466593318,162760.73427716698,75821.46944540473,77389.27139208809,2196.5201579243876,754.6880135428073,452.296362067631,1152.934937172744,-3.540907757591711e-05,-0.0343814563393201,96,69,97.04890168976138
21990,989.5968192099864,162811.63516471622,75828.14403256073,77389.65799993937,2135.982956837397,732.1318349360226,432.59568346088054,1141.3110996944015,2.8771866910244223e-05,-0.0501959434162415,96,69,97.04848784614794
21991,989.5990101537554,162789.12178937203,75826.05471328541,77368.07617849586,2064.745420115185,705.1219426789612,412.74662086868193,1123.8754489066196,-1.1022989903046215e-05,-0.0689087004610328,96,69,97.0480733943911
21992,989.6161114518538,162810.3300921442,75798.38313824675,77373.12256872292,1989.3540037933853,673.9096448080672,393.9325250064139,1099.8163306614442,-1.0979592047039182e-05,-0.0624220608980276,96,69,97.04765837413792
21993,989.6190264603628,162859.27862999623,75824.95045373257,77373.91875177616,1913.2337124272017,639.8345358688093,377.4797737766057,1072.264687169547,2.873644016640173e-05,-0.0671974018922189,96,69,97.04724282484896
21994,989.6367593729624,162862.78114929766,75805.19784118133,77380.95992043844,1841.2569862636738,604.8480076138803,362.6365896175557,1042.6017829048214,-3.538991057520946e-05,-0.0774670548220522,96,69,97.04682678579717
21995,989.6388865675495,162920.73938670638,75811.50454706079,77355.18184165978,1773.4878144473187,571.6280567460053,348.99360169292777,1014.3106287702685,2.837255647577098e-05,-0.0771452192380714,96,69,97.046410296066
21996,989.6560645835576,162945.06857301283,75779.59027989063,77376.5479323768,1711.1176185049699,542.5694035760971,335.07085325635853,988.4817033450527,-1.0397855120975335e-05,-0.1004471945132305,96,69,97.04599339454744
21997,989.6590028388998,162975.25592649274,75823.44491751184,77385.67670263429,1651.3843288138742,519.5569974192767,320.8771268061537,966.3733263408649,-1.1589040262760813e-05,-0.1015374028395726,96,69,97.04557611994116
21998,989.6766945568928,162970.56560901203,75814.33887004404,77391.09038055746,1594.3652713295887,503.1448857310752,306.3835317432531,947.0178593827586,2.9094803828511355e-05,-0.0828944168400292,96,69,97.04515851075152
21999,989.6787615564858,162978.9770238985,75818.1147063451,77359.95081940347,1537.950806705514,492.6587206792319,293.07657305011526,928.9038424473547,-3.535882600421128e-05,-0.0801637993743898,96,69,97.0447406052871
22000,989.6960284684732,163013.77027053895,75788.84462028863,77406.12789847869,1484.066228849697,486.1479613306874,281.8069898963149,910.1512402436347,2.7964115953574435e-05,-0.0694103159934486,96,69,97.04432244165882
22001,989.6989734854528,163020.73402376415,75821.48897693104,77388.37144826158,1432.213175609475,481.09207188089204,273.73564204821014,888.7491127663525,-9.769904111558947e-06,-0.0535437352686325,96,69,97.04390405777748
22002,989.7166267124952,163066.7615854536,75790.00186717471,77383.50452695685,1384.8646472820546,475.009135814209,268.51610972359776,864.3838775071781,-1.219390515296e-05,-0.054098094438771,96,69,97.0434854913534
22003,989.7186339325748,163089.59999911956,75796.96278310222,77352.62402639537,1340.6859270137502,466.16979937853466,265.51525154849514,836.315705727844,2.9442955902305187e-05,-0.0606093843073149,96,69,97.04306677989388
22004,989.7360058834834,163131.1992106129,75760.09873857695,77384.35831333138,1300.654771844158,454.0590792701987,262.9823435412254,806.7123468685604,-3.531584711005376e-05,-0.0496614693790014,96,69,97.04264796070218
22005,989.7389330330176,163160.7332160732,75790.00039312884,77414.82972530417,1261.7404030123143,439.2742794905789,259.6664940226183,775.6758880619309,2.754669354338774e-05,-0.0473523476699339,96,69,97.04222907087544
22006,989.7565622788442,163166.75196976098,75825.830376372,77370.13724479632,1224.1203750577988,423.388237816529,254.46253255338524,746.2835128087027,-9.139351850738474e-06,-0.0494063375823711,96,69,97.04181014730362
22007,989.7584958764238,163207.09332109967,75799.99078299775,77385.25907431381,1185.2371071212692,408.0769452281529,247.4474011384009,717.6084009564365,-1.279398663934511e-05,-0.0473196164086855,96,69,97.04139122666795
22008,989.7760105564666,163232.04122509502,75785.45288215323,77406.78202416768,1147.2365991460392,394.93895480358333,239.21176223139628,692.5037261457182,2.9780790011891347e-05,-0.0491404477267736,96,69,97.04097234543876
22009,989.7788540557244,163275.52316907482,75802.90904550275,77378.44932515391,1109.6449339909013,384.5348689071834,230.96022462513065,668.1595742464415,-3.5261001921809656e-05,-0.0471544840676666,96,69,97.04055353987498
22010,989.796571475038,163295.93114809695,75836.23445749351,77368.19852266862,1076.0209554914618,376.84001145136426,223.7173611742037,646.5880660200492,2.7120440190338967e-05,-0.0429326806406615,96,69,97.0401348460218
22011,989.79913882954,163304.9989870864,75820.90958735676,77380.3593548883,1045.5987799380673,370.6479519489658,218.05476478426135,623.3848284288833,-8.506414403610365e-06,-0.0522245019145085,96,69,97.03971629970977
22012,989.8159402565382,163351.83206583705,75802.92247174155,77384.0760648856,1020.1528085771133,364.7777729576919,213.95726315138745,600.8568852032477,-1.338908801914668e-05,-0.0601585719655721,96,69,97.0392979365528
22013,989.8188177871084,163311.3586952546,75815.87593552971,77356.26018950494,996.1149883099133,357.5871683485457,210.68598533145268,574.620474849653,3.0108203421849315e-05,-0.0531838182573244,96,69,97.03887979194744
22014,989.8365453504506,163397.52837656968,75808.10932253674,77390.20422314487,972.8081667716615,348.4141884018609,207.41432964979322,548.5843869598175,-3.51943218822505e-05,-0.0478409810109824,96,69,97.0384619010707
22015,989.8390121661542,163426.90353329937,75820.41535331524,77407.87817532035,945.1747183973785,336.5691831867298,202.98629110859474,518.5184604968817,2.6685509640365116e-05,-0.0551416553525151,96,69,97.03804429887931
22016,989.8558726862922,163474.98714095255,75828.21722404347,77385.34055363895,913.166067387443,322.66986827290384,196.98732753732475,490.04444476394565,-7.871308386414358e-06,-0.0528469683865832,96,69,97.03762702010768
22017,989.8587896682455,163488.98085574905,75828.8721403718,77422.82740089094,873.6055365805514,306.95999135919556,188.98274781630607,458.7558592635032,-1.3979013066721165e-05,-0.0565345945167358,96,69,97.03721009926724
22018,989.8765073270994,163523.40651482716,75816.5678758213,77395.74080153463,829.1637394827558,290.6891962426889,179.649803442735,430.3832094814861,3.0425096814159023e-05,-0.0578241813088053,96,69,97.03679357064448
22019,989.8788870821376,163532.93713190872,75845.30084585356,77400.8247251561,778.9680439246004,274.16344722750364,169.27665806977893,398.5176540002867,-3.511584288989256e-05,-0.0660082336278631,96,69,97.03637746829992
22020,989.895809212235,163577.01705749243,75809.79880739065,77380.00029036931,727.776438608882,258.60982050532766,159.06693596587866,369.2067035661894,2.6242058453559668e-05,-0.0783838833127045,96,69,97.03596182606678
22021,989.8987661767484,163622.98020746626,75817.97080574234,77357.31332593193,675.4263118680683,243.93779520400858,149.07772397701046,335.4409986236715,-7.234250659705971e-06,-0.0803502410695013,96,69,97.03554667754948
22022,989.9164593628068,163644.862464081,75830.06201890597,77397.99152646774,626.1975636319839,230.81686038478801,139.95897354278713,304.12997231818736,-1.456356849089832e-05,-0.070718239864387,96,69,97.03513205612256
22023,989.9187627489664,163691.85660347893,75826.96539115508,77377.34803868514,577.8231287912349,218.03643529438705,130.68827059163596,267.5999529193796,3.0731374854988454e-05,-0.0843825994875199,96,69,97.03471799492938
22024,989.9357517321688,163731.7864188575,75820.86180695482,77401.70271706358,532.0819636754459,205.0200031373679,121.10525880387286,234.59450340640615,-3.502560423824622e-05,-0.1043787508415176,96,69,97.03430452688065
22025,989.9387447374344,163797.99897798814,75819.10051911233,77392.74352037336,483.4287404027418,189.02939846720255,109.40049959649332,197.35935898072785,2.5790245990888387e-05,-0.0922397839831356,96,69,97.0338916846534
22026,989.956402549535,163791.22075241106,75809.11677357025,77390.89108309102,430.87139599537477,168.55237139816745,95.2724754481169,165.0892963054357,-6.595458852923316e-06,-0.1004498565242588,96,69,97.03347950068982
22027,989.958639239209,163817.60370307098,75835.2191059325,77371.14820896756,367.25749527901644,140.9760846421559,77.21145813140902,128.443873227312,-1.5142562597861937e-05,-0.1036214275340896,96,69,97.03306800719592
22028,989.9757012741168,163907.44824418594,75832.06193480508,77380.65595315845,293.5362179488293,107.14162427086558,56.44569022167707,98.04621002168278,3.102694579143875e-05,-0.093838721471564,96,69,97.03265723614018
22029,989.978723302578,163934.21564719867,75810.21124352956,77380.07896280511,208.02075213106582,68.70647021310288,33.733135851391125,64.52854546511662,-3.492364959653946e-05,-0.101486456046786,96,69,97.0322472192528
22030,989.9963377386654,163916.97352222845,75853.2193734601,77356.32020583114,121.37422819749918,32.42185139807407,13.550666789262323,39.89531007173355,2.533023424797717e-05,-0.1049246738150435,96,69,97.03183798802412
22031,989.9985169378988,163968.45139052873,75817.74225948298,77379.89794248193,44.12710568134207,5.785465126100462,-0.12879884318681434,14.766224873659667,-5.955150602311461e-06,-0.0883722521656563,96,69,97.0314295737037
22032,990.0156584691886,163999.9931067365,75827.01795576564,77371.94111851307,-0.0,-0.0,-0.0,4.4112175562477205,-1.571580584091542e-05,-0.08064072090718,96,69,97.03102200729926
22033,990.0186999798652,163984.5161885172,75846.4946276778,77412.51484722024,8.18131060426822,23.2675733177457,18.494812283257488,-0.0,3.131172161621125e-05,-0.1110930725420378,96,69,97.03061531957532
22034,990.0362658824492,163978.481444693,75804.40266622638,77384.11966461889,93.25240131892497,83.005482304201,60.51856084578321,17.074945140309865,-3.481002624412714e-05,-0.1076426718219059,96,69,97.03020954105232
22035,990.0383962116646,163978.8785251372,75783.53116011053,77408.64356326184,264.34588037926005,178.9004338607192,125.146870386292,43.80470380766201,2.486218762092329e-05,-0.1277972056973944,96,69,97.0298047020056
22036,990.0556238379404,163962.17346696733,75746.7932109792,77422.05659475992,526.4935225469526,307.1638886215369,210.25919132542913,94.65628570289118,-5.313544178022577e-06,-0.1482312300101254,96,69,97.02940083246408
22037,990.058672779922,163831.13197474848,75769.31628807438,77368.8217254292,862.0139306220226,455.5572676740121,306.9104693744448,153.20526494810474,-1.6283110870866707e-05,-0.1404383061391737,96,69,97.02899796220947
22038,990.076188318902,163811.10772119582,75796.6734075666,77371.87432813135,1248.8706655449932,611.0206478213076,406.84566758130677,229.95382938615512,3.1585618205843555e-05,-0.1457637799334616,96,69,97.02859612077523
22039,990.0782770644952,163728.12251407435,75784.40397287885,77387.59560211527,1648.6568581206375,756.8546910652949,498.27922930408386,304.1724716213066,-3.4684785756278974e-05,-0.1579923800265075,96,69,97.02819533744544
22040,990.0955981665742,163617.12306636287,75785.52712174489,77376.54957890531,2031.203515000292,881.8623194208194,574.7220054721402,387.27871100915945,2.438627330133996e-05,-0.152738036037951,96,69,97.02779564125382
22041,990.0986391908648,163575.2070357884,75794.14708189256,77377.19248895522,2362.630702316237,976.146433723261,629.4407689833606,458.7745723880362,-4.67085755918674e-06,-0.1542193493850558,96,69,97.0273970609828
22042,990.1161073389414,163515.3041224715,75778.98187353786,77374.0996641352,2628.2237001283793,1038.482438628911,663.1291560599493,532.2859935492161,-1.6844292616856862e-05,-0.1578099820599108,96,69,97.02699962516272
22043,990.118158344747,163457.5181438769,75808.41388520924,77387.80274578687,2815.1828246626537,1069.2495819741598,676.1515116021765,589.1838852839428,3.184855451942536e-05,-0.1569756485522558,96,69,97.0266033620708
22044,990.1355835902942,163443.77247359828,75793.93859048779,77359.40291682375,2930.8482039182563,1075.9098509611795,675.079312681366,647.7994995453628,-3.45479830950553e-05,-0.0580034794739561,96,69,97.02620829972987
22045,990.138594625321,163400.48343474115,75792.8019658727,77361.32738937465,2979.704293349001,1063.8889829373366,663.2728344532516,690.2666493487195,2.3902660946226795e-05,0.195244286342635,96,69,97.02581446590852
22046,990.1560286434252,163336.02324516294,75802.19287746838,77372.28096726803,2980.257471636811,1042.130472790188,647.7443204351584,734.9384299162193,-4.027309459502164e-06,0.2252660757356073,96,69,97.02542188811836
22047,990.1580334943668,163294.24408477516,75831.53735249506,77376.96000876144,2941.953429188987,1014.5334243661928,630.1275041769259,762.9198955725587,-1.7399168029769746e-05,-0.3545459366938445,96,69,97.02503059361564
22048,990.175592001271,163284.23521150346,75818.5844205433,77349.55931720814,2884.2240909427055,987.1314460242866,614.893532713264,794.7396105933876,3.21004544242791e-05,-0.5112457674712985,96,69,97.02464060939792
22049,990.1785091534624,163259.4782264279,75788.57134048158,77380.69870835994,2813.686935657519,960.2116873691557,600.5514524423052,811.075106850185,-3.439967738690349e-05,-0.1940616856523029,96,69,97.024251962205
22050,990.1951702799848,163288.3993140359,75803.55010123267,77381.30801180741,2745.337767646648,936.8394103402825,589.0529958519328,832.3926452232699,2.341152215281985e-05,-0.2469759447268416,96,69,97.02386467851734
22051,990.197936704882,163256.38109542546,75807.94886437681,77372.98218453529,2681.2554301029886,915.6493159165548,577.66432743927,841.4620075223793,-3.3831180936357505e-06,-0.232509393492716,96,69,97.02347878455542
22052,990.215605466641,163275.87304839326,75798.89732787748,77397.34147891961,2631.527806939208,899.0905596701195,568.2310672499007,860.1579403468058,-1.7947556768659927e-05,-0.2015366956886654,96,69,97.02309430627906
22053,990.2183827666896,163273.4093141554,75808.72273431126,77366.99979869148,2592.3866610484547,885.4107237794524,558.3211116883322,868.5392405332532,3.234124483632437e-05,-0.2260126534574932,96,69,97.02271126938638
22054,990.2350921402102,163225.77917751065,75794.53988837043,77377.93471564974,2568.7564658108167,876.9400762649311,550.6069307478028,887.7319506377971,-3.4239931642635964e-05,-0.2036682220371209,96,69,97.02232969931345
22055,990.2378906904148,163229.83473309633,75818.05260880956,77400.96329332748,2552.2539806764107,871.4126634908025,543.1785612175008,896.8900036978303,2.2913031756233923e-05,-0.20451506064867,96,69,97.02194962123326
22056,990.2555919423552,163230.55952902843,75818.67731070818,77364.17435281342,2544.279916806263,870.1688880536967,538.6554692748468,916.2368423342705,-2.7385019451312485e-06,-0.2147511056687759,96,69,97.02157106005508
22057,990.2582649114744,163230.95194666777,75802.92798615461,77354.78575258079,2534.1686104146647,869.4734581537923,534.2864292527374,922.0176220351714,-1.848928083711096e-05,-0.2060098009265222,96,69,97.02119404042416
22058,990.2750097825104,163257.12572682608,75824.34184111012,77377.49706903382,2523.9661157305236,869.7347897948202,532.0249404206988,935.4180129353772,3.257085661143818e-05,-0.2037903671794819,96,69,97.02081858672015
22059,990.2778572382074,163192.22624559602,75800.15264129837,77362.54604081114,2505.68750442093,866.9849259798066,528.7103600080882,934.7718182526587,-3.4068812406109385e-05,-0.1955929347025049,96,69,97.02044472305786
22060,990.2955661813284,163219.09245708244,75835.66249495516,77363.15222636102,2484.9934979135287,862.254544387135,526.2901238178893,943.0800850877713,2.240736595504889e-05,-0.1863682563107116,96,69,97.02007247328488
22061,990.2981476031168,163269.61938246526,75818.46154673655,77367.07973923159,2457.1274999134475,852.8352007136564,521.8331776839623,938.133970059047,-2.093679425487916e-06,-0.1765727147327949,96,69,97.01970186098244
22062,990.3149297183144,163270.7679148845,75815.770170435,77376.46416080055,2431.0513930970337,841.8352433496038,518.1364844559575,944.9045901827049,-1.90241643556209e-05,-0.1777284039887267,96,69,97.01933290946413
22063,990.3178313060602,163272.84434909516,75794.89332987959,77372.91492881831,2404.1972599226283,828.6118943019683,513.138011749601,942.5797350683715,3.278922464613359e-05,-0.1705410658571362,96,69,97.0189656417756
22064,990.3355305778432,163227.09551475057,75817.61019661775,77386.85364694406,2385.9558842219994,817.6325243912142,510.10911548734293,955.5035062821989,-3.3886390207909896e-05,-0.156031464401746,96,69,97.01860008069366
22065,990.3380295188122,163240.26777475048,75836.83222886127,77368.61072272707,2372.2869611736387,808.4705115213437,506.90360907808645,959.8020843405393,2.189470386691566e-05,-0.1448947692435779,96,69,97.01823624872588
22066,990.3548543338868,163260.74972426813,75817.88604979082,77383.75403000221,2370.6370997568592,805.0764359790337,506.7261791116616,979.6086806640669,-1.4488685609878849e-06,-0.1366499759349261,96,69,97.01787416811032
22067,990.357810384402,163245.68365384114,75810.60120935002,77386.31827249008,2374.3244467918994,805.6728806871834,507.18773746842635,990.9457196238509,-1.9552033970042804e-05,-0.1216245099252037,96,69,97.01751386081472
22068,990.3754858517912,163235.88934181066,75805.39761313907,77371.47590933186,2387.6088573105517,812.2138631239213,510.924490198493,1016.317232699861,3.299628779427974e-05,-0.1114290534330967,96,69,97.01715534853612
22069,990.3779107411476,163228.3410357251,75806.56639371807,77410.28661752722,2400.711892503081,820.7364759539487,514.689082151046,1028.910911139188,-3.369273917526085e-05,-0.1102533483434886,96,69,97.01679865270036
22070,990.3947848621674,163212.08434972222,75830.77577939095,77388.96543629462,2416.343524895259,831.6491378615756,520.4138998469862,1051.7976835455047,2.1375226443313412e-05,-0.095252099605069,96,69,97.0164437944618
22071,990.3977926599732,163193.71989587482,75801.91951646828,77373.74801190071,2424.181977728731,840.0768608412327,524.1214095576433,1059.196449025505,-8.042872412972044e-07,-0.0932944340571663,96,69,97.01609079470232
22072,990.4154322904697,163224.35370344945,75800.12755774139,77390.9905593411,2427.0037738314713,846.104250103992,527.0305299225438,1073.936849102407,-2.0072719253200087e-05,-0.1208580890519206,96,69,97.01573967403196
22073,990.417791882356,163199.2529844413,75798.63004258876,77400.67255678636,2415.4107549202163,845.2489789835818,524.9596061981283,1069.8347456647607,3.319198842253248e-05,-0.1265341262374817,96,69,97.0153904527872
22074,990.43472198285,163231.5593099611,75799.58528175106,77386.44819579583,2394.683925189427,838.9383878958179,519.9811948790739,1072.7775144347397,-3.348793727946533e-05,-0.1646512578099782,96,69,97.0150431510319
22075,990.4377765930728,163230.7701989736,75799.9552664008,77396.1018496357,2358.3299887602916,824.4374246665684,509.4203975786513,1059.4058356008318,2.0849116881524715e-05,-0.203728016029307,96,69,97.01469778855568
22076,990.4553700925452,163267.92957029236,75828.12388399594,77404.30402634968,2313.941322176717,804.8166710553924,496.85161251571844,1055.7833727344987,-1.601531812585199e-07,-0.2303887026710768,96,69,97.01435438487472
22077,990.4576738005852,163287.117043086,75814.61391556729,77375.16856138544,2256.719023670361,778.7963018013834,480.8170222963381,1037.650748147542,-2.0586052568295453e-05,-0.2733150669830143,96,69,97.01401295923066
22078,990.474666018077,163323.12038533975,75833.12803902486,77407.56826700424,2195.7462160894065,750.752604333451,465.62643517385004,1032.1110509964346,3.337627311397876e-05,-0.3066295841859482,96,69,97.0136735305905
22079,990.4777607849846,163313.9017818452,75820.384767713,77375.02469233346,2126.6106004237663,720.0765107150655,449.6162768496142,1014.702699489455,-3.327206630611825e-05,-0.2961147887740305,96,69,97.01333611764638
22080,990.4952994980777,163331.5249718096,75796.5104259318,77412.91112221935,2057.447481871641,690.8866480628058,435.8849075510807,1009.6405843979446,2.0316560243001815e-05,-0.2894132442367421,96,69,97.01300073881548
22081,990.4975574711948,163373.66113786848,75799.33889837003,77384.13295270065,1982.6972953664954,661.7498117555224,421.39777700719424,990.1419655694044,4.833163757187612e-07,-0.294308104336907,96,69,97.0126674122393
22082,990.5146170146552,163390.77932690876,75782.35422452955,77404.64507078353,1910.247926499229,635.8405039975041,408.42429256567266,981.459170184622,-2.1091868181935968e-05,-0.2768682191143461,96,69,97.0123361557837
22083,990.5177439357444,163414.37493418544,75825.22294125607,77390.22452173605,1834.6794572941144,610.7248816557549,393.74590147612616,957.9977891281014,3.354909225794398e-05,-0.263458815371431,96,69,97.01200698703876
22084,990.5352208446934,163430.82420688763,75804.10152104942,77342.81878296385,1763.9381632533623,588.6426404705708,379.88670915650437,944.4310348411091,-3.304521135673068e-05,-0.2663533979889588,96,69,97.01167992331864
22085,990.5374439129808,163480.31880492734,75844.2318904034,77381.85657782275,1693.0103207226493,566.8096987703466,364.5019640329119,915.787547691958,1.977774392912805e-05,-0.2548641615401745,96,69,97.01135498166076
22086,990.5545747865036,163504.1075117011,75831.2401301794,77386.16693875063,1630.421554483648,547.7431938547525,351.15955860793474,899.5381712098024,1.1259050192978083e-06,-0.253803263180935,96,69,97.01103217882662
22087,990.5577248367762,163531.2122634088,75813.5413365781,77380.28808315397,1570.6470494326204,529.0666799955798,337.9893857918505,871.915040387219,-2.1590003589199696e-05,-0.2421940276502607,96,69,97.01071153130091
22088,990.5751345912612,163596.80674455455,75809.13805996368,77379.33497773083,1520.158511047659,513.3780535443657,327.96653612249065,858.1471829215297,3.371040026711224e-05,-0.2315213967856794,96,69,97.0103930552916
22089,990.5773341382882,163578.28989727292,75810.33046616182,77371.0947091809,1471.1857433472178,498.2789260447462,318.2793309081753,832.7977093337686,-3.2807461422791624e-05,-0.2340293938970741,96,69,97.0100767667298
22090,990.5945389418029,163638.64307912506,75814.68984981284,77378.36221357295,1428.6964130001143,486.19081873007235,311.07548259882606,821.0319179673388,1.923285686437196e-05,-0.2306538709251443,96,69,97.0097626812701
22091,990.5977023786726,163645.3150921563,75831.24829837165,77364.30601787352,1384.176867188362,474.24151245436224,303.17088377592154,796.5045165686752,1.767396091862799e-06,-0.2237685158295481,96,69,97.0094508142894
22092,990.6150413243691,163657.2179735871,75841.78314892531,77384.94545302798,1342.7305018827901,464.1271580050234,296.73140089798835,781.8469815140415,-2.2080299096083972e-05,-0.2149474939405564,96,69,97.00914118088826
22093,990.6172291155408,163697.817173831,75812.10661340013,77381.90815806856,1297.7102612772724,452.710084873499,289.3155067768239,751.226633537095,3.386015551506822e-05,-0.2152968522472488,96,69,97.0088337958898
22094,990.6345089042924,163760.74096693832,75837.58248494637,77390.26082060399,1256.9549086858751,441.93003514700104,283.8737681087223,730.3496375835384,-3.2558908945825754e-05,-0.2216249783408602,96,69,97.00852867384005
22095,990.6376755657692,163792.9586715385,75840.27608125412,77404.4465817763,1215.6216353444615,429.17799559446576,278.2284653595125,695.6846365937963,1.8682089759893764e-05,-0.2243361090597926,96,69,97.0082258290079
22096,990.6549417540016,163804.34335770496,75833.76937907307,77395.31474116357,1181.3194913748302,416.88872685545357,274.70081437184126,672.588642427465,2.407574494742071e-06,-0.2151829494296403,96,69,97.00792527538532
22097,990.657129739684,163860.40088335858,75849.18441008365,77399.58153834683,1147.88469110796,403.20968937115686,270.45095125603257,638.6183795485704,-2.256259773249833e-05,-0.2139991767578033,96,69,97.00762702668702
22098,990.6744839326552,163882.9313274751,75828.18067584316,77401.9943718397,1120.84474494186,391.2101060022396,267.23195618294994,620.0883044080983,3.399832026704363e-05,-0.2310684944331223,96,69,97.00733109635084
22099,990.677643533622,163959.53036276103,75852.97212561274,77383.04928247866,1091.6799082033103,379.25498786286335,262.0135459357116,593.1164087016077,-3.229964995715814e-05,-0.2433039858662972,96,69,97.0070374975375
22100,990.694836701482,163945.7679519866,75848.39067339606,77385.43941575731,1064.16943761101,369.9687776978244,256.56023237865884,579.7429369289894,1.812563570646926e-05,-0.2305338923582729,96,69,97.00674624313096
22101,990.6970368088264,163969.76174340816,75857.40442730565,77416.36032296625,1030.349814635876,361.11646723501326,248.5452199637366,554.6733676674776,3.0462250291154627e-06,-0.2267704758457073,96,69,97.00645734573835
22102,990.7144631394444,163973.95953659405,75843.56629918437,77406.17471743058,996.1095361879561,354.3895559105149,240.48366002066177,540.0026395534805,-2.303674531188114e-05,-0.2237578463814492,96,69,97.0061708176903
22103,990.7176055674336,164036.10172949397,75819.16824124612,77417.20380988598,955.7396785895689,346.48519790715363,230.68384381648502,510.56343582778936,3.4124860597839364e-05,-0.2109292985801297,96,69,97.00588667104054
22104,990.7347270811368,164065.70351328832,75825.70236390551,77407.22103211924,916.3273111529998,338.16110479659983,221.79339353227988,487.8153101107455,-3.20297842177333e-05,-0.2073225094949064,96,69,97.00560491756696
22105,990.7369510066928,164141.10765656192,75832.54841180927,77412.35201829257,872.8576753713423,326.24115542302025,212.3317171797098,449.70358816787484,1.7563688827881952e-05,-0.2131264458616186,96,69,97.0053255687709
22106,990.754445509741,164141.1902450992,75828.38470258945,77380.26546613855,832.0028388329665,312.4445214427542,204.6906706854934,420.78238725682604,3.683133710669249e-06,-0.1946585284255942,96,69,97.00504863587749
22107,990.7575611206828,164187.27368947852,75868.64403635844,77420.56604834522,787.5233465196798,295.1534999017458,196.83290371770272,380.1872253980546,-2.350259084888152e-05,-0.1941936104064133,96,69,97.00477412983668
22108,990.7746138761676,164267.47855413484,75839.93473998446,77402.14458818179,744.7122903105919,277.5112582453148,190.15131992896204,350.75243260653224,3.423974692417889e-05,-0.2011880353115254,96,69,97.0045020613224
22109,990.7768728915064,164271.4953588134,75862.52879933715,77403.33761287479,697.3642776836641,258.9790022342204,182.0441552871489,312.10488213345525,-3.174941429327741e-05,-0.1934467959513089,96,69,97.00423244073328
22110,990.7944299187254,164315.3815134746,75844.84310806991,77415.4810279429,651.1077527084854,242.37023174230126,173.37127542909002,286.3630797690712,1.6996445514016806e-05,-0.1972348775541306,96,69,97.0039652781928
22111,990.797509834176,164345.02452489265,75871.86525601483,77402.33240582136,599.5108121772646,225.3662592543842,161.36328167156898,251.24264182677143,4.318087425238756e-06,-0.1978538577784087,96,69,97.00370058355
22112,990.8144981083884,164398.73729945393,75861.08612537371,77416.87380469746,546.767883567547,207.98584518519056,146.78176492257626,225.65504464381956,-2.3959986044030307e-05,-0.1768920470804774,96,69,97.00343836637886
22113,990.8168028927032,164428.3422055671,75838.75313998436,77395.45323652546,485.0990504085785,185.81934393824486,127.49241615325445,188.27377109861118,3.43429532637869e-05,-0.1701030800467733,96,69,97.0031786359796
22114,990.8344151461858,164537.08641405558,75849.25794550618,77384.296657641,417.4045355663402,158.27268429512333,104.99619129518396,158.94310317229247,-3.1458647237367654e-05,-0.1575168344965602,96,69,97.00292140137836
22115,990.8374515570624,164476.8337026289,75868.75190921045,77430.57178404782,336.2393265385763,122.81776463805,78.46229249806493,117.57506820076378,1.6424102603594722e-05,-0.1707532684145935,96,69,97.00266667132772
22116,990.8543808000846,164523.89246705436,75878.2930587714,77416.86792576996,247.89187266782392,83.11307710310211,51.088843273581006,84.6853922541195,4.950872525364202e-06,-0.1779531964454688,96,69,97.00241445430706
22117,990.8567413185428,164596.5466199836,75877.87261195369,77396.51319459261,153.1696708923555,42.97772101475857,24.917819926224183,44.76008945572539,-2.440878636577953e-05,-0.1799002490784304,96,69,97.00216475852326
22118,990.874399884074,164668.64340789858,75885.52486938729,77410.71694577576,69.52401780325454,12.420545198649052,6.230804381426424,21.018173971999204,3.443445727789887e-05,-0.2132439856844788,96,69,97.00191759191016
22119,990.87738637365,164692.20063216813,75840.87353639407,77419.91283494426,9.650495343783405,-0.0,-0.0,-0.9769786967081018,-3.1157593068231664e-05,-0.2117705904936755,96,69,97.00167296213031
22120,990.8942629235836,164649.10052916955,75864.38921826189,77421.04973078777,-0.0,16.915571201752755,13.60320806025993,-0.0,1.584686008020087e-05,-0.2006950796393991,96,69,97.00143087657412
22121,990.8966883808436,164698.75064833224,75886.82663326795,77418.05020661629,56.76793389336672,68.81748918781523,50.732007791870274,9.25224846546189,5.581279954071106e-06,-0.1989353425785787,96,69,97.00119134236124
22122,990.914382729082,164607.87219348195,75850.49763897032,77412.6239368387,200.3252462768578,159.23194805132516,113.81768094634754,44.5583377458388,-2.484884751179745e-05,-0.1860493728054273,96,69,97.00095436634034
22123,990.9173146450372,164579.23368363222,75823.65295376844,77414.20656468584,430.85655439505354,282.8890125062171,199.05343233729945,87.31385901683825,3.451424391501413e-05,-0.1981947058986033,96,69,97.0007199550901
22124,990.934145327898,164569.5721934374,75838.81574543746,77397.03312190912,744.7194281636621,431.18896219992894,300.0597819282557,150.59893421575543,-3.084636236139881e-05,-0.1792925586568437,96,69,97.00048811491958
22125,990.9366442509014,164491.90643053764,75861.48823122411,77406.58209466518,1115.984481305466,588.945784163152,405.9000871916069,215.37361436191713,1.526491975960362e-05,-0.1708826202194984,96,69,97.00025885186844
22126,990.954362142262,164416.42613056878,75855.3212186486,77402.3496100191,1517.7433569130953,741.796426736546,506.1873190996703,293.2020585135033,6.209097606774953e-06,-0.0918837104185381,96,69,97.00003217170767
22127,990.9572370873695,164307.93978780726,75828.95992745142,77407.47295642349,1910.0503209861345,874.7637273776345,590.8002962338505,364.7823287557403,-2.5280034079210965e-05,0.1599498414304607,96,69,96.99980807994037
22128,990.9740286153204,164292.19191174948,75835.46026298973,77413.04571268625,2264.265763052099,979.0822093126189,654.1615170995647,441.3821556860348,3.458229297965657e-05,0.2715866575610133,96,69,96.9995865818019
22129,990.9766091819032,164229.49911943244,75856.02239585761,77407.30358045454,2551.7879461346893,1049.4939081926132,693.9190222319157,507.0504081976542,-3.052507990163417e-05,-0.2133388968853498,96,69,96.99936768226064
22130,990.9943363295162,164138.67574675928,75863.70792293224,77413.39611072467,2763.4043846157147,1087.7595730774337,712.2983167605125,574.3173371951561,1.4678475689035036e-05,-0.4960499331351654,96,69,96.99915138601858
22131,990.997154946018,164096.27226102745,75843.13208336044,77404.34316078885,2893.4998023738735,1097.8655795456434,713.3459003996395,628.6957815504575,6.834111600966046e-06,-0.1908043405537305,96,69,96.99893769751206
22132,991.0139128906394,164036.25771122333,75812.27813380603,77434.2365898487,2953.7814096713555,1087.4462801906484,702.6047868267051,683.033192721341,-2.5702210465950585e-05,-0.1924678457434228,96,69,96.99872662091217
22133,991.0165838015408,164052.12226767984,75826.10906914202,77410.31254774028,2954.849798707408,1063.075958639878,684.8552630149061,725.4209482180013,3.463860153672231e-05,-0.2056264506219869,96,69,96.99851816012524
22134,991.0343029024568,163982.74300661994,75839.03478579421,77397.28477971346,2916.814876171644,1031.672471570957,663.9646712295944,768.5124893107277,-3.019385120964256e-05,-0.1538695313591851,96,69,96.99831231879423
22135,991.037070457463,163917.17061143284,75820.4217725355,77400.17245975678,2852.1533281796146,997.5877177475195,642.4048156921344,800.4747374259459,1.4087750818257375e-05,-0.1845864317488459,96,69,96.9981091002985
22136,991.0537971168296,163909.66094419904,75856.15372480568,77406.93994708383,2777.393602101365,964.7964528299199,621.622110860073,833.3224862295028,7.456134833418631e-06,-0.164570830697584,96,69,96.99790850775518
22137,991.056569952989,163893.95925300822,75828.0853461502,77421.76267648861,2699.303023830522,935.3634863157058,602.7128227134235,857.0418601113779,-2.611522668570053e-05,-0.1704734686418047,96,69,96.99771054401944
22138,991.0742577705832,163884.29893937468,75837.96395031441,77422.47291795824,2627.215530978865,911.2161432107678,586.2481031068601,883.0896133749047,3.46831705624512e-05,-0.1809275136812812,96,69,96.99751521168544
22139,991.0769884140152,163877.77109141348,75832.98058368654,77380.36280309764,2561.903206174844,893.0279317795503,573.0871348419168,901.4279242294724,-2.9852808544426983e-05,-0.1673579919658502,96,69,96.99732251308691
22140,991.0936768306112,163859.73176564387,75834.76836249267,77360.32931147893,2507.8104775944375,881.1173048179771,563.0591084482439,922.6380715793639,1.3492921903109412e-05,-0.164604462820788,96,69,96.99713245029808
22141,991.0965740611372,163827.61611882306,75840.36409047789,77414.48368374337,2462.941268335271,874.7234328732593,556.042694531905,937.7623242668051,8.074915862842655e-06,-0.1730467478701227,96,69,96.99694502513452
22142,991.114189989874,163782.6919397675,75844.35633969135,77403.20609919642,2429.0573669426376,872.3196575150941,550.3581022954604,956.1681633342814,-2.651900801711193e-05,-0.1634074119792101,96,69,96.9967602391533
22143,991.1169245680808,163802.67296170504,75825.53585402695,77425.74182647759,2402.3335161702125,871.8118724347587,544.9583911303198,968.7702542170009,3.4715946072853456e-05,-0.1649276593312544,96,69,96.99657809365485
22144,991.1335293715438,163795.1264855068,75830.13108486583,77416.12170491426,2382.3251056675217,870.6058289639914,537.7616437418619,984.370651058649,-2.950211154524706e-05,-0.1633872739278076,96,69,96.99639858968258
22145,991.13663600429,163803.58065334486,75842.14487026232,77356.036328274,2363.9506211158587,866.7614833672706,528.5824654643075,995.1967198814964,1.2894195728096102e-05,-0.1463713324548608,96,69,96.9962217280248
22146,991.1540130783324,163806.75468946516,75819.32628483853,77392.0440938132,2345.477572502685,858.585866113368,516.7996996327711,1008.8084722256172,8.69029631521232e-06,-0.1462549287261277,96,69,96.99604750921476
22147,991.1571844520828,163772.08157331994,75810.89870946696,77377.72053171712,2322.6734470466617,846.2654532752349,504.19465474953176,1017.2977870041213,-2.691333315797076e-05,-0.1316942550794816,96,69,96.99587593353203
22148,991.1740562666968,163740.80219080666,75805.9914202887,77421.05142823432,2295.9863821837353,830.3350302837789,491.44697400095174,1027.3743884939468,3.473706254037625e-05,-0.1209411448848852,96,69,96.99570700100271
22149,991.1764491505924,163755.7877522722,75831.14311474623,77392.93333938278,2265.635365646158,813.399399613787,481.14936079853214,1032.1008664877736,-2.9141746165620727e-05,-0.1335142395733222,96,69,96.99554071140156
22150,991.1940568367736,163746.06622845912,75814.29190057296,77389.90055807501,2236.3379787965678,797.3336178299942,473.6436165327905,1038.939705697383,1.2291895473962306e-05,-0.1122590214844899,96,69,96.99537706425154
22151,991.197086747128,163731.93144904,75828.0299133364,77405.10564092854,2211.998211942555,785.4613460534893,470.9074755370966,1042.4157728551363,9.302118883110226e-06,-0.0903210753763939,96,69,96.99521605882512
22152,991.2139610859504,163779.65041907868,75824.25355636995,77401.64469104193,2197.7609577265684,778.8932465257967,471.99817189283203,1050.112957015488,-2.729813893520461e-05,-0.0856596959561086,96,69,96.99505769414608
22153,991.216377964484,163761.77646522492,75849.16570438827,77395.17089723324,2195.615160092304,779.5067315580527,477.62598884056206,1057.659342303552,3.474633996458767e-05,-0.0734545226030924,96,69,96.9949019689892
22154,991.2340510593732,163742.91745160762,75795.22185621891,77391.43405743712,2205.523384999542,785.9371360703954,485.390756566514,1071.2399778530817,-2.8772146157115323e-05,-0.0720523933912065,96,69,96.99474888188206
22155,991.2370099237124,163718.82099180738,75791.69981200894,77367.58534326649,2224.0444960026653,797.8407370613277,495.212709082145,1084.6771167083934,1.1685860934754e-05,-0.0852226860034176,96,69,96.99459843110571
22156,991.2538480009486,163705.7964794997,75823.3752113034,77395.20855039374,2245.830498600204,811.4856978046446,504.0361439404078,1101.1185000707046,9.909829958746671e-06,-0.1157187074399346,96,69,96.99445061469568
22157,991.2563281985306,163674.42071017972,75832.74453677995,77414.32152333071,2265.203713606694,825.1088370397629,511.72515751825995,1113.6809346839727,-2.767353345050922e-05,-0.1538815497369681,96,69,96.99430543044303
22158,991.274032802439,163681.31054018502,75809.71856421072,77391.58557357221,2276.7132575248834,834.1845104781678,515.36951981936,1124.6546327769174,3.4743794004248935e-05,-0.1920080933214803,96,69,96.99416287589531
22159,991.2769346813608,163695.13146043656,75829.15591538948,77388.23176934167,2277.935894250637,837.8071335900022,515.7266882753465,1128.1900878127199,-2.839313118961149e-05,-0.2315116079258741,96,69,96.9940229483579
22160,991.2937290781578,163689.21781899556,75835.55437187816,77403.28237541234,2267.0882394412183,832.8576541062066,510.7100620755227,1127.5689922044403,1.107694090338378e-05,-0.254722099865574,96,69,96.9938856448943
22161,991.2962933256,163705.1615124337,75812.84704919126,77393.0341926443,2245.780752899358,820.6954609630484,502.1461622044735,1119.6892477012007,1.051411798333558e-05,-0.2452773704223098,96,69,96.99375096232812
22162,991.3140042400686,163691.02526587484,75845.85321705753,77406.68262886621,2213.9213265443104,800.2139107916155,488.87561950975214,1108.8891207194247,-2.803843389089428e-05,-0.2431106132678122,96,69,96.99361889724366
22163,991.3168602262746,163723.7149903882,75823.11509906327,77391.86926381719,2173.9187797610066,774.9801974109287,473.95724628301105,1093.0828884928196,3.4730227677216355e-05,-0.2333340840913469,96,69,96.99348944598698
22164,991.3336047961636,163776.49050560608,75809.40914983829,77382.11895887737,2124.276428632729,744.8852278056438,456.78879592817975,1075.9951185702812,-2.800451717380929e-05,-0.2193916058198277,96,69,96.99336260466704
22165,991.336275262761,163773.64674761656,75844.97577551495,77397.2326418209,2066.4887430419913,713.8858108758577,440.50484900013544,1055.7315994309029,1.0464948410648712e-05,-0.220973919660557,96,69,96.99323836915713
22166,991.353959862824,163764.83718944664,75831.30064383105,77434.55079509535,1998.2635024163756,681.2059165069804,423.82033446937567,1034.8651322229416,1.1113536784003914e-05,-0.2094781490369006,96,69,96.99311673509534
22167,991.3567944223428,163799.6222291962,75781.06007131028,77394.72338863234,1922.8214877700666,650.2919972812815,409.14538199151866,1011.4545033108152,-2.839475234107977e-05,-0.2139539919612596,96,69,96.99299769788657
22168,991.3734642764535,163830.7424382321,75830.83737330274,77403.1466765737,1839.7954935115413,619.2065132976859,394.0064258305065,987.7626041762414,3.4703177955207315e-05,-0.21786818336297,96,69,96.99288125270284
22169,991.376293763691,163863.28445057347,75838.40372497929,77405.06578733506,1755.3002637763857,590.6512454565818,379.97869165657903,963.0825019087933,-2.76088195948845e-05,-0.1964488170170069,96,69,96.9927673944852
22170,991.3938586278468,163867.36203180673,75847.46671626647,77409.895600191,1670.4108097208082,562.0661986665073,364.2969778718543,939.6840002772224,9.848551339621469e-06,-0.1883658107208247,96,69,96.99265611794426
22171,991.3968527604106,163948.3698738493,75822.95251112845,77382.63286554955,1592.2387657388463,536.509485733186,349.28308623225894,917.1516283931269,1.1707909409225022e-05,-0.1770934083104422,96,69,96.99254741756192
22172,991.4140970268634,163936.44552673295,75868.14846938287,77398.81447223871,1519.9465930917067,511.3839780926937,332.9270365963457,896.515242422669,-2.874026890857657e-05,-0.1575845756684996,96,69,96.99244128759214
22173,991.416184795158,163944.32049180157,75858.53983727218,77413.9618123301,1458.4573583471356,490.2380106651981,318.53292442066595,876.4550445468922,3.46669681476885e-05,-0.1532139068509253,96,69,96.99233772206262
22174,991.4338461091468,163965.65539245054,75851.48195524665,77414.27574042762,1403.0309046715265,470.10388263344066,304.1693800672656,856.2579637395684,-2.7200190879021547e-05,-0.1489554900317424,96,69,96.9922367147758
22175,991.436807789073,163984.30039640705,75848.83379143364,77387.67429856485,1356.5335124204867,454.6779505198356,293.0514419294195,834.2543499738385,9.234483080181646e-06,-0.1226495448867327,96,69,96.99213825930968
22176,991.4539787749146,164012.81816347718,75827.14982543497,77364.68499657419,1312.355190451024,440.51073506959074,282.46061110077426,809.537886852806,1.2302381523918835e-05,-0.1110473530690275,96,69,96.9920423490202
22177,991.4561144455432,164022.02633045975,75842.65390327334,77411.35345206755,1273.2796800181386,430.80362255060754,274.6180504532531,782.1729660374695,-2.9072668162329463e-05,-0.1088599828087042,96,69,96.99194897704126
22178,991.4738253875812,164097.58191800123,75840.67355084144,77407.14214266847,1232.4398328160169,420.97301858488936,265.7405986020458,752.5915471219341,3.461899354288851e-05,-0.0926500919345872,96,69,96.99185813628694
22179,991.4767598941522,164104.13954681286,75825.96770826545,77392.23486137015,1194.5495283575729,414.1121374429931,258.1057177725306,722.7648181320401,-2.678713716859683e-05,-0.0849748529166091,96,69,96.99176981945192
22180,991.4938566155478,164136.5444873228,75829.36433786781,77382.55762779995,1153.8868421993684,405.45910010061925,248.49148080623127,693.4675373075006,8.609337417558544e-06,-0.07877224761152,96,69,96.99168401901429
22181,991.4960529815824,164184.65306789125,75855.60326721097,77427.59498229144,1116.5126408396754,398.42098013126815,240.09868961104075,666.8233897424652,1.2880036543279896e-05,-0.0679422622709703,96,69,96.99160072723468
22182,991.513804883818,164180.9722206436,75836.58168935982,77409.906093256,1076.3450279316748,388.17017564918206,230.28400966722984,642.1440724725835,-2.940788390490212e-05,-0.0566989148446104,96,69,96.99151993615963
22183,991.5167049777186,164178.57314132378,75845.16687960758,77401.19992052931,1040.3499075310538,378.940575317014,222.86887964699417,620.5707535182883,3.4548816810332826e-05,-0.0606868354236726,96,69,96.99144163762216
22184,991.533733334567,164214.5567507248,75872.0500309518,77417.40909972395,1002.0645474168705,366.0762709900155,214.95992120131268,599.898652271193,-2.636977255784376e-05,-0.0470625708218293,96,69,96.99136582324245
22185,991.5359999722916,164247.49073945748,75861.61985747133,77382.48716620945,968.4195088940323,353.96687647559156,209.55751287966268,580.8651974928798,7.987437263370741e-06,-0.0320613756928422,96,69,96.99129248443032
22186,991.5537833855392,164285.65095768776,75849.15797096385,77404.92918360705,931.7255434069084,337.676145813326,202.6347673307173,560.5602397538314,1.3469576244227962e-05,-0.0374693444244734,96,69,96.9912216123862
22187,991.5566434356276,164295.52740946945,75840.559476633,77415.49563725441,899.4677005351987,322.5861180208303,196.96773306533578,540.0890308476519,-2.970547572453156e-05,-0.0301189524606259,96,69,96.99115319810224
22188,991.5736094037796,164284.18277953027,75843.76297206967,77388.7234001223,863.2078793881228,304.4447184944729,188.67571733443765,516.3664406900934,3.4500469571640074e-05,-0.0319231933013907,96,69,96.99108723236398
22189,991.5759562775532,164345.3478111804,75820.18383682765,77397.26970793247,830.0149281272897,289.3909398816031,181.16153142324765,490.96078517244314,-2.5912105609746607e-05,-0.0339809546906469,96,69,96.991023705752
22190,991.5937585848552,164370.81579586145,75852.82606252706,77404.99804832411,790.1448251959519,273.0699689929461,171.2318098208052,460.8097433166113,7.384127649476586e-06,-0.025468753435944,96,69,96.99096260864268
22191,991.5965768239864,164377.61635272793,75874.14397988284,77397.04346186662,751.7566875956254,261.8069382398098,163.23010941126267,428.56298117581173,1.4053377116902206e-05,-0.0307802114975882,96,69,96.9909039312103
22192,991.613484241065,164401.74345398688,75823.10771018766,77391.0300806947,705.2734839349869,249.85029969779134,153.85872110747732,391.76885492089787,-3.002139844603929e-05,-0.035013470242771,96,69,96.99084766342828
22193,991.6159238190324,164491.18203526444,75832.03992347587,77451.76087082406,659.513747019053,241.47463514811534,146.42210894814343,354.0182635302481,3.438240315089209e-05,-0.0215929463658489,96,69,96.99079379507045
22194,991.6337265992208,164508.6453015572,75824.61255294642,77423.0201985841,604.2573226715904,228.3663852531754,136.05003380123526,312.9298391295015,-2.552698009445481e-05,-0.0081134152701477,96,69,96.9907423157126
22195,991.6365090970586,164540.08220209004,75852.63646097011,77395.5130858916,548.8990089358995,213.9386209359509,125.23762230752618,272.4379372772819,6.691307033072911e-06,-0.0455874325525444,96,69,96.99069321473436
22196,991.6533539180676,164617.62711882818,75862.60856741025,77409.56136501498,481.3767550798948,189.52362486024504,108.77681068415404,229.47581907681888,1.456020475114607e-05,-0.0470122519474236,96,69,96.99064648132018
22197,991.6559096914444,164622.14767739852,75812.65221979051,77411.07877391123,409.64901690447005,159.93854354630457,89.85988207356422,187.57031707768328,-3.035602831276868e-05,-0.0399824692703249,96,69,96.99060210446088
22198,991.6736736676544,164679.12407157492,75874.07324453593,77418.8430620812,321.4119221169967,119.4966269274446,65.12995971326018,143.4078520022158,3.428897540127982e-05,-0.0639001388776481,96,69,96.99056007295572
22199,991.6764698947364,164693.147078705,75834.59982832092,77426.4773697558,230.26849078922532,78.59900482236117,41.006919865554664,101.95627425535349,-2.5020473665136093e-05,-0.0685513266346062,96,69,96.99052037541313
22200,991.694002252748,164712.62931853285,75848.36908849803,77421.2285313132,131.98774171230616,36.79670626606094,17.197005997993983,61.595605445472756,6.180786642612819e-06,-0.0658742873231405,96,69,96.99048300025277
22201,991.6958798231312,164788.04662027798,75841.46527557992,77422.43430848689,53.077729235519655,9.95251153978461,3.1523761811549775,29.915987643791595,1.5286678796348478e-05,-0.0690389040581052,96,69,96.99044793570684
22202,991.713615950184,164833.12595520855,75848.62259593054,77441.04236694812,-0.0,-0.0,-0.0,6.660087550670141,-3.0464719252541527e-05,-0.0639611570674167,96,69,96.99041516982214
22203,991.7164589616452,164815.04777427245,75878.65493301836,77421.83271237895,7.7984367468743585,23.036437854825635,17.251513335038908,-0.0,3.432381730219783e-05,-0.0592243933845699,96,69,96.99038469046069
22204,991.7338712212652,164808.55989694328,75829.6452067104,77399.98866871103,82.40487586689414,76.92877721901459,53.665830634738086,8.081723928480642,-2.450824419449623e-05,-0.0545945527474696,96,69,96.9903564853022
22205,991.7358116485927,164773.4826412538,75869.26317945862,77439.1531553382,248.14013907517074,169.7699126383668,113.77462296138401,35.85284910222981,5.476969133651118e-06,-0.0396367057927055,96,69,96.99033054184522
22206,991.753583486616,164725.62526440804,75844.31534435783,77418.34801793742,489.0908166109002,287.9245209278888,189.3732890986721,76.7907500701549,1.5616672031250223e-05,0.0732833892329908,96,69,96.99030684740872
22207,991.7564271764904,164665.30781605816,75847.7335145859,77413.06601115594,805.3495148792281,429.04528637319163,278.53755271754926,132.14954461244633,-3.1106775603671745e-05,0.3236040128392379,96,69,96.990285389134
22208,991.7737471036896,164593.08533983323,75876.24603770774,77412.85806264143,1157.2992564543965,571.2934353947785,368.22040610032855,192.72765845945105,3.375539579481014e-05,0.3821494490083034,96,69,96.99026615398591
22209,991.775742984411,164556.50907042655,75841.33230345366,77431.33554026148,1528.257119874179,708.5862995514035,454.29817407784867,258.82581750582904,-2.447263826093827e-05,-0.1378046331951738,96,69,96.9902491287546
22210,991.7935597034332,164456.40152281983,75852.5506761572,77399.19041278916,1870.9675647648983,820.1190213261143,524.5305000588414,321.478209854773,4.572141973066203e-06,-0.3358524491551439,96,69,96.99023430005754
22211,991.7963829881592,164437.33193807575,75838.48052270865,77423.9298544811,2174.965323074721,906.9719553031173,578.9783829184016,383.14029429273796,1.6180371647700134e-05,-0.0149173167345669,96,69,96.99022165434036
22212,991.8136251953682,164365.0552473915,75818.96331506384,77397.21299918083,2407.347541940864,958.0786228198122,611.1461895626562,437.2817765039217,-3.097852821763081e-05,-0.0471040045505764,96,69,96.99021117787944
22213,991.8156782641151,164314.05886914374,75827.1270251573,77420.66034075106,2576.021693002607,984.1761502220324,626.7185469948454,488.56795116557623,3.4412214671809675e-05,-0.0498323212573708,96,69,96.9902028567828
22214,991.8335404487992,164233.30590909114,75820.24941364695,77400.42710453615,2665.1931888958206,981.3244440499257,623.6666404971911,531.7551694321446,-2.291163575955396e-05,-0.0086267644615059,96,69,96.99019667699206
22215,991.8363284593162,164230.11185463713,75798.72616784705,77417.11489508316,2699.1949926528614,965.4328107190959,611.0917168303567,572.8276859049802,5.1211887577782886e-06,-0.027319656898968,96,69,96.99019262428426
22216,991.8535048123858,164183.1995578454,75827.85736611269,77389.12024033249,2673.3745797146694,934.1273676877463,588.5197540056542,606.9331570281065,1.7686489298877036e-05,-0.0098853402664615,96,69,96.99019068427329
22217,991.85561912859,164170.4456762262,75857.14783219429,77384.27022409676,2618.079341180797,901.9067217084666,564.6806812228169,639.7155878613703,-3.084487004100245e-05,-0.0288024428220162,96,69,96.99019084241168
22218,991.8735233667636,164098.97452445427,75829.68118038315,77405.83784200637,2530.292926445487,863.4039016056486,537.5958994455286,665.4013942519668,3.377463842239004e-05,-0.0223273423804414,96,69,96.99019308399252
22219,991.87626449808,164117.0464193782,75846.56556576444,77413.12220869055,2441.6463613830856,831.1881656302721,514.5720247894933,689.4438542577554,-2.3967715046726432e-05,-0.0118053906854442,96,69,96.99019739415044
22220,991.8933862851314,164076.95157535383,75837.29331798365,77415.91408647453,2347.1227525482536,798.0389399099513,492.0865891170979,705.9186106166453,2.007007183181565e-06,-0.0167463123514744,96,69,96.99020375786448
22221,991.895566279861,164027.64999925694,75823.50293614279,77390.62364706665,2273.030521275534,774.5129578014603,475.7125131972425,720.3596244350483,1.519368462360687e-05,-0.0044940506464376,96,69,96.99021215995867
22222,991.9135066939084,164064.8924457323,75811.1714774952,77391.59789719744,2206.5856297408463,751.4780325458996,460.51755711756414,727.220685476088,-3.397805136363622e-05,-0.0014911457862919,96,69,96.99022258510476
22223,991.9161917104622,164059.98379441592,75817.89543269433,77398.91603409903,2167.235928158043,738.6769998025411,451.4420933141664,733.3232253199094,3.175714785331022e-05,0.009126493392618,96,69,96.99023501782284
22224,991.9332703233,164047.946818511,75848.33641550031,77394.19292693393,2134.0381154949428,725.6544049566728,442.98709160333965,733.9811057286279,-2.342824929376163e-05,0.0098642968298644,96,69,96.99024944248409
22225,991.9355199286792,164024.62912691224,75834.18180874501,77428.76921806746,2118.122016166162,720.1619501594832,439.24594753573183,736.1661347184563,3.985488751375918e-06,0.0114798010364247,96,69,96.99026584331202
22226,991.9534889492422,164037.57614726684,75841.83282782712,77411.48863527735,2092.864570670703,710.2457922024187,434.1775864199444,734.807101033366,2.1011098261658985e-05,0.0198522592908465,96,69,96.99028420438448
22227,991.9561106561314,164053.17776848504,75813.2345287497,77398.58697620252,2069.7262771229725,703.9212435361551,431.9654036417196,736.7270420121495,-2.687198408136563e-05,0.0224098692163231,96,69,96.99030450963514
22228,991.9731577889518,164032.64933517054,75823.72440101634,77395.9490252524,2025.791178678919,690.0377502810588,426.68904653182835,736.1762527178216,3.955481010916e-05,0.0314042141260833,96,69,96.99032674285552
22229,991.9754799569282,164022.81287541348,75824.49678957314,77372.09487415609,1978.6937173008919,677.6323989946977,422.46507806892623,739.0315448977053,-1.6443389945530803e-05,0.0403186856391605,96,69,96.99035088769678
22230,991.993468833603,164011.3224512514,75840.64950127526,77378.49216101831,1914.144709565211,657.5992201766785,413.934018494474,738.9788610367395,5.991785955296812e-06,0.0595652816376879,96,69,96.99037692767088
22231,991.9960219445584,164036.19723789085,75823.06533848832,77427.09081199176,1859.5982479351806,641.9824388102279,406.56546653751866,742.287413051381,1.824546272916889e-05,0.0741607914012904,96,69,96.99040484615364
22232,992.0130495878808,164015.4994744048,75824.34958877055,77425.41902074925,1806.1637661563582,623.6024437817396,396.3979513630038,742.9544216753275,-3.738373537855832e-05,0.0827743475690019,96,69,96.99043462638528
22233,992.0154459937768,164031.84878694246,75815.41659255656,77399.16373423889,1780.3682146894862,614.5283820008335,389.72048537095543,747.2976884646923,2.268401870233529e-05,0.0826407864697107,96,69,96.99046625147258
22234,992.0334451981452,163969.84225954098,75828.45321644208,77438.67885345753,1768.3189584458596,606.8774960332521,383.2080036243424,749.4582354448503,-3.638549705002058e-05,0.0715858900831493,96,69,96.99049970439152
22235,992.035926272127,164035.46823727532,75874.97426354054,77395.96233982084,1789.6097762812278,611.5659484442731,383.258557719324,756.1351354127983,-1.417980130459982e-05,0.0685149293348567,96,69,96.99053496798788
22236,992.052946606296,163984.89228886124,75845.95648640077,77390.00024082731,1821.2219425209914,618.303865389913,385.57534063531784,761.1496105769183,6.103394564265176e-06,0.048508005422831,96,69,96.99057202497964
22237,992.0554174601008,163992.8444319352,75816.95647107817,77415.29622794173,1873.812786768307,634.6715784349071,394.5099238194816,770.3127386199776,-3.736110168568066e-05,0.0156552548916119,96,69,96.99061085795896
22238,992.0734170400216,163958.93906198378,75813.13866181878,77392.80065802185,1920.1712517579435,648.3329391696752,403.9580382175045,776.8680064579239,3.9951732574739786e-05,-0.0151344288835857,96,69,96.99065144939355
22239,992.0758244320226,163987.4466873782,75850.95209016862,77407.62557895234,1971.926015826466,666.3475691436761,416.9036470283463,786.659713809524,-3.885880257304987e-07,-0.0368998329469968,96,69,96.99069378162908
22240,992.0928496689896,163931.54134982475,75815.29821410622,77412.7122052393,2004.8125103730708,676.5458652171219,426.23303680255776,792.9001125539362,3.457595841052183e-05,-0.047515501679893,96,69,96.99073783689067
22241,992.0953935999436,163947.65753289484,75862.01326864223,77414.8985840348,2033.6090785367996,686.42209015353,434.288662068604,801.4123163111508,6.032400087099552e-05,-0.0552563002369115,96,69,96.99078359728465
22242,992.1133835097684,163931.10563048284,75859.5253516975,77407.55289542791,2038.6813827466685,685.7746426471713,434.70893331157276,805.9950940356648,6.3697354435386775e-06,-0.0776425269657054,96,69,96.99083104480052
22243,992.115717309024,163927.43947884886,75847.50892111998,77420.47170321635,2038.8128532560659,684.3514061217138,431.45036435403745,813.222817558184,5.783134315220298e-05,-0.0861415051601466,96,69,96.99088016131309
22244,992.1327595101272,163931.90373201232,75869.59798274784,77410.0910101689,2015.4608443826437,673.2036459594383,420.01082519165357,816.7730836272531,-2.1707284014341187e-05,-0.0778714012963697,96,69,96.99093092858396
22245,992.1353735061195,163915.46578113257,75816.73158364707,77394.51215061711,1986.074876141327,661.8786796796339,405.84927077018074,822.1885004891956,-3.507736602943143e-05,-0.0789662123009636,96,69,96.99098332826348
22246,992.153343924008,163949.06755970552,75835.3707437899,77413.95922824621,1932.665492989996,641.7094847216213,386.1912071212719,822.1942470967188,-5.1461851164807447e-05,-0.0789898640423799,96,69,96.99103734189286
22247,992.1556058642908,163895.92180960238,75851.5268102328,77421.87552636774,1874.4329723452684,622.280748744859,367.54910125024617,821.5523482885037,-0.0001315788507918,-0.0697514061274547,96,69,96.99109295090572
22248,992.1726767532978,163899.2174293934,75848.46261207365,77399.35269885242,1795.2308227872709,594.5844538760575,347.2086020419956,812.3426274399972,-7.435492265084018e-05,-0.0613076530084239,96,69,96.99115013663
22249,992.1753561425218,163950.39089192255,75872.08077137808,77399.67162880849,1715.7610361818224,567.5493118147278,330.64398649908253,799.3854710444575,-0.0001071435352723,-0.0732421432710082,96,69,96.99120888029027
22250,992.193297780765,163936.45069967472,75824.19635802179,77384.30329058439,1623.5140317953774,533.204559674763,314.2700461767672,776.4915405927168,-3.502449496754881e-05,-0.0754302680642445,96,69,96.9912691630091
22251,992.1954911122012,163965.29520696754,75851.44478081685,77427.30690126719,1541.5039617037983,501.63950734963873,302.4181662305782,750.9916831288137,6.571288647512491e-05,-0.0543749906515124,96,69,96.99133096580915
22252,992.2126019002818,164028.5723094455,75825.24520412638,77412.55220915111,1456.478490783018,465.6033754108503,290.2981020064617,718.8569516229036,0.0001066453221917,-0.0876656249084577,96,69,96.9913942696154
22253,992.2153403631316,164010.54101808832,75840.33893878492,77414.55086101593,1387.4148364441353,434.8457414404111,280.94186947648996,688.6197184078337,0.0002579425923204,-0.0801587301047203,96,69,96.99145905525612
22254,992.2332447770648,164108.37170121673,75868.77161387193,77432.60599909793,1317.9524008891894,402.53710252957535,269.312223350571,656.8645770487201,0.0002557089343042,-0.0523370004208764,96,69,96.9915253034661
22255,992.2353740893104,164078.4798326124,75836.53281497066,77400.11062258211,1263.2899947385886,377.99697876893333,258.48334526337567,631.3119592717267,0.0002616000235539,-0.0647259712418972,96,69,96.99159299488748
22256,992.2525353296734,164113.65338286376,75852.75600444451,77417.17403636068,1203.8571448979783,353.46962898726633,243.93697435531067,606.3694075829117,0.0001900132550929,-0.0538590720735066,96,69,96.99166211007194
22257,992.2553249257566,164123.2634923795,75865.89754139612,77392.5130357412,1152.9687661954667,336.68721469961747,229.43418211885728,587.0107797268138,-3.820638286125553e-05,-0.0526980841470963,96,69,96.9917326294829
22258,992.273184830629,164138.28262138946,75847.06750924047,77429.37937289535,1094.0346147851087,319.7376374685555,212.0688549129991,565.9614259095106,-0.0002051003225834,-0.0536061174428788,96,69,96.99180453349722
22259,992.2752558130978,164177.97992535128,75848.03257687985,77447.25472617433,1043.7442296936642,309.7144258727494,196.7838996843202,547.2318386237021,-0.0004990253754157,-0.0420655409220165,96,69,96.99187780240716
22260,992.292477309364,164190.71002146017,75860.6818048225,77432.49412204429,988.2974414135679,298.15297278997605,181.38394918772974,523.4129715737363,-0.0006675447358745,-0.0443597344339733,96,69,96.9919524164222
22261,992.2953084952634,164206.5907318377,75856.41139058681,77406.3808754798,944.9366997706238,291.26753102539806,170.54300425350084,499.18813744102954,-0.0007011999198712,-0.0473089829662354,96,69,96.99202835567108
22262,992.313118111279,164236.52229537608,75868.54618027576,77449.98209998815,901.0949602914625,281.42990088291117,161.7609390002035,469.1551753943204,-0.0006222298998126,-0.0425366869186177,96,69,96.9921056002037
22263,992.3151372238772,164271.39072278893,75900.40134273322,77455.8381587706,872.0970122242579,275.2168753249716,158.44104549853364,439.8277798592753,-0.0002072289070598,-0.0295210004229546,96,69,96.99218412999323
22264,992.3324280320332,164293.92056771036,75833.55998390322,77422.45666351165,842.241402778367,265.6717893047462,156.68451072604512,407.07100386117236,0.0002805148476905,-0.0306540764577376,96,69,96.99226392493784
22265,992.3352896243416,164321.59227438137,75869.6519802949,77421.51876795331,822.8695794328232,259.44482385540323,158.4336231991765,377.7779018464498,0.0009320788606303,-0.0223010428436976,96,69,96.99234496486228
22266,992.3530450964108,164373.29541287024,75894.86645283738,77443.45438922876,797.9224827145226,250.7245998227445,159.5363605757302,348.0031538960757,0.0015368835181958,-0.0324208538424479,96,69,96.9924272295206
22267,992.3550190920178,164376.89541280176,75853.77639513323,77423.00736762694,778.2240040844772,245.82657999299408,161.77386680300697,323.5867569828406,0.0018214038521304,-0.0379941163616079,96,69,96.99251069859754
22268,992.372387697314,164406.01264633704,75885.29637220723,77444.36540838536,748.9416202201974,238.4722470636625,161.44777564622927,298.93346348186606,0.0018048496982826,-0.0120198660109698,96,69,96.99259535171072
22269,992.3752666806478,164424.96430254655,75853.56717617277,77417.6133721982,722.2250781602343,233.7707669393567,160.76267333325814,278.11409873809316,0.0011326463518081,-0.0088441428663123,96,69,96.99268116841232
22270,992.3929666903988,164406.5730447195,75877.78469607257,77437.2367838556,687.1433339639334,225.7501579168602,157.19071380104288,254.97175433053053,-1.8156638182043456e-05,-0.0099087307883398,96,69,96.99276812819144
22271,992.3949018383304,164478.00414522956,75842.41260838871,77412.95162163948,656.605153651617,218.94295166744268,153.41441951418528,233.26358389051165,-0.0015487108438325,0.0029595159948124,96,69,96.99285621047532
22272,992.412356711548,164490.14924751487,75872.7533200344,77417.57174588018,619.2316091266111,207.46984474790224,147.2558636702015,207.24866574039333,-0.0032297395068506,0.0061376520582037,96,69,96.9929453946326
22273,992.4152376229224,164510.77432380404,75887.68350844455,77423.42205596565,584.7760865691234,195.30016900667397,140.83479505838477,181.44526284429594,-0.0044100598356468,-0.0012803738808868,96,69,96.99303565997342
22274,992.4328845428842,164545.30670146298,75883.48357450913,77448.15960468292,540.2391386947711,177.23798246931983,131.4689885280095,151.69719961547526,-0.0048322367027095,0.00579733255222,96,69,96.9931269857529
22275,992.4347850759016,164561.39523821787,75844.0073212191,77422.88469421536,491.72166165389353,156.7160228685534,119.9377007537405,123.3524501863576,-0.0039136957216485,0.017135513838503,96,69,96.99321935117273
22276,992.452336287,164600.11531316405,75875.33896555523,77437.15090367492,425.3502231701859,129.14550479504396,103.06461046857294,92.9028540327563,-0.0015356569710242,0.0222660576972642,96,69,96.99331273538256
22277,992.4551991965196,164637.58132290017,75862.66259127701,77461.80344514677,348.42830374772893,98.74394178931834,82.05521383607993,65.95557368083973,0.0020088468466409,0.0431869511345576,96,69,96.99340711748252
22278,992.472802250865,164629.6200189288,75880.77163592767,77444.84744352587,254.654467583925,64.2633064565598,56.4893630304141,39.820359273668146,0.0062853371366639,0.0211684474941493,96,69,96.99350247652497
22279,992.4746657006964,164660.3777459881,75869.76232272033,77408.15910409212,160.0132669946761,33.036952946466045,31.081939107069047,20.265841479587834,0.0100125374830162,0.0106573071839493,96,69,96.99359879151658
22280,992.4923317076738,164693.81205181658,75845.17018764757,77399.36364515092,70.38760989753064,8.263131254105247,9.73733687333879,5.009928485611454,0.0120699691163448,0.0069044921330706,96,69,96.99369604141992
22281,992.4951397368015,164668.9449847791,75834.7242970123,77437.37062063471,12.112086618260946,-0.0,-0.0,-0.0,0.0111612646624402,-0.0041031149255873,96,69,96.9937942051558
22282,992.5119451269976,164681.58381580122,75875.73071131222,77405.44527361258,-0.0,13.21779320796486,6.848994892294286,3.6032025214808527,0.0063718833713984,0.0021670683529238,96,69,96.99389326160504
22283,992.5145419744836,164660.355995301,75878.47241302821,77434.2894848013,58.822197901899926,54.83493183471728,35.08084545467864,20.959126645320794,-0.0020611644519107,0.0088935708974286,96,69,96.99399318961068
22284,992.5323572479238,164652.59994921592,75864.67253643736,77439.93320772966,195.24942976573948,124.51267062455008,84.71021410694811,49.730423345870804,-0.013153310792917,-0.0001778408459656,96,69,96.9940939679794
22285,992.5350089843456,164585.24576812857,75859.73348006599,77403.86759249931,415.7574241531547,220.3682176964794,153.37011231464567,93.57389959637658,-0.0241692674841253,-0.0031682575887036,96,69,96.99419557548389
22286,992.5518696783632,164523.77001021343,75828.17987295089,77417.96788182168,704.8381864347612,333.6606435522699,234.35488363102195,148.57006615120918,-0.0313490762111755,0.0040797852516965,96,69,96.99429799086474
22287,992.5544907394816,164433.50530390913,75840.50996077603,77400.01417956497,1044.0076096493285,454.62837774213403,319.7560891386529,215.9975098966388,-0.0301670251467118,0.0172729591438562,96,69,96.99440119283211
22288,992.5723483898228,164392.3070223015,75851.90284869641,77402.01534222734,1400.1186268193997,571.3173259229661,400.8700253366551,290.3278757110529,-0.0156445231828928,0.0180301627707411,96,69,96.99450516006829
22289,992.574890385503,164339.95819890645,75843.58756503637,77408.1963872601,1744.4480615088833,673.9618265683966,470.6408560501295,371.0985492763866,0.0160575830553593,0.1484792911917774,96,69,96.99460987122887
22290,992.5917875151564,164210.22611585073,75844.02158296177,77412.12438142317,2046.1606704769074,755.3975460566871,524.4781864295946,451.7485165433609,0.0676512988500276,0.4082592919456847,96,69,96.9947153049453
22291,992.594453703951,164154.8494317169,75842.4179843848,77399.34378794988,2286.786320275918,812.069087755066,560.5035916724592,530.7016614970053,0.1394866718291994,0.377402151602257,96,69,96.99482143982642
22292,992.6123267243304,164075.900304418,75836.42502073181,77418.48753703578,2454.6632899253163,844.7317574701301,579.888066082116,601.8819384327217,0.2294130343162486,-0.1849209821654245,96,69,96.99492825446082
22293,992.6147724889696,164018.46043440283,75844.74242797834,77394.37030065013,2551.115242930886,855.8013057145145,584.8872899182752,664.8918589451641,0.3332967806025508,-0.2782323236015739,96,69,96.99503572741833
22294,992.6317072017682,163917.83991479117,75835.73533214779,77391.43266462786,2584.0139066118863,851.0523861299298,579.4935032735957,716.4754361052183,0.4447566908906847,0.0087144009317415,96,69,96.99514383725224
22295,992.6344245657032,163919.53310099748,75819.09573003351,77392.36396582749,2567.410817397409,834.6852085513092,566.5076063869637,759.2917885667121,0.5567107963134161,-0.0566374308449446,96,69,96.9952525625012
22296,992.6522954915388,163872.27146789146,75852.5773352288,77391.54803861179,2517.4365586910862,813.0033433428471,549.4805640978739,794.014349909965,0.6615286377602657,-0.0207715329673849,96,69,96.99536188169104
22297,992.6546532898494,163870.74526936552,75841.93907171539,77403.3562359553,2448.785445351212,788.2839848129224,529.6122252800269,825.8908548663894,0.7518026670299469,-0.0037405862876086,96,69,96.99547177333672
22298,992.6716316712362,163833.45480299013,75817.64032560597,77407.76887695148,2375.6531957892585,765.3330847511097,509.41480872189277,857.1486991315032,0.8212422439885297,-0.0241338871072196,96,69,96.99558221594462
22299,992.6744004477816,163772.06040502014,75822.57621150778,77404.52530836778,2306.7828115330776,744.1896097254212,489.21165856870357,892.0664147267235,0.8642891135100333,-0.0047619881953341,96,69,96.99569318801385
22300,992.6922556852112,163724.62688242114,75817.57376889788,77429.07134684462,2250.846907351981,728.3939281051862,471.5508822472766,930.9519753109198,0.8772957897671465,-0.0249453387076711,96,69,96.99580466803862
22301,992.6945325674689,163709.4603324425,75790.29362512552,77411.1299467201,2208.888531512057,715.9080905306328,456.5301976460905,974.5064007612818,0.8583103311185568,-0.0310938458045388,96,69,96.99591663450984
22302,992.7115624595416,163653.49300034405,75798.5073509581,77372.99283453925,2183.3932331770775,709.1192830517684,446.60656412050594,1019.9242910704052,0.807569332916947,-0.0064456399990121,96,69,96.99602906591758
22303,992.7143793272256,163620.81816051676,75759.48049630535,77344.25053972559,2168.02427955484,703.9110149908374,440.6422458522429,1064.7851269180537,0.7282162271914454,-0.0067213085450972,96,69,96.99614194075248
22304,992.732207754344,163547.2869062374,75786.63819862636,77339.74510715822,2160.1882997524226,701.1611087165365,439.31855163990986,1105.0728996499965,0.6256067087134062,0.0041403718864121,96,69,96.99625523750764
22305,992.7344107069262,163527.4190368577,75740.70448128319,77345.19572903233,2149.076910064905,694.9820702007128,439.0210404576792,1137.9369323432038,0.5078355460019709,0.0114540860021803,96,69,96.9963689346809
22306,992.7515005152892,163541.26214710108,75746.93303943764,77329.03080866205,2132.5145051231375,686.7275034204504,439.00254148841486,1161.12266877605,0.3844052410720117,0.0043011546409718,96,69,96.9964830107768
22307,992.7543594581484,163488.4029825164,75737.52738621092,77336.57241577175,2102.2621537088417,671.7917766074825,435.1711017182388,1173.9787030986627,0.2651604139285154,0.0015757468321264,96,69,96.9965974443075
22308,992.7721520660456,163489.41845371787,75766.69267313018,77308.04399993744,2062.448501905543,654.4053189599217,428.07134413105086,1177.6569342998555,0.1593506432829943,0.0110393475464701,96,69,96.99671221379612
22309,992.7742883209328,163492.22714750835,75782.20941463322,77361.34808560516,2010.977819386986,632.563531814536,415.84939556382596,1174.0164256620337,0.0735771058030667,0.0202783606794364,96,69,96.99682729777784
22310,992.791446474717,163499.6876268319,75779.4739579577,77364.93679241362,1959.1746504894109,613.6015644798172,402.3150903281057,1166.794578061701,0.0117240440952142,0.0399125874422362,96,69,96.99694267480147
22311,992.794339166415,163541.8797405243,75765.74994913519,77332.60794809843,1908.5162840498379,596.5402010454854,388.0572088530462,1158.441882542771,-0.025910346574461,0.054621604611366,96,69,96.99705832343226
22312,992.8120891058212,163526.35461931626,75785.11224512856,77338.30309559351,1871.2407568671042,588.1518723847694,378.09804433901445,1152.4570702922938,-0.0422057431624873,0.0398248012001107,96,69,96.99717422225292
22313,992.8141660521808,163543.67840438502,75797.2849777912,77365.22122059377,1845.2369896132732,584.7339460359653,372.255471657234,1149.0136366599763,-0.0419223554532688,0.0505359174654632,96,69,96.99729034986608
22314,992.8314008150148,163518.24197712954,75775.159654422,77366.25618940154,1838.5241323409718,590.5616663642722,373.8357432601624,1149.6496844644134,-0.03132865355713,0.073055544661402,96,69,96.99740668489582
22315,992.834316728451,163511.91979052217,75786.64315725527,77343.63178291802,1842.7700121401576,598.9126428733871,379.84921769425273,1151.8800156409852,-0.0162057631266432,0.0744334845171405,96,69,96.99752320598982
22316,992.8520196237794,163511.2974546827,75810.2663240634,77343.76103786167,1861.031616064196,612.0764454220625,390.9443052778952,1155.9159700830933,-0.0014495245107028,0.0716411032895957,96,69,96.99763989182097
22317,992.8540443971976,163524.67310223868,75809.28718310993,77371.31066091059,1880.9854817506857,622.269626720692,402.09283383894945,1158.1635887845478,0.0095586147293193,0.0724031553665598,96,69,96.99775672108927
22318,992.8713640159356,163542.0107163004,75806.8007004683,77341.05026883297,1905.57386435027,633.0476068647986,413.61253012288944,1159.710986250284,0.0155503098000488,0.0698179844921511,96,69,96.99787367252394
22319,992.8742902196605,163511.826196842,75839.02684568931,77390.88864474482,1922.9659125477774,638.1077821540239,420.96590718327207,1157.4593785617326,0.0163671746003783,0.048087507821325,96,69,96.99799072488496
22320,992.8919448352804,163540.92247164817,75794.54796026304,77367.26068291016,1937.9530567775364,642.7097366335074,425.7323020978365,1153.6764185062493,0.0133227734860706,0.0185352111941605,96,69,96.99810785696523
22321,992.8939234394476,163534.82798075295,75783.91142388582,77340.84131120642,1940.3092709722696,641.5630679662136,424.7482700084511,1145.5122707914852,0.008112833785708,-0.0136759132290989,96,69,96.99822504759192
22322,992.9113368567962,163544.37652542663,75814.17538918047,77405.96741642992,1937.9108924849425,641.0352712781751,421.2234752710501,1136.4499779845646,0.0023445319960049,-0.0331947879191712,96,69,96.998342275629
22323,992.9142571786928,163577.30101390832,75849.86609704878,77378.77951986578,1921.902530571795,635.3342269194254,412.7739555130538,1123.636830235133,-0.0023831236137245,-0.0377777897822392,96,69,96.99845951997828
22324,992.9318668711276,163572.45638582954,75828.32424894118,77390.78257948924,1900.89594160259,629.6541375422821,402.7891334184096,1111.012034937623,-0.0054770916580545,-0.0487137081866626,96,69,96.99857675958214
22325,992.9338022331189,163599.52312483598,75811.75066363071,77398.40371079816,1865.6391266818391,616.9246313326148,388.5897999089502,1095.4029701072723,-0.0065656972011993,-0.0454315093805106,96,69,96.99869397342442
22326,992.951321205729,163587.40855456624,75815.29497372836,77362.17828500102,1825.3697152007371,602.5334096170409,373.57875245268224,1081.687375844107,-0.0059176306856786,-0.0404844042093618,96,69,96.99881114053294
22327,992.9542135791428,163626.20739622627,75850.0480599433,77384.52242911709,1770.3379883757443,579.8367284094275,354.9158506215899,1066.3023815880297,-0.0042298383895584,-0.03977553199908,96,69,96.99892823998084
22328,992.9717902225048,163666.36329535046,75816.0356434702,77395.86120507205,1710.024488571973,555.4045825010835,336.179041994008,1054.0077281045378,-0.0019503261290878,-0.0319515336956054,96,69,96.9990452508889
22329,992.973676708428,163652.35818838535,75852.42120932817,77400.24190229017,1635.8932366827503,524.2420696305198,315.0898541722854,1040.0335603781277,9.628824019297382e-05,-0.0242141267829891,96,69,96.99916215242676
22330,992.9913230784252,163674.02189376234,75842.34065649509,77373.38830926552,1560.8416242722888,495.10191838501487,296.2998318313039,1029.0020609134226,0.0016324131073886,-0.0344846183761594,96,69,96.99927892381524
22331,992.9941491850587,163697.4792648553,75824.13160051871,77379.58183127608,1478.5691788662807,463.63191799893684,277.9703553241852,1014.5785665717849,0.0024611556543825,-0.039953156158375,96,69,96.99939554432754
22332,993.011729264129,163689.15230445625,75819.99014851688,77375.86585945317,1403.2439648336149,438.0792242986645,264.55374214664334,1000.7646046760492,0.0024645638225654,-0.0372063004987082,96,69,96.99951199329158
22333,993.0135265705296,163701.41685533547,75841.53968974968,77368.12826996935,1328.2399202480447,412.8796688623115,253.34997354695224,980.5761590559268,0.0020347805951247,-0.0424785832718216,96,69,96.9996282500915
22334,993.031377917295,163779.29728102832,75809.89149673124,77400.36207529464,1266.76914003829,395.2890810466779,247.68102360639023,959.6006710564834,0.0011962767883879,-0.0350495938284549,96,69,96.99974429416956
22335,993.033988676153,163763.47165395843,75845.73763037537,77387.13910665418,1208.6022241355968,377.96249073866056,243.04208043089602,931.350435491273,0.0003383654892201,-0.0312336979556218,96,69,96.99986010502742
22336,993.051931900955,163805.49507248605,75825.16284527577,77397.47420625534,1163.344075269939,366.9225446407363,241.27267587842653,903.0140548185154,-0.0003384987626117,-0.0400499236076899,96,69,96.99997566222888
22337,993.054090700374,163874.44934707807,75825.84704893816,77402.28400357223,1118.0823727926472,354.46195169273415,237.21085433667758,868.7743372334808,-0.0008545114432788,-0.034406231645737,96,69,97.0000909454006
22338,993.0712070122588,163852.30015206485,75836.58218867159,77374.92351304913,1081.467078606307,346.94722645108413,233.081901497324,837.1284853827092,-0.0009546722453995,-0.0272667536148366,96,69,97.00020593423424
22339,993.0740184022378,163932.11868432054,75831.14020111614,77415.92468684335,1041.398434762843,337.5117065161903,225.07414184394293,802.4087919768644,-0.0009000055884721,-0.0364595708835804,96,69,97.00032060848848
22340,993.0918492943154,163965.61421776685,75853.04866020347,77396.4275242818,1007.5250420767698,332.5447985982755,216.90309153462294,772.9716948342102,-0.0006404509393376,-0.0580267795593912,96,69,97.00043494799024
22341,993.0939877586216,163960.49898725082,75855.59758418993,77402.39606562084,969.0145520559163,324.79629019209824,206.13641300119343,741.5402985766414,-0.0002706386593485,-0.0526550524633568,96,69,97.00054893263672
22342,993.1111368285724,164003.48827667398,75896.25983066815,77412.11119815297,937.8191719048773,320.7312172471138,197.6913306330389,716.5636643350008,-2.165479440239093e-05,-0.0418432137899152,96,69,97.00066254239714
22343,993.1140081056312,164058.34961397498,75872.80831894085,77429.88736525,904.6567937050131,313.22118249343475,189.47365429639467,689.8444403580797,0.0002684710263721,-0.0448501019709039,96,69,97.0007757573142
22344,993.1317816289696,164090.22777796813,75873.1824239017,77413.21419325811,881.0600813056226,308.48043676609814,185.55086798820412,669.2530263032531,0.0003510266780184,-0.0417656606674634,96,69,97.00088855750585
22345,993.133870546902,164085.4941416395,75862.7556974074,77398.20216293853,856.1596329473541,299.51744172263716,182.37545373124885,645.1398541785893,0.0003591500830159,-0.044970757208427,96,69,97.00100092316715
22346,993.1510846128764,164078.87242068708,75878.82612687287,77404.95179113197,839.9792139312485,293.4125949822919,182.71299600962084,626.24179565339,0.0003270598551132,-0.0394303462099119,96,69,97.0011128345717
22347,993.1539891453484,164166.38666856382,75848.59791427624,77376.5005260251,819.5909085861058,283.76393030762847,181.93432471889537,602.83313795703,0.0001462433250778,-0.0324672614893282,96,69,97.00122427207351
22348,993.1717126073452,164156.6193349808,75865.02347415361,77436.87881738394,802.3434670080896,277.0854182655312,181.98022916234913,583.920447418961,7.935706925494524e-05,-0.0351619365788159,96,69,97.0013352161086
22349,993.1737494235922,164196.7365405139,75843.21338788563,77419.3514385144,774.1081484984607,266.2680804873089,178.2331190497498,559.0179369748221,-6.216222450144787e-05,-0.0320260197778956,96,69,97.0014456471964
22350,993.1910447834928,164229.63541756984,75864.3821636091,77400.99612084277,743.5438677346101,257.6124996035069,173.63346115063177,538.3353972607001,-0.0001336042430261,-0.0386637596814682,96,69,97.00155554594204
22351,993.1939635220424,164246.76140738095,75868.66150901541,77420.36518872513,699.2420997223817,244.10146494361106,164.9767834460945,510.88193585613044,-0.0001168364021527,-0.0560093095556343,96,69,97.0016648930372
22352,993.2116408409656,164295.14483604455,75832.8937506343,77421.94127655258,652.5731822712114,231.98057904960297,156.36760562157724,486.425723823515,-0.0001661204446028,-0.0523100070223539,96,69,97.0017736692624
22353,993.2136260718004,164307.08760466732,75857.42607874138,77410.12654131524,595.6166243091575,215.00723840818682,145.58389486922533,452.84657009967486,-6.764833631106083e-05,-0.0434949426513973,96,69,97.00188185548804
22354,993.2310173279146,164322.66242249886,75857.9719823522,77414.98821091352,542.9893221468665,200.5357460961677,137.1730185096676,421.5027031854843,-5.280010109818696e-05,-0.0526721162243048,96,69,97.00198943267648
22355,993.233928970091,164388.46074794568,75863.57572465726,77424.70089665784,487.77312601852464,182.70395805937005,128.29588030226296,380.5989012454229,-1.1476425438604743e-05,-0.0411731531681536,96,69,97.0020963818836
22356,993.2515688098384,164467.20920487816,75875.64012262848,77445.14422613558,441.71840586076723,167.58422321930993,121.67034782766132,342.2485286832962,6.461660083690817e-05,-0.0330048405403395,96,69,97.0022026842598
22357,993.2534984639052,164486.31054932618,75888.40657207518,77427.70570975167,393.36701977590565,147.91190888009442,112.51205194875365,294.60327451550984,1.950185344938781e-05,-0.0228479590585899,96,69,97.00230832105242
22358,993.2710061878632,164535.07343703284,75877.67581894361,77442.76707618922,349.32857772690477,128.68349931223202,102.16459364758339,251.8119409766805,8.066291046602996e-05,-0.0060265184349521,96,69,97.00241327360692
22359,993.2738780760396,164612.6827741314,75887.70016987713,77460.57821879424,294.2244324774365,102.47207213556976,85.61678525889874,201.73047094262438,3.692752679814825e-05,-0.0047251675103408,96,69,97.00251752336828
22360,993.291506480137,164655.38502101638,75920.92560342788,77456.53453292914,233.7715477370075,75.18639271029679,65.4906034618325,158.45583671072382,1.3351960531619756e-05,-0.0474712137576972,96,69,97.00262105188284
22361,993.2933531269462,164673.84489271723,75895.81042974896,77458.72738069372,158.70380203292007,43.064515640508034,40.30584362457739,109.53575811354676,3.730788563258082e-05,-0.0514841875823812,96,69,97.0027238407997
22362,993.311034951963,164707.6865871558,75901.56947966326,77444.41565665576,86.82684229227016,17.40265486824501,17.625034828990465,71.8883036725747,-4.1588497101265576e-05,-0.0455294132279025,96,69,97.0028258718721
22363,993.3137622528076,164780.69840712228,75901.60355586233,77443.06700926188,23.810766895709094,-0.0,0.7518179739709012,33.87663719893317,7.268240054410576e-06,-0.071981504617293,96,69,97.00292712695948
22364,993.3315943262392,164820.5433387106,75903.51788184675,77435.04756642375,-0.0,5.542547815668513,-0.0,13.78095356299309,-2.844797693703155e-05,-0.0678132590236403,96,69,97.00302758802864
22365,993.333974290514,164829.05103239568,75887.23884278788,77462.95718620419,28.56704224436544,36.615361550895614,18.615758803585777,-0.0,-3.3728304650742275e-05,-0.0640020107765872,96,69,97.0031272371549
22366,993.3509120354108,164816.1276815803,75871.15841897481,77463.21340057027,136.7538112839684,103.6708550050098,62.90354538333486,10.603619384055492,1.5657368658952957e-05,-0.0701016995817392,96,69,97.0032260565242
22367,993.3537578810648,164837.0987853346,75882.92239849972,77480.66399359416,325.09957100939937,201.45613786716422,129.35543345031328,31.926165974116884,-4.037248496883037e-05,-0.052644959997588,96,69,97.00332402843436
22368,993.3715429377656,164744.40873789892,75902.608320189,77441.39578485076,598.1205668986659,328.937843388936,215.6216759419185,78.52682000512141,2.4918187542269404e-05,-0.0501739515091863,96,69,97.00342113529628
22369,993.37385759471,164706.0596256885,75919.66668121624,77471.62026859238,930.492645004997,469.7825986214739,310.4212428208266,131.12307464209152,-1.0106659114647335e-06,-0.0440867042516964,96,69,97.00351735963608
22370,993.3908430176735,164657.70071835408,75885.22791601616,77452.99084050232,1303.3369476626394,615.032462062125,406.40928461786825,202.06779113935772,-6.746396494854622e-06,-0.0242854780356733,96,69,97.00361268409571
22371,993.3937381442536,164586.92787475724,75864.60903374461,77469.06220949074,1676.6341791683808,746.1583758831985,491.3836849559739,270.37444356564083,3.8057284207595065e-05,0.1162719297574461,96,69,97.00370709143516
22372,993.4114924663074,164523.58602417566,75839.96744798038,77440.43630141887,2026.3545172395534,856.8184343838511,560.5041752498946,347.88452948172926,-2.697804287429067e-05,0.3718225271075728,96,69,97.00380056453336
22373,993.413734799829,164426.46259705003,75885.96082154407,77442.9127012061,2319.2204252881347,935.9763021168183,607.1809304854833,413.2559214173816,2.8314257945407584e-05,0.3211957169839883,96,69,97.00389308638988
22374,993.4307847695726,164421.73569852853,75837.15715714332,77468.47662274634,2546.613315173425,986.8850753973966,633.6131743643491,481.937566696608,-4.433986286589271e-06,-0.2438356359010014,96,69,97.00398464012623
22375,993.4337168650194,164335.07534742937,75882.78691632175,77440.65158323274,2696.0124895646586,1008.0351347432297,640.1422433012631,535.6605235355091,-1.6338923345240394e-05,-0.2912188101185545,96,69,97.0040752089872
22376,993.4514360277165,164310.014944849,75901.56695086179,77438.82169142168,2778.301152332162,1008.9267811084137,633.7817630599602,591.9410682011803,2.7511539153033333e-05,0.0051847972151262,96,69,97.00416477634252
22377,993.4536103800208,164266.71089363605,75887.14342265623,77451.39678683825,2797.829854550946,991.6458399359399,617.4902320739056,632.8397550412919,-3.666918391517698e-05,-0.0685620981913713,96,69,97.00425332568793
22378,993.470735744128,164229.9740758643,75867.83574519522,77467.18059670409,2776.5035039382055,966.4575424635259,598.4803908125905,678.153948050749,2.09357793548266e-05,-0.0462186614281248,96,69,97.00434084064678
22379,993.4736935103472,164188.92187483385,75892.41832299768,77421.22881564366,2724.0406199218705,934.7748210888385,578.2159301545471,710.3563861739822,-7.100897982558027e-06,-0.0195592865851337,96,69,97.00442730497116
22380,993.4913736436342,164168.82277747348,75898.37685391867,77460.3376083664,2660.80099322967,904.5421057235071,561.0194748752692,748.2222829316743,-1.674188151286749e-05,-0.0309120684118854,96,69,97.0045127025435
22381,993.493485058029,164137.52203879153,75885.5563779376,77410.18260496388,2592.1042945884983,875.2791715489293,545.6673505454673,772.4791774408368,3.04386716426749e-05,-0.0216314584396483,96,69,97.0045970173777
22382,993.5106966329832,164138.50269769924,75866.47680905236,77439.17788684819,2531.7771698898287,853.0194870448904,534.4144547262695,803.0214373885537,-3.257476724869959e-05,-0.0282435572532138,96,69,97.00468023362062
22383,993.513665760105,164121.64633060945,75865.75381833364,77423.03033882889,2478.9131020221976,835.7148119348712,525.071818722965,820.6503506118315,2.456316004156177e-05,-0.0218094576859797,96,69,97.00476233555318
22384,993.53130707791,164097.86347015985,75861.14488473741,77433.16495289281,2440.303109780769,826.8515153154585,519.3742652839283,844.495127181377,-3.193381075484143e-06,-0.0170527045098827,96,69,97.00484330759193
22385,993.5333579406504,164087.15205307238,75861.86812502655,77427.67679671537,2409.836531470064,822.2573761978565,515.3045495305851,854.7166875652038,-1.5297442262448973e-05,-0.0181908996058448,96,69,97.00492313428994
22386,993.550669794014,164097.05798996062,75855.6211774267,77433.10418727912,2389.6113897471805,823.1926292171556,514.5536289917654,872.6628441238427,3.1269989842656e-05,-0.01675368835624,96,69,97.00500180033887
22387,993.5536289787724,164074.62977071124,75828.37490157963,77426.17682094677,2370.6645644421806,824.1503829619323,514.6649835365533,879.366107949958,-3.3031755961848766e-05,-0.0242446919133432,96,69,97.005079290569
22388,993.57124153764,164066.65529108525,75878.78483605834,77429.27626110856,2352.714913355245,825.3256565763731,516.0397441256209,895.7979461479699,2.2759810348531865e-05,-0.0152032090715202,96,69,97.0051555899516
22389,993.5732231465188,164063.94843183868,75862.99213748603,77448.30241801916,2327.662505094544,822.011952284578,515.2504864902294,902.5273381269944,-4.1778539039836335e-06,-0.0234212839031571,96,69,97.00523068359978
22390,993.5906656390886,164096.5244988048,75848.54059027795,77432.89074898859,2297.7235744793434,815.9986888970598,512.2791039549338,921.9279111463402,-1.7286171868224744e-05,-0.0385266565155652,96,69,97.00530455676946
22391,993.5935626156306,164040.4493326044,75835.3936269593,77429.81595507078,2259.5452587223845,805.0735569465614,504.4802598893002,933.5424689188658,3.047880126949231e-05,-0.0286112108972323,96,69,97.00537719486115
22392,993.6112264370388,164055.97188220307,75850.57204620157,77453.74573761119,2219.447708552063,792.7828346447932,493.3322691814683,957.1262021379953,-3.337839537428723e-05,-0.0154434174800042,96,69,97.00544858342036
22393,993.6138695587978,164042.11217939848,75876.29683603879,77430.51644868244,2178.5034438482253,778.7628430468612,478.62335406884085,970.5066203713359,2.230308841118951e-05,-0.012496926341645,96,69,97.00551870813965
22394,993.6306149920704,164041.79064053178,75876.28227633619,77434.12903968172,2144.4967331929365,766.935105911718,463.85268301775795,992.2462734118744,-3.1651504579382583e-06,0.0009370761309213,96,69,97.00558755485925
22395,993.6335156395182,163981.29266607686,75869.53986001384,77449.59442697592,2118.5773983541876,757.0142768138467,450.2915905743721,1001.1020876883122,-1.722434880870854e-05,0.0140668324813312,96,69,97.0056551095684
22396,993.6512080271552,164008.79995239567,75851.48371342622,77410.81867455888,2105.3445455991314,751.6108694243303,441.2841826833319,1016.3088343115814,3.131473503116354e-05,0.0064342946139179,96,69,97.00572135840656
22397,993.6537405630296,163991.8200397758,75840.8727952424,77433.07707726177,2102.445382737613,749.2309554130188,436.8438438370649,1016.8406662463385,-3.2733388128614656e-05,0.0143880252451928,96,69,97.00578628766442
22398,993.6705471453024,164054.1575231031,75859.36553449612,77445.93443540392,2110.2860068695736,750.9793595801311,438.05501325789373,1024.6190109501185,2.211793108896862e-05,0.0165083492743585,96,69,97.00584988378498
22399,993.6734854408344,164046.7504360608,75869.12220737037,77437.99732842231,2124.1658973502344,754.7196960047149,442.7357929388818,1021.3366874573112,-2.4572533027098093e-06,-0.0050368072138686,96,69,97.00591213336516
22400,993.6911730313636,164026.05013775406,75857.89172052049,77451.20003335367,2142.2498680627905,760.613724918454,449.89866380856256,1028.7585655825678,-1.7830548159340283e-05,-0.030366027807984,96,69,97.00597302315624
22401,993.6936160682008,164035.94836619037,75857.31569261126,77441.36601992651,2159.623293800454,766.3338469937735,456.4511672241788,1026.4306005601538,3.133584072160861e-05,-0.0726522433809398,96,69,97.00603254006508
22402,993.7104808191068,164046.68391745386,75834.92953372501,77412.54690464343,2174.169963003311,771.5268377000175,461.4035623537784,1035.4247107466508,-3.2804298159112566e-05,-0.1348542663198519,96,69,97.00609067115596
22403,993.7134622228486,164020.12781237063,75851.27096388479,77424.96336788185,2182.122746402747,773.935135342821,462.7779736519151,1034.9350568244408,2.1413794283661974e-05,-0.1722241017050949,96,69,97.00614740365026
22404,993.7311264914728,164028.83636693194,75853.4476633544,77435.45538617046,2181.764240767283,772.8353035610489,460.7865500517655,1044.0381155666837,-1.9905003922445143e-06,-0.1821986223719768,96,69,97.00620272492908
22405,993.7334934555784,164076.257780925,75893.84454894705,77442.52324381565,2170.923151025898,766.588367172124,454.86202702941955,1040.2227715868212,-1.84172836319454e-05,-0.2091977201506712,96,69,97.00625662253286
22406,993.7504190241594,164060.40361233705,75876.27975688808,77436.56306956627,2148.573105577787,755.1923063344002,446.078778917552,1043.5595005330106,3.154567233068858e-05,-0.2053584825549288,96,69,97.00630908416352
22407,993.7534427965084,164090.5982124666,75882.68219440887,77468.71564135884,2114.178646704124,738.7408910086378,434.55888207562384,1033.2504835189611,-3.256870113521264e-05,-0.1965866393824423,96,69,97.00636009768468
22408,993.7710697778632,164078.28541160148,75898.99238789812,77421.965077361,2067.3920368806575,718.4607526321051,421.43464756864705,1029.0845797354414,2.100635842238261e-05,-0.205135830746985,96,69,97.00640965112304
22409,993.7733726702908,164096.74012043557,75863.01721518434,77445.55294914918,2009.5969023533398,695.8198472132208,407.00342657303554,1010.2500422820449,-1.2802533836889646e-06,-0.2062668819924153,96,69,97.00645773266945
22410,993.7903627888622,164151.62225691933,75873.07983223337,77423.41858094734,1941.5828962980886,672.0285652219318,392.2818884557346,998.4841998204356,-1.885093421112389e-05,-0.2063984303978236,96,69,97.00650433067948
22411,993.7934253406514,164131.98973436747,75888.80216962004,77445.63709707334,1867.1326061522705,648.2175685950642,377.6565197754244,974.8918709382997,3.178674523992357e-05,-0.2123774198403553,96,69,97.00654943367503
22412,993.8110032830738,164188.55526990164,75866.39284282873,77481.7955143097,1788.396898573148,624.2204990636383,363.8488278137811,960.3442460877995,-3.236696818226158e-05,-0.2095009861749341,96,69,97.0065930303443
22413,993.8132547088852,164233.38161352146,75863.32401105884,77453.76537802168,1710.8476509701577,600.4699007298914,351.09958169353195,935.0615386896534,2.0492707048928967e-05,-0.2104360722977868,96,69,97.00663510954384
22414,993.8303119210854,164265.12538181274,75866.78348619396,77456.87363987514,1635.8462553391582,576.0161214849213,339.56024105954566,920.0824219746282,-6.894887077461032e-07,-0.2266642557239985,96,69,97.00667566029882
22415,993.8334092251024,164268.205301199,75853.33348593171,77448.18370990727,1567.8628768487833,551.7421590377198,329.05569077737164,895.3529837941751,-1.9385603522339863e-05,-0.2267915068350877,96,69,97.00671467180376
22416,993.8509260296074,164286.40308988653,75886.93408347503,77445.54839868979,1505.5739256981178,527.0589230919286,319.06299369659973,879.2809027988114,3.1940617744736294e-05,-0.224752081766524,96,69,97.00675213342402
22417,993.8531428566844,164282.5082214481,75855.0748177669,77449.19115483561,1451.6067194927018,503.7794497603463,309.19232557620853,850.8450461111497,-3.219064432586645e-05,-0.2552224024964571,96,69,97.00678803469606
22418,993.8702620793704,164374.6199814616,75872.76286646092,77434.21598070348,1401.7579814527999,481.179948809644,298.6822977916163,829.727839459083,1.997434588106297e-05,-0.2628635942922456,96,69,97.006822365329
22419,993.8734020911606,164414.97830291817,75866.89352414268,77437.8319484642,1357.5690393105615,461.1041358928924,287.4909413890564,796.7018622410542,-6.979601030164608e-08,-0.2630604637131613,96,69,97.0068551152047
22420,993.890813279576,164434.4719454124,75865.42298078758,77442.90751503335,1313.7216568589793,442.1209722135245,275.2157420493313,770.9626535887364,-1.986937889856615e-05,-0.2705562803960117,96,69,97.00688627437926
22421,993.8937968839522,164464.88627992885,75876.16595650685,77449.86873230936,1272.2396451018867,425.8619263064611,262.61595548092737,734.6614800912503,3.212851865394535e-05,-0.2632979030586462,96,69,97.00691583308326
22422,993.9102837694788,164510.3672133181,75888.25603914107,77445.6992920397,1228.0114400634193,410.34042748020147,249.85819823946804,706.8574104199361,-3.196747359323904e-05,-0.2577848017342898,96,69,97.00694378172317
22423,993.9133371789252,164547.19431950265,75857.41374055654,77442.1858549761,1184.7082572624204,397.3791029744898,238.3730385376839,671.0957057033374,1.9471653427191096e-05,-0.2630897145874251,96,69,97.00697011088153
22424,993.9307778808673,164588.6817931232,75889.22452221019,77430.88252177858,1138.4427957547596,384.906730506802,228.40458233386744,645.4872933497827,5.555713793744197e-07,-0.264257904457618,96,69,97.0069948113183
22425,993.9328999239062,164611.5186000749,75860.5052424688,77441.27738994874,1095.5360934922355,375.4337976490642,221.31409046577755,611.497075742227,-2.0352410818622523e-05,-0.2432098466454118,96,69,97.00701787397112
22426,993.9502186046564,164644.58670276369,75880.27928899771,77422.61753422128,1051.9116714520496,366.2998692913534,216.33090723477653,587.9719908921688,3.2290638941680994e-05,-0.2488682084620234,96,69,97.00703928995654
22427,993.9533240796476,164700.12286392486,75867.52894765972,77453.96656929111,1014.0933733335696,359.9105299663788,213.81147929703002,556.5057316518796,-3.175143138462434e-05,-0.244998638960653,96,69,97.00705905057012
22428,993.970674378852,164722.28497156125,75879.6634454803,77474.17229601045,976.4644322751556,352.9137008733669,211.74226983415429,533.8932929961593,1.894694790532692e-05,-0.2320571180282293,96,69,97.00707714728814
22429,993.9728016847012,164766.50056655324,75890.89091124714,77469.0858049601,944.2812022049911,347.519170348256,209.84105133041157,502.1013619354635,1.1686812795693663e-06,-0.2391609050334578,96,69,97.00709357176714
22430,993.9901905147976,164766.25479743918,75874.53282664846,77426.17071911674,909.1761640475015,339.53423585572455,205.70685991781647,478.798427434871,-2.083341844072211e-05,-0.2279121601577952,96,69,97.00710831584531
22431,993.993294424341,164806.23930230175,75881.3469421386,77476.46852064677,876.0640472986852,331.5164565927116,199.79417142659076,446.6751793381409,3.2441873338620304e-05,-0.217479634649527,96,69,97.00712137154352
22432,994.0105711322186,164890.22720101732,75910.93516415822,77458.0410683924,836.5320088635199,319.6133883228176,190.81194503852748,422.0734932839405,-3.152059636879027e-05,-0.2126579845682356,96,69,97.0071327310647
22433,994.0127059812072,164897.83324852565,75904.46850740076,77431.10538981685,796.9440821197932,307.46680661557184,180.76192239750526,388.83250532404054,1.8422933510130105e-05,-0.1966456325262923,96,69,97.00714238679588
22434,994.0301693613688,164896.05479610807,75865.0920858793,77480.38853755637,749.0228002542281,291.54930769998464,169.2236095482367,364.21000636936515,1.7873615933608275e-06,-0.1716528804372223,96,69,97.00715033130804
22435,994.0332572932056,164949.625162193,75917.22977043057,77485.10854872355,701.1254233311047,276.56791285552026,158.82533444458386,332.43246015752084,-2.1301457480528637e-05,-0.169333160294404,96,69,97.00715655735704
22436,994.050464344654,165009.28742869408,75885.23415457245,77454.36052744852,645.9843620837783,259.0871936362528,148.70921529002953,308.7947606749076,3.2585239282707364e-05,-0.1585618915563725,96,69,97.00716105788396
22437,994.0526161273108,165025.9085356686,75892.90584122835,77467.34740744969,593.0169048181851,243.46990089974133,140.53425035224063,277.8907902210485,-3.127843136185835e-05,-0.1367721266362818,96,69,97.00716382601586
22438,994.0701526060384,165073.55163033368,75880.28493402351,77478.59118790476,533.4981096550473,224.33807372520096,131.67779658024665,254.61929241594044,1.7892357315337868e-05,-0.1254656325161633,96,69,97.00716485506643
22439,994.0732130787586,165060.91640474694,75926.23764847018,77465.18664954239,476.45778306171997,204.87375423016783,122.58277589222416,223.04589499751455,2.402545078680517e-06,-0.1074211861487153,96,69,97.0071641385364
22440,994.0903543218452,165147.5922396864,75878.16466034163,77456.95943293672,411.26435315510025,178.49762827200175,109.7057469181018,196.0585748005833,-2.1764383748170343e-05,-0.1225954380869174,96,69,97.0071616701143
22441,994.0925331657402,165161.65950311505,75906.89503486629,77469.51545953497,345.6822848287993,148.7177446878195,93.67258859606227,159.28972878371133,3.271506390531939e-05,-0.1196777158758841,96,69,97.00715744367642
22442,994.1101388603588,165211.4267653889,75906.49643317495,77469.45376629154,267.8550167903304,110.3423446410452,71.97728843451478,127.19683734269347,-3.102768296595177e-05,-0.116544905946583,96,69,97.00715145328832
22443,994.1131615553109,165200.35994478504,75893.88075607669,77478.28074983602,189.7983579094289,71.51537507800094,48.195251288765576,87.81937016552547,1.7355551351850798e-05,-0.1078128572732633,96,69,97.0071436932042
22444,994.1302419519784,165272.74590923518,75880.51784198309,77448.02817064262,106.9159960304969,32.635533593798755,23.6359615464753,56.55779230725602,3.016226816200548e-06,-0.0895403687111582,96,69,97.00713415786842
22445,994.1324576378548,165347.77734477748,75906.94936325205,77480.6365731683,41.92356443690369,7.642347490880638,6.1546106316382065,24.84335426875623,-2.2218791055129424e-05,-0.0844871479031487,96,69,97.00712284191523
22446,994.1501269080488,165357.6829798025,75887.64980570665,77487.70478612983,-0.0,-0.0,-0.0,8.972756530012703,3.283465820301866e-05,-0.0774320954047094,96,69,97.00710974016948
22447,994.1531024915736,165346.08146263918,75897.62419002669,77452.9989120908,13.015508304641116,24.312068889135844,14.142133083892986,-0.0,-3.0765766188972044e-05,-0.0732845812239529,96,69,97.00709484764702
22448,994.170128301066,165332.01865856192,75897.50592087282,77446.69235198371,87.29539703013143,79.54963329690509,50.19690697515034,10.70472225244157,1.6814313053910098e-05,-0.0598223201409862,96,69,97.00707815955546
22449,994.1723898245218,165331.00828459766,75893.74145132414,77481.13997839601,246.63207030668855,171.77629660672392,111.09453716807184,30.603913008060772,3.6286634338764554e-06,-0.0457025390171727,96,69,97.0070596712942
22450,994.1901155604407,165295.53479197223,75880.24996512468,77466.23499170305,478.67459268897073,288.30237493316235,189.8101674951904,69.13977076119045,-2.2665028329797866e-05,-0.0426191976018072,96,69,97.00703937845472
22451,994.193035776152,165236.59195321967,75908.48804661515,77496.08736113632,785.08107614849,425.1336925494106,281.26188679077313,113.50494301694562,3.294289569497256e-05,0.0622819870368029,96,69,97.00701727682132
22452,994.210014502788,165208.42095621827,75890.49418695614,77480.07929629706,1129.4823460376938,561.9155502945068,372.58275746845175,170.20765545067843,-3.049409471894968e-05,0.3089465042455583,96,69,97.00699336237145
22453,994.212329802456,165142.9011070096,75901.83658069772,77471.4154794216,1494.554484091117,691.8766350910591,457.0352049120993,227.0791026239749,1.6267642360810257e-05,0.3456844859416061,96,69,97.00696763127566
22454,994.2301036369006,165062.6478063499,75904.18075520772,77472.01267137472,1833.5188409141847,796.7224899116554,524.2424668452586,290.27403985211276,4.238810552368458e-06,-0.1773025057919877,96,69,97.00694007989864
22455,994.2329614552456,165039.8456914844,75900.8892432251,77483.60617593233,2132.6358297987026,877.368199026605,573.7816727884347,348.2525914005528,-2.3103351212498268e-05,-0.3470678675800799,96,69,97.00691070479866
22456,994.2499017057786,165005.90832082118,75890.54323126409,77473.55939468081,2357.744078452117,924.7729879680846,602.3929230716894,406.71087084824103,3.303977105267327e-05,-0.0442951463019359,96,69,97.0068795027286
22457,994.252277463518,164930.64795974042,75897.71204313802,77495.90755171861,2514.1586875118082,948.7411489675869,615.7108751454216,456.08017286931863,-3.021244753201252e-05,-0.0685747901192156,96,69,97.00684647063608
22458,994.27008997492,164869.59376290225,75902.24943556418,77446.94700495688,2588.2031962791807,946.6316160705901,613.93868987725,502.52527122438187,1.571621245240014e-05,-0.0499132535625558,96,69,97.0068116056634
22459,994.2728797450926,164832.42767159682,75886.85134893276,77477.94078892312,2605.7263365567196,932.7407312393188,604.1084106644848,537.9626410832861,4.8469599298146265e-06,-0.0291256142641915,96,69,97.00677490514822
22460,994.2897910364148,164830.7337862933,75885.29537102026,77480.6083925736,2566.6557161161327,905.1671334199782,585.6343440461496,569.4193412891473,-2.3533222163610367e-05,-0.04696596510898,96,69,97.00673636662356
22461,994.2922325265488,164781.96115000825,75884.1902266081,77469.31566060484,2503.132599021308,876.5014042401453,564.1039462714689,591.8946097841254,3.312550483053203e-05,-0.0230630748235042,96,69,97.006695987818
22462,994.3100734484068,164779.62791116632,75884.85794015313,77482.0559152603,2414.931054551853,842.0535893448396,537.9159552400233,613.5052519902529,-2.992086160495429e-05,-0.0272884509622151,96,69,97.00665376665624
22463,994.3127910342602,164797.39430450712,75869.22573205207,77492.21967544363,2331.8840567150037,812.8398544204829,513.0899502125685,630.1285352573614,1.516014300074652e-05,-0.0334038984582549,96,69,97.00660970125874
22464,994.32968356667,164760.53068701236,75871.00950472099,77454.39299925922,2247.525975736964,782.4571416066028,488.60128253139555,648.6823681485548,5.452746123215368e-06,-0.0264253152085708,96,69,97.00656378994256
22465,994.3321945500214,164728.9752247728,75874.46844230156,77436.19891400677,2183.9660819186247,760.4327924086974,470.5618953265657,664.5997090375749,-2.39547001792902e-05,-0.0284422938191028,96,69,97.00651603122084
22466,994.3500529870836,164725.14596677592,75893.77787224956,77460.77649813195,2127.2858060867875,739.163506957615,456.90672756993445,682.4011557222984,3.319990450778754e-05,-0.0192064258682928,96,69,97.00646642380352
22467,994.3526958810772,164721.1216516368,75891.80540563706,77473.28733476775,2094.739240358642,727.7545378320501,451.80850293228286,696.2336203359882,-2.9619571859657147e-05,-4.111810317003496e-05,96,69,97.00641496659723
22468,994.36958028324,164668.3907152314,75894.00275253675,77502.66915383229,2066.6291571491165,716.928814066152,449.9386574669916,709.5618930057099,1.4599568031741908e-05,-0.0032795760976641,96,69,97.00636165870522
22469,994.3721629490384,164668.09489375865,75895.48435843782,77455.25458976436,2054.6463329461403,713.3779989228497,452.0975184070412,718.1367159986112,6.055969255534394e-06,-0.00154581613325,96,69,97.0063064994282
22470,994.3900275931516,164679.578982655,75871.51491105785,77484.21155709033,2035.488520779356,705.8525796863833,450.8591955254378,726.3874553776404,-2.436760476303192e-05,0.0102529782558034,96,69,97.00624948826328
22471,994.3925950094502,164708.7652619681,75912.40044455952,77498.77680510802,2021.0260613252758,700.7358935827069,447.3409076752141,731.8038650992967,3.326302952971496e-05,0.0162254852423587,96,69,97.00619062490529
22472,994.4094820555486,164683.16185261225,75889.20875141642,77463.57558224232,1988.8514548997628,687.0052398823609,436.15600379998796,739.14318832953,-2.93086180973272e-05,0.0317391105732518,96,69,97.00612990924571
22473,994.4121370196106,164684.93230229203,75895.04765705384,77441.52708423942,1953.5438477444695,672.3691690982669,421.7644249302102,746.3597950362309,1.403474158872474e-05,0.051503416295151,96,69,97.00606734137364
22474,994.4299963512118,164645.83661526395,75888.16626656738,77479.15787072033,1898.5018643839867,648.7673417264014,402.54737703720457,756.477299180202,6.656464194762614e-06,0.0412091443228138,96,69,97.00600292157522
22475,994.4324893072838,164635.39769590812,75860.09248039771,77451.7615614072,1846.6601989376359,627.8318619974743,385.99953068158356,766.1562062052835,-2.4771795758930464e-05,0.0474503729670281,96,69,97.00593665033406
22476,994.4493895985576,164634.23149176926,75879.66621725462,77468.44294457727,1787.2436719944235,603.813641936591,371.1843235802371,776.9326088340895,3.331486082005048e-05,0.0831286368043649,96,69,97.00586852833092
22477,994.4521159752968,164640.18617225662,75863.01962617906,77470.81925723342,1745.5358103752951,588.64933431588,364.0901751217316,785.8555913725577,-2.898814039880445e-05,0.0840104650593805,96,69,97.00579855644372
22478,994.4699584244372,164617.9126131793,75868.93424870344,77462.6359401205,1710.2444419359672,575.736677448338,361.1477237830986,794.5794545137323,1.3465830949571176e-05,0.0852205860231669,96,69,97.0057267357478
22479,994.472379835838,164599.53665541616,75880.42561850029,77445.50848237176,1703.0788541201619,575.1909270540636,365.5764834152651,801.4167854932602,7.254005001384956e-06,0.0934094085753801,96,69,97.00565306751577
22480,994.489303420941,164634.8530941727,75885.37158319364,77455.49567363692,1704.5692720019142,577.0883231372864,371.1983063275693,808.6134274974756,-2.51671651768707e-05,0.0863955696988627,96,69,97.00557755321688
22481,994.4920990082776,164601.50952689367,75884.81649142501,77458.29778063501,1727.1358045443776,588.0263502731686,379.6805440468015,815.2998779780755,3.335538551402056e-05,0.0666172546570152,96,69,97.00550019451816
22482,994.5099130207072,164624.2262665993,75864.40126340474,77470.69435282679,1745.5562619984266,596.2767728022154,384.9952520193183,822.8143651750288,-2.865825808137829e-05,0.0350961884769042,96,69,97.00542099328314
22483,994.5122678707068,164583.6882947715,75881.49852485427,77469.67499019686,1770.839968397806,608.1376566427352,390.1646564985858,829.4115945023368,1.2893039857601798e-05,-0.0181483640609677,96,69,97.00533995157204
22484,994.5292237327744,164566.1650542492,75916.82455289691,77446.7579417773,1778.467970140744,612.0049970541586,390.5326412114373,834.8956516338803,7.848403501115689e-06,-0.0436930367677975,96,69,97.00525707164248
22485,994.5320854087452,164587.9216101621,75861.41380339512,77455.13446367093,1782.4601253164583,614.8623559391272,390.1369728349382,836.977933505812,-2.555357879732955e-05,-0.0408489659760631,96,69,97.00517235594816
22486,994.5498592830104,164580.57751487195,75870.58647418686,77466.84772017185,1764.245713093842,607.2386167912773,385.1401392982807,834.8321966290823,3.338461152274155e-05,-0.055282413734451,96,69,97.00508580713918
22487,994.5521550355612,164613.79603063734,75884.15866741168,77470.82011156442,1743.5748796992702,598.3739087481081,379.88695240271045,826.8511348620523,-2.831908822948668e-05,-0.0625514856384893,96,69,97.0049974280624
22488,994.569150231062,164612.66482686676,75882.82227928315,77482.18126069127,1704.3726504448568,580.096082509961,370.2301937517186,813.0582009273057,1.2316568201032542e-05,-0.0715273573992018,96,69,97.00490722176038
22489,994.5720748546894,164641.66162460367,75900.48279605412,77463.09708258798,1666.697063694999,562.2304780630948,360.24192230324843,793.5595071214193,8.439460940839004e-06,-0.0722696364229078,96,69,97.0048151914716
22490,994.5897959468188,164651.70676640375,75906.64348440684,77454.57081300255,1615.5072241215967,537.8180781955161,346.3148383607331,769.6139877882379,-2.5930920070518733e-05,-0.058694521424998,96,69,97.00472134063082
22491,994.592043751818,164635.153707977,75891.61390464702,77455.88428829922,1571.2504431554116,517.3442313485866,333.34051867353264,742.8922004558262,3.3402538002600365e-05,-0.0495628552221855,96,69,97.00462567286723
22492,994.6090814411368,164718.20716778623,75890.97941087249,77444.82841765875,1517.804857746174,493.57802154198,318.28576365381014,715.4281978923827,-2.7970760072963808e-05,-0.0464808971213667,96,69,97.0045281920062
22493,994.6120683482654,164757.13175002806,75891.47820856998,77471.05411277889,1474.3836088023381,476.16275144091924,306.3167505724414,689.3116959475738,1.173661240626172e-05,-0.0458979247129682,96,69,97.00442890206769
22494,994.6297200401316,164770.35497874412,75914.85238456783,77485.1804386295,1425.6789164243964,457.85512990083953,294.70931021371507,665.6703148361121,9.0269801296976e-06,-0.0327741720525869,96,69,97.00432780726628
22495,994.6319391393056,164813.75580977937,75877.44134837358,77502.76545610128,1390.7222557037603,447.6291743506008,288.2407107873587,645.2933795665158,-2.6299071568841518e-05,-0.0389806715339329,96,69,97.00422491201137
22496,994.649011768502,164773.75855363466,75922.15585956149,77492.82339411632,1352.2219282435835,436.99863750812074,283.05775119832833,627.4978019365808,3.340917316907187e-05,-0.0339253444545538,96,69,97.0041202209059
22497,994.6520729456262,164784.2289333501,75893.81295555881,77483.6875896528,1326.6941198174027,433.5330073371588,282.5069515168725,611.9672448587662,-2.761340074206213e-05,-0.0257784697318788,96,69,97.00401373874708
22498,994.6696189184436,164814.52574394454,75925.8853379973,77483.98052037196,1296.721474720107,428.7356418832496,281.9081186223775,597.5619490360259,1.1153374269541946e-05,-0.0313100269943934,96,69,97.00390547052534
22499,994.6718636425788,164846.3232950135,75912.78177451639,77492.81872173378,1278.144147146726,429.7117770269542,283.88641767721856,584.6530050490983,9.6107678874946e-06,-0.0396919743612195,96,69,97.00379542142444
22500,994.6889008338482,164864.79751251815,75911.93226705668,77515.86773271658,1252.6754186975886,427.3898602048721,283.4040899128886,573.0218521813222,-2.6657919096267168e-05,-0.0426340177120065,96,69,97.0036835968208
22501,994.6921842600752,164878.68334955553,75919.74538021487,77488.4154543122,1235.5285564999795,428.11535376292886,283.1878935712157,563.8396508131991,3.340452801175103e-05,-0.0597851091307829,96,69,97.00357000228306
22502,994.7088999146806,164870.98492825608,75903.53029399256,77509.4592167202,1211.0168760993984,423.7524137654982,279.4091662260471,556.7947041378065,-2.7247141723257308e-05,-0.0734200361437052,96,69,97.0034546435722
22503,994.7114245287278,164856.7276415112,75943.70976769933,77472.4875674386,1193.8994173827232,420.33548102613713,275.50348027824657,552.2565560066141,1.056705421703694e-05,-0.0703941776364068,96,69,97.00333752664064
22504,994.7290239970824,164881.0714979777,75886.59940661862,77481.03926084511,1167.6164820698323,409.87911332718795,268.25602709688246,548.5746912207978,1.0190630321351145e-05,-0.1030688232799551,96,69,97.00321865763178
22505,994.732031179964,164897.0274996528,75900.5248465433,77507.57343711793,1147.1457924424903,399.3167950527568,261.65697445435217,544.8886062345118,-2.700735261819675e-05,-0.0925389632421542,96,69,97.00309804288015
22506,994.7488410185928,164872.8536589938,75877.09079790142,77480.8231116515,1115.9478390003205,381.89647499208513,252.61096694669686,538.8441076652671,3.3388616964835773e-05,-0.0783408127069393,96,69,97.00297568891034
22507,994.7513321760648,164874.7289694463,75888.90082851048,77471.54109810204,1086.9111997323926,364.61582300234295,244.3361366292811,529.6217286677856,-2.687211725559285e-05,-0.0912697515250119,96,69,97.00285160243672
22508,994.769041561682,164901.74486337337,75886.14964014287,77432.70181498786,1042.8426810591482,341.33443153968256,233.10652204614598,515.6376322712749,9.977853947658542e-06,-0.0816777432887589,96,69,97.00272579036309
22509,994.7719242552153,164971.44540905574,75874.88991446301,77480.31176744807,997.3836860921583,319.54221692973806,221.8205209687876,497.1228300575167,1.0766376417664116e-05,-0.0731585655365389,96,69,97.00259825978225
22510,994.788751218987,164940.53969929306,75878.45883239138,77458.76824285909,935.3822562217247,293.7155092145549,207.00159378774697,473.59634425261174,-2.7347264748344183e-05,-0.0728787062482713,96,69,97.002469017975
22511,994.7912696324412,164970.8804966101,75890.0261212684,77457.83949907937,871.4219460788881,270.5820694013237,191.8585877129808,445.9213754662196,3.336145863366123e-05,-0.0732612070619436,96,69,97.00233807241032
22512,994.8090401248032,165002.01816873776,75905.72827801164,77489.11358294128,793.7931833111797,244.66606432452681,174.0728037719091,414.0024682873045,-2.6488464364536266e-05,-0.0725907450702302,96,69,97.00220543074433
22513,994.8118224418324,165065.92562476764,75912.6505311311,77507.19018544524,721.0486032655463,222.57069771907118,158.09952398508904,378.60320531902835,9.38597629422628e-06,-0.0867568462064638,96,69,97.00207110081992
22514,994.8286552476396,165094.79880684824,75909.28831781053,77465.69873732647,644.8185095593799,199.08624693602906,142.51648649454,339.71472101742984,1.1337816095648989e-05,-0.0878809916111847,96,69,97.00193509066622
22515,994.8312214710616,165132.8856716465,75911.42182126809,77491.5996258902,582.5978339198045,179.87071234584437,131.2526546540612,298.151976501802,-2.767755185058917e-05,-0.0685450605226295,96,69,97.00179740849784
22516,994.8490287669002,165130.67537402693,75929.51246494197,77483.28747913211,524.0541577401455,159.78746673506976,121.82745446756599,254.55342163235764,3.332307564408787e-05,-0.0737568506297227,96,69,97.00165806271438
22517,994.8517190841292,165218.27485621502,75909.18745554233,77496.30842674046,482.1439565954497,144.0762222588237,116.31634131126339,210.3038102304563,-2.6096322717479363e-05,-0.0698570004207596,96,69,97.0015170619
22518,994.8685594090468,165266.30452032757,75920.5812424992,77517.44367352697,441.1260886153905,127.40734420425724,110.34939487106749,166.9981802001712,8.791624628627355e-06,-0.0342598152638919,96,69,97.00137441482252
22519,994.8711830710572,165313.11839774152,75898.36804357136,77504.86427488635,406.9064349519904,113.40923513604503,104.07680199478636,126.33559301923378,1.1904761468736444e-05,-0.0376678546204064,96,69,97.001230130433
22520,994.8890096280226,165349.36210015605,75916.46294548779,77509.79180624033,361.1986505712266,96.31393801464583,92.81765791249927,90.02434187699691,-2.799811347501955e-05,-0.0621096367485809,96,69,97.00108421786476
22521,994.8916124155836,165377.17791610074,75934.38334267329,77535.86768096888,310.5300151486299,79.21041676713503,77.71757081834949,58.84406578965718,3.327349349664834e-05,-0.0522368373573276,96,69,97.0009366864332
22522,994.9084665857524,165393.2607386753,75891.81314698418,77496.22115810763,241.8648101426079,57.4290872971178,56.76366335788043,33.89327998060617,-2.5695834987470385e-05,-0.0621557439084812,96,69,97.00078754563486
22523,994.9111520736697,165384.76205545707,75906.45192134417,77505.24509035723,168.67808114521904,35.57688752443937,34.38951009430457,15.162381816538982,8.195002330619383e-06,-0.0592098998526668,96,69,97.00063680514664
22524,994.928983174532,165391.51033708645,75909.26500937862,77481.25037289775,89.88791243167361,13.384642250399338,12.846759409760125,3.897426950337831,1.2467025876924375e-05,-0.0473019466480884,96,69,97.00048447482504
22525,994.9315021524884,165465.50647301946,75922.69535802353,77473.75400801068,30.661795170453843,-0.0,-0.0,-0.0,-2.8308852567566703e-05,-0.0569915621676959,96,69,97.00033056470596
22526,994.9483785017665,165443.84964068935,75906.89351295242,77465.10717960972,-0.0,-0.18101947408285923,0.07010356799582951,5.362154264643323,3.321274261905119e-05,-0.0615182932279294,96,69,97.00017508500348
22527,994.95112680916,165418.39813077252,75904.06224104248,77482.44507302485,25.742089762876276,23.12911972249276,19.75972738917335,19.70993954545702,-2.5287146154305537e-05,-0.0437827078496257,96,69,97.00001804610892
22528,994.9689493561472,165375.10241807147,75901.68330363545,77481.01068810023,114.30802413146012,72.88594142934016,59.68639935046667,44.748868759255856,7.596314025769639e-06,-0.0478907011907922,96,69,96.99985945859078
22529,994.9713886426636,165329.6205716003,75896.94286708863,77469.82719776302,281.39930756838294,152.77596801577602,120.12179012023262,78.92529638670385,1.3024424829019354e-05,-0.0451209436766939,96,69,96.99969933319342
22530,994.9882963261954,165329.19108831428,75878.92174972464,77504.68568502013,515.4306257935823,256.7056932895648,194.45525148080196,123.30525422008941,-2.8609675510376995e-05,-0.0169249803756052,96,69,96.99953768083648
22531,994.9911058445988,165248.6365035472,75920.9619131774,77465.93861622854,809.2239982772735,377.42757400455594,276.231950051937,175.28995297831716,3.3140856218241955e-05,0.1295372076984032,96,69,96.999374512614
22532,995.008907986638,165204.23454632427,75881.05897752798,77472.56259785089,1132.5929795710254,501.0904748374451,355.4198391450627,235.36039171525044,-2.487040423860949e-05,0.3727080042108717,96,69,96.99920983979352
22533,995.0112725595026,165136.6738449297,75894.79782817922,77522.1522931635,1464.824837938184,616.1866657896171,425.5189370489097,299.7122932014754,6.995764441934224e-06,0.233298452584757,96,69,96.99904367381568
22534,995.028220883766,165073.4961612749,75866.34568971103,77485.91109900521,1772.2762983884313,710.7796419499937,480.15350775732077,368.3977165449469,1.3576775483154071e-05,-0.3387937530552776,96,69,96.99887602629272
22535,995.0310878255704,165005.3297711181,75889.48155891687,77501.63711290759,2038.4962197846617,779.0829737024615,518.2030821067165,436.8041721525369,-2.8900492203555397e-05,-0.2618725331702314,96,69,96.9987069090081
22536,995.0488589033728,164910.42325809167,75904.07809174519,77480.92656168343,2243.5235033755307,818.6194511014619,539.4856326780719,504.588224279345,3.305787196872175e-05,-0.0127547320991451,96,69,96.99853633391578
22537,995.0511547588394,164883.50816308876,75880.97170025074,77467.81789226302,2386.853036220302,832.4659399314405,547.5319983807713,566.5219579726981,-2.4445759175508977e-05,-0.1089348447216589,96,69,96.9983643131386
22538,995.0681527424576,164840.6102293007,75867.60836463093,77485.51862349815,2465.4536652232055,825.9915860764158,545.0768061817071,622.9640859816282,6.39355882492028e-06,-0.0552589843090946,96,69,96.99819085896809
22539,995.0710714174684,164787.9084050313,75873.06368214889,77513.98879829924,2491.51592350431,806.2425045150303,536.190478779492,669.64777322585,1.4123897323223008e-05,-0.0525826436817007,96,69,96.99801598386333
22540,995.0888020471192,164683.34939266738,75864.35193926383,77468.32767012979,2472.5178239262896,780.1016382499802,523.0751085784286,708.680050078925,-2.918121604614444e-05,-0.0650586466099976,96,69,96.99783970045004
22541,995.0910361940448,164700.94467422907,75876.83702878331,77455.75647168719,2425.399045269587,752.6035085309413,508.1891578093346,737.5703696454875,3.2963830545134765e-05,-0.0442140874064494,96,69,96.99766202151947
22542,995.1080922577264,164715.03598229194,75860.63275779768,77475.49018351437,2359.722646944865,727.8523148410604,492.35778273129836,761.1012798839656,-2.4013364148969827e-05,-0.0416884139643436,96,69,96.99748296002788
22543,995.111055285308,164672.45545038974,75862.79262795504,77486.59584328673,2290.2804154646,706.9291305432562,476.7340433409845,778.6450654878863,5.789902652189877e-06,-0.0425751719155617,96,69,96.99730252909502
22544,995.1287375086664,164625.59275367588,75891.55746082736,77469.88708937878,2224.02649682865,691.1551443541684,461.72612748653046,795.9117970674997,1.4665610982811083e-05,-0.0424802082034249,96,69,96.99712074200372
22545,995.1309178530366,164651.88907522106,75871.99469503803,77480.45387016766,2170.0460129886633,679.0247540234559,448.16214918906917,811.61109462491,-2.945176437611646e-05,-0.0305479915683382,96,69,96.99693761219848
22546,995.148039602832,164663.29705075215,75899.89718570377,77477.43294793554,2129.5649692333536,671.1093362872634,436.58623135084054,830.4137109261355,3.28587766871036e-05,-0.0276903539608652,96,69,96.99675315328476
22547,995.1510380876346,164564.3053485946,75903.96524322132,77471.16168850272,2104.185202824883,665.135106521353,427.5377371229988,848.9058922297845,-2.3573374245046018e-05,-0.0203398960198791,96,69,96.99656737902768
22548,995.1686655620048,164585.64791791487,75893.2318163798,77466.61983816676,2089.422793044767,661.7025049939693,421.237197381648,869.5026415040193,5.185001846729695e-06,-0.0082157706436197,96,69,96.99638030335127
22549,995.1708007010458,164573.7892412903,75879.77182700147,77476.43903224272,2080.9542941653053,657.8470430273155,417.2490919243137,886.8530411608517,1.5201739952221375e-05,-0.0111790581346544,96,69,96.99619194033744
22550,995.187994800074,164548.93794661624,75861.66696519528,77456.58723645014,2071.610449033964,654.2789470005519,414.9883628344396,903.1017345580913,-2.971205669197836e-05,-0.0011830606540538,96,69,96.99600230422465
22551,995.191018470671,164545.61131720443,75872.51394625507,77453.37464800195,2055.8429762441665,647.680347788817,413.11121325715794,913.2439350998902,3.274275959001119e-05,0.0056269436906336,96,69,96.9958114094071
22552,995.2085866963088,164537.79934139427,75893.4803802166,77488.46997765118,2029.2442045935895,639.3501132158563,410.79249816795345,920.4275640662818,-2.3125946689402437e-05,0.0072872540648757,96,69,96.9956192704337
22553,995.2106856176466,164553.61894465162,75866.29289285996,77452.56692119288,1989.941665932478,626.6435059893411,406.6728612075967,920.9609467592963,4.579062636471078e-06,0.0063102872158658,96,69,96.99542590200656
22554,995.2279577652128,164525.31460664351,75860.7539746403,77477.4504693225,1939.8145397525514,612.8404501766199,400.67958409150015,919.9692278292205,1.5732109754397598e-05,-0.0071363078934482,96,69,96.99523131898066
22555,995.2309950491024,164571.74264343298,75873.20751165955,77474.51479958782,1882.4710972898174,596.6720894208702,392.31154551243526,914.9856037297577,-2.9962017835858382e-05,-0.0012867526549059,96,69,96.99503553636195
22556,995.2485016612628,164546.08428213152,75890.12687153018,77468.06237068848,1825.55420690967,582.690810854052,382.81446308421437,911.6276448527351,3.261583018121446e-05,0.0226136412997853,96,69,96.99483856930688
22557,995.2505733122156,164558.01523052718,75880.61669040486,77499.30600399376,1775.2420739833033,569.7061341398366,372.8057065301109,907.3438054190192,-2.2671242915085725e-05,0.0250427912553208,96,69,96.99464043312076
22558,995.2679283842396,164573.9048593781,75869.25891744588,77483.13917715353,1740.0116944079637,562.316459069858,364.6495110760152,907.6887178578472,3.97228945982131e-06,0.022263067648749,96,69,96.99444114325688
22559,995.2709663496668,164529.05152796322,75867.04465402053,77464.19977591396,1722.3335227828356,558.0602465691336,359.1392595266225,909.1434253649495,1.6256546291064975e-05,0.0185107869417267,96,69,96.99424071531529
22560,995.2884115542664,164581.0454704512,75872.71611056043,77427.90358204626,1725.0132779228734,560.177574782836,358.0902365388174,915.7224879097193,-3.0201576025795114e-05,0.0150143915174682,96,69,96.9940391650418
22561,995.2904641828168,164565.79292810682,75887.04676435655,77486.85325445223,1742.3263827190385,564.5716807992721,360.7340198059974,922.3425332421612,3.247804452221205e-05,-0.0157904422852799,96,69,96.99383650832632
22562,995.30790666753,164526.32063170045,75872.87958971085,77468.41360634573,1770.6350673430716,573.8570685644081,367.158264973521,932.002312781231,-2.2209423326720768e-05,-0.0799915577368171,96,69,96.99363276120266
22563,995.310930658869,164555.84507120182,75894.66596707123,77477.75193767267,1798.9994796204264,582.9671780658682,374.65576567754033,938.5099793316622,3.36489212915818e-06,-0.116482408300224,96,69,96.99342793984624
22564,995.3283180256908,164544.34307117143,75868.73134631226,77463.84239428994,1822.9137385515496,593.9728660207329,382.0820653550327,944.1746601880877,1.6774883679553e-05,-0.1252747608398222,96,69,96.9932220605732
22565,995.330358018515,164509.16680927732,75883.2212410715,77468.86764287284,1833.2040600552573,601.255874229144,386.27929143430083,943.2538358185557,-3.043065806467504e-05,-0.1389415471665301,96,69,96.99301513983966
22566,995.3478931162268,164539.20104059367,75881.25346748107,77477.24783492844,1830.719877169875,607.1644363814848,386.96697603023495,939.7280189953453,3.2329465105871814e-05,-0.1344882264298763,96,69,96.99280719423986
22567,995.350885589726,164561.3451392003,75884.64111180579,77496.43895134446,1811.0776264701271,605.9469999584835,382.42651968533755,929.5881231885869,-2.174065177953118e-05,-0.1432891842848598,96,69,96.99259824050571
22568,995.3682238588824,164579.7345716482,75867.74039115841,77477.22137603628,1779.7189335622243,600.382031222136,374.3181196261139,918.2877327280585,2.7570728356616404e-06,-0.1437012727220261,96,69,96.99238829550433
22569,995.370253182632,164579.91533808806,75873.82591834872,77455.29820064112,1734.417620101478,585.6354977787123,362.5326840962516,903.1186771370703,1.7286946048282275e-05,-0.1317433054823878,96,69,96.99217737623792
22570,995.3878898256422,164603.61663012177,75866.08047976323,77483.01927799798,1682.2614752147929,566.4542619815475,349.82408964051865,890.2214312858123,-3.064920997281816e-05,-0.1268497586318328,96,69,96.99196549984217
22571,995.3908265882202,164630.404104767,75846.72280490721,77439.34714856524,1620.4139118167222,539.5204211886885,335.91678296533064,876.2144524922187,3.217014305951207e-05,-0.1267036247508202,96,69,96.9917526835844
22572,995.408135114746,164619.06762650053,75871.62983793685,77462.00354562247,1555.844384169788,511.08724440741935,322.74525454067043,865.6777008392673,-2.12651053361234e-05,-0.1232203828216801,96,69,96.99153894486317
22573,995.410143395821,164625.12644598514,75855.10115607611,77500.36604476588,1485.4166852729395,478.89665786268597,308.92581337012234,853.8976979987056,2.149033358409065e-06,-0.1232604604934537,96,69,96.99132430120623
22574,995.4279054337132,164650.13766440522,75853.18304841913,77485.8784802873,1417.2439295760705,449.9282193789113,295.8115477376268,844.4609607941529,1.7792572397473676e-05,-0.1176689319475163,96,69,96.99110877026992
22575,995.4307389501002,164685.86182151528,75856.83703055813,77502.76851899188,1347.9725676247035,421.0695388653694,281.730008260638,831.6796969034767,-3.085715478586242e-05,-0.1091300334019613,96,69,96.9908923698369
22576,995.4480750665904,164678.38615163148,75879.52124990997,77463.436834288,1285.6537756038015,397.92110414928175,268.37168921442935,818.5298583327385,3.200016928284489e-05,-0.1210380731372525,96,69,96.99067511781573
22577,995.4499905769552,164706.74473912304,75856.03673110636,77507.98093447555,1225.640134149522,375.9066839869047,254.59812711260747,799.7525386176712,-2.078292179018893e-05,-0.1242015892260341,96,69,96.99045703223898
22578,995.4680191271876,164706.39214008144,75859.49732319663,77457.05779225638,1174.905806422641,359.80694256287825,242.72717460486456,779.296777190495,1.5410094202290843e-06,-0.1190229069252603,96,69,96.990238131262
22579,995.470346733145,164757.15774210723,75875.73993881789,77479.63789294612,1125.6926218119333,343.916448282238,231.57688287339988,752.6691029147478,1.8291618885316477e-05,-0.1420234165774804,96,69,96.99001843316192
22580,995.487324027058,164788.03920450353,75844.65354892665,77454.63035154348,1082.927239951794,332.7156875151413,223.18695622612722,724.6661907557282,-3.105443431383872e-05,-0.1512061956984742,96,69,96.98979795633538
22581,995.4900884260836,164806.01882100347,75881.38649312343,77446.45745911637,1037.901011904236,321.0621376216004,215.89441222290043,692.3488272372924,3.1819588619877694e-05,-0.161953909946592,96,69,96.98957671929831
22582,995.507919519954,164865.65021747342,75883.43448293644,77485.46955894242,995.8624271482695,313.5124310311512,210.99223323899787,660.8998778629466,-2.0294324799472595e-05,-0.1688355634233651,96,69,96.98935474068372
22583,995.510266683443,164873.97232888528,75894.51902809237,77447.69196720807,949.0043620723882,304.6374380637717,205.9721706166747,627.4135722913197,9.331320462568724e-07,-0.1678050323140525,96,69,96.9891320392402
22584,995.5272236582886,164912.8947344909,75840.92395286604,77485.62879103386,905.5927166409092,299.0976203959144,201.74884587503038,596.8438503975631,1.8783842950089518e-05,-0.1708154121378055,96,69,96.98890863383134
22585,995.5300888687816,164946.36974487014,75898.00919124665,77501.07520765095,860.4718049581861,291.6608392356429,195.76705042013782,566.0972222446871,-3.124106201156199e-05,-0.191550554619201,96,69,96.9886845434334
22586,995.5478560997705,164998.6547023148,75898.5458553381,77466.46994712357,823.4930984060629,286.8480348077428,189.21989423129708,539.093895317259,3.1628445567118814e-05,-0.2251036193869239,96,69,96.9884597871347
22587,995.5501604187092,165000.99922624917,75889.30982544366,77493.76126883995,788.619843235414,279.2229580429412,180.09486614255002,511.9157543987094,-1.97994562784661e-05,-0.2233105518988066,96,69,96.98823438413316
22588,995.5671459623152,165001.49594232126,75871.62525258753,77471.6844214989,764.243708412163,273.61617900108104,170.61128871212713,487.98858088522684,3.257092084542843e-07,-0.2243885155640819,96,69,96.98800835373596
22589,995.5700805749508,165067.98108943205,75866.74667877206,77474.56382491966,741.1741348404321,264.9337489835307,159.75007123837713,463.4716350613453,1.9269255098393016e-05,-0.2332022728486432,96,69,96.98778171535749
22590,995.5877922040172,165076.49266780773,75910.85210598433,77488.83432176257,724.3052053176798,257.8689534660807,150.32871135507594,441.3204117616988,-3.141677859456145e-05,-0.2297876563708748,96,69,96.98755448851767
22591,995.5900480730866,165117.44344572388,75885.30241192326,77507.09027402547,701.5833520921879,247.29529963854293,141.36404191484326,417.56469938674127,3.142701838763167e-05,-0.22864198931479,96,69,96.98732669284117
22592,995.6070798875952,165140.67939583078,75878.4473327886,77461.48193547368,678.5196245425614,238.48269546269148,135.38565909076715,395.0494677342067,-1.9298357419266984e-05,-0.228580085154686,96,69,96.98709834805518
22593,995.6100695534444,165145.15158908695,75904.09241859001,77446.30828657415,645.5105721500004,226.9770291317982,130.63903266302077,369.9862368264876,-2.810507522720466e-07,-0.2222309504898178,96,69,96.98686947398846
22594,995.6277229227657,165186.77921549114,75890.43598410088,77488.58723828397,611.5381117248326,217.99204522413493,128.52477169124177,344.76638862569234,1.974752753147369e-05,-0.2317156999446613,96,69,96.9866400905696
22595,995.6299341891598,165185.39563273138,75898.67292458379,77502.34334809663,569.8816768612596,206.76571286426042,126.17317022042698,315.82919108710485,-3.158189441166983e-05,-0.2411245736158442,96,69,96.9864102178255
22596,995.6470229908198,165257.53668045593,75886.60979413187,77463.39448586389,531.9935473922524,198.11460932563932,124.30532897845842,286.0768207150977,3.12148858958612e-05,-0.224361167713348,96,69,96.98617987588004
22597,995.6500564471664,165278.72817881737,75883.10141500273,77508.71763132658,490.67876368848374,186.51700745073322,119.67732117697597,252.96980811835965,-1.8791755073459575e-05,-0.2166145092799925,96,69,96.98594908495244
22598,995.6676469842,165313.58581208077,75899.41386463329,77489.90485432991,454.2601370391203,175.2695190609229,112.90958130607032,219.64844003639882,-8.873994580747875e-07,-0.2031235162379095,96,69,96.98571786535544
22599,995.6698209670728,165339.90050437386,75908.66086830548,77478.08634246938,411.09639814076945,157.8432988653076,101.16835480037844,184.1315158153884,2.021830948722229e-05,-0.2129539754836582,96,69,96.9854862374943
22600,995.6869742832782,165393.0937630342,75886.32797482853,77471.85172920107,366.72528814000543,137.57931240952166,86.13786505564349,149.7394128656597,-3.173615962024601e-05,-0.2390989496132562,96,69,96.98525422186496
22601,995.6900407505458,165439.285551466,75884.11911410428,77506.45342303878,308.28699076513294,109.28584444097942,66.43574366118992,114.89324728943757,3.099282087722223e-05,-0.2268852147674528,96,69,96.98502183905237
22602,995.7075641477924,165442.54506710824,75878.8721359722,77491.6710416182,243.10826105595334,78.55441101579345,45.447148771374486,82.66999126170413,-1.827869237799385e-05,-0.2423175293173304,96,69,96.9847891097294
22603,995.709709930886,165456.25688580773,75921.75299327343,77487.0860053258,164.3421257949667,44.251195518052555,23.958271178998984,52.181984340102645,-1.4917278517455982e-06,-0.2506617794548366,96,69,96.98455605465428
22604,995.7269330958557,165518.06962878635,75893.9604396497,77479.26899368752,90.18926404078957,16.93326779123163,7.845663638814585,27.303146561956964,2.06828097209687e-05,-0.2690424526081703,96,69,96.9843226946706
22605,995.7300216238352,165534.7983709899,75871.37179009234,77485.53477807553,25.916303853678983,-0.0,-0.0,8.489237879141001,-3.1878630557029024e-05,-0.2829066611802988,96,69,96.98408905070396
22606,995.7474746399184,165545.4171483027,75854.67823859742,77493.77883704986,-0.0,5.951842670227052,7.143953614780912,-0.0,3.076094183551233e-05,-0.2613498922784035,96,69,96.98385514376166
22607,995.749602306105,165520.42155279792,75886.52958352274,77472.81756512627,23.21006927313283,37.375772077270085,31.34063429912203,2.7434728157822974,-1.77604977597347e-05,-0.267339517130637,96,69,96.98362099493065
22608,995.766898791711,165545.65283207558,75902.13703491756,77498.4957900715,122.40362048271345,102.11164776506484,76.41259491874371,20.14875057610334,-2.096229742691548e-06,-0.2643527399963954,96,69,96.98338662537591
22609,995.7699981367726,165463.23209261752,75902.70182761663,77468.31108236722,296.6496906062239,194.66489538014866,139.47984967802768,51.79796758433804,2.1137503168393183e-05,-0.2635473775403876,96,69,96.98315205633888
22610,995.787378980815,165462.150350241,75885.81229749092,77485.78324994513,552.484984815761,312.4198762218148,218.11929583948222,98.37696653782041,-3.201298409570665e-05,-0.2250566461160911,96,69,96.98291730913574
22611,995.7894991176162,165398.08605832787,75871.60593383056,77481.6936242111,864.8897765391157,440.7363992012106,303.5648336914892,157.15991889184806,3.0516254150848296e-05,-0.0457249981200447,96,69,96.98268240515584
22612,995.8068706870324,165289.507526108,75883.8123547941,77492.96144781717,1218.3574205875047,571.1136439199763,389.2462063328421,226.2176214219944,-1.7238702120780393e-05,0.1679730264802305,96,69,96.9824473658603
22613,995.8099693582813,165231.8784716177,75857.71465621976,77481.36792971077,1571.6691669865977,687.810835874232,464.9295110483072,301.2398934708326,-2.6993330134259084e-06,-0.0682312211296895,96,69,96.98221221278028
22614,995.8272779244334,165164.9554706712,75860.79344015528,77483.45393542085,1902.9498265001457,785.4800542183948,525.5981479859329,378.8594930956024,2.1586862489380784e-05,-0.5895513276583687,96,69,96.9819769675148
22615,995.829401197742,165111.81077256246,75878.24304319765,77469.48257369464,2176.648136341595,855.4826002829213,565.5166388263169,454.90904977722676,-3.213155181652749e-05,-0.421672043020955,96,69,96.98174165172983
22616,995.8468480502712,165026.5715791337,75867.60816037426,77483.22960646756,2386.696074689564,900.7304421456938,585.9080361694505,526.4203063157911,3.0268321508374132e-05,-0.2437546337574507,96,69,96.98150628715632
22617,995.8499343799288,164949.4961738803,75866.8459839353,77479.81725925142,2517.8128882395686,919.9753131393663,587.4166840561229,590.8222072867793,-1.67043068773162e-05,-0.3181522872490793,96,69,96.98127089558842
22618,995.8671724528738,164870.6353642898,75853.17714013775,77454.50937616981,2583.970978149504,920.9508519747469,576.3729516162566,646.7086518404249,-3.294701250644608e-06,-0.2633769530313344,96,69,96.9810354988823
22619,995.8693091411816,164843.41387655662,75850.40846244962,77447.83516721387,2586.843319509062,905.4636914984148,556.6091132746078,694.1354040741862,2.2031014645992467e-05,-0.2688443302341308,96,69,96.98080011895344
22620,995.8868301612622,164830.58455880324,75886.51697627697,77498.15549100214,2551.721144819341,882.3435837347351,535.1946167745336,733.7393224762636,-3.2241980156348566e-05,-0.2553494569564156,96,69,96.98056477777637
22621,995.8898922747334,164765.32718064552,75857.39177083508,77461.27826175425,2484.469485683425,853.2857306733931,514.364924622525,767.6853243729565,3.0001138656096776e-05,-0.2541853162395464,96,69,96.9803294973817
22622,995.9070638396051,164750.22314899712,75869.7896589595,77450.37373102513,2409.083662221208,825.8693809378892,498.0536112826667,797.1956997175585,-1.6180232733189963e-05,-0.2607038640996487,96,69,96.98009429985534
22623,995.909223175832,164716.68732738978,75830.37383254539,77470.71906353677,2327.829954330693,800.4364806572557,485.21118648941047,824.5296573406085,-3.907172861118942e-06,-0.2416077857710508,96,69,96.97985920733618
22624,995.926816482768,164737.10061697263,75875.94409811904,77487.67821385263,2259.7248955604737,782.2883810149215,477.10904355652747,849.4221738012857,2.2448950243011304e-05,-0.2417419012753066,96,69,96.97962424201482
22625,995.9298419099524,164658.150645617,75851.9871213947,77460.43848059147,2200.5324827110744,768.7581203980953,471.0333340303914,872.8294394755212,-3.235347153368011e-05,-0.2414050967456991,96,69,96.97938942613187
22626,995.9469539017648,164613.51288980903,75851.27193381665,77464.82593912777,2162.1224943398847,761.5688890311721,467.5664955037646,892.8344683790638,2.972386851322871e-05,-0.220533424795267,96,69,96.97915478197552
22627,995.9491427737952,164639.7064015938,75846.46397748525,77463.37179069908,2134.1799675208167,755.5603682714718,464.1593469463405,910.07512250336,-1.563570490467194e-05,-0.2305025856339962,96,69,96.9789203318809
22628,995.9668072043446,164617.97222246046,75848.6129963634,77485.31997286264,2123.062890216417,751.0200657922251,461.70797228298034,922.5789163212175,-4.4851955816594505e-06,-0.2209160077870937,96,69,96.97868609822756
22629,995.9697812223774,164617.79898170367,75858.25091485647,77470.4017960964,2113.368104617053,742.905722555035,457.7304479825252,932.2992436665809,2.2904340511086504e-05,-0.2069478926468015,96,69,96.9784521034383
22630,995.9868460427402,164607.52070235525,75866.29533026792,77462.86073395939,2108.135356239043,732.7157208971912,453.01857949304394,938.1905103063036,-3.240399289407546e-05,-0.2015954048998181,96,69,96.97821836997689
22631,995.98906505296,164597.59532520355,75832.72475755936,77465.71839585427,2092.5423481473117,717.8905053106719,445.3546359123138,943.3569346205913,2.947823891552378e-05,-0.1954961996069503,96,69,96.97798492034671
22632,996.006805716626,164602.61833342857,75857.21907756786,77467.12630053428,2073.003376080189,702.1612053504068,436.19437645276776,946.661982677615,-1.506869586671289e-05,-0.1805986042704703,96,69,96.97775177708913
22633,996.0097032753137,164583.00754815215,75858.71223323821,77444.2360918318,2039.4927883432247,684.5655848224997,424.34317138884217,951.3136153449013,-5.079846580832203e-06,-0.158028000193373,96,69,96.97751896278116
22634,996.0267519917404,164572.56694517718,75828.35692386527,77447.67244163968,2003.6790069803246,669.3240449441073,412.4451614289428,955.3106045379245,2.328890649112684e-05,-0.1475884721561036,96,69,96.97728650003448
22635,996.0289721701872,164589.09204396355,75827.86127852523,77466.60038557686,1960.9791276735486,655.6225243417284,400.4539348715334,961.39120471981,-3.254658024314113e-05,-0.1252647931697806,96,69,96.97705441149316
22636,996.0468454601944,164572.92838768102,75866.48393567563,77441.44399109673,1926.1509866434499,646.9822361806,391.48246778771863,966.5874205758737,2.9095456072779465e-05,-0.1389901834020597,96,69,96.9768227198321
22637,996.049521848764,164574.82213783878,75845.33470209433,77451.19897300986,1894.4707453846931,641.5455831074069,385.0534591054893,973.863640060823,-1.4620578882304224e-05,-0.1377656813002048,96,69,96.97659144775535
22638,996.0673155610868,164522.3310573639,75842.1715143496,77449.26342777706,1878.4983193994267,641.6232213558396,383.2627042917593,980.0596302706108,-5.754008016589562e-06,-0.1168455497632512,96,69,96.97636061799396
22639,996.0691800806454,164557.40480773858,75829.46859333394,77482.9355278574,1870.109832136135,644.519522716495,384.3729259004176,988.8450562532526,2.366246609403269e-05,-0.130091311534066,96,69,96.9761302533051
22640,996.0866877448058,164540.16163218848,75856.01315189258,77457.53376053835,1877.8835446672747,651.7574662313709,389.255629915453,996.9472572603263,-3.257366474331895e-05,-0.1419227968978763,96,69,96.97590037646908
22641,996.08957197701,164535.469732293,75813.81171105112,77445.71007660212,1890.2318209329387,660.2258049149677,395.1988215238962,1008.3424377224292,2.8920955376771148e-05,-0.166822627803926,96,69,96.97567101028864
22642,996.1071722168084,164509.1915438448,75844.39566769157,77491.67090518527,1912.0381475924514,670.6695426975348,402.23982101958245,1019.2684892130201,-1.386158519425886e-05,-0.2034763263164315,96,69,96.9754421775864
22643,996.1091121612056,164489.7575882831,75827.42809495715,77457.3070154875,1930.4457749512512,679.6418041050638,407.4325972390652,1033.2383404492866,-6.088685086159312e-06,-0.2393139047949729,96,69,96.97521390120382
22644,996.1266291004368,164487.61083993182,75833.7185148515,77459.79608774507,1950.4946787582594,687.5394309693074,411.1091399091529,1044.8686480808537,2.4307296955221e-05,-0.2385849802775369,96,69,96.97498620399898
22645,996.1295678017576,164487.00410319393,75839.37961275525,77431.4352465629,1960.3110132216243,690.9119737974252,411.01347546474426,1056.9288002607063,-3.246761817773497e-05,-0.2635126144792467,96,69,96.97475910884444
22646,996.1470544388036,164459.91738069328,75860.09558507774,77491.04983122132,1965.136810722819,690.1338898671966,408.24054067378165,1063.3096416642366,2.861226966861941e-05,-0.2716767726912079,96,69,96.97453263862648
22647,996.1490274781312,164451.04193293385,75843.98471183851,77474.66847061443,1954.3370974279242,682.5232493174553,401.46983516874025,1067.0953960820334,-1.3518203277091223e-05,-0.2370935026951574,96,69,96.97430681624256
22648,996.1665923547184,164445.7318146204,75845.07822938566,77491.05747740521,1934.3548683707486,669.4844230468443,392.5916139659821,1062.2649588278728,-7.113982132694809e-06,-0.2366546565535162,96,69,96.97408166459948
22649,996.1695451076064,164482.9404547577,75848.79300461177,77455.65768909533,1896.0593194614048,649.7352754083695,380.7692879161623,1053.493331162841,2.4084009462242305e-05,-0.2278825194678392,96,69,96.97385720661217
22650,996.1869421326804,164473.99003235906,75830.33413830283,77455.42891021095,1847.1706308303983,625.8315399598796,367.9461715260986,1036.2277547339036,-3.318351341798625e-05,-0.2142499082816993,96,69,96.97363346520108
22651,996.1889398773736,164534.73406278403,75860.13164401875,77461.48834593291,1781.8604075993062,597.8243936957442,353.2680024029687,1016.8011540578445,2.7738347807264625e-05,-0.2068078209557539,96,69,96.97341046329134
22652,996.206568089003,164501.2314566938,75874.20340885973,77471.16290457112,1711.3593796310597,569.0208852714131,338.54618683469016,990.9146802425093,-1.3194196157398671e-05,-0.1925894832348755,96,69,96.97318822381033
22653,996.2095088412302,164562.44811046124,75849.77009889731,77448.6998547456,1632.8573635454522,539.7113360654184,322.755104277021,965.6077370856947,-7.438367853809259e-06,-0.1741156315175759,96,69,96.97296676968593
22654,996.2268325446272,164572.402398832,75817.05885613231,77457.7797559807,1558.2483091020258,512.5582460832957,307.5233574908052,936.3711651124759,2.531463625012417e-05,-0.1790333968911461,96,69,96.97274612384496
22655,996.2288521953064,164606.5118806018,75817.63461727445,77470.93442965193,1484.5424756510765,487.1451844039984,291.92752910527634,909.9574984100473,-3.1824196412815386e-05,-0.1907328532310049,96,69,96.97252630921136
22656,996.2465544123484,164620.1112678105,75867.1606794761,77457.11079730882,1420.9882653370732,465.15835697542934,277.72507198061794,880.512643169408,2.9127577018628544e-05,-0.1610182781078975,96,69,96.9723073487041
22657,996.2494581213814,164669.26420773755,75853.703943037,77458.71644669582,1360.6731599335908,445.44126289150154,264.0075405224925,854.636903286475,-1.0973876148635467e-05,-0.1434065808022368,96,69,96.97208926523568
22658,996.2667282933122,164688.02374227374,75861.45173592807,77455.28522448496,1308.0950232880423,428.9037793520838,252.34085189609323,826.0190125891531,-6.924795691737826e-06,-0.1426715060901279,96,69,96.9718720817102
22659,996.2687617814212,164680.03531671554,75886.47708248146,77446.6622212405,1254.2821255630115,414.054093292958,241.68828790920088,801.1776980113063,2.571047699188333e-05,-0.1209295215208847,96,69,96.97165582102174
22660,996.2865555288474,164718.9313343768,75848.01801539543,77431.47647359103,1203.3433903136174,401.3032723991637,233.36776698360336,772.9788939446153,-3.326732841361127e-05,-0.1182510325956273,96,69,96.97144050605216
22661,996.2893841064214,164770.04282226335,75855.15675651205,77463.61839119923,1148.173197307624,388.8006759267446,225.96739750748384,748.461809102504,2.584454895841345e-05,-0.1273175874709367,96,69,96.97122615966988
22662,996.3066440493632,164798.83655588262,75861.85645795251,77460.99535375256,1095.217607051658,376.589740476702,220.32962086988846,720.4186014665174,-1.4541820723011576e-05,-0.1218986975291826,96,69,96.97101280472738
22663,996.308645948101,164792.28548395925,75856.71574881954,77461.56722497076,1041.034787915065,363.15082897075627,214.789551383059,695.8780640072073,-1.203373978337182e-05,-0.1206661251030047,96,69,96.97080046406006
22664,996.326613695475,164810.98186368856,75866.45013409697,77430.4570353028,993.9861844776897,349.15888791035104,210.06196128291776,666.7161445202364,2.2324969899398912e-05,-0.1392313712767486,96,69,96.97058916048418
22665,996.3291845026072,164856.06899946652,75867.08526570859,77446.80104362401,950.9770928237704,334.1719610185828,204.5488976992783,640.6658488274843,-3.489236283160685e-05,-0.126209184128863,96,69,96.97037891679452
22666,996.3471198241048,164872.58083900053,75860.63060159334,77470.76258959269,918.2596193990321,319.76108578599815,199.31629274215084,609.5648887555872,2.721574581188177e-05,-0.1159690205288734,96,69,96.97016975576376
22667,996.3489728364024,164917.3914475756,75867.04355820142,77447.12070067789,890.173323905794,306.14196125649323,193.3897043945035,581.9371663672791,-8.283112935011537e-06,-0.114706133281676,96,69,96.96996170013956
22668,996.366423693788,164911.7511326282,75875.68726678891,77466.94902971188,869.1153063534293,294.6119536154001,188.35119738147478,549.4417989782523,-3.243742156582856e-06,-0.099520591367119,96,69,96.96975477264338
22669,996.3692491415608,164983.51184975173,75864.36469219183,77492.94633058315,847.0313697776292,284.60838749058894,183.4329092129774,520.8874575730879,3.425772474689016e-05,-0.1000995674899372,96,69,96.9695489959685
22670,996.3869802858368,164993.62089810218,75878.6085346077,77489.3134393058,824.1671916656196,276.0700444281101,179.68711582227843,488.1183984844829,-2.3702546235933436e-05,-0.0918102715227409,96,69,96.96934439277796
22671,996.3889023087984,165012.30779013608,75876.84538924032,77480.23765509004,793.714487972029,267.5428682279162,175.5193158920738,460.2088205850159,3.428552308026075e-05,-0.0777674967204152,96,69,96.96914098570348
22672,996.40635485514,165031.79858531896,75856.23947361224,77461.27619228208,758.5746501416434,258.58750835202227,171.14560547558358,427.8107246400323,-7.485354612691445e-06,-0.0801365675198353,96,69,96.96893879734264
22673,996.4092521342697,165083.47572794548,75889.63873195367,77498.68557940579,716.4679336823174,248.3144014647114,164.624218753248,399.8518711604411,-1.3311126243102569e-05,-0.0887385320116746,96,69,96.96873785025817
22674,996.42687000633,165080.83090985595,75888.47356820179,77482.31947398583,673.1964187650592,237.15725629731605,156.417132693663,367.0232098380802,1.482248674778376e-05,-0.0822288466904566,96,69,96.96853816697516
22675,996.4288109780448,165131.1243944993,75878.69450917919,77451.95525727003,628.7648325575865,225.35384823428467,145.59678162168711,338.6631459524797,-5.1528409011915386e-05,-0.0629194262447681,96,69,96.9683397699802
22676,996.4463107913753,165181.00177153797,75853.75631331828,77469.56401303622,587.8965379447327,213.80086219463556,133.80180116996053,304.5302110631601,3.3520706750442847e-06,-0.0445189232293183,96,69,96.96814268171856
22677,996.4492363684292,165161.03213271854,75877.4077637969,77504.71330362128,548.0516851929715,202.46092193566437,120.83977314486401,274.228542405006,-3.227924608768211e-05,-0.0230094878502415,96,69,96.96794692459342
22678,996.466765259232,165228.38387993112,75886.32145169166,77510.91415417929,509.0378678072593,190.79332033243554,108.08585274301004,237.82101469585905,-2.4919361058597852e-05,-0.0451323891344462,96,69,96.96775252096322
22679,996.4687146782215,165222.52086825136,75881.64443329287,77481.05977580207,464.94046826299746,176.9285687525553,94.41807452283683,205.47235610717325,2.65327737331112e-05,-0.0513824793652355,96,69,96.96755949314056
22680,996.486281236263,165322.32860397463,75910.85483633076,77512.6547917179,412.9833065503626,158.5604761851282,80.03129877493484,166.64191720521194,-1.3369598386705453e-05,-0.0490528564818683,96,69,96.96736786338997
22681,996.4892071760872,165289.1771844554,75897.9927778617,77466.3089515148,348.4486115568434,133.54559384570166,63.219824133091606,132.55963983465335,6.594935219212284e-05,-0.0630653223978173,96,69,96.96717765392614
22682,996.506662875476,165353.09577829938,75863.41515725062,77492.24890628218,271.9843351832824,101.41979128000094,44.780874020420015,93.9799746532226,4.631529681551692e-05,-0.0588214582095213,96,69,96.96698888691232
22683,996.5086164760712,165358.5907125103,75886.96757031824,77477.16917140047,186.7987708816072,64.66860000876477,25.30311771653942,63.613605635095155,5.009186089895213e-05,-0.0493970046004721,96,69,96.96680158445858
22684,996.5262645526082,165400.56442002853,75900.55832648976,77482.00621853607,102.79948383319424,29.19618427239766,8.995597408211324,32.28476452030009,7.724634364947041e-05,-0.0437810153030897,96,69,96.96661576861976
22685,996.529163233156,165427.09107052753,75888.86086421623,77503.53893831153,34.39473041763995,4.205312842677813,-0.0,13.976759370183572,-1.1335462982913344e-05,-0.0456971627129684,96,69,96.96643146139394
22686,996.546565741189,165441.45065474854,75889.1200209206,77498.56105148973,-0.0,-0.0,4.798542010044912,-0.0,2.1021801941435453e-06,-0.0535285799250699,96,69,96.96624868472028
22687,996.5485133649116,165419.36322110426,75895.09187733817,77468.6499566705,19.333853550022468,26.02885181143938,27.580177715950413,3.965597905276809,-8.596256820368028e-05,-0.0506270990295478,96,69,96.96606746047809
22688,996.5662658018048,165396.19071001367,75883.25923797322,77494.94828821931,107.91817280423129,87.29389581126452,71.82346757341293,14.81397438069689,-0.0001378639735646,-0.0484462630368362,96,69,96.96588781048408
22689,996.5690945155346,165366.92985863547,75879.771750328,77459.31441010592,275.67802704457426,183.39181263648788,135.95281240803888,45.06920776795596,-0.0001286403351232,0.0477054358320707,96,69,96.96570975649098
22690,996.5864896894444,165313.18665135957,75872.89263480947,77491.85303901814,519.8433183942107,306.91405790956924,216.04070101803518,82.07128137460677,-0.0001829297676975,0.29195941509681,96,69,96.96553332018595
22691,996.5883813026188,165290.65684894987,75839.80215784097,77437.35582689501,828.846737452026,446.07824318358325,303.6648754417547,136.53681927997968,-7.380663921716208e-05,0.3971184916052298,96,69,96.96535852318874
22692,996.6063289039244,165218.885403254,75870.67310963219,77488.57816019005,1177.3919871839462,585.9048289821076,390.4270199876628,192.86428273105412,-1.0101586183512192e-05,-0.0726023491302126,96,69,96.96518538704969
22693,996.6089002098004,165134.9795211776,75902.80709485109,77485.9624408751,1538.017146920669,713.116828541024,467.20290308084805,261.0879821150447,0.0001172620526873,-0.3734953887328671,96,69,96.96501393324826
22694,996.6268587411836,165071.54209515217,75871.26463531522,77475.75397377863,1877.229808056727,816.9081179917412,528.6051568334515,324.55807693867246,0.0002951467310882,-0.058701398421814,96,69,96.96484418319106
22695,996.6288203554656,165015.93122988718,75879.24108435749,77478.56362288454,2170.834291962441,892.4964509827696,571.2454439423745,393.29259132934385,0.000342854641227,-0.0405864064386341,96,69,96.96467615821032
22696,996.64612451747,164900.1668083587,75899.83361796204,77477.36841173554,2396.602660339151,938.8366606521158,596.078886165953,450.7060729119112,0.000436225874084,-0.0870735571133517,96,69,96.96450987956187
22697,996.6489664201353,164882.3226366891,75861.63181021718,77504.92612767691,2548.9229727787315,959.942409064126,605.1137558124756,507.91446408227785,0.0003324107862305,-0.0533859050672993,96,69,96.96434536842378
22698,996.6667309082496,164835.62522385674,75857.13742228494,77468.69104653962,2625.839081679529,960.5723699687369,602.4009749021789,551.012200924335,0.0001335354835739,-0.0575587378593461,96,69,96.96418264589424
22699,996.6687445085356,164790.45653573397,75868.15447933167,77470.8829728434,2641.4952293169335,947.3833729603648,590.9697081097693,594.0682930463809,-0.0001285956062188,-0.0387557529852068,96,69,96.96402173298992
22700,996.6860472816944,164739.5496641817,75885.39863115393,77484.26657155999,2607.528527466173,924.7880428385542,574.2494549950352,624.2756032695761,-0.0005494118406741,-0.0450261728210409,96,69,96.96386265064454
22701,996.6889733855388,164700.7441022742,75853.1145597361,77494.87985828631,2546.2218513956177,897.810400578921,554.1643299510761,656.8515426816884,-0.0008258371838081,-0.0494630594033109,96,69,96.9637054197066
22702,996.7066295374104,164698.8738536196,75831.53783693879,77447.68848131788,2469.9190483416896,868.7804743455345,533.054199283768,680.1330313034414,-0.0010582215412251,-0.0544852141249006,96,69,96.96355006093832
22703,996.7086489621288,164627.09996099048,75850.95022136897,77455.09510077442,2396.8725415201625,841.2164775187557,512.404113103461,709.5288795863162,-0.0010287416172431,-0.0566851656815811,96,69,96.9633965950132
22704,996.725992923982,164637.39431969498,75837.60785238969,77452.84436797253,2330.4198469401454,816.1338340554939,494.31956254524994,731.3767497694935,-0.0006456469862795,-0.0536031673860097,96,69,96.9632450425149
22705,996.7289656290905,164602.79696439032,75863.9001441477,77468.47085455776,2279.826856231375,796.1634656038077,480.0435600457422,759.571456501697,-5.275712285279461e-05,-0.0671645716568797,96,69,96.96309542393531
22706,996.7465300862632,164531.38047564277,75842.59192118928,77482.4098816746,2239.700904219586,781.0294334714417,470.7335949119879,779.7784125439648,0.0008858030257612,-0.0870476937957982,96,69,96.9629477596728
22707,996.7485501166806,164562.59510956166,75852.2880206798,77455.01873706316,2213.249544441176,771.7368145447981,466.22125930231414,805.1894140783697,0.0017878470871116,-0.0612433512079057,96,69,96.96280207003042
22708,996.7659508025088,164497.22621971765,75828.14034700074,77463.54139955532,2190.0649545233464,765.6820788444602,465.77950115682324,819.998938330129,0.0025111968610936,-0.0472524788692941,96,69,96.96265837521472
22709,996.7689491693222,164495.37181981956,75835.19729541762,77475.62077506696,2172.2719838474877,762.0182508038706,467.72705626056995,837.6264819183853,0.0028011551710959,-0.0527435721666908,96,69,96.96251669533332
22710,996.7864280538045,164489.52709816548,75834.78328117318,77492.0305840112,2150.4433801705018,757.0259716570872,470.41208390987595,843.9905576153833,0.0022700623077925,-0.0502424046974764,96,69,96.96237705039374
22711,996.7884527429934,164466.4802085483,75872.21681161759,77474.04838116607,2130.0872245265055,750.2898639016348,472.4004403191502,853.9987796183268,0.0010306397155333,-0.0407896319229471,96,69,96.96223946030156
22712,996.8059173630415,164433.61002912157,75849.7025955838,77453.18512711278,2104.6015525471885,739.5698640917981,472.9569294770772,853.9353342741088,-0.0010231797379262,-0.0229697907422162,96,69,96.96210394485897
22713,996.8089253267804,164488.06404460446,75859.92179655566,77478.10167746982,2083.4201006694348,727.1974140448874,472.12556062819203,859.8519764317607,-0.0034426415334068,-0.0104383157699528,96,69,96.96197052376252
22714,996.826322389578,164439.0401149319,75879.76923122181,77482.77290066576,2062.3009604592808,713.6075099269219,470.3434961703897,859.4112132754817,-0.0056268825958819,0.0076312478004903,96,69,96.9618392166024
22715,996.8283591496366,164429.05315117264,75840.2560815084,77468.56951062316,2051.70112336328,703.1519120060257,468.5048639162269,868.4053425616294,-0.007018078373036,0.0036922508988573,96,69,96.96171004285968
22716,996.8458906408696,164413.13808516585,75837.6321049686,77459.24389315599,2045.5085532743833,696.4974887106073,467.1199558113294,872.5612674193399,-0.0067011667527173,0.013103207212786,96,69,96.96158302190544
22717,996.8488942455,164447.5020463371,75843.64939561195,77459.71507866344,2052.8329377517803,697.1236901382945,466.96346335555427,886.3740261429048,-0.004410563752203,0.0229671496318899,96,69,96.96145817299902
22718,996.8662131563362,164355.299510521,75852.29395828147,77456.45632797158,2065.5508784665144,703.5423067714582,468.1189751123893,894.89872062637,-2.2407247083596605e-05,0.0089083223676304,96,69,96.9613355152861
22719,996.868270755644,164396.7213294585,75861.50526457714,77454.60965344719,2090.858819111192,716.759883052393,471.127635080833,911.1117084224825,0.0059073956329705,-0.0050303449745425,96,69,96.96121506779711
22720,996.8858691547088,164363.84838039658,75850.66601782694,77489.38814983454,2117.447469667939,732.6586093850201,475.58717296703253,918.4678739121882,0.0119763041878095,-0.0392146669237393,96,69,96.96109684944602
22721,996.8888557241922,164332.31451773545,75837.07744572697,77453.84276022656,2150.981050922186,750.8355097039603,481.62765098543605,930.3169257815462,0.0166348658518884,-0.0623685222863839,96,69,96.96098087902836
22722,996.9061009110088,164321.6524889713,75876.6865170369,77462.40873156242,2178.7299009744893,766.5883581488888,488.0295645487495,931.9324874249869,0.0177176650983143,-0.0678120289598424,96,69,96.9608671752196
22723,996.9081885235518,164324.6144124926,75872.59738775317,77465.09794218258,2205.794744572835,779.9924023963104,494.1777223785466,937.6428047546942,0.0136705589615795,-0.0850371306709267,96,69,96.96075575657365
22724,996.9258515843431,164351.0052871533,75850.143372697,77474.24144143915,2218.907079389319,787.0576594048907,498.0306753248442,933.2728822788922,0.0038054497179551,-0.0880203312604822,96,69,96.96064664152122
22725,996.9288094969238,164329.99019782073,75825.91910383038,77488.39415879003,2225.2800819984986,789.3081403929391,498.8804892420594,934.3771923390159,-0.0112374271349478,-0.0803037761199935,96,69,96.96053984836828
22726,996.9459864752682,164319.23722365013,75852.52440659195,77462.2557535723,2213.8854114103015,783.8832833021152,494.99278066004626,927.8432134992618,-0.0284770069756723,-0.0885442258934998,96,69,96.96043539529452
22727,996.9481131096796,164306.44845017928,75854.33776598399,77511.36350151847,2193.8490804171306,773.2970327777584,486.66455837577814,928.1273967421148,-0.0432689757539103,-0.0984420473165388,96,69,96.9603333003514
22728,996.9658366625948,164321.52988068122,75850.94575037586,77479.56765027129,2154.606696934148,755.0835577699181,473.2084602341638,920.4840720397478,-0.0488753138868018,-0.0925756504548409,96,69,96.96023358146124
22729,996.968755350828,164341.8981970656,75861.9135510776,77464.01971419928,2107.0350537505,732.6023162636266,456.3019925651897,918.8079071771062,-0.037498828386181,-0.0854474187025881,96,69,96.96013625641524
22730,996.9858708257716,164324.01170895871,75864.98473553179,77475.17209184942,2041.8455651918775,703.9025831541512,436.1843975961383,908.5571018918126,-0.00142490772687,-0.0774029313505691,96,69,96.96004134287172
22731,996.9880449241072,164309.61426911905,75894.28863060621,77464.51436411212,1971.1490058749914,672.8845212002925,415.2156858772214,902.7413541049173,0.0664771608281241,-0.0635728910107697,96,69,96.95994885835506
22732,997.0058231421104,164324.9425425644,75844.0684713916,77495.87991967547,1886.4615338544827,637.7338983211521,393.58781322147115,886.5929351632949,0.1710125356485492,-0.0565737911070773,96,69,96.9598588202539
22733,997.0086931825186,164342.15090595707,75869.24525790598,77464.97843567451,1802.414649620012,603.0821653114981,373.5397242399922,874.1857496243028,0.3147994513030602,-0.0644878561602531,96,69,96.95977124581958
22734,997.025755028778,164380.13875164115,75835.14017419974,77511.71141916882,1711.9209512879024,567.4336846645747,354.5603542443132,852.13026985139,0.4978611239437656,-0.0720542441341259,96,69,96.95968615216492
22735,997.0279841577424,164409.32412328885,75849.57605100048,77454.13457389387,1629.4854412577697,535.5785285343445,338.1706225692178,833.9122089958692,0.7178276776240672,-0.0782271152261664,96,69,96.95960355626195
22736,997.0458097929226,164379.92225266265,75872.53579858282,77474.27615913154,1546.2128637739806,505.5036685998639,322.9573859263328,805.6589665929787,0.97114745650288,-0.0751750115144249,96,69,96.95952347494163
22737,997.048623026589,164429.52931551324,75850.06607557563,77494.78763490636,1475.7750654236297,481.7704333874717,310.25581687738304,781.1124568425003,1.2528686447832569,-0.0618358030510033,96,69,96.95944592489091
22738,997.0656401936776,164436.43362370587,75863.92341737579,77457.62367091041,1407.6452327640727,461.3855271014909,298.5758081896929,747.1517534240265,1.5576624906721377,-0.0657806314720195,96,69,96.95937092265244
22739,997.0679307970428,164477.01916302854,75829.69945052784,77487.52284882528,1353.687602141581,447.72493981588923,289.5719536928809,717.1068867566355,1.879489569239304,-0.0664928370305405,96,69,96.9592984846226
22740,997.0857954140016,164517.67407089204,75860.5204085375,77487.46278189075,1301.7616099105217,436.2786190263869,281.8248809684592,678.7085172247025,2.2111608583980744,-0.0525627431928438,96,69,96.95922862704973
22741,997.0885450688536,164527.58534863702,75872.25714453266,77480.84949395657,1264.0108346178313,429.861813749405,277.3050513797498,647.024841501785,2.544682629693185,-0.0483575146574298,96,69,96.95916136603324
22742,997.1055274357155,164577.02611350265,75863.69838332455,77453.86734672775,1227.5004824962234,423.3669784798258,274.30284170398954,611.3702920369979,2.8704630501588717,-0.052095823001923,96,69,96.9590967175219
22743,997.1078846347292,164587.47372520858,75884.71655705922,77482.75215869624,1202.5106612773961,419.536685772051,274.3871640819416,585.9066162858799,3.1784861238968563,-0.0470154803360273,96,69,96.95903469731212
22744,997.125778851576,164630.12061847802,75877.2731512575,77486.81158016542,1174.029950232245,413.37286752271757,275.0622455967532,558.992625723884,3.459009058137576,-0.0518092780308464,96,69,96.9589753210471
22745,997.1284596498532,164636.71533134213,75866.92482206739,77468.58556684751,1152.3379412837676,408.77755689635524,277.56244399640127,543.3685799824889,3.7037442648343664,-0.0593114514151471,96,69,96.95891860421489
22746,997.1454178440756,164647.23308185278,75890.86071479581,77485.51265847185,1122.4013125824858,401.41129570310295,278.7502739308111,525.5837273624784,3.9079435225915904,-0.0583063350509631,96,69,96.95886456214708
22747,997.1478452801535,164625.30587636383,75863.35338162155,77472.18200782473,1094.9082506297273,395.6347290324338,279.5189625962812,515.1021212132764,4.070809721268364,-0.0632171744608435,96,69,96.95881321001764
22748,997.1657590205134,164660.11004141092,75878.0813881998,77468.07020183648,1056.251808942412,386.92521127407963,276.45745026809163,497.296960822423,4.196841260292761,-0.0663050420894839,96,69,96.95876456284118
22749,997.1683672611445,164685.34092849106,75878.28753008842,77481.67316152454,1020.3597972264979,379.79088569381565,271.09488722254173,481.98964252337464,4.295470705482525,-0.0459357208493298,96,69,96.9587186354717
22750,997.185312453792,164703.61487487747,75860.69766324908,77491.47866447654,975.3323557241238,368.9596244795539,260.6636297129153,456.28205055493163,4.380024857957484,-0.0430579925670191,96,69,96.95867544260138
22751,997.1878121708668,164687.55267220686,75896.95111258578,77452.97864569772,935.1490706761833,358.32828936574515,247.85175535830786,431.02715673448984,4.4668846113706415,-0.0439941985655333,96,69,96.958634998759
22752,997.2057349268016,164758.0348318802,75859.49094012444,77471.59869175797,887.1744145318517,342.28945167358324,231.03826724292594,396.04690343426773,4.572810335523857,-0.0438725335696497,96,69,96.95859731830826
22753,997.2082685357616,164775.9022905898,75891.5147533217,77490.55559645791,845.1080977245001,325.7377791763138,214.417275115964,364.45265311346157,4.713611847606062,-0.0430162649558172,96,69,96.95856241544745
22754,997.2252122211822,164809.89110655803,75847.9328194282,77484.8387154232,794.4421949009993,303.66826614203455,196.7454496291175,327.3730570197222,4.901986604586345,-0.0581384156483758,96,69,96.95853030420672
22755,997.2277845860152,164865.48191965136,75866.10647962357,77474.81905956336,746.7007822936866,281.5912888624007,181.7444750861614,296.3950946749537,5.145717489786656,-0.0420073253603955,96,69,96.958500998448
22756,997.245705689991,164877.41561069374,75863.42266275357,77476.36149460086,686.5391263347119,254.56418014455994,166.48048761149403,261.61265850029304,5.447167422380215,-0.039900804411008,96,69,96.95847451186278
22757,997.2481642335196,164880.11894153035,75862.74887681405,77470.95427341975,626.5081963730045,228.28040494472953,152.86648251707084,232.8455884353607,5.801883346212224,-0.0639845469058374,96,69,96.95845085797144
22758,997.2651180029072,164920.85977771148,75856.78302849657,77490.26755893898,551.2279526920174,196.64555507071782,135.75059402058832,198.93698446574854,6.199334784261705,-0.0556809286248574,96,69,96.9584300501212
22759,997.2677616614322,164964.17919561127,75886.3009736273,77476.06963735011,472.8898622620618,164.44056720475783,116.19109725102317,168.07834036732675,6.623511377208344,-0.0715296301158659,96,69,96.95841210148583
22760,997.2856705648908,164972.68950338717,75892.03538267316,77488.13344518459,377.39872107072733,125.63185991573846,90.05384601149126,130.5703762154153,7.054390437855954,-0.0916319512395955,96,69,96.95839702506343
22761,997.2880552215212,165014.71090619374,75866.85853627832,77475.8099612379,281.23195203905925,87.53607742482563,62.0793774650665,96.7301454184344,7.471045135661203,-0.0736509740840912,96,69,96.9583848336757
22762,997.3050305393172,165066.47589519323,75866.06841437586,77468.30567955716,176.17367800418288,47.54330858627509,32.541510582872434,59.83788725626073,7.853776117406894,-0.0749301482473986,96,69,96.9583755399664
22763,997.3077424059212,165090.70623541076,75843.65186798092,77476.71709598352,87.21793427749071,17.72834498224256,10.776442620088346,31.633702683408046,8.187691832866578,-0.071379321860274,96,69,96.95836915640032
22764,997.3256289624674,165096.02795969055,75874.56711454602,77471.68553592126,16.995453875977546,-0.0,-0.0,7.705146916618105,8.46479960467353,-0.0555534566799662,96,69,96.95836569526188
22765,997.3279424498504,165094.55718905773,75874.73995695518,77439.19670783286,-0.0,9.525304878261522,10.242868571687723,-0.0,8.684987624253596,-0.0519053883410108,96,69,96.95836516865386
22766,997.3449504430088,165123.7696096589,75875.13488735138,77460.73078246598,40.66337590350304,46.442183576873504,41.40820050702314,3.3351670451520476,8.8564880302953,-0.041641323055524,96,69,96.95836758849642
22767,997.3477257175348,165085.6887475745,75876.04864814006,77511.0865332642,165.9285839102231,119.90298286026518,97.56316660894663,26.481080914702034,8.99344500952255,-0.0325184158456119,96,69,96.9583729665254
22768,997.3655804703224,165021.86802754304,75863.32439811203,77482.63079613062,364.56802575697657,220.47146976890508,170.93845266193966,62.225340854987735,9.113781699995776,0.0099121622592762,96,69,96.9583813142921
22769,997.367826921832,164977.66780348247,75863.06052960925,77455.70320959794,641.9521885740105,346.8580612638325,258.49050342751434,116.25910091263358,9.235563254400612,0.1950689537200875,96,69,96.9583926431608
22770,997.3848781942812,164915.3776560002,75877.2753470246,77475.24851608333,962.4986585843144,479.53851682905224,346.56048117860337,179.10535694638384,9.373347768486123,0.4198126545343272,96,69,96.95840696430837
22771,997.3877103979154,164828.65302694825,75847.49219615379,77480.7551016285,1311.5354907764122,611.4517665751046,429.88176256482257,253.66030838427832,9.536106467148787,0.1323110131047991,96,69,96.95842428872318
22772,997.4055248743203,164778.2271326702,75836.53676515848,77481.87193424812,1643.7646537498222,723.036525352567,496.58027668102295,329.92134205810726,9.724818893598576,-0.3547511586358987,96,69,96.9584446272037
22773,997.4077096572048,164698.78484403578,75857.09703305057,77482.03339423412,1945.7626643399708,812.7547924377868,546.7573311291344,409.9057564744726,9.93292408791663,-0.1360031719491744,96,69,96.958467990357
22774,997.4248141463896,164615.0934336473,75863.48812849732,77470.48129813463,2181.7542371283052,868.8985965555185,574.784887419446,483.8685120998998,10.147355649214964,0.0071937138790642,96,69,96.9584943885987
22775,997.4276951608427,164514.48924161436,75854.70896270183,77495.81392073014,2354.331847333,899.0522417743341,587.0025773832458,553.9163149102242,10.350723900118291,-0.0751838329332221,96,69,96.95852383215036
22776,997.4454621849528,164474.89646447334,75831.32343936882,77472.44364582666,2447.890466577548,899.9748678008182,582.5837762540759,612.7012854435015,10.525198352888715,-0.0195246934409597,96,69,96.95855633103966
22777,997.4475916440342,164397.9713123616,75832.21929185685,77462.26282580252,2484.060273849056,885.564595476113,570.7333077761432,664.5204952227068,10.655080148697,-0.026638328289665,96,69,96.95859189509886
22778,997.464758546548,164376.37317505883,75840.57324175557,77465.14087730681,2461.2714063459425,855.0920355225535,550.8468405391031,705.0700958620582,10.730325952699374,-0.0091381012838843,96,69,96.95863053396324
22779,997.467678627524,164377.78441662973,75851.71763391943,77472.3019708141,2409.947731691471,822.6454260069586,531.2446182769781,740.6222444004961,10.74819522651103,-0.0027002813868234,96,69,96.95867225707087
22780,997.4853926769804,164296.41084636142,75875.53438781126,77472.76981719887,2333.1553084246116,786.2367278679449,509.9685353503737,769.1870131532196,10.713377291713558,-0.0149061486825062,96,69,96.9587170736609
22781,997.4874737691864,164288.17262393047,75857.73401197071,77475.73439395233,2260.103521427023,757.4779984575143,493.7691672158544,797.1241281667899,10.63753154019171,-0.0011739389873333,96,69,96.95876499277286
22782,997.5047115863032,164272.39538245817,75880.06402234692,77486.48352929186,2187.189629560802,730.4900532579923,478.43626411553123,821.791263829713,10.535993586170957,0.0042280935055669,96,69,96.9588160232454
22783,997.5076592908896,164202.98200867733,75840.52257122354,77460.13088076349,2134.301335205906,713.3469757029816,468.8501991154917,847.4026200094377,10.425038167828784,0.0053668696713341,96,69,96.95887017371548
22784,997.5253169639192,164232.33481887402,75864.90117209953,77482.45680259679,2089.202455880062,697.7308966553683,459.5279466144566,870.0401029759669,10.318179428105582,0.0021615440472763,96,69,96.95892745261708
22785,997.5273567000626,164184.87205899326,75840.54855655732,77461.13947265234,2063.177155923622,689.8455906178569,454.4121333909279,892.1614191221015,10.222963168330368,0.0045130692965092,96,69,96.9589878681806
22786,997.5446735175864,164154.48858467123,75819.90702326804,77481.73444921715,2036.7341021694592,679.651884868319,447.02123162010685,909.4109556582407,10.139992951427226,0.0371217748563406,96,69,96.95905142843148
22787,997.547635400564,164138.22337727505,75839.5851336779,77456.58940393817,2017.2739036538987,672.925750353199,441.1760387131653,924.1680682047154,10.062084370786556,0.0285074797485991,96,69,96.95911814118928
22788,997.5652361713528,164152.6317099704,75849.61653277146,77456.97405468073,1986.4855519717676,660.7718828342913,431.2857418670901,933.6352252774814,9.976437046175016,0.0395586199148238,96,69,96.95918801406708
22789,997.567240631418,164113.77079513235,75836.25824776513,77475.88423557239,1954.8214549790137,650.3583122663113,422.3721268349618,941.2415648881579,9.86727119127295,0.0458482972441389,96,69,96.95926105447018
22790,997.5846449543384,164152.66061461225,75854.66834956965,77463.58675079506,1908.2253482518136,633.7848354238668,409.75824788131285,945.5080058745516,9.71892742644838,0.0487264497431475,96,69,96.95933726959508
22791,997.5876045984412,164135.8954543642,75865.88208375096,77445.88691320377,1862.0748794168467,619.3551125526428,399.45845811261097,950.0667612271209,9.519815445329932,0.0709919501812172,96,69,96.95941666642896
22792,997.605152454378,164120.29897679872,75863.56523575241,77446.87422276351,1807.8285284732701,600.564188894612,387.68162304649013,953.6511002340703,9.264014290970842,0.0854437042233724,96,69,96.95949925174848
22793,997.6071245319876,164080.34116057967,75862.14799918556,77448.81249255386,1763.0138938812306,586.0804827418324,380.3703198649455,958.8418999547139,8.952934521407817,0.0954239968426137,96,69,96.9595850321188
22794,997.6246279259688,164101.84964675858,75839.39758375614,77435.49638928793,1718.5511624419014,569.009118291724,372.7177773115691,963.5657008815324,8.594745834852727,0.1033764665834132,96,69,96.95967401389302
22795,997.6275623851386,164131.06675410763,75817.09575176735,77485.56927549979,1689.8633693286683,557.8555796362198,369.5830094705161,969.247284511337,8.202350340261225,0.1050438835123921,96,69,96.95976620321088
22796,997.6450714491838,164111.62433848533,75815.70274299243,77429.81008779655,1666.2714135393617,546.239920462569,365.4611831961083,973.5364844716969,7.791552596103502,0.0917917191608167,96,69,96.95986160599848
22797,997.6470018753585,164076.68766365008,75855.30444101132,77432.84684148428,1659.7552963846829,542.3336832724599,364.41984664750635,977.361972936953,7.3774960550677475,0.0847094711884568,96,69,96.9599602279668
22798,997.6646343585312,164069.15862233547,75848.29479578568,77452.4233377228,1656.250517070992,538.8175967550487,360.5276629483269,978.712595044024,6.972833012074446,0.0528843269182322,96,69,96.96006207461106
22799,997.667478571321,164108.58889792804,75864.36464995937,77461.79251913715,1665.142632619827,542.8088391797937,358.4343035892234,978.8077315753326,6.585986554687536,0.0118691851945261,96,69,96.96016715121048
22800,997.6842110208058,164079.27140671128,75853.28737383586,77485.76342065989,1672.1998971172143,546.404282519361,353.80122912395746,976.5362916585582,6.220306548982996,0.0061613874721013,96,69,96.96027546282644
22801,997.6869075529438,164103.2163788967,75854.06424114399,77435.83293430664,1684.6397257159115,554.5244472569175,351.8567955349863,973.3477018021513,5.875378368311898,-0.0280034549426214,96,69,96.9603870143026
22802,997.7046456768012,164113.85001309591,75848.81311104877,77481.0474706025,1688.6051829796052,558.31751435365,348.7466462429147,968.4440466680389,5.547708049043419,-0.0566778103166968,96,69,96.96050181026362
22803,997.7073541320108,164144.1442387669,75839.826371095,77468.47397387883,1692.376635452034,562.6985613073193,349.4044191244175,962.8692009121587,5.23323659138921,-0.0426928852868428,96,69,96.96061985511442
22804,997.7241310248744,164071.78735271277,75848.71090670695,77445.87117919074,1683.4522959429305,559.4779601344635,348.61172753287246,955.5300136967562,4.929112279729038,-0.0381049830604428,96,69,96.9607411530396
22805,997.7268633825483,164104.14499946695,75856.91287960655,77455.50891513971,1669.8144696551608,553.9971390625724,349.06829007540364,946.9293803104665,4.634744944192649,-0.0418498862478854,96,69,96.96086570800276
22806,997.7446303719164,164131.1128662695,75836.58334253926,77450.80730116011,1640.2228848621598,539.6456542531523,344.3465327418817,936.0248868166527,4.3531099868489935,-0.0518690676884952,96,69,96.96099352374556
22807,997.747237934203,164167.46714258383,75850.67452167037,77460.88938508325,1603.6613288348308,523.2608955080068,337.2079429210862,923.3084774845629,4.089610641274708,-0.0803538846745212,96,69,96.96112460378676
22808,997.7640470722484,164164.5691206603,75856.63634449431,77463.18827096184,1550.4040257117013,499.4082043652452,322.65212632570183,907.9877725808183,3.851454049796269,-0.0804705975931521,96,69,96.9612589514224
22809,997.7668315365672,164190.25492862592,75845.73985266368,77460.33576467836,1489.977523988462,474.9037873534253,305.40056700468995,890.4143618872331,3.645796732939963,-0.0713149118867627,96,69,96.96139656972431
22810,997.7846030413518,164199.92303680268,75871.8892867362,77467.4510552912,1415.6382854767144,445.00131023650465,283.2011235169484,869.7584326953802,3.477512252210323,-0.0682335309320852,96,69,96.96153746153952
22811,997.7871220870288,164221.24849324007,75865.19817055156,77468.32113467436,1339.4531100011081,416.74587683708523,262.60482822573977,846.2438520973956,3.3483772327547787,-0.0563156711651588,96,69,96.96168162948987
22812,997.8039656078364,164231.0477016605,75845.85052947166,77458.5432054116,1256.993144247448,385.5373834576458,241.73327435812098,819.4858407683205,3.255479021505651,-0.0562790059091841,96,69,96.96182907597148
22813,997.806807023038,164278.02478319083,75851.4682205682,77441.2931545729,1179.8441226821742,357.6321633473708,225.61864749607048,790.4689148995676,3.19193204393972,-0.0550285401542006,96,69,96.96197980315355
22814,997.8245660386394,164303.8551526549,75861.15660601322,77469.29079088793,1103.3969514086493,328.6559893083031,210.78435414025444,759.9315295850975,3.147925328104072,-0.0755036768549751,96,69,96.96213381297832
22815,997.8270053035684,164368.17623283545,75847.16667460058,77478.2399455715,1036.6962450787541,304.5026664219913,200.43392604391556,729.6710397161369,3.112256253836794,-0.0648390986897639,96,69,96.96229110716004
22816,997.8438889862368,164362.88868051075,75891.15552716196,77458.55805108589,972.4353754891781,280.43847645257483,189.9362651722622,700.7478828982858,3.075298766044605,-0.0492121945521357,96,69,96.9624516871849
22817,997.8467873590891,164389.36115655457,75827.61664847539,77445.28560074547,915.8433545354055,261.0001112469763,181.70604263435234,674.3812284198648,3.0302390494356657,-0.057379701263101,96,69,96.96261555430976
22818,997.8645200603564,164420.08273678942,75875.9995829831,77493.12305733902,858.9675510479137,241.20725184805633,171.78877877336345,650.317854373483,2.974881365390035,-0.0450396530948705,96,69,96.96278270956226
22819,997.8668876886088,164454.02683934814,75866.15119716112,77466.55247179433,806.6155225650873,224.82515222841175,163.19012096064398,628.0255517873156,2.911703538419365,-0.0353432593459888,96,69,96.96295315373996
22820,997.883818419726,164464.89235701552,75857.36860450302,77461.57686031579,752.2692852012115,206.79783114594466,152.57309617311694,605.6592792096199,2.846405161802757,-0.0413250608752617,96,69,96.96312688740936
22821,997.886770748952,164484.02172454054,75873.02664940496,77473.13687877654,701.2243589498103,190.5349553621927,142.79510757158278,581.7392176714202,2.786607007604072,-0.0330068679068035,96,69,96.96330391090652
22822,997.9044653786945,164531.4993388541,75849.08000181145,77489.18300936991,649.3619772622478,172.39646647922928,131.02468470385065,554.4054755725083,2.7385536392909344,-0.0250907339354527,96,69,96.9634842243354
22823,997.9067698691848,164531.0235655767,75866.79324685194,77474.63836615763,602.4349452659953,156.67297353592585,120.19973564811517,523.3198167028895,2.7052577706060617,-0.0375094740778399,96,69,96.96366782756792
22824,997.9237545738764,164563.51567189788,75862.3517160919,77450.61017023693,557.1646334200632,140.94853839764255,107.99677208453068,488.58845993707655,2.6847575917273305,-0.042170699635471,96,69,96.96385472024384
22825,997.9267556644826,164632.6059601156,75877.08288572848,77473.49623547636,518.1742768284748,129.28701592802827,97.45830318288063,452.2366678546532,2.6691802302625334,-0.0433835976795069,96,69,96.96404490176914
22826,997.9444021829396,164631.06351289828,75880.10839115747,77468.95273991932,482.76350779866334,119.50199813664949,87.1185159975721,416.1585226212919,2.646247039359351,-0.0557909052073979,96,69,96.96423837131684
22827,997.946652712678,164729.36987295444,75887.71641554718,77491.71369601722,454.3888642358943,114.31215301483462,80.04427828345797,383.2220602524467,2.600449755813629,-0.0470932121544068,96,69,96.9644351278259
22828,997.9636977618798,164734.021036773,75905.10203923535,77467.28644242378,430.3998538440792,110.74188449965732,74.8425418100378,354.62832943399553,2.516349988697678,-0.0384073053513915,96,69,96.96463517000082
22829,997.966740713652,164722.15901679863,75864.96908354844,77459.97338973214,412.6060139074689,110.14824671458337,73.76021364875487,331.52444388196454,2.3816069034226217,-0.0381813404736447,96,69,96.9648384963116
22830,997.9843307087018,164767.20663126578,75882.6752266726,77492.89770512337,398.4322500277194,110.00945523410337,75.08451973748743,312.610195331421,2.189364787351926,-0.0269790595700686,96,69,96.96504510499264
22831,997.9865371986648,164734.19308501185,75873.70112723061,77469.35847630832,387.94998681615107,111.55078825438977,79.83025419400656,296.96665935448254,1.940953505511944,-0.0290347221996468,96,69,96.96525499404343
22832,998.003648026432,164791.8297733115,75885.26821230871,77460.75865280708,378.7993905217736,113.20484893048706,85.52897813348682,281.7579035248491,1.6457818069056716,-0.0263459900613096,96,69,96.96546816122712
22833,998.0067245984816,164833.64739674237,75858.67221912605,77470.85560335388,370.2073447056464,115.89413657745172,92.03853621485177,265.75244086253224,1.3209812917974209,-0.0159596528101048,96,69,96.96568460407067
22834,998.0242512940514,164816.04553796246,75888.18327178394,77472.66764452505,361.187979586015,118.3483476547699,96.89296824348276,246.35874593479093,0.989018377309026,-0.0156594044089531,96,69,96.96590431986476
22835,998.0264243449928,164864.60050397587,75881.47604187582,77486.63434967256,350.17210023722146,119.9541094956221,99.5581821212254,223.45398919220315,0.6738191231454466,-0.0048254849506185,96,69,96.9661273056629
22836,998.043605182531,164858.99009338883,75887.64766140385,77469.97576226073,336.39645906019723,118.73477062412712,98.11548612857587,195.52113437352818,0.3976309172856048,0.0287848274832756,96,69,96.96635355828184
22837,998.0467061071756,164904.71751864522,75873.80092979792,77449.38064661196,315.7377061107545,112.58211226330604,92.13009450575919,164.07334239114425,0.1767442892510212,0.0375171142401428,96,69,96.96658307430016
22838,998.0641644038792,164934.1882044797,75902.00841913672,77477.03728019193,286.50584518292453,100.19754156448471,80.84215121806483,129.04973980091745,0.0196135707362346,0.0114767671236007,96,69,96.9668158500596
22839,998.066315156998,164993.09823236192,75877.03793172093,77478.70156258934,243.14492071559653,80.40696658463276,64.6122321341536,93.82743804089841,-0.0739266908754717,0.0227051625128031,96,69,96.96705188166312
22840,998.0835688457556,165021.92100735387,75902.71694955837,77460.54147662304,187.9721207760158,55.84049489807512,44.93622800981393,59.56824481903459,-0.112156452420049,0.016205498756582,96,69,96.96729116497588
22841,998.0866841205695,165004.96179318955,75889.32700906576,77492.67311754962,121.66182369366288,29.262575842425576,24.38256574762636,30.954299581586383,-0.1084130184402056,0.0029010267575426,96,69,96.96753369562452
22842,998.1040706378928,165069.66262867965,75839.21718716975,77474.20268782588,58.18720664374996,8.708087332401192,7.8258050231670495,9.512520124699222,-0.0788270184517421,0.0142879679015835,96,69,96.96777946899694
22843,998.1062105882112,165068.45921101642,75897.43834969623,77489.51931010337,9.251723685651086,-0.0,-0.0,-0.0,-0.0388186947286534,0.0125813080075564,96,69,96.96802848024213
22844,998.1235384557232,165078.0872434232,75853.07326460042,77481.96581490562,-0.0,13.265519973720075,7.446938892477192,2.606427136604907,-0.0007260113078668,0.0128031881423059,96,69,96.96828072427012
22845,998.1266576241928,165047.57615537834,75879.88102959006,77474.6488240719,44.854465629323386,51.477834572899155,33.30362144837272,20.54935953268432,0.0271212289972922,0.0229634769086034,96,69,96.96853619575164
22846,998.1439707292247,164999.77616524158,75874.47094356584,77474.82771977702,164.6091673251358,119.42551165680925,80.48300178686623,51.560476188285975,0.041442626761102,0.0331762333420731,96,69,96.96879488911812
22847,998.146111507392,164991.87065530982,75883.30024638168,77489.5526102135,358.2947232737788,210.9495367414056,145.42178488048376,96.62155587316374,0.0426063006860949,0.0289755654327905,96,69,96.96905679856148
22848,998.1635132994824,164916.59348483282,75889.92628875199,77469.56851879224,627.0378145702416,322.6428168261773,224.44368729673442,150.95776504528476,0.0338602068851759,0.0997411893091785,96,69,96.96932191803371
22849,998.1666257210844,164822.24708004558,75864.63134954647,77486.62121076176,945.2307125964435,440.2763797762309,307.51453411462717,214.19580645786482,0.0198727136223629,0.2978983131187263,96,69,96.96959024124756
22850,998.1838655377444,164793.14208728814,75860.76379073143,77478.96872330256,1294.0697286403156,556.8400727225962,387.8958676304028,280.8339367611916,0.0049355714027255,0.4623717997396548,96,69,96.96986176167536
22851,998.1860186688745,164719.73821297346,75876.02007315363,77471.8696921815,1634.499754455057,657.8008766993298,455.46354298942606,350.74186513153836,-0.00724274719653,0.1108146854128002,96,69,96.97013647255004
22852,998.2034925378412,164654.1498637797,75894.71895225349,77462.30062784818,1947.5672819175525,741.1500897811347,507.70759025172447,418.8728076297266,-0.0147864655472134,-0.3113602345275967,96,69,96.97041436686402
22853,998.2065876415325,164550.72325559976,75871.27751624567,77469.86426881525,2201.8574202933814,798.1836085406685,539.9282450968603,486.2000072815572,-0.0172357049823184,-0.0680035196708559,96,69,96.97069543737013
22854,998.2237560419396,164525.407001841,75872.13151713077,77492.92309560443,2395.1051787370234,834.2600921282865,556.0688036830834,548.7069761117455,-0.0152350803560038,0.0223140527935692,96,69,96.97097967658073
22855,998.2259326829488,164457.35211901148,75852.45541571932,77482.75917205331,2514.6865603396436,846.4894379280595,556.2640215643914,608.1376367028861,-0.0105235093952049,-0.0289914208667443,96,69,96.9712670767686
22856,998.2434752384206,164403.87698610377,75870.1233043515,77490.8966632934,2578.379843898583,845.6301929069887,548.1227520207904,660.8064428029757,-0.0046473002644579,0.0191377491262139,96,69,96.97155762996574
22857,998.2465427445172,164355.21359137673,75866.50535010644,77479.74706960586,2586.2689842886757,830.3934366880712,532.2490200106404,708.8359066039266,0.0007291768402968,-0.0248380971996071,96,69,96.9718513279646
22858,998.2636433353724,164291.1500031801,75890.52395181352,77479.87652640384,2564.1169671655516,811.9593638015504,515.5284748643317,748.9888717006834,0.0045514814590394,-0.0446788634042301,96,69,96.97214816231734
22859,998.2658539798834,164292.21932645803,75862.5254939344,77503.58023781618,2513.378207105561,787.583802114561,496.5740044741251,783.752156855975,0.0065029473175328,-0.0406116410220265,96,69,96.972448124336
22860,998.2834604234264,164241.0388593407,75863.68286704065,77497.05469436571,2459.0940319578513,767.5065950614371,480.9685535990866,810.5320162927965,0.0064606850408908,-0.0397012833623475,96,69,96.97275120509276
22861,998.2864904998372,164203.79090793998,75879.46162478848,77466.47303986452,2396.70699942339,746.1749258598138,465.4033441095671,832.7018595474365,0.0051037168764802,-0.033135286984701,96,69,96.97305739542011
22862,998.3035286418624,164226.3905741575,75881.60865906342,77452.36619542091,2345.873080305464,731.9075082269846,454.55185298557626,848.7360609605093,0.0029686611856203,-0.0328266844153011,96,69,96.97336668591004
22863,998.3057827502485,164179.05936878853,75846.87887273118,77494.8432850207,2296.4285933865467,717.2689901456324,444.2923844990437,862.363622100529,0.000696279683193,-0.0374546216347921,96,69,96.97367906691564
22864,998.323447154827,164198.68824588027,75870.19606012716,77439.79515241191,2264.82152884471,710.094576895528,439.22635965171503,872.1770066542958,-0.0010673703049171,-0.0349503411129282,96,69,96.97399452854974
22865,998.3264304197916,164189.88238068533,75879.02508200788,77476.29561335826,2235.007096739195,701.1011324797582,434.03690966698923,881.4037907866004,-0.0022455618708197,-0.0369810579724166,96,69,96.97431306068606
22866,998.3434133914034,164155.05614884573,75890.43563192009,77480.71869866598,2219.273032001569,697.3587662944628,432.6118634044542,888.1773112193332,-0.0025696412831083,-0.0276422321794386,96,69,96.97463465295884
22867,998.3457188051492,164142.35831389704,75868.95973700502,77464.32505369722,2198.0080898245797,689.1284403761383,429.01569620583905,894.7261101244949,-0.0022741365775479,-0.0344413968053559,96,69,96.97495929476312
22868,998.363434734838,164156.01079812078,75864.78127611222,77483.19251122225,2183.0561493791756,684.2843711751484,427.47587615824887,898.970493502944,-0.0016020537524915,-0.0583060738477601,96,69,96.97528697525485
22869,998.3663618297624,164156.09817455805,75868.11685716744,77448.87473044341,2153.65205182269,672.6648606460658,421.83511038668803,903.047842528933,-0.0006721130466579,-0.0407384620287738,96,69,96.9756176833515
22870,998.3832995156076,164141.78877586377,75878.98834814724,77472.19381244115,2124.6413350424264,662.9866641258122,417.0211396278755,905.6233194769302,7.335635699823976e-05,-0.0232540015295672,96,69,96.97595140773151
22871,998.3856611253116,164148.7141319538,75860.76426955342,77451.39636604459,2080.3711546736304,646.4668333384907,407.8115002757695,908.9778171991056,0.0006813881122606,-0.0296327420111408,96,69,96.97628813683524
22872,998.4034233669092,164126.526622066,75839.54447257463,77470.06340964569,2042.423385947768,634.0505720986257,400.4950415947824,912.3774226091627,0.0009709655196805,-0.0122805610450618,96,69,96.9766278588646
22873,998.4062829466714,164156.19513627325,75824.35229340376,77437.38516569087,1997.375196560577,617.475630718618,390.01652063950314,917.7607136550942,0.0009356206995919,-0.0142835099625245,96,69,96.97697056178367
22874,998.4231908044572,164113.44460137896,75834.2040703056,77493.57108698555,1967.9661190451588,608.6210179372865,383.13329962140415,924.2991295220854,0.0007902307162173,-0.0164121952812965,96,69,96.97731623331912
22875,998.4256057142042,164138.51824537944,75834.71389131773,77449.03320078153,1939.2699718148797,599.5841596361279,375.10655415643123,932.7784851399483,0.0004180132560812,-0.0198055519263649,96,69,96.9776648609599
22876,998.443417668967,164083.290654307,75854.3584191994,77447.10688968917,1931.2193579818704,601.9262634977204,373.06202817571466,942.0077115728345,0.0001168552211902,-0.0337470795094949,96,69,96.97801643195795
22877,998.4461848635732,164118.12564828174,75851.55957371499,77458.32962993113,1922.4942097278545,604.904765997504,371.3818086387473,951.790149654611,-0.0001477733674455,-0.0676800147871965,96,69,96.97837093332866
22878,998.4631041733944,164075.99994137112,75847.62569887677,77449.30944833191,1929.6066012115916,617.740615159506,376.5872411093442,961.1319139203988,-0.0003560312051488,-0.0911509485978997,96,69,96.97872835185063
22879,998.4655213095916,164089.66444786178,75845.53109709939,77435.82994674682,1930.1245966107235,627.8121003439446,382.1677928000863,969.4836595193483,-0.0003503737786929,-0.1284496289861188,96,69,96.9790886740665
22880,998.4834953006024,164074.08454018002,75831.10612656914,77469.72568293288,1941.8489629802061,643.3993430125847,393.5854364108236,976.6802592279564,-0.0003630356082433,-0.1799266471242335,96,69,96.97945188628329
22881,998.4854025756974,164068.10818410947,75826.1856011492,77443.16130742185,1940.9074115161784,650.0996795319224,402.0084034871543,981.859909147548,-0.0002284841627578,-0.2114224833896288,96,69,96.9798179745722
22882,998.502764414996,164072.25350090626,75838.4057403956,77464.16485536998,1947.8393113634083,657.6700188568502,412.2473781845765,985.5828677198442,-9.183626273734004e-05,-0.2424183027937964,96,69,96.98018692476964
22883,998.5056226540172,164074.55617782657,75864.79310073072,77428.00576612465,1940.0780611633672,653.6619668998173,415.3319642819115,986.4211634274398,-1.4462935209775974e-05,-0.2686107094724118,96,69,96.98055872247764
22884,998.523343469816,164074.9740415692,75843.27455008255,77456.32933013886,1937.2608516372275,649.1493522313249,416.4149013516435,985.1596617181785,0.0001310453376224,-0.2601971415976903,96,69,96.98093335306362
22885,998.5253413306226,164061.833206636,75839.39597608882,77462.28787611387,1915.5668054154958,632.9882958495436,407.8359745783964,979.4312477710482,0.0001189439971639,-0.2568952926450372,96,69,96.98131080166114
22886,998.5426819365412,164093.5211863318,75863.2432381958,77447.17684428877,1896.14297663467,618.3693155898945,397.3988840767124,970.7405254414189,0.0001484233728129,-0.2709160295449199,96,69,96.98169105317092
22887,998.5456360450576,164095.43839927405,75852.95701094427,77475.6811632116,1855.6527089059819,595.0183549460053,379.53893428097945,956.4870807300031,0.000126949154894,-0.2768240547586874,96,69,96.9820740922601
22888,998.5632301035988,164138.7923038676,75863.97420961097,77415.93723284829,1815.3548477297882,575.7459296922025,363.06083780608606,939.3198120113229,3.762797327782652e-05,-0.2684632482799506,96,69,96.98245990336396
22889,998.5652546449874,164111.1157622081,75840.18695467382,77460.07134259657,1753.1621195498738,549.8886740851158,342.56587284620036,916.7308611402113,4.82501084908788e-05,-0.2669533503108484,96,69,96.9828484706856
22890,998.5826261280992,164181.7008175326,75864.03583530702,77456.36429116857,1694.8635533153429,530.8997606017656,326.91799910736154,893.1836550589651,-4.6144344887502655e-05,-0.2729544018775375,96,69,96.9832397781963
22891,998.5856311598824,164207.5638839471,75859.70391173207,77460.75542380971,1620.9647761070519,507.72002664388856,309.6635936087114,866.15153642121,-4.36437922170544e-05,-0.288493591158897,96,69,96.98363380963706
22892,998.6031211302222,164216.25827629064,75855.70486306313,77482.31293207737,1557.6530753829284,492.33192047647026,298.02162349622813,840.7240843099717,-4.199291698683716e-05,-0.289235487245979,96,69,96.98403054851806
22893,998.6051637372418,164273.00351857836,75839.07251774552,77459.33934004947,1484.7445817227708,472.48550167062785,284.3741390481882,813.1956447292177,-7.90109281543901e-05,-0.2815306122828019,96,69,96.98442997811952
22894,998.6225833572008,164262.37086974492,75829.42311793762,77471.37816795691,1428.472436733835,460.03891432208184,275.9062568034278,789.1316735231958,-3.5214206013700246e-06,-0.2818533716738583,96,69,96.98483208149248
22895,998.6256159800108,164320.23684877055,75858.07537176122,77447.65457666504,1365.6648122791084,442.05354114114016,264.81816081059515,763.3186461686855,-3.793212837112333e-05,-0.2884231589007313,96,69,96.98523684145933
22896,998.6430107965784,164324.42750682472,75821.24153692539,77469.67559510305,1318.646605856542,429.5212287519389,257.9733658685291,741.144443561614,6.196443444990228e-06,-0.2854656162295053,96,69,96.98564424061396
22897,998.6450743230045,164342.85922556714,75858.93476616866,77459.62519078696,1262.5372215944226,410.0269057648111,247.75684251482016,716.2051273860561,2.983245295739057e-05,-0.2794799149138162,96,69,96.9860542613229
22898,998.6625491835756,164399.96324424382,75840.5305818265,77444.79652553695,1221.5765497360844,396.3635726567736,241.7681654637854,695.2792206259328,-7.768589462442598e-06,-0.277923889324719,96,69,96.98646688572556
22899,998.6655925442046,164421.64786148796,75820.84752004464,77446.38271924909,1171.5505700986832,376.99647814458876,232.45660630063503,671.3365158138622,5.250197249138135e-05,-0.2749560154185737,96,69,96.98688209573524
22900,998.6828976021347,164440.93706096607,75813.85506064743,77424.90876204829,1136.4445722034434,364.5281916159147,227.06288211836363,651.8823614379799,-4.919268268937566e-06,-0.2761586338124857,96,69,96.98729987303943
22901,998.6849890897394,164443.25765269238,75828.51925017385,77425.22744699029,1092.4665486410959,347.6873837789899,218.2324804631644,629.2520949131576,1.3568454861327477e-05,-0.2721658742814222,96,69,96.98772019910032
22902,998.7025211577098,164446.1976021566,75833.71372481086,77462.96355764236,1064.7315137595288,339.46888007620873,213.83356449153507,612.6003434427548,1.82102315824163e-05,-0.2622754581612113,96,69,96.98814305515604
22903,998.7055614458136,164507.0809660936,75783.61506834089,77438.62209328743,1027.388217049418,327.69323435907427,206.4726926573785,592.9830152023933,-3.247205907096182e-05,-0.2673600603303356,96,69,96.98856842222077
22904,998.7227813534876,164543.59252643934,75844.26032964984,77433.11683182268,1002.5075691387756,323.67057127795124,203.58190075549646,579.3060755602492,2.3973269650274405e-05,-0.2836616943888618,96,69,96.98899628108582
22905,998.7249096713232,164575.62948944754,75844.33794656112,77413.9717131758,963.5565648154588,314.84034166469064,197.97478233426227,560.7619959422736,-2.9652039285132978e-05,-0.2876228877046121,96,69,96.98942661232012
22906,998.7424974384928,164544.41467585537,75806.44388291285,77445.95085845311,934.350162722636,312.79836696853454,197.4629005624447,546.8915903373563,-4.350001983304766e-06,-0.2855037763453589,96,69,96.9898593962712
22907,998.7455228643164,164562.6801042823,75822.26384689563,77454.6132705796,888.8096502274275,304.6643385135394,194.32814447398414,524.8385098290455,1.096674235628098e-05,-0.2938028727036803,96,69,96.99029461306544
22908,998.762662390066,164604.6238397794,75822.28508864064,77428.23070871348,851.4683812898584,301.41481348239176,195.13282753914245,504.5879921380838,-3.1600827551737005e-05,-0.3076514395716246,96,69,96.99073224260924
22909,998.7648372045592,164629.34471185564,75859.88720436337,77440.92089862819,799.3668123933603,291.1064894278097,191.42591143702157,473.60762977201375,3.126543997460885e-05,-0.3273845753610138,96,69,96.99117226458996
22910,998.7824763725084,164684.27513611855,75852.36680156356,77450.02999873339,760.5451356545673,285.86037595746166,189.32260639843298,445.615116261848,-1.863799633030316e-05,-0.3146814699122716,96,69,96.99161465847578
22911,998.7854769294946,164760.3645973078,75823.01960482054,77464.18502712437,711.779542750679,273.9039342435135,180.01567119944957,408.35181607553386,5.676474191095178e-06,-0.3013207081813366,96,69,96.9920594035178
22912,998.8025412765772,164721.17514925022,75839.38030340926,77422.59646736726,678.7759752188576,266.7001409793884,170.00463602208765,377.0825939748611,1.980813888278145e-05,-0.2888758931791962,96,69,96.99250647874976
22913,998.8047725535688,164809.09243533193,75840.58839129875,77442.69714206019,636.8892681218567,252.82506572142302,152.61153773212573,339.0404347762815,-2.69470011545431e-05,-0.2795056117460858,96,69,96.99295586298938
22914,998.8224563171194,164830.91973375608,75823.83150321136,77426.31132887813,610.0597590224934,243.5140169259248,136.69660186039982,310.6717630297935,3.2318436245517986e-05,-0.2626157716944248,96,69,96.9934075348391
22915,998.8254239079372,164899.23202868312,75839.41359059095,77431.65860177187,569.4892025351874,226.15197022458597,116.79362977182609,275.7507547183777,-1.995757383277677e-05,-0.2737653286600168,96,69,96.9938614726867
22916,998.842418617042,164898.01174457843,75820.82222349462,77455.77676906191,535.5458259602892,210.48570707437466,101.41830347606447,249.4004903496825,1.473593339336854e-06,-0.2873458852743542,96,69,96.9943176547066
22917,998.8447164544024,164941.97616924098,75884.3075049734,77424.56270833068,479.6948904405581,184.39242887722503,84.18689857958816,213.68807029133313,1.608176433308882e-05,-0.2873378747512461,96,69,96.99477605886024
22918,998.8624355157468,164979.4081246211,75819.11368657982,77474.35288246998,424.2370758529287,158.362106937333,71.62019333714852,185.68656098289648,-3.088517548493565e-05,-0.3007048058819955,96,69,96.99523666289772
22919,998.8653643634052,165018.2158641325,75861.79179084409,77436.17212180945,342.4071346472483,121.32636583446583,55.205576633801684,146.16466032946482,2.95712563870702e-05,-0.3029887334562801,96,69,96.99569944435774
22920,998.882294863223,165061.0605579609,75832.07913916591,77463.4068431919,260.77173375873826,85.69354144395038,40.729918858240126,114.4920129350794,-2.065299023577488e-05,-0.2923920333585783,96,69,96.99616438056876
22921,998.8846696957206,165145.5185032022,75846.33013196217,77435.57406891271,161.8532595175784,45.21975055226358,22.12088109331671,73.40560657309834,1.04188820060911e-06,-0.297885456280456,96,69,96.99663144865076
22922,998.9024119108292,165150.39139785676,75875.77157371458,77477.97515342277,82.62023941078223,17.317941771892947,9.144020287232706,46.65854244644288,1.7656176733501665e-05,-0.2971586611865394,96,69,96.99710062551516
22923,998.9052994133108,165198.90204063794,75834.81770140411,77447.99339496272,14.099610922217835,-0.0,-0.0,16.01437864350737,-2.950794348733322e-05,-0.2970833504868636,96,69,96.99757188786609
22924,998.9221699753122,165179.87781324633,75880.71045959112,77431.29320363341,-0.0,12.602019760830444,7.4702660226030275,6.600391029467573,3.0970615835395296e-05,-0.2916799456617972,96,69,96.99804521220186
22925,998.9246335142212,165212.36616525962,75862.6923601123,77467.24837899565,36.00340732204495,52.90507832952426,30.958031897753244,-0.0,-1.8940651249789195e-05,-0.3078426912139506,96,69,96.99852057481488
22926,998.9423826573488,165222.11409785468,75853.07040954867,77459.94171432132,162.14089851785684,134.40449534283835,80.28701993287541,22.55451767327031,1.1840769194621749e-06,-0.1858491970483441,96,69,96.99899795179373
22927,998.9452314101557,165176.66438589894,75849.4062017803,77465.94504554129,360.14308685500873,244.6540251464612,148.36977827499504,51.05908073717728,1.8310589872688427e-05,0.0772805607001152,96,69,96.9994773190236
22928,998.9620424580652,165164.19712909064,75858.93946374397,77459.65718726775,649.1248197030509,384.70090277082636,236.68593820097158,109.86813212832203,-2.9945314680885843e-05,0.0424980739719216,96,69,96.99995865218716
22929,998.964610927648,165074.2856455831,75874.67995447182,77477.80295315431,988.6639326743898,532.325562254031,331.16423395156744,172.81194249924738,3.0249894660414604e-05,-0.493519164892755,96,69,97.00044192676636
22930,998.9823421903928,165005.0488334984,75855.72051395694,77464.56327508706,1375.4367017761688,681.7949656037235,428.1487957520585,262.84202039212687,-1.9088754159663715e-05,-0.5735393811398177,96,69,97.00092711804236
22931,998.9851669658174,164934.92883724064,75820.289516876,77450.01026483398,1751.956931262801,809.88865575807,512.07028455197,347.9408541814191,4.5450305260718695e-08,-0.2971959977601215,96,69,97.00141420109745
22932,999.0019043299266,164805.23548636335,75821.4675182467,77452.9100916459,2109.030280208448,915.5100150922663,581.612361329986,449.87925664763316,1.839041390334173e-05,-0.3580838176745609,96,69,97.00190315081582
22933,999.0046158376632,164739.6250105986,75809.52371637512,77429.65501891701,2397.58692460967,985.6281994043384,627.3875239031913,536.7134206113406,-3.0285529483868624e-05,-0.3296704731262684,96,69,97.0023939418846
22934,999.0222628438888,164714.2861686697,75819.1859275921,77418.17071438154,2624.0068991804146,1029.3642398106022,654.75266225409,631.9894820675545,3.0075428001156247e-05,-0.299162965702026,96,69,97.0028865487949
22935,999.0251768514498,164602.6801055537,75832.11054106071,77443.2615038766,2759.09309704724,1042.650756918505,660.5169407468929,702.091744178033,-1.8444995717848686e-05,-0.3059901707024043,96,69,97.00338094584332
22936,999.0425469912234,164563.52673281226,75816.1406147762,77417.69335994273,2830.264481793565,1040.3090740651096,654.4833376062161,773.6871634451381,-3.050690848900915e-07,-0.2849249467767169,96,69,97.00387710713235
22937,999.0445453657788,164541.23214277666,75793.7194131226,77438.30230882757,2826.14363319485,1020.8761000351078,636.010667347,814.0650754515373,1.9081676009817703e-05,-0.2905640552399394,96,69,97.0043750065721
22938,999.0622264992206,164478.99717278214,75815.58270896284,77413.94308699208,2786.7429907175247,998.5087178919057,615.4347218823386,855.681473114586,-3.025692633489532e-05,-0.2783597559113664,96,69,97.00487461788124
22939,999.0651509313668,164469.50333419652,75835.70018094417,77434.89256181127,2705.84804072493,969.2829759247397,591.2523907076684,867.3368179090321,2.997821416911198e-05,-0.2646962842004414,96,69,97.00537591458806
22940,999.0824199342773,164473.5815811524,75842.68677995286,77427.6995534484,2621.4296479886398,943.341142277146,571.5369304272463,883.6386751373939,-1.7929540518201416e-05,-0.2630935742882928,96,69,97.00587887003188
22941,999.0844783250528,164492.0021426419,75819.27913845466,77460.30182373758,2524.629764505429,914.7636074594047,553.0781714170589,876.1636523952475,-9.24618390568509e-07,-0.2554406072579836,96,69,97.00638345736374
22942,999.1021978197834,164535.93004855106,75832.20152032006,77478.09810092235,2448.1851980873616,892.0503488292889,541.7126245805703,883.9585255731654,1.9453079837109517e-05,-0.2491573685378851,96,69,97.00688964954809
22943,999.1051135350302,164553.3818632598,75854.75980420182,77471.4923717607,2375.798064032744,868.5372432278818,531.9085963057005,876.3472257937246,-3.049520693878326e-05,-0.2476089706596824,96,69,97.00739741936393
22944,999.122294047242,164530.38112192263,75829.72677903874,77475.52771363841,2330.495142111904,851.4172838557133,526.8079428027268,888.7747806304251,2.9680322241442467e-05,-0.2376217246045003,96,69,97.00790673940564
22945,999.1244158112102,164542.69400047057,75865.07722208454,77442.16934922432,2289.5462092821253,834.1661186523124,519.7575852879381,887.4287443856592,-1.7493712206884868e-05,-0.2237213313990738,96,69,97.00841758208443
22946,999.1421733091728,164524.3683207537,75831.98977387717,77454.87130910571,2269.6173177237506,823.0832655010017,513.4070196321118,906.6436239416362,-1.5309788935409244e-06,-0.2242343345479257,96,69,97.00892991962976
22947,999.1450666765234,164527.79105159605,75845.16241840595,77457.81515889733,2242.9153413840104,810.6567145304871,501.8996316380799,907.765672026755,1.989940701712985e-05,-0.2041715060343127,96,69,97.00944372409036
22948,999.162168401298,164535.29667198603,75835.46218268567,77427.32657822774,2222.663282912399,801.4221480978449,489.220031616278,922.8484410821402,-3.0606602110969405e-05,-0.1880401512911207,96,69,97.00995896733542
22949,999.164359855844,164561.44476944517,75855.42758140265,77463.3135023105,2184.4828451559297,788.1788725430088,472.2712142901437,915.158120916516,2.9489555180628112e-05,-0.181772248091483,96,69,97.01047562105592
22950,999.1821502253867,164574.64098530234,75849.84999165959,77465.24859730912,2146.6587123774807,775.9213392029342,456.99748822755646,921.3238961281022,-1.6960634977862022e-05,-0.1654528935887604,96,69,97.01099365676616
22951,999.1850116480512,164595.47925341668,75855.03721445918,77477.95914932815,2090.976644637354,759.1752916319092,441.44215769297443,905.0262304205389,-2.0826220355605666e-06,-0.1605589452796347,96,69,97.01151304580463
22952,999.2020428348592,164629.92306103293,75859.05667923034,77471.67622889449,2040.4141183518223,744.3319154057244,431.02908312907675,903.9098976262321,2.0351712075162868e-05,-0.1552971429328946,96,69,97.01203375933568
22953,999.204311759792,164656.47365883368,75848.54529828364,77470.36170889882,1983.190654198872,728.4121679885429,423.2490389001032,884.5501337803726,-3.072713670261319e-05,-0.149684674294603,96,69,97.01255576835042
22954,999.2221262010186,164627.42175503902,75882.1459723124,77486.55252149179,1944.4209906797623,718.3444089499972,421.9380536618701,886.8676874462981,2.92492094234596e-05,-0.1512201500433589,96,69,97.01307904366836
22955,999.2249496741782,164668.4099239838,75891.70559938229,77477.39467589243,1911.5759530460928,710.866814093868,423.24332965217764,874.4905082224868,-1.6468838200916582e-05,-0.1705505519184398,96,69,97.01360355593874
22956,999.2419173019643,164677.46750241812,75877.06229806894,77493.41053829348,1905.3216954585514,710.871819194188,429.4877759977535,884.9956366792321,-2.674047442073114e-06,-0.2105633063761525,96,69,97.0141292756418
22957,999.2442726477412,164708.3138127606,75841.3438970139,77480.06426946372,1910.1236494736513,713.9607051126222,436.50890603187145,882.4197741743119,2.0768192247595307e-05,-0.2551894443960754,96,69,97.0146561730898
22958,999.262098786966,164701.6410149673,75812.02570472582,77475.56415529198,1940.3158264863887,722.923260392432,445.9268886098289,904.0402966655383,-3.0849893662801694e-05,-0.289338276712476,96,69,97.01518421842908
22959,999.2648823057464,164687.8459042622,75833.59245269091,77501.61143617897,1974.1408550052438,732.2525427776418,453.4367509286385,909.6662038179638,2.900097901276652e-05,-0.3303391027535436,96,69,97.01571338164092
22960,999.2817916097158,164676.95410740143,75862.97157167686,77461.10987593772,2019.6005609224085,743.4557834121224,460.37947528401855,934.0948087252327,-1.596000358731797e-05,-0.3488167629922341,96,69,97.01624363254274
22961,999.2842433075512,164701.5891540461,75841.77440998227,77489.86528454903,2054.174384277663,751.6126611835352,463.4117860698025,938.6754814976593,-3.246616752037853e-06,-0.3414630101948255,96,69,97.01677494079028
22962,999.3020669144768,164673.55784285662,75835.09219372872,77480.29935048403,2085.589884175861,758.2203013026156,464.5309331275639,959.2072753832326,2.1194483163287924e-05,-0.3297512261287565,96,69,97.01730727587808
22963,999.3048041614978,164689.54123997767,75845.52392299358,77486.93473180199,2094.604663597129,759.4039862812497,461.7020807542722,955.5258575158077,-3.0948422177239235e-05,-0.3159943934475195,96,69,97.01784060714157
22964,999.3224326281538,164703.88861183252,75844.2944595795,77472.21329459289,2093.1519944351166,757.1366088985524,457.7227178491303,965.2257227122318,2.875124439600483e-05,-0.323226685171394,96,69,97.0183749037582
22965,999.324262761476,164756.17204882094,75867.79228347176,77488.36368872708,2068.3205022740294,748.9740134262247,451.480206083128,949.6999326430669,-1.5444399880677135e-05,-0.312298387837447,96,69,97.01891013474884
22966,999.3419828763272,164735.77616140054,75842.28927447554,77486.5335774183,2035.8507992327213,737.2652392230957,445.3849426417146,950.2075770520023,-3.820258103907812e-06,-0.2993367950434094,96,69,97.01944626897932
22967,999.3448122147848,164753.1878907021,75837.55505370404,77482.22783868112,1985.9225758776884,720.5359592152963,437.7050850408268,929.0175405499758,2.1607201291670115e-05,-0.3028379171909275,96,69,97.01998327516183
22968,999.36229354325,164805.76742028474,75858.30005094035,77463.5793634674,1932.5772285150597,700.6896793587948,429.13953807088546,924.504731190973,-3.104325705467606e-05,-0.2863105086876397,96,69,97.02052112185643
22969,999.3641984877388,164852.7367161576,75845.01188686682,77493.46452254974,1866.55982629949,676.8117038127675,417.33632940091775,899.167683310865,2.848599892475304e-05,-0.2807260093179891,96,69,97.02105977747256
22970,999.381941207082,164883.20027426042,75891.88830587434,77453.93737896119,1800.4985365500906,650.3195238743647,402.5853371147241,892.3938476374606,-1.4928449518702675e-05,-0.2812967530080054,96,69,97.0215992102702
22971,999.38479101733,164855.43211884063,75822.97885760783,77472.24594490427,1725.612700216996,620.941317203964,383.76775816682493,865.2380299952056,-4.393811002699239e-06,-0.2587495806900634,96,69,97.02213938836204
22972,999.4021661282152,164920.03581714057,75876.55519803245,77465.59123883297,1652.9059653604636,589.9583663199446,362.5425390408782,853.6949515761808,2.201235296642313e-05,-0.2533369233969975,96,69,97.02268027971397
22973,999.40412971908,164953.22297700553,75883.05189502363,77504.91498328984,1575.609881894372,558.2546522258199,340.1302678170323,820.5380720288085,-3.112571579672264e-05,-0.2510879735841935,96,69,97.02322185214756
22974,999.4219115810598,164974.64589585116,75841.23821567849,77470.9195822832,1504.3296029762132,526.9995066285046,319.2192078953958,804.6629772238084,2.8214018269585312e-05,-0.2486657193651466,96,69,97.02376407334108
22975,999.4247556853526,165049.20454323947,75862.4150607305,77543.2752554936,1432.9532894123113,497.6122914449661,301.4797025092994,769.5209548837738,-1.4405525340822591e-05,-0.2431419501979664,96,69,97.02430691083096
22976,999.4420417543766,165083.0032000719,75827.97030422086,77511.1039130859,1369.3540460125078,470.30439618423407,287.9793166027812,752.0569792006863,-4.96314056695111e-06,-0.2359335457679092,96,69,97.02485033201368
22977,999.4440634075144,165127.3247231036,75890.99112575737,77497.89130024269,1307.4659247408854,446.3352749173355,278.5150664666435,717.5362568818382,2.241076603917681e-05,-0.2283928666990264,96,69,97.02539430414689
22978,999.461888327419,165130.5598293427,75862.5914088853,77485.62595604424,1252.627362784464,424.56699950298935,271.3385754080955,703.3723177541106,-3.119726350793016e-05,-0.2268971430583255,96,69,97.02593879435145
22979,999.4647091703944,165204.368682116,75909.16512899651,77493.4312240583,1198.7363737865235,406.30404788744636,264.8939466987795,672.5170900428202,2.7932430462746218e-05,-0.2464674943346307,96,69,97.02648376961224
22980,999.4819191104572,165198.96064968372,75900.08659047331,77486.80115072506,1149.1533577177324,389.63934446460917,256.73901733834646,658.227684987156,-1.3879256931387e-05,-0.2385887442309437,96,69,97.02702919678062
22981,999.4840015809356,165223.50914845816,75870.2140491537,77493.27950458268,1099.6366613612045,376.2224027438933,246.75158398394706,624.9365716173488,-5.531110647360394e-06,-0.2327048540067862,96,69,97.02757504257536
22982,999.5018691423552,165295.83413551206,75868.20310172229,77488.97074033968,1052.9047979750321,363.2141093998507,234.06010546858306,607.0907551164855,2.280021494594788e-05,-0.2466700269102528,96,69,97.0281212735846
22983,999.5046518986524,165325.55618249302,75870.14852331561,77531.54926820868,1006.4826774125104,352.53206915078044,221.03321573106223,569.2844763172034,-3.125882398612388e-05,-0.24047670309268,96,69,97.02866785626696
22984,999.5217992964876,165395.64198428058,75862.57916272632,77484.32320562637,961.7468693956616,340.4354534227605,207.8007236882986,544.8308283171209,2.7641478406854623e-05,-0.2364280400495405,96,69,97.0292147569537
22985,999.5239437090644,165421.11235189822,75871.08679532298,77515.17366905109,917.5113744693226,329.00595959580096,197.12800251456792,502.1962926562701,-1.3348922330598904e-05,-0.2392588287900618,96,69,97.02976194185004
22986,999.541854466323,165460.31795457046,75883.09478365487,77480.24178310353,873.20059215941,313.8319916406326,187.53506102383835,476.0328675476485,-6.096249418875074e-06,-0.2237311930476601,96,69,97.03030937703666
22987,999.5445807674898,165504.1845718416,75888.37905216079,77535.6747881924,828.8343668297748,298.34282795502804,180.49946695947438,434.22985663457075,2.318186565381584e-05,-0.1939249338293362,96,69,97.03085702847164
22988,999.5616890836716,165559.34666705522,75908.72160457777,77453.5052254181,782.6585570579045,278.7312801361695,172.6725298979436,408.985233643587,-3.130937716100395e-05,-0.215285961550951,96,69,97.03140486199176
22989,999.5638792015108,165592.53264426536,75890.4704812931,77529.0959825544,736.9736823809799,260.08601639307744,165.1971361953474,370.59764189319685,2.734185945678298e-05,-0.2109627871990576,96,69,97.0319528433145
22990,999.5818651149384,165600.36226665074,75872.37133803665,77506.66791028266,689.3556378571084,238.8988644538622,154.78336582760676,350.70929119878565,-1.281456096040839e-05,-0.196394427692448,96,69,97.03250093803926
22991,999.584436177279,165671.34914036337,75884.13523015463,77514.55714860563,644.680265864823,221.69275113305775,144.5888481864822,317.84453565851436,-6.65858558840531e-06,-0.2163811162928094,96,69,97.03304911164898
22992,999.602295737212,165730.91519778737,75858.42214596897,77498.17431340461,598.9853110353579,203.956685352372,132.43253852479393,301.3287151013792,2.355515895171597e-05,-0.2176856834207551,96,69,97.03359732951267
22993,999.60400419397,165744.39987037092,75872.76964455452,77507.74801635294,557.9001664961688,191.51249107030162,122.68657489490579,269.5057454081543,-3.134943023110037e-05,-0.2099758582804802,96,69,97.03414555688607
22994,999.6217350086076,165766.11928494164,75894.69444503912,77497.66204930026,513.1941675748676,176.67232394652092,111.99501199452789,250.76529889844824,2.7033232724054742e-05,-0.2041015166732659,96,69,97.03469375891348
22995,999.6244726746528,165797.2134018076,75892.91487845586,77478.42974209643,469.03961058246205,163.41833444965596,103.37094949668972,214.75342332394212,-1.2276670918210385e-05,-0.1923871806061114,96,69,97.03524190063008
22996,999.6421504731194,165852.2075779354,75894.54218507343,77509.31130678115,413.3612750318716,142.36001587143983,91.2392002606066,187.18625366862398,-7.2180725122194e-06,-0.1828101887052003,96,69,97.0357899469628
22997,999.6439399729652,165898.1663809962,75886.04934756468,77501.15458454932,351.4143620094401,118.53645490598865,77.88890697376337,141.5100380165968,2.391999794339996e-05,-0.1741674256351358,96,69,97.03633786273242
22998,999.6616820279,165918.29829896835,75879.41107206186,77512.9435510454,271.54346076824004,84.36570203934389,57.78003346163314,106.80408150990843,-3.137884932210256e-05,-0.1679167232936355,96,69,97.03688561265554
22999,999.6644635224776,166005.6772176915,75900.22770774206,77501.09353953958,187.9672561045154,50.831418498957646,36.67979019493214,61.156137976329774,2.6715903413208707e-05,-0.0890481149372651,96,69,97.0374331613459
23000,999.6820263889756,166051.55678958484,75902.22903450707,77512.11702611273,99.20240077446215,16.8135894209845,13.671915937738959,32.876904877863126,-1.1735247654793247e-05,0.132754356527443,96,69,97.03798047331551
23001,999.6838629459012,166092.28137445697,75892.3370588453,77487.5083983357,34.2430098450277,-0.0,-0.0,3.009103050280828,-7.774373848880135e-06,0.3004180418842814,96,69,97.03852751297798
23002,999.7016480125905,166085.4743691002,75872.5261308291,77528.12682694253,-0.0,1.4832939001935301,-2.5284178250003606,-1.173842707008589,2.427635738587829e-05,-0.1276863955212133,96,69,97.03907424464872
23003,999.7044365246552,166075.82768159124,75920.67978751277,77481.83211575028,32.54833825369133,38.701461070464575,18.175914076768095,-0.0,-3.139761533870886e-05,-0.4759171495022078,96,69,97.03962063254716
23004,999.721907703158,166062.4656422147,75893.9900325683,77491.51049995015,133.9009031469468,106.5697449320869,60.21505885550869,27.11212622030871,2.6389957984221028e-05,-0.1733994094691477,96,69,97.04016664079886
23005,999.7237844328926,166078.40892309122,75866.55636405542,77534.3187868097,327.7362596534658,212.71356472570915,128.89409312282805,58.505422925023595,-1.1190543736567505e-05,-0.1232154622738916,96,69,97.04071223343664
23006,999.741624855232,165965.72030013357,75883.08501717454,77513.26258962603,590.9394229390891,338.7800538182055,212.62532032304443,111.3363558895071,-8.32738142922831e-06,-0.1664258730823624,96,69,97.04125737440286
23007,999.7443959398842,165942.76475614507,75901.49561137395,77523.70337585204,923.3748492954765,482.5306261194928,308.9990212293342,163.14116111650947,2.462405981180429e-05,-0.1139358197850586,96,69,97.04180202755066
23008,999.7617922043625,165924.82836160425,75866.34309117841,77532.17813409642,1277.8362596816733,619.1981127095205,401.15364610834513,227.47172308844165,-3.140578207451274e-05,-0.1126474670926589,96,69,97.04234615664625
23009,999.7637069494168,165821.03589205144,75896.32366030091,77519.18566377457,1640.1652538130875,746.0003763302666,485.8999892428692,284.33401951071573,2.605549605288313e-05,-0.0958777743535856,96,69,97.04288972537024
23010,999.7816105227988,165806.13735878267,75869.09271873887,77525.4698086897,1957.327302661899,841.679367432982,548.935686780489,347.45087745730416,-1.0642744750454856e-05,-0.1143150551619661,96,69,97.04343269731945
23011,999.7843413171746,165731.36170861608,75868.97344092702,77521.07737041119,2226.698705041723,912.6999432994926,593.8949333694181,398.92808919042,-8.876892440421826e-06,-0.1095763943040073,96,69,97.043975036009
23012,999.8016820851088,165690.5741367804,75902.52539616042,77488.9828994784,2413.49332714139,947.6404309746285,613.8003797384736,451.3532428575272,2.496302660771456e-05,-0.0865937486369326,96,69,97.0445167048737
23013,999.8036284455058,165668.287888855,75876.05378851638,77517.24494703888,2537.80202835449,961.6061304886243,618.6952980041096,490.40209788741777,-3.140333111470148e-05,-0.090029552841432,96,69,97.0450576672702
23014,999.8216080453,165608.9384407807,75905.63161361554,77520.4878603405,2582.3425430434872,948.1089921552193,605.2585017158417,529.2231301416468,2.5712664092497025e-05,-0.0732328772444763,96,69,97.04559788647838
23015,999.8242656010686,165582.90792293404,75875.39491819659,77507.62163389815,2583.7519443228375,925.9975797663064,586.1735598911182,555.6166449475859,-1.0092026561399496e-05,-0.0687184111971551,96,69,97.04613732570326
23016,999.8415896711476,165602.1383851917,75900.20205126428,77505.15921960374,2531.992601965496,889.0580268525373,558.3687079385854,581.7131543885625,-9.422721843880371e-06,-0.0576673230252524,96,69,97.04667594807714
23017,999.8435297346086,165554.71022183506,75899.83697435557,77531.14234231725,2465.1742689642706,854.2198587847815,533.2983415829658,598.0225323778868,2.5293149109159024e-05,-0.0380481773731976,96,69,97.04721371666082
23018,999.8616536628743,165556.63030994145,75881.18699263196,77513.87820973787,2368.490911488363,811.8141886554367,505.4261109797226,615.8966295808495,-3.139028625385093e-05,-0.0338328824753018,96,69,97.047750594446
23019,999.8640767250374,165535.47875794143,75879.99125840429,77514.37675752086,2278.7558392943465,777.4550919890607,484.7854844368703,626.1955335680977,2.536157705779737e-05,-0.0168111964858132,96,69,97.04828654435656
23020,999.8821348601664,165541.2193712385,75882.126914103,77511.83610387615,2176.4176117878524,739.4285454653436,463.62007991646533,638.016086262709,-9.538589214233628e-06,-0.0077964643620513,96,69,97.04882152925056
23021,999.883765470915,165526.5248364553,75902.2745027272,77502.1805613614,2095.548115910613,712.257608490967,450.2847641634871,642.8443978790601,-9.964696796160864e-06,0.0003409692540003,96,69,97.04935551192216
23022,999.9014890217412,165551.31103672695,75884.38469931907,77514.69683127274,2010.623362235492,682.2351853508444,434.9647545743501,648.1038016601233,2.5614323806069247e-05,0.0191272245454625,96,69,97.04988845510348
23023,999.9041283763931,165506.8173860493,75904.54904722821,77535.7251605506,1951.1092475786572,662.4575912960136,424.8245045239455,646.7018232769042,-3.136666469112551e-05,0.0394632238222732,96,69,97.05042032146584
23024,999.9219957436976,165536.87759244148,75873.91604424431,77560.78419239623,1888.0348242424661,638.8464866644645,410.12750576401595,644.6450753358076,2.5002366601899383e-05,0.0489747376276821,96,69,97.05095107362284
23025,999.923692187315,165538.99032411736,75859.5202403884,77517.09855790304,1847.5175865213969,623.9633309197088,398.58280033426126,637.1010765408282,-8.982619158305016e-06,0.0557805779257093,96,69,97.05148067413047
23026,999.941433820495,165547.9734413947,75872.58227897216,77528.92887830196,1795.4634955602232,602.5946560023149,380.9126471931522,630.2075274875679,-1.0502634427243406e-05,0.0648861611914763,96,69,97.05200908549044
23027,999.9441187471032,165571.40112444112,75897.29900571266,77513.05357333367,1757.522828996065,587.776366147009,366.2945340355509,621.1319399685599,2.592645598603388e-05,0.0556015543629803,96,69,97.0525362701513
23028,999.961888971565,165606.20568354148,75892.68249852867,77518.01089839183,1702.745525467908,566.157144223107,347.4364111253235,614.5994067938591,-3.1332485480897404e-05,0.0462090074920635,96,69,97.05306219051016
23029,999.9635939469586,165569.39466463204,75911.07278536858,77546.84483392342,1660.658312958607,552.0538021640095,334.57403175288346,608.5533199302736,2.463516480633264e-05,0.0226330366885124,96,69,97.0535868089152
23030,999.9814108265242,165559.4553923661,75914.80523932658,77558.61493209572,1602.3833385656471,532.222427367582,320.12552149419207,605.8266115035804,-8.42430820857042e-06,-0.0199390265279929,96,69,97.0541100876666
23031,999.9840754111772,165580.60520396114,75884.2139153236,77510.94911973663,1561.7856136881164,521.6395300772274,313.9570568529307,604.4595414515352,-1.1036359172024276e-05,-0.0605946008633109,96,69,97.05463198901916
23032,1000.0010169123046,165606.983543266,75902.33725305955,77532.5747489954,1514.9512422733824,508.38672487193253,308.3548603573581,605.2262841319316,2.6229450008510703e-05,-0.0742375997057246,96,69,97.05515247518376
23033,1000.0034842124433,165574.82173204928,75891.99253197154,77560.66638792996,1493.5415578585234,505.88603090705874,311.2775357932551,607.067649101693,-3.128777472057052e-05,-0.0863894812520819,96,69,97.05567150832924
23034,1000.0214238195704,165555.8588745962,75907.05585756213,77529.367121413,1470.8418110691127,501.26688551199913,313.716624687484,609.6181588329782,2.426010492323681e-05,-0.1018569795953899,96,69,97.05618905058428
23035,1000.0239560796356,165607.61187274978,75921.51826391442,77523.46853253087,1476.591263700917,507.70360368146794,323.0975620749814,612.7979749454535,-7.863848503118757e-06,-0.0928557849671362,96,69,97.05670506403948
23036,1000.040930913855,165548.6656233852,75920.91583058452,77521.73314640709,1479.6779389944859,511.23936830279126,329.68136196481646,615.1827787879738,-1.156569572143785e-05,-0.1108049286442542,96,69,97.05721951074878
23037,1000.0434428484616,165594.93748638895,75904.53440948148,77546.40922505115,1503.7507046669489,522.8390463374672,339.74159911394236,617.3925540558121,2.6523214757852303e-05,-0.1059609763814525,96,69,97.0577323527314
23038,1000.0614057278171,165574.1486489266,75915.43700501161,77517.26863978422,1515.1988071658416,527.76820630148,343.51654527237406,616.6061782885808,-3.123256019485482e-05,-0.0894047004604724,96,69,97.0582435519742
23039,1000.0638461005512,165589.81347137378,75910.12843661259,77542.24846805315,1538.4502209078055,537.3138774480612,348.0202171187848,614.1827106402488,2.387732421188348e-05,-0.1001781553264476,96,69,97.05875307043311
23040,1000.0808406129252,165559.153909055,75889.58010997126,77550.30352899503,1540.7519179067458,537.209785004452,344.28040204170975,606.4946191979107,-7.301431914458564e-06,-0.0809452916865956,96,69,97.05926087003476
23041,1000.0834135975816,165549.506338326,75907.12104144537,77546.57805353423,1546.1423378803302,538.6084943340975,339.6209200346784,596.2897363924421,-1.209047027257098e-05,-0.063754111248509,96,69,97.05976691267894
23042,1000.1013766322392,165629.24917707834,75947.67840885365,77534.30616698514,1525.1252504333388,528.835102658195,326.49622043498675,580.1459112760786,2.6807662790990693e-05,-0.0662809648665923,96,69,97.06027116023998
23043,1000.1037352540056,165638.4038366892,75910.76616573667,77522.11854121898,1505.5743429054273,520.5988819207414,313.71396092438954,563.08915665737,-3.116687350407376e-05,-0.0637597840176252,96,69,97.06077357456894
23044,1000.1207535401056,165647.72026983273,75934.88623341008,77519.67853488517,1460.0883975170436,501.85896588525793,294.6844658270129,541.7506580997724,2.348696129238712e-05,-0.0562565800359263,96,69,97.06127411749505
23045,1000.1233910395348,165648.6639381542,75894.0881494122,77499.82849138744,1415.4040442578262,484.2548098361294,277.8590318028582,522.037566207815,-6.73725128796119e-06,-0.0606863756974124,96,69,97.06177275082824
23046,1000.1413390094756,165678.79085112608,75917.99245412285,77528.62508084088,1346.2417629933916,456.2379042971297,256.7959785516432,499.5927248224616,-1.2610511006286605e-05,-0.0747607609900515,96,69,97.06226943636037
23047,1000.143622205406,165695.8614370897,75907.22228122596,77562.32503251795,1280.9689479779918,429.94643286320206,239.4386100852571,480.7665293812752,2.7082709135350517e-05,-0.0696672242317581,96,69,97.0627641358674
23048,1000.1606720341896,165695.2001703602,75900.0349224319,77550.1668478066,1195.1584231209126,394.54924658994423,218.57045229457435,459.5906124819885,-3.109074990763002e-05,-0.0727872410414869,96,69,97.06325681111116
23049,1000.1633728281504,165737.2691943475,75914.06811763068,77581.75923858193,1115.3905104016885,362.06486254053016,200.82894564970047,442.0660960135574,2.3089158084558863e-05,-0.0732335667985834,96,69,97.06374742384136
23050,1000.1812933734016,165777.9011281403,75899.83142270603,77524.05199723462,1019.7035004218342,323.4988614900358,179.48031124653062,421.08888278063387,-6.171499564652199e-06,-0.0664494501332146,96,69,97.06423593579731
23051,1000.1835071743574,165762.75812714675,75948.75942940042,77538.2435298417,935.8748124325648,291.6634222126013,161.73072577890707,403.364452450769,-1.3125647933184716e-05,-0.0729359354812114,96,69,97.06472230870972
23052,1000.200597223394,165786.67514696124,75931.73157816744,77535.8053568698,842.8779625752941,257.5748418951116,141.65102750685764,380.91079017470474,2.73482725583891e-05,-0.0704466133509999,96,69,97.065206504303
23053,1000.203357320677,165775.8112737064,75921.7022184752,77525.78279706565,766.3882853399264,232.00694639302674,126.21669031083002,361.0613384276512,-3.1004228251853145e-05,-0.0728904001762745,96,69,97.0656884842966
23054,1000.2212398137436,165837.1359131477,75904.56725418953,77532.423225713,687.1660978272557,205.42490905494196,110.04094161649118,336.2728234716924,2.2684057997601e-05,-0.0805291158116677,96,69,97.06616821040694
23055,1000.2233908914563,165831.59138642868,75911.89622667852,77525.10220828613,629.2723270032438,186.93572210853745,99.31817280946416,315.84595612311387,-5.604370088356579e-06,-0.0875601054012986,96,69,97.06664564434968
23056,1000.2405297203564,165860.20581066993,75929.9248824,77542.97611827982,571.0699683830608,165.99655049358262,87.71703299373621,292.0625823258597,-1.3635712992948093e-05,-0.0903642676999765,96,69,97.06712074784151
23057,1000.243343100218,165881.86694385138,75905.90792749147,77523.17961778824,530.634210920718,150.26936980547907,79.78716313763289,274.36586199188605,2.7604275093634564e-05,-0.0984236418437088,96,69,97.0675934826014
23058,1000.2611783708336,165938.0279980211,75909.33931025666,77547.64356447737,485.52552080876194,130.8550826865685,69.56846594848321,254.06984204155742,-3.090735065229796e-05,-0.0964382704915519,96,69,97.06806381035317
23059,1000.2632743002628,165902.22802170468,75897.34303912368,77524.20009152647,451.33914989366895,116.40151753350801,61.85293433221523,240.12242576948483,2.2271807234228803e-05,-0.0884393241773552,96,69,97.06853169282704
23060,1000.2804698222604,165912.55361303512,75897.90203952856,77542.34709803696,406.68358758382965,99.73669084446738,51.88656192162307,221.48415686242515,-5.036056427481888e-06,-0.1003776428163371,96,69,97.06899709176145
23061,1000.2833288425596,165921.91980861578,75929.61219243909,77534.61680612773,367.56905232113786,89.50562434559106,44.81821232178481,206.31290582884685,-1.4140539875709893e-05,-0.108831854631636,96,69,97.0694599689054
23062,1000.301109164237,165939.71734980575,75894.02532533491,77489.89142103108,319.75098855636315,79.89272589373286,37.235831644095015,183.84585395167232,2.785064186245625e-05,-0.0961988532182052,96,69,97.06992028601958
23063,1000.3031584330096,165977.4787556089,75923.88618817364,77545.77960128796,282.6636706829304,78.30624591324886,33.8597197708732,164.30041037182673,-3.080016281153993e-05,-0.1142707644303024,96,69,97.07037800487868
23064,1000.3204175867712,165996.967166987,75876.86778248262,77565.42730343793,246.04582488851156,77.92254698689794,30.97975687906728,137.7611858122109,2.1852554093689463e-05,-0.1293339570226749,96,69,97.07083308727324
23065,1000.323313278965,165998.00956511937,75918.90882466802,77519.36054958073,226.94294865365373,83.41531660920009,31.822939927806146,115.96177628339501,-4.466752283801367e-06,-0.1314331840254342,96,69,97.07128549501113
23066,1000.3410324454206,166058.1024058181,75920.55959426252,77557.4035485221,214.2496405580896,87.48374757150305,32.639468258130364,89.89914615164162,-1.4639964384866969e-05,-0.1488083768048124,96,69,97.07173518992028
23067,1000.3430443410588,166069.98528063326,75903.26535432678,77528.1962003516,216.71919017244363,92.74046173642273,35.44149130160804,71.61168256413657,2.8087301592207128e-05,-0.1429135693938513,96,69,97.07218213384948
23068,1000.3603728696218,166074.3167016658,75904.0002192594,77535.31084230597,217.2197801383445,91.77844722967711,36.32599002608913,50.11687698785681,-3.06827136479504e-05,-0.1265746811837731,96,69,97.07262628867076
23069,1000.3632951917378,166056.74072975045,75913.83209148655,77546.97954966643,216.5971805191948,86.51256122968334,36.3153277579695,36.3163269830402,2.1426449279699396e-05,-0.1332691170837658,96,69,97.07306761628142
23070,1000.380948620828,166080.5566973344,75918.34392901369,77556.2570670784,199.26299821818247,72.33047438424546,32.40815491176909,19.164135248662205,-3.896651249615899e-06,-0.1248644003721804,96,69,97.07350607860543
23071,1000.382933045702,166092.36507742552,75934.15894433773,77537.45902784917,168.0372555044014,53.271811214406625,25.85595173909678,10.581188307056436,-1.5133824192828824e-05,-0.1210272513855971,96,69,97.07394163759552
23072,1000.4003353505716,166097.78994134392,75883.38829322947,77519.68050895857,118.71093708154513,29.863716658757767,16.04488484567264,-0.0,2.831418638243745e-05,-0.1147055984089538,96,69,97.07437425523506
23073,1000.40327342119,166088.75544459818,75931.41042418593,77534.77345069419,64.68973377731163,10.102128872502362,6.313015686930157,0.8915011095814407,-3.0555056007004096e-05,-0.1071276800540916,96,69,97.07480389353992
23074,1000.4208582618952,166111.00555848266,75887.28454379474,77552.42624292488,18.06041270145215,-0.0,-0.0,4.2036990901397076,2.0993645238763505e-05,-0.0107123663582561,96,69,97.0752305145601
23075,1000.4228254966978,166103.67771245685,75931.79358666847,77525.91987264642,-0.0,8.6074666124332,2.3966690172674134,23.502274579863297,-3.325947507990101e-06,0.2249982881075838,96,69,97.07565408038172
23076,1000.4403045584132,166038.6402319443,75894.22651137253,77522.2626437424,29.23084647959331,41.743076128172106,18.623045833519427,47.487854079459794,-1.562195945234455e-05,0.3311241106900394,96,69,97.07607455312883
23077,1000.4432468743126,165983.48396007463,75905.24655536769,77481.96450357775,120.35318864171859,102.48210470663616,51.831768714415375,87.67434044365655,2.853123169745979e-05,-0.1280210893820916,96,69,97.0764918949652
23078,1000.4607621100076,165939.5968236271,75895.42871911217,77522.05684898092,282.2119074323564,189.72594420611858,103.66955808509374,131.4165623204317,-3.041724555355762e-05,-0.4124332944820104,96,69,97.07690606809626
23079,1000.462722532086,165899.02297768244,75893.88639000405,77520.33421039906,507.86375257425243,296.1169510199252,170.4064568124595,189.06981703010388,2.055429679651607e-05,-0.1015210988597622,96,69,97.07731703477096
23080,1000.4802799014548,165784.29109901795,75902.88399317497,77528.1601031788,787.6642458620481,413.32857810676796,247.8931301519333,246.80960091314046,-2.754834620916587e-06,-0.1121559689270533,96,69,97.077724757283
23081,1000.483214528218,165770.30458574946,75916.78770771924,77475.72743890583,1093.5274428911507,527.8696370284306,326.5181267085427,315.360681736056,-1.6104211762107117e-05,-0.1386597889437891,96,69,97.0781291979738
23082,1000.5006610832008,165694.51617013876,75894.34032775664,77533.27218122658,1405.6602466516197,631.5017995353846,400.1289875865914,381.9518528013432,2.873837630516836e-05,-0.0664707674460153,96,69,97.078530319233
23083,1000.5026248328688,165646.5628675138,75924.46164040039,77514.82290068895,1690.4327182346606,713.3843775718415,459.17965857859235,457.1329368603765,-3.0269341513125943e-05,-0.093974756180219,96,69,97.07892808350113
23084,1000.5202607107348,165525.0482867767,75929.06826708443,77518.86751913844,1936.7699550054967,773.1592971037608,501.9380565934116,526.652122841886,2.010856084274923e-05,-0.0782005194917028,96,69,97.07932245327164
23085,1000.5231754191578,165420.73292491978,75873.72258403062,77541.93233540251,2121.510637794039,806.9170487444062,523.7026519801584,600.2388172869978,-2.183506361088059e-06,-0.0799395091020651,96,69,97.07971339109145
23086,1000.5405562950116,165402.8965887704,75888.87435123746,77551.95484569676,2251.0066781656933,821.8454783371708,529.0274714462284,663.7608734502282,-1.6580425855406342e-05,-0.0764855852999332,96,69,97.08010085956413
23087,1000.5425328609816,165325.87408792836,75880.55440744196,77533.79402452598,2315.726396212238,817.8850590596267,517.7588079963753,726.9375091026304,2.8935562467058247e-05,-0.0634912745941765,96,69,97.08048482135077
23088,1000.5602463104289,165258.77217181865,75894.28599594165,77518.93480306315,2337.6259591788985,805.3711173504853,498.7026799056039,776.1756811939704,-3.0111406639679608e-05,-0.0629198355187411,96,69,97.08086523917238
23089,1000.563128598278,165207.17253567482,75901.44736907959,77538.28001030143,2313.5656869362574,783.0888841252745,472.6190963133704,823.3764883105468,1.965659605307128e-05,-0.0561856687492153,96,69,97.08124207581136
23090,1000.58044910915,165170.45842777015,75888.73692443816,77520.80091883277,2270.782534596685,760.1621210421436,448.30464188891347,857.8577452904428,-1.612156287097955e-06,-0.0699368954492932,96,69,97.08161529411316
23091,1000.5824467512168,165142.18922339744,75910.72943124366,77515.53071835317,2205.214735391899,732.7450342642696,424.514604964148,892.7739234856272,-1.7050447894584364e-05,-0.0646413408455241,96,69,97.08198485698829
23092,1000.6002361535124,165138.64788720218,75913.37612774533,77505.65343268063,2144.891398888023,709.465713033147,408.45879995875293,917.4983617044054,2.912273584097987e-05,-0.038763088183718,96,69,97.08235072741414
23093,1000.603073003259,165106.78863205164,75880.594155616,77505.42358460338,2079.7525749249035,684.5892225632124,395.6579896491312,944.9631196890259,-2.994350692458001e-05,-0.0387783601306555,96,69,97.0827128684363
23094,1000.6203412973728,165041.34004960195,75905.43568757278,77504.8223555429,2033.410215931246,666.4279865281424,390.99316763927345,964.0583833476994,1.9198563106855583e-05,-0.0361857320167361,96,69,97.0830712431712
23095,1000.6223660674004,165018.15280752943,75886.80801498087,77516.302289679,1988.8092864738428,648.222470269422,387.6699788731348,985.8443721259828,-1.040977513762456e-06,-0.0204728668739834,96,69,97.08342581480662
23096,1000.6402301451913,165004.13881981024,75872.86480300219,77519.06557162244,1965.8871409129933,638.376667452394,389.87673827598337,997.9758983603679,-1.7514126504237592e-05,-0.006915437153139,96,69,97.0837765466046
23097,1000.643007074798,164976.85484316025,75861.16167876385,77494.87352523154,1939.4423757726909,627.8007659391442,389.49746874553966,1011.8795040002733,2.929984610354573e-05,0.0048211977308746,96,69,97.0841234019028
23098,1000.6602355422424,165027.57106202233,75875.25538748979,77515.54964061354,1925.484404804185,623.5305834121245,390.8918350963213,1016.6947590849304,-2.9765711480935287e-05,0.0263915295524875,96,69,97.08446634411568
23099,1000.6622890756988,164973.75399490513,75859.97324190826,77496.66820602125,1896.6511996153858,615.2459995272657,386.67538226002944,1024.129043076915,1.8734624431538595e-05,0.0363056746401063,96,69,97.08480533673698
23100,1000.6802296655558,164995.72383029296,75869.49994848602,77504.63828792989,1872.8151456115302,610.9346749472606,383.2836063764116,1023.6542973292235,-4.701631680465123e-07,0.0514428544492982,96,69,97.08514034334128
23101,1000.682927343074,164984.09225824478,75905.31129068603,77503.33735708724,1828.2667859978974,600.3560226034897,374.2940312011633,1027.4209447351168,-1.7971313019197274e-05,0.0637265966480667,96,69,97.0854713275856
23102,1000.7001374942772,164944.49590448968,75906.94530933519,77509.6965052709,1788.503782341024,593.2170673704386,367.5984002027835,1025.3058101381466,2.946684532169207e-05,0.0531146506195175,96,69,97.0857982532108
23103,1000.7022095759736,164950.04739249125,75884.20442789093,77508.72539604343,1733.2868128948612,580.8754575815401,357.73391427556635,1028.2578835618624,-2.957809294911796e-05,0.0445944995343549,96,69,97.08612108404394
23104,1000.7202426185833,164942.40098768476,75900.36249644763,77512.37309445813,1694.4289282160462,574.8918160077737,353.4279414092598,1025.554339724884,1.8264944326764205e-05,0.0198397287464904,96,69,97.0864397839996
23105,1000.7228199765864,164976.06945199377,75897.76378586027,77521.70629222658,1651.002325682959,565.7966163892415,348.0467631680076,1028.024737363652,1.0009395230354375e-07,-0.025463231778889,96,69,97.08675431708168
23106,1000.7400711874748,164977.72134752202,75879.61029144186,77526.93506719802,1633.9948348851176,564.700944614422,349.26741832806147,1024.9938804279955,-1.842186083706624e-05,-0.045521076078765,96,69,97.08706464738492
23107,1000.7420848635924,164962.47896194944,75880.97442586588,77506.55961194658,1619.4947363512474,561.4769619736035,349.306146161427,1025.7830936441023,2.962368992463449e-05,-0.0551322585682967,96,69,97.08737073909684
23108,1000.7603683589324,164971.60384518353,75846.93523970325,77521.53223543458,1635.656015998742,567.2139203990373,355.3185440231173,1018.9973333863309,-2.9380726939041623e-05,-0.066685659601787,96,69,97.08767255649929
23109,1000.7621179284636,164931.99973709215,75899.28372357665,77503.24944899221,1649.831352142326,569.6903934680595,357.9830670451047,1014.3782931643073,1.778968907006826e-05,-0.0528581454147616,96,69,97.08797006397
23110,1000.7796073355712,164937.5630928441,75881.86975314295,77544.83595228607,1686.858079174708,579.8989034747065,364.71033304044977,1001.3386623396946,6.696018582519406e-07,-0.0363164131942424,96,69,97.08826322598456
23111,1000.782205036406,164973.28376024216,75865.8757087044,77553.58205706299,1712.2304502974148,585.5633428476867,366.7518158231105,990.0525952560129,-1.886562577723613e-05,-0.048531011584298,96,69,97.08855200711784
23112,1000.8002247000728,165009.7579236302,75884.64239404,77519.98280638347,1748.4567614673288,596.6256068446528,371.4100590930029,972.5708988797851,2.9770339717338344e-05,-0.0718211047023225,96,69,97.08883637204548
23113,1000.802050060774,165000.38448028232,75896.1652651954,77516.46089868389,1760.3885604895186,599.6995055716397,369.76886937231757,960.0249616338115,-2.9173692581597968e-05,-0.0684128416885803,96,69,97.08911628554615
23114,1000.8195220860788,165017.52562477314,75908.48106026674,77552.23796503068,1774.7724333562073,605.1308287373831,369.9082953526522,944.3476275725116,1.730902617966962e-05,-0.0663106498564011,96,69,97.08939171250248
23115,1000.8222127325135,165067.74993501624,75905.21013387125,77557.0273680595,1760.2113721195492,599.8878012929345,363.53517233152525,934.5371366050967,1.238168929340214e-06,-0.0608436825324007,96,69,97.08966261790304
23116,1000.840131706286,165014.67536209652,75911.73302378012,77549.40219236222,1745.056200633233,594.406542373079,358.85308096409426,921.2736233828764,-1.930246643827744e-05,-0.0487384920669594,96,69,97.08992896684396
23117,1000.8419468466908,165022.48800254846,75902.81854270311,77526.09437790514,1699.244148306083,576.4833758692257,347.80853184114676,911.2524257766781,2.990675759697557e-05,-0.0554303816481356,96,69,97.0901907245305
23118,1000.8594709430184,165048.00583445092,75906.3014551123,77557.49885351953,1655.0629550252925,558.9839209764177,339.4838944452349,894.1392224070441,-2.895707195533063e-05,-0.0470329769556101,96,69,97.09044785627856
23119,1000.862197169217,165052.9684746224,75912.33259183393,77556.42505437722,1584.7015492758364,531.5413178083982,326.0347123021784,876.4269003034569,1.6823125122126098e-05,-0.0362013115688124,96,69,97.0907003275167
23120,1000.8800490001424,165094.38260506355,75897.84081895072,77529.37040282141,1520.202262121311,507.3021296165098,315.69971880005323,850.4760674886056,1.8056037767509824e-06,-0.0424129752287478,96,69,97.09094810378694
23121,1000.8818308004264,165122.15824287408,75885.6551708959,77533.00604343617,1434.3772176354541,475.76655826045317,299.9463069271296,824.7147322764213,-1.9732243359466205e-05,-0.0379837734701119,96,69,97.09119115074704
23122,1000.8994420442943,165186.6917691936,75909.68338408365,77549.69402324028,1362.0834814896225,450.1983975319599,287.11076876084553,793.6071285708458,3.003291027527742e-05,-0.0354683225708013,96,69,97.09142943417184
23123,1000.9021623620232,165162.66718303924,75881.72467051761,77544.82096151191,1276.683196249127,419.35168199331383,268.7909593771619,766.022338600771,-2.8730950216938548e-05,-0.0341582750361765,96,69,97.09166291995491
23124,1000.9199771348262,165181.5226840949,75919.51973017359,77562.84188796702,1209.872946928721,394.8180131774134,253.15761111234315,737.2626968441473,1.6332156847098168e-05,-0.03909716089175,96,69,97.0918915741098
23125,1000.9216973400652,165217.4810914812,75888.4755322124,77510.35609284253,1132.6128325451864,364.8836148067785,232.50747555837734,714.6399908710155,2.3717160727277923e-06,-0.0482422907522819,96,69,97.09211536277203
23126,1000.939448610668,165246.1949564632,75888.16626349199,77529.85036500588,1075.9312911389861,341.9768622682459,216.24925005366094,692.1067782557511,-2.015482046654099e-05,-0.0557155403184899,96,69,97.09233425220027
23127,1000.942076698497,165263.24137349307,75865.07238148482,77501.39562155488,1009.2320266264724,315.06513249153795,197.29164387469064,674.7804521320213,3.014876803184029e-05,-0.0575441627257665,96,69,97.0925482087782
23128,1000.9600067682704,165269.50598168967,75885.61021882434,77493.32688344609,960.7822879573214,296.28879657763173,184.4817455666198,656.1367768385389,-2.8495415899511367e-05,-0.0478065020312622,96,69,97.09275719901572
23129,1000.9623399008088,165276.71622665494,75901.02686860609,77528.88428896587,901.0909927054308,275.10766277216317,170.5085585124325,639.6667376421101,1.5836293855906604e-05,-0.0547133333223809,96,69,97.09296118955042
23130,1000.9793544091772,165328.91336317902,75891.59346514179,77529.09933254468,858.804172104923,263.0111409148667,163.27417383165448,619.1304117989785,2.936315879061036e-06,-0.0611357792721424,96,69,97.09316014714965
23131,1000.9820557891948,165343.11315582032,75924.36641912864,77516.36641081957,807.628029232088,249.52273845773016,155.31243029847974,597.408868743747,-2.05700634328745e-05,-0.0590913773003251,96,69,97.0933540387114
23132,1000.9999683374,165333.5615261446,75924.14138432284,77512.63748207425,775.0939696058631,244.4715262499376,153.42255707259756,569.8790106605447,3.0254304670580504e-05,-0.063856738075961,96,69,97.09354283126603
23133,1001.0022198014452,165369.34212995786,75875.75390579777,77523.20813892198,733.2660907208337,236.0330722403305,149.38831558055244,540.2603291855194,-2.825056050723073e-05,-0.0516909458892033,96,69,97.09372649197776
23134,1001.0192833942214,165429.4502092125,75865.860015074,77496.99578976995,708.5579330940964,233.44439746705757,149.72618061405956,505.990016724274,1.5335709943635172e-05,-0.0500936359684352,96,69,97.09390498814632
23135,1001.022033237376,165454.8808296544,75855.48400479245,77531.34676031415,673.9401185910101,225.70393488943228,146.81374786709785,471.2607983418857,3.499214064668706e-06,-0.0620280843832564,96,69,97.09407828720772
23136,1001.0399238239754,165486.87110958225,75902.84470665606,77488.29586811856,653.0307374944095,221.66094245685963,146.79644329211442,435.0131121825834,-2.097784121462104e-05,-0.0622523315378886,96,69,97.09424635673676
23137,1001.0420973467076,165528.73974390264,75875.45215905544,77518.31450099272,617.991678403574,210.83475512624136,142.26979270245647,400.668139184505,3.0349497218046867e-05,-0.0425070977417403,96,69,97.0944091644474
23138,1001.0592199866288,165555.24140679697,75892.5216332672,77524.84931988355,593.0298456103774,202.8750421897421,139.77225841919426,366.8798595945409,-2.79964785975821e-05,-0.0241140215195771,96,69,97.09456667819516
23139,1001.062012062134,165597.99213591844,75916.37946625934,77538.05365495605,553.6011308880989,188.93913668801542,132.92088468844304,334.8728254729649,1.483058002460431e-05,-0.0285842418749847,96,69,97.09471886597764
23140,1001.079871808312,165623.40616716075,75902.5206656513,77552.55195184062,522.6557901946944,178.09379915060708,127.78145330856205,302.7156682118075,4.060222287892448e-06,-0.0479857870617698,96,69,97.09486569593678
23141,1001.0819737594584,165627.2173478882,75897.30279603745,77543.34821202523,475.83536997128977,161.24147314562288,117.81086596348905,269.9317096378654,-2.1378025265188803e-05,-0.0635802986164461,96,69,97.0950071363596
23142,1001.0991647464376,165661.81758448208,75915.27706860684,77535.449023742,435.2249482907355,146.47149560946855,108.47709369118093,235.22485190897714,3.0434326738307963e-05,-0.0817859965568166,96,69,97.09514315567966
23143,1001.1019904863888,165753.78555835632,75895.1923902185,77555.028782189,377.2933887623949,124.56843563474831,93.32380774454214,198.0314790806151,-2.773326771803742e-05,-0.0868875972776998,96,69,97.09527372247908
23144,1001.1198129631528,165779.2820666666,75928.16687057464,77518.99236001386,320.7341775483219,102.24667282172595,77.08891250207671,159.1214061556384,1.4321081473339543e-05,-0.0936338065526796,96,69,97.09539880548915
23145,1001.121849344046,165825.06498091112,75930.12579903446,77529.40581811429,243.75583794259,71.7725431616127,54.606534450897016,118.60589244280709,4.619153486777481e-06,-0.0976211707510775,96,69,97.095518373592
23146,1001.1391186258866,165835.09639536333,75942.7184568121,77536.79354373152,169.63219543581363,42.98898415698204,32.99654624363757,79.92563177182456,-2.177048971770589e-05,-0.0881295365234455,96,69,97.09563239582216
23147,1001.1419662806876,165850.13052934883,75924.1009459993,77554.63982184933,87.79880147211952,14.228210201967158,11.391270824795356,44.23396270634839,3.050877744603e-05,-0.0839732255204629,96,69,97.09574084136752
23148,1001.1597485857905,165884.5616473478,75898.22611989568,77560.91461503349,30.659349041292444,-0.0,-0.0,17.33953800064046,-2.746102826002533e-05,-0.076724550247182,96,69,97.09584367957078
23149,1001.161723867634,165963.9704376986,75930.3786701966,77513.92567603027,-0.0,3.4620573137362953,0.8783137400168926,0.35326881206128746,1.3807391506955395e-05,-0.0760605286138346,96,69,97.09594087993082
23150,1001.1790830801776,165925.2728760793,75925.84031507025,77512.43046614151,34.103802087542135,39.578683543615625,23.917868579388596,-0.0,5.17582089651046e-06,-0.0761420105415023,96,69,97.0960324121042
23151,1001.1819363330164,165909.88019449185,75920.56797970214,77543.21505499886,134.9277484730701,108.2236357089132,68.3469730738725,14.849481996905524,-2.2155111334370943e-05,0.0902168554036363,96,69,97.09611824590608
23152,1001.1996813855905,165917.076368966,75942.69105084603,77531.55160555929,326.10708822275046,214.23472186511208,136.9246730672021,48.987555948871886,3.057283718510596e-05,0.3498151036621831,96,69,97.09619835131188
23153,1001.2015953065296,165842.83096809886,75915.89572124978,77535.7457228649,590.4938447509776,345.9510117922473,221.4725067789841,95.62324283935595,-2.7179863724134097e-05,0.1365445435768039,96,69,97.09627269845808
23154,1001.2190620145856,165777.12715137447,75894.55104051031,77535.80351243778,926.2184164480423,495.6869778646069,317.25879227241967,155.97878708801,1.328968933918047e-05,-0.4137865018187237,96,69,97.09634125764389
23155,1001.2218932982812,165700.0009493772,75944.15020054011,77542.74469805339,1294.8702778180595,643.871365218205,411.9607521435828,219.6600333704264,5.730039033017884e-06,-0.2737493948515728,96,69,97.09640399933257
23156,1001.2396230412936,165641.8857858943,75906.1422821453,77528.63522083148,1676.3483278453932,779.2258441274171,499.17553771083476,287.52142126791296,-2.2531770227258392e-05,-0.0675658193832073,96,69,97.0964608941524
23157,1001.2422402651564,165577.7720719981,75937.46486336229,77513.72288076709,2028.7333950715838,886.8780835526268,569.672934035043,349.556258655095,3.0626497302512803e-05,-0.1557650491654184,96,69,97.09651191289768
23158,1001.2590568186158,165556.3207775108,75952.31705030912,77529.86696379284,2336.072498696507,964.0193809929333,621.7571031172411,410.0432546919328,-2.688988052521781e-05,-0.0913505364804526,96,69,97.0965570265307
23159,1001.2618216231944,165500.50934375936,75891.01826996953,77550.00266202437,2572.6484497787314,1007.9245662666217,652.9173249035084,461.8617328866094,1.2768155159342375e-05,-0.115114324805882,96,69,97.0965962061822
23160,1001.2796226833082,165429.33708757744,75942.72932452965,77566.13779607808,2739.485919537139,1025.5287999497523,666.661589403695,512.6994649977132,6.28162363814883e-06,-0.1065504695049838,96,69,97.09662942315316
23161,1001.2821039289296,165422.42800450177,75895.45126809274,77550.0690168174,2830.3794402178028,1021.5978813454421,664.9021785994119,555.8025218551338,-2.2900348753236266e-05,-0.0955495454856046,96,69,97.0966566489155
23162,1001.2989919095546,165358.34982872746,75885.16082916173,77533.7606075891,2860.7970207042526,1005.3870584766701,653.0392594365694,600.1440888472716,3.066975288310445e-05,-0.1352304637085863,96,69,97.09667785511344
23163,1001.3017832109556,165299.76642250927,75898.39751236835,77548.915996556,2837.2856539458153,981.470409180547,634.041869695764,638.4478946683812,-2.6591187820274887e-05,-0.1185518413787137,96,69,97.09669301356487
23164,1001.3195977073188,165268.26160998506,75920.89015204276,77535.83859380899,2780.0285139572225,955.4024173936341,612.3000199507514,679.27859233052,1.2242970159164468e-05,-0.1009842397670726,96,69,97.0967020962622
23165,1001.321976465618,165264.53303529508,75903.72495526331,77543.5829985102,2698.614828891994,928.5884569205373,589.8539912505657,713.1938570616476,6.830391589943301e-06,-0.0967512286624395,96,69,97.09670507537363
23166,1001.3389249348352,165226.29177845467,75907.94613628165,77537.91044902997,2610.9948315679794,903.2008208454208,569.2403906891705,748.7474439906946,-2.326073251636549e-05,-0.0805114631986806,96,69,97.09670192324413
23167,1001.3417547393432,165238.6758242081,75918.78170809677,77549.28259905001,2524.6407798829023,879.5289074097527,551.3505075364956,775.892550243705,3.070260237242885e-05,-0.0742297673577468,96,69,97.09669261239672
23168,1001.3595598793092,165141.7281879519,75921.7713381559,77525.23061489234,2450.8065167215536,858.5636638578289,536.9132718338224,803.0170563997817,-2.628389759677323e-05,-0.0717887047098878,96,69,97.09667711553372
23169,1001.3618511925418,165156.84524760814,75923.44154525363,77522.5593862767,2391.4234246308333,840.8147150447621,525.8146894840756,818.9813932362886,1.1714316833595326e-05,-0.0613686884626034,96,69,97.09665540553748
23170,1001.378861618392,165154.34669422725,75921.80977497497,77539.68252585504,2349.54842701694,826.3144771891675,517.2141052184743,833.6047457859386,7.376160388139492e-06,-0.0445137716110844,96,69,97.09662745547178
23171,1001.381731258567,165140.96224386006,75893.33635962236,77518.92653957954,2321.2660891295527,814.9944311921718,510.2446679599816,836.9850903312326,-2.361280980947932e-05,-0.039167957622194,96,69,97.0965932385824
23172,1001.3995117437336,165157.5775547261,75911.88151860461,77555.00366940458,2302.494803421723,805.0995878802205,503.1121312897885,840.2139802752354,3.0725047520690435e-05,-0.026184317694642,96,69,97.09655272829868
23173,1001.401727081726,165175.81584628386,75913.79305234742,77532.38566596777,2286.31387929403,795.8722043354064,495.27759324063663,833.5309273802268,-2.596812473121592e-05,-0.0181432229268228,96,69,97.0965058982346
23174,1001.4188038143296,165187.2995013968,75947.54450308248,77544.35078932915,2266.2326843553456,784.6432009255805,485.3690040539368,829.5955997341953,1.118237818552052e-05,-0.0089170803318012,96,69,97.09645272218933
23175,1001.421710438751,165153.74510277968,75929.64765948444,77549.90722963172,2237.786166292557,771.5225616290991,474.43405467737466,819.0173729074304,7.918749417461494e-06,0.0101497050573622,96,69,97.0963931741487
23176,1001.4394539291676,165201.40462805986,75873.8172046993,77515.85588855032,2197.7455532134045,754.9341313610785,462.45046533690766,813.8251708717144,-2.395647218013724e-05,0.0237148921228263,96,69,97.0963272282856
23177,1001.4416049528688,165208.7735797122,75914.25962331366,77532.01144685414,2148.633828548598,737.361764918387,452.0733636741352,803.0973944071739,3.073709439257855e-05,0.0211713235658639,96,69,97.09625485896213
23178,1001.458751396368,165232.95203790642,75909.45071294105,77566.6274601627,2092.5662837096606,718.5850040937657,443.4937403432268,798.9563775837014,-2.5643986704235676e-05,0.0128556834599793,96,69,97.09617604072896
23179,1001.4616920167388,165228.4480995754,75927.34996940692,77531.58926640627,2037.882489700918,702.5184713346389,439.12615580443526,790.0739650516771,1.0647338309883791e-05,-0.0001796081716459,96,69,97.09609074832784
23180,1001.4793844484436,165226.23459391508,75923.32924038447,77552.5287164343,1988.5395879568532,688.9812820037041,437.8127446542785,787.6409737946524,8.457979153308456e-06,-0.0050518838844484,96,69,97.09599895669156
23181,1001.481489939546,165253.50844646725,75900.86225126586,77563.42913313748,1953.1808587501873,681.6923903065326,440.74016743691755,779.5699247307202,-2.429161392390858e-05,-0.0310050943056151,96,69,97.09590064094516
23182,1001.498696404132,165265.01745226845,75931.5308803286,77527.72709612247,1931.202823398402,678.7130414066341,445.1012520160584,778.1319740431791,3.073875134997278e-05,-0.0634074719029106,96,69,97.095795776407
23183,1001.5016918697636,165248.54837431895,75921.3498573127,77530.33342782974,1926.3199698402314,682.209448722846,451.4225591614959,771.9964898932958,-2.5311603684093432e-05,-0.0822676730621923,96,69,97.09568433858948
23184,1001.519255231016,165260.90238581932,75940.55448923833,77548.47741075318,1931.6475083276164,688.2887601964903,456.66703039829736,773.1204543065396,1.0109382230315032e-05,-0.0977377152890378,96,69,97.09556630320016
23185,1001.5221072155948,165289.44351391107,75924.03613085036,77556.57644616414,1946.876739815867,697.8432618264487,461.845592726575,770.2493392463366,8.993671340361568e-06,-0.0972669114123192,96,69,97.09544164614212
23186,1001.5387948247478,165287.39179011557,75915.25708358441,77558.20275826956,1961.9089742065407,705.8316542252724,464.2027120392595,774.9282258968742,-2.4618132300910065e-05,-0.1017927322156793,96,69,97.09531034351583
23187,1001.541571743036,165280.68344429345,75935.0338147936,77554.40641196475,1976.388062213664,713.0580479423515,465.13758058915846,775.7502780594514,3.0730031699245936e-05,-0.1106022063337317,96,69,97.09517237161876
23188,1001.5592864708788,165261.8133044214,75898.23794907078,77563.85970086671,1981.1151508158073,714.7518466736074,461.95667597680585,783.3234064964636,-2.4971098587076178e-05,-0.0955126945019736,96,69,97.09502770694728
23189,1001.5619616245384,165291.7623016737,75875.68216230879,77523.18865851198,1979.3581460483256,713.1426693553512,456.6598126431636,784.4386970247142,9.568695473940687e-06,-0.0876161277071791,96,69,97.09487632619673
23190,1001.578732194109,165254.8248675157,75919.89976498739,77544.59720142724,1964.3479416072369,704.4206188132084,446.90089371666545,789.3102186087635,9.525649403640949e-06,-0.0833880964014631,96,69,97.09471820626284
23191,1001.5815200242045,165315.88715880777,75913.3301689609,77559.98864153332,1941.9711579299765,691.947671375543,435.3814096194692,785.8526861908031,-2.493592791447065e-05,-0.0799055565425889,96,69,97.09455332424218
23192,1001.5992761668878,165272.96587132092,75887.46948929317,77534.434407989,1906.760113338998,672.8032052241324,420.49604521744186,784.9022065806785,3.0710951006030025e-05,-0.0765251045137464,96,69,97.0943816574329
23193,1001.6018347318052,165279.80940923866,75863.52777460222,77536.78868677787,1866.245112125238,651.5677487378998,405.9235932790616,774.8517637790937,-2.4622596801534955e-05,-0.0648979827066723,96,69,97.09420318333584
23194,1001.6186590036112,165336.2599381298,75928.22962694596,77547.26641263558,1814.4420950115891,625.6500528452743,390.1817615413456,767.7035109351855,9.025464692133849e-06,-0.0572389118726567,96,69,97.09401787965491
23195,1001.6214853646223,165352.91568288088,75904.38839434546,77513.82590154921,1758.2652410610463,599.7251309781277,376.48439876909833,753.528689121973,1.0053737807433326e-05,-0.0575250203169221,96,69,97.09382572429824
23196,1001.639249148209,165328.30407108006,75906.77211875259,77541.84466466142,1691.0105521690566,571.0906736012839,362.3267995927599,743.876207723195,-2.524490424479201e-05,-0.0594774111502898,96,69,97.09362669537845
23197,1001.6417123706336,165373.135433277,75901.19853715962,77551.71058364354,1620.2793781888904,544.5289847923123,349.8752482527343,727.6443598397309,3.06815289602424e-05,-0.0438895209883456,96,69,97.0934207712135
23198,1001.6585856395074,165413.12196993091,75882.40794310711,77528.48332798648,1539.5407418548712,516.7899412563565,335.41661395673873,715.3681435379549,-2.426622658469697e-05,-0.0388021866967268,96,69,97.09320793032796
23199,1001.661460119564,165361.87664577455,75893.81547863764,77539.45839279746,1457.4037846261635,491.9893676087813,320.600196861953,695.9812968512706,8.479876457626881e-06,-0.0430897894734501,96,69,97.09298815145291
23200,1001.6792094796529,165445.26002125256,75901.93102637913,77541.76359379002,1368.915188319399,466.29093600282795,302.2594599671138,678.7907339562371,1.0577763069487148e-05,-0.0421377546093097,96,69,97.092761413527
23201,1001.681592427824,165458.42457714706,75899.50351844219,77527.90564801036,1284.675060394511,443.39034011513286,283.46482566860504,652.5361161160981,-2.554496787343806e-05,-0.0533795953327137,96,69,97.0925276956971
23202,1001.6985146274416,165486.4676974597,75908.43525217669,77518.46969435697,1199.9927729588817,418.7118503879901,262.39250154446927,627.2597768782871,3.0641788658389056e-05,-0.0496032285953471,96,69,97.09228697731903
23203,1001.701442051544,165517.86050794236,75929.91734569288,77531.57417630743,1124.7661505793803,395.55630554449453,243.10087803806528,593.8600510513934,-2.390211812697727e-05,-0.0577903628693204,96,69,97.09203923795796
23204,1001.719157063931,165552.6896981657,75904.45558659466,77539.26523265094,1053.1796122955275,369.87985707478947,224.3234270279645,562.6581662757962,7.932118609291145e-06,-0.0801226215308318,96,69,97.09178445738912
23205,1001.7214766888594,165601.80501857836,75959.76144893367,77549.75272270058,993.5364280916401,346.06955868449586,209.92775509456987,525.3179034838104,1.109755285026115e-05,-0.0870509265044056,96,69,97.09152261559846
23206,1001.7384444372416,165660.0541685433,75908.5849005562,77572.91288708666,937.4322498531546,320.9660442283639,197.60511122489697,492.41159900228377,-2.5836028654927906e-05,-0.0827271179597539,96,69,97.09125369278344
23207,1001.7414334038816,165656.44328326467,75915.21358251674,77525.06331175807,890.8155531451921,299.39313410574687,189.79466578309075,456.4020267636806,3.059175649790515e-05,-0.0962362670189208,96,69,97.0909776693531
23208,1001.7590859519082,165714.4106336156,75927.76234319045,77565.63640553688,844.4336470747949,278.3880427883996,183.1101561660762,426.2224393283832,-2.3530404450839824e-05,-0.1059322105886115,96,69,97.09069452592917
23209,1001.76137602107,165734.6264778605,75932.14225558967,77562.07351368837,803.8700117064873,262.0782960183569,179.07546876146807,393.8067442665051,7.382379212314488e-06,-0.0918971151690141,96,69,97.0904042433462
23210,1001.7783579922544,165780.27503263095,75944.87171997625,77524.7831509833,759.5592025573133,246.17825619866198,173.69476825624588,367.3591922687774,1.1612936746094205e-05,-0.1031070854330772,96,69,97.09010680265236
23211,1001.7814669146228,165780.08772349544,75935.53261550207,77526.26985057462,717.0734052187763,233.48556055882364,168.32643438357627,339.54367990320316,-2.6117999445739146e-05,-0.1044826491703419,96,69,97.08980218510986
23212,1001.7989106047236,165833.34821347328,75903.99057744814,77559.16605876443,668.6731544880313,219.65374120710476,159.84444480444654,317.2305211906496,3.053146262696313e-05,-0.1181921644709128,96,69,97.08949037219546
23213,1001.8019340211542,165866.4839965588,75945.75093684116,77541.46714557611,621.5304898925824,207.72934804642864,150.62657581354142,293.5758418824407,-2.315122119503586e-05,-0.1302613043395364,96,69,97.08917134560087
23214,1001.8185712024256,165870.2343576412,75915.08239650048,77542.82692546796,570.2911862739129,194.28874607734906,138.92564389575273,274.3554319484683,6.830846575258418e-06,-0.1193755743006172,96,69,97.08884508723374
23215,1001.8213037219994,165898.1364705499,75918.00502327071,77546.42681249225,523.3579483795911,182.716049836803,127.92784925884916,253.13240850777947,1.2123746094433358e-05,-0.1045117471759035,96,69,97.08851157921686
23216,1001.8389662053658,165927.7438622415,75924.20160030769,77554.08662022433,476.15684487798717,169.68498391880712,116.26244294308708,234.35847961748368,-2.639079634341713e-05,-0.087156516728245,96,69,97.08817080389058
23217,1001.8417851792456,165949.97503290247,75943.68415804909,77574.98159350696,436.1095001436188,157.98623660212616,106.55614254239481,211.34704489269643,3.046094029633119e-05,-0.0915292554552417,96,69,97.08782274381112
23218,1001.8585087678794,165953.4034282821,75927.36290175514,77557.46110758506,395.94057505280944,143.41129859861394,96.18195879476843,187.72861377891968,-2.2764705927290867e-05,-0.1022448532577385,96,69,97.0874673817526
23219,1001.8612396232318,165987.54198950718,75934.2236959692,77576.37322259588,358.1474799462594,127.44754770369036,85.91549050650792,158.72820566303562,6.277709762961137e-06,-0.1094679393261321,96,69,97.0871047007065
23220,1001.8789675341952,166056.08430614817,75923.5179836497,77533.87535913642,312.3827701731934,105.97323635547946,72.37367534090299,128.5496621937491,1.2629813793440655e-05,-0.1310904815888017,96,69,97.08673468388275
23221,1001.8816617688848,166048.2878013438,75908.17722994059,77533.93219705697,260.2345609527547,81.61211791916867,56.760911417222815,94.90096945333062,-2.665433879293217e-05,-0.1332702353432925,96,69,97.0863573147094
23222,1001.8984298347012,166101.8251492737,75937.5050584738,77556.84718671202,195.03337561024819,53.094898187118815,37.843105178151745,63.12132560816826,3.0380226283933462e-05,-0.1416707237571736,96,69,97.08597257683348
23223,1001.9011970165724,166147.49098493726,75929.20474247316,77557.85180254202,125.30162116687279,26.532880190585274,19.678043642110424,33.79467704723356,-2.2370998815714457e-05,-0.1588347236279369,96,69,97.08558045412109
23224,1001.9189509066052,166134.02242020002,75942.541101012,77570.1507230801,56.442368636024185,5.498429598635994,4.772711213532602,12.232624051626772,5.72315790549765e-06,-0.1651083787963199,96,69,97.08518093065804
23225,1001.9215430781288,166169.2742146813,75945.13251163921,77552.69667675774,9.332650629396085,-0.0,-0.0,-0.0,1.3130974581415887e-05,-0.1651943536462071,96,69,97.08477399074974
23226,1001.9383489681518,166167.4817861161,75959.3617448505,77559.85773585286,-0.0,15.886760806228267,9.3598500531225,0.7254133198002819,-2.690854961730541e-05,-0.1614000881442897,96,69,97.08435961892172
23227,1001.9411656348756,166150.73628507135,75940.73119292303,77542.21164802308,52.17136060434859,61.41126374248415,38.40851805359125,15.652113085263409,3.0289361058809967e-05,-0.1592270659184575,96,69,97.08393779992008
23228,1001.958922283977,166112.31082405473,75943.3792507141,77543.0880669697,177.44403715035878,137.4986334082496,87.82193152056425,45.28816268243827,-2.197024192559753e-05,-0.151656135893292,96,69,97.08350851871144
23229,1001.9614251203716,166089.90250744898,75949.50492278681,77559.57103179231,384.48864179255906,243.53727154292574,157.26589710937697,89.58354281060747,5.16738021057652e-06,0.016790604914512,96,69,97.08307176048336
23230,1001.9782705309848,166014.56666108436,75933.37601927188,77546.74425703824,663.8572361966362,370.4539452119061,240.76099817929207,145.77913556998828,1.3627065328311573e-05,0.271663604464131,96,69,97.08262751064474
23231,1001.9811416592582,165939.23515197285,75923.41105061142,77538.92213965114,999.3615760945249,508.03126912607695,331.4015583646833,212.73969244665932,-2.715335406829126e-05,0.0379828915026331,96,69,97.08217575482573
23232,1001.9988832704212,165877.12330138226,75941.98815251752,77575.3250209314,1361.5898674629861,641.8334507078835,419.35837244050344,285.1444699320127,3.018838806786273e-05,-0.4888109961996824,96,69,97.081716478878
23233,1002.001307235546,165802.9539199342,75945.72396171637,77577.60432785144,1721.138598513673,760.7456110986095,496.84285285291844,361.90494333574316,-2.1562580161512457e-05,-0.3431094298484463,96,69,97.0812496688752
23234,1002.0181963186473,165756.88123265156,75930.57710061251,77557.81971564562,2047.0812794094672,854.8926363497303,557.0033140473824,436.3560961820476,4.610566570064978e-06,-0.1602092947135663,96,69,97.080775311113
23235,1002.0211230644624,165639.58830260116,75938.84940542311,77553.96760339693,2317.5999631690793,920.7386956495757,597.3145600937423,508.4434321380686,1.4117924514437154e-05,-0.2374823749345034,96,69,97.08029339210891
23236,1002.0388341113436,165572.93566602527,75933.84039443977,77542.86567041893,2518.4900352913537,957.9082197742828,617.7583864401968,571.6917886540177,-2.7388681813085245e-05,-0.1718741973481908,96,69,97.07980389860325
23237,1002.0411901166528,165529.19142918853,75945.8073266916,77551.78842509812,2646.9605270967586,970.8121901836421,621.7079344703816,628.8277873895713,3.0077354393057144e-05,-0.1927696285390757,96,69,97.07930681755828
23238,1002.0581268205516,165476.59889240816,75913.07137227147,77536.42174470417,2708.1941104068537,964.8588753463264,613.5376750639989,674.6114478140953,-2.114816009771109e-05,-0.1947309887176358,96,69,97.07880213615908
23239,1002.0611088470664,165446.09503014997,75936.01410687203,77533.41533491311,2713.504865444207,946.5790714723116,598.2448255427298,714.6750730842177,4.052906245141116e-06,-0.1678154049643152,96,69,97.0782898418134
23240,1002.0787741319511,165418.60520691393,75943.03538400344,77596.92066297792,2677.560609649867,921.297064764367,579.9263306630601,745.1576925509435,1.4603392640540048e-05,-0.1790455236614286,96,69,97.07776992215176
23241,1002.081075673273,165383.22013451657,75949.38923372558,77551.93498706348,2614.2199956717086,893.2436527641112,561.37498137285,774.07133171655,-2.761446501751604e-05,-0.1734686396417959,96,69,97.07724236502736
23242,1002.0980610089548,165357.18773280998,75947.15307642108,77562.23215643188,2537.430557661748,865.323813362571,544.2154038101726,797.0208454433014,2.9956310305371868e-05,-0.167883515315484,96,69,97.07670715851648
23243,1002.1010996149688,165300.39310822045,75945.01228343115,77561.32242260616,2456.6348936001305,839.1448174790567,528.7295765452727,822.0953900526802,-2.072713027383341e-05,-0.1727035773731636,96,69,97.07616429091831
23244,1002.1187007100776,165286.79625370435,75979.32824019692,77562.89615387672,2381.1709626233205,816.037028692168,515.1264131967037,843.4667108409631,3.4945894115251712e-06,-0.1652802755599346,96,69,97.07561375075504
23245,1002.1209687146902,165297.6665435742,75938.88851041622,77541.94117823434,2314.4458116096794,796.1535160448839,502.8104197262146,868.772755238926,1.5083312520473057e-05,-0.152296374225863,96,69,97.07505552677172
23246,1002.1379935668932,165254.0370613044,75950.06597411819,77565.57510196196,2260.8709194264957,780.1475877773337,492.046513968613,889.5014845627884,-2.783063954079006e-05,-0.1515072727940429,96,69,97.07448960793646
23247,1002.1411021721096,165255.9681616947,75972.07338180271,77565.61562448394,2218.035220138496,767.0806302767305,482.22605066676624,912.058004788385,2.982530975046601e-05,-0.1600443998803719,96,69,97.07391598344049
23248,1002.1586014339276,165177.80282430694,75943.10025691698,77554.40750302353,2185.7288554439438,756.6992720746639,473.7578700481972,926.696709994023,-2.0299641823191016e-05,-0.1380985810772892,96,69,97.07333464269782
23249,1002.160891467474,165204.8447125403,75955.45700937328,77593.3831881906,2157.074970844784,746.7588085808675,465.7187076707778,940.6362809589191,2.93580562828586e-06,-0.1345063157646164,96,69,97.07274557534542
23250,1002.1778843281452,165164.00340458032,75951.1784422461,77558.77879518934,2130.323208989692,736.5772384845623,458.4287123485992,944.2393019613228,1.5557528852190458e-05,-0.1236777274637952,96,69,97.07214877124332
23251,1002.1812119047182,165168.2644528537,75944.60560545401,77566.34283553858,2098.3613366078935,723.9793742438342,450.69697256863583,947.0154116801277,-2.8037144558931936e-05,-0.1050543579825347,96,69,97.07154422047384
23252,1002.1978833149518,165169.21076263257,75940.84367986204,77549.69202021012,2061.7340160657186,709.5712741091265,442.93754304529284,942.0807267593627,2.9684409433038995e-05,-0.107953513540445,96,69,97.07093191334266
23253,1002.2004517501732,165202.0022041173,75957.98807170562,77557.21201577356,2016.7459647635114,692.9487621861772,434.16210411759675,941.096343729092,-1.986584754232735e-05,-0.111690838426336,96,69,97.07031184037749
23254,1002.218008468516,165197.83278666006,75929.02156025749,77588.62544855331,1969.139751179493,676.9334081212728,425.4394085392705,936.6363150193647,2.37674450412237e-06,-0.0897809419901365,96,69,97.06968399232862
23255,1002.2210578428368,165175.96967306675,75943.89173098597,77572.36287112594,1919.1004334450117,662.2439282258274,416.17134521435946,940.4625330543204,1.6025888295767296e-05,-0.0901547267172721,96,69,97.06904836016903
23256,1002.2378252828852,165166.7166047132,75930.75372613034,77578.86724793252,1876.0350426483783,652.165084555556,408.0741395142395,942.7417395082011,-2.823392224953869e-05,-0.1040530211179442,96,69,97.06840493509335
23257,1002.2403586773232,165151.32104829067,75957.00687417804,77543.46404018984,1841.362260682392,646.6334186609602,401.0243540481315,952.5117008801608,2.9533669807677587e-05,-0.1006704758745599,96,69,97.06775370851882
23258,1002.2580266941336,165153.42524150838,75950.7480048862,77552.27478989949,1823.8429009363754,647.629862144342,397.2420798948733,957.0229798039072,-1.942590222377605e-05,-0.1175625801624406,96,69,97.06709467208404
23259,1002.2609502897668,165106.1421093269,75953.12580048853,77586.15448686873,1820.5984064688091,652.9536293430428,396.4265734311193,965.5297204139642,1.817595627988104e-06,-0.1553167337677214,96,69,97.06642781764955
23260,1002.2777359970072,165110.54947993747,75962.40834249291,77595.04361163809,1835.1356470379978,662.8535877459508,400.27668914495734,965.7843697395292,1.6488239770169545e-05,-0.1875803944083106,96,69,97.06575313729712
23261,1002.2802957644216,165155.94014921202,75960.95757853963,77587.45217469305,1858.58147818438,673.7649595022522,407.26483603206,968.3824914622819,-2.8420918734766323e-05,-0.214880641335586,96,69,97.06507062332992
23262,1002.2980255650976,165114.99049347037,75937.09272082252,77562.1886285562,1889.8801887817099,685.4792461425823,417.5379179781594,962.3213182814943,2.9373154321527015e-05,-0.2544267697422768,96,69,97.06438026827216
23263,1002.3008481904548,165141.38799046812,75928.83877331796,77568.19498711816,1916.6100642823149,694.2429252957954,427.6717828781693,960.5963499271602,-1.8979962425145664e-05,-0.2701438486110196,96,69,97.06368206486854
23264,1002.3176402128394,165125.9480451803,75936.00108928188,77569.08343240661,1937.5934702304075,700.4465661509748,436.61496267438633,952.4781033264007,1.258548047905271e-06,-0.2712113822087862,96,69,97.06297600608455
23265,1002.3202475570138,165136.978161116,75946.83403456713,77577.22909967873,1942.6786364162108,701.1017222573573,440.6894447550585,949.8642256223538,1.6944434887430472e-05,-0.2900555658337995,96,69,97.06226208510554
23266,1002.3380141882616,165104.54066781935,75943.28333182343,77569.21554478224,1935.0818285612622,697.5547685575148,439.8831396859896,940.329059518117,-2.859808302614259e-05,-0.2624996507898545,96,69,97.06154029533712
23267,1002.3407448663104,165161.1201217337,75941.71888694988,77582.07017353043,1908.8256896534003,687.449591299679,432.3401088054816,935.5021676059987,2.9202929815274708e-05,-0.2488967013396426,96,69,97.060810630404
23268,1002.3575442554808,165135.79885794997,75931.27008082649,77557.6856417933,1871.6474284218857,673.1449835022067,420.52466199264745,922.053423780424,-1.852818691579865e-05,-0.250878028445981,96,69,97.06007308415047
23269,1002.3602094152072,165142.86608218108,75961.42832992601,77584.15701394368,1820.6476694281446,653.3017923694424,404.702971809922,911.0138256353093,6.997910639154403e-07,-0.2322734636229923,96,69,97.05932765063976
23270,1002.3779947193144,165167.52852471234,75946.70156563156,77578.55016966218,1764.9156807159306,631.1617609815876,388.4675840267155,889.6190890256548,1.739432698699152e-05,-0.2313168109852567,96,69,97.05857432415364
23271,1002.3806385396974,165174.60434226078,75961.37397437022,77564.33709227451,1700.4900951010059,605.5350120890944,371.75629287341144,871.1758330988523,-2.8765367809729e-05,-0.2297537082201405,96,69,97.05781309919178
23272,1002.397451015668,165186.6264481098,75943.27370258933,77589.47718025473,1635.3374995359918,579.5685874002811,357.06238139918423,844.0821779202961,2.9023066249499782e-05,-0.2139669238455496,96,69,97.05704397047198
23273,1002.4001789737018,165247.4937431709,75938.08813182029,77565.78335267516,1564.3313715377008,551.5682365694229,342.8590530042129,821.717287127889,-1.8070735694823453e-05,-0.2151283620649359,96,69,97.05626693292945
23274,1002.4179676279904,165263.4452801121,75950.75784210957,77583.19716571845,1494.6180693212664,524.0416783529508,330.36260181156103,792.3896479889809,1.4151326492394445e-07,-0.2197176033379006,96,69,97.05548198171608
23275,1002.4205289280684,165257.9348493564,75945.46212102746,77573.56595934267,1420.1757209306234,494.69288297896856,317.22746446184465,769.477310920658,1.783777183108031e-05,-0.2115927555405547,96,69,97.0546891122006
23276,1002.4373622131473,165319.36556376237,75962.76642894217,77607.41474947629,1348.5622754658689,466.21845919423504,304.7404628530203,739.8045763358241,-2.892272913417152e-05,-0.1965470811671903,96,69,97.05388831996774
23277,1002.4401545687004,165300.63393555756,75959.48493381075,77548.5288323694,1274.4699922031723,436.96043480938533,291.13436531758634,714.9011279471451,2.8833636761833345e-05,-0.2114031294219838,96,69,97.05307960081802
23278,1002.4579328550344,165306.63157324365,75938.36605146193,77599.52979502534,1205.764811845671,410.1995664808783,278.2929889437801,681.5323634861561,-1.7607771107075585e-05,-0.2043154480693158,96,69,97.052262950767
23279,1002.4604163928846,165356.28181710828,75988.61337198784,77535.14680266289,1136.5886616630014,384.3583794308215,264.76459628218436,652.7382290827518,-4.16097152653147e-07,-0.2017929616313065,96,69,97.05143836604492
23280,1002.4772789998236,165420.1203198211,75963.1388767976,77562.25373744036,1074.723651545879,362.53786097539705,252.67547501900117,616.4487680541351,1.8274627650564536e-05,-0.2102531930616238,96,69,97.05060584309642
23281,1002.480134786481,165443.27977926927,75984.63080806362,77560.43324496727,1014.1757886290434,342.56694350343605,240.6735004275106,586.2540140975907,-2.907012647991269e-05,-0.1955524788953585,96,69,97.04976537857968
23282,1002.497890191798,165456.4455465191,75973.11879941206,77567.14799791647,962.0787948545767,326.584082016052,230.73119699864765,551.2165776302281,2.863471774618667e-05,-0.2030550710066519,96,69,97.04891696936608
23283,1002.5003016350452,165470.93165261974,75957.32425926127,77584.40948912209,911.3981508279685,311.5351873746404,221.19487964879954,525.315176281787,-1.7139456585571234e-05,-0.2171624513776215,96,69,97.04806061253946
23284,1002.5172021685664,165511.30600549316,75929.29161339445,77560.68379414189,868.9425753987161,299.3549960660748,213.77450273852446,496.25041291923844,-9.728523658775176e-07,-0.2138202645136062,96,69,97.04719630539611
23285,1002.520118307245,165522.9016985129,75951.1677837886,77560.77753614579,827.547025347536,287.2700311919616,206.46977046484244,475.64707833496504,1.870475503694201e-05,-0.2090551261751133,96,69,97.04632404544344
23286,1002.5378394372192,165555.21159534465,75962.10870012056,77565.77115834264,793.4581611369504,277.40860389995214,200.37868610565783,450.48560915057897,-2.9207522489231395e-05,-0.2065367755806031,96,69,97.04544383039983
23287,1002.5401855548014,165508.78005577225,75960.81505321493,77549.19273792418,758.9488234648015,267.0217282925587,192.9916793294542,432.16942805596045,2.8426388499662865e-05,-0.2014290060268359,96,69,97.0445556581941
23288,1002.5571322373122,165585.89992742945,75965.364765971,77560.67402911132,730.3930002331035,258.20121482647664,185.39684675596072,407.478614606458,-1.666595758212978e-05,-0.2090611628795425,96,69,97.04365952696467
23289,1002.5601038505392,165609.0216818722,75945.58175185279,77557.96450873066,700.1636329063913,248.09686404925014,175.71086781841586,387.60414286737796,-1.5285650429653652e-06,-0.2079036473767475,96,69,97.04275543505908
23290,1002.57778047285,165625.2753278837,75966.56251017482,77567.86891030788,673.804044090677,238.55046486575156,165.97280876370496,360.92140917593497,1.912801732018624e-05,-0.1866941509450088,96,69,97.04184338103316
23291,1002.5800691722374,165636.25912134495,75928.14432907119,77556.47248594793,642.8448589149048,226.89255965972552,155.51554356122506,339.55610337341204,-2.933488383824359e-05,-0.1780124610462496,96,69,97.04092336365063
23292,1002.5970694870724,165638.8882241939,75946.9721559277,77558.75648580524,612.8633089843206,215.66273244380136,147.33705963144894,311.8923152569623,2.8208731633123607e-05,-0.1612382836594329,96,69,97.03999538188216
23293,1002.6000901621976,165677.89874486902,75944.00030494592,77530.7165166242,576.1630740323453,203.0141143614601,140.89253014940186,289.08939376627677,-1.618744062772877e-05,-0.1736932048925258,96,69,97.039059434905
23294,1002.617713301322,165704.81353383767,75953.35770945663,77531.33425971265,538.8663459913223,191.55802581261378,137.88261105277343,260.0415798545291,-2.0830487236341e-06,-0.1890208472131582,96,69,97.0381155221022
23295,1002.619953573638,165740.89066783743,75944.29393690627,77563.55483808345,494.142227606324,178.8850209418597,135.6291233045922,235.54556514826254,1.9544279747801043e-05,-0.1903252139088731,96,69,97.03716364306148
23296,1002.6370139816436,165742.37265711484,75953.05893099004,77559.75658808311,448.81816089188214,166.3712604878674,133.48775135414326,204.00818457017886,-2.9452180014703338e-05,-0.2002606620438639,96,69,97.03620379757508
23297,1002.6400760204552,165766.69368343474,75951.15451388639,77578.74859881739,395.899003814382,150.14952832165,127.15404351297184,175.506578992703,2.7981832878439385e-05,-0.2085206633750085,96,69,97.03523598563878
23298,1002.6576380654768,165820.47292772186,75944.90311940813,77565.12432691926,340.5279786767205,130.33254275018407,115.52182893740246,140.04039662884315,-1.5704074592499035e-05,-0.2146117848643901,96,69,97.03426020745094
23299,1002.6598398703272,165834.90358946024,75961.9014473681,77571.46853830673,274.9291671583778,103.55889849182859,95.86475401365897,108.68985697848257,-2.636117042300092e-06,-0.2234423533531764,96,69,97.0332764634124
23300,1002.6769655802934,165873.4072098327,75947.82126866012,77581.78925989031,205.77832969848532,72.73568603592867,70.49640769555117,72.88610028504627,1.995341054657176e-05,-0.2274584194945542,96,69,97.03228475412465
23301,1002.6800602515694,165886.32684697013,75964.46111975554,77550.27798213121,130.27179934992455,39.602338480137405,41.49765220910194,44.643513618269935,-2.9559384257306525e-05,-0.2419745201339213,96,69,97.03128508039
23302,1002.6975550554574,165904.74269958868,75942.89629433368,77561.99224478634,62.76487676333636,12.954209418778191,15.98368871898856,17.906884074793197,2.774578054079353e-05,-0.2504213999146559,96,69,97.0302774432106
23303,1002.69972916469,165941.76358062174,75948.7290099625,77558.86466649832,11.123008149501402,-0.0,-0.0,5.117643064208096,-1.52160286770538e-05,-0.2571381957972975,96,69,97.02926184378693
23304,1002.7169239483464,165937.53194104802,75965.7632415877,77565.0307877258,-0.0,12.120788695538067,2.1869389062921982,-0.0,-3.1875849093793373e-06,-0.1846315563611229,96,69,97.02823828351788
23305,1002.7200417503246,165924.13565909618,75943.87280328112,77544.2599939038,43.28633145574713,54.78111298651493,26.89576476145885,13.000599273800617,2.0355280565442234e-05,0.0423209541425032,96,69,97.02720676399936
23306,1002.7374647071312,165901.4461732121,75946.36810700932,77531.94522853999,162.62254468462197,132.42167283013987,77.29410533278133,36.83585433548433,-2.965647335987876e-05,0.2009359208927307,96,69,97.02616728702344
23307,1002.7396225211788,165837.0871000545,75945.91956732696,77544.08374385856,359.7279600624461,240.28821528905246,149.88313103863038,78.92682294303086,2.7500666489428376e-05,-0.2093085139036728,96,69,97.02511985457808
23308,1002.7568885677656,165765.6969326219,75939.92997866764,77558.60157668288,635.4101258919691,371.4160140740714,239.10153430199716,129.72893582945107,-1.472347430064391e-05,-0.5759339788163477,96,69,97.0240644688452
23309,1002.7600195030312,165726.5568646042,75943.82327482065,77537.89486192794,966.581901227124,511.6851702151471,334.3667883221933,194.23433980785194,-3.737267617477247e-06,-0.3023916314531763,96,69,97.02300113220076
23310,1002.7773675934078,165664.8159321797,75939.93073415653,77559.09208956493,1330.6396304336959,648.8109638078604,426.30435444950126,262.7775283269584,2.074976313941473e-05,-0.2452408531621277,96,69,97.02192984721324
23311,1002.7795209417952,165581.86962530133,75960.63148916262,77565.85939575237,1690.2423308952712,769.1572916681034,505.2572635266697,339.1794642744644,-2.974342725252e-05,-0.275140581036166,96,69,97.02085061664324
23312,1002.7968587484352,165495.65192380198,75926.31665656583,77563.74998814915,2020.2995606279,865.6766014017339,566.6987105469452,413.56967505891225,2.724658511304124e-05,-0.2430772869069568,96,69,97.01976344344187
23313,1002.7999926118724,165437.27723649406,75928.42571342767,77541.49895414154,2292.8374501922517,933.0839606265363,608.3130156401894,489.18529347356525,-1.422658379734914e-05,-0.2892383746112246,96,69,97.01866833075064
23314,1002.8172644090232,165355.8460217627,75947.01117509675,77557.22082595069,2499.536618955841,973.0297612736031,632.7564409183688,557.2516758592392,-4.284981619245863e-06,-0.2505366826811663,96,69,97.01756528189962
23315,1002.8194253464358,165275.14243783316,75919.47709524479,77542.15790440554,2632.948272760783,987.9107724921632,643.132742514601,621.1531263369252,2.1136734048461537e-05,-0.2447629426997655,96,69,97.016454300407
23316,1002.8368336397936,165221.6496229865,75933.66078632185,77553.59234561892,2703.1023261622177,984.3793621442892,644.2085266296635,673.5418064945261,-2.982022980846774e-05,-0.2535145554740683,96,69,97.01533538997836
23317,1002.839960320322,165185.8042893461,75946.78277619745,77551.95795746446,2716.0536596792517,967.1496507502889,638.334491492511,719.3043756177649,2.698363402493e-05,-0.2340603487618789,96,69,97.01420855450463
23318,1002.8571559486594,165169.60961696444,75940.61340521016,77535.50980305094,2688.9776898508426,942.5789720012399,627.5970143002633,754.0144474197295,-1.3725530944814115e-05,-0.2482098613679531,96,69,97.01307379806248
23319,1002.8593365593496,165105.20782327387,75913.953061866,77529.85883154467,2631.1858835055027,913.94140341194,611.916297861957,784.0384467193799,-4.830544287919461e-06,-0.258663799476066,96,69,97.01193112491192
23320,1002.8768122414627,165096.27032706185,75927.64102306197,77556.88448171322,2559.621711855696,885.4166577623837,592.106773671956,806.4399990280508,2.1516072413251267e-05,-0.2339660239437045,96,69,97.01078053949654
23321,1002.8799220404636,165053.5598290462,75932.5576539102,77546.67510399412,2481.481786143384,858.2890084796236,568.6768647644494,827.7205535751418,-2.9886867704844576e-05,-0.2350920774961064,96,69,97.0096220464414
23322,1002.8970430770556,165086.54365713667,75910.56680776275,77556.23480285014,2409.5417628724244,834.7999580231408,543.9685798693099,844.9763714696164,2.6711913403868318e-05,-0.2298197248171908,96,69,97.00845565055268
23323,1002.8992553041963,165029.72108813643,75943.18011399689,77529.03253249452,2346.318880991603,814.8195583598135,520.2780879441998,862.8221042750229,-1.3220490500652856e-05,-0.2014359635328433,96,69,97.00728135681628
23324,1002.9167934099894,165028.04689558977,75949.22997842453,77566.9551780573,2298.3547380370437,799.0265218786517,500.5194326591736,876.6865189777163,-5.373773406931796e-06,-0.1978366298031846,96,69,97.00609917039664
23325,1002.9198773848984,165003.86241274583,75936.36588835139,77511.22984123045,2261.403446450131,785.8694973765087,486.1768131637655,889.3823670189013,2.188765917904776e-05,-0.1923711938086495,96,69,97.00490909663633
23326,1002.9369266878084,164980.16411087234,75897.47051905756,77561.39073439073,2235.117760857276,774.6019492965861,477.8138465884549,895.9843161434692,-2.9943331851379974e-05,-0.1754668362540924,96,69,97.0037111410537
23327,1002.9391822127204,164979.50505734852,75941.20717191417,77546.27874309252,2210.928346252651,763.1264099834516,474.1978019568196,899.0325926748919,2.643152677436917e-05,-0.1789742080377044,96,69,97.0025053093434
23328,1002.9567758554684,165015.78843957456,75929.90309613022,77554.66027489954,2186.627025908092,750.8384507249284,473.34232358273584,894.7680536694825,-1.2711638639904665e-05,-0.1630955629825271,96,69,97.00129160737346
23329,1002.959826209882,164998.74102745825,75911.44023958777,77559.97190660132,2155.0932442348567,736.8319489881833,472.7514919148234,887.1295078352559,-5.914488479472998e-06,-0.1398843369471297,96,69,97.00007004118582
23330,1002.9768076427108,165039.63896622675,75925.26411555732,77564.96159389667,2117.528042234597,722.0334218259522,470.3756720201927,874.272065047262,2.22513790643546e-05,-0.1431996923513563,96,69,96.9988406169938
23331,1002.9791178581736,165028.097727589,75938.7794992723,77548.1602235914,2072.0754746726598,707.2811656375852,465.0589959709032,860.8826264387171,-2.998961577845954e-05,-0.1422326404011843,96,69,96.99760334118182
23332,1002.9967581140723,165031.92722537083,75962.23366383831,77577.58211634344,2024.4872547801933,694.3932059559156,456.60158509138273,845.733921646548,2.614257974245728e-05,-0.1231281284047936,96,69,96.9963582203041
23333,1002.9997686864814,165032.62872502513,75969.57006014386,77552.70555319791,1976.4163546579657,684.2985520086077,446.03453978995094,833.4025433163915,-1.219915228227228e-05,-0.1458884662993445,96,69,96.99510526108315
23334,1003.016686670338,165101.91377722408,75962.0825387763,77579.75789740184,1934.9249199684127,677.8296647647658,434.7729191898543,822.5032931399764,-6.4525096414735975e-06,-0.1823748223418913,96,69,96.99384447040887
23335,1003.0190628417078,165045.98088275577,75965.10542253873,77595.70674619098,1901.7322207636898,674.7295717369707,424.89601494386443,816.5608498056536,2.2607118811105413e-05,-0.2104028519947056,96,69,96.99257585533697
23336,1003.0367384593746,165081.43390513188,75936.04538449593,77550.5633166262,1881.6230990386102,674.5539799679973,417.7433582327212,813.2656314524938,-3.0025717323440194e-05,-0.2502314637120579,96,69,96.99129942308836
23337,1003.0397054476988,165085.8599979076,75953.43007515452,77566.97624351493,1872.8303543799557,676.4683178653067,414.6696737377788,815.0105705267924,2.5845181402050168e-05,-0.2713662325437252,96,69,96.9900151810475
23338,1003.0565641602632,165064.88249057694,75943.14777706611,77574.73317828539,1875.6070354451658,679.835713837354,415.46968697037664,818.6461451296345,-1.1683209507279231e-05,-0.2781690263076248,96,69,96.98872313676117
23339,1003.059018019201,165042.18567710792,75957.30150838826,77569.24055617253,1884.7724886023789,684.1802935393789,419.89824836552725,825.5651532086194,-6.987658535063886e-06,-0.2916590737306713,96,69,96.98742329793728
23340,1003.0767146312716,165051.11265191127,75946.82275300869,77538.60644448356,1898.1599089079536,689.0114200189419,426.1917695759039,832.266746341309,2.295476843975686e-05,-0.2949525188431866,96,69,96.9861156724438
23341,1003.0796379818536,165044.21877160613,75918.78139149738,77588.83891017958,1910.3870944016962,693.9524646796344,433.38802751275944,840.209576778172,-3.0051637277987424e-05,-0.2787787505398164,96,69,96.9848002683071
23342,1003.0964396066418,165054.22385951897,75940.20012968205,77572.5378721476,1920.2551099226694,698.1419146232802,439.5073928862694,846.3549583790009,2.5539443089960417e-05,-0.2806213479581628,96,69,96.98347709371107
23343,1003.0989852367464,165034.6571368279,75932.17023429838,77585.12127474537,1924.5620419086772,700.8907716147951,444.0713084244926,852.4806471380289,-1.1163989436965082e-05,-0.2757302464347456,96,69,96.98214615699568
23344,1003.116682811662,164997.5271297821,75930.94368058142,77569.42583194228,1923.434134298761,700.9086189151858,445.6427366299613,855.9692785356601,-7.519757452728027e-06,-0.2651824110148771,96,69,96.98080746665556
23345,1003.119570197892,165017.02281140402,75931.56451087129,77574.33915993347,1914.4358441525255,697.5177557570278,444.4956239775347,858.9735048515722,2.329422080163563e-05,-0.2693793170708538,96,69,96.97946103133866
23346,1003.136309100085,165042.94111141356,75913.61425995613,77563.16615043046,1897.298111236305,689.5172240316315,439.5159222621296,859.0002510902705,-3.0067379823131912e-05,-0.2630512847492876,96,69,96.97810685984548
23347,1003.1389716152996,165046.090899964,75926.96719650761,77570.40138700939,1869.6216153601417,676.7497586758691,431.2700590802124,857.9991804724559,2.522547893061667e-05,-0.2553884361675373,96,69,96.97674496112688
23348,1003.1566291116736,165011.66447755386,75933.74026928734,77603.62391678974,1831.3906643278897,658.6009116785135,418.8143279296637,853.2281891099701,-1.0641672063832793e-05,-0.2566182159872309,96,69,96.97537534428348
23349,1003.1595322111358,165009.55956806912,75914.10974903664,77578.568786483,1781.9433318307856,635.9166121441376,403.40965976621374,846.7006671076815,-8.048630500998289e-06,-0.2692636503048938,96,69,96.97399801856398
23350,1003.1769566633204,165046.408403301,75950.78681203545,77558.94859554728,1723.397880958917,608.9533011667372,384.8362541475508,835.7921359188331,2.362537142951784e-05,-0.253160464452109,96,69,96.97261299336374
23351,1003.1789420841368,165063.11741504044,75958.47522821213,77556.56049852238,1657.6154590277583,579.5511470185156,365.4024249613867,823.1324281077541,-3.0072952923095896e-05,-0.2614134957802866,96,69,96.9712202782235
23352,1003.1965705978536,165085.239935765,75931.21648767506,77532.18356313181,1587.8553404276608,548.4290975152398,345.34422162451665,806.5872019404778,2.490340608255745e-05,-0.2762632297835202,96,69,96.96981988282803
23353,1003.1995223406722,165075.90916875436,75964.25917353222,77544.8002756919,1516.1646134915063,517.6615500816552,327.0438980500621,789.5517298300983,-1.0116437757384532e-05,-0.2642647401227458,96,69,96.96841181700506
23354,1003.216824245051,165080.74808521068,75929.69796478006,77576.85109967677,1444.4063589329598,487.5461682706664,309.88028659528936,770.2237768322229,-8.574102827314373e-06,-0.271980035349682,96,69,96.9669960907232
23355,1003.2188755359592,165141.2476220668,75937.80424227158,77542.60705022512,1373.253830390866,459.4804533520946,294.9510789917549,751.9741085849819,2.394811934052302e-05,-0.2791347316460238,96,69,96.9655727140909
23356,1003.2365363988624,165147.65850881013,75953.3557867056,77566.73383990559,1303.0517872669734,432.69845800678013,280.08466093763127,732.0892264364229,-3.006836783728446e-05,-0.2787007687164579,96,69,96.96414169735512
23357,1003.2394924512864,165174.3257840243,75943.81624911014,77574.47821627847,1234.1554262266145,407.87978383015434,265.72486814446165,713.18720784178,2.4573343673214826e-05,-0.2828198221167629,96,69,96.96270305090016
23358,1003.2566979453336,165176.29582640275,75965.7137854793,77573.78778766259,1166.8911764445947,383.6891093628219,249.76640953225433,691.4914447417832,-9.588468253876027e-06,-0.2876679521334975,96,69,96.96125678524534
23359,1003.2588092972372,165215.7228460532,75935.44729500216,77557.79483040818,1102.338709215168,360.7789620714466,233.582972950564,669.1264795498864,-9.096001126972648e-06,-0.2771582871632476,96,69,96.95980291104448
23360,1003.2765100735716,165191.7539481849,75962.11489927067,77550.80168269652,1040.9426143380115,338.0367920624849,216.10554809635505,642.0392068274377,2.4262365703170223e-05,-0.2736134164224617,96,69,96.95834143908392
23361,1003.2794509601188,165252.79654911094,75913.7619831066,77562.90324761503,983.8988420925452,316.9423351555597,199.9481565998285,613.5894656321325,-3.00536391045596e-05,-0.2764607593294889,96,69,96.9568723802814
23362,1003.2965730490752,165301.5224764889,75918.2563255978,77554.46351899147,930.74402253679,297.05451976494805,184.54117927292828,581.0940198510943,2.423541382317517e-05,-0.271394129759955,96,69,96.95539574568444
23363,1003.2987478339728,165313.60166935725,75941.71738901592,77557.00850123593,881.6381812251057,280.198718262749,172.32621777738677,549.5394869084703,-9.057945738545018e-06,-0.2805995305351014,96,69,96.95391154646856
23364,1003.316487424335,165368.25072213798,75921.05953302326,77558.2842178597,834.5482082154485,265.4388574151817,161.72441695834277,516.6603376828134,-9.614153303285856e-06,-0.2763522529038096,96,69,96.95241979393674
23365,1003.3193999789952,165379.9875076207,75959.05369006084,77544.10417010522,789.1037159941625,253.89692050986923,154.3203784386278,487.805640561186,2.4568015438069625e-05,-0.2533162859774964,96,69,96.95092049951646
23366,1003.3364488328576,165408.58428334713,75955.21001565998,77563.64654257694,743.3273307560012,243.71798933092214,147.64955228960025,459.60077515643206,-3.002878487663871e-05,-0.2733048347643805,96,69,96.94941367475984
23367,1003.3386928041392,165406.49696812264,75945.96047362944,77556.11556458405,698.2604324351996,235.57437009146088,142.87751755630597,436.04415615226026,2.388974108795833e-05,-0.2818458242724276,96,69,96.94789933134086
23368,1003.356466117267,165457.3053607717,75931.48431325896,77546.49125441659,653.4302280934644,227.53772635178757,137.36078971851384,411.60807032778393,-8.525052890088409e-06,-0.2774446293513036,96,69,96.94637748105454
23369,1003.359340323333,165467.3057402721,75949.79646918323,77583.74855564882,611.556227773719,220.78229503640614,132.77309296722524,389.5218988218985,-1.0128388876145553e-05,-0.2742418454771284,96,69,96.94484813581526
23370,1003.3763258444912,165490.9837541874,75907.7602435474,77517.25663576994,572.1094685671269,213.42837739178503,126.73587893211516,363.2962540840672,2.4864976288870545e-05,-0.2653706789826248,96,69,96.94331130765497
23371,1003.3786444807204,165536.89784392997,75946.30943217478,77519.1167827003,536.2549253288307,206.05152939571417,120.94640930002788,336.1888797764841,-2.999382667118094e-05,-0.2670625096564691,96,69,96.94176700872202
23372,1003.3964451819102,165548.42913079378,75928.59682409052,77541.84324138917,500.03849297371926,195.38715852242603,112.5437464787683,301.5652818242088,2.353645239609017e-05,-0.2811761763652063,96,69,96.94021525127958
23373,1003.3992711479932,165591.6663699983,75910.00913984752,77541.09436253131,461.33450466388604,180.90683626779355,103.02785255768686,264.387010586448,-7.989973133609887e-06,-0.2942867758206629,96,69,96.93865604770392
23374,1003.4162075115812,165643.5567088691,75942.21377990942,77563.94252254334,413.40551350219175,158.9039119558147,89.26454082378768,219.34454994343105,-1.0638539060457634e-05,-0.2863894107839237,96,69,96.93708941048293
23375,1003.4185976842284,165669.79525057253,75967.0748758601,77536.68404560958,354.01782674109563,130.09651589953864,73.07375299878186,173.63818269449985,2.515315876669476e-05,-0.2847978053233668,96,69,96.93551535221452
23376,1003.4364351777853,165711.649161927,75922.57509075425,77552.04710715705,279.5852665147395,93.88175493391464,52.404357528081164,123.66450224813889,-2.994878926273764e-05,-0.253218137144184,96,69,96.93393388560516
23377,1003.4391572967936,165763.96080710058,75932.250717916,77545.36251540841,195.70140685111983,56.02096041751793,31.6368140236591,79.74211159229162,2.317567700147947e-05,-0.0508592515149689,96,69,96.93234502346826
23378,1003.456835038634,165801.9671968303,75927.40548648147,77561.72771671289,109.33862557733664,21.243884496114333,11.629653498966945,39.43275395288947,-7.452890474701646e-06,0.1990325835624157,96,69,96.93074877872247
23379,1003.458668552262,165837.00390218146,75925.24371228994,77543.21785862136,38.43918578134617,-0.0,-0.0,14.253984490642324,-1.1144436252341616e-05,-0.0971436319179579,96,69,96.92914516439056
23380,1003.4763271242985,165846.8691121789,75936.39333615612,77543.58531141428,-0.0,-0.9017314781231107,-0.4745236808084883,-0.0,2.543247690374151e-05,-0.5851760356913482,96,69,96.92753419359684
23381,1003.4791810006494,165847.3905965124,75939.66197202959,77539.52855981974,17.3921035672538,27.87481672121794,18.163889208837645,6.427332349150674,-2.9893701113951675e-05,-0.3793036739360542,96,69,96.9259158795668
23382,1003.4966913904192,165803.26719511976,75923.56405502431,77554.58061724916,104.88961919106077,88.11283548850042,56.36767759604845,26.02891811885638,2.280754689788408e-05,-0.2271943540460559,96,69,96.92429023562455
23383,1003.4986054170548,165753.7267281102,75916.8100251788,77573.25262410555,274.24695961282123,180.79237734728667,117.0658201908227,65.64420357142808,-6.9139890982263165e-06,-0.2859653904187791,96,69,96.9226572751916
23384,1003.516278767351,165709.595014494,75923.68058013747,77544.37248272922,519.7075170706958,297.3034236002277,193.4625810823636,113.75788062342326,-1.164591506126849e-05,-0.2190439413183286,96,69,96.92101701178544
23385,1003.5191672273852,165652.73861673014,75931.24038125061,77552.28160100218,829.562058596639,429.1805290833436,281.50320006889524,175.94015011852025,2.5702847752495277e-05,-0.2331256105995069,96,69,96.91936945901746
23386,1003.5365640884088,165587.75341788022,75951.97475831454,77520.15701956613,1175.4423410191666,561.3427148099581,369.1752425387094,239.9571559226897,-2.9828593738684984e-05,-0.2203700095885023,96,69,96.91771463059148
23387,1003.5385337811948,165527.2952617543,75926.27721025005,77527.0052816728,1529.6913619019324,683.5521587101102,450.53283943238785,312.128061329975,2.2432195971633616e-05,-0.203039584123473,96,69,96.91605254030242
23388,1003.5562457686927,165407.0303633832,75943.45687715807,77537.63951138189,1857.5592384343036,783.6161736609647,515.2274202039989,380.06516430168995,-6.373453611156343e-06,-0.2021313904788637,96,69,96.9143832020342
23389,1003.5591376313296,165363.68138995234,75917.8328204913,77547.24552124554,2137.1958947113017,858.3799379631819,562.6450837435841,451.97421134629985,-1.2142811213800987e-05,-0.1868362445404084,96,69,96.91270662975845
23390,1003.5764407535272,165299.2361119832,75892.42127811618,77522.33482915751,2348.708012934192,904.324165612823,589.1950199599087,516.5543057241011,2.5964191066730604e-05,-0.17507007300607,96,69,96.91102283753264
23391,1003.57846293831,165254.2316513623,75907.33879740562,77531.10624848363,2490.580685536319,926.398921594373,600.3956659243267,582.9792346305039,-2.975350210600605e-05,-0.1752716854177389,96,69,96.90933183949888
23392,1003.5962210965492,165159.938963371,75884.38652317015,77511.33620928621,2562.7571490004193,926.658508921566,596.4102415321977,639.133566026896,2.204976078989739e-05,-0.1574055575209212,96,69,96.90763364988128
23393,1003.599095940577,165102.35275682114,75903.87191222188,77509.91042067936,2580.567530331842,913.1993102379929,584.4664765029156,695.1394644652319,-5.831469365903422e-06,-0.1463674966041181,96,69,96.90592828298549
23394,1003.6163195131104,165033.213640658,75898.67951799452,77492.87838432663,2553.870443032589,888.5298865858786,564.363964013377,739.2493249711115,-1.2634962991694915e-05,-0.1381395411100837,96,69,96.90421575319598
23395,1003.61839527369,165028.00633141724,75914.08217479273,77520.57179184245,2501.4643569455366,859.5693886324152,541.9777571235318,782.3190754124953,2.6216430551739665e-05,-0.1265748960765136,96,69,96.90249607497532
23396,1003.6362024678236,164961.2759274824,75909.90262473283,77524.35942195266,2430.683736180421,826.759737397675,515.6476349037839,812.3909959604207,-2.9668464647154622e-05,-0.1124969381755017,96,69,96.90076926286164
23397,1003.6390422477904,164954.23064520766,75873.76607794008,77540.90286062766,2356.0932960883365,795.5886063210492,490.9217516439676,842.2136074777809,2.166037979930644e-05,-0.1010042704470154,96,69,96.89903533146756
23398,1003.6562019172076,164943.4753858044,75880.95189413326,77491.25759529347,2279.354074127623,765.2543459615263,466.1087885979214,860.7264266661077,-5.288221496879969e-06,-0.086885341849317,96,69,96.89729429547825
23399,1003.6583295920318,164897.06870028787,75873.91550809715,77547.37610809474,2210.080270062841,740.214544378774,446.45523609634256,881.0721398856549,-1.312220964635688e-05,-0.0734703834124771,96,69,96.8955461696496
23400,1003.6761915339548,164859.3954743443,75882.677795497,77540.2857072758,2145.0359922355856,718.2674475980457,429.1703799071838,891.1780439312861,2.6459492352757928e-05,-0.0726277484681438,96,69,96.89379096880702
23401,1003.6789715176604,164876.22935192595,75895.00673799988,77526.65637169371,2091.063978917082,702.7220666872017,418.2300673807913,905.0733269110788,-2.957352312176778e-05,-0.0623470577398502,96,69,96.89202870784322
23402,1003.6960975489404,164849.0702852678,75872.8597955983,77504.13862607509,2041.8642772050807,689.7277067857649,408.97930194053333,910.58164031044,2.1264193609740387e-05,-0.0470217770200847,96,69,96.89025940171682
23403,1003.6982508095616,164828.7308895677,75871.77782109773,77476.25318933923,2001.9492551666917,681.0454212095647,403.5383926748473,921.3919807149796,-4.743895179152914e-06,-0.0459373377367342,96,69,96.88848306545054
23404,1003.716217454921,164862.3032223523,75863.48873647542,77514.46425747826,1962.4848206937895,671.5787953220133,396.04095038576634,924.0814919083787,-1.360439257954678e-05,-0.0517831536365848,96,69,96.88669971412936
23405,1003.7188055986804,164817.07042531922,75894.38080966265,77525.48905555875,1928.083536147722,663.3687594761286,389.1561861070222,933.3028550127347,2.6693306300185685e-05,-0.0617667776923715,96,69,96.88490936289912
23406,1003.7366728679008,164805.8333056471,75881.80443994164,77508.81708834191,1890.025819016504,652.0165351685137,378.27889432545635,934.9365625636419,-2.946872250438959e-05,-0.0897978173841347,96,69,96.88311202696468
23407,1003.738434941584,164791.72794309887,75880.94328707816,77508.42006417004,1855.3292288223747,641.1744483884977,368.1593142016209,943.9083832314645,2.086134550662666e-05,-0.1169937147344141,96,69,96.88130772158812
23408,1003.7560637975364,164793.591724943,75877.12418865704,77502.5384078672,1817.1288638238912,627.7119109627529,355.8280344741652,944.9078197731869,-4.19867645870037e-06,-0.1479927885195507,96,69,96.87949646208716
23409,1003.7588564335824,164787.3267566168,75876.59092879505,77492.78929697374,1785.4363269596943,616.6399446376308,347.192824962578,952.9257616844552,-1.408135548624385e-05,-0.1758839148135963,96,69,96.87767826383306
23410,1003.7765236464628,164783.95213809016,75889.5583811878,77513.9779527496,1755.2269467380247,605.6405723222706,339.60822516225744,953.3422650738212,2.691780529369299e-05,-0.1725256540963,96,69,96.87585314224953
23411,1003.778373314135,164767.6377596038,75857.40068927975,77490.83745835944,1737.2837056338903,599.8538518762361,338.1297146228608,961.6317477320263,-2.935411083915629e-05,-0.171467756819886,96,69,96.87402111281052
23412,1003.7960019765128,164740.17134241384,75888.98122609545,77495.10270961632,1724.1166554281372,595.8532632592542,338.21013642460457,961.879094652104,2.0451980140200303e-05,-0.1709850828632108,96,69,96.87218219103868
23413,1003.798855943808,164739.191690041,75884.21092876901,77522.98787923087,1724.4174276149133,597.7980753001902,343.3285781724844,969.793178204709,-3.652750581679534e-06,-0.1764372365421065,96,69,96.87033639250366
23414,1003.8163982167956,164754.97509177364,75864.3631192161,77504.97693120365,1727.76662740967,601.1989773669047,347.96850307751447,969.9685839040612,-1.4552943652928897e-05,-0.2025655956030947,96,69,96.8684837328203
23415,1003.8182967433964,164727.25563616902,75870.417364358,77507.85526562411,1740.646786109719,609.396974543095,355.14891124659334,978.1425578918424,2.713292518836542e-05,-0.1853903546586424,96,69,96.86662422764668
23416,1003.8359604207168,164739.59741094828,75871.04717355783,77526.24482384349,1749.5078042063979,616.7820885209367,359.17329486156814,977.2227020985738,-2.9229739800058383e-05,-0.1656882869938695,96,69,96.86475789268286
23417,1003.8388379979872,164686.86590060216,75852.10938063645,77520.31856322751,1760.6297396518057,626.3692918118322,363.76814287158777,983.0714895070123,2.003624478186699e-05,-0.1652015382060759,96,69,96.862884743669
23418,1003.856277155198,164703.48277442518,75888.21838250406,77529.81035640197,1760.9186793746776,632.1540393883915,364.1906626225682,979.1154399559309,-3.1063033267297792e-06,-0.1615059178651283,96,69,96.86100479638328
23419,1003.8582190702422,164711.5288726037,75865.1135208911,77518.12370113464,1758.5153415416135,636.766654873587,364.7324935312208,981.3436958178645,-1.5019004498526038e-05,-0.1446749884203901,96,69,96.85911806664036
23420,1003.8759292017244,164719.90011328398,75867.83760386989,77507.90532659444,1741.0566428111633,633.5167166136089,360.6164949265949,972.0457616958884,2.733860566039596e-05,-0.13193224332903,96,69,96.85722457029016
23421,1003.8788084116306,164695.8503610813,75886.46913567153,77531.55951485755,1719.6095901023946,625.7229077561642,356.3905577432015,968.1371357722091,-2.9095664397073987e-05,-0.140828324044677,96,69,96.855324323215
23422,1003.896156579341,164716.18885762288,75857.10531578418,77535.8552072064,1683.6173073704704,608.1172943202546,347.5348805494141,952.985179154115,1.961428812700716e-05,-0.1337933038775048,96,69,96.85341734132906
23423,1003.8981446271912,164709.0152380771,75908.3469127995,77496.51486797795,1645.5010370988166,586.1157846362476,338.5804588003375,943.7034999900206,-2.559520527270404e-06,-0.1284669466001807,96,69,96.85150364057566
23424,1003.9159043790096,164732.37443017366,75864.83292674345,77545.39764901364,1593.613713923376,556.2291428781173,324.786949193076,922.516891006293,-1.547938747598439e-05,-0.1264135982954507,96,69,96.84958323692628
23425,1003.9187689967176,164755.93641441027,75911.11021380337,77523.7807720746,1541.333145400451,526.0593915811332,311.09885472114547,907.3218378118763,2.753478932496573e-05,-0.1341107135760639,96,69,96.8476561463782
23426,1003.9360356359368,164758.6158062407,75884.75806247057,77501.51217460085,1477.108118248405,493.1484338564478,293.3152277281042,880.9702439268294,-2.895194227888776e-05,-0.1360355656886895,96,69,96.8457223849533
23427,1003.9380754419108,164802.06185984003,75891.40673835887,77511.01328099401,1414.7706755926483,464.82154877520225,276.62037141574547,860.9007467844931,1.918626122994878e-05,-0.1353554272463499,96,69,96.84378196869574
23428,1003.95588354538,164778.1063208922,75897.3987115454,77540.50489809545,1341.6336886370555,436.7431958297675,256.8130197318678,828.6157226164069,-2.012587331441484e-06,-0.1334328980482179,96,69,96.84183491367064
23429,1003.9587205000018,164825.2378018191,75882.32015946157,77520.93899215908,1273.113832353847,414.6777673857723,239.54194548999658,802.5744431068015,-1.5933944228978803e-05,-0.1315780273944592,96,69,96.83988123596234
23430,1003.9759144856632,164867.5087817401,75934.77417416289,77543.16818067788,1197.0506985163083,392.5574562799302,220.90288459401927,765.385620261979,2.772142228618306e-05,-0.1621406969999298,96,69,96.83792095167236
23431,1003.9780126265648,164875.9863812114,75880.49448049883,77529.5950916902,1129.5694781857892,374.9704664103192,206.27071061136667,735.6198120207991,-2.879863470429346e-05,-0.162849978967974,96,69,96.83595407691794
23432,1003.995864840926,164899.14675301616,75918.20495778187,77521.80035622699,1057.5990519715124,355.1077421935479,191.1280568552611,695.2862393340038,1.8752316620285484e-05,-0.1573226461369612,96,69,96.8339806278302
23433,1003.9986633584128,164947.60531298554,75923.5647746569,77539.54630659854,998.9777160024387,338.50057985090825,180.64616477597156,664.2446921239898,-1.4656890343419377e-06,-0.1608085456067657,96,69,96.8320006205522
23434,1004.0157937145228,164990.51996702343,75906.03457731637,77521.91090122751,940.1368172056973,319.20598875188443,169.93445177937974,624.9345007605443,-1.6382528367692247e-05,-0.1425739502330889,96,69,96.83001407123756
23435,1004.0179568038552,165004.50989643915,75911.67937425633,77512.47519701059,897.2239022628637,303.37400879416964,163.3520572980342,595.8868534917128,2.789845371132533e-05,-0.1332815009868539,96,69,96.82802099604844
23436,1004.0358466412188,165009.134370419,75885.84832019669,77538.1592552816,852.4231786679593,285.0065899367619,155.16208163759438,557.6078568895755,-2.863580601200839e-05,-0.1262465823825454,96,69,96.8260214111538
23437,1004.0385979712792,165048.22699558592,75929.7276052795,77529.56164497933,820.550969558768,270.9802704788017,149.5838637079578,528.9566699257994,1.831260920827141e-05,-0.1174622705970296,96,69,96.82401533272794
23438,1004.0556740922163,165112.4605660992,75903.07093999653,77507.01428812431,781.6056787250564,255.37995194688847,140.91666743563837,490.55918862402905,-9.190110019572468e-07,-0.107935722730088,96,69,96.82200277694852
23439,1004.0579082804938,165076.10999245776,75890.7998779212,77562.47842765192,749.8737160754972,244.84512801386882,133.46237342018867,460.55527415839606,-1.6824996209467248e-05,-0.1196209351360536,96,69,96.81998375999471
23440,1004.0758274375276,165127.50096341327,75930.0767970469,77553.17783623375,705.3135144108091,232.6718900162232,122.09476865574834,419.2578520559764,2.80658361531828e-05,-0.1231376096902417,96,69,96.817958298046
23441,1004.0785248242396,165169.40639957067,75886.60979895454,77572.05899342941,666.6719665565179,225.46753249576432,112.5199116677395,386.7363623212441,-2.846352421651063e-05,-0.1340005756465909,96,69,96.81592640727943
23442,1004.0955564397084,165241.38034493392,75927.78769764784,77547.65747064531,616.2414485921618,215.5701696323231,100.72658121853601,344.1705333738355,1.7867294926225393e-05,-0.134095319349727,96,69,96.81388810386916
23443,1004.0978671416576,165233.52202349325,75902.15757754423,77537.444599808,573.862439242017,208.26954858463432,92.58156700531254,310.63368153671036,-3.7273750074858747e-07,-0.1228889800597332,96,69,96.81184340398364
23444,1004.1158057796904,165256.42980617683,75946.48823376042,77516.33574949254,520.0080991274444,194.45440026267897,83.44808755471604,266.2286000722088,-1.726120576545455e-05,-0.1220610812533119,96,69,96.80979232378472
23445,1004.1184445626334,165299.62312928963,75921.97176900363,77530.74877580655,474.52272408857243,179.5668775869708,78.17773548976402,230.9250933068979,2.822352551801644e-05,-0.1209650286884771,96,69,96.80773487942513
23446,1004.1354415305628,165347.1805285223,75903.7686922035,77548.64086081968,414.56540860480163,154.81830585261923,70.40734519250691,185.10291681811213,-2.828185911471273e-05,-0.1183886407318875,96,69,96.80567108704749
23447,1004.1378333270548,165360.36348533264,75916.70136259124,77520.07355955828,357.3534383409424,127.01049946063722,63.26203700163751,148.3603368732147,1.741653199611345e-05,-0.1176320809714766,96,69,96.80360096278184
23448,1004.1557802307262,165384.23448133434,75909.37017179358,77534.32335987432,279.14808040851494,89.85297728065052,50.14545448808349,102.07794912389363,1.729470430729199e-07,-0.1227750072327373,96,69,96.80152452274471
23449,1004.1583580576915,165448.61191447725,75946.34504802777,77536.13966453794,203.89595017657848,54.807376753669814,36.27915143003338,69.09837021731073,-1.76910175207204e-05,-0.0014432224241583,96,69,96.7994417830369
23450,1004.1753299875502,165473.49308074932,75887.17904227079,77546.73722745439,115.86193752626423,19.829391592676984,18.576091149443528,32.6339725284779,2.837148129182386e-05,0.2410376495682047,96,69,96.7973527597418
23451,1004.1778067258442,165490.68837794033,75927.97343850363,77558.38527850457,49.79673059680499,-0.0,6.264902023540344,15.30991165235173,-2.809088510808244e-05,0.2287747856306646,96,69,96.79525746892396
23452,1004.1957492949956,165467.2837242512,75940.58959180459,77552.62549398969,-0.0,-4.8188161033031065,-0.0,-0.0,1.6960480050513745e-05,-0.2996390303361121,96,69,96.793155926627
23453,1004.198266506012,165474.08451033675,75938.45342768017,77513.72929162568,10.901284028601367,20.64766351680737,11.137303608789807,9.537335529807024,7.178585400746313e-07,-0.4005001304291953,96,69,96.7910481488721
23454,1004.2152221296424,165453.5942443352,75935.25555284992,77567.34513323767,75.68290535820415,72.02983664652857,38.993765743100084,24.738220324012218,-1.811429457203983e-05,-0.1194336814819591,96,69,96.78893415165636
23455,1004.217787343886,165396.04589863835,75945.94500916399,77556.55040949474,228.79885129706236,157.10835774350562,89.99052212806419,64.73953440459445,2.850966607098413e-05,-0.194640437910281,96,69,96.786813950951
23456,1004.2357112534776,165341.27975945422,75925.43420516081,77558.00696956283,445.30632502090884,262.3463874613517,156.48465448291972,107.91546287841629,-2.789067855732502e-05,-0.1673759835508612,96,69,96.78468756269972
23457,1004.2381716458402,165298.7029453097,75900.89598698723,77544.72069898908,740.4385776209529,387.54338722834655,237.66023583433707,172.73348837002413,1.649930026874054e-05,-0.1372941589441293,96,69,96.78255500281688
23458,1004.2551176618211,165193.71819667544,75908.69322859313,77571.35963781159,1066.7106200706912,512.4719253668009,319.70562184008304,235.8925516710151,1.2618136382850063e-06,-0.1461861769197823,96,69,96.780416287186
23459,1004.2577756863968,165128.7080778435,75919.93404280927,77553.41762517868,1422.0430395189906,633.9171926308627,398.552583112265,313.7839833633334,-1.8530902107315383e-05,-0.1257187716304393,96,69,96.77827143165815
23460,1004.2756637113011,165047.21017983626,75904.73155137453,77530.92198669733,1750.8563496088027,733.2965638606402,461.5904311769991,383.12218736400246,2.863804568609293e-05,-0.1326447943620158,96,69,96.77612045204955
23461,1004.2780763593912,164979.27117134214,75932.9357034377,77544.94268602965,2055.754106094537,813.4680615725374,509.72739787065075,461.9340765232628,-2.768131958572633e-05,-0.1118928488791657,96,69,96.7739633641412
23462,1004.2950148282132,164871.7183939762,75922.26398225977,77568.67070713794,2290.6741892260034,862.9886936965486,536.8574613356031,527.1787014826841,1.6033155427004905e-05,-0.1004623583199814,96,69,96.77180018367584
23463,1004.2977739054476,164836.0592698416,75933.1366049191,77552.67014381933,2473.100826826354,891.92499368274,550.0177576578717,596.4499637612025,1.804629753526819e-06,-0.1066135989796774,96,69,96.7696309263573
23464,1004.31560204097,164728.14691873238,75932.10754822489,77584.09706740579,2574.7295385405305,895.2210870688577,547.9831000517006,648.0916089077073,-1.8940707992203484e-05,-0.1040922044022206,96,69,96.76745560784816
23465,1004.3179869099688,164727.9473074599,75914.57598042715,77575.22095465119,2631.4014324359014,887.5734843031823,540.2694549569715,701.9786835800332,2.8756589836028083e-05,-0.1198367223046609,96,69,96.76527424376856
23466,1004.334907049902,164676.45794628674,75944.0541371611,77606.41416928092,2625.5865394352004,865.050397928906,525.3696723546018,737.0305708346132,-2.746289082468398e-05,-0.1084989751637982,96,69,96.76308684969425
23467,1004.3377909896914,164574.2373581498,75930.83639310482,77565.04329875654,2598.826984313375,841.2786822841881,510.7115541564417,773.0880567729182,1.5562209847581807e-05,-0.0893497072214622,96,69,96.7608934411552
23468,1004.3555109774998,164590.16315179836,75942.96551785148,77588.81448698141,2536.279543484794,810.7975047717919,492.7586041833274,791.0499526325439,2.346124449439567e-06,-0.0832294821352653,96,69,96.75869403363346
23469,1004.3579276769088,164549.71625633095,75972.8513608271,77595.86657250619,2479.3775182639947,785.5574523451651,477.20823834711337,813.0782524948008,-1.9343582388170625e-05,-0.0719164817535846,96,69,96.7564886425623
23470,1004.3747540277136,164555.96613920186,75911.28952010744,77549.12623450678,2406.7560142877046,757.6007870921603,459.19302210840397,820.3981756022549,2.886527081757004e-05,-0.0522839971244954,96,69,96.75427728332404
23471,1004.377911611066,164543.50158639505,75933.43037714808,77574.41143106048,2351.170824134955,736.4199502321717,443.5579683481774,834.1520792187075,-2.7235478177434504e-05,-0.0307413025545838,96,69,96.75205997124831
23472,1004.3950849260108,164515.94763296854,75926.26255479362,77586.66922906405,2285.773621237313,713.1411758573231,425.8772329853673,836.4757964900055,1.508662911143182e-05,-0.0139687608401314,96,69,96.7498367216108
23473,1004.397199303028,164498.7636037327,75962.77490792115,77615.52156265793,2238.633443566505,696.39286635381,411.29192224051803,848.1763755741122,2.8861162316619917e-06,-0.005580513159275,96,69,96.74760754963152
23474,1004.4148622249132,164466.91954693006,75956.23582286098,77576.16614127057,2175.737945543544,675.4842785344372,394.9673402622866,848.1315759830759,-1.973939796626231e-05,-0.0001314302598207,96,69,96.74537247047309
23475,1004.4178033770622,164492.87854576658,75949.82036765642,77592.75361658509,2125.368921445508,659.0229815937637,381.9624096271,856.8799629573186,2.896406536853051e-05,-0.0003984357754423,96,69,96.7431314992392
23476,1004.4350085481052,164484.73211662695,75951.47999902333,77597.08345148774,2056.2460715354537,637.0084729198716,367.41976526676444,853.8163808875834,-2.699917031310627e-05,0.0057867667335735,96,69,96.74088465097329
23477,1004.4370979835284,164449.88115511413,75943.9766270628,77572.58920713968,1999.0570203540265,618.4975173176936,355.938070153381,859.0182705930201,1.460658020883535e-05,0.0093247864521578,96,69,96.73863194065628
23478,1004.4548661170228,164453.8112448536,75948.3562654319,77568.20397626271,1924.4033263153397,594.0985749071406,342.5568942926184,851.3747054410051,3.424424548215317e-06,-0.0168788922041571,96,69,96.73637338320584
23479,1004.457734995791,164442.51760086024,75940.39661616329,77579.58972879483,1867.779345473682,574.5089259291999,332.53494445819524,852.813806933118,-2.012803008765326e-05,-0.0428214883175503,96,69,96.73410899347373
23480,1004.4749039140136,164450.38457418437,75941.41587318675,77556.74360204021,1803.366976883437,552.0318057338445,322.0092641270312,844.2651319463912,2.905295249965093e-05,-0.0583355424096897,96,69,96.73183878624566
23481,1004.4770210963824,164474.66080242378,75945.88064253675,77561.7288925919,1765.4842187574832,537.6469416684704,316.5321848913445,847.3437734393519,-2.6754058810327283e-05,-0.0931168623342355,96,69,96.72956277623828
23482,1004.4948596580012,164450.96434255355,75943.51076149814,77589.95794506697,1724.9888047100976,523.3645668424288,312.1131081566855,841.7436743172875,1.4122231448890298e-05,-0.0993661920691317,96,69,96.72728097809876
23483,1004.4976670101538,164437.809857057,75954.56610670622,77561.68577302393,1714.8655781853013,519.9706226327253,313.79086374369217,849.1879085641995,3.9608690767059856e-06,-0.0945120307129327,96,69,96.72499340640243
23484,1004.514792886588,164400.64827847632,75930.28406741757,77580.6723530311,1704.464778306603,518.8371525419498,316.76386987575097,849.1946976063773,-2.050935656517054e-05,-0.1016122804947732,96,69,96.72270007565172
23485,1004.5169564017408,164395.84316026382,75935.95061825258,77598.84418352817,1722.3333330620662,528.5778665261314,324.4797659915057,861.4304325373378,2.9131915405432404e-05,-0.0914328349902899,96,69,96.72040100027442
23486,1004.5348496393756,164375.34204221884,75950.82416635493,77580.92518239505,1734.2269343974767,538.4756329303782,330.9989439534256,863.820941434853,-2.6500238170661355e-05,-0.0722033059669329,96,69,96.71809619462216
23487,1004.53759399487,164399.99555528295,75923.42702306474,77568.19478117733,1768.1363772799377,555.7889935070853,339.3078723931394,876.7160741541593,1.3633752482734051e-05,-0.0782023793604496,96,69,96.71578567296906
23488,1004.5546804439156,164385.14037270346,75913.46422849767,77595.27724622696,1789.3782606483437,568.9335274419573,343.72786309194635,878.6950185155438,4.495271162460032e-06,-0.0676211849418,96,69,96.71346944951
23489,1004.5569010578204,164367.1705836556,75899.63310320632,77543.03779001052,1822.3427011950407,583.7847732564551,347.40314850595314,888.8593604000343,-2.08832580022839e-05,-0.0613447011289583,96,69,96.71114753835911
23490,1004.5748369786749,164325.28506887393,75937.6659865069,77589.94197800758,1830.6788164165337,588.7519984331739,345.55552016114234,885.1304303257202,2.920094015762943e-05,-0.0919273229490461,96,69,96.70881995354856
23491,1004.5775145162364,164322.44668387083,75917.4188650754,77563.8295517073,1840.8149352994515,591.1712166799407,342.537471565156,888.1247117790626,-2.623780595170525e-05,-0.0772860498605038,96,69,96.7064867090266
23492,1004.5945689625298,164333.68640913905,75912.56550988508,77593.12289440286,1820.0546039253823,581.8111290124216,334.77971845693537,877.266707840492,1.3141313982570856e-05,-0.0625691564803626,96,69,96.70414781865672
23493,1004.5968538596356,164364.88488662065,75925.8617509072,77529.54358083125,1796.5384214462247,569.5802148951043,326.8410695787752,873.0932150667359,5.0274522316194655e-06,-0.0772122880372846,96,69,96.70180329621552
23494,1004.6148213200942,164328.35573410412,75907.76252479918,77582.87621417445,1742.0021906631882,547.3645511117356,315.33507188176736,855.7051217640692,-2.1249617884117222e-05,-0.0516045759543487,96,69,96.6994531553915
23495,1004.6174282700504,164371.30410060272,75914.66050725759,77575.10918024476,1690.4396159112803,525.8090467533475,304.703549572936,847.5863108976046,2.926001659680824e-05,-0.0521816377308638,96,69,96.69709740978396
23496,1004.6344600592518,164366.91973732196,75927.88871330814,77549.52332412316,1617.6061350682867,498.57399297847587,291.3994934646471,829.3515007469978,-2.596686184108592e-05,-0.0584152178159126,96,69,96.69473607290088
23497,1004.636813980029,164360.40725731483,75896.61173577809,77581.01549723619,1555.6475781792542,474.9111893615918,279.17878527616267,821.432182722172,1.2645087635327152e-05,-0.0482111519047759,96,69,96.69236915815786
23498,1004.6548019410582,164371.11652051323,75925.46184556684,77572.53811166571,1478.8364685256383,447.43998697212373,264.5893346805533,802.970928874216,5.557235301967011e-06,-0.0346661906855371,96,69,96.68999667887704
23499,1004.6573354454948,164393.031000991,75920.42074759654,77561.48798499315,1417.6874921523267,424.55240946420236,251.7362112859555,794.3817937976855,-2.1608321576774416e-05,-0.0372317189839012,96,69,96.6876186482848
23500,1004.6743550243652,164380.33238679593,75915.01945312589,77552.41739173821,1344.4102023563464,398.56843904605194,237.6970595998573,774.1701306744071,2.930913784961504e-05,-0.0472085592976841,96,69,96.68523507951116
23501,1004.6767806387808,164397.64523264355,75930.48471536514,77602.05582774692,1284.8653741478338,376.9903342297912,226.31800541162374,760.9958350090892,-2.56875090522014e-05,-0.0354578703164975,96,69,96.68284598558787
23502,1004.6947780330177,164422.73249708125,75916.96459101747,77566.94202521486,1211.2749523474486,352.6849032580503,214.65059998526704,733.5937390519248,1.2145246662601002e-05,-0.0359730572686145,96,69,96.68045137944738
23503,1004.697236518006,164430.78935603806,75934.81770393385,77599.51123145339,1151.475740878377,333.6765026034991,206.10763921620674,712.7083340138779,6.0844443561720655e-06,-0.0340824114614859,96,69,96.67805127392124
23504,1004.7142549500004,164454.57592968392,75898.60076115244,77546.51976758576,1080.1585456470493,313.2321445001726,197.2730959514156,678.2860415858449,-2.1959258209252893e-05,-0.0258234658286909,96,69,96.67564568173864
23505,1004.716752996265,164504.89580607958,75908.17884637909,77574.43898549491,1024.0188237247057,298.27083196269814,190.54334469130845,650.6897067145619,2.934830023848117e-05,-0.0277916688611534,96,69,96.67323461552525
23506,1004.7347488185446,164508.18911230814,75917.40519405977,77541.52145098099,959.3585494533763,281.82916990575904,182.2995097405219,610.7251112304803,-2.5399853058560865e-05,-0.0283272494814457,96,69,96.67081808780188
23507,1004.737132159,164541.2891540024,75925.29254108404,77552.0255712642,913.1588496231125,270.1910200591665,174.86574655101867,580.2559281796566,1.1641964762354944e-05,-0.0346282012927087,96,69,96.668396110983
23508,1004.7541607700456,164557.5816415947,75946.49918636985,77573.09791958814,860.8727689518128,256.1011612087459,165.04410638671834,539.8762629610137,6.6089040376414e-06,-0.0335020010094616,96,69,96.66596869737542
23509,1004.756730119248,164637.89538000408,75947.81215642064,77571.89146145176,824.7585663743666,244.883824365068,155.28056036200724,509.6014442970918,-2.2302319007442133e-05,-0.0305829230215272,96,69,96.66353585917696
23510,1004.774713613347,164608.64530329723,75940.22752242532,77565.62218058493,779.7194071332924,230.2001675174979,143.25375362142222,469.78410188286216,2.937750373791109e-05,-0.0231658348219186,96,69,96.66109760847512
23511,1004.7770231832416,164644.27593154777,75922.61832751654,77591.7868546522,747.4631410409347,218.26897865296633,131.99652544929995,441.01221083503333,-2.5104002022341657e-05,-0.0109132268502107,96,69,96.65865395724596
23512,1004.7940732708694,164692.45761819615,75945.12682179108,77588.51909845776,703.7548712961143,204.00506280281115,119.86353879145463,402.8939959934796,1.1135416654648725e-05,0.0010876375517724,96,69,96.65620491735277
23513,1004.796710974412,164713.2446864917,75972.90756093473,77596.64079672107,669.047805754235,193.34073105457355,109.8294852655381,374.27749046869576,7.130440782971839e-06,0.0030081604044055,96,69,96.65375050054442
23514,1004.814671866136,164735.69595926508,75948.59400956582,77569.52544120597,622.4709777453681,181.4042030289129,100.52270693040919,335.02389632794075,-2.2637398430824693e-05,-0.0163844649200082,96,69,96.6512907184544
23515,1004.8169105085144,164768.97158777065,75933.27205072947,77581.69017259509,585.5800463048508,172.77565333641542,94.37104477462708,304.84333238375257,2.9396751314976383e-05,-0.049533195605393,96,69,96.64882558259971
23516,1004.8339930934452,164808.40358226004,75936.26546908413,77587.77439643664,537.6454513794743,161.19187155553664,89.1584643762908,263.1291992490296,-2.4800067100590807e-05,-0.0555821594446744,96,69,96.64635510437928
23517,1004.8366944331796,164838.8025393122,75941.69344869818,77579.52845025877,495.6867811497068,148.9881349877105,85.48036264651455,228.56783029116923,1.0625778395025752e-05,-0.0403044377464362,96,69,96.64387929507276
23518,1004.8546231889004,164858.56311540917,75926.65060885713,77563.34185384393,438.1089419462369,129.96335486951284,79.87490009557223,182.02648080227664,7.648881714951736e-06,-0.0278987614432323,96,69,96.64139816583966
23519,1004.8567951175283,164874.37973264663,75933.26104198636,77594.14798984416,379.6708501437679,107.11550700795488,71.90619648029679,144.45674836318358,-2.2964393313091683e-05,-0.013896291502762,96,69,96.63891172771754
23520,1004.8739207359624,164958.95502666777,75920.58798363876,77573.51265988017,300.3870357083506,77.22000271356956,58.81379206266138,97.92724101498607,2.940604983713713e-05,-0.0192044398131187,96,69,96.63641999162138
23521,1004.8766792798814,164971.44426732173,75969.34737213247,77575.28539646268,218.06753540993668,46.644610345276305,42.12138360305107,64.10608722781762,-2.448816161845729e-05,-0.0090013486271388,96,69,96.6339229683422
23522,1004.894567383806,165003.58914164983,75940.17685488703,77568.74670021239,124.89695015165489,17.547063153469935,23.13185852605966,27.543727631680667,1.0113226373324142e-05,0.0005251972130484,96,69,96.63142066854552
23523,1004.896678016442,165005.42309238433,75943.90201298213,77566.32235823375,50.651366461243015,-0.0,7.439016417018138,11.590477816091152,8.164055487120116e-06,0.0264113992709409,96,69,96.62891310277053
23524,1004.9138565631574,165009.47928358425,75964.29094754865,77563.86418743822,-0.0,-1.3199343178857816,-0.0,-0.0,-2.328320384022124e-05,0.185812281186595,96,69,96.62640028142924
23525,1004.9166642168116,164995.72304387827,75942.4803524217,77572.58702225312,6.834648958290927,22.072727779654087,7.385634701611707,13.941184605268063,2.940540926668934e-05,0.4072072992543269,96,69,96.62388221480462
23526,1004.9345044726762,164965.9455888186,75943.00645436526,77570.75199812306,75.70506111788563,71.20629174228816,33.109190836170455,36.19860024304944,-2.4168401700217845e-05,0.1154876957113325,96,69,96.62135891304978
23527,1004.9365601840432,164918.52123732533,75927.49277403535,77568.00164049897,227.21078778238734,146.96190472248418,78.70309370741597,85.96960047542234,9.597937769931803e-06,-0.3763585292767694,96,69,96.61883038618708
23528,1004.9538008297592,164857.8838333174,75908.98462895866,77541.50178450775,446.8497759948368,242.36068744429213,141.10252380353631,142.37907074883697,8.67579222153299e-06,-0.1447290732405503,96,69,96.61629664410698
23529,1004.9566478573164,164741.29322094002,75940.66126414666,77553.1968160153,729.9229995237547,349.9835869714734,214.4981691823341,220.9467118680186,-2.359373286236292e-05,-0.0107700078047039,96,69,96.61375769656614
23530,1004.9744347385288,164685.60071979262,75906.31565551744,77544.22417090392,1043.0046919974848,458.31300019231276,290.70749083621195,299.7545891709451,2.939484284898421e-05,-0.0800949024637151,96,69,96.6112135531878
23531,1004.9764425004438,164556.55830638815,75920.2909092548,77559.17330845019,1366.1452620197088,558.0073628721584,361.3821059257316,393.2693180393253,-2.3840905922434856e-05,-0.0078437258220334,96,69,96.60866422345912
23532,1004.99375373252,164511.48398154927,75909.74332096394,77589.30458988145,1662.8288086154498,640.3285189321032,419.8839634361502,478.11611053164233,9.0800908553324e-06,-0.027780447405209,96,69,96.60610971673157
23533,1004.9966286886124,164419.44736758486,75890.61503363196,77546.79390509428,1917.4432105100714,700.6016750776471,461.8982395220519,568.0861913293193,9.183923226568282e-06,-0.0144910007356407,96,69,96.60355004221856
23534,1005.014358801502,164288.23200210524,75909.44834407866,77586.10562741247,2109.193405632337,737.1269633372576,486.8556355904875,642.0251384412986,-2.3895886099390813e-05,-0.0015744384733667,96,69,96.6009852089956
23535,1005.0163256274024,164223.86577794093,75900.60340757036,77558.34285224802,2238.747671265737,751.1781589595339,495.9590820371959,715.5293453264167,2.9374367246097445e-05,-0.0098247623279849,96,69,96.5984152259981
23536,1005.033715527697,164198.26698996287,75868.29027768577,77549.07658528144,2303.6931524126558,746.8378670287639,493.263868810187,768.8644502733368,-2.350579529257224e-05,-0.0003439667405978,96,69,96.59584010202164
23537,1005.0366049552076,164088.28889013996,75879.9213907512,77558.00524289497,2317.259595300362,728.5422587745124,482.03338722797344,819.4783306404133,8.559864004170713e-06,0.0013527729018041,96,69,96.5932598457197
23538,1005.054277793791,164084.98918343935,75910.24939779581,77571.22203027812,2287.9443792874226,702.5154382232286,466.7141444426088,851.5141233548638,9.688281245831414e-06,0.0027652732843433,96,69,96.59067446560364
23539,1005.0562097532428,164043.5129814347,75909.68960950914,77547.17215518087,2232.0080988242407,672.6988310150628,449.0872198524012,884.2625580143649,-2.4189572670600795e-05,0.0156636044714085,96,69,96.58808397004138
23540,1005.073686835058,164036.9023706993,75900.32901310136,77547.03017295527,2159.44816917961,644.401129274891,431.9965327354148,902.0297814249352,2.9344002410077653e-05,0.0146468683368149,96,69,96.58548836725608
23541,1005.076574291548,164001.00021635374,75907.08177455222,77558.76931890765,2082.704070241889,618.7859320619318,415.2020193109347,923.3378545056039,-2.3163193388824524e-05,0.0072977972549565,96,69,96.58288766532588
23542,1005.0941938810508,163986.557604713,75909.24236783719,77559.45278011996,2008.6938995530363,598.6562910118082,400.2684294905048,932.9192448989779,8.037436547044852e-06,0.021124916375818,96,69,96.58028187218248
23543,1005.0960938338742,163951.76081098896,75869.7564239301,77579.57760991318,1942.8850485631847,581.9866266390163,385.85230191837763,947.6937053448346,1.0188700349140745e-05,0.0356633786300157,96,69,96.57767099561032
23544,1005.1136696996878,163917.9724664334,75913.85624583736,77585.7955848471,1887.4434104068787,569.9108431446657,373.4051239641558,950.7083386236918,-2.447470411611253e-05,0.021391001033469,96,69,96.575055043246
23545,1005.1165321752158,163947.61103135865,75904.07688102037,77567.27652252871,1841.2639448874397,558.6231366708816,361.3739705714688,958.0864991177514,2.9303771755826543e-05,0.038033346958456,96,69,96.57243402257696
23546,1005.1341127364612,163947.75820531548,75931.93274966002,77557.51835664382,1803.5522156660445,548.9648104901426,351.4981661963975,954.7080967126822,-2.2813225958929485e-05,0.0629893003129803,96,69,96.56980794094048
23547,1005.1359712812612,163931.90502673195,75918.47674938632,77579.38356253612,1769.569073718274,537.0409231627418,342.2725187249889,956.9914272468595,7.512988124834611e-06,0.0670692315494893,96,69,96.56717680552346
23548,1005.1536761672668,163930.60591350027,75888.6472498269,77566.44566326731,1739.2556440004264,525.2790262873168,335.79863033629954,950.0250432195608,1.0685016753432651e-05,0.0778803029277684,96,69,96.5645406233612
23549,1005.1564480781147,163919.37023065766,75901.84685170838,77580.92845698733,1707.7310370531632,510.85922219473287,330.10986943534226,950.3126864465885,-2.4751195185931007e-05,0.0801638879999984,96,69,96.56189940133642
23550,1005.173252115825,163936.041728509,75895.13999635915,77555.08925385097,1677.6258731636335,497.74435590259964,326.73291363957105,944.580839977134,2.9253702058747067e-05,0.0883710439154243,96,69,96.55925314617852
23551,1005.1758776192908,163920.84142828014,75919.5379526529,77575.25570431161,1645.3322883790242,484.0532441820833,323.1011247035058,946.9984054586675,-2.2456021024224377e-05,0.0997863583320119,96,69,96.55660186446322
23552,1005.1936870819766,163925.45822231943,75889.83494907574,77565.040316063,1616.407121713215,474.40732289958396,320.67512540562893,943.7671303035459,6.986698984901989e-06,0.0896836515993412,96,69,96.55394556261086
23553,1005.1963239026308,163910.46965599214,75900.44179508845,77602.19387047557,1587.2967157140374,465.93598680557625,316.94898427682347,948.530291238334,1.1177067791542386e-05,0.0623327477041201,96,69,96.55128424688672
23554,1005.2131718901596,163893.09228495328,75936.98967333754,77549.28194606864,1565.4290559306974,462.75257244854583,314.4554483809916,947.3075257454184,-2.5018963977228966e-05,0.0444374099521393,96,69,96.54861792339928
23555,1005.2158337214014,163897.2253597406,75928.4432731643,77519.1393517383,1547.125133076508,461.1728718795348,311.8248200661619,951.9985255344072,2.919382300198765e-05,0.0169079206870454,96,69,96.54594659810012
23556,1005.2336715153768,163928.14576363692,75922.23713298484,77561.27054470124,1540.6404808293446,465.17155862032087,312.49652066853014,949.3943980079202,-2.2091709570210825e-05,-0.0149383411946537,96,69,96.54327027678278
23557,1005.23620789391,163874.26338303645,75888.57869017059,77554.64976869711,1539.800286169455,470.33430386619875,314.7258730332542,952.143595176196,6.458749791000534e-06,-0.0272669685272847,96,69,96.54058896508258
23558,1005.2530877623354,163878.22346573253,75884.10083471108,77584.67238034491,1551.4326698834193,480.7288597644365,321.0485484986566,948.2531843167089,1.1664692559353718e-05,-0.0315319441268747,96,69,96.537902668475
23559,1005.2558021088022,163885.71559466806,75891.74099939613,77576.73436587368,1565.6754313188721,491.3162853568065,328.0697769152757,949.6672821037646,-2.5277931104667477e-05,-0.0349537286655824,96,69,96.53521139227588
23560,1005.2736439427996,163910.42430096748,75917.87799009526,77563.88006141587,1586.7646829432924,505.18879553792067,336.7420364303689,945.6550670400902,2.9124168083275337e-05,-0.0219415320825225,96,69,96.53251514164052
23561,1005.2760922241816,163862.22325583085,75909.01400298631,77585.888903837,1601.0836611790583,515.3269312215562,342.3975909347355,948.1858330284886,-2.172042353658829e-05,-0.0169239150825505,96,69,96.5298139215626
23562,1005.2930061390958,163863.10048683887,75929.39855112467,77547.16478566178,1613.3011005856097,524.1609858928423,346.24334321619244,946.4256139831559,5.92932114563435e-06,-0.023839047376272,96,69,96.52710773687416
23563,1005.295777813626,163913.6876166851,75898.37504523133,77554.23499039462,1611.1618614860345,524.8144965934625,344.780345076666,949.9686399314669,1.2147731817147464e-05,-0.0153351463757592,96,69,96.5243965922443
23564,1005.31360670107,163875.66173814522,75871.39674296536,77554.38590879011,1603.0126970979036,521.182650180941,340.88668354874244,947.7620799148863,-2.5528020868643507e-05,-0.0014665102476746,96,69,96.52168049217924
23565,1005.3159756203354,163834.99732070207,75904.25834414647,77542.24912843555,1578.7789942264208,508.1166805079556,332.3156941430934,948.3021440533339,2.904477382202874e-05,-0.0065468090205834,96,69,96.5189594410213
23566,1005.3329293635782,163892.36779414382,75882.18034617734,77547.22651844693,1550.6447105443804,492.30751385547046,323.05160100516514,940.6949411921087,-2.134229851068608e-05,-0.0277790160977768,96,69,96.51623344294836
23567,1005.3357583613056,163861.80595389492,75855.11446973644,77552.82749720382,1509.8939851726172,470.51274308006396,311.0910133428988,932.6851971676806,5.398594193480362e-06,-0.0121238094772328,96,69,96.5135025019734
23568,1005.3535604801256,163891.7136942763,75870.85269125378,77547.47734320216,1468.9319280681666,450.07816983420344,299.9378925966157,915.7335680180695,1.2626028165297032e-05,-0.0056196319831359,96,69,96.510766621944
23569,1005.3558581943646,163911.4212209868,75878.68796076304,77552.41083654284,1416.600423387892,426.7306335831672,286.61768666942953,898.8663341886422,-2.5769160187647848e-05,-0.0099059556801326,96,69,96.50802580654164
23570,1005.3728586407676,163929.49255705814,75906.64795774037,77564.10066656843,1365.1255196871934,406.9653617323056,274.28279345011106,875.5285531465488,2.8955679764343823e-05,-0.00407562967966,96,69,96.50528005928116
23571,1005.3757419617594,163948.51900297205,75898.3556495366,77556.35830272107,1302.9079857605975,385.2752122017264,259.9509246684611,854.3752886484144,-2.0957471197951445e-05,-0.0119409771570519,96,69,96.50252938351036
23572,1005.393505547316,163982.17844234046,75890.19539197831,77545.32245129402,1242.7906539760297,367.02219515839533,247.0025285956508,829.9388326050539,4.866750673195256e-06,-0.0120848754753235,96,69,96.4997737824096
23573,1005.3957405793444,163980.35469292462,75878.23103656751,77552.23921903594,1173.1692115782644,345.75618381729873,232.62689026305452,809.4234794633521,1.3099425991601946e-05,-0.0157430055487289,96,69,96.4970132589911
23574,1005.4127946293668,164011.9951960521,75855.11777559269,77522.76738321088,1109.283935918007,327.40801588399336,220.56731010600924,786.5681649592298,-2.6001279502020297e-05,-0.0294879175704653,96,69,96.49424781609876
23575,1005.4157270926444,164016.0902088334,75872.21612098227,77557.83962462515,1040.4521290626144,306.3234590275679,207.8670900662255,766.0375268358039,2.885692913680873e-05,-0.0194190014831174,96,69,96.49147745640752
23576,1005.4334420867924,164076.6071508776,75901.64375094425,77549.20777650193,981.7525650417665,289.08112489106134,197.6252177078568,741.7515247672272,-2.0566080875849453e-05,-0.0155650206490951,96,69,96.48870218242264
23577,1005.4356236491698,164079.06932625745,75876.31695406123,77521.11691365752,920.6117178510758,270.2785119376931,186.22944155384903,717.3568235238199,4.3339715810026254e-06,-0.0158386204641994,96,69,96.48592199648022
23578,1005.452737634792,164071.6965573536,75901.06250281692,77538.73940193612,871.9869878723985,257.1610418093478,176.92366716114338,688.0483413265902,1.3567771813751932e-05,-0.0126012922733234,96,69,96.48313690074572
23579,1005.4557123690422,164119.58887536716,75888.67479674944,77557.4534813738,822.0867970405961,244.1563809649524,166.56872116119484,657.6195574531739,-2.6224312065981703e-05,-0.0103605368238035,96,69,96.4803468972142
23580,1005.4733703276694,164191.06905208644,75901.72546240885,77573.39920229404,784.3049377135467,237.40196161167114,158.775495393842,623.8621106593637,2.874856821642092e-05,-0.0163239707685041,96,69,96.47755198770996
23581,1005.4755083913824,164208.44622745487,75921.33261870555,77564.40858409104,743.1104569137678,229.83100460695277,150.51554459350882,590.7768338124442,-2.016826857915013e-05,-0.0103130181198882,96,69,96.47475217388592
23582,1005.4926876901144,164217.52740791114,75895.52256544516,77572.67066583119,712.7161822145572,226.89968312575365,145.360960061691,557.4580447636836,3.800438891664341e-06,-0.0015543815424996,96,69,96.47194745722364
23583,1005.4956965023158,164280.04876994243,75895.42184210989,77572.87365807264,677.7160033913096,220.95667617884465,139.6630657982605,526.4679715166276,1.4030913621595954e-05,-0.0023764723550326,96,69,96.46913783903254
23584,1005.5132905991512,164284.48217267735,75911.887678646,77557.86295435016,651.8106793864863,217.07333612076764,135.97519905070658,496.9129131306836,-2.6438194413342084e-05,-6.991052496538155e-05,96,69,96.46632332045
23585,1005.5153958342572,164318.42480552295,75908.16019652633,77563.6274910097,618.8997619691072,208.0497195123753,130.0643972005346,468.8867817950668,2.863064624594647e-05,-0.0167323850106968,96,69,96.463503902441
23586,1005.5326445978296,164351.48296002916,75861.29726759311,77564.99369930306,593.9434280277346,200.6481481501687,124.87659615345183,441.33977108908584,-1.9764177494466545e-05,-0.0204895860936879,96,69,96.46067958579772
23587,1005.5356782934113,164359.17760960056,75913.10755315285,77566.16443480173,561.2213013711735,189.10159677611955,117.06740736725624,412.6350237883453,3.2663338039005297e-06,-0.0002517502750483,96,69,96.4578503711394
23588,1005.5532033536216,164425.2803172915,75914.50377364,77556.14534468375,535.3893599481671,180.58162509607791,110.40768932856736,382.62630563168204,1.4488701535210256e-05,0.0067825160654954,96,69,96.4550162589123
23589,1005.5552869974172,164425.11711978662,75906.4770908788,77553.47911515576,500.64205768710235,169.02744678214367,102.2260511367931,348.8440108735231,-2.6642866561169145e-05,0.0244369111975258,96,69,96.45217724938888
23590,1005.5726079565812,164502.70381487752,75906.00181026875,77557.3337577772,472.74125237355474,160.8880601965211,96.4415086338704,313.09010703791864,2.850321597843155e-05,0.0175859894708117,96,69,96.4493333426682
23591,1005.5756566410436,164505.8719421755,75888.95876268532,77545.70119676251,435.03885400429135,148.42006770193984,89.49362252347055,272.6625876533217,-1.9353952869381573e-05,0.0048728077368013,96,69,96.44648453867572
23592,1005.5931091726558,164576.69762312443,75903.73529071633,77562.79935930698,400.68789273069706,136.0445793235558,83.5459625213698,231.13182042818516,2.7318381168501784e-06,-0.0004436452769536,96,69,96.4436308371627
23593,1005.595182854752,164621.5604105454,75922.74021435982,77546.75822859592,351.01074778381735,115.46864201300195,73.702121997223,185.40964965338935,1.4940987899281012e-05,-0.0095448331104314,96,69,96.44077223770653
23594,1005.6125771821934,164649.32544813887,75912.72442576116,77567.3781414395,299.6761827004375,92.73198876496463,61.99702075883397,141.60352177618188,-2.683827133881468e-05,-0.0111265827671132,96,69,96.43790873971014
23595,1005.6156305565298,164684.32550385874,75891.20397200377,77573.78972592505,229.99096220376668,62.60725358632044,44.88777857273817,96.762670371274,2.8366332986715965e-05,-0.0041744696153154,96,69,96.4350403424024
23596,1005.6330087624312,164761.01205115582,75913.55720707373,77569.11731628142,160.19264421408297,35.00043697805086,27.12369542341912,59.18977632111637,-1.8937741590086555e-05,-0.0048365851709885,96,69,96.4321670448376
23597,1005.6350843050968,164773.20685793224,75904.89717490376,77541.63167240215,82.80981671827612,9.44705692473508,9.234122566616861,25.875020723440684,2.1971331953166437e-06,-0.0008499181887287,96,69,96.42928884589554
23598,1005.6525515268816,164807.3708121907,75906.9689286802,77536.95874780165,28.45128953451058,-0.0,-0.0,7.593546885153046,1.538762682973811e-05,-0.0094795545020293,96,69,96.4264057442814
23599,1005.6555991814243,164818.0140601553,75895.97621725051,77586.66337280216,-0.0,7.724742749924189,2.2889809290936682,-0.0,-2.702435489958615e-05,-0.0184433483058079,96,69,96.4235177385259
23600,1005.6729029414512,164784.80362728174,75899.36503244707,77555.49178371926,32.60183073912049,44.477784252143465,24.216158216295298,13.443465717457002,2.8220056650903245e-05,-0.0029501525350538,96,69,96.42062482698528
23601,1005.6749921490534,164795.55426728426,75899.57845166766,77560.95171674716,126.82564923341852,106.36002917293808,65.2378836889402,40.204586397565436,-1.8515692538089438e-05,0.0844565077574961,96,69,96.41772700784053
23602,1005.6925300980906,164742.63276624816,75893.72666193647,77550.25699029288,306.48177829023916,197.74219551117858,127.52167524045217,89.69586089235963,1.6624003545984315e-06,0.3279157990432939,96,69,96.41482427909877
23603,1005.6955618060242,164665.79249809397,75914.93656595628,77568.62316278106,551.5219420772628,305.77912464858673,203.2976435572782,149.7547692260705,1.5828474720440375e-05,0.3294140262151421,96,69,96.41191663859183
23604,1005.7127926220782,164590.60200271494,75916.70536468699,77548.49989481212,860.5034631533781,426.4616897657979,287.97148304327857,227.3607893018343,-2.720106668008843e-05,-0.2367697855633932,96,69,96.40900408397758
23605,1005.7149070715705,164542.5881386775,75925.81478867553,77553.1160524726,1191.988778221421,542.2805250291567,369.8553998704301,307.1525983415195,2.806444843768743e-05,-0.333327615889398,96,69,96.40608661273896
23606,1005.73251187712,164432.81397775788,75904.01021059987,77557.06537799057,1531.3693854394369,648.8097673250159,443.825725622708,396.73948409809964,-1.80879564369394e-05,-0.0245243211112658,96,69,96.40316422218449
23607,1005.7355178880156,164363.94233870652,75908.8997410197,77600.87875385246,1833.8005213814322,731.8506870388373,500.82757166490774,479.2100480014051,1.12782033307163e-06,-0.084874216709765,96,69,96.40023690944864
23608,1005.7526787863566,164315.97867721503,75901.77136720387,77585.88248636595,2091.385133242118,792.8888606850378,540.4456880375947,563.1461071083613,1.6263390068393564e-05,-0.0614278825786285,96,69,96.39730467149136
23609,1005.7548296308528,164175.61251216172,75893.59193091288,77577.73880075426,2275.673797891068,825.6055378311576,559.6148526036995,632.5315419547551,-2.7368359353840687e-05,-0.025645288667808,96,69,96.3943675050987
23610,1005.772495736728,164157.5288616088,75892.64892861996,77591.25399339701,2398.9243168296525,838.8248515071755,563.4155825095659,699.7762733771524,2.7899573808354244e-05,-0.0470567025088307,96,69,96.39142540688246
23611,1005.7754670714562,164142.60335118434,75900.46589752166,77588.03460806744,2450.7365856897086,831.3141456390294,552.8299051891081,749.6486984046642,-1.7654685266245482e-05,-0.0296125804835646,96,69,96.38847837328112
23612,1005.792562455757,164083.54916670112,75911.70951418225,77557.8196262963,2456.6039762394503,814.2011618868419,535.1263536875194,796.5907205157564,5.935742089491615e-07,-0.0389645542046312,96,69,96.38552640055896
23613,1005.7947602550852,164018.20517837335,75880.82996384792,77563.98553272396,2415.3756251393934,786.9118287940073,512.2045392390864,826.7446352150873,1.6692233600238537e-05,-0.0545664528122666,96,69,96.38256948480752
23614,1005.8124804557194,164035.49845187736,75862.99340029417,77536.11815769153,2356.247366911266,759.4112661261897,490.68343681428814,857.4137044489617,-2.7526188996416584e-05,-0.0411815956169139,96,69,96.37960762194449
23615,1005.815409207659,164000.33322968864,75884.26727401551,77552.76363074812,2276.4837306399713,728.7944282765384,470.53305591776734,873.9926718975476,2.772550070968187e-05,-0.0273565980555565,96,69,96.3766408077149
23616,1005.832444653141,164012.70501421884,75923.28266977913,77567.05278831969,2200.7682730953093,702.5307751744695,455.58781192515744,893.8526703981624,-1.721603340953818e-05,-0.0456480247793911,96,69,96.3736690376911
23617,1005.8346992499436,163957.87846057673,75917.55971402305,77581.82236519422,2122.3167346379487,676.4378008933418,443.2654799616139,902.147150853998,5.984205698712656e-08,-0.063102248316002,96,69,96.37069230727283
23618,1005.852464726688,164008.5875895692,75909.56420548499,77579.46282397557,2060.8148110479815,656.9576378002384,435.1253274505143,916.8870974203746,1.7114868152914763e-05,-0.0401823326206613,96,69,96.36771061168784
23619,1005.8553443817774,164011.39792653764,75901.85576722218,77506.27378896154,2003.1274824273423,638.6582130367169,427.05025117864716,920.4827638230927,-2.7674514613105702e-05,-0.0364496124564358,96,69,96.36472394599195
23620,1005.8723263525296,164002.20165515743,75920.3912156633,77533.9721309355,1962.5062272461946,626.4847314388317,419.98014758943464,929.3702983254334,2.75423004591034e-05,-0.033042739860603,96,69,96.361732305069
23621,1005.8746468231368,163961.10797984648,75915.79259830022,77571.67440979929,1921.9307319373474,614.141119185093,410.444428592833,925.3777481752913,-1.6772156506657814e-05,-0.0215407613361157,96,69,96.35873568363245
23622,1005.8924471488808,163985.28011410584,75910.12741346961,77571.22559089039,1891.8356609710027,605.6480126771639,400.4204379841103,925.955295094027,-4.731959314296066e-07,-0.016624542861868,96,69,96.35573407622424
23623,1005.895272954056,164047.47797365207,75923.27485443781,77581.26736934207,1853.772642677417,594.0855609961873,387.60450125086936,912.1821030876308,1.7531159059187e-05,-0.0124059181475612,96,69,96.3527274772161
23624,1005.9122084061172,164033.5053567603,75890.89424446982,77589.31916270356,1819.3011354788905,583.6721226838854,375.04055485277786,902.85101837822,-2.7813298771970783e-05,0.0035310838846584,96,69,96.34971588080968
23625,1005.9146031399468,164052.438234843,75923.17113320813,77563.39866755225,1774.9193052522605,569.2014061036461,361.64848841313506,881.7081527161354,2.7350047215767992e-05,0.009723311532997,96,69,96.34669928103656
23626,1005.932426188257,164078.14719929898,75930.41143243766,77559.38525618367,1737.2499692218262,556.6942497571581,351.1195192404266,870.0831609220768,-1.6323211543369962e-05,0.0155949866773436,96,69,96.34367767175956
23627,1005.9351956375364,164141.77608278443,75917.42509564907,77585.61071608285,1696.3718855382758,542.3831576863449,342.4022182544577,850.9411850894103,-1.0053601435087368e-06,0.0278784131758876,96,69,96.34065104667243
23628,1005.9520914214394,164108.7502692956,75889.05985783447,77561.88626535595,1670.5073991166428,533.1433500030835,338.5172481487389,844.9855818063952,1.7940973959376278e-05,0.0269709117553219,96,69,96.33761939930052
23629,1005.9545684450616,164142.15149486627,75909.91632560038,77560.23611657496,1650.1177478898317,525.8059768009407,337.5089855554688,834.8445422709046,-2.7942507414672797e-05,0.0276443486415303,96,69,96.33458272300145
23630,1005.9724000587128,164165.67867625708,75918.07176517013,77548.70828687648,1650.1559704113752,526.4458300525584,341.0008976474637,839.8982977194246,2.7148818079098535e-05,0.0138518290204213,96,69,96.33154101096524
23631,1005.9751136714002,164112.0897016081,75910.84055717313,77568.09713034808,1655.6932417065254,530.150721338694,345.7655139057897,839.4057073417644,-1.586935757349829e-05,-0.0277895871757245,96,69,96.328494256215
23632,1005.9919755114852,164148.92171765497,75908.39250508868,77589.02132691801,1676.698219578131,541.0604533006845,352.64644063828746,851.172057345917,-1.5364720730420931e-06,-0.0463699134000471,96,69,96.32544245160794
23633,1005.9945433542712,164135.18603658426,75925.67620963884,77586.40605810814,1696.3342843442224,553.1859093283128,358.5733943225641,855.1750844098569,1.8344182615586304e-05,-0.0686184941298095,96,69,96.32238558983484
23634,1006.0123663839344,164154.90990864302,75908.58904508405,77570.55202896446,1723.5085261578788,569.6329377107031,364.7737070139847,869.6471613392059,-2.806210921987587e-05,-0.0950408926997677,96,69,96.31932366342168
23635,1006.0150292816828,164135.2129366878,75883.0862115518,77569.44051395959,1741.5730622084811,583.7580575233005,368.7391013127635,873.8123533332837,2.6938693367903103e-05,-0.1024935460769072,96,69,96.31625666472956
23636,1006.0318596515598,164142.7584566077,75881.7568352038,77583.54629628701,1760.8277041391702,598.467308788342,372.15374582787626,886.4090923798794,-1.5410754406958178e-05,-0.1053463754118195,96,69,96.3131845859554
23637,1006.0345296943278,164137.07180761365,75898.72126859233,77592.1326796914,1767.4655563567067,607.673565979363,372.9823504148517,888.6136418512324,-2.066352955255176e-06,-0.1103953314681223,96,69,96.31010741913306
23638,1006.0523210906546,164133.78099456982,75910.59588350116,77560.32876420587,1772.6880539826816,614.4492953991285,372.82965225787484,899.244814854872,1.8740657586653028e-05,-0.1037109588920408,96,69,96.30702515613318
23639,1006.05494724515,164149.96236035484,75889.37214862391,77569.98933033414,1762.6798340391833,613.0120549763815,369.4436059590371,898.2823477377824,-2.817207678349096e-05,-0.0928495932026986,96,69,96.30393778866468
23640,1006.0717393951046,164129.01649284782,75902.43763214712,77577.28112324944,1748.6288677279954,607.148347434646,364.24372666093404,904.3466974791663,2.671975588396953e-05,-0.093812938489927,96,69,96.30084530827446
23641,1006.0745338701696,164172.55690241724,75912.86141103377,77565.7535046692,1718.0754844410694,592.5775507821236,355.2610867857002,899.0408834423579,-1.4947563854636924e-05,-0.0873447009850721,96,69,96.29774770634894
23642,1006.0922532537976,164159.99300469927,75906.47636505513,77576.02926608984,1682.371712456632,574.1519056473917,344.21235634729965,900.6287058195157,-2.5948251977254777e-06,-0.082400854342946,96,69,96.29464497411436
23643,1006.0948833020676,164152.9969213827,75924.41962131314,77553.03954927901,1629.7448817708064,548.6472834603919,329.73385925925686,890.1096307746484,1.9130273561994632e-05,-0.0873890341258985,96,69,96.2915371026376
23644,1006.1115920826628,164213.76357080057,75880.28807958274,77546.58327918718,1573.120846783684,521.8906882366136,314.2103294709523,886.0683877171832,-2.827238582362368e-05,-0.084140831612946,96,69,96.28842408282672
23645,1006.1145957869596,164204.5782956038,75929.07477799617,77582.96049751887,1503.9195103612146,491.74916124294396,297.0208806124865,871.7626552161237,2.649209160201089e-05,-0.0759763211503075,96,69,96.28530590543234
23646,1006.1320762579352,164223.89158509934,75911.86824133921,77568.90738167123,1436.2810671897023,463.9555593843543,280.6464151032269,865.0914668684709,-1.4479948782334104e-05,-0.0803872646636782,96,69,96.2821825610473
23647,1006.1351439755256,164225.89255706166,75893.11744803571,77546.14729632513,1362.5605945852585,435.93980538335745,264.3398712548951,849.1439784100512,-3.121711987353845e-06,-0.0925638983558159,96,69,96.27905404010868
23648,1006.1521185516556,164274.71003513722,75905.99238703291,77553.55272123427,1296.5426894408301,412.54400837846333,250.1647234308184,841.3025582323316,1.951290785112101e-05,-0.0819449588709991,96,69,96.27592033289773
23649,1006.1544083423536,164277.04216692247,75896.69233410107,77530.07332018958,1229.6168388990918,390.33660962688737,237.03816361681675,824.9118720472325,-2.836301526950516e-05,-0.0839697387811399,96,69,96.272781429541
23650,1006.1721206778204,164298.71289406277,75898.99550877056,77561.51065482372,1173.6852441985975,373.31497386060073,226.6679490574752,817.2524888742191,2.6255789164192404e-05,-0.0871762160964502,96,69,96.26963732001138
23651,1006.1750454877224,164313.14300983303,75906.73264148907,77549.13974494234,1117.3805907642236,357.1618259759707,217.6148193324916,800.5379994832329,-1.4008073480970774e-05,-0.0755749965930493,96,69,96.2664879941287
23652,1006.1920241308108,164345.537299587,75894.72641720751,77537.50042835966,1069.8720667360467,345.09578528103884,211.06854943238432,790.1256655637699,-3.646836950708533e-06,-0.0828715822503375,96,69,96.26333344156038
23653,1006.1943364065216,164345.86236017247,75873.61389932982,77558.07643460397,1019.7078983595129,332.86010911039193,205.24022491576034,769.5294104800851,1.98884403257266e-05,-0.0850760162775258,96,69,96.260173651823
23654,1006.2121158382924,164366.06204180638,75889.83235007139,77542.05099964373,976.5425653860439,323.6962132667977,200.78792834485648,754.3138302798325,-2.844394724403889e-05,-0.0943780067419812,96,69,96.25700861428255
23655,1006.2149674896024,164432.2308203902,75867.5549295879,77534.9701563098,930.0105396876461,313.39993745657557,195.54973562515806,728.3369502506102,2.6010940342388262e-05,-0.1155891202700413,96,69,96.25383831815584
23656,1006.231912310698,164423.5133161717,75892.95836873082,77519.24686789695,890.6153940550284,305.2565514136659,190.0545421531133,706.5961806359992,-1.3532103223727583e-05,-0.1070155866217734,96,69,96.250662752511
23657,1006.2342852908548,164481.6305343048,75891.38983192651,77549.4355725943,849.7152873947052,295.7331954451365,182.69913928754977,675.4539401358343,-4.170024568080645e-06,-0.0940074431970192,96,69,96.24748190626867
23658,1006.2520992271772,164502.6843187511,75927.82320210272,77503.11714871532,817.3600468955701,288.3915836184751,174.7161963196413,650.055433643487,2.0256753402972303e-05,-0.1054974108214067,96,69,96.2442957682034
23659,1006.2548902034384,164546.72463417114,75890.44417057934,77553.7445501412,783.1263976645423,279.68677089303674,165.28767768872785,616.8663278732274,-2.8515167827661044e-05,-0.098441105199039,96,69,96.24110432694368
23660,1006.27179572882,164586.12762520672,75917.27539475038,77561.11335372168,754.5576333645149,272.81790285368334,156.09997668478172,589.5364735080802,2.575763939274577e-05,-0.0950865568240238,96,69,96.23790757097382
23661,1006.2742477552096,164585.77085826427,75888.4295968373,77546.64749107687,720.852017652709,264.24253360366856,146.6417755560542,556.0139409580734,-1.3052204585634823e-05,-0.1091890961114901,96,69,96.23470548863446
23662,1006.292073931891,164652.09500534914,75895.24476128195,77575.07186588433,689.3699300029548,256.7623269498872,138.38645890302723,528.7769480312127,-4.691100645930287e-06,-0.1038515277392645,96,69,96.2314980681238
23663,1006.2948116325152,164686.78119681778,75915.68627264751,77548.34625510899,650.4581515206373,246.56936396275705,130.51847698062193,495.52930002845824,2.061773208453476e-05,-0.0971676449463128,96,69,96.22828529749908
23664,1006.3116764998892,164721.66864561551,75890.12320229769,77531.73058232217,613.1922735981643,236.4399234526354,124.1261137133697,467.1006607611198,-2.8576665419419956e-05,-0.0887049047860672,96,69,96.22506716467672
23665,1006.3142234179824,164729.64195380366,75903.44246692063,77578.42368525312,571.0706678872812,223.34486907435348,118.23272683288087,432.80061322593247,2.5495983295087076e-05,-0.0625467011859635,96,69,96.221843657434
23666,1006.3320377942248,164765.83241802035,75902.50866482509,77541.85776394817,534.114833607222,210.46448104685987,113.45375439498457,402.0917645301088,-1.256854559325117e-05,-0.0739891013933086,96,69,96.2186147634106
23667,1006.334734508071,164860.5060383926,75918.3023800777,77525.89323526775,495.1750844978378,194.85922004733584,108.22953234167653,364.41684638292645,-5.209891460907253e-06,-0.11575055351279,96,69,96.21538047010868
23668,1006.3515521561108,164879.49471576008,75916.05082382563,77573.26876864552,461.4289853547816,179.15082668115792,102.42128617849085,327.71849410416326,2.097126394839067e-05,-0.1084230327062772,96,69,96.21214076489473
23669,1006.3542168263926,164911.84016275313,75920.07146488664,77566.58324634082,422.9032732427586,159.8043717226683,94.08204444378498,283.45060460438253,-2.8628432480535072e-05,-0.1016595401412442,96,69,96.20889563500094
23670,1006.3719822789452,164953.9942395201,75912.12313801728,77554.8888258041,382.581038397213,138.37409345920605,82.93887212057598,238.9134103853139,2.522607179728789e-05,-0.101362677418678,96,69,96.20564506752548
23671,1006.3746708450592,164994.5418841268,75895.02615970954,77551.76790796297,328.3566718730144,111.11019326989481,67.70218585478142,187.85969801744795,-1.208129455952816e-05,-0.0918089370115137,96,69,96.20238904943456
23672,1006.3914058245898,165039.73577662784,75906.22718913945,77557.9021529249,264.3439410482533,80.87090176725178,49.51038088212954,138.52442783743027,-5.726224420905747e-06,-0.105968352837694,96,69,96.1991275675634
23673,1006.3942576885609,165137.02793466672,75901.32169509049,77570.72829636812,185.64634325145744,47.613620365111274,29.511350615211995,89.10906600195449,2.131723950370105e-05,-0.1024268511984537,96,69,96.19586060861704
23674,1006.4118449520544,165160.98002116702,75927.6464293605,77595.17657603833,106.7093893092242,18.945038536039647,11.653944815945579,48.362284102709964,-2.867046450516272e-05,-0.0875047324370398,96,69,96.1925881591722
23675,1006.414813831206,165217.94992811253,75914.0096085797,77575.73901277708,36.070346951601095,-0.0,-0.0,16.580662336433306,2.4948007689861652e-05,-0.079564396002648,96,69,96.18931020567824
23676,1006.4320039116578,165201.78930767576,75934.93040367248,77570.75244839065,-0.0,1.8806548996653873,0.399981349153677,0.48619012703420594,-1.1590621697835229e-05,-0.089540372751164,96,69,96.18602673445815
23677,1006.43410508855,165196.8255738173,75924.485184101,77587.6394252371,14.160360934620257,30.06180561403744,17.09137097315397,-0.0,-6.239928229684969e-06,-0.0307690511044948,96,69,96.1827377317107
23678,1006.4518613579872,165187.09963349826,75909.55705262352,77554.4139490649,102.47426381224068,91.46604183787713,53.51112219245988,17.55090452011791,2.1655551662031416e-05,0.1980298014630689,96,69,96.17944318351049
23679,1006.4547440195536,165165.95634755126,75905.60930534956,77541.70774823018,268.3250131685054,183.27148449631932,109.17509832055657,51.401016937947134,-2.870276049370884e-05,0.328210603168818,96,69,96.1761430758106
23680,1006.471896289402,165103.0633120152,75922.61498735608,77575.92079847865,514.2320196025539,301.48906546260696,181.20904818247072,99.50310511537828,2.466189571676942e-05,-0.1280678485855905,96,69,96.17283739444282
23681,1006.4740332575392,165063.0934502218,75951.38846040501,77572.80939891934,819.8258470277069,433.1807198599272,263.03574954284704,159.61304260007455,-1.109669724284893e-05,-0.4488714733873639,96,69,96.16952612511976
23682,1006.4918487771369,164987.5576856139,75913.1917278311,77599.66103064388,1165.2395477825194,567.1632877518568,347.2131971055642,226.73864040046465,-6.7508323797745655e-06,-0.1538612472230896,96,69,96.166209253436
23683,1006.4946827798564,164908.04756565436,75915.19639399477,77561.02189280171,1515.238487281662,688.2963764429587,425.4098352525907,299.5878706932126,2.198609616692692e-05,-0.1215533179204131,96,69,96.162886764869
23684,1006.511778070614,164827.76594074332,75918.56831152279,77555.92223349068,1844.5538722780184,788.3035246162326,491.3474013544328,372.0918639652373,-2.8725322588996064e-05,-0.1446428660297149,96,69,96.15955864478158
23685,1006.5139761175634,164729.69587791408,75905.12862603163,77529.19417106254,2123.9560216019745,859.4187682053162,540.4345505684032,445.12705294022453,2.436784370443371e-05,-0.0951236327845879,96,69,96.15622487842192
23686,1006.5318308813548,164715.91277994527,75890.73795289444,77568.36648641137,2341.3907496852917,902.4001412485086,571.3670166615775,512.1368130488845,-1.0599693246017725e-05,-0.1147025461211902,96,69,96.15288545092636
23687,1006.534617984014,164632.03570632782,75908.24470244987,77588.06146773479,2485.3444883768097,918.064885355212,584.6551573870383,576.3918008067703,-7.258767808597058e-06,-0.0955749039682361,96,69,96.14954034731991
23688,1006.5516569941132,164599.4430816648,75916.52297612326,77569.6731020845,2561.454105666722,913.4753623302531,583.0965072179388,630.9096183778311,2.230877175501687e-05,-0.0981719783104618,96,69,96.14618955251808
23689,1006.553929895967,164527.11503335513,75901.74073499133,77583.03355861946,2574.4230419262312,893.2136821639724,569.9304217947065,680.4101723035274,-2.8738156043416583e-05,-0.0900979719647804,96,69,96.14283305132857
23690,1006.5718085423908,164452.88345535472,75925.6238427827,77551.61385453558,2541.2596708535566,865.1573489968578,549.1110537711647,717.1010280030605,2.4065961866265697e-05,-0.0740860196719423,96,69,96.13947082845202
23691,1006.574548846636,164421.17126582927,75889.47544953458,77550.628510793,2473.370689303789,832.6398110870359,523.8828521319374,748.300570216903,-1.0099781653113386e-05,-0.082212297308052,96,69,96.13610286848434
23692,1006.5915343462812,164435.12957857337,75892.5066907225,77576.01107117634,2389.3791298704455,801.0633373861347,497.4356357823417,767.08011792053,-7.763566511652163e-06,-0.0695622974701171,96,69,96.132729155918
23693,1006.593894871104,164399.70123802728,75886.76835655006,77553.40466265082,2299.066140601819,771.2475548416551,471.9868914388644,783.3358364385494,2.262347975377939e-05,-0.0586503485742983,96,69,96.1293496751431
23694,1006.6117795041606,164416.6149984638,75896.70861624123,77546.88165036356,2215.8611051114276,746.0902616158419,449.5661441535631,790.4043297242606,-2.8741269791489044e-05,-0.0587573955815752,96,69,96.1259644104496
23695,1006.6144774657294,164390.6852320365,75896.3359219772,77557.36553230566,2142.657730383915,724.2904383186542,431.178069786547,800.1509691090323,2.375636286455668e-05,-0.0420262351080431,96,69,96.12257334602836
23696,1006.631408683922,164355.91238454604,75908.51857820286,77580.73948641075,2085.104628634639,707.0097343467496,417.4609801879269,804.4940314512642,-9.597135832561065e-06,-0.0437138426658567,96,69,96.11917646597315
23697,1006.6338741939508,164398.4662941254,75913.38500910393,77573.2983898157,2039.3435947133694,691.8526660555508,407.8633225405647,813.8902086343442,-8.265061761166866e-06,-0.0543544118432498,96,69,96.11577375428192
23698,1006.6517377112816,164353.62685193992,75884.63537436335,77546.08576023241,2005.1106371632777,679.1624075780128,401.46084139033337,817.2161352458061,2.293012437794501e-05,-0.0347374385983855,96,69,96.1123651948584
23699,1006.6544114860789,164326.59648711735,75910.78069651859,77543.32501080577,1974.673648663913,666.2451153545117,396.5541946970625,824.779480947851,-2.8734675792269343e-05,-0.0132265359644246,96,69,96.10895077151402
23700,1006.6712702434572,164329.09853804848,75899.08633334836,77559.0600285282,1946.0724385210779,653.7713310010586,391.8914865317929,824.3451756066061,2.343916194236867e-05,-0.0115979432984434,96,69,96.10553046796944
23701,1006.673884991535,164342.67366232787,75889.55149092949,77586.36137633181,1912.5688025082345,640.1060654195608,386.34181775711477,826.8048573391279,-9.091929580594235e-06,0.0038909972815236,96,69,96.10210426785592
23702,1006.6916485009876,164329.3624236167,75901.08029118236,77548.0318980714,1874.6204031948,627.0822879582265,379.8394779374066,820.7224023381132,-8.76308871299796e-06,0.0260057484503855,96,69,96.09867215471732
23703,1006.6944441758354,164336.97992574595,75919.10171562921,77536.1061791883,1829.1090385133284,614.0932123989332,372.53447680771933,819.9711882899865,2.3228612513576912e-05,0.0244926057697244,96,69,96.09523411201174
23704,1006.7119106324178,164350.4661765851,75863.77366853475,77561.01834858526,1780.6325683936593,603.6329829540482,365.3875662353821,813.6497372138256,-2.8718389504184404e-05,0.0344847226687237,96,69,96.09179012311324
23705,1006.7137920527936,164326.85624133263,75891.593703409,77581.26950991947,1730.1125615025521,595.1824813468847,359.0293676897709,816.5368819956493,2.3114476689722664e-05,0.0299278281371348,96,69,96.08834017131302
23706,1006.7316267681832,164348.01871857478,75900.54539822914,77558.9355683831,1685.4057496726164,590.8604737320275,354.46504183040815,815.6921472124232,-8.58433746110064e-06,0.0086466397278781,96,69,96.0848842398221
23707,1006.7344060887732,164308.05765586434,75900.28934777467,77564.00394540578,1648.9648080246407,589.3339979334123,351.93589785596123,825.3180839215638,-9.257482709574662e-06,-0.0101221995964639,96,69,96.08142231177229
23708,1006.7517906102678,164288.11297275705,75881.08969840135,77563.73442985583,1627.938419587852,591.7843879638967,351.89870494176284,831.430803682335,2.3518854585952185e-05,-0.0391928454839382,96,69,96.0779543702181
23709,1006.7537205219916,164261.7583286158,75925.13331480723,77553.31608328642,1622.0034846938797,596.2079345352249,353.926185670658,847.2404765569954,-2.869242910727469e-05,-0.0726472918064777,96,69,96.07448039813887
23710,1006.7716052310346,164263.53836639697,75885.2862198707,77569.04559897416,1633.7631634730496,603.353681698849,357.91348200608627,857.2527400467079,2.2782427578705125e-05,-0.0924788220903304,96,69,96.07100037844012
23711,1006.7743600811256,164258.31639491877,75876.5393087945,77550.23690857964,1657.1735428323154,610.7780591792107,362.8466067473637,875.5105020215851,-8.07453402370465e-06,-0.0971848560500287,96,69,96.06751429395548
23712,1006.7916700650508,164235.14324241353,75914.41656313644,77576.09779534272,1689.5758399519837,618.8564580470847,368.1944224431645,887.2331654737063,-9.748081813858004e-06,-0.1145391270759353,96,69,96.06402212744864
23713,1006.7936547712224,164235.62324217433,75910.96191114433,77553.77907595341,1721.4279013131745,624.9420505392336,372.53273356033606,906.1596167059033,2.380076266017155e-05,-0.1133565985004045,96,69,96.06052386161473
23714,1006.8115869099554,164151.86547421158,75910.95669205209,77533.19269907706,1749.1268715478946,629.3886283914326,375.1540584972827,916.3782133925706,-2.865681773429237e-05,-0.1033323590662482,96,69,96.05701947908295
23715,1006.8143046925632,164170.04665993867,75905.29423162955,77551.07549332832,1764.1094628586434,629.5417513788416,374.5678492350562,932.0792561916169,2.244313543632917e-05,-0.1040458391793677,96,69,96.05350896241757
23716,1006.831550322396,164155.2990505141,75898.39654129752,77520.62003189157,1765.6721718260087,626.0563419848622,370.524341966433,937.9097160088713,-7.56269655485164e-06,-0.0973760780680154,96,69,96.04999229412007
23717,1006.8335951858472,164154.38856947125,75864.7418931323,77539.48167860702,1749.0431238971069,616.9179011054075,362.4410750543175,947.7311431230919,-1.0234725992454368e-05,-0.1129000179914408,96,69,96.04646945663168
23718,1006.8515702812329,164144.5416948954,75891.01817310082,77550.99068455247,1717.6928840575856,603.6747074471932,351.5516905314871,946.1360511424136,2.4074252767898467e-05,-0.1189649959484622,96,69,96.04294043233384
23719,1006.8542402540352,164130.4314621307,75849.20650003408,77535.71435003672,1670.0342473886558,585.026947556602,338.6514490908012,948.3880348464882,-2.8611578639277797e-05,-0.1049971692129414,96,69,96.03940520355144
23720,1006.8714321307992,164122.3404697968,75875.212697385,77504.53538417557,1612.354826408613,563.2622779405647,325.99764062292525,940.4416187119496,2.209672768511004e-05,-0.0988166430079858,96,69,96.0358637525542
23721,1006.873542155117,164149.86715420507,75857.22343432433,77506.60439553959,1544.9433477486018,537.6976471112284,314.3353552130575,937.1171563005773,-7.048996688318976e-06,-0.1038344863439231,96,69,96.03231606155832
23722,1006.8915538181632,164140.4513295709,75890.59865033271,77525.77195525263,1475.3450783291482,511.08581434840744,304.92162628652295,924.1021594175545,-1.0717251324329682e-05,-0.1016754240833632,96,69,96.02876211272893
23723,1006.894167189652,164172.0506589864,75866.7517274216,77521.78026254449,1403.3627200868796,482.6994348653825,296.53842326262384,916.5221960992494,2.4339247284039865e-05,-0.0922422858481784,96,69,96.0252018881817
23724,1006.9113163452772,164144.6257838053,75858.7399653356,77533.21202861525,1335.601222153171,455.23340693723003,288.61639900508453,900.2784590681549,-2.8556739298476864e-05,-0.0986616145067538,96,69,96.0216353699849
23725,1006.9134957707508,164149.6677216313,75878.06547986047,77522.61797106448,1269.9880117486464,427.85849808031344,278.7307753813802,888.8364307001757,2.1743329234222972e-05,-0.0876183448076106,96,69,96.01806254016154
23726,1006.931536135399,164196.69375869966,75872.95331842806,77541.32162813954,1211.1916485936963,403.2550322582392,266.50373496164684,867.6651248845155,-6.533617518660863e-06,-0.0745986003519799,96,69,96.01448338069063
23727,1006.9340859826376,164191.9959639327,75875.09742168532,77531.74687293726,1154.2610642747022,380.2378579937649,250.69963106617797,850.563383851375,-1.1195510064943106e-05,-0.0759791194574571,96,69,96.01089787351036
23728,1006.951203892692,164236.45317559206,75866.20107402437,77526.54179093256,1102.1434981455095,361.20201747948886,233.11931218430982,823.9500202918134,2.4595656038471937e-05,-0.0820470692353288,96,69,96.00730600051904
23729,1006.9534558577384,164228.36102902595,75853.16802392743,77550.3954395345,1048.927808599663,344.39697953197174,214.5600666879327,800.7844289632048,-2.8492342026534594e-05,-0.0721748953006262,96,69,96.00370774357776
23730,1006.971515981003,164262.6437954271,75902.02152804461,77512.22321349845,998.3588287775638,331.45931133566773,198.22242469296907,768.3717392375693,2.1383062576930357e-05,-0.0753503612426385,96,69,96.0001030845119
23731,1006.973997204674,164291.36889466734,75900.13541397269,77550.04373931384,945.420486953517,319.4413341159525,184.72882472642232,740.580122793268,-6.01673410972201e-06,-0.0758170484925609,96,69,95.99649200511357
23732,1006.9910957121286,164317.1753255055,75881.7018386584,77548.15556388359,896.1486055314308,309.3227909318084,176.09297607390909,706.047762615548,-1.1669334466986796e-05,-0.0750427815033074,96,69,95.99287448714384
23733,1006.99342201386,164340.88101380688,75905.33210342194,77558.08404891187,847.1211332375533,298.0286911958683,170.77426236498286,677.5026458001812,2.484342563790998e-05,-0.0965420250897003,96,69,95.98925051233384
23734,1007.0114922327732,164391.4106715529,75867.76421073069,77555.30042639036,805.2823225200409,287.1512252804532,168.6696459026134,644.0099044546951,-2.841839255402393e-05,-0.0851988490806793,96,69,95.98562006238816
23735,1007.0139015315352,164402.43781279537,75879.80380181444,77547.3106419418,765.3700863423292,274.3069454663055,166.39390787799493,617.6517354419339,2.101608940610512e-05,-0.0787943121038369,96,69,95.9819831189858
23736,1007.030992708326,164426.02312141744,75884.09795318914,77530.92640370863,732.3048043795279,262.23428818442335,163.4455827087222,587.2669554938038,-5.498499957903831e-06,-0.0917874079227209,96,69,95.97833966378288
23737,1007.0333936409736,164438.64095367628,75870.03124282882,77548.73567544634,698.0045072403154,249.341216980858,157.127668326837,562.2878205670277,-1.213856276427284e-05,-0.0911605246810972,96,69,95.97468967841456
23738,1007.0514639044115,164477.66893658284,75880.92734643666,77543.43326684566,665.89701717766,238.68857508766814,148.72139143079403,531.4934004012321,2.5082467691140883e-05,-0.0987767731516383,96,69,95.97103314449726
23739,1007.053799744461,164509.53744851996,75853.63245956303,77540.30448679361,626.8481126308907,227.99491291657614,137.25542956608115,503.55384338778094,-2.8334972247782896e-05,-0.0903787845680837,96,69,95.96737004363028
23740,1007.0708957167684,164518.54217055577,75876.73446117481,77511.3701899291,586.5314294813434,219.65563287834811,125.78675632085651,468.18845173713635,2.0642475776750703e-05,-0.0774367932734304,96,69,95.9637003573988
23741,1007.0733699708496,164573.0025818458,75851.53651864865,77552.83967360825,538.783979430038,210.52569325384684,114.1492764428258,433.097864490177,-4.979172173368952e-06,-0.0687008256584078,96,69,95.96002406737549
23742,1007.0914301575364,164610.77191157758,75880.46035511767,77530.2825764006,492.6824688753113,202.38053689214576,105.38838797487551,390.0603969099757,-1.2603115631204166e-05,-0.0733691442578814,96,69,95.9563411551226
23743,1007.0936927210548,164657.75087283255,75911.66690868398,77538.1711634353,442.6273724188213,191.28445435705362,98.02340446898597,347.2314452964638,2.5312669409935297e-05,-0.0881072137341016,96,69,95.95265160219432
23744,1007.1108054777068,164677.1056896837,75910.0999346178,77525.18850179666,397.7417554439744,178.96616631746292,93.61358040809864,298.36288826321834,-2.8242112788703485e-05,-0.0854664422183954,96,69,95.94895539013868
23745,1007.1133500881484,164728.46203047948,75926.69145210682,77533.74248166847,349.94939080334734,161.48375199151633,88.79970224751742,250.87664058833616,2.0262434795297097e-05,-0.1080342224911156,96,69,95.94525250050027
23746,1007.1313903166316,164834.86958482873,75912.0894365736,77523.689948258,305.61840811534785,140.8923826002574,83.74960373248905,200.47011948464205,-4.45878165605455e-06,-0.1269563119722601,96,69,95.9415429148218
23747,1007.1335814180908,164811.79458177966,75912.8329528985,77558.1128102278,253.17663219891256,113.6593940010498,74.18192101485329,154.00371730022016,-1.3062646108707978e-05,-0.1208803368672724,96,69,95.93782661464677
23748,1007.1507226179287,164881.5362342803,75889.02839056331,77541.14911695539,199.64978010760387,83.76649468357209,61.22399495283025,108.57204581794213,2.553417124956357e-05,-0.1263047497198065,96,69,95.93410358152154
23749,1007.1533329512732,164911.56545530763,75903.62398846842,77524.90569557846,136.6296926033101,50.59760218053998,42.893564171681646,69.73900452704402,-2.8139698977450263e-05,-0.1395531223046756,96,69,95.9303737969973
23750,1007.1713438855728,164949.0346625283,75883.01637353383,77555.82760950495,78.29638195282314,22.125245841540163,24.109801911370596,36.38604996999493,1.9876154601409475e-05,-0.1463745965810485,96,69,95.9266372426328
23751,1007.1734668472508,164963.8673642329,75916.43163883191,77519.25847503077,24.430288870062213,1.4894866766990162,6.8543284131155815,13.024928279075539,-3.937615574929845e-06,-0.1587674607146594,96,69,95.92289389999584
23752,1007.1906476404888,164994.64022829963,75922.14490837527,77552.40612095903,-0.0,-0.0,-0.0,-0.0,-1.3517298221801255e-05,-0.1681349574375223,96,69,95.91914375066646
23753,1007.193317410615,165013.94551182358,75926.43389628422,77539.22155336624,11.93449458037503,21.34122878794733,7.205952996562701,0.11287882065516897,2.574645621616446e-05,-0.1192942401195843,96,69,95.9153867762385
23754,1007.2112905659176,164980.5705773884,75940.97965843366,77556.37075952893,87.00647614977788,73.90161615566467,36.047145641292445,14.734082304785261,-2.8028316394472006e-05,0.0731712399301624,96,69,95.9116229583217
23755,1007.2133500433946,164895.77131646706,75871.6291052112,77540.29088256172,224.5854143424076,154.46492263118853,85.08237814658787,44.10763012745883,1.9483279391009825e-05,0.2711693691661936,96,69,95.90785227854496
23756,1007.2305809240096,164891.2327298122,75917.95206438383,77555.11873290407,438.4808930127765,262.8371680711134,154.9334403076209,89.91873327293433,-3.4161452832072243e-06,-0.0551241795212895,96,69,95.90407471855758
23757,1007.2333022217108,164834.49378968644,75896.39239792497,77581.62238025405,708.5743019107613,386.5130608397012,236.2768604303128,149.4238951842708,-1.396686346651314e-05,-0.5095786330648665,96,69,95.90029026003204
23758,1007.2512302790756,164793.56298229686,75899.26264976567,77552.81026097217,1028.226870631217,517.9276879450772,323.5493234762689,223.57485848289798,2.5949984095420203e-05,-0.269998838665887,96,69,95.89649888466604
23759,1007.2532320228084,164724.298041161,75917.02456469042,77525.57224765452,1359.2668065823964,640.6910061357776,404.2852159499598,305.3309597943735,-2.7907031643973973e-05,-0.1461993618108396,96,69,95.89270057418514
23760,1007.2705227356546,164599.35579851564,75909.68462497693,77550.28797353488,1686.9308566840482,748.7337736583286,474.39260266910424,394.5590075349028,1.9085271701607815e-05,-0.2259942302698683,96,69,95.88889531034492
23761,1007.2732860480576,164496.22591560098,75883.85110411889,77542.9017416532,1973.1284169431892,830.9310883057478,525.7920642004465,481.0632488473202,-2.893157651256872e-06,-0.163179490929905,96,69,95.88508307493318
23762,1007.2911631981494,164413.94900436446,75922.54094589397,77567.15827829737,2211.717937809357,888.7602003858337,560.3578972418909,565.2354302071617,-1.4410116894304636e-05,-0.1791189468132156,96,69,95.8812638497721
23763,1007.2931137245768,164357.9796162147,75883.85829816417,77598.79852078485,2378.2788962205523,918.6157241620385,575.563377066137,636.5127676792326,2.6145049172308648e-05,-0.176825274140616,96,69,95.87743761672094
23764,1007.3104732672516,164296.06972186902,75902.88358165087,77551.1082276893,2484.9786190577433,928.5729127221566,578.0424243323796,699.8647956105706,-2.777662701916687e-05,-0.1647068913774707,96,69,95.87360435767872
23765,1007.3132674411816,164263.15113134484,75901.40560549108,77533.99507397611,2523.461890727107,918.7526973270142,567.8190888318641,747.435681580042,1.868030929065233e-05,-0.1715815396006675,96,69,95.8697640545853
23766,1007.3310898041432,164237.98064900585,75893.55505085761,77564.23800644458,2518.0993160122307,898.3970946892659,552.2858247706608,788.2892013790843,-2.371884372247432e-06,-0.1871406013085581,96,69,95.86591668942506
23767,1007.3329959168908,164224.0378262252,75887.37245206101,77571.11595483444,2467.569583986595,867.1458439669805,530.8897536802397,815.0930554501538,-1.4850543624086068e-05,-0.2062994002993294,96,69,95.8620622442284
23768,1007.350432718681,164174.30159864,75905.69763481677,77568.84592957872,2400.865512178454,833.8584415628284,510.38182009753655,839.2495280804578,2.632825141461072e-05,-0.2089800075620272,96,69,95.8582007010746
23769,1007.3532447663302,164150.14844983284,75916.44275409059,77535.88172340623,2316.3215899423813,797.4407315409335,488.96670006526983,852.0185913869645,-2.7639157998907324e-05,-0.1950379016027231,96,69,95.85433204209367
23770,1007.3710110072368,164179.64460175627,75905.72712491066,77554.12592494984,2239.3226694378536,765.8295103506098,471.9449256544758,864.2554897328664,1.8268925771230125e-05,-0.2078225441027288,96,69,95.85045624946952
23771,1007.372879014865,164121.41445684072,75891.57242455088,77538.17095070881,2162.5499354981002,736.7207184839499,456.0285069964302,865.01513927005,-1.849024992151372e-06,-0.1997617575914147,96,69,95.84657330544148
23772,1007.3904015011394,164183.30245533952,75903.3603843732,77583.66479337327,2106.3767966490122,716.8144687765598,445.58618850813946,866.801150634099,-1.528139138750555e-05,-0.1841563279988699,96,69,95.8426831923073
23773,1007.3932159737114,164177.29257885067,75894.86133740778,77584.78672396536,2056.439471652673,701.4707563461852,436.1383707665955,858.3070699517266,2.6508437567347902e-05,-0.1857291692879433,96,69,95.83878589242526
23774,1007.4109284719596,164197.63243227487,75903.53983251571,77547.25081984192,2025.498195223452,694.3760548946157,430.9090578579053,852.9099187586107,-2.7485300859677265e-05,-0.1687536732977576,96,69,95.83488138821627
23775,1007.4127626121424,164209.37332323263,75968.48134145822,77563.35298830026,1993.0784942283062,688.2012961201399,424.70957378370804,838.6411619805731,1.7858581891551634e-05,-0.1562495716672567,96,69,95.8309696621672
23776,1007.430380852102,164229.51429355805,75934.42621181723,77569.50491608912,1970.0119762737304,685.4224926812021,420.98628016599105,830.9217412630969,-1.32233778135897e-06,-0.141646796374187,96,69,95.82705069683225
23777,1007.4331777687602,164226.6136248842,75952.47733375726,77592.06858051798,1935.7452644717996,678.5787267724809,414.8353445758985,816.772163152782,-1.570736793978275e-05,-0.1218337461588623,96,69,95.82312447483596
23778,1007.45084586257,164248.93403981035,75926.8147452872,77581.76694801917,1903.3851692872704,671.2737587639713,410.09094522098894,811.0677216341137,2.667237465816125e-05,-0.1158672200705825,96,69,95.8191909788756
23779,1007.45264348999,164269.5847152882,75934.09323572164,77586.05432362783,1857.3111187958857,658.4078120224731,402.52799114436493,799.3181032369612,-2.7335664113490487e-05,-0.1092187582394694,96,69,95.81525019172317
23780,1007.4703762802986,164274.1397163151,75922.87803556342,77624.21960396632,1817.478586464771,646.5260210632696,397.0572263811773,797.8515592126932,1.742496837282221e-05,-0.0961645492990799,96,69,95.81130209622846
23781,1007.4731178634622,164289.15413912295,75907.98318484271,77552.9127043763,1772.5632652461645,632.3500532909093,390.0648424355604,791.0157347914937,-8.146130534052713e-07,-0.1102687479655092,96,69,95.80734667532091
23782,1007.4899881838,164273.34628540915,75946.23493739887,77592.12368885353,1743.4544494416914,622.7289374434622,386.6257346716011,794.22642390072,-1.6141921009192614e-05,-0.1149151643325131,96,69,95.80338391201228
23783,1007.4925212266884,164321.1903493979,75910.05690422302,77580.8741196272,1719.6409116751165,614.4260607113974,383.70570663016406,792.282387199346,2.682248235258356e-05,-0.1208246106745455,96,69,95.7994137893993
23784,1007.510400904004,164284.84386159058,75940.17064507505,77569.0877150214,1719.5660541779944,613.2754471678636,386.2780196957756,801.4172591637471,-2.716704313096969e-05,-0.1768071640058757,96,69,95.79543629066563
23785,1007.512987758486,164281.45349216033,75916.07734728241,77601.47321324074,1727.148450781824,614.2565243481367,390.1803662799357,804.2925168892252,1.7012660332625262e-05,-0.2029214861116227,96,69,95.7914513990848
23786,1007.529912135398,164302.19883739625,75912.15847560157,77536.49490736904,1755.715928981488,621.7930701706355,398.94557288161013,817.3700296526658,-2.661121129332704e-07,-0.2091374052696844,96,69,95.78745909802214
23787,1007.5324706922617,164274.3396034345,75937.47920281712,77569.78913760188,1785.490677987982,630.040060262414,406.98143480019644,823.4620533431007,-1.6521599162319023e-05,-0.2360969920022189,96,69,95.78345937093786
23788,1007.550391357134,164300.62964456997,75918.77503438892,77564.50136322735,1826.2781042212155,642.545364624486,416.46203258491005,839.2237984769745,2.700823979075944e-05,-0.246303814949975,96,69,95.77945220138888
23789,1007.5528697196868,164269.5362349084,75910.45303913527,77590.50725125922,1855.5156603225041,652.5779972433083,421.12340392987244,845.2417692919553,-2.6962845948063512e-05,-0.2357406991971191,96,69,95.77543757303188
23790,1007.5698294159562,164280.7922544122,75913.56005372138,77579.01576995991,1883.1994548087823,663.3883288410725,423.9699947446352,858.5166771699733,1.6589574810528524e-05,-0.2367817128911653,96,69,95.7714154696251
23791,1007.572434348451,164273.70247217812,75925.34169778998,77541.36914070346,1889.845821788418,668.5482361133763,420.7979240830173,860.4407732041436,2.345284517533322e-07,-0.2299217660110601,96,69,95.76738587503128
23792,1007.5903689698944,164278.0902705865,75928.63087860029,77561.45524356209,1888.4562859252328,671.3795529577328,416.5090688742057,868.743159077625,-1.69844843988808e-05,-0.221851671132136,96,69,95.7633487732205
23793,1007.5927524344332,164263.66237881736,75895.93892795223,77564.01333901119,1862.6179317031056,665.6364060215419,408.05067329644226,863.8472155156487,2.7064746594302884e-05,-0.23179417774614,96,69,95.75930414827116
23794,1007.6097485013626,164280.34690189606,75907.1283600891,77559.03369883187,1829.34296551859,655.5267545417009,400.6914563428145,865.051821837289,-2.687594479176683e-05,-0.2258943434370172,96,69,95.75525198437435
23795,1007.6124059542236,164355.76461196397,75917.39524843503,77531.91189143351,1776.6399305831874,636.4803510986094,391.04163180905744,854.4170986954414,1.6063542023754593e-05,-0.2199332054197449,96,69,95.75119226583512
23796,1007.630336934702,164313.5923494674,75928.49409695287,77559.60557007033,1723.039793945325,614.0903554070974,383.0475931620167,851.502196671121,7.02681177226407e-07,-0.2330925889244902,96,69,95.74712497707507
23797,1007.6326339411254,164318.05890157586,75914.75692356394,77556.32645833632,1656.4076048912248,585.0089907026704,372.02512792672496,836.556736906321,-1.7374746437314275e-05,-0.2282060825296665,96,69,95.74305010263538
23798,1007.6496722846048,164367.5046005743,75912.72617741229,77546.65590340752,1594.6777355398517,555.819983784706,361.4257948456798,829.3498163667391,2.7290475633810503e-05,-0.2165290906775233,96,69,95.73896762717848
23799,1007.6523826680818,164390.44230396228,75914.40945452041,77588.90665519521,1525.3599029275938,523.7664426103875,347.0947743287252,810.5457121333166,-2.650294331013549e-05,-0.2127929158953963,96,69,95.7348775354914
23800,1007.6702962110472,164374.59555139177,75910.54167503113,77543.66935438845,1463.8856532530044,494.6905392601766,333.056544167659,799.198520337377,1.58619684349592e-05,-0.2113824281718718,96,69,95.73077981248764
23801,1007.672514056786,164432.19458791512,75896.12100141596,77591.95172306517,1395.7247073214967,464.7280869107781,315.9368942929723,774.6044008903846,1.4734395204780018e-06,-0.1990550862964962,96,69,95.72667444320984
23802,1007.689602261375,164467.71785660248,75918.82550414068,77580.3839648288,1335.4700953285792,438.8059302063484,300.46182809286984,757.1120436695928,-1.7577548123558726e-05,-0.2057618421760693,96,69,95.72256141283236
23803,1007.6923625069896,164490.33709688764,75908.85518055844,77574.6948351041,1269.2994219791726,412.77718110595015,283.73974147156696,727.7681672881299,2.7471067091416517e-05,-0.2086309825041105,96,69,95.71844070666356
23804,1007.7102472062472,164504.98159382565,75918.51195648497,77562.17189348752,1210.7860071097384,391.0485908370756,269.9531831641216,706.9547320634592,-2.643736070233973e-05,-0.2009397303779579,96,69,95.71431231014851
23805,1007.7123932144812,164568.10330220417,75917.74268886591,77559.43877437997,1145.8735554929008,369.456042492282,255.56764353514882,675.0383119012113,1.5055220184740658e-05,-0.2139643280457065,96,69,95.71017620887125
23806,1007.7295393264228,164580.59781293737,75916.30689982438,77575.08530085016,1088.471637434559,352.59327197213133,244.19354159978684,653.4644963489263,1.4353577088620427e-06,-0.2188436787790497,96,69,95.70603238855745
23807,1007.7323437817606,164611.7151695161,75892.63466355896,77555.83914979167,1026.0123897280428,336.5755070124578,232.06309564845287,623.3615681591618,-1.862521454982019e-05,-0.2117323980627003,96,69,95.70188083507698
23808,1007.7501902260826,164658.33816626118,75923.44623763127,77598.396525834,971.9274701553513,325.20421093034383,222.10375734677655,604.4681672948936,2.697908686157505e-05,-0.2152752726860959,96,69,95.69772153444586
23809,1007.7522720978876,164697.3832713163,75906.9479010577,77554.92446801526,914.3130487876479,313.7518505668704,210.34298844778095,575.9475361760415,-2.658159560223392e-05,-0.2090739771626743,96,69,95.69355447282967
23810,1007.769484034642,164702.81222679073,75888.8874374956,77556.46909352555,867.2761115179164,305.08186069273506,199.8170237861923,557.4180344021297,1.46851898579284e-05,-0.2021692267845748,96,69,95.6893796365452
23811,1007.7723249074952,164742.46866646517,75932.55937118709,77556.4525817664,819.9435979672126,293.9962540420238,187.18567997333594,528.3130107444595,2.5939809039130197e-06,-0.2063179294562875,96,69,95.68519701206333
23812,1007.790125656895,164780.86688553423,75906.59158625944,77574.43855748678,784.2745335997315,282.7246421821619,175.691244474001,506.88712355997995,-1.780068427228219e-05,-0.2082110316940429,96,69,95.6810065860114
23813,1007.7921514650016,164801.6519303694,75881.0116435649,77575.08821993007,747.7366945741232,266.6785385370895,162.6113865613006,472.5366009013087,2.8697493702345905e-05,-0.2021590106502102,96,69,95.67680834517556
23814,1007.8094367290464,164826.93595006622,75903.85659362642,77565.67219885279,720.0842324480182,249.49951943175984,151.64812896688818,445.61930588135147,-2.466594722388208e-05,-0.1963848668065653,96,69,95.67260227650392
23815,1007.8123043129518,164886.7418446423,75947.0017846332,77566.64116876877,687.9095473709167,228.8042170217377,140.53746117575793,407.7884785675851,1.5541406202217908e-05,-0.1728404872393755,96,69,95.66838836710812
23816,1007.8300540745596,164955.88938092568,75896.85088187836,77538.23490592948,658.9424387937761,209.62413032603217,132.4785300088697,378.861357051559,3.5243401568863864e-06,-0.1808902851392418,96,69,95.66416660426616
23817,1007.8320320175968,164990.1931228082,75935.09499130827,77571.40256258761,620.9999835597118,190.727877559606,124.83034080633661,340.26773688654066,-1.9084829856527367e-05,-0.1996660104583225,96,69,95.65993697542538
23818,1007.8493976459364,165004.0580511157,75925.1076147627,77576.20914059758,583.8822244249168,176.92372968625568,120.0501474365301,311.93922861025203,2.637152269396441e-05,-0.2145598290613111,96,69,95.6556994682042
23819,1007.8522803596394,165037.8249147817,75905.09360545405,77594.67092251331,538.9451428093598,165.70943053359224,114.94505723088514,274.89163233467843,-2.818098436698348e-05,-0.2465012116154421,96,69,95.6514540703948
23820,1007.8699763557814,165066.42401653744,75938.54099907182,77567.7026333653,496.4421449788497,158.88769517319452,110.84554063621908,246.26012713680393,1.064810727853954e-05,-0.2527928021326177,96,69,95.64720076996592
23821,1007.871914248494,165141.71876248435,75935.14343253196,77562.85191545729,448.3117872317671,151.25125488379854,104.10048810977605,206.53883202935685,-3.705650117196068e-08,-0.2502840539884238,96,69,95.64293955506524
23822,1007.8893670643022,165193.13758188672,75929.65042479904,77586.39740768624,402.4626099386369,142.27995341054338,95.60709504480474,174.05546473170398,-2.186705359932621e-05,-0.2533242783300625,96,69,95.63867041402128
23823,1007.8922511995116,165199.11056616207,75932.16638695718,77593.0216313008,348.50666562700644,126.33124828543805,82.10447732714238,131.3924679304764,2.697061568326377e-05,-0.2519982859631602,96,69,95.63439333534674
23824,1007.9098938711174,165254.96004508526,75943.68576560031,77579.53547430763,290.6348731920589,103.96733964880696,65.16052552126348,97.09596815527766,-2.365034212503937e-05,-0.2513763237220641,96,69,95.63010830774031
23825,1007.9117981726068,165320.1948265218,75951.34568826346,77596.21061038706,220.14320784714073,73.70368567763944,43.955486967082834,56.232271491666324,1.8300797753432725e-05,-0.2515514927795667,96,69,95.62581532008927
23826,1007.9293456174668,165321.6325408754,75903.455965015,77590.6656198807,146.49551025318215,41.80437257810263,23.233166352001717,29.82736981465132,1.1362872594634188e-05,-0.2620646534246671,96,69,95.62151436147236
23827,1007.9322144175096,165345.67737752278,75962.19077478006,77586.06884648977,72.29512548679486,13.526475020349608,6.11990260303719,4.6936286101990845,-1.0781328459115332e-05,-0.2149620858016004,96,69,95.61720542116176
23828,1007.9498089645608,165420.3647934778,75913.80375181697,77573.43741465456,18.502430157444905,-0.0,-0.0,-0.0,3.592427088339e-05,0.0112296545977332,96,69,95.61288848862544
23829,1007.9516826614772,165391.5054092511,75932.37143705801,77560.89439095795,-0.0,8.943846404843498,9.35488860856276,1.9379732752859127,-2.054394456009582e-05,0.2111911031972944,96,69,95.60856355353026
23830,1007.9693351621185,165362.43650911856,75941.53857978692,77562.45274344966,42.43214766884921,48.99959968341864,39.7027951592172,27.904429740912747,1.1794749511507525e-05,-0.1558657004602116,96,69,95.60423060574378
23831,1007.9721658875576,165317.4963485157,75907.42184971945,77572.48193796193,157.69485357077792,121.24015757563757,91.20638245996088,62.0555181906966,-4.351262610758376e-06,-0.5714302297075483,96,69,95.59988963533704
23832,1007.9897265672864,165256.33064229024,75918.86789484503,77575.9605489459,356.24740892479895,223.7185246541776,162.44120210016263,117.57691699199495,-3.631603206349747e-05,-0.3109274300092404,96,69,95.5955406325869
23833,1007.9915630845254,165251.53402008483,75908.49332973076,77574.05291502037,629.3393231703085,346.8566004519671,246.79016898805276,177.63261891080765,6.0997246372107695e-06,-0.2135528469941044,96,69,95.59118358797843
23834,1008.0093422642224,165142.60832261827,75922.25658993724,77588.87233957661,961.9553490218823,479.62094990949845,336.9025223942299,254.61205520117073,-4.782907864695276e-05,-0.2585370985979449,96,69,95.58681849220751
23835,1008.0120944220928,165098.66830603205,75920.15577929771,77577.016487146,1324.4190266402438,608.1570111192414,423.44939931103727,331.4883621480258,-5.077690468894533e-06,-0.206668186321548,96,69,95.58244533618276
23836,1008.0296629549214,164986.03921772024,75912.76782939259,77572.20346368106,1686.829596470634,721.7457192544825,499.18707231318695,418.69268983852817,-5.551630849475552e-07,-0.2173757036892348,96,69,95.5780641110288
23837,1008.0314158476256,164931.00379396224,75894.49255712361,77544.7871591131,2017.5080556093599,811.9241999006044,558.3976354518963,499.79531224269886,-7.924601747968515e-06,-0.1928425493905557,96,69,95.5736748080881
23838,1008.049408620396,164850.73148897022,75919.98162291407,77550.80204280287,2293.307030965865,875.3479503589042,598.7579939050775,585.2714855108352,6.069227553019077e-05,-0.1833306665677773,96,69,95.56927741892322
23839,1008.051908582455,164774.7298925525,75931.54163007437,77589.74130704616,2498.9934986385633,911.6941533696954,620.3571306456579,658.8273848299577,2.5754555561486485e-05,-0.18177681331829,96,69,95.56487193531976
23840,1008.069954308579,164704.9192570581,75914.81988694367,77578.03271441214,2629.80936411093,923.7346879544784,625.401747216325,730.2073829759611,7.170286644122283e-05,-0.16947553622046,96,69,95.56045834928813
23841,1008.071919369277,164642.7874778716,75926.6457593828,77569.59952512842,2690.226867577352,915.5617853809526,617.4751445650181,784.9571016094997,6.0079916826863694e-05,-0.1626547292523322,96,69,95.55603665306688
23842,1008.0892173887556,164604.97228086102,75905.95794033843,77564.31566808106,2689.45937159023,891.739004726478,600.049602221523,834.0060211544042,1.1464392041229596e-05,-0.1529006437223609,96,69,95.55160683912398
23843,1008.0919570498336,164585.95974856272,75899.52155724437,77582.84157158637,2642.257633430185,857.3285756965197,576.9938856738154,866.3736552433984,2.056847572216938e-05,-0.14197241269079,96,69,95.54716890016
23844,1008.109850495622,164550.23446485438,75899.19284695556,77559.3843281356,2561.38537164795,816.7894049271272,550.8105799299374,893.7924128738232,-8.282553552520984e-05,-0.1403695647886537,96,69,95.54272282911006
23845,1008.1118270885644,164568.11371294135,75898.2255709744,77597.04582802541,2462.9715534614515,775.3224176276417,524.6194959478744,907.2096123394149,-9.81682873189875e-05,-0.1394310207471722,96,69,95.53826861914636
23846,1008.1291466816264,164539.0583047666,75909.91872615536,77579.99612763988,2356.7543606841355,736.5504257937719,499.7869454808533,919.2388895934855,-0.0001408900720139,-0.1164393871625995,96,69,95.53380626368096
23847,1008.1319527119222,164539.7098247074,75899.28691310869,77546.63838425091,2255.898217237962,704.4358819585032,478.8322108183056,921.9714547942276,-0.0001749484142819,-0.1030877668948273,96,69,95.529335756367
23848,1008.14976933661,164521.25003225348,75917.94676832303,77587.91680031728,2164.7298800979042,679.8208738465473,462.0059360258456,926.2104373683687,-9.088127112744684e-05,-0.1012153951514187,96,69,95.5248570911024
23849,1008.1517162780708,164560.5338704989,75917.8747093768,77596.50480048572,2091.5307862253976,663.403423108859,450.6519404100545,923.422329194902,-6.167537703175142e-05,-0.0786548065969554,96,69,95.52037026203126
23850,1008.1690978576224,164534.85193769375,75934.32645422399,77548.55713233878,2032.9350357661606,652.0066028172005,442.8280921925616,923.4063847037905,9.367221792609588e-05,-0.0630804899949027,96,69,95.5158752635465
23851,1008.1719353276932,164579.43085914166,75938.29715716098,77576.89036104534,1990.909908136644,643.5941824275651,437.99722292710794,917.6828984137392,0.0002260932828196,-0.0407556676153362,96,69,95.5113720902924
23852,1008.18968972476,164550.8442788296,75922.6744945178,77566.89684409526,1955.5879502501339,633.6663016199454,432.6083320064354,914.3798068360775,0.0003185140807633,-0.0261470565556032,96,69,95.50686073716652
23853,1008.1916004670812,164566.37744021672,75942.75488586925,77564.71101624296,1926.0178984711529,621.3592943976109,426.0168922346202,905.2903550088522,0.0004304922722999,-0.0274069834027918,96,69,95.50234119932252
23854,1008.2090630042064,164582.654084125,75954.21179884234,77608.32451079086,1890.6446782257408,604.5020574080845,415.3838068432524,898.7440017013287,0.0003457621590393,-0.0169659421269702,96,69,95.4978134721718
23855,1008.2119084290496,164604.2146698655,75952.0434619834,77605.56626143657,1851.9295473052189,585.758501830991,402.2623208203877,887.7001924378856,0.0002291545557,-0.0146720081239952,96,69,95.49327755138646
23856,1008.2296094264094,164624.53496902628,75945.51199351529,77573.57181692471,1803.5040208649589,565.828770668857,386.1910388581455,879.9079678902635,-4.054118742781499e-05,-0.0285192878865842,96,69,95.4887334329011
23857,1008.2314819370952,164610.9394382423,75919.68282134885,77572.46361034366,1755.1803470308078,549.3309355881793,371.05353492847644,869.2356882321765,-0.0004120727845971,-0.0557296865465008,96,69,95.48418111291546
23858,1008.2490415835316,164623.91608476327,75940.54521939497,77582.90605914133,1705.0286292413948,536.7662044334429,357.26920150010847,863.6559986933426,-0.0007091491238195,-0.0890359747638186,96,69,95.47962058789652
23859,1008.2518699059706,164621.5900865371,75923.24026207517,77600.87635003863,1666.5955665309448,531.5758679413411,348.8903881581791,857.6633212066372,-0.0010122440682357,-0.1129473657206969,96,69,95.47505185458064
23860,1008.269531288814,164657.5102269061,75938.83294955286,77563.86954046249,1637.8812005638028,531.9334523941216,345.2759167304903,857.9713757816644,-0.0010291133012021,-0.1310117819507323,96,69,95.47047490997618
23861,1008.271358021563,164645.7223765835,75912.9100755602,77583.56588113823,1630.4785095058614,538.9735799521586,348.9190346522955,859.0039784722903,-0.000798488504046,-0.1333923884352533,96,69,95.46588975136532
23862,1008.2890384016226,164630.78200961274,75930.98959810457,77564.123634354,1636.5036637692247,548.4567753842712,356.72453171300003,866.4666009615175,-0.0002814617099982,-0.1472324936076485,96,69,95.46129637630683
23863,1008.2918107414664,164629.94175290372,75920.77106503326,77552.16213996205,1662.5749532958725,560.5171567399084,369.1898998483666,874.1152713523479,0.0005763120385816,-0.144377965359011,96,69,95.45669478263764
23864,1008.3094682313188,164607.03111441998,75935.78757290046,77586.4248504302,1695.225771296129,570.8125768599275,381.4782559638843,885.6013073674694,0.0014489559721861,-0.1254884076325344,96,69,95.45208496847565
23865,1008.3112103238,164623.88982612616,75924.26690823256,77575.11763869069,1737.1795439203852,580.4710656699026,393.4064956888906,894.3319566609571,0.0022941527706641,-0.1291052976777078,96,69,95.4474669322216
23866,1008.3290859524836,164607.47052929524,75913.01697005452,77573.00763081804,1770.9399046833278,586.025854173844,400.14947574280086,903.4249123582558,0.0027196165723748,-0.1247477111834684,96,69,95.44284067256132
23867,1008.33166197642,164609.17760707648,75899.00932591553,77604.82946512377,1799.695581424574,589.8535212340212,403.2298339015979,906.8277191317757,0.0024770319641518,-0.1142755780723614,96,69,95.4382061884682
23868,1008.3496408409428,164603.2535400632,75909.11564995139,77576.20085951801,1808.065508304513,588.9177762558975,400.0396397464501,907.6749616785382,0.0015198405547864,-0.1082297951586961,96,69,95.433563479205
23869,1008.3517925615082,164581.2430153219,75942.14663939779,77544.1511659175,1803.9675309746526,585.5972821228206,394.4885273563559,901.661645837361,-0.0003112386709414,-0.1166582165065842,96,69,95.42891254432608
23870,1008.3689226451852,164617.00534282692,75940.47641797224,77577.1867079198,1776.5390577486833,576.3147927600221,385.3412772578595,892.7803839781263,-0.0025765373530962,-0.1234447313099814,96,69,95.42425338367974
23871,1008.3716860953087,164654.55690957926,75907.37415404935,77573.20187444125,1738.3117786771036,563.2950074810069,376.76828655664576,878.5231870152056,-0.0048996055404901,-0.1048426108021706,96,69,95.41958599741042
23872,1008.3895638205028,164672.06097410418,75918.74391215298,77553.17306918855,1681.9007078476134,543.5008383309614,366.6512676268467,862.7152420505299,-0.0066099041023087,-0.1065200007098623,96,69,95.41491038596058
23873,1008.3916878672442,164686.07376383292,75947.07584183423,77589.86472881191,1622.5793546414352,520.6347612783866,357.8409584000183,842.9477345916675,-0.0068874507508036,-0.0927195902314023,96,69,95.41022655007284
23874,1008.4088511020772,164692.3512576348,75936.74479172671,77560.29418893952,1551.6896515252884,492.83233564009424,346.37745344269206,822.1448315039743,-0.0053600455220748,-0.0913069140290163,96,69,95.40553449079265
23875,1008.4116752583952,164694.3798870082,75940.677952298,77600.94849569045,1482.5567164741806,464.8322484379314,334.1373147634731,797.8938114154444,-0.0016584998297958,-0.0913665834805173,96,69,95.40083420946937
23876,1008.4294988082128,164738.1336319484,75933.05263510358,77576.0504636839,1404.249456541962,435.1051181193907,317.3045513649704,772.3436893793696,0.0037358584748759,-0.0849597202357932,96,69,95.39612570775942
23877,1008.4315705739097,164793.5482701899,75922.57378182402,77585.10432540141,1329.3094754289486,408.1362912086479,299.13309156458126,743.746123466175,0.0098123041484259,-0.0842108137857387,96,69,95.39140898762764
23878,1008.4487960198,164797.5072155643,75995.64039124674,77598.65978090205,1245.3846161195543,381.1020740826352,277.2444838010706,714.6085216195206,0.015101905216561,-0.0749383548892312,96,69,95.38668405134992
23879,1008.4516573360094,164843.99196154077,75986.70206118446,77600.58924149488,1166.1936083624605,357.4040029243042,256.4916599691496,684.2082187995256,0.0175240056611954,-0.0658660420558936,96,69,95.38195090151468
23880,1008.4694313935662,164894.1981017976,75972.39519334178,77574.08076198978,1081.9746058240416,333.618804126294,235.52295226388378,654.6247133450524,0.0154984039551634,-0.0836506604112604,96,69,95.37720954102534
23881,1008.47144986229,164898.79662105796,75939.37366214348,77626.26907066886,1009.4827967253514,313.21473642642377,219.33430321820197,625.1524799001345,0.0078648046636707,-0.0899064235005166,96,69,95.37245997310238
23882,1008.488752624606,164933.2589608398,75979.27091054339,77614.66640006342,938.4856458585127,292.7027928746247,205.20623255029204,597.0417653478507,-0.005119200424675,-0.0633079717524975,96,69,95.3677022012849
23883,1008.4916338373306,164914.95615259692,75948.82493773436,77570.88319849448,884.2436812854139,275.83727748625097,196.39020785634057,569.5717441125598,-0.021286760940085,-0.0888902363738625,96,69,95.36293622943312
23884,1008.5093604304031,164957.82824617025,75917.0993430647,77601.4966209936,833.7102995838504,259.3560849177011,188.45876172208227,543.3568482434202,-0.036786466066765,-0.1007606528713382,96,69,95.35816206173035
23885,1008.5113272695032,165036.21494524402,75937.02993874715,77598.91517941379,798.9147214206168,246.9548268297367,183.42350740433903,518.0704588138324,-0.0456105326667718,-0.0829155160155326,96,69,95.35337970268463
23886,1008.528721003716,165065.36451924278,75956.37710512147,77616.88166662933,762.1426350541878,234.54446969037235,175.88624142366461,493.95850916588097,-0.0408822798680634,-0.0967286455993949,96,69,95.34858915713106
23887,1008.5316025389352,165050.89325810003,75977.57365794793,77581.3056056839,733.5429793958901,225.24567963575828,168.10611619250267,470.6663778098009,-0.0154767279407912,-0.0786769235610957,96,69,95.34379043023344
23888,1008.5492881760946,165074.17672537526,75935.19637230436,77590.03806988237,696.0269798579975,214.7787359724898,155.98255523800617,447.361633716675,0.0367981685382902,-0.0515924647424677,96,69,95.33898352748648
23889,1008.5512010888846,165099.8921315214,75955.76918407797,77595.87003827827,662.1245335439453,206.3988095047098,143.69370429997798,423.43817783959094,0.1196089822183478,-0.0474610874594136,96,69,95.334168454718
23890,1008.5687046803216,165102.24096801004,75970.79425301401,77605.64955126794,616.346911218192,195.80256928481685,128.75639155186946,397.54136428565835,0.2339285872290986,-0.0602602204310783,96,69,95.32934521808988
23891,1008.5715567186476,165149.71810870554,75962.44464402401,77579.45865522194,574.5852297188248,186.6728148188995,116.8367915758572,369.7373579579289,0.3770760268071237,-0.0568246171719962,96,69,95.32451382410092
23892,1008.5892234373036,165205.020049885,75942.84583565156,77570.07768432959,524.8191829255084,175.22585048027395,106.05655365122948,339.0336324326345,0.5433904688130256,-0.0697621690328941,96,69,95.31967427958848
23893,1008.5910596834703,165234.82391430635,75951.1456368228,77616.116832623,484.85679732915014,165.31045307367458,101.24089637538418,306.5295755341358,0.7251072077271677,-0.0742072782437594,96,69,95.31482659173022
23894,1008.6087240632334,165236.57778629885,75984.63079309318,77575.78062154111,440.7074573804857,152.52274712501094,98.0023586647585,271.24363122408977,0.9130918470285678,-0.0783770945192922,96,69,95.30997076804596
23895,1008.6114546468876,165319.60855812285,75969.50611369268,77572.93117566012,407.5646945090266,140.1453485480306,98.41906991350697,234.59186904673697,1.0987818903185431,-0.0991182849827039,96,69,95.30510681639956
23896,1008.6292829865648,165313.7916120027,75951.42921520532,77593.94800665363,367.5535786651308,123.26503677960136,95.77004547431716,195.2571623553231,1.2746657774391692,-0.0927264639127416,96,69,95.30023474500112
23897,1008.6316921882828,165368.13828706538,75965.45260281206,77597.02608809757,331.46259201376233,104.88965252084017,90.91448160624714,155.26607858148054,1.4354546971272557,-0.0938993009707426,96,69,95.29535456240812
23898,1008.6486140983212,165409.27564666714,75961.75357546998,77614.75325239467,278.9720457365038,80.78528659016592,77.85533152267453,113.97226725082146,1.5785331131320253,-0.0964027990437843,96,69,95.29046627752776
23899,1008.6514430816236,165442.30438915873,75984.03325195108,77605.81453776322,221.9606058805948,55.76452842807339,60.12195674830582,75.24427877183189,1.703469533897129,-0.1070004937508621,96,69,95.28556989961868
23900,1008.669236922054,165471.47543799458,75976.86243204934,77594.48487371841,147.50051983707817,29.00411732593784,36.34821511944756,40.14728368746,1.81225681780794,-0.0614047225207397,96,69,95.28066543829247
23901,1008.6715750533068,165512.7795343028,75979.3085425417,77595.31956895985,80.07912037853384,9.552651380508905,15.420988389436388,14.577211578434799,1.9079281708800944,0.12714242730271,96,69,95.27575290351572
23902,1008.6885425120894,165510.68738768756,76003.09360823216,77593.84845373515,19.322686605912168,-0.0,-0.0,-0.0,1.994003220226196,0.369531288319615,96,69,95.27083230561144
23903,1008.6914239401008,165563.27888350844,75959.96376296003,77562.0323391471,-0.0,10.965010100597283,0.599087952170521,1.7580659961677156,2.073678873028304,0.1331859095712711,96,69,95.26590365526152
23904,1008.7091871228436,165504.90278787384,75960.06484179432,77583.22460474895,27.11204684531549,44.044450192552176,18.580147395347012,18.970657675381517,2.148733683348322,-0.3996950318543981,96,69,95.26096696350744
23905,1008.7114549455304,165446.9425033762,75964.33634512643,77602.7906190451,132.36915668385336,105.52341916236037,59.94798030285165,54.18927496796823,2.219977103831748,-0.2246137395602308,96,69,95.25602224175256
23906,1008.7284787969134,165401.61471903717,75965.23871360984,77595.41228249253,306.43391916470136,189.43814671362634,118.82527208715328,102.84202236746205,2.286842193400868,-0.0440170718377084,96,69,95.25106950176404
23907,1008.7314061172516,165358.86015808347,75955.17778040923,77615.94708772858,559.3602994607063,293.2227587510133,193.40958902990678,164.76970642927336,2.3483087940319165,-0.1293062645845342,96,69,95.24610875567386
23908,1008.7491290760972,165300.71006298688,76012.34292934448,77608.87371147485,858.7267038268037,403.43423420713225,271.8889377096493,233.49988563987426,2.4036851668577808,-0.0674484479155783,96,69,95.24114001598087
23909,1008.7513350781512,165207.92713277077,75946.78791235194,77577.44780796346,1194.549819285574,513.0347361673485,349.62829099202645,308.61916034307797,2.452679030647239,-0.0757327289781357,96,69,95.23616329555232
23910,1008.7684220503604,165101.27003281,75958.35746241349,77590.81370054558,1520.6204862665036,607.972500017102,415.3157204501331,383.6903858445585,2.4962384277970804,-0.0656941688238118,96,69,95.23117860762574
23911,1008.7713889344236,165051.5529418794,75975.15790707483,77612.27880023626,1824.1388817525585,684.686870658581,468.0064791853365,459.30366846648394,2.535637968101282,-0.0499654957309361,96,69,95.22618596581016
23912,1008.7890625600426,165012.35147291812,75977.39857104231,77623.45513525924,2068.1227234091493,735.8747004078177,502.26799496935564,529.9809543026495,2.57219678724929,-0.0441025402841024,96,69,95.22118538408756
23913,1008.7912166533312,164913.7382311064,75955.30614103925,77613.48660162598,2256.339265838091,765.5503280235716,523.0222513029585,597.4354595743062,2.606683225133251,-0.044867660007717,96,69,95.21617687681544
23914,1008.808372259196,164911.0161665455,75966.65893683769,77600.36131532304,2369.7137196888216,772.7938575664739,528.9813568984973,656.3843938956561,2.63835582574212,-0.0449780721527157,96,69,95.21116045872712
23915,1008.8113711343858,164740.1686300956,75935.17623081474,77628.86061210567,2428.7237942750216,765.9040964266169,527.1043807622627,709.1143627156562,2.665567798590049,-0.0286183178303741,96,69,95.20613614493392
23916,1008.8289878491556,164755.3641606176,75929.89058249188,77607.22971458557,2428.0612527728663,746.2341177417402,516.4701201795833,751.1693360116915,2.685501835126457,-0.0201107405384297,96,69,95.2011039509266
23917,1008.831100682577,164703.11883210027,75960.72861169583,77577.2219080578,2395.99273026461,722.0739384742919,502.8728198080498,786.4459626237804,2.6951492771169065,-0.0210853287463216,96,69,95.196063892577
23918,1008.848329325804,164720.15939447784,75927.43330029717,77619.03668893682,2328.787840934121,693.2223961458076,483.59402168294764,811.800650412828,2.692142970556045,-0.0182675369963015,96,69,95.19101598613926
23919,1008.851351449946,164689.86953526185,75941.03430206579,77612.65954497737,2253.470726379135,665.924504835566,463.24150762619684,832.7274375232519,2.674827562375819,-0.0340063929935237,96,69,95.1859602482514
23920,1008.8689053987564,164662.50730120158,75954.83255750172,77623.13375487943,2164.794214997266,638.4058421209338,439.2751652697625,847.0642893863842,2.6431735242327674,-0.0461297871622491,96,69,95.18089669593684
23921,1008.8709881437552,164620.1263623795,75957.77878870207,77596.27392619205,2086.4623365923762,615.286950169364,416.9729300813633,860.5942645620671,2.598028947610984,-0.0291463989453335,96,69,95.1758253466056
23922,1008.8882929654058,164646.41443897242,75948.8382952903,77601.24210625787,2007.9882265759516,593.2347707078734,394.3360355294135,870.0825977839413,2.541012973969407,-0.0199609631074531,96,69,95.17074621805584
23923,1008.8913286930522,164621.69225052404,75965.07697279703,77594.89694071774,1947.7603984956513,575.5660044894466,376.6722968102258,880.2126284423284,2.474080842774754,-0.0124379938018229,96,69,95.16565932847575
23924,1008.9088158014632,164617.07007180378,75960.19153417948,77613.03508415577,1891.0783120556152,558.3618756516516,361.42922891970375,886.6433395433705,2.398487688897551,0.0222047343638443,96,69,95.16056469644376
23925,1008.9108799754656,164586.00495008763,75940.00872896517,77604.80068396604,1851.174592361902,544.3829721651273,352.14786758096307,893.280746439792,2.315055858279667,0.0366355862521828,96,69,95.15546234093124
23926,1008.9282627061943,164623.77740317775,75953.60625915341,77578.28748457423,1808.3692198801436,529.5369108256564,344.02371150505496,894.966881434957,2.223326718590448,0.0464515940910048,96,69,95.15035228130264
23927,1008.9313017817818,164599.62663855345,75975.19981927575,77581.59344363071,1773.739137780387,516.9145600684133,338.8984089808655,895.79798609094,2.121821216788703,0.0515537101011501,96,69,95.14523453731778
23928,1008.948719777487,164607.27035952744,75949.61143208212,77598.49346568597,1729.6119473902509,503.4777341864392,331.7314364113845,891.4233668281522,2.00835052800213,0.0535066129589004,96,69,95.14010912913275
23929,1008.9507770498076,164603.34282221852,75951.45327456677,77617.35930406748,1690.0683027522755,492.94578515342437,324.98036263132235,887.0535857560753,1.8799249704418048,0.0588332456811911,96,69,95.13497607730083
23930,1008.9682379071584,164594.65615458827,75932.11409383378,77606.35472440328,1641.0433650801424,482.59433959715534,315.0630826978013,879.0973475446808,1.7340859587068975,0.0465503709118063,96,69,95.1298354027742
23931,1008.971269757296,164613.30586531482,75941.0694145124,77570.76209587751,1600.8445353513234,476.04447230922233,306.32319373983773,873.7334613310813,1.5691285614457156,0.007348480479589,96,69,95.12468712690534
23932,1008.988618166014,164647.50396162903,75957.4747985561,77605.28568216307,1559.6616449338035,470.5073060523282,297.1089678428543,867.8864727550535,1.3852621955172868,-0.0220371121572333,96,69,95.11953127144784
23933,1008.99068014499,164626.78902608852,75937.71632380575,77600.26066081072,1536.298586837016,468.8974947826355,292.41316684996127,867.3112423015991,1.185473821549543,-0.0300217643040294,96,69,95.11436785855774
23934,1009.0082177799233,164619.75137647864,75956.21491754924,77562.58310508323,1518.7169330331963,467.8601203181315,290.15113726229174,867.4073796865996,0.9753456678405772,-0.0449678658768476,96,69,95.1091969107948
23935,1009.011231798663,164597.41621841214,75959.2032161087,77616.99308851593,1522.3554938330199,469.9845055186888,294.0065502720827,872.4486197459919,0.7634908048152764,-0.0553826196351438,96,69,95.10401845112344
23936,1009.0285119126472,164643.8742265609,75959.51444444302,77612.60477803138,1532.1112532457337,472.2189378105977,300.3608751036227,876.5877995321935,0.5600559008985047,-0.0544008574549174,96,69,95.0988325029144
23937,1009.0305899216272,164554.9678590494,75960.49516348171,77606.76981141625,1558.608570369659,477.036961048434,310.8520466546179,883.1594879076001,0.37555654098287,-0.0700347260485117,96,69,95.09363908994511
23938,1009.0482014122464,164597.46259940407,75961.61223706922,77600.17007974422,1582.7187204805668,481.32502182235476,320.382606402738,885.8969746713119,0.2193446441687036,-0.0797403934776994,96,69,95.08843823640152
23939,1009.0511872363462,164600.81191375575,75967.6087387412,77624.90992470692,1613.11922091624,487.24846522911685,330.0217746971466,888.8494405011588,0.0975441653841842,-0.0600018896353525,96,69,95.08322996687878
23940,1009.0684020526992,164601.98790059204,75971.76456766727,77619.22042303075,1631.4049305064837,491.5416403627023,335.3210632094415,886.9712547729723,0.0127188882867189,-0.0625542476887031,96,69,95.07801430638231
23941,1009.0705069033756,164603.70741330675,75956.56781614319,77596.40872981831,1646.4145574559807,495.58430442259123,338.14617252897006,885.1683858405158,-0.0369681998716662,-0.0681074198723259,96,69,95.07279128032908
23942,1009.0881877927164,164574.8261189979,75953.16457055834,77631.06404946503,1641.197196443798,495.6673436985584,335.26467055431567,878.7666399990558,-0.0569379446109114,-0.046235951713578,96,69,95.06756091454824
23943,1009.0911355637368,164603.40342307914,75962.64342729708,77598.58664333298,1627.4180922048981,492.9838564534439,329.6868533860543,872.9991871566162,-0.0548368657220934,-0.0542638815278337,96,69,95.06232323528268
23944,1009.1082896910176,164606.98681205104,75926.28600635001,77599.41286938818,1592.4332770500914,484.4705926016468,319.27414658723865,863.2207147438312,-0.0395527013728323,-0.0517091158781916,96,69,95.05707826918952
23945,1009.1104314620414,164638.887888079,75973.19271722733,77583.05433318026,1550.2618004275137,471.8791168525786,307.1901674437395,853.9893491335679,-0.0190478384826868,-0.0475685510553772,96,69,95.05182604334124
23946,1009.1281758364394,164624.1341551404,75952.5775212178,77595.75899312207,1490.6840999356355,453.3127943009895,291.38736725749914,839.8420217184757,0.0001998064546897,-0.0512418158753069,96,69,95.04656658522671
23947,1009.1310764462092,164650.8201075904,75949.6481455687,77570.17899621312,1429.5902249332867,431.60243221823475,275.0353645575233,825.0263631579292,0.0140711841170242,-0.044806976023012,96,69,95.041299922752
23948,1009.148175979101,164649.43144237532,75941.97712833513,77587.57483537827,1358.1537921814597,406.0717906450882,256.4498430113017,804.2474566120072,0.021059127512595,-0.0405420384868398,96,69,95.0360260842414
23949,1009.1503638071704,164669.32958489005,75980.97306335338,77599.72270257262,1290.3313842610805,379.83207497390686,238.69062526116613,781.9492179170775,0.021347790933333,-0.04112494448048,96,69,95.03074509843808
23950,1009.1681644113858,164747.19800038124,75928.63337747076,77609.57543506738,1215.5591087226057,352.4318949579465,220.202907948551,753.5531123307883,0.0168311609051902,-0.0479813352156364,96,69,95.02545699450522
23951,1009.1710097272052,164708.23567425983,75930.35037142278,77614.68509153178,1146.5393492484582,326.65204907374573,203.95473207821487,724.7519118920318,0.0097781652359663,-0.0397554609734509,96,69,95.02016180202658
23952,1009.1880620902492,164787.21054823874,75957.58756048279,77586.07866878428,1072.9825165424845,301.8448041475349,188.40369607004686,692.2107417265361,0.0023921939231042,-0.0374027366374113,96,69,95.0148595510074
23953,1009.1903039802409,164796.53894394488,75977.5808622516,77630.60055392772,1006.5543170985184,279.9423998180282,175.86763810849516,661.9586094643746,-0.0034769449748519,-0.0437871097604157,96,69,95.00955027187554
23954,1009.2081523649496,164830.94447681142,75989.31589033076,77604.25273542934,937.4643313957495,259.8434776260692,164.4151963905897,630.6124144305941,-0.0071068169271024,-0.0314460790333295,96,69,95.00423399548168
23955,1009.210935431155,164847.6656707736,75944.08920333965,77596.29394488118,877.9764451520168,242.7568925562664,155.7680366896966,603.7990905957413,-0.0082076875010903,-0.0402872152031281,96,69,94.99891075310012
23956,1009.2279491933518,164890.0561107765,75958.21262441174,77601.39282223863,819.2795396232978,227.2968739946955,147.63529186538653,577.3345983918989,-0.007308270041887,-0.0440926446593887,96,69,94.99358057643022
23957,1009.2302518535104,164896.5944335681,75957.85766012964,77609.9930946494,771.9712536446168,214.01312488666736,140.93752756286995,555.2336610567872,-0.0052574248813784,-0.0427348930243902,96,69,94.98824349759632
23958,1009.2481385500438,164915.4936325128,75937.64632733159,77616.56217243473,726.2383400517865,201.57502182145254,133.25735955077107,532.0021206901874,-0.0027413717745491,-0.0493380235595429,96,69,94.98289954914878
23959,1009.2508537632264,164960.0203040012,75968.09546290043,77622.31581143862,690.9910174185643,190.47378061854397,125.60843549683341,510.7951594211627,-0.0006137973908497,-0.0609793558650354,96,69,94.97754876406448
23960,1009.2678384257752,164966.28293242556,75969.30288475257,77612.84530602177,655.2772748178104,179.86800555922673,116.35588337559602,485.86191533796955,0.0009162872656599,-0.0542556521509439,96,69,94.97219117574744
23961,1009.2702071338158,164977.20390376178,75954.54596860493,77576.57191348108,625.3016371684498,170.22678639563674,106.99245097464882,460.1772595125076,0.0017415142388934,-0.0492333628570168,96,69,94.96682681802989
23962,1009.2881218499532,165015.8601756396,75973.46353674415,77601.60535437541,589.9807401885628,161.10806736331142,96.73518504391541,428.8035489350732,0.0019944054193267,-0.0463761713568441,96,69,94.96145572517216
23963,1009.2907651062208,165051.8026565996,75969.31570537585,77618.13565361362,556.3147282376303,152.87212268731673,87.37520898447838,395.9907684484788,0.0021297154842935,-0.0292045381485588,96,69,94.95607793186372
23964,1009.3077308655852,165107.3102221486,75982.89487657008,77615.00227476939,515.7979722974123,145.40145234562806,78.387226279272,358.23243971547345,0.0022205140461996,-0.015080451987948,96,69,94.95069347322374
23965,1009.3101693716184,165110.69402551794,75962.40686515211,77638.91486157285,476.3850960546406,138.84606095477648,71.0414832078095,320.3532538585714,0.0025301607107382,-0.0218595066057705,96,69,94.94530238480124
23966,1009.3281012007312,165175.98650642042,75969.2814539065,77638.7561574571,431.65945032209856,133.19231063738698,64.59157878888072,279.38048766864813,0.0029062848885039,-0.0288719326867967,96,69,94.93990470257586
23967,1009.3306700154322,165196.21364006167,75963.83728910571,77600.08534017098,389.8693105688435,127.74806832167087,59.65252791615785,240.1009298810386,0.0030044075141052,-0.0403512650955672,96,69,94.93450046295858
23968,1009.3476275028488,165258.68343850298,75985.87369713593,77637.35782269809,344.4816318851081,121.68622027999663,55.090848063788144,199.28884222378838,0.0026099716773673,-0.0704115976862363,96,69,94.9290897027916
23969,1009.3501379762616,165298.72811147448,75976.01949497157,77634.14474037316,300.98919075133745,112.85452906068531,50.6025751438865,160.91743943863548,0.0012197861132492,-0.0728434935550077,96,69,94.92367245934928
23970,1009.36807560939,165288.5110686712,75991.69089002351,77624.1232521004,251.8753442193265,99.99491605638468,44.7280397497816,121.85179630285711,-0.0011106650526765,-0.0751949429849491,96,69,94.9182487703382
23971,1009.3705692131034,165352.75759308733,75994.69963022826,77622.44176742557,201.66882204945432,81.22429103867034,36.89106904054643,86.58302673051367,-0.0041850641099843,-0.0973209310720145,96,69,94.91281867389752
23972,1009.387529208792,165385.21310743573,76000.56207681588,77577.87078955524,144.80866708728718,57.953706242798944,26.64576396791381,53.19199456111528,-0.0074335059345768,-0.0717484431304199,96,69,94.9073822086001
23973,1009.3901122392892,165412.4992924468,75955.91232297193,77636.23198831346,88.86416300100973,32.24284166669531,15.091645584529033,27.047585814842023,-0.009747193599711,-0.0810447421300816,96,69,94.90193941345171
23974,1009.4080441646564,165429.28313611288,75993.41606965124,77592.52981875921,36.14577689691214,10.866287673896295,4.885724921972724,7.445123203244293,-0.0102495334469728,-0.0863675474458752,96,69,94.89649032789214
23975,1009.41046358604,165443.76202097928,75964.01347793285,77592.52150431751,2.75219519372331,-0.0,-2.9103830456733704e-11,2.9103830456733704e-11,-0.007911961009159,-0.0823395363629122,96,69,94.89103499179517
23976,1009.427436699332,165461.97974891224,75987.43284829239,77626.14540776069,-0.0,8.862508247038932,5.5783250499516726,3.56708118628012,-0.0024361868470534,-0.0220819658717682,96,69,94.88557344546872
23977,1009.4300913704813,165392.1770885146,75961.57179208865,77631.16296306181,47.492383605160285,41.89619477897941,25.646820317779202,21.998193920473568,0.0056186922880283,0.2131528514203295,96,69,94.88010572965564
23978,1009.4480060336908,165386.1659360554,75975.7185711145,77594.37990146867,155.28487670933828,103.02008183482394,63.23464668466477,52.63119936254225,0.0149289294298661,0.358794597970178,96,69,94.87463188553346
23979,1009.4503541943895,165308.50706048516,75982.89299575347,77616.19694995087,332.40609665651573,187.58497897216876,117.2712721543212,97.4597073752957,0.0229139444497749,-0.1043363873490469,96,69,94.86915195471455
23980,1009.4673504837864,165307.40800013926,76005.99255094257,77597.2569075294,572.9157920188154,290.2231505087839,184.87057644035667,152.55252274195664,0.0268110218132435,-0.4260321819385441,96,69,94.8636659792465
23981,1009.4700745585012,165206.45142130175,75963.58751369166,77614.79712683774,864.9830463369726,398.181953428837,258.87419619518914,218.41463706592913,0.0238367588461848,-0.11660420369158,96,69,94.8581740016124
23982,1009.4879604286784,165135.4638697106,75973.75172406874,77581.83311493264,1185.189256337122,502.35195369494613,332.64743802454905,290.46978663117625,0.012252166844037,-0.0929055777089879,96,69,94.8526760647305
23983,1009.4902423121044,165072.7061464214,75997.5068262514,77610.88919392234,1508.4876634280663,590.3893701364141,397.6054009424988,368.10913500460447,-0.0074306311209607,-0.1349435508718427,96,69,94.84717221195464
23984,1009.5072707731538,164977.61087711254,75949.44677835405,77604.71172201325,1808.3123293761746,658.7573427115567,449.3408188330941,445.9799009949202,-0.0322684563366753,-0.0684664286420515,96,69,94.84166248707469
23985,1009.5100610896887,164938.57757265423,75961.19331312981,77612.26147274314,2063.623423650104,702.60147391395,483.37264598862384,522.2672173496685,-0.0558577088657617,-0.0914629313114856,96,69,94.8361469343154
23986,1009.5279064978486,164851.31386762447,75985.89532085542,77599.59327623672,2260.5772222559317,726.4413710286462,500.97433772776276,591.566763064824,-0.0691159521903261,-0.0815800558784312,96,69,94.83062559833792
23987,1009.5301295598724,164748.87079041658,75984.28655519713,77614.9583635196,2392.8177418452105,730.9680591967917,502.5694080971007,652.345830556209,-0.0610791150747194,-0.0685595098236032,96,69,94.8250985242389
23988,1009.5471972665558,164716.43144112022,75956.3050359764,77616.91781712405,2463.4404914873885,724.4765774606203,493.77016341971466,701.1286884296278,-0.0201814887874718,-0.0807308994968496,96,69,94.81956575755034
23989,1009.5500506368052,164693.99774854485,75979.59789481852,77619.47255402038,2479.1759676690563,708.1352876708988,476.9324215904635,738.8140839884,0.063248067269633,-0.0720048280697404,96,69,94.81402734424049
23990,1009.5678429841272,164662.3750822624,75934.03858813006,77597.58883473571,2454.1702110229526,689.1917651539843,458.05167653091485,765.5798941704561,0.1957846794080559,-0.0553506333248339,96,69,94.80848333071252
23991,1009.570018353132,164658.5509033936,75932.98647867136,77594.07476442028,2399.9134730342194,666.256246822406,437.78875239990884,785.0742392645043,0.3789428299955897,-0.0472783800267282,96,69,94.80293376380556
23992,1009.587128494868,164631.7898464233,75967.79027452348,77594.43209213646,2333.1278764309827,645.3084521325363,420.52478862472344,799.7500808719196,0.6086152001201256,-0.0546294271460448,96,69,94.79737869079374
23993,1009.590044192548,164632.98383679363,75958.12190979514,77604.12005827499,2262.4077323165257,623.7354607543384,404.74408159509767,813.3704281057289,0.8755608137220214,-0.0442842683606959,96,69,94.79181815938672
23994,1009.6077669290228,164582.01583153487,75957.74708799018,77606.58464068646,2200.351494898321,607.275482807032,393.43330909105134,827.5955208897649,1.1658562781713997,-0.0334068179294407,96,69,94.78625221772889
23995,1009.609913797294,164593.91615433083,75946.74942148122,77635.04878342469,2147.643991145713,592.5412292526016,383.5991335224244,843.5578255084984,1.4632271421169702,-0.0417343088872501,96,69,94.7806809143996
23996,1009.6270588803764,164560.6366981148,75958.64824277016,77622.98388023057,2110.6758948732167,585.2241058381769,377.9940369797987,860.5378435845487,1.750467309658709,-0.0203204655006786,96,69,94.77510429841304
23997,1009.630048787739,164574.23853909338,75954.34510945158,77604.20445461685,2082.510373110068,580.2800911455561,372.9310818312224,876.9083912845235,2.011426864180191,-0.0009265377279629,96,69,94.7695224192174
23998,1009.6476657258376,164543.79742076568,75980.41974777277,77599.03583341908,2064.92553775158,581.2792781568132,370.85319599087234,890.7416391313018,2.232858870863519,0.0283163913537004,96,69,94.76393532669512
23999,1009.64983828355,164541.85094274257,75948.92535848494,77615.22630815045,2046.6724009073805,580.3848138256581,367.35900232958375,899.8170233106357,2.40491778545594,0.0524265414773236,96,69,94.75834307116286
24000,1009.6669481269096,164496.13520894037,75923.21546461491,77591.23323529588,2030.364900992019,580.5161758527829,365.3990414524451,903.8675869029539,2.522439358887513,0.0670772665194235,96,69,94.75274570337
24001,1009.6701598895032,164521.53039170604,75939.114191462,77582.38864668817,2005.9700742870336,574.0307459933101,360.7795591989998,902.7421053583384,2.5845641360189213,0.0831528392816564,96,69,94.7471432744998
24002,1009.686945787389,164537.11241949664,75954.18695439266,77629.11632752854,1980.0925538337324,565.756467694242,357.04992837292957,899.1728942230111,2.594523432262059,0.1102868920913936,96,69,94.74153583616793
24003,1009.6894004322328,164532.5797326672,75917.74411131477,77616.4131318853,1946.2807833040133,551.0630290635745,350.61310033797054,894.8925631082966,2.5592309298088463,0.116174188436883,96,69,94.73592344042264
24004,1009.707070999863,164574.85171920116,75966.908114804,77600.97709777739,1916.8159829146462,538.8382435997773,346.4186470202112,893.9647530368529,2.4876494126187354,0.101096860143124,96,69,94.73030613974402
24005,1009.7100068743264,164539.82278187905,75953.10255777104,77603.53985424331,1886.4067676118575,525.7311665781308,340.84574052868993,896.652963579807,2.390228959007635,0.0987391707834119,96,69,94.72468398704382
24006,1009.7268867985724,164536.74625032846,75984.14900696365,77586.66588297996,1869.0454014589777,521.0812967009697,339.2333607382898,904.8991323397495,2.2771015370827588,0.0820604701492774,96,69,94.71905703566466
24007,1009.7293082598547,164542.41191388833,75918.67224495481,77563.51366737574,1857.7992390753352,519.865287855413,337.52018377071363,915.6257228436007,2.156926501987578,0.0462811136081895,96,69,94.71342533938004
24008,1009.747088459192,164483.18297940845,75930.86848220641,77573.58316706603,1865.5036096587428,529.2541606730229,340.73374514924944,928.7500384100131,2.0361795504060134,0.0305857703480026,96,69,94.7077889523932
24009,1009.7498999328384,164464.16436510274,75968.66302057948,77639.61127817185,1879.6647503419663,540.1639434582321,343.02679530138266,939.4197006193281,1.9178930303241812,0.0081228259706916,96,69,94.70214792933726
24010,1009.7667969685812,164505.44922366363,75927.25653228081,77606.4707391727,1909.8622640919639,557.384313021772,348.647715118248,948.3432113637973,1.8021817068644796,-0.0153764203325081,96,69,94.69650232527384
24011,1009.7692458582748,164490.99670727202,75983.32122517542,77612.90979206587,1939.5759960403666,570.471905279861,351.28132374284905,952.1104948074208,1.6861782643673096,-0.0207847943918381,96,69,94.69085219569324
24012,1009.7870869304376,164506.6969006759,75936.08876542373,77596.52848851566,1977.4745044042938,584.8915930895164,356.01426592003554,954.053472873813,1.565063275256012,-0.0156237590247233,96,69,94.68519759651336
24013,1009.7897980856866,164495.86165477018,75968.96951861872,77624.36465909035,2004.1006695843535,590.3988611356181,356.6823944327771,951.67509896704,1.433744617437969,-0.0194206274414487,96,69,94.6795385840792
24014,1009.8067009999008,164499.6876427443,75948.73069735218,77586.56895177302,2029.7746783846524,594.5086777479883,359.5896168364852,949.3080314931285,1.28778554174842,-0.0130597571335836,96,69,94.6738752151622
24015,1009.8091978128376,164527.0281989686,75949.83320234746,77618.75239122676,2036.8400262137293,588.8921936746774,359.09654910682,943.9292679312639,1.1255211974492343,-0.0126481024278873,96,69,94.66820754695942
24016,1009.8270754881652,164475.40099329,75952.20489789995,77605.98744008638,2039.8851311180624,583.1696849507571,361.7598181218782,939.540657003643,0.9486141572486154,-0.0121998245379004,96,69,94.662535637093
24017,1009.829694681746,164517.65385118188,75964.31708906019,77621.24506232896,2021.6542851657723,569.0072134331713,360.2953084585897,931.4062375992653,0.7624402316575358,-0.011082335432964,96,69,94.65685954360926
24018,1009.8466051957702,164525.75690633585,75954.28206981874,77627.58976276539,1999.8331816003192,557.0060487866722,360.6461755079217,923.3610968354624,0.5758730127075532,-0.0157397272576171,96,69,94.6511793249779
24019,1009.8491594994942,164548.98770263017,75961.09826335838,77597.99091098916,1958.2608226873563,539.1844421631104,355.1384525093017,910.3578692086157,0.3992981463076536,-0.0117338977145777,96,69,94.64549504009167
24020,1009.867056276162,164573.03380399285,75959.658805158,77615.1579654716,1916.7031654901803,526.4507012123213,350.4787179521227,896.9148008504708,0.2433886643637479,-0.0120413147043278,96,69,94.6398067482648
24021,1009.8695879527188,164591.4261822747,75948.63667950954,77615.63699292918,1857.070075663738,509.0806160200591,339.1133945019683,877.3677823079634,0.1166768035426144,-0.0390241436639681,96,69,94.63411450923248
24022,1009.8865124415996,164598.17846899098,75960.53776362762,77609.16733666943,1801.3037714193342,497.6394195636676,329.4107463514665,857.0607403645408,0.0240511389282987,-0.0422197483968995,96,69,94.6284183831502
24023,1009.8891285531092,164626.07025898132,75933.30768642528,77623.12940304825,1732.5468424109276,481.77884058146446,314.93313686249894,830.6412518076249,-0.033677634818474,-0.0217882736248339,96,69,94.62271843059276
24024,1009.9070297675694,164650.66820685202,75911.02133780437,77598.54966732784,1675.1763475040789,471.86982754700875,304.81592225452187,804.518619246548,-0.0602505927459473,-0.0291362528174129,96,69,94.61701471255294
24025,1009.9094776104488,164702.48763815168,75969.47161305112,77582.6325703207,1610.1283323702519,456.07076072147174,291.41579534264747,773.0223373840272,-0.0623110103103151,-0.0316711327233293,96,69,94.61130729044108
24026,1009.9264244663946,164719.25842909692,75953.30595472397,77607.8390663818,1562.7431183677982,445.5265855577891,283.7274507480033,743.767776087072,-0.0483397899911981,-0.0174296596259029,96,69,94.60559622608396
24027,1009.9291032954774,164772.66362903177,75972.58210688348,77603.5108595529,1512.2269498185487,429.161552129357,273.59092159589636,711.3334478834295,-0.0269698063846096,-0.0179681481241508,96,69,94.59988158172332
24028,1009.946995921467,164812.23518100288,75965.59093102782,77615.32781541972,1482.2102994990419,419.1104451449646,269.8624715280894,683.6285012354201,-0.0052381081511285,-0.0172665741263664,96,69,94.59416342001576
24029,1009.9493639955932,164800.52897666974,75958.29663557239,77605.35487230026,1446.02452663664,403.56639259302756,263.2196616094443,653.5377164223464,0.0116743899360518,-0.0206078961958342,96,69,94.58844180403072
24030,1009.9663424466588,164854.22947615758,75986.70887618384,77603.73255052335,1426.9311702448176,395.6842790851224,263.13775182238896,628.7884247923794,0.0214065499179583,-0.0220316701008262,96,69,94.5827167972502
24031,1009.9690822826396,164888.13081783435,75944.03233922184,77611.11433485764,1397.4997678534128,383.7895037287817,260.42573507264024,601.3198585550126,0.0237504364037944,-0.0178365377750391,96,69,94.57698846356674
24032,1009.9869545642096,164917.97190556533,75988.1440008794,77581.22589478936,1382.223762281239,380.73061781529395,264.5036708409898,578.5437329122506,0.0200827910200787,-0.013279707822014,96,69,94.57125686728364
24033,1009.9892477707624,164934.49722703992,75932.6077115571,77609.82059484473,1352.0008586490294,372.7960931388516,264.598189041717,550.9272706192569,0.0129557821557344,-0.0242315955876198,96,69,94.56552207311223
